#	Mesh	0	Begin

#	Vertex	72
58.7974	68.5531	0.845258
58.7972	68.556	0.846025
58.797	68.5587	0.847278
58.7968	68.5611	0.848977
58.7966	68.5632	0.851073
58.7965	68.5649	0.8535
58.7964	68.5661	0.856186
58.7963	68.5669	0.859048
58.7963	68.5671	0.862
58.7963	68.5669	0.864952
58.7964	68.5661	0.867814
58.7965	68.5649	0.8705
58.7966	68.5632	0.872927
58.7968	68.5611	0.875023
58.797	68.5587	0.876722
58.7972	68.556	0.877975
58.7974	68.5531	0.878742
58.7977	68.5502	0.879
58.7979	68.5473	0.878742
58.7981	68.5444	0.877975
58.7984	68.5417	0.876722
58.7986	68.5393	0.875023
58.7987	68.5372	0.872927
58.7989	68.5355	0.8705
58.799	68.5343	0.867814
58.799	68.5335	0.864952
58.799	68.5332	0.862
58.799	68.5335	0.859048
58.799	68.5343	0.856186
58.7989	68.5355	0.8535
58.7987	68.5372	0.851073
58.7986	68.5393	0.848977
58.7984	68.5417	0.847278
58.7981	68.5444	0.846025
58.7979	68.5473	0.845258
58.7977	68.5502	0.845
62.1069	68.8213	0.845258
62.1067	68.8241	0.846025
62.1065	68.8268	0.847278
62.1063	68.8292	0.848977
62.1061	68.8313	0.851073
62.106	68.833	0.8535
62.1059	68.8343	0.856186
62.1058	68.835	0.859048
62.1058	68.8353	0.862
62.1058	68.835	0.864952
62.1059	68.8343	0.867814
62.106	68.833	0.8705
62.1061	68.8313	0.872927
62.1063	68.8292	0.875023
62.1065	68.8268	0.876722
62.1067	68.8241	0.877975
62.1069	68.8213	0.878742
62.1071	68.8183	0.879
62.1074	68.8154	0.878742
62.1076	68.8125	0.877975
62.1078	68.8099	0.876722
62.108	68.8075	0.875023
62.1082	68.8054	0.872927
62.1083	68.8037	0.8705
62.1084	68.8024	0.867814
62.1085	68.8017	0.864952
62.1085	68.8014	0.862
62.1085	68.8017	0.859048
62.1084	68.8024	0.856186
62.1083	68.8037	0.8535
62.1082	68.8054	0.851073
62.108	68.8075	0.848977
62.1078	68.8099	0.847278
62.1076	68.8125	0.846025
62.1074	68.8154	0.845258
62.1071	68.8183	0.845

#	Triangle	108
35	36	71
0	36	35
0	37	36
1	37	0
1	38	37
2	38	1
2	39	38
3	39	2
3	40	39
4	40	3
4	41	40	5	41	4
5	42	41
6	42	5
6	43	42	7	43	6
7	44	43
8	44	7
8	45	44
9	45	8
9	46	45	10	46	9
10	47	46
11	47	10
11	48	47	12	48	11
12	49	48
13	49	12
13	50	49
14	50	13
14	51	50
15	51	14
15	52	51
16	52	15
16	53	52
17	53	16
17	54	53
18	54	17
18	55	54
19	55	18
19	56	55
20	56	19
20	57	56
21	57	20
21	58	57
22	58	21
22	59	58	23	59	22
23	60	59
24	60	23
24	61	60	25	61	24
25	62	61	26	62	25
26	63	62	27	63	26
27	64	63	28	64	27
28	65	64
29	65	28
29	66	65	30	66	29
30	67	66
31	67	30
31	68	67
32	68	31
32	69	68
33	69	32
33	70	69
34	70	33
34	71	70
35	71	34
7	9	8	26	25	27
6	9	7	27	25	24
6	10	9	27	24	28
5	10	6
5	11	10	28	23	29
4	11	5	29	23	22
4	12	11	29	22	30
3	12	4	30	22	21
3	13	12
2	13	3	31	21	20
2	14	13	31	20	32
1	14	2	32	20	19
1	15	14
0	15	1	33	19	18
0	16	15
35	16	0
35	17	16
34	17	35
34	18	17
33	18	34
32	19	33
30	21	31
28	24	23
45	43	44	62	63	61
46	43	45	61	63	64
46	42	43	61	64	60
47	42	46
47	41	42	60	65	59
48	41	47	59	65	66
48	40	41	59	66	58
49	40	48	58	66	67
49	39	40
50	39	49	57	67	68
50	38	39	57	68	56
51	38	50	56	68	69
51	37	38
52	37	51	55	69	70
52	36	37
53	36	52
53	71	36
54	71	53
54	70	71
55	70	54
56	69	55
58	67	57
60	64	65

#	Normal	108
-0.00703103	0.0867765	-0.996203
-0.00704967	0.087004	-0.996183
-0.0209109	0.258073	-0.965899
-0.0208595	0.257446	-0.966067
-0.0341041	0.42091	-0.906461
-0.0341831	0.421873	-0.90601
-0.0463925	0.572556	-0.818552
-0.0462914	0.571325	-0.819417
-0.0570325	0.703891	-0.708015
-0.0571446	0.705253	-0.706649
-0.0661419	0.816294	-0.573838
-0.0732583	0.904121	-0.420949
-0.073175	0.903119	-0.423109
-0.0779999	0.962668	-0.259203
-0.0804521	0.992933	-0.0872491
-0.0804512	0.992923	-0.0873548
-0.080452	0.992933	0.0872491
-0.0804513	0.992923	0.0873548
-0.0779999	0.962668	0.259203
-0.0732562	0.904122	0.420949
-0.0731771	0.903119	0.423109
-0.0661419	0.816294	0.573838
-0.0570342	0.70389	0.708015
-0.0571428	0.705253	0.706649
-0.0463912	0.572557	0.818552
-0.0462927	0.571325	0.819417
-0.0341051	0.42091	0.906461
-0.0341821	0.421873	0.90601
-0.0209103	0.258073	0.965899
-0.0208601	0.257446	0.966067
-0.00703123	0.0867765	0.996203
-0.00704947	0.087004	0.996183
0.00704947	-0.087004	0.996183
0.00703123	-0.0867765	0.996203
0.0208601	-0.257446	0.966067
0.0209125	-0.2581	0.965892
0.0341854	-0.421914	0.905991
0.0341018	-0.420869	0.90648
0.0462928	-0.571325	0.819417
0.0463912	-0.572557	0.818552
0.0571386	-0.7052	0.706703
0.0570384	-0.703943	0.707962
0.0661418	-0.816294	0.573838
0.073177	-0.903119	0.423109
0.0732561	-0.904122	0.420949
0.0779998	-0.962668	0.259203
0.080452	-0.992933	0.0872491
0.080452	-0.992933	-0.0872491
0.0779998	-0.962668	-0.259203
0.0731749	-0.903119	-0.423109
0.0732582	-0.904121	-0.420949
0.0661418	-0.816294	-0.573838
0.0571402	-0.7052	-0.706703
0.0570368	-0.703944	-0.707962
0.0462915	-0.571325	-0.819417
0.0463926	-0.572556	-0.818552
0.0341864	-0.421914	-0.905991
0.0341008	-0.420869	-0.90648
0.0208595	-0.257446	-0.966067
0.0209131	-0.2581	-0.965892
0.00704967	-0.087004	-0.996183
0.00703103	-0.0867765	-0.996203
-1.52214e-006	-1.38376e-007	-0
-4.52029e-006	-3.69003e-007	0
-8.90319e-006	-7.26791e-007	-0
-1.45358e-005	-1.18104e-006	0
-2.125e-005	-1.72656e-006	-0
-2.88203e-005	-2.32422e-006	0
-3.70506e-005	-2.98795e-006	-0
-4.55876e-005	-3.67091e-006	0
-5.43294e-005	-4.37484e-006	-0
-6.3079e-005	-5.08702e-006	0
-7.13117e-005	-5.75094e-006	-0
-7.86729e-005	-6.44106e-006	0
-8.53653e-005	-6.98897e-006	-0
-9.13558e-005	-7.36338e-006	0
-9.57419e-005	-7.71691e-006	-0
-9.83578e-005	-7.9785e-006	0
-0.996726	-0.0808515	-0
-0.996743	-0.0806384	0
-9.86194e-005	-7.9785e-006	-0
-9.54804e-005	-7.71691e-006	0
-8.56149e-005	-6.98897e-006	0
-5.45328e-005	-4.37484e-006	0
-1.4445e-005	-1.18104e-006	-0
1.52214e-006	1.15314e-007	-0
4.52029e-006	3.69003e-007	0
8.90319e-006	7.26791e-007	-0
1.4445e-005	1.18104e-006	0
2.11172e-005	1.72656e-006	-0
2.88203e-005	2.32422e-006	0
3.70506e-005	2.98795e-006	-0
4.57584e-005	3.75628e-006	0
5.45328e-005	4.47658e-006	-0
6.28755e-005	5.08702e-006	0
7.10816e-005	5.75094e-006	-0
7.89029e-005	6.32604e-006	0
8.56149e-005	6.86417e-006	-0
9.11062e-005	7.48818e-006	0
9.54804e-005	7.8477e-006	-0
9.86194e-005	7.9785e-006	0
0.996743	0.0806384	-0
0.996726	0.0808515	0
9.83578e-005	7.9785e-006	-0
9.57419e-005	7.71691e-006	0
8.53653e-005	6.86417e-006	0
5.43294e-005	4.47658e-006	0
1.45358e-005	1.18104e-006	-0

#	Mesh	0	End

