#	Mesh	0	Begin

#	Vertex	144
-33.0975	98.4438	-2.145
-33.1095	98.4438	-2.145
-33.1095	97.4638	-2.145
-33.0975	97.4638	-2.145
-33.0975	98.4438	-1.195
-33.1095	98.4438	-1.195
-33.1095	97.4638	-1.195
-33.0975	97.4638	-1.195
-33.0975	97.5138	-1.32
-33.1095	97.5138	-1.32
-33.1095	97.4538	-1.32
-33.0975	97.4538	-1.32
-33.0975	97.5138	-1.27
-33.1095	97.5138	-1.27
-33.1095	97.4538	-1.27
-33.0975	97.4538	-1.27
-33.0975	98.4538	-2.07
-33.1095	98.4538	-2.07
-33.1095	98.4038	-2.07
-33.0975	98.4038	-2.07
-33.0975	98.4538	-2.02
-33.1095	98.4538	-2.02
-33.1095	98.4038	-2.02
-33.0975	98.4038	-2.02
-33.0975	97.5138	-2.07
-33.1095	97.5138	-2.07
-33.1095	97.4538	-2.07
-33.0975	97.4538	-2.07
-33.0975	97.5138	-2.02
-33.1095	97.5138	-2.02
-33.1095	97.4538	-2.02
-33.0975	97.4538	-2.02
-33.0975	98.4538	-1.32
-33.1095	98.4538	-1.32
-33.1095	98.4038	-1.32
-33.0975	98.4038	-1.32
-33.0975	98.4538	-1.27
-33.1095	98.4538	-1.27
-33.1095	98.4038	-1.27
-33.0975	98.4038	-1.27
-33.121	98.5128	-2.27
-33.121	98.5048	-2.27
-33.086	98.5048	-2.27
-33.086	98.5128	-2.27
-33.121	98.5128	-1.18788
-33.121	98.5048	-1.18788
-33.086	98.5048	-1.18788
-33.086	98.5128	-1.18788
-33.0975	99.5538	-2.145
-33.1095	99.5538	-2.145
-33.1095	98.5738	-2.145
-33.0975	98.5738	-2.145
-33.0975	99.5538	-1.195
-33.1095	99.5538	-1.195
-33.1095	98.5738	-1.195
-33.0975	98.5738	-1.195
-33.0975	98.6238	-1.32
-33.1095	98.6238	-1.32
-33.1095	98.5638	-1.32
-33.0975	98.5638	-1.32
-33.0975	98.6238	-1.27
-33.1095	98.6238	-1.27
-33.1095	98.5638	-1.27
-33.0975	98.5638	-1.27
-33.0975	99.5638	-2.07
-33.1095	99.5638	-2.07
-33.1095	99.5138	-2.07
-33.0975	99.5138	-2.07
-33.0975	99.5638	-2.02
-33.1095	99.5638	-2.02
-33.1095	99.5138	-2.02
-33.0975	99.5138	-2.02
-33.0975	98.6238	-2.07
-33.1095	98.6238	-2.07
-33.1095	98.5638	-2.07
-33.0975	98.5638	-2.07
-33.0975	98.6238	-2.02
-33.1095	98.6238	-2.02
-33.1095	98.5638	-2.02
-33.0975	98.5638	-2.02
-33.0975	99.5638	-1.32
-33.1095	99.5638	-1.32
-33.1095	99.5138	-1.32
-33.0975	99.5138	-1.32
-33.0975	99.5638	-1.27
-33.1095	99.5638	-1.27
-33.1095	99.5138	-1.27
-33.0975	99.5138	-1.27
-33.121	97.4028	-2.27
-33.121	97.3948	-2.27
-33.086	97.3948	-2.27
-33.086	97.4028	-2.27
-33.121	97.4028	-1.18788
-33.121	97.3948	-1.18788
-33.086	97.3948	-1.18788
-33.086	97.4028	-1.18788
-33.121	99.6228	-2.27
-33.121	99.6148	-2.27
-33.086	99.6148	-2.27
-33.086	99.6228	-2.27
-33.121	99.6228	-1.18788
-33.121	99.6148	-1.18788
-33.086	99.6148	-1.18788
-33.086	99.6228	-1.18788
-33.1035	97.3988	-1.1875
-33.109	97.3988	-1.18706
-33.1191	97.3988	-1.18368
-33.126	97.3988	-1.17759
-33.1285	97.3988	-1.17
-33.126	97.3988	-1.16241
-33.1191	97.3988	-1.15632
-33.109	97.3988	-1.15294
-33.1035	97.3988	-1.1525
-33.0979	97.3988	-1.15294
-33.0879	97.3988	-1.15632
-33.081	97.3988	-1.16241
-33.0785	97.3988	-1.17
-33.081	97.3988	-1.17759
-33.0879	97.3988	-1.18368
-33.0979	97.3988	-1.18706
-33.1035	99.6188	-1.1875
-33.109	99.6188	-1.18706
-33.1191	99.6188	-1.18368
-33.126	99.6188	-1.17759
-33.1285	99.6188	-1.17
-33.126	99.6188	-1.16241
-33.1191	99.6188	-1.15632
-33.109	99.6188	-1.15294
-33.1035	99.6188	-1.1525
-33.0979	99.6188	-1.15294
-33.0879	99.6188	-1.15632
-33.081	99.6188	-1.16241
-33.0785	99.6188	-1.17
-33.081	99.6188	-1.17759
-33.0879	99.6188	-1.18368
-33.0979	99.6188	-1.18706
-33.121	99.6188	-2.176
-33.121	97.3988	-2.176
-33.086	97.3988	-2.176
-33.086	99.6188	-2.176
-33.121	99.6188	-2.17
-33.121	97.3988	-2.17
-33.086	97.3988	-2.17
-33.086	99.6188	-2.17

#	Triangle	24
3	4	7	0	4	3	11	12	15	8	12	11	19	20	23	16	20	19	27	28	31	24	28	27	35	36	39	32	36	35	42	47	46	43	47	42	51	52	55	48	52	51	59	60	63	56	60	59	67	68	71	64	68	67	75	76	79	72	76	75	83	84	87	80	84	83	90	95	94	91	95	90	98	103	102	99	103	98	138	143	142	139	143	138
0	5	4	1	5	0	8	13	12	9	13	8	16	21	20	17	21	16	24	29	28	25	29	24	32	37	36	33	37	32	43	44	47	40	44	43	48	53	52	49	53	48	56	61	60	57	61	56	64	69	68	65	69	64	72	77	76	73	77	72	80	85	84	81	85	80	91	92	95	88	92	91	99	100	103	96	100	99	134	131	133	134	130	131	135	130	134	135	129	130	120	129	135	120	128	129	121	128	120	121	127	128	122	127	121	122	126	127	123	126	122	123	125	126	139	140	143	136	140	139
1	6	5	2	6	1	9	14	13	10	14	9	17	22	21	18	22	17	25	30	29	26	30	25	33	38	37	34	38	33	40	45	44	41	45	40	49	54	53	50	54	49	57	62	61	58	62	57	65	70	69	66	70	65	73	78	77	74	78	73	81	86	85	82	86	81	88	93	92	89	93	88	96	101	100	97	101	96	136	141	140	137	141	136
2	7	6	3	7	2	10	15	14	11	15	10	18	23	22	19	23	18	26	31	30	27	31	26	34	39	38	35	39	34	41	46	45	42	46	41	50	55	54	51	55	50	58	63	62	59	63	58	66	71	70	67	71	66	74	79	78	75	79	74	82	87	86	83	87	82	89	94	93	90	94	89	97	102	101	98	102	97	115	118	117	114	118	115	114	119	118	113	119	114	113	104	119	112	104	113	112	105	104	111	105	112	111	106	105	110	106	111	110	107	106	109	107	110	137	142	141	138	142	137
3	1	0	2	1	3	11	9	8	10	9	11	19	17	16	18	17	19	27	25	24	26	25	27	35	33	32	34	33	35	43	41	40	42	41	43	51	49	48	50	49	51	59	57	56	58	57	59	67	65	64	66	65	67	75	73	72	74	73	75	83	81	80	82	81	83	91	89	88	90	89	91	99	97	96	98	97	99	139	137	136	138	137	139
4	6	7	5	6	4	12	14	15	13	14	12	20	22	23	21	22	20	28	30	31	29	30	28	36	38	39	37	38	36	44	46	47	45	46	44	52	54	55	53	54	52	60	62	63	61	62	60	68	70	71	69	70	68	76	78	79	77	78	76	84	86	87	85	86	84	92	94	95	93	94	92	100	102	103	101	102	100	140	142	143	141	142	140
119	120	135	104	120	119
104	121	120	105	121	104
105	122	121	106	122	105
106	123	122	107	123	106
107	124	123	108	124	107
108	125	124	109	125	108
109	126	125	110	126	109
110	127	126	111	127	110
111	128	127	112	128	111
112	129	128	113	129	112
113	130	129	114	130	113
114	131	130	115	131	114
115	132	131	116	132	115
116	133	132	117	133	116
117	134	133	118	134	117
118	135	134	119	135	118
115	117	116	109	108	107
133	131	132	124	125	123

#	Normal	24
1	-0	-0
-0	1	-0
-1	-0	0
-0	-1	-0
-0	0	-1
0	0	1
0.078627	-0	-0.996904
-0.078627	0	-0.996904
-0.31947	0	-0.947596
-0.65965	0	-0.751573
-0.950708	0	-0.310086
-0.950708	-0	0.310086
-0.65965	-0	0.751573
-0.31947	-0	0.947596
-0.078627	-0	0.996904
0.078627	-0	0.996904
0.319358	-0	0.947634
0.65986	-0	0.751389
0.950708	-0	0.310086
0.950708	-0	-0.310086
0.65986	-0	-0.751389
0.319358	-0	-0.947634
-0	-3.76092e-005	-0
-0	3.76092e-005	-0

#	Mesh	0	End

