#	Mesh	0	Begin

#	Vertex	28
-19.3977	111.115	2.37
-19.3977	111.115	1.49
-21.2777	111.115	1.49
-21.2777	111.115	2.37
-19.4377	111.115	2.33
-21.2377	111.115	2.33
-21.2377	111.115	1.53
-19.4377	111.115	1.53
-19.3977	111.111	2.37
-21.2777	111.111	2.37
-21.2777	111.111	1.49
-19.3977	111.111	1.49
-21.2377	111.265	2.33
-19.4377	113.065	2.33
-21.2377	111.265	1.53
-19.4377	113.065	1.53
-21.3877	111.265	2.33
-21.3877	113.065	2.33
-21.3877	113.065	1.53
-21.3877	111.265	1.53
-21.3877	111.225	2.37
-21.3877	111.225	1.49
-21.3877	113.105	1.49
-21.3877	113.105	2.37
-21.3917	111.225	2.37
-21.3917	113.105	2.37
-21.3917	113.105	1.49
-21.3917	111.225	1.49

#	Triangle	8
3	6	2	6	1	2	6	7	1	7	0	1	3	5	6	4	0	7	3	4	5	3	0	4	18	13	15	17	13	18	25	22	26	23	22	25
11	9	10	8	9	11	14	16	19	12	16	14	27	20	24	21	20	27
11	0	8	1	0	11	15	4	7	13	4	15	23	18	22	18	21	22	18	19	21	19	20	21	23	17	18	16	20	19	23	16	17	23	20	16
10	1	11	2	1	10	6	15	7	14	15	6	19	15	14	18	15	19	26	21	27	22	21	26
9	2	10	3	2	9	6	12	14	5	12	6	27	25	26	24	25	27
8	3	9	0	3	8	13	5	4	12	5	13	17	12	13	16	12	17	24	23	25	20	23	24
14	13	15	12	13	14
15	12	14	13	12	15

#	Normal	8
-0	1	-0
-0	-1	0
1	-0	-0
-0	-0	-1
-1	0	-0
-0	-0	1
-0.707107	0.707107	-0
0.707107	-0.707107	-0

#	Mesh	0	End

