#	Mesh	0	Begin

#	Vertex	32
-21.5503	78.9148	2.58
-21.5503	78.1148	2.58
-21.5503	78.9148	2.38
-38.2185	78.9148	2.58
-38.2185	78.1148	2.58
-38.2185	78.9148	2.38
-21.5503	80.3148	2.58
-21.5503	78.9148	1.38
-21.5503	80.3148	1.38
-38.2185	80.3148	2.58
-38.2185	80.0188	2.58
-37.6266	80.0188	2.58
-37.6266	79.2188	2.58
-38.2185	79.2188	2.58
-29.8266	80.0188	2.58
-28.8266	80.0188	2.58
-28.8266	79.2188	2.58
-29.8266	79.2188	2.58
-38.2185	78.9148	1.38
-38.2185	79.2188	1.38
-37.6266	79.2188	1.38
-37.6266	80.0188	1.38
-38.2185	80.0188	1.38
-38.2185	80.3148	1.38
-28.8266	80.0188	1.38
-29.8266	80.0188	1.38
-29.8266	79.2188	1.38
-28.8266	79.2188	1.38
-21.5503	80.3148	2.38
-38.2185	80.3148	2.38
-21.5503	81.2148	2.58
-38.2185	81.2148	2.58

#	Triangle	8
2	0	1	8	0	7	6	0	8	17	25	14	26	25	17	30	6	28
4	0	3	1	0	4	9	15	6	15	0	6	15	16	0	16	3	0	9	14	15	17	3	16	9	17	14	9	11	17	11	12	17	12	3	17	9	10	11	13	3	12	9	30	31	6	30	9
5	1	4	2	1	5
3	2	5	0	2	3	9	8	23	6	8	9	16	26	17	27	26	16	13	20	19	12	20	13
4	3	5	15	27	16	24	27	15	12	21	20	11	21	12	10	23	22	9	23	10	19	3	13	18	3	19	29	9	31
18	0	3	7	0	18	14	24	15	25	24	14	22	11	10	21	11	22	29	6	9	28	6	29
18	27	7	27	8	7	27	24	8	24	23	8	18	26	27	25	23	24	18	25	26	18	20	25	20	21	25	21	23	25	18	19	20	22	23	21
31	28	29	30	28	31

#	Normal	8
1	-0	-0
-0	-0	1
0	-0.242536	-0.970143
-0	1	-0
-1	0	-0
-0	-1	-0
-0	0	-1
-0	0.21693	-0.976187

#	Mesh	0	End

