#	Mesh	0	Begin

#	Vertex	72
69.0908	-134.422	1.14347
69.0834	-134.424	1.14347
69.0763	-134.427	1.14347
69.07	-134.431	1.14347
69.0645	-134.437	1.14347
69.0601	-134.443	1.14347
69.0568	-134.45	1.14347
69.0548	-134.458	1.14347
69.0541	-134.465	1.14347
69.0548	-134.473	1.14347
69.0568	-134.48	1.14347
69.0601	-134.488	1.14347
69.0645	-134.494	1.14347
69.07	-134.499	1.14347
69.0763	-134.504	1.14347
69.0834	-134.507	1.14347
69.0908	-134.509	1.14347
69.0986	-134.51	1.14347
69.1063	-134.509	1.14347
69.1138	-134.507	1.14347
69.1208	-134.504	1.14347
69.1271	-134.499	1.14347
69.1326	-134.494	1.14347
69.137	-134.488	1.14347
69.1403	-134.48	1.14347
69.1423	-134.473	1.14347
69.143	-134.465	1.14347
69.1423	-134.458	1.14347
69.1403	-134.45	1.14347
69.137	-134.443	1.14347
69.1326	-134.437	1.14347
69.1271	-134.431	1.14347
69.1208	-134.427	1.14347
69.1138	-134.424	1.14347
69.1063	-134.422	1.14347
69.0986	-134.421	1.14347
69.0908	-134.422	5.086
69.0834	-134.424	5.086
69.0763	-134.427	5.086
69.07	-134.431	5.086
69.0645	-134.437	5.086
69.0601	-134.443	5.086
69.0568	-134.45	5.086
69.0548	-134.458	5.086
69.0541	-134.465	5.086
69.0548	-134.473	5.086
69.0568	-134.48	5.086
69.0601	-134.488	5.086
69.0645	-134.494	5.086
69.07	-134.499	5.086
69.0763	-134.504	5.086
69.0834	-134.507	5.086
69.0908	-134.509	5.086
69.0986	-134.51	5.086
69.1063	-134.509	5.086
69.1138	-134.507	5.086
69.1208	-134.504	5.086
69.1271	-134.499	5.086
69.1326	-134.494	5.086
69.137	-134.488	5.086
69.1403	-134.48	5.086
69.1423	-134.473	5.086
69.143	-134.465	5.086
69.1423	-134.458	5.086
69.1403	-134.45	5.086
69.137	-134.443	5.086
69.1326	-134.437	5.086
69.1271	-134.431	5.086
69.1208	-134.427	5.086
69.1138	-134.424	5.086
69.1063	-134.422	5.086
69.0986	-134.421	5.086

#	Triangle	46
35	36	71	0	36	35
0	37	36	1	37	0
1	38	37	2	38	1
2	39	38	3	39	2
3	40	39	4	40	3
4	41	40	5	41	4
5	42	41	6	42	5
6	43	42	7	43	6
7	44	43	8	44	7
8	45	44	9	45	8
9	46	45	10	46	9
10	47	46	11	47	10
11	48	47	12	48	11
12	49	48	13	49	12
13	50	49	14	50	13
14	51	50	15	51	14
15	52	51	16	52	15
16	53	52	17	53	16
17	54	53	18	54	17
18	55	54	19	55	18
19	56	55	20	56	19
20	57	56	21	57	20
21	58	57	22	58	21
22	59	58	23	59	22
23	60	59	24	60	23
24	61	60	25	61	24
25	62	61	26	62	25
26	63	62	27	63	26
27	64	63	28	64	27
28	65	64	29	65	28
29	66	65	30	66	29
30	67	66	31	67	30
31	68	67	32	68	31
32	69	68	33	69	32
33	70	69	34	70	33
34	71	70	35	71	34
7	9	8	26	25	27
6	9	7	27	25	24
6	10	9	27	24	28
5	10	6	28	24	23
5	11	10	4	11	5	4	12	11	3	12	4	3	13	12	2	13	3	2	14	13	1	14	2	1	15	14	0	15	1	0	16	15	35	16	0	35	17	16	34	17	35	34	18	17	33	18	34	33	19	18	32	19	33	32	20	19	31	20	32	31	21	20	30	21	31	30	22	21	29	22	30	29	23	22	28	23	29
45	43	44	62	63	61
46	43	45	61	63	64
46	42	43	61	64	60
47	42	46	60	64	65
47	41	42	48	41	47	48	40	41	49	40	48	49	39	40	50	39	49	50	38	39	51	38	50	51	37	38	52	37	51	52	36	37	53	36	52	53	71	36	54	71	53	54	70	71	55	70	54	55	69	70	56	69	55	56	68	69	57	68	56	57	67	68	58	67	57	58	66	67	59	66	58	59	65	66	60	65	59

#	Normal	46
-0.0867166	0.996233	-0
-0.258165	0.966101	-0
-0.423272	0.906003	-0
-0.573191	0.819422	-0
-0.707107	0.707107	-0
-0.818948	0.573868	-0
-0.906209	0.42283	-0
-0.966101	0.258165	-0
-0.996145	0.0877173	-0
-0.996145	-0.0877173	0
-0.966101	-0.258165	0
-0.906569	-0.422058	0
-0.818948	-0.573868	0
-0.707107	-0.707107	0
-0.573191	-0.819422	0
-0.423272	-0.906003	0
-0.258165	-0.966101	0
-0.0867166	-0.996233	0
0.0867166	-0.996233	-0
0.258165	-0.966101	-0
0.423272	-0.906003	-0
0.573191	-0.819422	-0
0.707611	-0.706603	-0
0.818948	-0.573868	-0
0.906569	-0.422058	-0
0.965849	-0.259106	-0
0.996233	-0.0867166	-0
0.996233	0.0867166	-0
0.965849	0.259106	-0
0.906209	0.42283	-0
0.818948	0.573868	-0
0.707611	0.706603	-0
0.573191	0.819422	-0
0.423272	0.906003	-0
0.258165	0.966101	-0
0.0867166	0.996233	-0
-0	-0	-1.04927e-005
-0	-0	-3.0875e-005
-0	-0	-6.08125e-005
-0	-0	-9.9533e-005
-0	-0	-1
-0	-0	1.04927e-005
-0	-0	3.0875e-005
-0	-0	6.08125e-005
-0	-0	9.9533e-005
-0	-0	1

#	Mesh	0	End

