#	Mesh	0	Begin

#	Vertex	248
-120.061	92.8798	-1.35653
-120.061	92.8964	-1.35331
-120.061	92.9131	-1.35009
-120.061	92.926	-1.35331
-120.061	92.9389	-1.35653
-120.061	92.9441	-1.36326
-120.061	92.9494	-1.37
-120.061	92.945	-1.37564
-120.061	92.9389	-1.38347
-120.061	92.9223	-1.38669
-120.061	92.9057	-1.38991
-120.061	92.8927	-1.38669
-120.061	92.8798	-1.38347
-120.061	92.8746	-1.37674
-120.061	92.8694	-1.37
-120.061	92.8737	-1.36436
-116.901	92.8737	-1.37564
-116.901	92.8798	-1.38347
-116.901	92.8964	-1.38669
-116.901	92.9131	-1.38991
-116.901	92.926	-1.38669
-116.901	92.9389	-1.38347
-116.901	92.945	-1.37564
-116.901	92.9494	-1.37
-116.901	92.945	-1.36436
-116.901	92.9389	-1.35653
-116.901	92.9223	-1.35331
-116.901	92.9057	-1.35009
-116.901	92.8927	-1.35331
-116.901	92.8798	-1.35653
-116.901	92.8737	-1.36436
-116.901	92.8694	-1.37
-118.481	92.944	-1.38001
-118.546	92.8985	-1.38924
-118.162	92.9494	-1.37
-118.468	92.9318	-1.38656
-118.616	92.9149	-1.38981
-118.481	92.8747	-1.38001
-118.321	92.8848	-1.3858
-118.162	92.8694	-1.37
-118.481	92.8747	-1.35999
-118.546	92.9203	-1.35076
-118.468	92.887	-1.35344
-118.616	92.9038	-1.35019
-118.481	92.944	-1.35999
-118.321	92.9339	-1.3542
-120.024	92.6788	-1.55526
-120.036	92.6788	-1.53361
-120.049	92.6788	-1.51196
-120.061	92.6788	-1.49031
-120.051	92.6788	-1.47226
-120.041	92.6788	-1.45421
-120.026	92.6788	-1.42896
-120.011	92.6788	-1.4037
-119.986	92.6788	-1.4037
-119.961	92.6788	-1.4037
-119.936	92.6788	-1.4037
-119.911	92.6788	-1.4037
-119.897	92.6788	-1.42896
-119.882	92.6788	-1.45421
-119.872	92.6788	-1.47226
-119.861	92.6788	-1.49031
-119.872	92.6788	-1.50835
-119.882	92.6788	-1.5264
-119.897	92.6788	-1.55165
-119.911	92.6788	-1.57691
-119.936	92.6788	-1.57691
-119.961	92.6788	-1.57691
-119.986	92.6788	-1.57691
-120.011	92.6788	-1.57691
-119.874	92.6688	-1.46865
-119.886	92.6688	-1.447
-119.899	92.6688	-1.42535
-119.911	92.6688	-1.4037
-119.936	92.6688	-1.4037
-119.961	92.6688	-1.4037
-119.986	92.6688	-1.4037
-120.011	92.6688	-1.4037
-120.024	92.6688	-1.42535
-120.036	92.6688	-1.447
-120.049	92.6688	-1.46865
-120.061	92.6688	-1.49031
-120.051	92.6688	-1.50835
-120.036	92.6688	-1.53361
-120.024	92.6688	-1.55526
-120.011	92.6688	-1.57691
-119.986	92.6688	-1.57691
-119.961	92.6688	-1.57691
-119.936	92.6688	-1.57691
-119.911	92.6688	-1.57691
-119.899	92.6688	-1.55526
-119.886	92.6688	-1.53361
-119.874	92.6688	-1.51196
-119.861	92.6688	-1.49031
-119.967	92.9094	-1.39031
-119.964	92.9042	-1.39031
-119.958	92.9042	-1.39031
-119.955	92.9094	-1.39031
-119.958	92.9146	-1.39031
-119.964	92.9146	-1.39031
-119.955	92.9094	-1.47831
-119.958	92.9146	-1.47831
-119.964	92.9146	-1.47831
-119.967	92.9094	-1.47831
-119.966	92.9074	-1.47831
-119.964	92.9042	-1.47831
-119.958	92.9042	-1.47831
-119.957	92.9074	-1.47831
-119.956	92.9084	-1.47831
-119.961	92.9141	-1.48495
-119.967	92.9016	-1.48855
-119.965	92.9076	-1.49178
-119.961	92.904	-1.49503
-119.959	92.9113	-1.48893
-119.955	92.9076	-1.48255
-119.955	92.9074	-1.48317
-119.955	92.9059	-1.48679
-119.967	92.8974	-1.49031
-119.967	92.8998	-1.4893
-119.967	92.9022	-1.48829
-119.967	92.9059	-1.48679
-119.955	92.8974	-1.49031
-119.958	92.8974	-1.4955
-119.967	92.9076	-1.48255
-119.967	92.9084	-1.48074
-119.964	92.8974	-1.4955
-119.959	92.9076	-1.49225
-119.955	92.9089	-1.47952
-119.955	92.9084	-1.48074
-119.965	92.9105	-1.48888
-119.955	92.9016	-1.48855
-119.955	92.8998	-1.4893
-119.955	92.904	-1.48754
-119.955	92.9022	-1.48829
-119.967	92.9066	-1.48498
-119.967	92.9074	-1.48317
-119.958	92.8974	-1.48511
-119.961	92.9016	-1.48255
-119.964	92.8974	-1.48511
-119.966	92.8974	-1.48831
-119.957	92.8974	-1.48831
-119.955	92.6788	-1.49031
-119.958	92.6788	-1.48511
-119.964	92.6788	-1.48511
-119.967	92.6788	-1.49031
-119.964	92.6788	-1.4955
-119.958	92.6788	-1.4955
-118.524	92.6788	-1.55526
-118.536	92.6788	-1.53361
-118.549	92.6788	-1.51196
-118.561	92.6788	-1.49031
-118.551	92.6788	-1.47226
-118.541	92.6788	-1.45421
-118.526	92.6788	-1.42896
-118.511	92.6788	-1.4037
-118.486	92.6788	-1.4037
-118.461	92.6788	-1.4037
-118.436	92.6788	-1.4037
-118.411	92.6788	-1.4037
-118.397	92.6788	-1.42896
-118.382	92.6788	-1.45421
-118.372	92.6788	-1.47226
-118.361	92.6788	-1.49031
-118.372	92.6788	-1.50835
-118.382	92.6788	-1.5264
-118.397	92.6788	-1.55165
-118.411	92.6788	-1.57691
-118.436	92.6788	-1.57691
-118.461	92.6788	-1.57691
-118.486	92.6788	-1.57691
-118.511	92.6788	-1.57691
-118.374	92.6688	-1.46865
-118.386	92.6688	-1.447
-118.399	92.6688	-1.42535
-118.411	92.6688	-1.4037
-118.436	92.6688	-1.4037
-118.461	92.6688	-1.4037
-118.486	92.6688	-1.4037
-118.511	92.6688	-1.4037
-118.524	92.6688	-1.42535
-118.536	92.6688	-1.447
-118.549	92.6688	-1.46865
-118.561	92.6688	-1.49031
-118.551	92.6688	-1.50835
-118.536	92.6688	-1.53361
-118.524	92.6688	-1.55526
-118.511	92.6688	-1.57691
-118.486	92.6688	-1.57691
-118.461	92.6688	-1.57691
-118.436	92.6688	-1.57691
-118.411	92.6688	-1.57691
-118.399	92.6688	-1.55526
-118.386	92.6688	-1.53361
-118.374	92.6688	-1.51196
-118.361	92.6688	-1.49031
-118.467	92.9094	-1.39031
-118.464	92.9042	-1.39031
-118.458	92.9042	-1.39031
-118.455	92.9094	-1.39031
-118.458	92.9146	-1.39031
-118.464	92.9146	-1.39031
-118.455	92.9094	-1.47831
-118.458	92.9146	-1.47831
-118.464	92.9146	-1.47831
-118.467	92.9094	-1.47831
-118.466	92.9074	-1.47831
-118.464	92.9042	-1.47831
-118.458	92.9042	-1.47831
-118.457	92.9074	-1.47831
-118.456	92.9084	-1.47831
-118.461	92.9141	-1.48495
-118.467	92.9016	-1.48855
-118.465	92.9076	-1.49178
-118.461	92.904	-1.49503
-118.459	92.9113	-1.48893
-118.455	92.9076	-1.48255
-118.455	92.9074	-1.48317
-118.455	92.9059	-1.48679
-118.467	92.8974	-1.49031
-118.467	92.8998	-1.4893
-118.467	92.9022	-1.48829
-118.467	92.9059	-1.48679
-118.455	92.8974	-1.49031
-118.458	92.8974	-1.4955
-118.467	92.9076	-1.48255
-118.467	92.9084	-1.48074
-118.464	92.8974	-1.4955
-118.459	92.9076	-1.49225
-118.455	92.9089	-1.47952
-118.455	92.9084	-1.48074
-118.465	92.9105	-1.48888
-118.455	92.9016	-1.48855
-118.455	92.8998	-1.4893
-118.455	92.904	-1.48754
-118.455	92.9022	-1.48829
-118.467	92.9066	-1.48498
-118.467	92.9074	-1.48317
-118.458	92.8974	-1.48511
-118.461	92.9016	-1.48255
-118.464	92.8974	-1.48511
-118.466	92.8974	-1.48831
-118.457	92.8974	-1.48831
-118.455	92.6788	-1.49031
-118.458	92.6788	-1.48511
-118.464	92.6788	-1.48511
-118.467	92.6788	-1.49031
-118.464	92.6788	-1.4955
-118.458	92.6788	-1.4955

#	Triangle	158
11	9	10	12	9	11	1	3	4	2	3	1
12	8	9	13	8	12	13	7	8	14	7	13	14	6	7	15	6	14	15	5	6	0	5	15	0	4	5	1	4	0
20	18	19	21	18	20	26	28	29	27	28	26
21	17	18	22	17	21	22	16	17	23	16	22	23	31	16	24	31	23	24	30	31	25	30	24	25	29	30	26	29	25
7	32	8
19	18	33
7	34	32
32	34	22
9	8	35
34	7	6	22	34	23
36	9	35
38	17	37
13	39	14
39	16	31
36	10	9
33	10	36
16	37	17
32	21	35
36	19	33
22	21	32
35	8	32
36	35	20
38	33	18
38	12	11
37	12	38
33	11	10
20	19	36
20	35	21
13	37	39
39	37	16
18	17	38
38	11	33
37	13	12
15	40	0
27	26	41
15	39	40
40	39	30
1	0	42
39	15	14	30	39	31
43	1	42
45	25	44
5	34	6
34	24	23
43	2	1
41	2	43
24	44	25
40	29	42
43	27	41
30	29	40
42	0	40
43	42	28
45	41	26
45	4	3
44	4	45
41	3	2
28	27	43
28	42	29
5	44	34
34	44	24
26	25	45
45	3	41
44	5	4
46	68	69	46	67	68	46	66	67	46	65	66	46	64	65	47	64	46	47	63	64	48	63	47	48	62	63	49	62	48	49	61	62	50	61	49	50	60	61	51	60	50	51	59	60	52	59	51	52	58	59	53	58	52	53	54	58	54	55	58	55	56	58	56	57	58	98	102	99	101	102	98	147	169	170	147	168	169	147	167	168	147	166	167	147	165	166	148	165	147	148	164	165	149	164	148	149	163	164	150	163	149	150	162	163	151	162	150	151	161	162	152	161	151	152	160	161	153	160	152	153	159	160	154	159	153	154	155	159	155	156	159	156	157	159	157	158	159	199	203	200	202	203	199
90	88	89	90	87	88	90	86	87	90	85	86	90	84	85	91	84	90	91	83	84	92	83	91	92	82	83	93	82	92	93	81	82	70	81	93	70	80	81	71	80	70	71	79	80	72	79	71	72	78	79	73	78	72	73	74	78	74	75	78	75	76	78	76	77	78	95	106	96	105	106	95	191	189	190	191	188	189	191	187	188	191	186	187	191	185	186	192	185	191	192	184	185	193	184	192	193	183	184	194	183	193	194	182	183	171	182	194	171	181	182	172	181	171	172	180	181	173	180	172	173	179	180	174	179	173	174	175	179	175	176	179	176	177	179	177	178	179	196	207	197	206	207	196
65	90	89	65	91	90	65	92	91	65	93	92	166	191	190	166	192	191	166	193	192	166	194	193
65	64	93	166	165	194
64	63	93	165	164	194
63	62	93	164	163	194
62	61	93	163	162	194
49	82	81	150	183	182
49	83	82	150	184	183
49	84	83	49	85	84	49	48	85	48	47	85	47	46	85	46	69	85	150	185	184	150	186	185	150	149	186	149	148	186	148	147	186	147	170	186
69	86	85	69	87	86	69	88	87	69	89	88	69	68	89	68	67	89	67	66	89	66	65	89	122	145	125	146	145	122	170	187	186	170	188	187	170	189	188	170	190	189	170	169	190	169	168	190	168	167	190	167	166	190	223	246	226	247	246	223
53	78	77	53	79	78	53	80	79	53	81	80	154	179	178	154	180	179	154	181	180	154	182	181
53	52	81	52	51	81	154	153	182	153	152	182
51	50	81	50	49	81	152	151	182	151	150	182
61	70	93	61	71	70	61	72	71	61	73	72	162	171	194	162	172	171	162	173	172	162	174	173
61	60	73	162	161	174
60	59	73	161	160	174
59	58	73	160	159	174
58	57	73	159	158	174
76	53	77	76	54	53	75	54	76	75	55	54	74	55	75	74	56	55	73	56	74	73	57	56	138	142	136	143	142	138	177	154	178	177	155	154	176	155	177	176	156	155	175	156	176	175	157	156	174	157	175	174	158	157	239	243	237	244	243	239
95	99	94	97	98	96	196	200	195	198	199	197
96	99	95	96	98	99	197	200	196	197	199	200
97	101	98	100	101	97	198	202	199	201	202	198
99	103	94	102	103	99	200	204	195	203	204	200
95	104	105	196	205	206
95	103	104	196	204	205
95	94	103	196	195	204
97	108	100	198	209	201
97	107	108	198	208	209
97	106	107	198	207	208
97	96	106	198	197	207
101	100	109	202	201	210
112	110	111	213	211	212
101	109	102	202	210	203
102	109	103	203	210	204
116	114	115	110	117	118	120	110	119	103	123	124	121	130	131	217	215	216	211	218	219	221	211	220	204	224	225	222	231	232
113	114	116	214	215	217
112	117	110	213	218	211
113	109	114	214	210	215
111	110	120	212	211	221
112	121	122	213	222	223
109	123	103	210	224	204
117	112	125	218	213	226
125	112	122	226	213	223
116	126	113	217	227	214
100	127	109	127	128	109	201	228	210	228	229	210
128	114	109	229	215	210
113	111	129	214	212	230
126	111	113	227	212	214
112	130	121	213	231	222
112	126	130	213	227	231
113	129	109	214	230	210
126	112	111	227	213	212
120	129	111	221	230	212
126	133	130	227	234	231
126	132	133	126	116	132	227	233	234	227	217	233
120	134	129	134	135	129	221	235	230	235	236	230
135	123	129	236	224	230
123	109	129	224	210	230
138	136	137	239	237	238
105	135	134	105	124	123	206	236	235	206	225	224
105	123	135	206	224	236
105	104	124	206	205	225
104	103	124	205	204	225
115	106	116	216	207	217
114	106	115	215	207	216
128	106	114	229	207	215
127	106	128	228	207	229
100	108	127	108	107	127	201	209	228	209	208	228
107	106	127	208	207	228
137	116	106	238	217	207
137	106	105	238	207	206
120	139	138	221	240	239
120	119	139	221	220	240
119	110	139	220	211	240
110	118	139	211	219	240
118	117	139	219	218	240
134	137	105	235	238	206
137	134	120	238	235	221
140	132	136	241	233	237
121	131	140	222	232	241
131	130	140	133	132	140	232	231	241	234	233	241
130	133	140	231	234	241
137	136	132	238	237	233
138	137	120	239	238	221
137	132	116	238	233	217
141	145	146	142	143	144	242	246	247	243	244	245
141	144	145	142	144	141	242	245	246	243	245	242
121	146	122	141	146	121	222	247	223	242	247	222
125	144	117	145	144	125	226	245	218	246	245	226
138	144	143	239	245	244
138	139	144	239	240	245
139	117	144	240	218	245
121	142	141	222	243	242
121	140	142	222	241	243
140	136	142	241	237	243

#	Normal	158
-9.52012e-005	0	-0
-1	0	-0
9.52012e-005	0	-0
1	0	-0
-0.00119476	0.790492	-0.612471
0.00128564	-0.190169	-0.98175
-0.000697578	0.890173	-0.455622
0.000813945	0.869998	-0.493055
-0.00105164	0.190176	-0.981749
-0	0.790099	-0.612979
-0.0010977	0.197887	-0.980224
-0.000323334	-0.493204	-0.869914
0	-0.79055	-0.612397
0	-0.79063	-0.612295
-0.00114053	0.190169	-0.981751
0.000284631	-0.0330896	-0.999452
0.00119476	-0.790492	-0.612471
-0.000414336	0.472604	-0.881275
-9.92198e-005	-0.0347136	-0.999397
0.00119476	0.790492	-0.612471
0.000411232	0.473311	-0.880895
0.000596617	0.183583	-0.983004
0.00122953	-0.225815	-0.974169
-0.000597536	-0.241691	-0.970353
0.000290586	-0.500541	-0.865713
-0.000718236	-0.241544	-0.970389
0.000198405	0.241544	-0.97039
0.000812705	0.24169	-0.970353
-0.000851441	-0.892414	-0.451216
0.000812182	-0.870317	-0.492491
0.000933709	-0.190176	-0.981749
-0.000660607	-0.255195	-0.966889
-0.00119511	-0.79055	-0.612397
-0.00119476	-0.790492	0.612471
0.00128564	0.190169	0.98175
-0.000696014	-0.890432	0.455116
0.000812182	-0.870317	0.492491
-0.00105071	-0.190176	0.981749
-0	-0.79063	0.612295
-0.00109723	-0.197971	0.980207
-0.000323334	0.493204	0.869914
-0	0.790106	0.61297
-0	0.790099	0.612979
-0.00114053	-0.190169	0.981751
0.000284631	0.0330896	0.999452
0.00119476	0.790492	0.612471
-0.000415369	-0.472368	0.881401
-9.92198e-005	0.0347136	0.999397
0.00119476	-0.790492	0.612471
0.000412259	-0.473077	0.881021
0.000596025	-0.18367	0.982988
0.00122953	0.225815	0.974169
-0.000597536	0.241691	0.970353
0.000290586	0.500541	0.865713
-0.000718236	0.241544	0.970389
0.000198405	-0.241544	0.97039
0.0008115	-0.24169	0.970353
-0.000852543	0.892151	0.451736
0.000813945	0.869998	0.493055
0.000933709	0.190176	0.981749
-0.000660607	0.255195	0.966889
-0.00119511	0.79055	0.612397
-0	1	-0
-0	-1	-0
0.866025	-0	-0.5
0.865939	-0.00170117	-0.500147
0.866056	-5.77123e-005	-0.499946
0.865982	-0.000676548	-0.500075
0.866144	-0	-0.499794
-0.865982	-0	-0.500075
-0.866056	-0.000309447	-0.499946
-0.866025	1.0842e-014	-0.5
0	-0	-1
-0.866025	-0	0.5
-0.866056	0.000618894	0.499946
-0.865982	1.2418e-012	0.500075
0.866025	0	0.5
0.866142	-0.00238097	0.499792
0.865982	0.000189384	0.500075
0.866056	-0.000676606	0.499946
0.86594	-0	0.500147
-0	-0	1
-0	-0	3.11953e-005
-0	-0	6.23906e-005
0.86599	0.500061	0
-0.86599	0.500061	-0
-0.866678	-0.498868	-0
-0.865735	-0.500503	-7.92604e-005
-0.866315	-0.499497	0
0.86866	-0.495408	-0
0.865735	-0.500503	7.68586e-005
0.865763	-0.500453	7.53614e-005
0.866315	-0.499497	-0
3.45261e-005	1.99369e-005	-1.69922e-005
-3.07597e-005	-2.96877e-006	-2.9554e-005
-0	3.98738e-005	-2.8125e-006
-3.45261e-005	1.99369e-005	-1.69922e-005
5.48172e-009	-0	-0
2.68276e-005	1.5446e-005	-6.39954e-006
-3.17288e-005	1.05447e-005	-2.54531e-005
3.25317e-005	2.9535e-005	-1.52905e-006
-2.41404e-005	4.44823e-006	-1.0738e-005
3.45058e-005	1.69922e-005	-1.99219e-005
-3.17345e-005	2.54553e-005	-1.05469e-005
-3.45058e-005	1.69922e-005	-1.99219e-005
-0	2.80737e-006	-3.98438e-005
2.60448e-005	1.31837e-005	-1.08202e-005
9.11965e-006	7.29272e-006	-3.04687e-006
1.35505e-005	1.08706e-005	-4.5e-006
-2.50228e-006	1.71028e-005	-1.73377e-005
-1.75187e-006	2.08102e-005	-2.37395e-005
3.17288e-005	1.05447e-005	-2.54531e-005
2.96369e-005	-1.92671e-006	-2.81299e-005
-3.37144e-006	2.33438e-005	-1.84603e-005
-1.65678e-006	1.90235e-005	-2.24509e-005
-1.95308e-005	6.99026e-006	-7.53497e-006
3.8051e-006	8.01086e-007	-1.92871e-006
1.11621e-005	2.34528e-006	-5.66406e-006
-9.94553e-006	4.45865e-006	-1.8457e-006
-3.40735e-006	1.52367e-006	-6.3446e-007
-3.41613e-005	3.2071e-005	1.24548e-006
-0	-1.53677e-005	2.54531e-005
-9.42128e-006	-5.4353e-006	2.25e-006
-3.22692e-006	-1.85742e-006	7.73438e-007
-7.78611e-006	-4.48176e-006	1.87427e-006
-4.86157e-006	-2.8106e-006	1.16528e-006
1.88426e-005	-1.08706e-005	4.5e-006
3.22692e-006	-1.85742e-006	7.73438e-007
9.42402e-006	-5.4353e-006	2.25e-006
6.31409e-006	-3.646e-006	1.5e-006
1.21545e-006	-6.93189e-007	2.89612e-007
3.89325e-006	-2.25049e-006	9.1571e-007
2.88364e-005	-3.81833e-005	2.60156e-006
-0	-2.54553e-005	1.53281e-005
-2.71713e-005	-6.50747e-006	1.56431e-005
-7.22079e-006	-1.7355e-006	4.19141e-006
-1.23326e-006	-2.96402e-007	7.13623e-007
-3.61184e-006	-8.67752e-007	2.0957e-006
-4.84395e-006	-1.1643e-006	2.80933e-006
-2.73898e-005	-3.2748e-005	3.51562e-007
-1.08679e-005	-1.08706e-005	4.5e-006
2.13668e-005	-5.10476e-006	1.23534e-005
4.84395e-006	-1.15643e-006	2.79034e-006
3.61184e-006	-8.61889e-007	2.08154e-006
1.23326e-006	-2.94399e-007	7.08801e-007
2.7405e-005	-3.88184e-007	3.27422e-005
-2.88637e-005	-2.63965e-006	3.81797e-005
1.08736e-005	-4.50293e-006	1.0875e-005
-0	-3.1177e-005	-0
-0	-6.2354e-005	-0
0.866026	-0	-0.499999
-0.866026	-0	-0.499999
-0.866026	-0	0.499999
-0.866637	3.35601e-005	0.49894
-0.865044	-0	0.501696
0.866026	0	0.499999
0.866514	-2.68087e-005	0.499153
0.865722	-0	0.500525

#	Mesh	0	End

