#	Mesh	0	Begin

#	Vertex	72
81.4612	113.578	2.35486
81.4623	113.563	2.35106
81.4634	113.55	2.34487
81.4644	113.538	2.33645
81.4653	113.528	2.32608
81.466	113.519	2.31407
81.4665	113.513	2.30078
81.4668	113.509	2.28661
81.4669	113.508	2.272
81.4668	113.509	2.25739
81.4665	113.513	2.24322
81.466	113.519	2.22993
81.4653	113.528	2.21792
81.4644	113.538	2.20755
81.4634	113.55	2.19913
81.4623	113.563	2.19294
81.4612	113.578	2.18914
81.46	113.592	2.18786
81.4587	113.607	2.18914
81.4576	113.621	2.19294
81.4565	113.634	2.19913
81.4555	113.646	2.20755
81.4546	113.656	2.21792
81.4539	113.665	2.22993
81.4534	113.671	2.24322
81.4531	113.675	2.25739
81.453	113.676	2.272
81.4531	113.675	2.28661
81.4534	113.671	2.30078
81.4539	113.665	2.31407
81.4546	113.656	2.32608
81.4555	113.646	2.33645
81.4565	113.634	2.34487
81.4576	113.621	2.35106
81.4587	113.607	2.35486
81.46	113.592	2.35614
81.4865	113.58	2.35486
81.4877	113.565	2.35106
81.4887	113.552	2.34487
81.4897	113.54	2.33645
81.4906	113.53	2.32608
81.4913	113.522	2.31407
81.4918	113.515	2.30078
81.4921	113.512	2.28661
81.4922	113.51	2.272
81.4921	113.512	2.25739
81.4918	113.515	2.24322
81.4913	113.522	2.22993
81.4906	113.53	2.21792
81.4897	113.54	2.20755
81.4887	113.552	2.19913
81.4877	113.565	2.19294
81.4865	113.58	2.18914
81.4853	113.594	2.18786
81.4841	113.609	2.18914
81.4829	113.623	2.19294
81.4818	113.636	2.19913
81.4808	113.648	2.20755
81.4799	113.658	2.21792
81.4793	113.667	2.22993
81.4787	113.673	2.24322
81.4784	113.677	2.25739
81.4783	113.678	2.272
81.4784	113.677	2.28661
81.4787	113.673	2.30078
81.4793	113.667	2.31407
81.4799	113.658	2.32608
81.4808	113.648	2.33645
81.4818	113.636	2.34487
81.4829	113.623	2.35106
81.4841	113.609	2.35486
81.4853	113.594	2.35614

#	Triangle	67
35	36	71	0	36	35
0	37	36	1	37	0
1	38	37
2	38	1
2	39	38
3	39	2
3	40	39	4	40	3
4	41	40	5	41	4
5	42	41	6	42	5
6	43	42	7	43	6
7	44	43	8	44	7
8	45	44	9	45	8
9	46	45	10	46	9
10	47	46	11	47	10
11	48	47	12	48	11
12	49	48	13	49	12
13	50	49
14	50	13
14	51	50
15	51	14
15	52	51	16	52	15
16	53	52	17	53	16
17	54	53	18	54	17
18	55	54	19	55	18
19	56	55	20	56	19
20	57	56	21	57	20
21	58	57	22	58	21
22	59	58	23	59	22
23	60	59	24	60	23
24	61	60
25	61	24
25	62	61
26	62	25
26	63	62
27	63	26
27	64	63
28	64	27
28	65	64	29	65	28
29	66	65	30	66	29
30	67	66	31	67	30
31	68	67	32	68	31
32	69	68	33	69	32
33	70	69	34	70	33
34	71	70	35	71	34
7	9	8	26	25	27
6	9	7	6	10	9
5	10	6	5	11	10
4	11	5	4	12	11	29	22	30	29	23	22
3	12	4	3	13	12	30	21	31	30	22	21
2	13	3	2	14	13	31	20	32	31	21	20
1	14	2	1	15	14	32	19	33	32	20	19
0	15	1	0	16	15	33	18	34	33	19	18
35	16	0	35	17	16	34	17	35	34	18	17
28	23	29	28	24	23
27	24	28	27	25	24
45	43	44	62	63	61
46	43	45	46	42	43	61	64	60	61	63	64
47	42	46	47	41	42
48	41	47	48	40	41	59	66	58	59	65	66
49	40	48	49	39	40	58	67	57	58	66	67
50	39	49	50	38	39
51	38	50	51	37	38
52	37	51	52	36	37	55	70	54	55	69	70
53	36	52	53	71	36	54	71	53	54	70	71
56	69	55	56	68	69
57	68	56	57	67	68
60	65	59	60	64	65

#	Normal	67
0.00720917	-0.0868316	0.996197
0.0214157	-0.257944	0.965922
0.0349612	-0.421094	0.906343
0.0348489	-0.421307	0.906248
0.0472929	-0.57175	0.819064
0.0474475	-0.571487	0.819238
0.0585032	-0.704648	0.707141
0.0677779	-0.816358	0.573555
0.0749817	-0.903125	0.42278
0.0799231	-0.962643	0.258711
0.0824252	-0.99278	0.0871477
0.0824252	-0.99278	-0.0871477
0.0799231	-0.962643	-0.258711
0.0749817	-0.903125	-0.42278
0.0677779	-0.816358	-0.573555
0.0585032	-0.704648	-0.707141
0.0474681	-0.571735	-0.819064
0.0472723	-0.571501	-0.819238
0.0348321	-0.421105	-0.906343
0.034978	-0.421297	-0.906248
0.0214157	-0.257944	-0.965922
0.00720917	-0.0868316	-0.996197
-0.00720917	0.0868316	-0.996197
-0.0214157	0.257944	-0.965922
-0.034978	0.421297	-0.906248
-0.0474475	0.571487	-0.819238
-0.0585032	0.704648	-0.707141
-0.0677779	0.816358	-0.573555
-0.0749985	0.903328	-0.422344
-0.0799231	0.962643	-0.258711
-0.0796171	0.962535	-0.259206
-0.0821171	0.992759	-0.0876744
-0.0824252	0.99278	-0.0871477
-0.0824214	0.992734	0.0876745
-0.0821209	0.992805	0.0871476
-0.079628	0.962667	0.258711
-0.0799121	0.96251	0.259206
-0.0749985	0.903328	0.422344
-0.0677779	0.816358	0.573555
-0.0585032	0.704648	0.707141
-0.0474475	0.571487	0.819238
-0.034978	0.421297	0.906248
-0.0214157	0.257944	0.965922
-0.00720917	0.0868316	0.996197
-3.72107e-005	-3.19601e-006	-0
-0.996602	-0.0823638	-0
-0.996537	-0.0831497	-0
-0.996578	-0.0826612	-0
-0.996561	-0.0828585	-0
-0.996586	-0.0825613	-0
-0.996606	-0.0823156	-0
-0.996572	-0.082726	-0
-0.99656	-0.0828685	-0
-0.996528	-0.0832543	-0
-0.996616	-0.0821952	-0
3.72107e-005	3.19601e-006	-0
0.996602	0.0823638	-0
0.996537	0.0831497	-0
0.996578	0.0826612	-0
0.996561	0.0828585	-0
0.996582	0.0826148	-0
0.99661	0.0822674	-0
0.996572	0.082726	-0
0.99656	0.0828685	-0
0.996606	0.0823156	-0
0.996586	0.0825613	-0
0.996528	0.0832543	-0

#	Mesh	0	End

