#	Mesh	0	Begin

#	Vertex	72
-99.2255	82.0311	1.49674
-99.2226	82.0311	1.49597
-99.2199	82.0311	1.49472
-99.2175	82.0311	1.49302
-99.2154	82.0311	1.49093
-99.2137	82.0311	1.4885
-99.2125	82.0311	1.48581
-99.2117	82.0311	1.48295
-99.2114	82.0311	1.48
-99.2117	82.0311	1.47705
-99.2125	82.0311	1.47419
-99.2137	82.0311	1.4715
-99.2154	82.0311	1.46907
-99.2175	82.0311	1.46698
-99.2199	82.0311	1.46528
-99.2226	82.0311	1.46403
-99.2255	82.0311	1.46326
-99.2284	82.0311	1.463
-99.2314	82.0311	1.46326
-99.2343	82.0311	1.46403
-99.2369	82.0311	1.46528
-99.2394	82.0311	1.46698
-99.2415	82.0311	1.46907
-99.2432	82.0311	1.4715
-99.2444	82.0311	1.47419
-99.2452	82.0311	1.47705
-99.2454	82.0311	1.48
-99.2452	82.0311	1.48295
-99.2444	82.0311	1.48581
-99.2432	82.0311	1.4885
-99.2415	82.0311	1.49093
-99.2394	82.0311	1.49302
-99.2369	82.0311	1.49472
-99.2343	82.0311	1.49597
-99.2314	82.0311	1.49674
-99.2284	82.0311	1.497
-99.2255	83.6346	1.49674
-99.2226	83.6346	1.49597
-99.2199	83.6346	1.49472
-99.2175	83.6346	1.49302
-99.2154	83.6346	1.49093
-99.2137	83.6346	1.4885
-99.2125	83.6346	1.48581
-99.2117	83.6346	1.48295
-99.2114	83.6346	1.48
-99.2117	83.6346	1.47705
-99.2125	83.6346	1.47419
-99.2137	83.6346	1.4715
-99.2154	83.6346	1.46907
-99.2175	83.6346	1.46698
-99.2199	83.6346	1.46528
-99.2226	83.6346	1.46403
-99.2255	83.6346	1.46326
-99.2284	83.6346	1.463
-99.2314	83.6346	1.46326
-99.2343	83.6346	1.46403
-99.2369	83.6346	1.46528
-99.2394	83.6346	1.46698
-99.2415	83.6346	1.46907
-99.2432	83.6346	1.4715
-99.2444	83.6346	1.47419
-99.2452	83.6346	1.47705
-99.2454	83.6346	1.48
-99.2452	83.6346	1.48295
-99.2444	83.6346	1.48581
-99.2432	83.6346	1.4885
-99.2415	83.6346	1.49093
-99.2394	83.6346	1.49302
-99.2369	83.6346	1.49472
-99.2343	83.6346	1.49597
-99.2314	83.6346	1.49674
-99.2284	83.6346	1.497

#	Triangle	70
35	36	71	0	36	35
0	37	36	1	37	0
1	38	37	2	38	1
2	39	38	3	39	2
3	40	39	4	40	3
4	41	40	5	41	4
5	42	41	6	42	5
6	43	42	7	43	6
7	44	43	8	44	7
8	45	44	9	45	8
9	46	45	10	46	9
10	47	46	11	47	10
11	48	47	12	48	11
12	49	48	13	49	12
13	50	49	14	50	13
14	51	50	15	51	14
15	52	51	16	52	15
16	53	52	17	53	16
17	54	53	18	54	17
18	55	54	19	55	18
19	56	55	20	56	19
20	57	56	21	57	20
21	58	57	22	58	21
22	59	58	23	59	22
23	60	59	24	60	23
24	61	60	25	61	24
25	62	61	26	62	25
26	63	62	27	63	26
27	64	63	28	64	27
28	65	64	29	65	28
29	66	65	30	66	29
30	67	66	31	67	30
31	68	67	32	68	31
32	69	68	33	69	32
33	70	69	34	70	33
34	71	70	35	71	34
7	9	8	26	25	27
6	9	7	27	25	24
6	10	9	27	24	28
5	10	6	28	24	23
5	11	10	28	23	29
4	11	5	29	23	22
4	12	11	29	22	30
3	12	4	30	22	21
3	13	12	30	21	31
2	13	3	31	21	20
2	14	13	31	20	32
1	14	2	32	20	19
1	15	14	32	19	33
0	15	1	33	19	18
0	16	15	33	18	34
35	16	0	34	18	17
35	17	16	34	17	35
45	43	44	62	63	61
46	43	45	61	63	64
46	42	43	61	64	60
47	42	46	60	64	65
47	41	42	60	65	59
48	41	47	59	65	66
48	40	41	59	66	58
49	40	48	58	66	67
49	39	40	58	67	57
50	39	49	57	67	68
50	38	39	57	68	56
51	38	50	56	68	69
51	37	38	56	69	55
52	37	51	55	69	70
52	36	37	55	70	54
53	36	52	54	70	71
53	71	36	54	71	53

#	Normal	70
0.0871343	-0	0.996197
0.259071	-0	0.965858
0.422374	-0	0.906422
0.573219	-0	0.819402
0.707375	-0	0.706839
0.818603	-0	0.57436
0.906611	-0	0.421967
0.966038	-0	0.258401
0.996208	-0	0.0870029
0.996208	-0	-0.0870029
0.966038	-0	-0.258401
0.906611	-0	-0.421967
0.818603	-0	-0.57436
0.707375	-0	-0.706839
0.573219	-0	-0.819402
0.422374	-0	-0.906422
0.259071	-0	-0.965858
0.0871343	-0	-0.996197
-0.0871343	0	-0.996197
-0.259071	0	-0.965858
-0.422374	0	-0.906422
-0.573219	0	-0.819402
-0.707375	0	-0.706839
-0.819842	0	-0.57259
-0.905601	0	-0.424131
-0.966038	0	-0.258401
-0.996208	0	-0.0870029
-0.996208	-0	0.0870029
-0.966038	-0	0.258401
-0.905601	-0	0.424131
-0.819842	-0	0.57259
-0.707375	-0	0.706839
-0.573219	-0	0.819402
-0.422374	-0	0.906422
-0.259071	-0	0.965858
-0.0871343	-0	0.996197
-0	-1.52214e-006	-0
-0	-4.52029e-006	-0
-0	-8.90319e-006	-0
-0	-1.45358e-005	-0
-0	-2.125e-005	-0
-0	-2.89531e-005	-0
-0	-3.72213e-005	-0
-0	-4.57584e-005	-0
-0	-5.45326e-005	-0
-0	-6.32822e-005	-0
-0	-7.15417e-005	-0
-0	-7.9133e-005	-0
-0	-8.58642e-005	-0
-0	-9.13555e-005	-0
-0	-9.57416e-005	-0
-0	-9.88807e-005	-0
-0	-1	-0
-0	1.52214e-006	-0
-0	4.52029e-006	-0
-0	8.90319e-006	-0
-0	1.45358e-005	-0
-0	2.125e-005	-0
-0	2.89531e-005	-0
-0	3.72213e-005	-0
-0	4.57584e-005	-0
-0	5.45326e-005	-0
-0	6.32822e-005	-0
-0	7.15417e-005	-0
-0	7.9133e-005	-0
-0	8.58642e-005	-0
-0	9.13555e-005	-0
-0	9.57416e-005	-0
-0	9.88807e-005	-0
-0	1	-0

#	Mesh	0	End

