#	Mesh	0	Begin

#	Vertex	364
-92.1524	81.9135	1.48641
-92.1525	81.9265	1.48431
-92.1532	81.9135	1.48
-92.1474	81.9293	1.49594
-92.1499	81.9135	1.49239
-92.146	81.9135	1.49752
-92.1517	81.9269	1.48861
-92.1408	81.9135	1.50146
-92.1411	81.9323	1.50131
-92.1532	81.926	1.48
-92.1109	81.9135	1.49752
-92.1096	81.9334	1.49607
-92.1129	81.9343	1.49882
-92.1349	81.9135	1.50394
-92.1332	81.9349	1.50431
-92.1284	81.9135	1.50478
-92.1245	81.936	1.50446
-92.1289	81.9354	1.50439
-92.1044	81.9314	1.48431
-92.1052	81.9317	1.48863
-92.1045	81.9135	1.48641
-92.122	81.9135	1.50394
-92.1204	81.9356	1.50301
-92.1161	81.9135	1.50146
-92.1162	81.9352	1.50156
-92.107	81.9135	1.49239
-92.1037	81.9135	1.48
-92.1037	81.931	1.48
-92.1074	81.9326	1.49235
-92.1045	81.9135	1.47359
-92.1044	81.9314	1.47569
-92.1204	81.9356	1.45699
-92.1161	81.9135	1.45854
-92.122	81.9135	1.45606
-92.107	81.9135	1.46761
-92.1096	81.9334	1.46393
-92.1074	81.9326	1.46765
-92.1052	81.9317	1.47137
-92.1284	81.9135	1.45522
-92.1245	81.936	1.45554
-92.1129	81.9343	1.46118
-92.1109	81.9135	1.46248
-92.1332	81.9349	1.45569
-92.1289	81.9354	1.45561
-92.1162	81.9352	1.45844
-92.1525	81.9265	1.47569
-92.1517	81.9269	1.47139
-92.1524	81.9135	1.47359
-92.1349	81.9135	1.45606
-92.1499	81.9135	1.46761
-92.146	81.9135	1.46248
-92.1474	81.9293	1.46406
-92.1411	81.9323	1.45869
-92.1408	81.9135	1.45854
-92.1091	81.9135	1.46066
-92.1148	81.9135	1.45631
-92.1048	81.9135	1.46632
-92.102	81.9135	1.47292
-92.1011	81.9135	1.48
-92.102	81.9135	1.48708
-92.1048	81.9135	1.49368
-92.1091	81.9135	1.49934
-92.1148	81.9135	1.50369
-92.1214	81.9135	1.50642
-92.1284	81.9135	1.50735
-92.1355	81.9135	1.50642
-92.1421	81.9135	1.50369
-92.1478	81.9135	1.49934
-92.1521	81.9135	1.49368
-92.1549	81.9135	1.48708
-92.1558	81.9135	1.48
-92.1549	81.9135	1.47292
-92.1521	81.9135	1.46632
-92.1478	81.9135	1.46066
-92.1421	81.9135	1.45631
-92.1355	81.9135	1.45358
-92.1284	81.9135	1.45265
-92.1214	81.9135	1.45358
-92.1284	81.9048	1.45265
-92.1214	81.9048	1.45358
-92.1148	81.9048	1.45631
-92.1091	81.9048	1.46066
-92.1048	81.9048	1.46632
-92.102	81.9048	1.47292
-92.1011	81.9048	1.48
-92.102	81.9048	1.48708
-92.1048	81.9048	1.49368
-92.1091	81.9048	1.49934
-92.1148	81.9048	1.50369
-92.1214	81.9048	1.50642
-92.1284	81.9048	1.50735
-92.1355	81.9048	1.50642
-92.1421	81.9048	1.50369
-92.1478	81.9048	1.49934
-92.1521	81.9048	1.49368
-92.1549	81.9048	1.48708
-92.1558	81.9048	1.48
-92.1549	81.9048	1.47292
-92.1521	81.9048	1.46632
-92.1478	81.9048	1.46066
-92.1421	81.9048	1.45631
-92.1355	81.9048	1.45358
-92.1549	82.0358	1.48708
-92.1549	82.0445	1.48708
-92.1558	82.0445	1.48
-92.1558	82.0358	1.48
-92.1521	82.0358	1.49368
-92.1521	82.0445	1.49368
-92.1478	82.0445	1.49934
-92.1478	82.0358	1.49934
-92.1421	82.0358	1.50369
-92.1421	82.0445	1.50369
-92.1355	82.0358	1.50642
-92.1355	82.0445	1.50642
-92.1284	82.0358	1.50735
-92.1284	82.0445	1.50735
-92.1148	82.0358	1.50369
-92.1148	82.0445	1.50369
-92.1214	82.0445	1.50642
-92.1214	82.0358	1.50642
-92.1091	82.0358	1.49934
-92.1091	82.0445	1.49934
-92.1048	82.0445	1.49368
-92.1048	82.0358	1.49368
-92.102	82.0358	1.48708
-92.102	82.0445	1.48708
-92.1011	82.0358	1.48
-92.1011	82.0445	1.48
-92.102	82.0358	1.47292
-92.102	82.0445	1.47292
-92.1048	82.0358	1.46632
-92.1048	82.0445	1.46632
-92.1091	82.0445	1.46066
-92.1091	82.0358	1.46066
-92.1148	82.0358	1.45631
-92.1148	82.0445	1.45631
-92.1214	82.0358	1.45358
-92.1214	82.0445	1.45358
-92.1284	82.0358	1.45265
-92.1284	82.0445	1.45265
-92.1421	82.0358	1.45631
-92.1421	82.0445	1.45631
-92.1355	82.0445	1.45358
-92.1355	82.0358	1.45358
-92.1478	82.0358	1.46066
-92.1478	82.0445	1.46066
-92.1521	82.0445	1.46632
-92.1521	82.0358	1.46632
-92.1549	82.0358	1.47292
-92.1549	82.0445	1.47292
-92.1045	82.0358	1.48641
-92.1044	82.018	1.48432
-92.1037	82.0358	1.48
-92.1204	82.0137	1.50301
-92.1161	82.0358	1.50146
-92.122	82.0358	1.50394
-92.107	82.0358	1.49239
-92.1096	82.0159	1.49608
-92.1074	82.0168	1.49236
-92.1052	82.0176	1.48863
-92.1284	82.0358	1.50478
-92.1245	82.0133	1.50447
-92.1525	82.0229	1.4843
-92.1517	82.0224	1.48861
-92.1524	82.0358	1.48641
-92.1037	82.0183	1.48
-92.1162	82.0141	1.50156
-92.1129	82.015	1.49882
-92.1109	82.0358	1.49752
-92.1332	82.0145	1.50431
-92.1289	82.0139	1.50439
-92.1349	82.0358	1.50394
-92.1408	82.0358	1.50146
-92.1411	82.0171	1.50131
-92.146	82.0358	1.49752
-92.1499	82.0358	1.49239
-92.1474	82.02	1.49593
-92.1532	82.0358	1.48
-92.1532	82.0233	1.48
-92.1524	82.0358	1.47359
-92.1525	82.0229	1.4757
-92.1474	82.02	1.46407
-92.1499	82.0358	1.46761
-92.146	82.0358	1.46248
-92.1517	82.0224	1.47139
-92.1408	82.0358	1.45854
-92.1411	82.0171	1.45869
-92.1349	82.0358	1.45606
-92.1332	82.0145	1.45569
-92.1284	82.0358	1.45522
-92.1245	82.0133	1.45553
-92.1289	82.0139	1.45561
-92.1161	82.0358	1.45854
-92.1204	82.0137	1.45699
-92.122	82.0358	1.45606
-92.1109	82.0358	1.46248
-92.1096	82.0159	1.46392
-92.1129	82.015	1.46118
-92.1074	82.0168	1.46764
-92.107	82.0358	1.46761
-92.1052	82.0176	1.47137
-92.1044	82.018	1.47568
-92.1045	82.0358	1.47359
-92.1162	82.0141	1.45844
-92.0856	82.0158	1.47459
-92.0856	82.0151	1.46917
-92.0856	82.0165	1.48
-92.0856	82.0109	1.45908
-92.0856	82.013	1.46413
-92.1695	81.9998	1.43642
-92.1695	82.0102	1.44442
-92.0856	82.0042	1.45042
-92.0856	81.9956	1.44377
-92.0856	81.9343	1.46917
-92.0856	81.9335	1.47459
-92.0856	81.9855	1.4396
-92.1695	81.9877	1.43139
-92.1695	82.0208	1.46091
-92.1695	82.025	1.48
-92.1695	82.0241	1.47349
-92.1695	82.0233	1.46698
-92.1695	82.0182	1.45484
-92.0856	81.9747	1.43817
-92.1695	81.9747	1.42968
-92.1695	81.9391	1.44442
-92.1695	81.9495	1.43642
-92.0856	81.9537	1.44377
-92.0856	81.9451	1.45042
-92.1695	81.9616	1.43139
-92.0856	81.9638	1.4396
-92.0856	81.9384	1.45908
-92.0856	81.9328	1.48
-92.0856	81.9363	1.46413
-92.1695	81.9311	1.45484
-92.1695	81.9243	1.48
-92.1695	81.9261	1.46698
-92.1695	81.9286	1.46091
-92.1695	81.9252	1.47349
-92.0856	81.9335	1.48541
-92.0856	81.9343	1.49083
-92.0856	81.9384	1.50092
-92.0856	81.9363	1.49587
-92.1695	81.9495	1.52358
-92.1695	81.9391	1.51558
-92.0856	81.9451	1.50958
-92.0856	81.9537	1.51623
-92.1695	81.9261	1.49302
-92.1695	81.9252	1.48651
-92.0856	81.9638	1.5204
-92.1695	81.9616	1.52861
-92.0856	82.013	1.49587
-92.1695	81.9286	1.49909
-92.1695	81.9311	1.50516
-92.0856	81.9747	1.52183
-92.1695	81.9747	1.53032
-92.1695	82.0102	1.51558
-92.1695	81.9998	1.52358
-92.0856	81.9956	1.51623
-92.0856	82.0042	1.50958
-92.1695	81.9877	1.52861
-92.0856	81.9855	1.5204
-92.0856	82.0109	1.50092
-92.0856	82.0158	1.48541
-92.0856	82.0151	1.49083
-92.1695	82.0182	1.50516
-92.1695	82.0233	1.49302
-92.1695	82.0208	1.49909
-92.1695	82.0241	1.48651
-92.1834	81.9887	1.42745
-92.1834	81.9747	1.4256
-92.1834	81.9606	1.42745
-92.1834	81.9475	1.43289
-92.1834	81.9362	1.44153
-92.1834	81.9275	1.4528
-92.1834	81.9221	1.46592
-92.1834	81.9203	1.48
-92.1834	81.9221	1.49408
-92.1834	81.9275	1.5072
-92.1834	81.9362	1.51847
-92.1834	81.9475	1.52711
-92.1834	81.9606	1.53255
-92.1834	81.9747	1.5344
-92.1834	81.9887	1.53255
-92.1834	82.0019	1.52711
-92.1834	82.0131	1.51847
-92.1834	82.0218	1.5072
-92.1834	82.0272	1.49408
-92.1834	82.0291	1.48
-92.1834	82.0272	1.46592
-92.1834	82.0218	1.4528
-92.1834	82.0131	1.44153
-92.1834	82.0019	1.43289
-92.1695	82.0019	1.43289
-92.1695	82.0131	1.44153
-92.1695	81.9887	1.42745
-92.1695	82.0218	1.4528
-92.1695	82.0272	1.46592
-92.1695	82.0291	1.48
-92.1695	82.0272	1.49408
-92.1695	82.0218	1.5072
-92.1695	82.0131	1.51847
-92.1695	82.0019	1.52711
-92.1695	81.9887	1.53255
-92.1695	81.9747	1.5344
-92.1695	81.9606	1.53255
-92.1695	81.9475	1.52711
-92.1695	81.9362	1.51847
-92.1695	81.9275	1.5072
-92.1695	81.9221	1.49408
-92.1695	81.9203	1.48
-92.1695	81.9221	1.46592
-92.1695	81.9275	1.4528
-92.1695	81.9362	1.44153
-92.1695	81.9475	1.43289
-92.1695	81.9606	1.42745
-92.1695	81.9747	1.4256
-92.0856	82.0069	1.44776
-92.0856	81.9975	1.44051
-92.0856	82.0141	1.4572
-92.0856	82.0187	1.4682
-92.0856	82.0203	1.48
-92.0856	82.0187	1.4918
-92.0856	82.0141	1.5028
-92.0856	82.0069	1.51224
-92.0856	81.9975	1.51949
-92.0856	81.9865	1.52405
-92.0856	81.9747	1.5256
-92.0856	81.9629	1.52405
-92.0856	81.9519	1.51949
-92.0856	81.9424	1.51224
-92.0856	81.9352	1.5028
-92.0856	81.9306	1.4918
-92.0856	81.9291	1.48
-92.0856	81.9306	1.4682
-92.0856	81.9352	1.4572
-92.0856	81.9424	1.44776
-92.0856	81.9519	1.44051
-92.0856	81.9629	1.43595
-92.0856	81.9747	1.4344
-92.0856	81.9865	1.43595
-92.0735	81.9747	1.4344
-92.0735	81.9865	1.43595
-92.0735	81.9975	1.44051
-92.0735	82.0069	1.44776
-92.0735	82.0141	1.4572
-92.0735	82.0187	1.4682
-92.0735	82.0203	1.48
-92.0735	82.0187	1.4918
-92.0735	82.0141	1.5028
-92.0735	82.0069	1.51224
-92.0735	81.9975	1.51949
-92.0735	81.9865	1.52405
-92.0735	81.9747	1.5256
-92.0735	81.9629	1.52405
-92.0735	81.9519	1.51949
-92.0735	81.9424	1.51224
-92.0735	81.9352	1.5028
-92.0735	81.9306	1.4918
-92.0735	81.9291	1.48
-92.0735	81.9306	1.4682
-92.0735	81.9352	1.4572
-92.0735	81.9424	1.44776
-92.0735	81.9519	1.44051
-92.0735	81.9629	1.43595

#	Triangle	305
2	0	1
5	3	4
6	0	4
8	5	7
1	0	6
2	1	9	178	162	177
3	6	4
12	10	11
14	8	13
5	8	3
14	16	17	28	11	19	37	35	36	39	42	43	159	157	158	161	169	170	188	190	191	198	196	200	200	196	198	203	190	193	196	203	197	190	188	191	35	37	36	39	44	31	42	39	43	44	35	40	19	11	28	24	16	22	11	24	12	166	157	167	16	14	17	157	159	158	161	166	153	169	161	170
15	16	14
20	18	19
13	8	7
21	16	15
24	22	23	154	153	166
10	25	11
27	18	26	152	151	165
12	23	10
19	11	25
12	24	23
22	16	21
13	15	14
20	26	18
19	25	20
21	23	22
26	29	30
33	31	32
34	35	37
33	38	39
26	30	27	165	201	152
29	34	37
31	33	39
41	32	40
38	42	39
44	40	32
47	45	46
41	35	34
9	45	2	177	180	178
38	48	42
47	46	49
32	31	44	193	192	203
51	50	49
41	40	35
30	29	37
42	48	52
53	52	48
52	53	50
51	52	50
46	51	49
47	2	45
55	32	54	56	54	41	57	56	29	26	58	57	58	20	59	60	59	25	10	61	60	61	23	62	63	62	21	15	64	63	13	65	64	66	65	7	5	67	66	68	67	4	4	69	68	70	69	0	71	70	2	47	72	71	49	73	72	73	50	74	53	75	74	76	75	48	77	76	38	33	55	77
55	33	32	32	41	54	41	34	56	34	29	56	57	29	26	20	58	26	20	25	59	25	10	60	23	61	10	23	21	62	21	15	63	15	13	64	13	7	65	66	7	5	67	5	4	69	4	0	70	0	2	71	2	47	72	47	49	49	50	73	50	53	74	75	53	48	76	48	38	77	38	33
79	101	78	90	91	89
80	101	79	89	91	92
80	100	101	89	92	88
81	100	80	81	99	100	82	99	81	82	98	99	83	98	82	83	97	98	84	97	83	84	96	97	85	96	84	85	95	96	86	95	85	86	94	95	87	94	86	87	93	94	88	93	87	88	92	93
96	69	70	95	69	96	105	103	104	102	103	105
95	68	69	94	68	95	102	107	103	106	107	102
66	93	92	67	93	66	111	109	110	108	109	111
68	93	67	94	93	68	109	107	106	108	107	109
65	92	91	66	92	65	113	110	112	111	110	113
64	91	90	65	91	64	113	114	115	112	114	113
89	62	63	88	62	89	119	117	118	116	117	119
88	61	62	87	61	88	116	121	117	120	121	116
59	86	85	60	86	59	125	123	124	122	123	125
61	86	60	87	86	61	123	121	120	122	121	123
58	85	84	59	85	58	127	124	126	125	124	127
89	64	90	63	64	89	114	118	115	119	118	114
84	57	58	83	57	84	126	129	127	128	129	126
83	56	57	82	56	83	128	131	129	130	131	128
55	81	80	54	81	55	135	133	134	132	133	135
56	81	54	82	81	56	133	131	130	132	131	133
77	80	79	55	80	77	137	134	136	135	134	137
76	79	78	77	79	76	137	138	139	136	138	137
101	74	75	100	74	101	143	141	142	140	141	143
100	73	74	99	73	100	140	145	141	144	145	140
71	98	97	72	98	71	149	147	148	146	147	149
73	98	72	99	98	73	147	145	144	146	145	147
70	97	96	71	97	70	104	148	105	149	148	104
101	76	78	75	76	101	138	142	139	143	142	138
152	150	151
155	153	154
156	157	159
155	160	161
164	162	163
150	156	159
153	155	161
168	154	167
160	169	161
166	167	154
171	169	160
171	172	173
176	174	175
172	174	173
164	163	175
173	174	176
171	173	169
168	157	156
168	167	157
164	177	162
175	163	176
151	150	159
177	179	180
183	181	182
184	179	182
186	183	185
181	184	182
188	186	187
183	186	181
189	190	188
187	186	185
194	192	193
197	195	196
180	179	184
189	194	190
200	196	199
195	199	196
202	201	200
187	189	188
194	193	190
195	197	192
192	197	203
199	202	200
202	152	201
140	185	144	147	144	183	148	147	179	177	105	148	105	164	102	106	102	175	174	109	106	109	172	110	112	110	171	160	114	112	155	119	114	116	119	154	168	120	116	123	120	156	156	124	123	126	124	150	128	126	152	202	130	128	199	133	130	133	195	134	192	136	134	138	136	194	143	138	189	187	140	143
140	187	185	185	183	144	183	182	147	182	179	147	148	179	177	164	105	177	164	175	102	175	174	106	172	109	174	172	171	110	171	160	112	160	155	114	155	154	119	120	168	156	124	156	150	126	150	152	128	152	202	130	202	199	199	195	133	136	192	194	138	194	189	143	189	187
116	154	168	195	192	134
142	137	139	115	118	113
141	137	142	113	118	117
141	135	137	113	117	111
145	135	141	145	132	135	146	132	145	146	131	132	149	131	146	149	129	131	104	129	149	104	127	129	103	127	104	103	125	127	107	125	103	107	122	125	108	122	107	108	121	122	111	121	108	111	117	121
200	204	205
201	206	204
205	196	200
208	207	203
201	204	200
212	210	211
209	210	212
210	190	211
207	190	203
208	203	196
211	190	207
214	37	213
209	215	216
212	215	209
181	186	217
219	218	180
217	220	181
220	184	181
180	184	219
178	180	218
217	186	221
223	215	222
216	215	223
221	188	210
210	188	190
186	188	221
165	206	201
227	225	226
224	225	227
229	225	228
226	225	229
229	223	222
228	223	229
39	227	230
30	231	27
37	214	30
44	230	232
213	37	35
213	35	232
230	44	39
224	39	42
232	35	44
233	224	42
219	184	220
9	234	45
236	51	235
233	42	52
224	227	39
214	231	30
235	51	46
52	236	233
235	46	237
237	45	234
208	196	205
51	236	52
45	237	46
19	238	239
18	231	238
239	11	19
241	240	24
18	238	19
245	243	244
242	243	245
243	16	244
240	16	24
241	24	11
244	16	240
247	6	246
242	248	249
245	248	242
250	157	166
247	234	1
251	246	3
246	6	3
1	6	247
9	1	234
251	8	252
254	248	253
249	248	254
252	14	243
243	14	16
8	14	252
178	218	162
258	256	257
255	256	258
260	256	259
257	256	260
260	254	253
259	254	260
161	258	261
151	206	165
159	262	151
166	261	250
263	159	157
263	157	250
261	166	161
255	161	169
3	8	251
264	255	169
262	159	263
27	231	18
241	11	239
264	169	173
255	258	161
262	206	151
265	176	163
173	266	264
265	163	267
267	162	218
266	176	265
176	266	173
162	267	163
270	268	269	281	282	280
271	268	270	271	291	268	272	291	271	272	290	291	273	290	272	273	289	290	274	289	273	274	288	289	275	288	274	275	287	288	276	287	275	276	286	287	277	286	276	277	285	286	278	285	277	278	284	285	279	284	278	279	283	284	280	283	279	280	282	283
209	292	293	292	216	294	293	295	210	297	218	296	298	299	264	300	255	299	256	300	301	301	302	259	303	254	302	304	249	303	304	305	242	306	243	305	308	309	246	311	235	310	224	312	313	314	225	313	314	315	228	315	294	223
216	292	209	210	209	293	221	210	295	255	264	299	300	256	255	259	256	301	254	259	302	249	254	303	242	249	304	242	305	243	243	306	252	224	233	312	225	224	313	225	314	228	228	315	223	223	294	216
221	295	217	217	295	220	220	296	219	219	296	218	218	297	267	267	297	265	265	298	266	266	298	264	252	308	251	251	308	246	246	309	247	247	309	234	237	310	235	235	311	236	236	311	233
295	296	220	265	297	298	306	307	252	308	252	307	309	310	234	312	233	311
234	310	237
309	276	275	308	276	309
308	277	276	307	277	308
279	306	305	278	306	279
277	306	278	307	306	277
280	305	304	279	305	280
281	304	303	280	304	281
302	283	282	301	283	302
301	284	283	300	284	301
286	299	298	285	299	286
284	299	285	300	299	284
287	298	297	286	298	287
302	281	303	282	281	302
297	288	287	296	288	297
296	289	288	295	289	296
291	293	292	290	293	291
289	293	290	295	293	289
268	292	294	291	292	268
269	294	315	268	294	269
314	271	270	313	271	314
313	272	271	312	272	313
274	311	310	273	311	274
272	311	273	312	311	272
275	310	309	274	310	275
314	269	315	270	269	314
317	212	316	318	316	211	206	320	319	322	321	261	258	323	322	323	257	324	253	326	325	328	327	245	330	329	240	332	331	239	333	332	231	213	334	333	230	335	334	226	337	336	339	338	222
317	215	212	212	211	316	211	207	318	261	258	322	257	323	258	257	260	324	260	253	325	253	248	326	248	245	327	328	245	244	329	244	240	230	227	335	227	226	336	337	226	229	338	229	222	339	222	215
208	318	207	205	318	208	204	319	205	206	319	204	262	320	206	263	320	262	250	321	263	261	321	250	241	331	240	239	331	241	238	332	239	231	332	238	214	333	231	213	333	214	232	334	213	230	334	232
319	318	205	320	263	321	325	324	260	248	327	326	244	329	328	240	331	330	335	227	336	338	337	229	215	317	339
341	363	340	352	353	351
342	363	341	342	362	363	343	362	342	343	361	362	344	361	343	344	360	361	345	360	344	345	359	360	346	359	345	346	358	359	347	358	346	347	357	358	348	357	347	348	356	357	349	356	348	349	355	356	350	355	349	350	354	355	351	354	350	351	353	354
358	331	332	357	331	358
357	330	331	356	330	357
328	355	354	329	355	328
330	355	329	356	355	330
327	354	353	328	354	327
326	353	352	327	353	326
351	324	325	350	324	351
350	323	324	349	323	350
321	348	347	322	348	321
323	348	322	349	348	323
320	347	346	321	347	320
351	326	352	325	326	351
346	319	320	345	319	346
345	318	319	344	318	345
317	343	342	316	343	317
318	343	316	344	343	318
339	342	341	317	342	339
338	341	340	339	341	338
363	336	337	362	336	363
362	335	336	361	335	362
333	360	359	334	360	333
335	360	334	361	360	335
332	359	358	333	359	332
363	338	340	337	338	363

#	Normal	305
-8.29255e-005	1.3278e-006	1.09094e-005
-0.793335	-0.0117154	0.608673
-8.00283e-005	-1.23948e-006	3.31627e-005
-0.608706	-0.00189318	0.793394
-5.66395e-005	1.3278e-006	1.00327e-005
-5.36496e-005	-0	9.63776e-006
-0.867604	0.0252526	0.496614
5.59257e-005	1.14359e-006	6.72902e-005
-0.360221	0.0110056	0.932802
-0.651497	0.0162886	0.758476
6.56128e-010	-5.3215e-010	-3.40576e-008
-0.0194959	0.0174455	0.999658
7.76608e-005	1.33637e-006	1.39529e-005
-0.382684	0.00228163	0.923876
0.130511	-0.00896709	0.991406
3.14883e-005	-1.5942e-007	8.96935e-005
0.793358	-0.00895533	0.60869
7.54061e-005	0	1.3517e-005
0.608684	0.00864999	0.793365
0.864365	0.019992	0.502468
5.95072e-005	1.54669e-007	7.21199e-005
3.24045e-005	1.40371e-006	9.20736e-005
-0.130512	-0.0076215	0.991417
0.991392	0.0114447	0.130424
0.923771	-0.0105321	0.382799
0.382667	0.00974963	0.923835
0.991392	0.0114447	-0.130424
0.382667	0.00974963	-0.923835
0.864365	0.019992	-0.502468
0.130511	-0.00896709	-0.991406
7.54061e-005	-0	-1.3517e-005
0.923771	-0.0105321	-0.382799
3.24045e-005	1.40371e-006	-9.20736e-005
0.608684	0.00864999	-0.793365
-0.0194959	0.0174455	-0.999658
5.95072e-005	1.54669e-007	-7.21199e-005
-5.66395e-005	1.3278e-006	-1.00327e-005
0.793358	-0.00895533	-0.60869
-5.36496e-005	-0	-9.63776e-006
-0.130512	-0.0076215	-0.991417
-8.00283e-005	-1.23948e-006	-3.31627e-005
3.14883e-005	-1.5942e-007	-8.96935e-005
-0.793335	-0.0117154	-0.608673
5.59257e-005	1.14359e-006	-6.72902e-005
7.76608e-005	1.33637e-006	-1.39529e-005
-0.360221	0.0110056	-0.932802
-0.382684	0.00228163	-0.923876
-0.608706	-0.00189318	-0.793394
-0.651497	0.0162886	-0.758476
-0.867604	0.0252526	-0.496614
-8.29255e-005	1.3278e-006	-1.09094e-005
0	1.82094e-005	-0
0	1.64933e-005	-0
-0	-1.3192e-005	-0
-0	-3.86791e-005	-0
-0	-7.47327e-005	-0
-0	-1	-0
-6.16071e-005	-0	8.15918e-006
-5.74085e-005	-0	2.37296e-005
-3.78276e-005	-0	4.9295e-005
-4.92972e-005	-0	3.78722e-005
-2.37795e-005	-0	5.73862e-005
-8.11031e-006	-0	6.16018e-005
2.37795e-005	-0	5.74542e-005
3.78276e-005	-0	4.9295e-005
5.74085e-005	0	2.37976e-005
4.92972e-005	0	3.78042e-005
6.16071e-005	0	8.09119e-006
8.11031e-006	-0	6.16018e-005
6.16071e-005	-0	-8.09119e-006
5.74085e-005	-0	-2.37976e-005
3.78276e-005	-0	-4.9295e-005
4.92972e-005	-0	-3.78042e-005
2.37795e-005	-0	-5.74542e-005
8.11031e-006	-0	-6.16018e-005
-2.37795e-005	0	-5.73862e-005
-3.78276e-005	0	-4.9295e-005
-5.74085e-005	-0	-2.37296e-005
-4.92972e-005	-0	-3.78722e-005
-6.16071e-005	-0	-8.15918e-006
-8.11031e-006	0	-6.16018e-005
0.991392	-0.0114385	0.130425
0.382667	-0.00982882	0.923834
0.86415	-0.020038	0.502835
0.130511	0.00900564	0.991406
-5.66258e-005	-1.32882e-006	1.00327e-005
0.923771	0.0105707	0.382799
3.24076e-005	-1.40868e-006	9.20577e-005
0.608684	-0.0087063	0.793365
-0.0198181	-0.0174196	0.999652
5.94294e-005	-1.51585e-007	7.19502e-005
-0.130512	0.00758456	0.991418
-0.382684	-0.00218228	0.923877
-0.793334	0.0118457	0.608672
-0.608706	0.00209524	0.793393
-8.00283e-005	1.23374e-006	3.31627e-005
-0.651894	-0.0162379	0.758137
-0.359943	-0.0110238	0.932909
0.793358	0.00888283	0.60869
5.5853e-005	-1.14347e-006	6.7283e-005
-8.29255e-005	-1.32883e-006	1.09094e-005
-0.867847	-0.0251874	0.496192
7.7678e-005	-1.33563e-006	1.39529e-005
-8.29255e-005	-1.32883e-006	-1.09094e-005
-0.793334	0.0118457	-0.608672
-8.00283e-005	1.23374e-006	-3.31627e-005
-0.608706	0.00209524	-0.793393
-0.867847	-0.0251874	-0.496192
-0.359943	-0.0110238	-0.932909
-0.651894	-0.0162379	-0.758137
-0.0198181	-0.0174196	-0.999652
-0.382684	-0.00218228	-0.923877
0.382667	-0.00982882	-0.923834
5.5853e-005	-1.14347e-006	-6.7283e-005
-5.66258e-005	-1.32882e-006	-1.00327e-005
0.130511	0.00900564	-0.991406
0.86415	-0.020038	-0.502835
0.793358	0.00888283	-0.60869
7.7678e-005	-1.33563e-006	-1.39529e-005
-0.130512	0.00758456	-0.991418
3.24076e-005	-1.40868e-006	-9.20577e-005
0.608684	-0.0087063	-0.793365
5.94294e-005	-1.51585e-007	-7.19502e-005
0.923771	0.0105707	-0.382799
0.991392	-0.0114385	-0.130425
0	-1.81754e-005	0
0	-1.64739e-005	-0
-0	-1.65005e-005	-0
-0	1.3192e-005	-0
-0	3.86791e-005	-0
-0	7.47327e-005	-0
-0	1	-0
0.113535	0.98489	-0.130771
0.106853	0.985809	-0.12947
0.0936582	0.95667	-0.275702
0.103624	0.91913	-0.380081
9.05464e-006	8.22147e-005	-8.33649e-006
0.0997849	0.60569	-0.78942
0.0997885	0.605709	-0.789404
0.100022	0.776921	-0.621602
9.73194e-006	8.36371e-005	-4.89039e-005
0.112625	0.894144	-0.433385
0.104951	0.788931	-0.605452
0.113701	-0.985056	-0.129371
0.0998328	0.380862	-0.919226
0.0997933	0.380607	-0.919336
0.0872094	0.911292	-0.402418
0.0897317	0.987405	-0.130309
0.0845294	0.920459	-0.381589
0.10814	0.962412	-0.249138
6.43161e-006	7.50827e-005	-6.8847e-006
7.0952e-006	7.00441e-005	-6.35321e-006
0.090115	0.920425	-0.380391
0.0998075	0.129944	-0.986485
0.099817	0.129877	-0.986493
0.0961075	0.789564	-0.606096
0.0929827	0.795799	-0.59838
0.10164	0.87108	-0.480509
7.88937e-006	7.80171e-005	-7.76953e-006
0.0997831	-0.606034	-0.789156
0.099841	-0.605706	-0.7894
0.0998006	-0.380654	-0.919316
0.0997933	-0.380607	-0.919336
0.0998087	-0.129851	-0.986497
0.0998051	-0.129877	-0.986494
0.104943	-0.788932	-0.605453
7.88781e-006	-7.80016e-005	-7.76953e-006
9.08591e-006	-8.2197e-005	-8.34259e-006
0.103817	-0.918608	-0.381288
0.0936189	-0.956646	-0.275796
0.114968	-0.917978	-0.379605
9.75623e-006	-8.36241e-005	-4.91831e-005
0.0930953	-0.795873	-0.598264
0.112543	-0.894353	-0.432975
0.0961141	-0.789849	-0.605723
0.0799694	0.988229	-0.130415
7.06358e-006	-7.0064e-005	-6.35925e-006
0.0847036	-0.920445	-0.381584
0.101565	-0.870043	-0.482399
0.10009	-0.777112	-0.621353
0.107149	-0.985593	-0.130864
0.108255	-0.962236	-0.249767
0.0899419	-0.920021	-0.381408
0.0799525	-0.98823	-0.130415
0.0895841	-0.987571	-0.129146
0.115053	0.917968	-0.379601
0.0872734	-0.911632	-0.401634
6.43243e-006	-7.51005e-005	-6.8847e-006
0.113701	-0.985056	0.129371
0.107149	-0.985593	0.130864
0.0936189	-0.956646	0.275796
0.103817	-0.918608	0.381288
9.08591e-006	-8.2197e-005	8.34259e-006
0.0998464	-0.60603	0.789151
0.0997885	-0.605709	0.789404
0.10009	-0.777112	0.621353
9.75623e-006	-8.36241e-005	4.91831e-005
0.112543	-0.894353	0.432975
0.104943	-0.788932	0.605453
0.0799525	-0.98823	0.130415
0.0998006	-0.380654	0.919316
0.0997933	-0.380607	0.919336
0.112625	0.894144	0.433385
0.0895841	-0.987571	0.129146
0.0847036	-0.920445	0.381584
0.108255	-0.962236	0.249767
6.43243e-006	-7.51005e-005	6.8847e-006
7.06358e-006	-7.0064e-005	6.35925e-006
0.0899419	-0.920021	0.381408
0.0998087	-0.129851	0.986497
0.0998051	-0.129877	0.986494
0.0961141	-0.789849	0.605723
0.0930953	-0.795873	0.598264
0.101565	-0.870043	0.482399
7.0952e-006	7.00441e-005	6.35321e-006
0.0997888	0.605689	0.789419
0.0997852	0.60571	0.789404
0.0998328	0.380862	0.919226
0.0997933	0.380607	0.919336
0.0998075	0.129944	0.986485
0.099817	0.129877	0.986493
0.104951	0.788931	0.605452
7.88937e-006	7.80171e-005	7.76953e-006
9.05464e-006	8.22147e-005	8.33649e-006
0.103624	0.91913	0.380081
0.0936582	0.95667	0.275702
0.115053	0.917968	0.379601
9.73194e-006	8.36371e-005	4.89039e-005
0.0929827	0.795799	0.59838
0.0872734	-0.911632	0.401634
0.0961075	0.789564	0.606096
0.113535	0.98489	0.130771
7.88781e-006	-7.80016e-005	7.76953e-006
0.114968	-0.917978	0.379605
0.10164	0.87108	0.480509
0.100022	0.776921	0.621602
0.106853	0.985809	0.12947
0.10814	0.962412	0.249138
0.090115	0.920425	0.380391
0.0799694	0.988229	0.130415
0.0897317	0.987405	0.130309
0.0845294	0.920459	0.381589
0.0872094	0.911292	0.402418
6.43161e-006	7.50827e-005	6.8847e-006
-5.2206e-005	0	-0
-1	0	-0
5.74347e-005	-0	0
5.3121e-005	-0	-0
2.65438e-005	-0	-0
5.75049e-005	-0	-0
2.64888e-005	-0	0
-0	-0.991392	0.130924
-0	-0.924001	0.382389
-0	-0.608799	0.793325
-0	-0.793242	0.608906
-0	-0.382759	0.923848
-0	-0.13047	0.991452
0	0.382759	0.923848
0	0.608799	0.793325
-0	0.923807	0.382859
-0	0.793242	0.608906
-0	0.991464	0.130383
0	0.130541	0.991443
-0	0.991464	-0.130383
-0	0.923807	-0.382859
-0	0.608799	-0.793325
-0	0.793242	-0.608906
-0	0.382759	-0.923848
-0	0.130541	-0.991443
-0	-0.382759	-0.923848
-0	-0.608799	-0.793325
0	-0.924001	-0.382389
0	-0.793242	-0.608906
0	-0.991392	-0.130924
-0	-0.13047	-0.991452
-4.44821e-005	-0	0
-4.0823e-005	-0	-0
-2.03654e-005	-0	-0
-4.45769e-005	-0	-0
3.667e-005	0	-0
1	0	-0
-0	-0.991435	0.130601
-0	-0.923903	0.382626
-0	-0.608712	0.793391
-0	-0.793533	0.608527
-0	-0.382626	0.923904
-0	-0.130493	0.991449
0	0.382626	0.923904
0	0.608712	0.793391
-0	0.923671	0.383186
-0	0.793533	0.608527
-0	0.99152	0.129956
0	0.130578	0.991438
-0	0.99152	-0.129956
-0	0.923671	-0.383186
-0	0.608712	-0.793391
-0	0.793533	-0.608527
-0	0.382626	-0.923904
-0	0.130578	-0.991438
-0	-0.382626	-0.923904
-0	-0.608712	-0.793391
0	-0.923903	-0.382626
0	-0.793533	-0.608527
0	-0.991435	-0.130601
-0	-0.130493	-0.991449

#	Mesh	0	End

