#	Mesh	0	Begin

#	Vertex	16
-101.467	79.999	-2.42
-101.467	79.999	3.38
-101.467	79.999	-2.27
-100.767	84.499	-2.27
-100.767	79.999	-2.27
-100.767	79.999	-2.42
-100.767	79.999	3.38
-100.767	79.999	0.73
-101.467	84.499	0.73
-101.467	79.999	0.73
-100.767	84.499	0.73
-100.767	91.9688	3.38
-100.767	91.9688	-2.42
-101.467	91.9688	3.38
-101.467	91.9688	-2.42
-101.467	84.499	-2.27

#	Triangle	6
2	5	4	0	5	2	7	1	9	6	1	7	3	8	15	10	8	3
11	3	12	3	5	12	3	4	5	11	10	3	11	7	10	11	6	7
12	13	11	14	13	12
2	14	0	2	15	14	15	13	14	8	13	15	1	8	9	1	13	8
0	12	5	14	12	0	10	9	8	7	9	10
6	13	1	11	13	6	15	4	3	2	4	15

#	Normal	6
0	-1	-0
1	0	0
-0	1	-0
-1	0	-0
-0	-0	-1
-0	-0	1

#	Mesh	0	End

