#	Mesh	0	Begin

#	Vertex	56
-233.527	112.469	-2.42
-233.527	112.469	2.58
-233.527	112.669	2.58
-233.527	112.669	-2.42
-259.627	112.669	2.58
-259.627	112.669	-2.42
-259.132	112.669	-0.17
-257.932	112.669	-0.17
-257.932	112.669	-2.27
-259.132	112.669	-2.27
-250.732	112.669	-0.17
-249.232	112.669	-0.17
-249.232	112.669	-2.27
-250.732	112.669	-2.27
-252.322	112.669	-0.17
-251.322	112.669	-0.17
-251.322	112.669	-2.27
-252.322	112.669	-2.27
-243.572	112.669	-0.17
-242.572	112.669	-0.17
-242.572	112.669	-2.27
-243.572	112.669	-2.27
-239.371	112.669	-0.17
-238.371	112.669	-0.17
-238.371	112.669	-2.27
-239.371	112.669	-2.27
-237.781	112.669	-0.17
-236.781	112.669	-0.17
-236.781	112.669	-2.27
-237.781	112.669	-2.27
-259.627	112.469	2.58
-259.627	112.469	-2.42
-257.932	112.469	-0.17
-259.132	112.469	-0.17
-259.132	112.469	-2.27
-257.932	112.469	-2.27
-249.232	112.469	-0.17
-250.732	112.469	-0.17
-250.732	112.469	-2.27
-249.232	112.469	-2.27
-251.322	112.469	-0.17
-252.322	112.469	-0.17
-252.322	112.469	-2.27
-251.322	112.469	-2.27
-242.572	112.469	-0.17
-243.572	112.469	-0.17
-243.572	112.469	-2.27
-242.572	112.469	-2.27
-238.371	112.469	-0.17
-239.371	112.469	-0.17
-239.371	112.469	-2.27
-238.371	112.469	-2.27
-236.781	112.469	-0.17
-237.781	112.469	-0.17
-237.781	112.469	-2.27
-236.781	112.469	-2.27

#	Triangle	6
0	2	1	3	2	0	9	33	34	6	33	9	13	37	38	10	37	13	41	17	14	42	17	41	45	21	18	46	21	45	49	25	22	50	25	49	53	29	26	54	29	53
4	9	5	9	3	5	9	8	3	8	17	3	17	16	3	16	13	3	13	12	3	12	21	3	21	20	3	20	25	3	25	24	3	24	29	3	29	28	3	28	2	3	4	6	9	7	17	8	7	14	17	15	13	16	15	10	13	11	21	12	11	18	21	19	25	20	19	22	25	23	29	24	23	26	29	27	2	28	4	7	6	4	14	7	4	15	14	4	10	15	4	11	10	4	18	11	4	19	18	4	22	19	4	23	22	4	26	23	4	27	26	4	2	27
5	30	4	31	30	5	7	35	32	8	35	7	11	39	36	12	39	11	43	15	16	40	15	43	47	19	20	44	19	47	51	23	24	48	23	51	55	27	28	52	27	55
1	55	0	55	31	0	55	54	31	54	51	31	51	50	31	50	47	31	47	46	31	46	39	31	39	38	31	38	43	31	43	42	31	42	35	31	35	34	31	34	30	31	1	52	55	53	51	54	53	48	51	49	47	50	49	44	47	45	39	46	45	36	39	37	43	38	37	40	43	41	35	42	41	32	35	33	30	34	1	53	52	1	48	53	1	49	48	1	44	49	1	45	44	1	36	45	1	37	36	1	40	37	1	41	40	1	32	41	1	33	32	1	30	33
0	5	3	31	5	0	6	32	33	7	32	6	10	36	37	11	36	10	40	14	15	41	14	40	44	18	19	45	18	44	48	22	23	49	22	48	52	26	27	53	26	52
2	30	1	4	30	2	8	34	35	9	34	8	12	38	39	13	38	12	42	16	17	43	16	42	46	20	21	47	20	46	50	24	25	51	24	50	54	28	29	55	28	54

#	Normal	6
1	-0	-0
-0	1	-0
-1	-0	0
-0	-1	-0
-0	0	-1
0	0	1

#	Mesh	0	End

