#	Mesh	0	Begin

#	Vertex	32
-243.632	102.099	-2.42
-243.632	102.099	3.38
-243.632	102.299	3.38
-243.632	102.299	-2.42
-259.627	102.299	3.38
-259.627	102.299	-2.42
-256.322	102.299	-0.17
-255.322	102.299	-0.17
-255.322	102.299	-2.27
-256.322	102.299	-2.27
-253.322	102.299	-0.17
-252.322	102.299	-0.17
-252.322	102.299	-2.27
-253.322	102.299	-2.27
-251.732	102.299	-0.17
-250.732	102.299	-0.17
-250.732	102.299	-2.27
-251.732	102.299	-2.27
-259.627	102.099	3.38
-259.627	102.099	-2.42
-255.322	102.099	-0.17
-256.322	102.099	-0.17
-256.322	102.099	-2.27
-255.322	102.099	-2.27
-252.322	102.099	-0.17
-253.322	102.099	-0.17
-253.322	102.099	-2.27
-252.322	102.099	-2.27
-250.732	102.099	-0.17
-251.732	102.099	-0.17
-251.732	102.099	-2.27
-250.732	102.099	-2.27

#	Triangle	6
0	2	1	3	2	0	21	9	6	22	9	21	25	13	10	26	13	25	29	17	14	30	17	29
4	9	5	9	3	5	9	8	3	8	13	3	13	12	3	12	17	3	17	16	3	16	2	3	4	6	9	7	13	8	7	10	13	11	17	12	11	14	17	15	2	16	4	7	6	4	10	7	4	11	10	4	14	11	4	15	14	4	2	15
5	18	4	19	18	5	23	7	8	20	7	23	27	11	12	24	11	27	31	15	16	28	15	31
1	31	0	31	19	0	31	30	19	30	27	19	27	26	19	26	23	19	23	22	19	22	18	19	1	28	31	29	27	30	29	24	27	25	23	26	25	20	23	21	18	22	1	29	28	1	24	29	1	25	24	1	20	25	1	21	20	1	18	21
0	5	3	19	5	0	20	6	7	21	6	20	24	10	11	25	10	24	28	14	15	29	14	28
2	18	1	4	18	2	22	8	9	23	8	22	26	12	13	27	12	26	30	16	17	31	16	30

#	Normal	6
1	-0	-0
-0	1	-0
-1	-0	0
-0	-1	-0
-0	0	-1
0	0	1

#	Mesh	0	End

