#	Mesh	0	Begin

#	Vertex	24
-233.727	110.469	-2.42
-233.727	110.469	2.58
-233.727	110.269	2.58
-233.727	110.269	-2.42
-218.127	110.269	2.58
-218.127	110.269	-2.42
-218.322	110.269	-0.17
-219.322	110.269	-0.17
-219.322	110.269	-2.27
-218.322	110.269	-2.27
-224.422	110.269	-0.17
-225.522	110.269	-0.17
-225.522	110.269	-2.27
-224.422	110.269	-2.27
-218.127	110.469	2.58
-218.127	110.469	-2.42
-219.322	110.469	-0.17
-218.322	110.469	-0.17
-218.322	110.469	-2.27
-219.322	110.469	-2.27
-225.522	110.469	-0.17
-224.422	110.469	-0.17
-224.422	110.469	-2.27
-225.522	110.469	-2.27

#	Triangle	6
0	2	1	3	2	0	9	17	18	6	17	9	21	13	10	22	13	21
4	9	5	9	3	5	9	8	3	8	13	3	13	12	3	12	2	3	4	6	9	7	13	8	7	10	13	11	2	12	4	7	6	4	10	7	4	11	10	4	2	11
5	14	4	15	14	5	7	19	16	8	19	7	23	11	12	20	11	23
1	23	0	23	15	0	23	22	15	22	19	15	19	18	15	18	14	15	1	20	23	21	19	22	21	16	19	17	14	18	1	21	20	1	16	21	1	17	16	1	14	17
0	5	3	15	5	0	6	16	17	7	16	6	20	10	11	21	10	20
2	14	1	4	14	2	8	18	19	9	18	8	22	12	13	23	12	22

#	Normal	6
-1	-0	0
-0	-1	-0
1	-0	-0
-0	1	-0
0	-0	-1
-0	-0	1

#	Mesh	0	End

