#	Mesh	0	Begin

#	Vertex	72
-269.12	112.14	4.98318
-269.12	112.149	4.98074
-269.12	112.157	4.97677
-269.12	112.165	4.97137
-269.12	112.172	4.96471
-269.12	112.177	4.957
-269.12	112.181	4.94847
-269.12	112.184	4.93938
-269.12	112.184	4.93
-269.12	112.184	4.92062
-269.12	112.181	4.91153
-269.12	112.177	4.903
-269.12	112.172	4.89529
-269.12	112.165	4.88863
-269.12	112.157	4.88323
-269.12	112.149	4.87926
-269.12	112.14	4.87682
-269.12	112.13	4.876
-269.12	112.121	4.87682
-269.121	112.112	4.87926
-269.121	112.103	4.88323
-269.121	112.096	4.88863
-269.121	112.089	4.89529
-269.121	112.084	4.903
-269.121	112.08	4.91153
-269.121	112.077	4.92062
-269.121	112.076	4.93
-269.121	112.077	4.93938
-269.121	112.08	4.94847
-269.121	112.084	4.957
-269.121	112.089	4.96471
-269.121	112.096	4.97137
-269.121	112.103	4.97677
-269.121	112.112	4.98074
-269.12	112.121	4.98318
-269.12	112.13	4.984
-295.816	112.201	4.98318
-295.816	112.21	4.98074
-295.816	112.219	4.97677
-295.816	112.226	4.97137
-295.816	112.233	4.96471
-295.816	112.239	4.957
-295.816	112.243	4.94847
-295.816	112.245	4.93938
-295.816	112.246	4.93
-295.816	112.245	4.92062
-295.816	112.243	4.91153
-295.816	112.239	4.903
-295.816	112.233	4.89529
-295.816	112.226	4.88863
-295.816	112.219	4.88323
-295.816	112.21	4.87926
-295.816	112.201	4.87682
-295.816	112.192	4.876
-295.817	112.182	4.87682
-295.817	112.173	4.87926
-295.817	112.165	4.88323
-295.817	112.157	4.88863
-295.817	112.15	4.89529
-295.817	112.145	4.903
-295.817	112.141	4.91153
-295.817	112.139	4.92062
-295.817	112.138	4.93
-295.817	112.139	4.93938
-295.817	112.141	4.94847
-295.817	112.145	4.957
-295.817	112.15	4.96471
-295.817	112.157	4.97137
-295.817	112.165	4.97677
-295.817	112.173	4.98074
-295.817	112.182	4.98318
-295.816	112.192	4.984

#	Triangle	65
35	36	71	0	36	35
0	37	36	1	37	0
1	38	37	2	38	1
2	39	38	3	39	2
3	40	39	4	40	3
4	41	40	5	41	4
5	42	41	6	42	5
6	43	42	7	43	6
7	44	43	8	44	7
8	45	44	9	45	8
9	46	45	10	46	9
10	47	46	11	47	10
11	48	47	12	48	11
12	49	48	13	49	12
13	50	49	14	50	13
14	51	50	15	51	14
15	52	51	16	52	15
16	53	52	17	53	16
17	54	53
18	54	17
18	55	54
19	55	18
19	56	55	20	56	19
20	57	56	21	57	20
21	58	57	22	58	21
22	59	58	23	59	22
23	60	59	24	60	23
24	61	60	25	61	24
25	62	61	26	62	25
26	63	62	27	63	26
27	64	63	28	64	27
28	65	64	29	65	28
29	66	65	30	66	29
30	67	66	31	67	30
31	68	67	32	68	31
32	69	68	33	69	32
33	70	69
34	70	33
34	71	70
35	71	34
7	9	8	26	25	27
6	9	7
6	10	9
5	10	6	5	11	10	4	11	5	4	12	11	2	13	3	2	14	13	35	16	0	35	17	16	32	19	33	32	20	19	30	21	31	30	22	21	28	23	29	28	24	23
3	12	4	3	13	12
1	14	2	1	15	14
0	15	1	0	16	15
34	17	35	34	18	17
33	18	34	33	19	18
31	20	32	31	21	20
29	22	30	29	23	22
27	24	28
27	25	24
45	43	44	62	63	61
46	43	45
46	42	43
47	42	46	47	41	42	48	41	47	48	40	41	50	39	49	50	38	39	53	36	52	53	71	36	56	69	55	56	68	69	58	67	57	58	66	67	60	65	59	60	64	65
49	40	48	49	39	40
51	38	50	51	37	38
52	37	51	52	36	37	55	70	54	55	69	70
54	71	53	54	70	71
57	68	56	57	67	68
59	66	58	59	65	66
61	64	60
61	63	64

#	Normal	65
0.000200119	0.0871669	0.996194
0.000594164	0.258803	0.96593
0.000970214	0.422601	0.906315
0.00131677	0.573552	0.819168
0.00162332	0.707076	0.707136
0.00188067	0.819174	0.573541
0.00208084	0.906363	0.422495
0.0022175	0.965889	0.258947
0.00228707	0.996193	0.0871487
0.00228707	0.996193	-0.0871487
0.0022175	0.965889	-0.258947
0.00208084	0.906363	-0.422495
0.00188067	0.819174	-0.573541
0.00162332	0.707076	-0.707136
0.00131677	0.573552	-0.819168
0.000970214	0.422601	-0.906315
0.000594164	0.258803	-0.96593
0.000200119	0.0871669	-0.996194
-0.000200118	-0.0871663	-0.996194
-0.000199978	-0.0870943	-0.9962
-0.00059424	-0.258803	-0.96593
-0.000594641	-0.259011	-0.965874
-0.000970221	-0.422604	-0.906314
-0.00131676	-0.573549	-0.81917
-0.00162332	-0.70708	-0.707132
-0.00188066	-0.819171	-0.573547
-0.00208084	-0.906363	-0.422495
-0.00221751	-0.965891	-0.25894
-0.00228707	-0.996193	-0.0871487
-0.00228707	-0.996193	0.0871487
-0.00221751	-0.965891	0.25894
-0.00208084	-0.906363	0.422495
-0.00188066	-0.819171	0.573547
-0.00162332	-0.70708	0.707132
-0.00131676	-0.573549	0.81917
-0.000970221	-0.422604	0.906314
-0.000594164	-0.258803	0.96593
-0.000594717	-0.259011	0.965874
-0.000200143	-0.0871663	0.996194
-0.000199952	-0.0870943	0.9962
1.53841e-005	-0	0
4.57126e-005	-5.8606e-007	-0
9.00375e-005	-1.15433e-006	-0
1	-0	-0
0.999989	-0.00469478	-0
0.999993	-0.00366298	-0
0.999994	-0.00343641	-0
0.999994	-0.00333054	-0
0.999994	-0.00343936	-0
0.999992	-0.00405265	-0
0.999983	-0.00578862	-0
9.00375e-005	-0	-0
4.57126e-005	0	0
-1.53841e-005	-0	0
-4.57126e-005	5.8606e-007	-0
-9.00375e-005	1.15433e-006	-0
-1	-0	-0
-0.999989	0.00469478	-0
-0.999993	0.00366298	-0
-0.999994	0.00343641	-0
-0.999994	0.00333331	-0
-0.999992	0.00405265	-0
-0.999983	0.00578862	-0
-9.00375e-005	0	-0
-4.57126e-005	-0	0

#	Mesh	0	End

