#	Mesh	0	Begin

#	Vertex	10
-263.304	102.044	-4.88718
-263.304	105.964	-2.67718
-263.304	105.964	-2.22327
-263.304	105.954	-2.22327
-263.304	102.044	-4.42799
-263.254	102.044	-4.88718
-263.254	105.964	-2.67718
-263.254	105.964	-2.22327
-263.254	105.954	-2.22327
-263.254	102.044	-4.42799

#	Triangle	7
4	5	9	0	5	4
0	6	5	1	6	0
1	7	6	2	7	1
2	8	7	3	8	2
3	9	8	4	9	3
4	1	0	3	1	4	3	2	1
6	9	5	6	8	9	7	8	6

#	Normal	7
0	-1	-0
-0	0.491105	-0.8711
-0	1	-0
-0	-0	1
-0	-0.491105	0.8711
-1	0	-0
1	0	-0

#	Mesh	0	End

