#	Mesh	0	Begin

#	Vertex	858
-264.082	112.728	-2.11
-264.079	112.728	-2.11023
-264.076	112.728	-2.1109
-264.074	112.728	-2.11201
-264.072	112.728	-2.11351
-264.07	112.728	-2.11536
-264.069	112.728	-2.1175
-264.068	112.728	-2.11987
-264.067	112.728	-2.1224
-264.067	112.728	-2.125
-264.067	112.728	-2.1276
-264.068	112.728	-2.13013
-264.069	112.728	-2.1325
-264.07	112.728	-2.13464
-264.072	112.728	-2.13649
-264.074	112.728	-2.13799
-264.076	112.728	-2.1391
-264.079	112.728	-2.13977
-264.082	112.728	-2.14
-264.082	112.728	-2.16
-264.357	112.728	-2.16
-264.357	112.728	-2.11
-264.082	113.928	-2.11
-264.079	113.928	-2.11023
-264.076	113.928	-2.1109
-264.074	113.928	-2.11201
-264.072	113.928	-2.11351
-264.07	113.928	-2.11536
-264.069	113.928	-2.1175
-264.068	113.928	-2.11987
-264.067	113.928	-2.1224
-264.067	113.928	-2.125
-264.067	113.928	-2.1276
-264.068	113.928	-2.13013
-264.069	113.928	-2.1325
-264.07	113.928	-2.13464
-264.072	113.928	-2.13649
-264.074	113.928	-2.13799
-264.076	113.928	-2.1391
-264.079	113.928	-2.13977
-264.082	113.928	-2.14
-264.082	113.928	-2.16
-264.357	113.928	-2.16
-264.357	113.928	-2.11
-264.362	112.728	-1.95
-264.359	112.728	-1.95023
-264.356	112.728	-1.9509
-264.354	112.728	-1.95201
-264.352	112.728	-1.95351
-264.35	112.728	-1.95536
-264.349	112.728	-1.9575
-264.348	112.728	-1.95987
-264.347	112.728	-1.9624
-264.347	112.728	-1.965
-264.347	112.728	-1.9676
-264.348	112.728	-1.97013
-264.349	112.728	-1.9725
-264.35	112.728	-1.97464
-264.352	112.728	-1.97649
-264.354	112.728	-1.97799
-264.356	112.728	-1.9791
-264.359	112.728	-1.97977
-264.362	112.728	-1.98
-264.362	112.728	-2
-264.637	112.728	-2
-264.637	112.728	-1.95
-264.362	113.928	-1.95
-264.359	113.928	-1.95023
-264.356	113.928	-1.9509
-264.354	113.928	-1.95201
-264.352	113.928	-1.95351
-264.35	113.928	-1.95536
-264.349	113.928	-1.9575
-264.348	113.928	-1.95987
-264.347	113.928	-1.9624
-264.347	113.928	-1.965
-264.347	113.928	-1.9676
-264.348	113.928	-1.97013
-264.349	113.928	-1.9725
-264.35	113.928	-1.97464
-264.352	113.928	-1.97649
-264.354	113.928	-1.97799
-264.356	113.928	-1.9791
-264.359	113.928	-1.97977
-264.362	113.928	-1.98
-264.362	113.928	-2
-264.637	113.928	-2
-264.637	113.928	-1.95
-264.642	112.728	-1.79
-264.639	112.728	-1.79023
-264.636	112.728	-1.7909
-264.634	112.728	-1.79201
-264.632	112.728	-1.79351
-264.63	112.728	-1.79536
-264.629	112.728	-1.7975
-264.628	112.728	-1.79987
-264.627	112.728	-1.8024
-264.627	112.728	-1.805
-264.627	112.728	-1.8076
-264.628	112.728	-1.81013
-264.629	112.728	-1.8125
-264.63	112.728	-1.81464
-264.632	112.728	-1.81649
-264.634	112.728	-1.81799
-264.636	112.728	-1.8191
-264.639	112.728	-1.81977
-264.642	112.728	-1.82
-264.642	112.728	-1.84
-264.917	112.728	-1.84
-264.917	112.728	-1.79
-264.642	113.928	-1.79
-264.639	113.928	-1.79023
-264.636	113.928	-1.7909
-264.634	113.928	-1.79201
-264.632	113.928	-1.79351
-264.63	113.928	-1.79536
-264.629	113.928	-1.7975
-264.628	113.928	-1.79987
-264.627	113.928	-1.8024
-264.627	113.928	-1.805
-264.627	113.928	-1.8076
-264.628	113.928	-1.81013
-264.629	113.928	-1.8125
-264.63	113.928	-1.81464
-264.632	113.928	-1.81649
-264.634	113.928	-1.81799
-264.636	113.928	-1.8191
-264.639	113.928	-1.81977
-264.642	113.928	-1.82
-264.642	113.928	-1.84
-264.917	113.928	-1.84
-264.917	113.928	-1.79
-264.922	112.728	-1.63
-264.919	112.728	-1.63023
-264.916	112.728	-1.6309
-264.914	112.728	-1.63201
-264.912	112.728	-1.63351
-264.91	112.728	-1.63536
-264.909	112.728	-1.6375
-264.908	112.728	-1.63987
-264.907	112.728	-1.6424
-264.907	112.728	-1.645
-264.907	112.728	-1.6476
-264.908	112.728	-1.65013
-264.909	112.728	-1.6525
-264.91	112.728	-1.65464
-264.912	112.728	-1.65649
-264.914	112.728	-1.65799
-264.916	112.728	-1.6591
-264.919	112.728	-1.65977
-264.922	112.728	-1.66
-264.922	112.728	-1.68
-265.197	112.728	-1.68
-265.197	112.728	-1.63
-264.922	113.928	-1.63
-264.919	113.928	-1.63023
-264.916	113.928	-1.6309
-264.914	113.928	-1.63201
-264.912	113.928	-1.63351
-264.91	113.928	-1.63536
-264.909	113.928	-1.6375
-264.908	113.928	-1.63987
-264.907	113.928	-1.6424
-264.907	113.928	-1.645
-264.907	113.928	-1.6476
-264.908	113.928	-1.65013
-264.909	113.928	-1.6525
-264.91	113.928	-1.65464
-264.912	113.928	-1.65649
-264.914	113.928	-1.65799
-264.916	113.928	-1.6591
-264.919	113.928	-1.65977
-264.922	113.928	-1.66
-264.922	113.928	-1.68
-265.197	113.928	-1.68
-265.197	113.928	-1.63
-265.202	112.728	-1.47
-265.199	112.728	-1.47023
-265.196	112.728	-1.4709
-265.194	112.728	-1.47201
-265.192	112.728	-1.47351
-265.19	112.728	-1.47536
-265.189	112.728	-1.4775
-265.188	112.728	-1.47987
-265.187	112.728	-1.4824
-265.187	112.728	-1.485
-265.187	112.728	-1.4876
-265.188	112.728	-1.49013
-265.189	112.728	-1.4925
-265.19	112.728	-1.49464
-265.192	112.728	-1.49649
-265.194	112.728	-1.49799
-265.196	112.728	-1.4991
-265.199	112.728	-1.49977
-265.202	112.728	-1.5
-265.202	112.728	-1.52
-265.477	112.728	-1.52
-265.477	112.728	-1.47
-265.202	113.928	-1.47
-265.199	113.928	-1.47023
-265.196	113.928	-1.4709
-265.194	113.928	-1.47201
-265.192	113.928	-1.47351
-265.19	113.928	-1.47536
-265.189	113.928	-1.4775
-265.188	113.928	-1.47987
-265.187	113.928	-1.4824
-265.187	113.928	-1.485
-265.187	113.928	-1.4876
-265.188	113.928	-1.49013
-265.189	113.928	-1.4925
-265.19	113.928	-1.49464
-265.192	113.928	-1.49649
-265.194	113.928	-1.49799
-265.196	113.928	-1.4991
-265.199	113.928	-1.49977
-265.202	113.928	-1.5
-265.202	113.928	-1.52
-265.477	113.928	-1.52
-265.477	113.928	-1.47
-265.482	112.728	-1.31
-265.479	112.728	-1.31023
-265.476	112.728	-1.3109
-265.474	112.728	-1.31201
-265.472	112.728	-1.31351
-265.47	112.728	-1.31536
-265.469	112.728	-1.3175
-265.468	112.728	-1.31987
-265.467	112.728	-1.3224
-265.467	112.728	-1.325
-265.467	112.728	-1.3276
-265.468	112.728	-1.33013
-265.469	112.728	-1.3325
-265.47	112.728	-1.33464
-265.472	112.728	-1.33649
-265.474	112.728	-1.33799
-265.476	112.728	-1.3391
-265.479	112.728	-1.33977
-265.482	112.728	-1.34
-265.482	112.728	-1.36
-265.757	112.728	-1.36
-265.757	112.728	-1.31
-265.482	113.928	-1.31
-265.479	113.928	-1.31023
-265.476	113.928	-1.3109
-265.474	113.928	-1.31201
-265.472	113.928	-1.31351
-265.47	113.928	-1.31536
-265.469	113.928	-1.3175
-265.468	113.928	-1.31987
-265.467	113.928	-1.3224
-265.467	113.928	-1.325
-265.467	113.928	-1.3276
-265.468	113.928	-1.33013
-265.469	113.928	-1.3325
-265.47	113.928	-1.33464
-265.472	113.928	-1.33649
-265.474	113.928	-1.33799
-265.476	113.928	-1.3391
-265.479	113.928	-1.33977
-265.482	113.928	-1.34
-265.482	113.928	-1.36
-265.757	113.928	-1.36
-265.757	113.928	-1.31
-265.762	112.728	-1.15
-265.759	112.728	-1.15023
-265.756	112.728	-1.1509
-265.754	112.728	-1.15201
-265.752	112.728	-1.15351
-265.75	112.728	-1.15536
-265.749	112.728	-1.1575
-265.748	112.728	-1.15987
-265.747	112.728	-1.1624
-265.747	112.728	-1.165
-265.747	112.728	-1.1676
-265.748	112.728	-1.17013
-265.749	112.728	-1.1725
-265.75	112.728	-1.17464
-265.752	112.728	-1.17649
-265.754	112.728	-1.17799
-265.756	112.728	-1.1791
-265.759	112.728	-1.17977
-265.762	112.728	-1.18
-265.762	112.728	-1.2
-266.037	112.728	-1.2
-266.037	112.728	-1.15
-265.762	113.928	-1.15
-265.759	113.928	-1.15023
-265.756	113.928	-1.1509
-265.754	113.928	-1.15201
-265.752	113.928	-1.15351
-265.75	113.928	-1.15536
-265.749	113.928	-1.1575
-265.748	113.928	-1.15987
-265.747	113.928	-1.1624
-265.747	113.928	-1.165
-265.747	113.928	-1.1676
-265.748	113.928	-1.17013
-265.749	113.928	-1.1725
-265.75	113.928	-1.17464
-265.752	113.928	-1.17649
-265.754	113.928	-1.17799
-265.756	113.928	-1.1791
-265.759	113.928	-1.17977
-265.762	113.928	-1.18
-265.762	113.928	-1.2
-266.037	113.928	-1.2
-266.037	113.928	-1.15
-266.042	112.728	-0.99
-266.039	112.728	-0.990228
-266.036	112.728	-0.990905
-266.034	112.728	-0.99201
-266.032	112.728	-0.993509
-266.03	112.728	-0.995358
-266.029	112.728	-0.9975
-266.028	112.728	-0.99987
-266.027	112.728	-1.0024
-266.027	112.728	-1.005
-266.027	112.728	-1.0076
-266.028	112.728	-1.01013
-266.029	112.728	-1.0125
-266.03	112.728	-1.01464
-266.032	112.728	-1.01649
-266.034	112.728	-1.01799
-266.036	112.728	-1.0191
-266.039	112.728	-1.01977
-266.042	112.728	-1.02
-266.042	112.728	-1.04
-266.317	112.728	-1.04
-266.317	112.728	-0.99
-266.042	113.928	-0.99
-266.039	113.928	-0.990228
-266.036	113.928	-0.990905
-266.034	113.928	-0.99201
-266.032	113.928	-0.993509
-266.03	113.928	-0.995358
-266.029	113.928	-0.9975
-266.028	113.928	-0.99987
-266.027	113.928	-1.0024
-266.027	113.928	-1.005
-266.027	113.928	-1.0076
-266.028	113.928	-1.01013
-266.029	113.928	-1.0125
-266.03	113.928	-1.01464
-266.032	113.928	-1.01649
-266.034	113.928	-1.01799
-266.036	113.928	-1.0191
-266.039	113.928	-1.01977
-266.042	113.928	-1.02
-266.042	113.928	-1.04
-266.317	113.928	-1.04
-266.317	113.928	-0.99
-266.322	112.728	-0.83
-266.319	112.728	-0.830228
-266.316	112.728	-0.830905
-266.314	112.728	-0.83201
-266.312	112.728	-0.833509
-266.31	112.728	-0.835358
-266.309	112.728	-0.8375
-266.308	112.728	-0.83987
-266.307	112.728	-0.842395
-266.307	112.728	-0.845
-266.307	112.728	-0.847605
-266.308	112.728	-0.85013
-266.309	112.728	-0.8525
-266.31	112.728	-0.854642
-266.312	112.728	-0.856491
-266.314	112.728	-0.85799
-266.316	112.728	-0.859095
-266.319	112.728	-0.859772
-266.322	112.728	-0.86
-266.322	112.728	-0.88
-266.597	112.728	-0.88
-266.597	112.728	-0.83
-266.322	113.928	-0.83
-266.319	113.928	-0.830228
-266.316	113.928	-0.830905
-266.314	113.928	-0.83201
-266.312	113.928	-0.833509
-266.31	113.928	-0.835358
-266.309	113.928	-0.8375
-266.308	113.928	-0.83987
-266.307	113.928	-0.842395
-266.307	113.928	-0.845
-266.307	113.928	-0.847605
-266.308	113.928	-0.85013
-266.309	113.928	-0.8525
-266.31	113.928	-0.854642
-266.312	113.928	-0.856491
-266.314	113.928	-0.85799
-266.316	113.928	-0.859095
-266.319	113.928	-0.859772
-266.322	113.928	-0.86
-266.322	113.928	-0.88
-266.597	113.928	-0.88
-266.597	113.928	-0.83
-266.602	112.728	-0.67
-266.599	112.728	-0.670228
-266.596	112.728	-0.670905
-266.594	112.728	-0.67201
-266.592	112.728	-0.673509
-266.59	112.728	-0.675358
-266.589	112.728	-0.6775
-266.587	112.728	-0.67987
-266.587	112.728	-0.682395
-266.587	112.728	-0.685
-266.587	112.728	-0.687605
-266.587	112.728	-0.69013
-266.589	112.728	-0.6925
-266.59	112.728	-0.694642
-266.592	112.728	-0.696491
-266.594	112.728	-0.69799
-266.596	112.728	-0.699095
-266.599	112.728	-0.699772
-266.602	112.728	-0.7
-266.602	112.728	-0.72
-266.877	112.728	-0.72
-266.877	112.728	-0.67
-266.602	113.928	-0.67
-266.599	113.928	-0.670228
-266.596	113.928	-0.670905
-266.594	113.928	-0.67201
-266.592	113.928	-0.673509
-266.59	113.928	-0.675358
-266.589	113.928	-0.6775
-266.587	113.928	-0.67987
-266.587	113.928	-0.682395
-266.587	113.928	-0.685
-266.587	113.928	-0.687605
-266.587	113.928	-0.69013
-266.589	113.928	-0.6925
-266.59	113.928	-0.694642
-266.592	113.928	-0.696491
-266.594	113.928	-0.69799
-266.596	113.928	-0.699095
-266.599	113.928	-0.699772
-266.602	113.928	-0.7
-266.602	113.928	-0.72
-266.877	113.928	-0.72
-266.877	113.928	-0.67
-266.882	112.728	-0.51
-266.879	112.728	-0.510228
-266.876	112.728	-0.510905
-266.874	112.728	-0.51201
-266.872	112.728	-0.513509
-266.87	112.728	-0.515358
-266.869	112.728	-0.5175
-266.868	112.728	-0.51987
-266.867	112.728	-0.522395
-266.867	112.728	-0.525
-266.867	112.728	-0.527605
-266.868	112.728	-0.53013
-266.869	112.728	-0.5325
-266.87	112.728	-0.534642
-266.872	112.728	-0.536491
-266.874	112.728	-0.53799
-266.876	112.728	-0.539095
-266.879	112.728	-0.539772
-266.882	112.728	-0.54
-266.882	112.728	-0.56
-267.157	112.728	-0.56
-267.157	112.728	-0.51
-266.882	113.928	-0.51
-266.879	113.928	-0.510228
-266.876	113.928	-0.510905
-266.874	113.928	-0.51201
-266.872	113.928	-0.513509
-266.87	113.928	-0.515358
-266.869	113.928	-0.5175
-266.868	113.928	-0.51987
-266.867	113.928	-0.522395
-266.867	113.928	-0.525
-266.867	113.928	-0.527605
-266.868	113.928	-0.53013
-266.869	113.928	-0.5325
-266.87	113.928	-0.534642
-266.872	113.928	-0.536491
-266.874	113.928	-0.53799
-266.876	113.928	-0.539095
-266.879	113.928	-0.539772
-266.882	113.928	-0.54
-266.882	113.928	-0.56
-267.157	113.928	-0.56
-267.157	113.928	-0.51
-267.162	112.728	-0.35
-267.159	112.728	-0.350228
-267.156	112.728	-0.350905
-267.154	112.728	-0.35201
-267.152	112.728	-0.353509
-267.15	112.728	-0.355358
-267.149	112.728	-0.3575
-267.147	112.728	-0.35987
-267.147	112.728	-0.362395
-267.147	112.728	-0.365
-267.147	112.728	-0.367605
-267.147	112.728	-0.37013
-267.149	112.728	-0.3725
-267.15	112.728	-0.374642
-267.152	112.728	-0.376491
-267.154	112.728	-0.37799
-267.156	112.728	-0.379095
-267.159	112.728	-0.379772
-267.162	112.728	-0.38
-267.162	112.728	-0.4
-267.437	112.728	-0.4
-267.437	112.728	-0.35
-267.162	113.928	-0.35
-267.159	113.928	-0.350228
-267.156	113.928	-0.350905
-267.154	113.928	-0.35201
-267.152	113.928	-0.353509
-267.15	113.928	-0.355358
-267.149	113.928	-0.3575
-267.147	113.928	-0.35987
-267.147	113.928	-0.362395
-267.147	113.928	-0.365
-267.147	113.928	-0.367605
-267.147	113.928	-0.37013
-267.149	113.928	-0.3725
-267.15	113.928	-0.374642
-267.152	113.928	-0.376491
-267.154	113.928	-0.37799
-267.156	113.928	-0.379095
-267.159	113.928	-0.379772
-267.162	113.928	-0.38
-267.162	113.928	-0.4
-267.437	113.928	-0.4
-267.437	113.928	-0.35
-267.442	112.728	-0.19
-267.439	112.728	-0.190228
-267.436	112.728	-0.190905
-267.434	112.728	-0.19201
-267.432	112.728	-0.193509
-267.43	112.728	-0.195358
-267.429	112.728	-0.1975
-267.428	112.728	-0.19987
-267.427	112.728	-0.202395
-267.427	112.728	-0.205
-267.427	112.728	-0.207605
-267.428	112.728	-0.21013
-267.429	112.728	-0.2125
-267.43	112.728	-0.214642
-267.432	112.728	-0.216491
-267.434	112.728	-0.21799
-267.436	112.728	-0.219095
-267.439	112.728	-0.219772
-267.442	112.728	-0.22
-267.442	112.728	-0.24
-267.717	112.728	-0.24
-267.717	112.728	-0.19
-267.442	113.928	-0.19
-267.439	113.928	-0.190228
-267.436	113.928	-0.190905
-267.434	113.928	-0.19201
-267.432	113.928	-0.193509
-267.43	113.928	-0.195358
-267.429	113.928	-0.1975
-267.428	113.928	-0.19987
-267.427	113.928	-0.202395
-267.427	113.928	-0.205
-267.427	113.928	-0.207605
-267.428	113.928	-0.21013
-267.429	113.928	-0.2125
-267.43	113.928	-0.214642
-267.432	113.928	-0.216491
-267.434	113.928	-0.21799
-267.436	113.928	-0.219095
-267.439	113.928	-0.219772
-267.442	113.928	-0.22
-267.442	113.928	-0.24
-267.717	113.928	-0.24
-267.717	113.928	-0.19
-267.722	112.728	-0.03
-267.719	112.728	-0.0302279
-267.716	112.728	-0.0309046
-267.714	112.728	-0.0320096
-267.712	112.728	-0.0335093
-267.71	112.728	-0.0353582
-267.709	112.728	-0.0375
-267.707	112.728	-0.0398697
-267.707	112.728	-0.0423953
-267.707	112.728	-0.045
-267.707	112.728	-0.0476047
-267.707	112.728	-0.0501303
-267.709	112.728	-0.0525
-267.71	112.728	-0.0546418
-267.712	112.728	-0.0564907
-267.714	112.728	-0.0579904
-267.716	112.728	-0.0590954
-267.719	112.728	-0.0597721
-267.722	112.728	-0.06
-267.722	112.728	-0.08
-267.997	112.728	-0.08
-267.997	112.728	-0.03
-267.722	113.928	-0.03
-267.719	113.928	-0.0302279
-267.716	113.928	-0.0309046
-267.714	113.928	-0.0320096
-267.712	113.928	-0.0335093
-267.71	113.928	-0.0353582
-267.709	113.928	-0.0375
-267.707	113.928	-0.0398697
-267.707	113.928	-0.0423953
-267.707	113.928	-0.045
-267.707	113.928	-0.0476047
-267.707	113.928	-0.0501303
-267.709	113.928	-0.0525
-267.71	113.928	-0.0546418
-267.712	113.928	-0.0564907
-267.714	113.928	-0.0579904
-267.716	113.928	-0.0590954
-267.719	113.928	-0.0597721
-267.722	113.928	-0.06
-267.722	113.928	-0.08
-267.997	113.928	-0.08
-267.997	113.928	-0.03
-268.002	112.728	0.13
-267.999	112.728	0.129772
-267.996	112.728	0.129095
-267.994	112.728	0.12799
-267.992	112.728	0.126491
-267.99	112.728	0.124642
-267.989	112.728	0.1225
-267.988	112.728	0.12013
-267.987	112.728	0.117605
-267.987	112.728	0.115
-267.987	112.728	0.112395
-267.988	112.728	0.10987
-267.989	112.728	0.1075
-267.99	112.728	0.105358
-267.992	112.728	0.103509
-267.994	112.728	0.10201
-267.996	112.728	0.100905
-267.999	112.728	0.100228
-268.002	112.728	0.1
-268.002	112.728	0.08
-268.277	112.728	0.08
-268.277	112.728	0.13
-268.002	113.928	0.13
-267.999	113.928	0.129772
-267.996	113.928	0.129095
-267.994	113.928	0.12799
-267.992	113.928	0.126491
-267.99	113.928	0.124642
-267.989	113.928	0.1225
-267.988	113.928	0.12013
-267.987	113.928	0.117605
-267.987	113.928	0.115
-267.987	113.928	0.112395
-267.988	113.928	0.10987
-267.989	113.928	0.1075
-267.99	113.928	0.105358
-267.992	113.928	0.103509
-267.994	113.928	0.10201
-267.996	113.928	0.100905
-267.999	113.928	0.100228
-268.002	113.928	0.1
-268.002	113.928	0.08
-268.277	113.928	0.08
-268.277	113.928	0.13
-268.282	112.728	0.29
-268.279	112.728	0.289772
-268.276	112.728	0.289095
-268.274	112.728	0.28799
-268.272	112.728	0.286491
-268.27	112.728	0.284642
-268.269	112.728	0.2825
-268.267	112.728	0.28013
-268.267	112.728	0.277605
-268.267	112.728	0.275
-268.267	112.728	0.272395
-268.267	112.728	0.26987
-268.269	112.728	0.2675
-268.27	112.728	0.265358
-268.272	112.728	0.263509
-268.274	112.728	0.26201
-268.276	112.728	0.260905
-268.279	112.728	0.260228
-268.282	112.728	0.26
-268.282	112.728	0.24
-268.557	112.728	0.24
-268.557	112.728	0.29
-268.282	113.928	0.29
-268.279	113.928	0.289772
-268.276	113.928	0.289095
-268.274	113.928	0.28799
-268.272	113.928	0.286491
-268.27	113.928	0.284642
-268.269	113.928	0.2825
-268.267	113.928	0.28013
-268.267	113.928	0.277605
-268.267	113.928	0.275
-268.267	113.928	0.272395
-268.267	113.928	0.26987
-268.269	113.928	0.2675
-268.27	113.928	0.265358
-268.272	113.928	0.263509
-268.274	113.928	0.26201
-268.276	113.928	0.260905
-268.279	113.928	0.260228
-268.282	113.928	0.26
-268.282	113.928	0.24
-268.557	113.928	0.24
-268.557	113.928	0.29
-268.562	112.728	0.45
-268.559	112.728	0.449772
-268.556	112.728	0.449095
-268.554	112.728	0.44799
-268.552	112.728	0.446491
-268.55	112.728	0.444642
-268.549	112.728	0.4425
-268.548	112.728	0.44013
-268.547	112.728	0.437605
-268.547	112.728	0.435
-268.547	112.728	0.432395
-268.548	112.728	0.42987
-268.549	112.728	0.4275
-268.55	112.728	0.425358
-268.552	112.728	0.423509
-268.554	112.728	0.42201
-268.556	112.728	0.420905
-268.559	112.728	0.420228
-268.562	112.728	0.42
-268.562	112.728	0.4
-268.837	112.728	0.4
-268.837	112.728	0.45
-268.562	113.928	0.45
-268.559	113.928	0.449772
-268.556	113.928	0.449095
-268.554	113.928	0.44799
-268.552	113.928	0.446491
-268.55	113.928	0.444642
-268.549	113.928	0.4425
-268.548	113.928	0.44013
-268.547	113.928	0.437605
-268.547	113.928	0.435
-268.547	113.928	0.432395
-268.548	113.928	0.42987
-268.549	113.928	0.4275
-268.55	113.928	0.425358
-268.552	113.928	0.423509
-268.554	113.928	0.42201
-268.556	113.928	0.420905
-268.559	113.928	0.420228
-268.562	113.928	0.42
-268.562	113.928	0.4
-268.837	113.928	0.4
-268.837	113.928	0.45
-264.089	113.928	-2.27
-264.089	112.728	-2.27
-264.077	112.728	-2.27
-264.077	113.928	-2.27
-264.089	113.928	-2.13914
-264.089	112.728	-2.13914
-264.077	112.728	-2.13914
-264.077	113.928	-2.13914
-268.849	113.928	0.4
-268.849	112.728	0.4
-268.849	113.928	0.580858
-268.849	112.728	0.580858
-268.837	112.728	0.580858
-268.837	113.928	0.580858
-264.369	113.928	-2.16
-264.369	112.728	-2.16
-264.369	113.928	-1.97914
-264.369	112.728	-1.97914
-264.357	112.728	-1.97914
-264.357	113.928	-1.97914
-264.649	113.928	-2
-264.649	112.728	-2
-264.649	113.928	-1.81914
-264.649	112.728	-1.81914
-264.637	112.728	-1.81914
-264.637	113.928	-1.81914
-264.929	113.928	-1.84
-264.929	112.728	-1.84
-264.929	113.928	-1.65914
-264.929	112.728	-1.65914
-264.917	112.728	-1.65914
-264.917	113.928	-1.65914
-265.209	113.928	-1.68
-265.209	112.728	-1.68
-265.209	113.928	-1.49914
-265.209	112.728	-1.49914
-265.197	112.728	-1.49914
-265.197	113.928	-1.49914
-265.489	113.928	-1.52
-265.489	112.728	-1.52
-265.489	113.928	-1.33914
-265.489	112.728	-1.33914
-265.477	112.728	-1.33914
-265.477	113.928	-1.33914
-265.769	113.928	-1.36
-265.769	112.728	-1.36
-265.769	113.928	-1.17914
-265.769	112.728	-1.17914
-265.757	112.728	-1.17914
-265.757	113.928	-1.17914
-266.049	113.928	-1.2
-266.049	112.728	-1.2
-266.049	113.928	-1.01914
-266.049	112.728	-1.01914
-266.037	112.728	-1.01914
-266.037	113.928	-1.01914
-266.329	113.928	-1.04
-266.329	112.728	-1.04
-266.329	113.928	-0.859142
-266.329	112.728	-0.859142
-266.317	112.728	-0.859142
-266.317	113.928	-0.859142
-266.609	113.928	-0.88
-266.609	112.728	-0.88
-266.609	113.928	-0.699142
-266.609	112.728	-0.699142
-266.597	112.728	-0.699142
-266.597	113.928	-0.699142
-266.889	113.928	-0.72
-266.889	112.728	-0.72
-266.889	113.928	-0.539142
-266.889	112.728	-0.539142
-266.877	112.728	-0.539142
-266.877	113.928	-0.539142
-267.169	113.928	-0.56
-267.169	112.728	-0.56
-267.169	113.928	-0.379142
-267.169	112.728	-0.379142
-267.157	112.728	-0.379142
-267.157	113.928	-0.379142
-267.449	113.928	-0.4
-267.449	112.728	-0.4
-267.449	113.928	-0.219142
-267.449	112.728	-0.219142
-267.437	112.728	-0.219142
-267.437	113.928	-0.219142
-267.729	113.928	-0.24
-267.729	112.728	-0.24
-267.729	113.928	-0.0591421
-267.729	112.728	-0.0591421
-267.717	112.728	-0.0591421
-267.717	113.928	-0.0591421
-268.009	113.928	-0.08
-268.009	112.728	-0.08
-268.009	113.928	0.100858
-268.009	112.728	0.100858
-267.997	112.728	0.100858
-267.997	113.928	0.100858
-268.289	113.928	0.08
-268.289	112.728	0.08
-268.289	113.928	0.260858
-268.289	112.728	0.260858
-268.277	112.728	0.260858
-268.277	113.928	0.260858
-268.569	113.928	0.24
-268.569	112.728	0.24
-268.569	113.928	0.420858
-268.569	112.728	0.420858
-268.557	112.728	0.420858
-268.557	113.928	0.420858

#	Triangle	114
21	22	43	0	22	21	65	66	87	44	66	65	109	110	131	88	110	109	153	154	175	132	154	153	197	198	219	176	198	197	241	242	263	220	242	241	285	286	307	264	286	285	329	330	351	308	330	329	373	374	395	352	374	373	417	418	439	396	418	417	461	462	483	440	462	461	505	506	527	484	506	505	549	550	571	528	550	549	593	594	615	572	594	593	637	638	659	616	638	637	681	682	703	660	682	681	725	726	747	704	726	725	752	754	755	753	754	752	758	760	761	759	760	758	764	766	767	765	766	764	770	772	773	771	772	770	776	778	779	777	778	776	782	784	785	783	784	782	788	790	791	789	790	788	794	796	797	795	796	794	800	802	803	801	802	800	806	808	809	807	808	806	812	814	815	813	814	812	818	820	821	819	820	818	824	826	827	825	826	824	830	832	833	831	832	830	836	838	839	837	838	836	842	844	845	843	844	842	848	850	851	849	850	848	854	856	857	855	856	854
0	23	22	1	23	0
1	24	23	2	24	1	45	68	67	46	68	45	89	112	111	90	112	89	133	156	155	134	156	133	177	200	199	178	200	177	221	244	243	222	244	221	265	288	287	266	288	265
2	25	24	3	25	2	46	69	68	47	69	46	90	113	112	91	113	90	134	157	156	135	157	134	178	201	200	179	201	178	222	245	244	223	245	222	266	289	288	267	289	266
3	26	25	4	26	3
4	27	26	5	27	4	48	71	70	49	71	48	92	115	114	93	115	92	136	159	158	137	159	136	180	203	202	181	203	180	224	247	246	225	247	224	268	291	290	269	291	268	312	335	334	313	335	312	356	379	378	357	379	356	400	423	422	401	423	400	444	467	466	445	467	444
5	28	27	6	28	5	49	72	71	50	72	49	93	116	115	94	116	93	137	160	159	138	160	137	181	204	203	182	204	181	225	248	247	226	248	225	269	292	291	270	292	269
6	29	28	7	29	6
7	30	29	8	30	7
8	31	30	9	31	8	52	75	74	53	75	52	96	119	118	97	119	96	140	163	162	141	163	140	184	207	206	185	207	184	228	251	250	229	251	228	272	295	294	273	295	272	316	339	338	317	339	316	360	383	382	361	383	360	404	427	426	405	427	404	448	471	470	449	471	448	492	515	514	493	515	492	668	691	690	669	691	668	712	735	734	713	735	712
9	32	31	10	32	9	53	76	75	54	76	53	97	120	119	98	120	97	141	164	163	142	164	141	185	208	207	186	208	185	229	252	251	230	252	229	273	296	295	274	296	273	317	340	339	318	340	317	361	384	383	362	384	361	405	428	427	406	428	405	449	472	471	450	472	449	493	516	515	494	516	493	669	692	691	670	692	669	713	736	735	714	736	713
10	33	32	11	33	10
11	34	33	12	34	11
12	35	34	13	35	12	56	79	78	57	79	56	100	123	122	101	123	100	144	167	166	145	167	144	188	211	210	189	211	188	232	255	254	233	255	232	276	299	298	277	299	276
13	36	35	14	36	13	57	80	79	58	80	57	101	124	123	102	124	101	145	168	167	146	168	145	189	212	211	190	212	189	233	256	255	234	256	233	277	300	299	278	300	277	321	344	343	322	344	321	365	388	387	366	388	365	409	432	431	410	432	409	453	476	475	454	476	453
14	37	36	15	37	14
15	38	37	16	38	15	59	82	81	60	82	59	103	126	125	104	126	103	147	170	169	148	170	147	191	214	213	192	214	191	235	258	257	236	258	235	279	302	301	280	302	279
16	39	38	17	39	16	60	83	82	61	83	60	104	127	126	105	127	104	148	171	170	149	171	148	192	215	214	193	215	192	236	259	258	237	259	236	280	303	302	281	303	280
17	40	39	18	40	17
18	41	40	19	41	18	62	85	84	63	85	62	106	129	128	107	129	106	150	173	172	151	173	150	194	217	216	195	217	194	238	261	260	239	261	238	282	305	304	283	305	282	326	349	348	327	349	326	370	393	392	371	393	370	414	437	436	415	437	414	458	481	480	459	481	458	502	525	524	503	525	502	546	569	568	547	569	546	590	613	612	591	613	590	634	657	656	635	657	634	678	701	700	679	701	678	722	745	744	723	745	722	750	755	754	751	755	750	724	761	760	746	761	724	20	767	766	42	767	20	64	773	772	86	773	64	108	779	778	130	779	108	152	785	784	174	785	152	196	791	790	218	791	196	240	797	796	262	797	240	284	803	802	306	803	284	328	809	808	350	809	328	372	815	814	394	815	372	416	821	820	438	821	416	460	827	826	482	827	460	504	833	832	526	833	504	548	839	838	570	839	548	592	845	844	614	845	592	636	851	850	658	851	636	680	857	856	702	857	680
19	42	41	20	42	19	63	86	85	64	86	63	107	130	129	108	130	107	151	174	173	152	174	151	195	218	217	196	218	195	239	262	261	240	262	239	283	306	305	284	306	283	327	350	349	328	350	327	371	394	393	372	394	371	415	438	437	416	438	415	459	482	481	460	482	459	503	526	525	504	526	503	547	570	569	548	570	547	591	614	613	592	614	591	635	658	657	636	658	635	679	702	701	680	702	679	723	746	745	724	746	723	751	749	748	750	749	751	746	757	756	724	757	746	42	763	762	20	763	42	86	769	768	64	769	86	130	775	774	108	775	130	174	781	780	152	781	174	218	787	786	196	787	218	262	793	792	240	793	262	306	799	798	284	799	306	350	805	804	328	805	350	394	811	810	372	811	394	438	817	816	416	817	438	482	823	822	460	823	482	526	829	828	504	829	526	570	835	834	548	835	570	614	841	840	592	841	614	658	847	846	636	847	658	702	853	852	680	853	702
20	43	42	21	43	20	64	87	86	65	87	64	108	131	130	109	131	108	152	175	174	153	175	152	196	219	218	197	219	196	240	263	262	241	263	240	284	307	306	285	307	284	328	351	350	329	351	328	372	395	394	373	395	372	416	439	438	417	439	416	460	483	482	461	483	460	504	527	526	505	527	504	548	571	570	549	571	548	592	615	614	593	615	592	636	659	658	637	659	636	680	703	702	681	703	680	724	747	746	725	747	724	748	753	752	749	753	748	756	759	758	757	759	756	762	765	764	763	765	762	768	771	770	769	771	768	774	777	776	775	777	774	780	783	782	781	783	780	786	789	788	787	789	786	792	795	794	793	795	792	798	801	800	799	801	798	804	807	806	805	807	804	810	813	812	811	813	810	816	819	818	817	819	816	822	825	824	823	825	822	828	831	830	829	831	828	834	837	836	835	837	834	840	843	842	841	843	840	846	849	848	847	849	846	852	855	854	853	855	852
8	10	9	52	54	53	96	98	97	140	142	141	184	186	185	228	230	229	272	274	273	316	318	317	360	362	361	404	406	405	448	450	449	492	494	493	536	538	537	580	582	581	624	626	625	668	670	669	712	714	713
7	10	8	51	54	52	95	98	96	139	142	140	183	186	184	227	230	228	271	274	272	315	318	316	359	362	360	403	406	404	447	450	448	491	494	492	535	538	536	579	582	580	623	626	624	667	670	668	711	714	712
7	11	10	51	55	54	95	99	98	139	143	142	183	187	186	227	231	230	271	275	274	315	319	318	359	363	362	403	407	406	447	451	450	491	495	494	535	539	538	579	583	582	623	627	626	667	671	670	711	715	714
6	11	7	50	55	51	94	99	95	138	143	139	182	187	183	226	231	227	270	275	271	314	319	315	358	363	359	402	407	403	446	451	447	490	495	491	534	539	535	578	583	579	622	627	623	666	671	667	710	715	711
6	12	11	50	56	55	94	100	99	138	144	143	182	188	187	226	232	231	270	276	275	314	320	319	358	364	363	402	408	407	446	452	451	490	496	495	534	540	539	578	584	583	622	628	627	666	672	671	710	716	715
5	12	6	93	100	94	181	188	182	269	276	270	357	364	358	445	452	446	533	540	534	577	584	578	621	628	622	665	672	666	709	716	710
5	13	12	49	57	56	93	101	100	137	145	144	181	189	188	225	233	232	269	277	276	313	321	320	357	365	364	401	409	408	445	453	452	489	497	496	533	541	540	577	585	584	621	629	628	665	673	672	709	717	716
4	13	5	48	57	49	92	101	93	136	145	137	180	189	181	224	233	225	268	277	269	312	321	313	356	365	357	400	409	401	444	453	445	488	497	489	532	541	533	576	585	577	620	629	621	664	673	665	708	717	709
4	14	13	48	58	57	92	102	101	136	146	145	180	190	189	224	234	233	268	278	277	312	322	321	356	366	365	400	410	409	444	454	453	488	498	497	532	542	541	576	586	585	620	630	629	664	674	673	708	718	717
3	14	4	47	58	48	91	102	92	135	146	136	179	190	180	223	234	224	267	278	268	311	322	312	355	366	356	399	410	400	443	454	444	487	498	488	531	542	532	575	586	576	619	630	620	663	674	664	707	718	708
3	15	14	47	59	58	91	103	102	135	147	146	179	191	190	223	235	234	267	279	278	311	323	322	355	367	366	399	411	410	443	455	454	487	499	498	531	543	542	575	587	586	619	631	630	663	675	674	707	719	718
2	15	3	46	59	47	90	103	91	134	147	135	178	191	179	222	235	223	266	279	267	310	323	311	354	367	355	398	411	399	442	455	443	486	499	487	530	543	531	574	587	575	618	631	619	662	675	663	706	719	707
2	16	15	46	60	59	90	104	103	134	148	147	178	192	191	222	236	235	266	280	279	310	324	323	354	368	367	398	412	411	442	456	455	486	500	499	530	544	543	574	588	587	618	632	631	662	676	675	706	720	719
1	16	2	45	60	46	89	104	90	133	148	134	177	192	178	221	236	222	265	280	266	309	324	310	353	368	354	397	412	398	441	456	442	485	500	486	529	544	530	573	588	574	617	632	618	661	676	662	705	720	706
1	17	16	45	61	60	89	105	104	133	149	148	177	193	192	221	237	236	265	281	280	309	325	324	353	369	368	397	413	412	441	457	456	485	501	500	529	545	544	573	589	588	617	633	632	661	677	676	705	721	720
0	17	1	44	61	45	88	105	89	132	149	133	176	193	177	220	237	221	264	281	265	308	325	309	352	369	353	396	413	397	440	457	441	484	501	485	528	545	529	572	589	573	616	633	617	660	677	661	704	721	705
0	18	17	44	62	61	88	106	105	132	150	149	176	194	193	220	238	237	264	282	281	308	326	325	352	370	369	396	414	413	440	458	457	484	502	501	528	546	545	572	590	589	616	634	633	660	678	677	704	722	721
21	18	0	21	19	18	21	20	19	65	62	44	65	63	62	65	64	63	109	106	88	109	107	106	109	108	107	153	150	132	153	151	150	153	152	151	197	194	176	197	195	194	197	196	195	241	238	220	241	239	238	241	240	239	285	282	264	285	283	282	285	284	283	329	326	308	329	327	326	329	328	327	373	370	352	373	371	370	373	372	371	417	414	396	417	415	414	417	416	415	461	458	440	461	459	458	461	460	459	505	502	484	505	503	502	505	504	503	549	546	528	549	547	546	549	548	547	593	590	572	593	591	590	593	592	591	637	634	616	637	635	634	637	636	635	681	678	660	681	679	678	681	680	679	725	722	704	725	723	722	725	724	723	749	754	753	750	754	749	757	760	759	724	760	757	763	766	765	20	766	763	769	772	771	64	772	769	775	778	777	108	778	775	781	784	783	152	784	781	787	790	789	196	790	787	793	796	795	240	796	793	799	802	801	284	802	799	805	808	807	328	808	805	811	814	813	372	814	811	817	820	819	416	820	817	823	826	825	460	826	823	829	832	831	504	832	829	835	838	837	548	838	835	841	844	843	592	844	841	847	850	849	636	850	847	853	856	855	680	856	853
32	30	31	76	74	75	120	118	119	164	162	163	208	206	207	252	250	251	296	294	295	340	338	339	384	382	383	428	426	427	472	470	471	516	514	515	560	558	559	604	602	603	648	646	647	692	690	691	736	734	735
33	30	32	77	74	76	121	118	120	165	162	164	209	206	208	253	250	252	297	294	296	341	338	340	385	382	384	429	426	428	473	470	472	517	514	516	561	558	560	605	602	604	649	646	648	693	690	692	737	734	736
33	29	30	77	73	74	121	117	118	165	161	162	209	205	206	253	249	250	297	293	294	341	337	338	385	381	382	429	425	426	473	469	470	517	513	514	561	557	558	605	601	602	649	645	646	693	689	690	737	733	734
34	29	33	78	73	77	122	117	121	166	161	165	210	205	209	254	249	253	298	293	297	342	337	341	386	381	385	430	425	429	474	469	473	518	513	517	562	557	561	606	601	605	650	645	649	694	689	693	738	733	737
34	28	29	78	72	73	122	116	117	166	160	161	210	204	205	254	248	249	298	292	293	342	336	337	386	380	381	430	424	425	474	468	469	518	512	513	562	556	557	606	600	601	650	644	645	694	688	689	738	732	733
35	28	34	123	116	122	211	204	210	299	292	298	387	380	386	475	468	474	563	556	562	607	600	606	651	644	650	695	688	694	739	732	738
35	27	28	79	71	72	123	115	116	167	159	160	211	203	204	255	247	248	299	291	292	343	335	336	387	379	380	431	423	424	475	467	468	519	511	512	563	555	556	607	599	600	651	643	644	695	687	688	739	731	732
36	27	35	80	71	79	124	115	123	168	159	167	212	203	211	256	247	255	300	291	299	344	335	343	388	379	387	432	423	431	476	467	475	520	511	519	564	555	563	608	599	607	652	643	651	696	687	695	740	731	739
36	26	27	80	70	71	124	114	115	168	158	159	212	202	203	256	246	247	300	290	291	344	334	335	388	378	379	432	422	423	476	466	467	520	510	511	564	554	555	608	598	599	652	642	643	696	686	687	740	730	731
37	26	36	81	70	80	125	114	124	169	158	168	213	202	212	257	246	256	301	290	300	345	334	344	389	378	388	433	422	432	477	466	476	521	510	520	565	554	564	609	598	608	653	642	652	697	686	696	741	730	740
37	25	26	81	69	70	125	113	114	169	157	158	213	201	202	257	245	246	301	289	290	345	333	334	389	377	378	433	421	422	477	465	466	521	509	510	565	553	554	609	597	598	653	641	642	697	685	686	741	729	730
38	25	37	82	69	81	126	113	125	170	157	169	214	201	213	258	245	257	302	289	301	346	333	345	390	377	389	434	421	433	478	465	477	522	509	521	566	553	565	610	597	609	654	641	653	698	685	697	742	729	741
38	24	25	82	68	69	126	112	113	170	156	157	214	200	201	258	244	245	302	288	289	346	332	333	390	376	377	434	420	421	478	464	465	522	508	509	566	552	553	610	596	597	654	640	641	698	684	685	742	728	729
39	24	38	83	68	82	127	112	126	171	156	170	215	200	214	259	244	258	303	288	302	347	332	346	391	376	390	435	420	434	479	464	478	523	508	522	567	552	566	611	596	610	655	640	654	699	684	698	743	728	742
39	23	24	83	67	68	127	111	112	171	155	156	215	199	200	259	243	244	303	287	288	347	331	332	391	375	376	435	419	420	479	463	464	523	507	508	567	551	552	611	595	596	655	639	640	699	683	684	743	727	728
40	23	39	84	67	83	128	111	127	172	155	171	216	199	215	260	243	259	304	287	303	348	331	347	392	375	391	436	419	435	480	463	479	524	507	523	568	551	567	612	595	611	656	639	655	700	683	699	744	727	743
40	22	23	84	66	67	128	110	111	172	154	155	216	198	199	260	242	243	304	286	287	348	330	331	392	374	375	436	418	419	480	462	463	524	506	507	568	550	551	612	594	595	656	638	639	700	682	683	744	726	727
42	40	41	42	22	40	42	43	22	86	84	85	86	66	84	86	87	66	130	128	129	130	110	128	130	131	110	174	172	173	174	154	172	174	175	154	218	216	217	218	198	216	218	219	198	262	260	261	262	242	260	262	263	242	306	304	305	306	286	304	306	307	286	350	348	349	350	330	348	350	351	330	394	392	393	394	374	392	394	395	374	438	436	437	438	418	436	438	439	418	482	480	481	482	462	480	482	483	462	526	524	525	526	506	524	526	527	506	570	568	569	570	550	568	570	571	550	614	612	613	614	594	612	614	615	594	658	656	657	658	638	656	658	659	638	702	700	701	702	682	700	702	703	682	746	744	745	746	726	744	746	747	726	751	752	755	748	752	751	746	758	761	756	758	746	42	764	767	762	764	42	86	770	773	768	770	86	130	776	779	774	776	130	174	782	785	780	782	174	218	788	791	786	788	218	262	794	797	792	794	262	306	800	803	798	800	306	350	806	809	804	806	350	394	812	815	810	812	394	438	818	821	816	818	438	482	824	827	822	824	482	526	830	833	828	830	526	570	836	839	834	836	570	614	842	845	840	842	614	658	848	851	846	848	658	702	854	857	852	854	702
44	67	66	45	67	44	88	111	110	89	111	88	132	155	154	133	155	132	176	199	198	177	199	176	220	243	242	221	243	220	264	287	286	265	287	264	308	331	330	309	331	308	352	375	374	353	375	352	396	419	418	397	419	396
47	70	69	48	70	47	91	114	113	92	114	91	135	158	157	136	158	135	179	202	201	180	202	179	223	246	245	224	246	223	267	290	289	268	290	267
50	73	72	51	73	50	94	117	116	95	117	94	138	161	160	139	161	138	182	205	204	183	205	182	226	249	248	227	249	226	270	293	292	271	293	270
51	74	73	52	74	51	95	118	117	96	118	95	139	162	161	140	162	139	183	206	205	184	206	183	227	250	249	228	250	227	271	294	293	272	294	271
54	77	76	55	77	54	98	121	120	99	121	98	142	165	164	143	165	142	186	209	208	187	209	186	230	253	252	231	253	230	274	297	296	275	297	274
55	78	77	56	78	55	99	122	121	100	122	99	143	166	165	144	166	143	187	210	209	188	210	187	231	254	253	232	254	231	275	298	297	276	298	275
58	81	80	59	81	58	102	125	124	103	125	102	146	169	168	147	169	146	190	213	212	191	213	190	234	257	256	235	257	234	278	301	300	279	301	278
61	84	83	62	84	61	105	128	127	106	128	105	149	172	171	150	172	149	193	216	215	194	216	193	237	260	259	238	260	237	281	304	303	282	304	281	325	348	347	326	348	325	369	392	391	370	392	369	413	436	435	414	436	413	457	480	479	458	480	457
49	56	50	137	144	138	225	232	226	313	320	314	401	408	402	489	496	490
79	72	78	167	160	166	255	248	254	343	336	342	431	424	430	519	512	518
309	332	331	310	332	309	353	376	375	354	376	353	397	420	419	398	420	397
310	333	332	311	333	310	354	377	376	355	377	354	398	421	420	399	421	398	442	465	464	443	465	442
311	334	333	312	334	311	355	378	377	356	378	355	399	422	421	400	422	399	443	466	465	444	466	443
313	336	335	314	336	313	357	380	379	358	380	357	401	424	423	402	424	401	445	468	467	446	468	445
314	337	336	315	337	314	358	381	380	359	381	358	402	425	424	403	425	402	446	469	468	447	469	446	490	513	512	491	513	490	666	689	688	667	689	666	710	733	732	711	733	710
315	338	337	316	338	315	359	382	381	360	382	359	403	426	425	404	426	403	447	470	469	448	470	447	491	514	513	492	514	491	535	558	557	536	558	535	667	690	689	668	690	667	711	734	733	712	734	711
318	341	340	319	341	318	362	385	384	363	385	362	406	429	428	407	429	406	450	473	472	451	473	450	494	517	516	495	517	494	538	561	560	539	561	538	670	693	692	671	693	670	714	737	736	715	737	714
319	342	341	320	342	319	363	386	385	364	386	363	407	430	429	408	430	407	451	474	473	452	474	451	495	518	517	496	518	495	671	694	693	672	694	671	715	738	737	716	738	715
320	343	342	321	343	320	364	387	386	365	387	364	408	431	430	409	431	408	452	475	474	453	475	452
322	345	344	323	345	322	366	389	388	367	389	366	410	433	432	411	433	410	454	477	476	455	477	454
323	346	345	324	346	323	367	390	389	368	390	367	411	434	433	412	434	411	455	478	477	456	478	455
324	347	346	325	347	324	368	391	390	369	391	368	412	435	434	413	435	412	456	479	478	457	479	456
440	463	462	441	463	440	484	507	506	485	507	484	660	683	682	661	683	660	704	727	726	705	727	704
441	464	463	442	464	441	485	508	507	486	508	485	529	552	551	530	552	529	573	596	595	574	596	573	617	640	639	618	640	617	661	684	683	662	684	661	705	728	727	706	728	705
486	509	508	487	509	486	662	685	684	663	685	662	706	729	728	707	729	706
487	510	509	488	510	487	531	554	553	532	554	531	663	686	685	664	686	663	707	730	729	708	730	707
488	511	510	489	511	488	532	555	554	533	555	532	664	687	686	665	687	664	708	731	730	709	731	708
489	512	511	490	512	489	533	556	555	534	556	533	577	600	599	578	600	577	621	644	643	622	644	621	665	688	687	666	688	665	709	732	731	710	732	709
496	519	518	497	519	496	540	563	562	541	563	540	584	607	606	585	607	584	628	651	650	629	651	628	672	695	694	673	695	672	716	739	738	717	739	716
497	520	519	498	520	497	541	564	563	542	564	541	673	696	695	674	696	673	717	740	739	718	740	717
498	521	520	499	521	498	542	565	564	543	565	542	674	697	696	675	697	674	718	741	740	719	741	718
499	522	521	500	522	499	587	610	609	588	610	587	631	654	653	632	654	631	675	698	697	676	698	675	719	742	741	720	742	719
500	523	522	501	523	500	544	567	566	545	567	544	588	611	610	589	611	588	632	655	654	633	655	632	676	699	698	677	699	676	720	743	742	721	743	720
501	524	523	502	524	501	677	700	699	678	700	677	721	744	743	722	744	721
528	551	550	529	551	528	616	639	638	617	639	616
530	553	552	531	553	530
534	557	556	535	557	534
536	559	558	537	559	536	580	603	602	581	603	580	624	647	646	625	647	624
537	560	559	538	560	537	581	604	603	582	604	581	625	648	647	626	648	625
539	562	561	540	562	539
543	566	565	544	566	543
545	568	567	546	568	545
572	595	594	573	595	572
574	597	596	575	597	574
575	598	597	576	598	575
576	599	598	577	599	576	620	643	642	621	643	620
578	601	600	579	601	578	622	645	644	623	645	622
579	602	601	580	602	579	623	646	645	624	646	623
582	605	604	583	605	582	626	649	648	627	649	626
583	606	605	584	606	583	627	650	649	628	650	627
585	608	607	586	608	585	629	652	651	630	652	629
586	609	608	587	609	586
589	612	611	590	612	589	633	656	655	634	656	633
618	641	640	619	641	618
619	642	641	620	642	619
630	653	652	631	653	630

#	Normal	114
-0	-0	1
0.0864497	-0	0.996256
0.258289	-0	0.966068
0.426441	-0	0.904515
0.571002	-0	0.820949
0.708088	-0	0.706124
0.819105	-0	0.573644
0.907948	-0	0.419082
0.964891	-0	0.262652
0.996492	-0	0.083687
0.996492	-0	-0.083687
0.964891	-0	-0.262652
0.907948	-0	-0.419082
0.819105	-0	-0.573644
0.708088	-0	-0.706124
0.571002	-0	-0.820949
0.426441	-0	-0.904515
0.258289	-0	-0.966068
0.0864497	-0	-0.996256
1	-0	-0
-0	0	-1
-1	-0	-0
-0	-1.13957e-006	-0
-0	-3.58151e-006	-0
-0	-7.05426e-006	-0
-0	-1.12227e-005	-0
-0	-1.64062e-005	-0
-0	-2.25e-005	-0
-0	-2.89255e-005	-0
-0	-3.55543e-005	-0
-0	-4.2372e-005	-0
-0	-4.95537e-005	-0
-0	-5.60214e-005	-0
-0	-6.08929e-005	-0
-0	-6.60725e-005	-0
-0	-7.13583e-005	-0
-0	-7.47843e-005	-0
-0	-7.75541e-005	-0
-0	-7.875e-005	-0
0	-1	-0
-0	1.13957e-006	-0
-0	3.58151e-006	-0
-0	7.05426e-006	-0
-0	1.12227e-005	-0
-0	1.64062e-005	-0
-0	2.25e-005	-0
-0	2.89255e-005	-0
-0	3.55543e-005	-0
-0	4.2372e-005	-0
-0	4.95537e-005	-0
-0	5.60214e-005	-0
-0	6.08929e-005	-0
-0	6.60725e-005	-0
-0	7.13583e-005	-0
-0	7.47843e-005	-0
-0	7.75541e-005	-0
-0	7.875e-005	-0
-0	1	-0
0.0864957	-0	0.996252
0.570971	-0	0.820971
0.907957	-0	0.419064
0.964887	-0	0.262664
0.964887	-0	-0.262664
0.907957	-0	-0.419064
0.570971	-0	-0.820971
0.0864957	-0	-0.996252
-0	-2.25e-005	-0
-0	2.25e-005	-0
0.258267	-0	0.966074
0.426461	-0	0.904506
0.570986	-0	0.82096
0.819097	-0	0.573655
0.907953	-0	0.419073
0.964889	-0	0.262658
0.964889	-0	-0.262658
0.907953	-0	-0.419073
0.819097	-0	-0.573655
0.570986	-0	-0.82096
0.426461	-0	-0.904506
0.258267	-0	-0.966074
0.0864842	-0	0.996253
0.258278	-0	0.966071
0.426451	-0	0.904511
0.570994	-0	0.820954
0.708082	-0	0.70613
0.819101	-0	0.57365
0.819101	-0	-0.57365
0.708082	-0	-0.70613
0.570994	-0	-0.820954
0.426451	-0	-0.904511
0.258278	-0	-0.966071
0.0864842	-0	-0.996253
0.0864899	-0	0.996253
0.426446	-0	0.904513
0.907954	-0	0.419071
0.996492	-0	0.0836875
0.996492	-0	-0.0836875
0.907954	-0	-0.419071
0.426446	-0	-0.904513
0.0864899	-0	-0.996253
0.0864878	-0	0.996253
0.42645	-0	0.904511
0.570991	-0	0.820956
0.708083	-0	0.706129
0.907953	-0	0.419072
0.964889	-0	0.262657
0.964889	-0	-0.262657
0.907953	-0	-0.419072
0.708083	-0	-0.706129
0.570991	-0	-0.820956
0.086487	-0	-0.996253
0.426448	-0	0.904512
0.57099	-0	0.820957
0.57099	-0	-0.820957

#	Mesh	0	End

