#	Mesh	0	Begin

#	Vertex	92
-205.492	116.849	1.7989
-205.495	116.851	1.7969
-205.315	116.764	1.45049
-205.312	116.762	1.45249
-206.222	115.336	1.7989
-206.225	115.337	1.7969
-206.045	115.251	1.45049
-206.042	115.249	1.45249
-205.186	116.701	1.49
-205.182	116.7	1.49
-205.182	116.7	1.89
-205.186	116.701	1.89
-205.915	115.188	1.49
-205.912	115.187	1.49
-205.912	115.187	1.89
-205.915	115.188	1.89
-205.491	116.804	1.76426
-205.347	116.735	1.48713
-205.34	116.731	1.49166
-205.332	116.728	1.49596
-205.325	116.724	1.50002
-205.317	116.72	1.50383
-205.309	116.717	1.50739
-205.302	116.713	1.5107
-205.294	116.709	1.51376
-205.286	116.705	1.51656
-205.278	116.701	1.5191
-205.269	116.697	1.52137
-205.261	116.694	1.52339
-205.253	116.69	1.52514
-205.245	116.686	1.52662
-205.236	116.682	1.52784
-205.228	116.678	1.52878
-205.22	116.673	1.52946
-205.211	116.669	1.52986
-205.203	116.665	1.53
-205.203	116.665	1.85
-205.22	116.673	1.84973
-205.236	116.682	1.84892
-205.253	116.69	1.84756
-205.27	116.698	1.84567
-205.286	116.706	1.84324
-205.303	116.714	1.84028
-205.32	116.722	1.83678
-205.336	116.73	1.83275
-205.352	116.737	1.82819
-205.368	116.745	1.82311
-205.384	116.753	1.81752
-205.4	116.761	1.8114
-205.416	116.768	1.80478
-205.431	116.776	1.79766
-205.447	116.783	1.79004
-205.462	116.79	1.78192
-205.477	116.797	1.77333
-206.186	115.363	1.76426
-206.042	115.294	1.48713
-206.035	115.29	1.49166
-206.027	115.287	1.49596
-206.02	115.283	1.50002
-206.012	115.279	1.50383
-206.004	115.276	1.50739
-205.997	115.272	1.5107
-205.989	115.268	1.51376
-205.981	115.264	1.51656
-205.973	115.26	1.5191
-205.965	115.256	1.52137
-205.956	115.252	1.52339
-205.948	115.248	1.52514
-205.94	115.244	1.52662
-205.932	115.24	1.52784
-205.923	115.236	1.52878
-205.915	115.232	1.52946
-205.906	115.228	1.52986
-205.898	115.224	1.53
-205.898	115.224	1.85
-205.915	115.232	1.84973
-205.932	115.24	1.84892
-205.948	115.249	1.84756
-205.965	115.257	1.84567
-205.982	115.265	1.84324
-205.998	115.273	1.84028
-206.015	115.281	1.83678
-206.031	115.288	1.83275
-206.047	115.296	1.82819
-206.063	115.304	1.82311
-206.079	115.312	1.81752
-206.095	115.319	1.8114
-206.111	115.327	1.80478
-206.126	115.334	1.79766
-206.142	115.342	1.79004
-206.157	115.349	1.78192
-206.172	115.356	1.77333

#	Triangle	147
3	4	7	0	4	3
0	5	4	1	5	0
1	6	5	2	6	1
2	7	6	3	7	2
3	1	0	2	1	3
4	6	7	5	6	4
11	12	15	8	12	11
8	13	12	9	13	8
9	14	13	10	14	9
10	15	14	11	15	10
11	9	8	10	9	11
12	14	15	13	14	12
53	54	91	16	54	53
16	55	54
17	55	16
17	56	55
18	56	17
18	57	56	19	57	18
19	58	57	20	58	19
20	59	58
21	59	20
21	60	59
22	60	21
22	61	60
23	61	22
23	62	61
24	62	23
24	63	62	25	63	24
25	64	63	26	64	25
26	65	64
27	65	26
27	66	65
28	66	27
28	67	66
29	67	28
29	68	67	30	68	29
30	69	68	31	69	30
31	70	69
32	70	31
32	71	70
33	71	32
33	72	71
34	72	33
34	73	72
35	73	34
35	74	73	36	74	35
36	75	74	37	75	36
37	76	75
38	76	37
38	77	76
39	77	38
39	78	77
40	78	39
40	79	78	41	79	40
41	80	79
42	80	41
42	81	80
43	81	42
43	82	81
44	82	43
44	83	82
45	83	44
45	84	83
46	84	45
46	85	84
47	85	46
47	86	85
48	86	47
48	87	86
49	87	48
49	88	87
50	88	49
50	89	88
51	89	50
51	90	89	52	90	51
52	91	90	53	91	52
53	17	16
52	17	53
51	17	52
50	17	51
49	17	50
48	17	49
47	17	48
46	17	47
45	17	46
44	17	45
43	17	44
42	17	43
41	17	42
40	17	41
39	17	40
38	17	39
37	17	38	36	17	37
35	34	36
34	33	36
33	32	36
32	31	36
31	30	36
30	29	36
29	28	36
28	27	36
27	26	36
26	25	36
25	24	36
24	23	36
23	22	36
22	21	36
21	20	36
20	19	36
19	18	36
18	17	36
55	91	54
55	90	91
55	89	90
55	88	89
55	87	88
55	86	87
55	85	86
55	84	85
55	83	84
55	82	83
55	81	82
55	80	81
55	79	80
55	78	79
55	77	78
55	76	77
55	75	76
55	74	75
55	56	74
56	57	74
57	58	74
58	59	74
59	60	74
60	61	74
61	62	74
62	63	74
63	64	74
64	65	74
65	66	74
66	67	74
67	68	74
68	69	74
69	70	74
70	71	74
71	72	74
72	73	74

#	Normal	147
0.780025	-0.376243	0.500003
-0.449799	0.216959	0.866377
-0.780025	0.376243	-0.500003
0.449799	-0.216959	-0.866377
0.434533	0.900656	5.31119e-005
-0.434533	-0.900656	-5.31119e-005
-0.900696	0.434449	-0
-0	-0	-1
0.900696	-0.434451	-0
0	-0	1
0.436226	0.899837	0
-0.43464	-0.900604	0
-0.438971	0.211735	0.873197
-0.780028	0.376241	-0.5
-0.780033	0.376241	-0.499992
0.439257	-0.211872	-0.87302
0.438676	-0.211596	-0.873379
0.415875	-0.200598	-0.887022
0.392435	-0.189292	-0.900091
0.368533	-0.177763	-0.91246
0.369044	-0.178005	-0.912207
0.344579	-0.166204	-0.923927
0.344462	-0.166149	-0.923981
0.320526	-0.154604	-0.934538
0.320182	-0.15444	-0.934683
0.295631	-0.142598	-0.944599
0.296055	-0.142799	-0.944436
0.270703	-0.130571	-0.953767
0.245822	-0.11857	-0.962036
0.220585	-0.106397	-0.969547
0.220183	-0.106206	-0.969659
0.194856	-0.0939897	-0.976318
0.195215	-0.09416	-0.97623
0.169304	-0.0816621	-0.982175
0.169243	-0.0816332	-0.982188
0.143432	-0.0691833	-0.987239
0.117569	-0.0567087	-0.991444
0.0916499	-0.0442067	-0.99481
0.0915117	-0.044141	-0.994825
0.0654352	-0.031563	-0.997358
0.0654591	-0.0315743	-0.997356
0.0392326	-0.0189239	-0.999051
0.039292	-0.0189521	-0.999048
0.0131124	-0.00632463	-0.999894
0.0130877	-0.00631291	-0.999894
0.900694	-0.434454	-0
-0.0131	0.00631884	0.999894
-0.0392918	0.0189526	0.999048
-0.0392552	0.0189344	0.99905
-0.0654534	0.0315708	0.997356
-0.0654652	0.0315767	0.997355
-0.0915228	0.0441454	0.994824
-0.0915748	0.0441712	0.994818
-0.117547	0.0566992	0.991447
-0.143533	0.0692332	0.987221
-0.143426	0.0691802	0.98724
-0.169285	0.0816529	0.982179
-0.169315	0.0816679	0.982172
-0.194926	0.0940214	0.976301
-0.195035	0.0940754	0.976274
-0.220506	0.106362	0.969569
-0.220346	0.106282	0.969614
-0.245638	0.118481	0.962094
-0.245816	0.11857	0.962037
-0.270949	0.130693	0.95368
-0.270755	0.130596	0.953748
-0.295627	0.142593	0.944601
-0.295837	0.142698	0.94452
-0.320299	0.154497	0.934633
-0.320353	0.154524	0.93461
-0.344812	0.166322	0.923819
-0.344516	0.166174	0.923956
-0.368728	0.177852	0.912364
-0.368789	0.177883	0.912334
-0.392436	0.189289	0.900091
-0.415881	0.200597	0.88702
0.434469	0.900687	2.26052e-005
0.434326	0.900756	-5.70851e-005
0.434481	0.900681	1.71281e-005
0.434307	0.900765	-5.31238e-005
0.434458	0.900692	-2.74205e-006
0.434254	0.900791	-5.72152e-005
0.434713	0.900569	3.53966e-005
0.434158	0.900837	-4.16489e-005
0.434604	0.900621	-6.9241e-006
0.434364	0.900737	-1.13294e-005
0.434791	0.900531	-2.83392e-005
0.43417	0.900831	3.19684e-005
0.434247	0.900794	2.01134e-005
0.43465	0.900599	-6.44209e-005
0.434685	0.900583	-7.36724e-005
0.434371	0.900734	2.72876e-005
0.434408	0.900716	1.31371e-005
0.434421	0.90071	-0
0.434397	0.900722	7.80168e-007
0.434372	0.900733	2.3489e-006
0.434348	0.900745	4.71873e-006
0.434298	0.900769	1.10903e-005
0.434247	0.900794	1.91672e-005
0.434886	0.900485	-0.000102214
0.434789	0.900532	-8.09089e-005
0.433997	0.900914	0.000116607
0.434617	0.900615	-5.56251e-005
0.43451	0.900667	-2.2836e-005
0.435146	0.90036	-0.000234416
0.433383	0.90121	0.000397023
0.434893	0.900482	-0.000181052
0.434685	0.900582	-9.66575e-005
0.434495	0.900674	-1.50029e-005
0.434256	0.90079	9.26931e-005
0.433997	0.900915	0.000214643
-0.434479	-0.900682	-3.40203e-006
-0.434335	-0.900751	7.65772e-005
-0.434489	-0.900677	2.61621e-006
-0.434636	-0.900606	-5.67641e-005
-0.434447	-0.900698	6.60718e-006
-0.434588	-0.900629	-3.10604e-005
-0.43438	-0.90073	1.08705e-005
-0.434489	-0.900677	-4.3263e-006
-0.434265	-0.900785	1.31614e-005
-0.434702	-0.900574	5.13575e-006
-0.434096	-0.900867	-1.89989e-005
-0.434526	-0.900659	2.27387e-005
-0.434587	-0.90063	3.21566e-005
-0.434648	-0.9006	4.4864e-005
-0.433994	-0.900916	-0.000128643
-0.434721	-0.900565	0.00010462
-0.434396	-0.900722	-1.77538e-005
-0.434408	-0.900716	-1.22961e-005
-0.434995	-0.900433	0.00027482
-0.434268	-0.900784	-6.74945e-005
-0.434506	-0.900669	3.97344e-005
-0.433824	-0.900998	-0.000252602
-0.434025	-0.900901	-0.000171034
-0.435022	-0.90042	0.00021089
-0.434369	-0.900735	-2.30814e-005
-0.43451	-0.900667	2.36479e-005
-0.434617	-0.900615	5.64226e-005
-0.43397	-0.900927	-0.000123396
-0.434815	-0.90052	8.71946e-005
-0.434166	-0.900833	-5.55035e-005
-0.434244	-0.900795	-4.0646e-005
-0.434295	-0.900771	-3.24785e-005
-0.435014	-0.900424	5.95721e-005
-0.435059	-0.900402	6.38913e-005
-0.433739	-0.901039	-2.11966e-005
-0.434397	-0.900722	-0

#	Mesh	0	End

