#	Mesh	0	Begin

#	Vertex	72
-216.45	106.222	0.35538
-216.45	106.226	0.356508
-216.45	106.23	0.358349
-216.45	106.233	0.360849
-216.45	106.236	0.36393
-216.45	106.239	0.3675
-216.45	106.241	0.371449
-216.45	106.242	0.375659
-216.45	106.242	0.38
-216.45	106.242	0.384341
-216.45	106.241	0.388551
-216.45	106.239	0.3925
-216.45	106.236	0.39607
-216.45	106.233	0.399151
-216.45	106.23	0.401651
-216.45	106.226	0.403492
-216.45	106.222	0.40462
-216.45	106.217	0.405
-216.45	106.213	0.40462
-216.45	106.209	0.403492
-216.45	106.205	0.401651
-216.45	106.201	0.399151
-216.45	106.198	0.39607
-216.45	106.196	0.3925
-216.45	106.194	0.388551
-216.45	106.193	0.384341
-216.45	106.192	0.38
-216.45	106.193	0.375659
-216.45	106.194	0.371449
-216.45	106.196	0.3675
-216.45	106.198	0.36393
-216.45	106.201	0.360849
-216.45	106.205	0.358349
-216.45	106.209	0.356508
-216.45	106.213	0.35538
-216.45	106.217	0.355
-214.263	106.222	0.35538
-214.263	106.226	0.356508
-214.263	106.23	0.358349
-214.263	106.233	0.360849
-214.263	106.236	0.36393
-214.263	106.239	0.3675
-214.263	106.241	0.371449
-214.263	106.242	0.375659
-214.263	106.242	0.38
-214.263	106.242	0.384341
-214.263	106.241	0.388551
-214.263	106.239	0.3925
-214.263	106.236	0.39607
-214.263	106.233	0.399151
-214.263	106.23	0.401651
-214.263	106.226	0.403492
-214.263	106.222	0.40462
-214.263	106.217	0.405
-214.263	106.213	0.40462
-214.263	106.209	0.403492
-214.263	106.205	0.401651
-214.263	106.201	0.399151
-214.263	106.198	0.39607
-214.263	106.196	0.3925
-214.263	106.194	0.388551
-214.263	106.193	0.384341
-214.263	106.192	0.38
-214.263	106.193	0.375659
-214.263	106.194	0.371449
-214.263	106.196	0.3675
-214.263	106.198	0.36393
-214.263	106.201	0.360849
-214.263	106.205	0.358349
-214.263	106.209	0.356508
-214.263	106.213	0.35538
-214.263	106.217	0.355

#	Triangle	56
35	36	71	0	36	35
0	37	36	1	37	0
1	38	37	2	38	1
2	39	38	3	39	2
3	40	39	4	40	3
4	41	40	5	41	4
5	42	41	6	42	5
6	43	42	7	43	6
7	44	43	8	44	7
8	45	44	9	45	8
9	46	45	10	46	9
10	47	46	11	47	10
11	48	47	12	48	11
12	49	48	13	49	12
13	50	49	14	50	13
14	51	50	15	51	14
15	52	51	16	52	15
16	53	52	17	53	16
17	54	53	18	54	17
18	55	54	19	55	18
19	56	55	20	56	19
20	57	56	21	57	20
21	58	57	22	58	21
22	59	58	23	59	22
23	60	59	24	60	23
24	61	60	25	61	24
25	62	61	26	62	25
26	63	62	27	63	26
27	64	63	28	64	27
28	65	64	29	65	28
29	66	65	30	66	29
30	67	66	31	67	30
31	68	67	32	68	31
32	69	68	33	69	32
33	70	69	34	70	33
34	71	70	35	71	34
7	9	8	26	25	27
6	9	7	27	25	24
6	10	9	27	24	28
5	10	6
5	11	10	28	23	29
4	11	5	29	23	22
4	12	11	29	22	30
3	12	4	30	22	21
3	13	12	2	13	3	2	14	13	1	14	2	1	15	14	0	15	1	0	16	15	35	16	0	35	17	16	34	17	35	34	18	17	33	18	34	33	19	18	32	19	33	32	20	19	31	20	32	31	21	20	30	21	31
28	24	23
45	43	44	62	63	61
46	43	45	61	63	64
46	42	43	61	64	60
47	42	46
47	41	42	60	65	59
48	41	47	59	65	66
48	40	41	59	66	58
49	40	48	58	66	67
49	39	40	50	39	49	50	38	39	51	38	50	51	37	38	52	37	51	52	36	37	53	36	52	53	71	36	54	71	53	54	70	71	55	70	54	55	69	70	56	69	55	56	68	69	57	68	56	57	67	68	58	67	57
60	64	65

#	Normal	56
-0	0.0872574	-0.996186
-0	0.25873	-0.96595
-0	0.422298	-0.906457
-0	0.574351	-0.818609
-0	0.706589	-0.707624
-0	0.819102	-0.573648
-0	0.906126	-0.423009
-0	0.966091	-0.258203
-0	0.996135	-0.0878401
-0	0.996135	0.0878401
-0	0.966091	0.258203
-0	0.906126	0.423009
-0	0.819102	0.573648
-0	0.706589	0.707624
-0	0.574351	0.818609
-0	0.422298	0.906457
-0	0.25873	0.96595
-0	0.0872574	0.996186
-0	-0.0871017	0.996199
-0	-0.25873	0.96595
-0	-0.422985	0.906137
-0	-0.573507	0.8192
-0	-0.706589	0.707624
-0	-0.819102	0.573648
-0	-0.906812	0.421535
-0	-0.965642	0.259876
-0	-0.99629	0.0860608
0	-0.99629	-0.0860608
0	-0.965642	-0.259876
0	-0.906812	-0.421535
0	-0.819102	-0.573648
0	-0.706589	-0.707624
0	-0.573507	-0.8192
0	-0.422985	-0.906137
0	-0.25873	-0.96595
0	-0.0871017	-0.996199
-3.32374e-006	-0	0
-9.76774e-006	-0	-0
-1.92386e-005	-0	0
-3.153e-005	-0	-0
-4.60938e-005	-0	0
-6.25e-005	-0	-0
-8.03485e-005	-0	0
-9.91802e-005	-0	-0
-1	-0	0
-3.13964e-005	-0	0
3.32374e-006	-0	0
9.76774e-006	-0	-0
1.92386e-005	-0	0
3.153e-005	-0	-0
4.60938e-005	-0	0
6.25e-005	-0	-0
8.03485e-005	-0	0
9.91802e-005	-0	-0
1	-0	0
3.13964e-005	0	0

#	Mesh	0	End

