#	Mesh	0	Begin

#	Vertex	44
-295.401	129.914	3.635
-295.395	129.907	3.635
-295.39	129.899	3.635
-295.39	129.89	3.635
-295.39	129.88	3.635
-295.395	129.873	3.635
-295.401	129.865	3.635
-295.41	129.863	3.635
-295.418	129.86	3.635
-295.427	129.863	3.635
-295.436	129.865	3.635
-295.442	129.873	3.635
-295.447	129.88	3.635
-295.447	129.89	3.635
-295.447	129.899	3.635
-295.442	129.907	3.635
-295.436	129.914	3.635
-295.427	129.917	3.635
-295.418	129.92	3.635
-295.41	129.917	3.635
-295.388	129.92	3.724
-295.396	129.928	3.724
-295.41	129.932	3.724
-295.418	129.934	3.724
-295.427	129.932	3.724
-295.441	129.928	3.724
-295.449	129.92	3.724
-295.457	129.912	3.724
-295.46	129.901	3.724
-295.463	129.89	3.724
-295.46	129.879	3.724
-295.457	129.868	3.724
-295.449	129.859	3.724
-295.441	129.851	3.724
-295.427	129.848	3.724
-295.418	129.845	3.724
-295.41	129.848	3.724
-295.396	129.851	3.724
-295.388	129.859	3.724
-295.38	129.868	3.724
-295.377	129.879	3.724
-295.374	129.89	3.724
-295.377	129.901	3.724
-295.38	129.912	3.724

#	Triangle	47
15	13	14	15	12	13	2	3	5	3	4	5
15	11	12	16	11	15	16	10	11	17	10	16	17	9	10	18	9	17	18	8	9	19	8	18	19	7	8	0	7	19	0	6	7	1	6	0	1	5	6	2	5	1
30	28	29
31	28	30	40	42	43	41	42	40
31	27	28	32	27	31	32	26	27	33	26	32	33	25	26	34	25	33	34	24	25	35	24	34	35	23	24	36	23	35	36	22	23	37	22	36	37	21	22	38	21	37	38	20	21	39	20	38	39	43	20	40	43	39
27	26	15
26	25	16
16	15	26
16	25	17
17	24	18
11	31	12
27	15	14
14	28	27
13	12	30	28	14	13
11	10	32
34	8	35
13	30	29
9	8	34
17	25	24
30	12	31
23	18	24
10	9	33
32	10	33
34	33	9
32	31	11
29	28	13
39	38	5
38	37	6
6	5	38
6	37	7
7	36	8
1	43	2
39	5	4
4	40	39
3	2	42	40	4	3
1	0	20
22	18	23
3	42	41
19	18	22
7	37	36
42	2	43
35	8	36
0	19	21
20	0	21
22	21	19
20	43	1
41	40	3

#	Normal	47
-0	-0	-5.09705e-005
-0	-0	-1
-0	-0	6.66797e-005
-0	-0	6.59851e-005
-0	-0	1
-0.69811	0.69744	-0.161925
-0.698824	0.700165	-0.146333
-0.798119	0.582859	-0.152586
-0.305718	0.937867	-0.16414
-0.304393	0.939647	-0.156232
-0.797419	-0.578438	-0.17185
-0.797426	0.578443	-0.171801
-0.956242	0.255536	-0.142485
-0.989845	-0	-0.142151
-0.798405	-0.582463	-0.1526
-0.254826	-0.954747	-0.15337
-0.951577	-0.256966	-0.168731
-0.305139	-0.939398	-0.156272
-0.255608	0.953679	-0.158621
-0.956287	-0.255368	-0.142488
-0.255616	0.954528	-0.153418
-0.304973	-0.938123	-0.164061
-0.69849	-0.700503	-0.146308
-0.256123	-0.953531	-0.15868
-0.698103	-0.697433	-0.161984
-0.951621	0.256797	-0.168739
0.696753	-0.698761	-0.162077
0.699849	-0.699176	-0.146166
0.800005	-0.580315	-0.152402
0.304001	-0.938439	-0.164061
0.306116	-0.939089	-0.15622
0.797387	0.578416	-0.172073
0.79738	-0.578411	-0.172122
0.956241	-0.255356	-0.142817
0.989796	-0	-0.142492
0.799721	0.58071	-0.152389
0.256469	0.954305	-0.153382
0.952272	0.254296	-0.168854
0.305368	0.939339	-0.15618
0.255567	-0.953676	-0.158705
0.956197	0.255524	-0.142814
0.255676	-0.954525	-0.153334
0.304745	0.938184	-0.164141
0.700182	0.698838	-0.146191
0.255054	0.953823	-0.158646
0.69676	0.698768	-0.162017
0.952229	-0.254463	-0.168847

#	Mesh	0	End

