#	Mesh	0	Begin

#	Vertex	657
-295.299	130.746	2.40585
-295.298	130.746	2.40585
-295.298	130.74	2.405
-295.299	130.74	2.405
-295.299	130.752	2.40835
-295.298	130.752	2.40835
-295.298	130.761	2.4175
-295.298	130.757	2.41232
-295.299	130.757	2.41232
-295.299	130.761	2.4175
-295.298	130.764	2.42353
-295.299	130.764	2.42353
-295.298	130.765	2.43
-295.299	130.765	2.43
-295.299	130.761	2.4425
-295.298	130.761	2.4425
-295.298	130.764	2.43647
-295.299	130.764	2.43647
-295.299	130.757	2.44768
-295.298	130.757	2.44768
-295.298	130.746	2.45415
-295.298	130.752	2.45165
-295.299	130.752	2.45165
-295.299	130.746	2.45415
-295.298	130.74	2.455
-295.299	130.74	2.455
-295.299	130.733	2.45415
-295.298	130.733	2.45415
-295.299	130.727	2.45165
-295.298	130.727	2.45165
-295.298	130.718	2.4425
-295.298	130.722	2.44768
-295.299	130.722	2.44768
-295.299	130.718	2.4425
-295.298	130.716	2.43647
-295.299	130.716	2.43647
-295.298	130.715	2.43
-295.299	130.715	2.43
-295.299	130.718	2.4175
-295.298	130.718	2.4175
-295.298	130.716	2.42353
-295.299	130.716	2.42353
-295.299	130.722	2.41232
-295.298	130.722	2.41232
-295.298	130.733	2.40585
-295.298	130.727	2.40835
-295.299	130.727	2.40835
-295.299	130.733	2.40585
-295.298	130.668	2.47125
-295.298	130.681	2.48834
-295.298	130.66	2.45135
-295.298	130.657	2.43
-295.298	130.66	2.40865
-295.298	130.668	2.38875
-295.298	130.681	2.37166
-295.298	130.699	2.35855
-295.298	130.718	2.35031
-295.298	130.74	2.3475
-295.298	130.761	2.35031
-295.298	130.781	2.35855
-295.298	130.798	2.37166
-295.298	130.811	2.38875
-295.298	130.819	2.40865
-295.298	130.822	2.43
-295.298	130.819	2.45135
-295.298	130.811	2.47125
-295.298	130.798	2.48834
-295.298	130.781	2.50145
-295.298	130.761	2.50969
-295.298	130.74	2.5125
-295.298	130.718	2.50969
-295.298	130.699	2.50145
-295.288	130.819	2.45135
-295.288	130.811	2.47125
-295.288	130.798	2.48834
-295.288	130.781	2.50145
-295.288	130.761	2.50969
-295.288	130.74	2.5125
-295.288	130.718	2.50969
-295.288	130.699	2.50145
-295.288	130.681	2.48834
-295.288	130.668	2.47125
-295.288	130.66	2.45135
-295.288	130.657	2.43
-295.288	130.66	2.40865
-295.288	130.668	2.38875
-295.288	130.681	2.37166
-295.288	130.699	2.35855
-295.288	130.718	2.35031
-295.288	130.74	2.3475
-295.288	130.761	2.35031
-295.288	130.781	2.35855
-295.288	130.798	2.37166
-295.288	130.811	2.38875
-295.288	130.819	2.40865
-295.288	130.822	2.43
-295.309	130.761	2.35031
-295.299	130.761	2.35031
-295.299	130.74	2.3475
-295.309	130.74	2.3475
-295.309	130.781	2.35855
-295.299	130.781	2.35855
-295.299	130.811	2.38875
-295.299	130.798	2.37166
-295.309	130.798	2.37166
-295.309	130.811	2.38875
-295.299	130.819	2.40865
-295.309	130.819	2.40865
-295.299	130.822	2.43
-295.309	130.822	2.43
-295.309	130.819	2.45135
-295.299	130.819	2.45135
-295.309	130.811	2.47125
-295.299	130.811	2.47125
-295.299	130.781	2.50145
-295.299	130.798	2.48834
-295.309	130.798	2.48834
-295.309	130.781	2.50145
-295.299	130.761	2.50969
-295.309	130.761	2.50969
-295.299	130.74	2.5125
-295.309	130.74	2.5125
-295.309	130.718	2.50969
-295.299	130.718	2.50969
-295.309	130.699	2.50145
-295.299	130.699	2.50145
-295.299	130.668	2.47125
-295.299	130.681	2.48834
-295.309	130.681	2.48834
-295.309	130.668	2.47125
-295.299	130.66	2.45135
-295.309	130.66	2.45135
-295.299	130.657	2.43
-295.309	130.657	2.43
-295.309	130.66	2.40865
-295.299	130.66	2.40865
-295.309	130.668	2.38875
-295.299	130.668	2.38875
-295.299	130.699	2.35855
-295.299	130.681	2.37166
-295.309	130.681	2.37166
-295.309	130.699	2.35855
-295.299	130.718	2.35031
-295.309	130.718	2.35031
-295.309	130.718	2.4425
-295.309	130.716	2.43647
-295.309	130.722	2.44768
-295.309	130.715	2.43
-295.309	130.716	2.42353
-295.309	130.718	2.4175
-295.309	130.722	2.41232
-295.309	130.727	2.40835
-295.309	130.733	2.40585
-295.309	130.74	2.405
-295.309	130.746	2.40585
-295.309	130.752	2.40835
-295.309	130.757	2.41232
-295.309	130.761	2.4175
-295.309	130.764	2.42353
-295.309	130.765	2.43
-295.309	130.764	2.43647
-295.309	130.761	2.4425
-295.309	130.757	2.44768
-295.309	130.752	2.45165
-295.309	130.746	2.45415
-295.309	130.74	2.455
-295.309	130.733	2.45415
-295.309	130.727	2.45165
-295.44	130.727	2.337
-295.443	130.733	2.337
-295.49	130.699	2.337
-295.477	130.681	2.337
-295.436	130.722	2.337
-295.498	130.718	2.337
-295.443	130.74	2.337
-295.501	130.74	2.337
-295.443	130.746	2.337
-295.498	130.761	2.337
-295.44	130.752	2.337
-295.49	130.781	2.337
-295.436	130.757	2.337
-295.477	130.798	2.337
-295.431	130.761	2.337
-295.46	130.811	2.337
-295.425	130.764	2.337
-295.44	130.819	2.337
-295.418	130.765	2.337
-295.418	130.822	2.337
-295.412	130.764	2.337
-295.397	130.819	2.337
-295.406	130.761	2.337
-295.377	130.811	2.337
-295.36	130.798	2.337
-295.401	130.757	2.337
-295.347	130.781	2.337
-295.397	130.752	2.337
-295.339	130.761	2.337
-295.394	130.746	2.337
-295.336	130.74	2.337
-295.393	130.74	2.337
-295.339	130.718	2.337
-295.394	130.733	2.337
-295.347	130.699	2.337
-295.397	130.727	2.337
-295.36	130.681	2.337
-295.401	130.722	2.337
-295.377	130.668	2.337
-295.406	130.718	2.337
-295.397	130.66	2.337
-295.412	130.716	2.337
-295.418	130.657	2.337
-295.418	130.715	2.337
-295.44	130.66	2.337
-295.425	130.716	2.337
-295.46	130.668	2.337
-295.431	130.718	2.337
-295.347	130.699	2.317
-295.36	130.681	2.317
-295.376	130.715	2.317
-295.371	130.727	2.317
-295.339	130.718	2.317
-295.383	130.705	2.317
-295.377	130.668	2.317
-295.394	130.697	2.317
-295.406	130.692	2.317
-295.397	130.66	2.317
-295.418	130.69	2.317
-295.418	130.657	2.317
-295.431	130.692	2.317
-295.44	130.66	2.317
-295.443	130.697	2.317
-295.46	130.668	2.317
-295.453	130.705	2.317
-295.477	130.681	2.317
-295.461	130.715	2.317
-295.49	130.699	2.317
-295.466	130.727	2.317
-295.498	130.718	2.317
-295.468	130.74	2.317
-295.501	130.74	2.317
-295.466	130.753	2.317
-295.498	130.761	2.317
-295.461	130.765	2.317
-295.49	130.781	2.317
-295.453	130.775	2.317
-295.477	130.798	2.317
-295.443	130.783	2.317
-295.46	130.811	2.317
-295.44	130.819	2.317
-295.431	130.788	2.317
-295.418	130.822	2.317
-295.418	130.789	2.317
-295.397	130.819	2.317
-295.406	130.788	2.317
-295.377	130.811	2.317
-295.394	130.783	2.317
-295.36	130.798	2.317
-295.383	130.775	2.317
-295.347	130.781	2.317
-295.376	130.765	2.317
-295.339	130.761	2.317
-295.371	130.753	2.317
-295.336	130.74	2.317
-295.369	130.74	2.317
-295.44	130.819	2.523
-295.44	130.819	2.543
-295.418	130.822	2.543
-295.418	130.822	2.523
-295.46	130.811	2.523
-295.46	130.811	2.543
-295.49	130.781	2.543
-295.477	130.798	2.543
-295.477	130.798	2.523
-295.49	130.781	2.523
-295.498	130.761	2.543
-295.498	130.761	2.523
-295.501	130.74	2.543
-295.501	130.74	2.523
-295.498	130.718	2.523
-295.498	130.718	2.543
-295.49	130.699	2.523
-295.49	130.699	2.543
-295.46	130.668	2.543
-295.477	130.681	2.543
-295.477	130.681	2.523
-295.46	130.668	2.523
-295.44	130.66	2.543
-295.44	130.66	2.523
-295.418	130.657	2.543
-295.418	130.657	2.523
-295.397	130.66	2.523
-295.397	130.66	2.543
-295.377	130.668	2.523
-295.377	130.668	2.543
-295.347	130.699	2.543
-295.36	130.681	2.543
-295.36	130.681	2.523
-295.347	130.699	2.523
-295.339	130.718	2.543
-295.339	130.718	2.523
-295.336	130.74	2.543
-295.336	130.74	2.523
-295.339	130.761	2.523
-295.339	130.761	2.543
-295.347	130.781	2.523
-295.347	130.781	2.543
-295.377	130.811	2.543
-295.36	130.798	2.543
-295.36	130.798	2.523
-295.377	130.811	2.523
-295.397	130.819	2.543
-295.397	130.819	2.523
-295.461	130.715	2.543
-295.466	130.727	2.543
-295.453	130.705	2.543
-295.443	130.697	2.543
-295.431	130.692	2.543
-295.418	130.69	2.543
-295.406	130.692	2.543
-295.394	130.697	2.543
-295.383	130.705	2.543
-295.376	130.715	2.543
-295.371	130.727	2.543
-295.369	130.74	2.543
-295.371	130.753	2.543
-295.376	130.765	2.543
-295.383	130.775	2.543
-295.394	130.783	2.543
-295.406	130.788	2.543
-295.418	130.789	2.543
-295.431	130.788	2.543
-295.443	130.783	2.543
-295.453	130.775	2.543
-295.461	130.765	2.543
-295.466	130.753	2.543
-295.468	130.74	2.543
-295.367	130.71	2.523
-295.361	130.724	2.523
-295.376	130.698	2.523
-295.389	130.688	2.523
-295.403	130.682	2.523
-295.418	130.68	2.523
-295.434	130.682	2.523
-295.448	130.688	2.523
-295.46	130.698	2.523
-295.47	130.71	2.523
-295.476	130.724	2.523
-295.478	130.74	2.523
-295.476	130.755	2.523
-295.47	130.769	2.523
-295.46	130.782	2.523
-295.448	130.791	2.523
-295.434	130.797	2.523
-295.418	130.799	2.523
-295.403	130.797	2.523
-295.389	130.791	2.523
-295.376	130.782	2.523
-295.367	130.769	2.523
-295.361	130.755	2.523
-295.359	130.74	2.523
-295.466	130.727	2.545
-295.461	130.715	2.545
-295.453	130.705	2.545
-295.443	130.697	2.545
-295.431	130.692	2.545
-295.418	130.69	2.545
-295.406	130.692	2.545
-295.394	130.697	2.545
-295.383	130.705	2.545
-295.376	130.715	2.545
-295.371	130.727	2.545
-295.369	130.74	2.545
-295.371	130.753	2.545
-295.376	130.765	2.545
-295.383	130.775	2.545
-295.394	130.783	2.545
-295.406	130.788	2.545
-295.418	130.789	2.545
-295.431	130.788	2.545
-295.443	130.783	2.545
-295.453	130.775	2.545
-295.461	130.765	2.545
-295.466	130.753	2.545
-295.468	130.74	2.545
-295.431	130.788	2.315
-295.418	130.789	2.315
-295.443	130.783	2.315
-295.453	130.775	2.315
-295.461	130.765	2.315
-295.466	130.753	2.315
-295.468	130.74	2.315
-295.466	130.727	2.315
-295.461	130.715	2.315
-295.453	130.705	2.315
-295.443	130.697	2.315
-295.431	130.692	2.315
-295.418	130.69	2.315
-295.406	130.692	2.315
-295.394	130.697	2.315
-295.383	130.705	2.315
-295.376	130.715	2.315
-295.371	130.727	2.315
-295.369	130.74	2.315
-295.371	130.753	2.315
-295.376	130.765	2.315
-295.383	130.775	2.315
-295.394	130.783	2.315
-295.406	130.788	2.315
-295.425	130.764	2.383
-295.431	130.761	2.383
-295.436	130.757	2.383
-295.44	130.752	2.383
-295.443	130.746	2.383
-295.443	130.74	2.383
-295.418	130.765	2.383
-295.443	130.733	2.383
-295.44	130.727	2.383
-295.436	130.722	2.383
-295.431	130.718	2.383
-295.425	130.716	2.383
-295.418	130.715	2.383
-295.412	130.716	2.383
-295.406	130.718	2.383
-295.393	130.74	2.383
-295.394	130.733	2.383
-295.401	130.722	2.383
-295.397	130.727	2.383
-295.394	130.746	2.383
-295.397	130.752	2.383
-295.401	130.757	2.383
-295.406	130.761	2.383
-295.412	130.764	2.383
-295.347	130.74	2.48427
-295.342	130.731	2.45348
-295.342	130.736	2.45424
-295.342	130.74	2.455
-295.364	130.686	2.43509
-295.374	130.677	2.45083
-295.385	130.677	2.40993
-295.373	130.704	2.383
-295.365	130.714	2.383
-295.357	130.704	2.4087
-295.362	130.729	2.5115
-295.365	130.714	2.5115
-295.35	130.717	2.4819
-295.381	130.693	2.383
-295.369	130.69	2.40639
-295.353	130.701	2.43381
-295.359	130.74	2.5115
-295.362	130.729	2.5115
-295.358	130.703	2.48765
-295.353	130.7	2.45936
-295.37	130.684	2.47441
-295.353	130.74	2.39375
-295.349	130.74	2.405
-295.349	130.736	2.40576
-295.349	130.731	2.40652
-295.425	130.668	2.41254
-295.437	130.673	2.40512
-295.432	130.682	2.383
-295.362	130.727	2.383
-295.349	130.727	2.40872
-295.349	130.724	2.41091
-295.389	130.669	2.44493
-295.403	130.664	2.44261
-295.404	130.668	2.41737
-295.405	130.682	2.383
-295.393	130.688	2.383
-295.348	130.718	2.41763
-295.348	130.717	2.42172
-295.348	130.715	2.42582
-295.373	130.704	2.5115
-295.394	130.671	2.48039
-295.416	130.668	2.48431
-295.349	130.721	2.41427
-295.472	130.714	2.383
-295.464	130.704	2.383
-295.476	130.701	2.4033
-295.346	130.715	2.43446
-295.345	130.718	2.44254
-295.432	130.682	2.5115
-295.444	130.688	2.5115
-295.441	130.674	2.48964
-295.478	130.74	2.383
-295.475	130.729	2.383
-295.487	130.726	2.4069
-295.418	130.663	2.44725
-295.45	130.674	2.41675
-295.465	130.679	2.44266
-295.467	130.691	2.4036
-295.472	130.714	2.5115
-295.475	130.729	2.5115
-295.484	130.718	2.49046
-295.478	130.701	2.48526
-295.486	130.705	2.43434
-295.484	130.712	2.40826
-295.492	130.726	2.4718
-295.433	130.666	2.4694
-295.437	130.666	2.43767
-295.481	130.696	2.45555
-295.467	130.684	2.47493
-295.489	130.712	2.46405
-295.343	130.724	2.44913
-295.492	130.72	2.43045
-295.495	130.74	2.44725
-295.491	130.74	2.41395
-295.455	130.693	2.383
-295.444	130.688	2.383
-295.418	130.682	2.383
-295.405	130.682	2.5115
-295.477	130.692	2.42638
-295.381	130.693	2.5115
-295.393	130.688	2.5115
-295.381	130.676	2.47313
-295.491	130.74	2.48055
-295.475	130.729	2.5115
-295.478	130.74	2.5115
-295.359	130.74	2.383
-295.418	130.682	2.5115
-295.429	130.672	2.49181
-295.455	130.693	2.5115
-295.455	130.681	2.49016
-295.451	130.671	2.46293
-295.451	130.67	2.43971
-295.464	130.704	2.5115
-295.475	130.751	2.5115
-295.475	130.751	2.5115
-295.393	130.792	2.383
-295.402	130.81	2.41208
-295.386	130.803	2.41082
-295.405	130.798	2.383
-295.484	130.762	2.49046
-295.472	130.766	2.5115
-295.442	130.808	2.48055
-295.444	130.792	2.5115
-295.432	130.798	2.5115
-295.35	130.763	2.4819
-295.362	130.751	2.5115
-295.426	130.808	2.49164
-295.481	130.784	2.45555
-295.489	130.768	2.46405
-295.478	130.779	2.48526
-295.472	130.766	2.383
-295.487	130.753	2.40654
-295.48	130.775	2.40731
-295.465	130.797	2.47536
-295.47	130.797	2.44784
-295.369	130.789	2.40639
-295.364	130.793	2.43509
-295.355	130.781	2.43344
-295.37	130.795	2.47441
-295.373	130.776	2.5115
-295.358	130.776	2.48765
-295.492	130.759	2.43045
-295.492	130.754	2.4718
-295.381	130.806	2.45751
-295.382	130.802	2.4821
-295.353	130.78	2.45936
-295.405	130.798	2.5115
-295.393	130.792	2.5115
-295.394	130.809	2.47924
-295.471	130.785	2.40387
-295.477	130.787	2.42638
-295.486	130.775	2.43434
-295.46	130.799	2.41566
-295.434	130.815	2.44126
-295.421	130.814	2.42044
-295.442	130.809	2.41452
-295.444	130.792	2.383
-295.396	130.813	2.44211
-295.343	130.756	2.44913
-295.345	130.761	2.44254
-295.348	130.764	2.42582
-295.346	130.764	2.43446
-295.362	130.753	2.383
-295.349	130.748	2.40652
-295.362	130.751	2.5115
-295.365	130.766	2.5115
-295.357	130.775	2.4087
-295.348	130.763	2.42172
-295.348	130.762	2.41763
-295.342	130.748	2.45348
-295.342	130.744	2.45424
-295.365	130.766	2.383
-295.373	130.776	2.383
-295.376	130.803	2.43286
-295.349	130.756	2.41091
-295.349	130.752	2.40872
-295.349	130.759	2.41427
-295.349	130.744	2.40576
-295.381	130.786	2.383
-295.381	130.786	2.5115
-295.423	130.815	2.46714
-295.41	130.81	2.48581
-295.432	130.798	2.383
-295.408	130.815	2.46006
-295.419	130.817	2.44415
-295.455	130.786	2.383
-295.464	130.776	2.5115
-295.455	130.786	2.5115
-295.455	130.798	2.49306
-295.455	130.805	2.47005
-295.452	130.809	2.44725
-295.418	130.798	2.383
-295.464	130.776	2.383
-295.475	130.751	2.383
-295.418	130.798	2.5115
-295.372	130.705	2.52048
-295.364	130.719	2.51882
-295.425	130.682	2.515
-295.411	130.682	2.51888
-295.426	130.682	2.51923
-295.382	130.694	2.51888
-295.441	130.686	2.52058
-295.465	130.706	2.51692
-295.451	130.692	2.51501
-295.407	130.683	2.51515
-295.441	130.687	2.5171
-295.361	130.73	2.51895
-295.361	130.74	2.51725
-295.396	130.687	2.5171
-295.386	130.692	2.51501
-295.362	130.725	2.51505
-295.372	130.706	2.51692
-295.396	130.686	2.52058
-295.474	130.723	2.51481
-295.473	130.719	2.51882
-295.476	130.74	2.51725
-295.454	130.694	2.51888
-295.465	130.705	2.52048
-295.366	130.715	2.51579
-295.36	130.74	2.5198
-295.477	130.74	2.5198
-295.476	130.73	2.51895
-295.465	130.774	2.52048
-295.473	130.76	2.51882
-295.412	130.797	2.515
-295.426	130.797	2.51888
-295.411	130.797	2.51923
-295.454	130.785	2.51888
-295.396	130.794	2.52058
-295.372	130.774	2.51692
-295.386	130.788	2.51501
-295.43	130.797	2.51515
-295.396	130.793	2.5171
-295.476	130.749	2.51978
-295.474	130.756	2.51481
-295.441	130.793	2.5171
-295.451	130.788	2.51501
-295.465	130.774	2.51692
-295.441	130.794	2.52058
-295.382	130.785	2.51888
-295.372	130.774	2.52048
-295.364	130.76	2.51882
-295.362	130.755	2.51505
-295.361	130.75	2.51895
-295.366	130.765	2.51579

#	Triangle	576
3	1	2	0	1	3
0	5	1	4	5	0
9	7	8	6	7	9
5	8	7	4	8	5
11	6	9	10	6	11
13	10	11	12	10	13
17	15	16	14	15	17
14	19	15	18	19	14
23	21	22	20	21	23
19	22	21	18	22	19
25	20	23	24	20	25
13	16	12	17	16	13
25	27	24	26	27	25
26	29	27	28	29	26
33	31	32	30	31	33
29	32	31	28	32	29
35	30	33	34	30	35
37	34	35	36	34	37
41	39	40	38	39	41
38	43	39	42	43	38
47	45	46	44	45	47
43	46	45	42	46	43
3	44	47	2	44	3
37	40	36	41	40	37
48	30	34	48	49	30	31	30	49	48	34	50	36	50	34	51	50	36	36	40	51	52	51	40	52	40	39	39	53	52	39	43	53	54	53	43	43	45	54	45	55	54	45	44	55	44	56	55	2	56	44	57	56	2	1	57	2	58	57	1	5	58	1	59	58	5	5	60	59	7	60	5	60	7	61	61	7	6	6	62	61	6	10	62	62	10	63	12	63	10	63	12	64	12	16	64	65	64	16	16	15	65	15	66	65	19	66	15	67	66	19	21	67	19	68	67	21	21	20	68	20	69	68	69	20	24	69	24	70	27	70	24	71	70	27	71	27	29	29	31	71	31	49	71	129	144	145	129	128	144	146	144	128	129	145	131	147	131	145	133	131	147	147	148	133	134	133	148	134	148	149	149	136	134	149	150	136	140	136	150	150	151	140	151	141	140	151	152	141	152	143	141	153	143	152	99	143	153	154	99	153	96	99	154	155	96	154	100	96	155	155	104	100	156	104	155	104	156	105	105	156	157	157	107	105	157	158	107	107	158	109	159	109	158	109	159	110	159	160	110	112	110	160	160	161	112	161	116	112	162	116	161	117	116	162	163	117	162	119	117	163	163	164	119	164	121	119	121	164	165	121	165	122	166	122	165	124	122	166	124	166	167	167	146	124	146	128	124
90	88	89	91	88	90	91	87	88	92	87	91	92	86	87	93	86	92	93	85	86	94	85	93	94	84	85	95	84	94	95	83	84	72	83	95	72	82	83	73	82	72	73	81	82	74	81	73	74	80	81	75	80	74	75	79	80	76	79	75	76	78	79	77	78	76	113	14	17	113	115	14	18	14	115	113	17	111	13	111	17	108	111	13	13	11	108	106	108	11	106	11	9	9	102	106	9	8	102	103	102	8	8	4	103	4	101	103	4	0	101	0	97	101	3	97	0	98	97	3	47	98	3	142	98	47	46	142	47	138	142	46	46	139	138	42	139	46	139	42	137	137	42	38	38	135	137	38	41	135	135	41	132	37	132	41	132	37	130	37	35	130	126	130	35	35	33	126	33	127	126	32	127	33	125	127	32	28	125	32	123	125	28	28	26	123	26	120	123	120	26	25	120	25	118	23	118	25	114	118	23	114	23	22	22	18	114	18	115	114
57	90	89	58	90	57	99	97	98	96	97	99
58	91	90	59	91	58	96	101	97	100	101	96
61	92	60	93	92	61	105	103	104	102	103	105
91	60	92	59	60	91	101	104	103	100	104	101
62	93	61	94	93	62	107	102	105	106	102	107
63	94	62	95	94	63	109	106	107	108	106	109
63	72	95	64	72	63	109	111	108	110	111	109
64	73	72	65	73	64	110	113	111	112	113	110
67	74	66	75	74	67	117	115	116	114	115	117
73	66	74	65	66	73	113	116	115	112	116	113
68	75	67	76	75	68	119	114	117	118	114	119
69	76	68	77	76	69	121	118	119	120	118	121
69	78	77	70	78	69	121	123	120	122	123	121
70	79	78	71	79	70	122	125	123	124	125	122
48	80	49	81	80	48	129	127	128	126	127	129
79	49	80	71	49	79	125	128	127	124	128	125
50	81	48	82	81	50	131	126	129	130	126	131
51	82	50	83	82	51	133	130	131	132	130	133
51	84	83	52	84	51	133	135	132	134	135	133
52	85	84	53	85	52	134	137	135	136	137	134
55	86	54	87	86	55	141	139	140	138	139	141
85	54	86	53	54	85	137	140	139	136	140	137
56	87	55	88	87	56	143	138	141	142	138	143
56	89	88	57	89	56	143	98	142	99	98	143
170	168	169	170	171	168	172	168	171	170	169	173	174	173	169	175	173	174	174	176	175	177	175	176	177	176	178	178	179	177	178	180	179	181	179	180	180	182	181	182	183	181	182	184	183	184	185	183	186	185	184	187	185	186	188	187	186	189	187	188	190	189	188	191	189	190	190	192	191	193	192	190	192	193	194	194	193	195	195	196	194	195	197	196	196	197	198	199	198	197	198	199	200	199	201	200	202	200	201	201	203	202	203	204	202	205	204	203	206	204	205	207	206	205	208	206	207	207	209	208	209	210	208	210	209	211	210	211	212	213	212	211	214	212	213	214	213	215	215	172	214	172	171	214	312	281	283	313	281	312	281	313	279	314	312	283	283	282	314	282	315	314	282	316	315	286	316	282	317	316	286	288	317	286	288	318	317	291	318	288	291	319	318	293	319	291	293	320	319	320	293	295	320	295	321	294	321	295	322	321	294	294	298	322	323	322	298	300	323	298	323	300	324	303	324	300	325	324	303	303	305	325	325	305	326	326	305	307	307	327	326	307	306	327	306	310	327	310	328	327	266	328	310	328	266	329	266	265	329	329	265	330	269	330	265	269	331	330	271	331	269	332	331	271	332	271	270	333	332	270	274	333	270	333	274	334	274	276	334	276	279	335	335	334	276	335	279	313	361	382	360	361	381	382	362	381	361	362	380	381	363	380	362	363	379	380	364	379	363	364	378	379	365	378	364	365	377	378	366	377	365	366	376	377	367	376	366	367	375	376	368	375	367	368	374	375	369	374	368	369	373	374	370	373	369	370	372	373
218	216	217	219	216	218	216	219	220	221	218	217	217	222	221	222	223	221	222	224	223	225	224	222	226	224	225	227	226	225	227	228	226	229	228	227	229	230	228	231	230	229	231	232	230	232	231	233	232	233	234	235	234	233	236	234	235	235	237	236	238	236	237	239	238	237	238	239	240	241	240	239	242	240	241	241	243	242	242	243	244	244	243	245	245	246	244	245	247	246	247	248	246	248	249	246	250	249	248	249	250	251	250	252	251	251	252	253	254	253	252	254	255	253	256	255	254	257	255	256	257	256	258	259	257	258	260	259	258	259	260	261	260	262	261	262	220	263	263	261	262	263	220	219	336	297	296	337	297	336	297	337	299	338	336	296	296	292	338	292	339	338	292	340	339	290	340	292	341	340	290	289	341	290	289	342	341	287	342	289	287	343	342	285	343	287	285	344	343	344	285	284	344	284	345	280	345	284	346	345	280	280	278	346	347	346	278	277	347	278	347	277	348	275	348	277	349	348	275	275	273	349	349	273	350	350	273	272	272	351	350	272	268	351	268	264	351	264	352	351	267	352	264	352	267	353	267	311	353	353	311	354	309	354	311	309	355	354	308	355	309	356	355	308	356	308	304	357	356	304	302	357	304	357	302	358	302	301	358	301	299	359	359	358	301	359	299	337	388	391	389	388	392	391	387	392	388	387	393	392	386	393	387	386	394	393	384	394	386	384	395	394	385	395	384	385	396	395	407	396	385	407	397	396	406	397	407	406	398	397	405	398	406	405	399	398	404	399	405	404	400	399	403	400	404	403	401	400	415	483	413	412	413	483	605	412	483	483	415	484	542	412	605	411	412	542	411	542	410	604	410	542	597	410	604	409	410	597	568	409	597	594	409	568	409	594	408	414	408	594	603	414	594	530	414	603	530	431	414	431	530	430	527	430	530	590	430	527	429	430	590	584	429	590	583	429	584	428	429	583	583	427	428	574	427	583	517	427	574	423	427	517	517	424	423	460	424	517	440	424	460	440	426	424	426	440	425	439	425	440	445	425	439	445	422	425	467	422	445	466	422	467	466	421	422	466	420	421	508	420	466	459	420	508	420	459	419	419	459	418	507	418	459	506	418	507	506	417	418	476	417	506	475	417	476	416	475	415	484	415	475	417	475	416
250	185	187	248	185	250	267	265	266	264	265	267
248	183	185	247	183	248	264	269	265	268	269	264
243	181	245	179	181	243	273	271	272	270	271	273
183	245	181	247	245	183	269	272	271	268	272	269
241	179	243	177	179	241	275	270	273	274	270	275
239	177	241	175	177	239	277	274	275	276	274	277
239	173	175	237	173	239	277	279	276	278	279	277
237	170	173	235	170	237	278	281	279	280	281	278
231	171	233	214	171	231	285	283	284	282	283	285
170	233	171	235	233	170	281	284	283	280	284	281
229	214	231	212	214	229	287	282	285	286	282	287
227	212	229	210	212	227	289	286	287	288	286	289
227	208	210	225	208	227	289	291	288	290	291	289
225	206	208	222	206	225	290	293	291	292	293	290
216	204	217	202	204	216	297	295	296	294	295	297
206	217	204	222	217	206	293	296	295	292	296	293
220	202	216	200	202	220	299	294	297	298	294	299
262	200	220	198	200	262	301	298	299	300	298	301
262	196	198	260	196	262	301	303	300	302	303	301
260	194	196	258	194	260	302	305	303	304	305	302
254	192	256	191	192	254	309	307	308	306	307	309
194	256	192	258	256	194	305	308	307	304	308	305
252	191	254	189	191	252	311	306	309	310	306	311
252	187	189	250	187	252	311	266	310	267	266	311
360	382	383	371	372	370
329	378	377	330	378	329	385	249	251	384	249	385
330	379	378	331	379	330	384	246	249	386	246	384
333	380	332	381	380	333	388	244	387	242	244	388
379	332	380	331	332	379	246	387	244	386	387	246
334	381	333	382	381	334	389	242	388	240	242	389
335	382	334	383	382	335	390	240	389	238	240	390
335	360	383	313	360	335	390	236	238	391	236	390
313	361	360	312	361	313	391	234	236	392	234	391
315	362	314	363	362	315	394	232	393	230	232	394
361	314	362	312	314	361	234	393	232	392	393	234
316	363	315	364	363	316	395	230	394	228	230	395
317	364	316	365	364	317	396	228	395	226	228	396
317	366	365	318	366	317	396	224	226	397	224	396
318	367	366	319	367	318	397	223	224	398	223	397
321	368	320	369	368	321	400	221	399	218	221	400
367	320	368	319	320	367	223	399	221	398	399	223
322	369	321	370	369	322	401	218	400	219	218	401
323	370	322	371	370	323	402	219	401	263	219	402
323	372	371	324	372	323	402	261	263	403	261	402
324	373	372	325	373	324	403	259	261	404	259	403
327	374	326	375	374	327	406	257	405	255	257	406
373	326	374	325	326	373	259	405	257	404	405	259
328	375	327	376	375	328	407	255	406	253	255	407
329	376	328	377	376	329	385	253	407	251	253	385
389	391	390	402	401	403
409	184	182	408	184	409
182	410	409	180	410	182
412	178	176	411	178	412
410	178	411	180	178	410
413	176	174	412	176	413
414	184	408	186	184	414
416	169	168	415	169	416
168	417	416	172	417	168
419	215	213	418	215	419
417	215	418	172	215	417
420	213	211	419	213	420
174	415	413	169	415	174
211	421	420	209	421	211
209	422	421	207	422	209
424	199	423	201	199	424
207	425	422	205	425	207
205	426	425	203	426	205
424	203	201	426	203	424
428	197	195	427	197	428
195	429	428	193	429	195
431	190	188	430	190	431
429	190	430	193	190	429
414	188	186	431	188	414
199	427	423	197	427	199
435	433	434	442	448	449	456	454	455	462	456	461	445	466	467	470	468	469	468	462	474	516	491	515	526	516	525	448	537	576	580	572	579	581	435	582	575	586	587	586	580	588	454	575	589	490	515	491	449	443	442	532	599	598	525	532	526	577	576	537	347	627	632	461	456	462
432	433	435
438	436	437
441	439	440
444	442	443
438	445	446
433	432	444
439	441	446
436	441	447
432	448	442
450	444	443
442	444	432
436	451	452
453	454	456
459	457	458
460	456	462
465	463	464
460	453	456
438	466	445
441	468	470
471	452	450
473	464	472
440	462	468
468	441	440
477	475	476
451	478	479
482	480	481
441	470	447
463	465	438
436	452	437
485	483	484
473	486	464
436	446	441
489	487	488
492	490	491
493	490	492
477	494	495
491	496	492
466	438	465
444	451	479
498	486	497
493	499	500
496	501	492
502	444	479
446	436	438
505	503	504
507	487	506
457	508	465
503	485	495
503	501	496
473	472	509
499	510	488
495	484	475
513	511	512
499	494	510
514	491	516
447	470	478
472	512	509
450	451	444
445	439	446
433	444	502
486	457	465
440	460	462
460	517	453
512	472	513
513	463	437
519	473	518
521	520	500
458	498	487
465	508	466
486	498	457
500	488	522
473	497	486
498	523	487
480	482	519
497	522	498
514	496	491
501	493	492
501	499	493
493	500	524
503	494	501
499	488	500
522	482	521
519	497	473
510	489	488
487	523	488
496	514	504
504	503	496
499	501	494
503	495	494
485	503	505
477	476	489
457	498	458
476	506	489
477	510	494
489	510	477
495	475	477
505	483	485
485	484	495
519	482	497
481	521	482
482	522	497
481	520	521
500	522	521
520	524	500
493	524	490
452	471	511
509	518	473
519	518	480
450	452	451
471	450	443
447	478	451
451	436	447
452	513	437
463	438	437
511	513	452
472	463	513
463	472	464
464	486	465
508	457	459
489	506	487
507	459	458
487	507	458
523	498	522
522	488	523
514	516	526
529	527	528
530	528	527
532	531	526
535	533	534
537	432	536
533	535	538
541	539	540
544	542	543
539	545	546
549	547	548
552	550	551
554	553	504
550	555	556
548	557	549
505	553	543
554	514	526
560	558	559
562	561	544
553	563	544
564	562	546
567	565	566
567	568	564
505	504	553
560	555	569
571	536	570
573	572	549
575	453	574
536	571	557
432	537	448
552	577	536
549	572	578
552	536	557
578	572	580
536	432	581
540	539	563
541	540	531
432	435	581
570	536	581
537	536	577
556	555	560
584	578	583
578	580	583
569	555	585
574	586	575
583	580	586
550	557	548
584	547	578
453	575	454
547	584	590
586	574	583
550	556	591
529	585	547
517	574	453
593	592	538
594	567	566
543	483	505
557	571	573
529	547	590
526	531	554
593	595	592
596	592	595
560	569	595
529	528	569
597	564	568
532	541	531
554	531	540
599	545	598
541	545	539
598	545	541
562	563	539
600	599	534
562	539	546
545	601	546
598	541	532
564	546	602
567	564	602
602	565	567
566	528	603
540	553	554
554	504	514
533	592	565
533	601	600
602	601	533
562	544	563
553	540	563
597	604	561
543	605	483
542	605	543
544	561	604
544	604	542
602	533	565
592	596	565
555	550	548
548	585	555
561	562	564
564	597	561
602	546	601
566	596	528
568	567	594
552	557	550
556	560	559
591	551	550
552	551	577
559	591	556
557	573	549
578	547	549
553	544	543
527	529	590
606	538	535
593	606	558
592	533	538
538	606	593
593	558	560
593	560	595
596	569	528
595	569	596
566	565	596
530	603	528
566	603	594
545	600	601
545	599	600
534	533	600
548	547	585
529	569	585
336	607	608
611	609	610
339	612	338
342	613	611
615	614	520
336	338	607
609	518	616
341	610	340
617	615	481
611	617	609
608	618	337
448	619	449
621	620	512
336	608	337
608	622	618
612	621	623
339	340	624
490	614	625
610	620	624
616	518	509
341	611	610
623	607	612
620	621	612
343	613	342
346	626	345
341	342	611
627	515	625
617	613	628
616	620	610
629	626	614
630	623	471
480	609	617
629	344	345
628	615	617
628	343	344
614	626	625
631	337	618
625	515	490
633	632	627
612	339	624
633	346	632
518	609	480
344	629	628
618	622	619
628	614	615
345	626	629
512	620	616
621	512	511
617	481	480
481	615	520
619	631	618
337	631	359
630	622	608
622	443	449
630	608	623
449	619	622
471	623	511
630	443	622
515	627	516
524	614	490	520	614	524
633	625	626
632	346	347
627	625	633
626	346	633
338	612	607
623	608	607
621	511	623
471	443	630
614	628	629
340	610	624
620	612	624
343	628	613
617	611	613
610	609	616
509	512	616
349	634	635
638	636	637
351	639	350
354	640	638
642	641	591
349	350	634
636	606	643
353	637	352
644	642	559
638	644	636
347	348	645
646	627	645
648	647	534
349	635	348
525	627	646
639	648	649
351	352	650
651	642	644
637	647	650
643	606	535
355	640	354
647	648	639
643	647	637
640	651	644
641	652	653
655	654	653
655	358	631
653	357	358
353	354	638
655	631	619
637	353	638
636	644	558
639	351	650
606	636	558
576	619	448
357	652	356
651	355	356
532	646	649
655	619	654
551	656	577
635	645	348
649	634	639
356	652	651
649	599	532
651	641	642
357	653	652
534	647	643
648	534	599
644	559	558
559	642	591
646	532	525
627	525	516
635	649	646
631	358	359
619	576	654
653	358	655
641	653	656
656	653	654
654	576	577
656	654	577
641	551	591
350	639	634
649	635	634
648	599	649
641	651	652
641	656	551
352	637	650
647	639	650
355	651	640
644	638	640
635	646	645
645	627	347
637	636	643
535	534	643
154	589	575
588	156	586
587	155	575
586	155	587
579	572	158
156	588	157
153	454	589
155	154	575
154	153	589
158	157	579
156	155	586
157	580	579
157	588	580
582	164	581
158	572	159
573	160	159
572	573	159
573	571	160
581	163	570
570	162	571
582	435	165
160	571	161
161	571	162
570	163	162
163	581	164
165	164	582
166	165	434
145	479	478
146	502	479
167	433	502
148	469	149
166	433	167
153	455	454
166	434	433
479	144	146
479	145	144
150	149	474
167	502	146
435	434	165
145	478	147
470	148	147
478	470	147
469	148	470
462	456	151
474	462	150
455	152	456
152	151	456
474	149	468
152	455	153
151	150	462
149	469	468

#	Normal	576
-0	8.51807e-007	-6.46875e-006
-0	2.49756e-006	-6.03125e-006
-0	5.17773e-006	-3.97656e-006
-0	3.9729e-006	-5.17187e-006
-0	6.02954e-006	-2.5e-006
-0	6.47046e-006	-8.51562e-007
-0	6.02954e-006	2.5e-006
-0	5.17773e-006	3.97656e-006
-0	2.49756e-006	6.03125e-006
0	3.9729e-006	5.17187e-006
-0	8.51807e-007	6.46875e-006
-0	6.47046e-006	8.51562e-007
-0	-8.51807e-007	6.47656e-006
-0	-2.49756e-006	6.02344e-006
-0	-5.17773e-006	3.97656e-006
-0	-3.9729e-006	5.17969e-006
-0	-6.02954e-006	2.49219e-006
-0	-6.47046e-006	8.51562e-007
0	-6.02954e-006	-2.49219e-006
0	-5.17773e-006	-3.97656e-006
0	-2.49756e-006	-6.02344e-006
-0	-3.9729e-006	-5.17969e-006
0	-8.51807e-007	-6.47656e-006
0	-6.47046e-006	-8.51562e-007
-1	0	-0
1	0	-0
-0	0.130528	-0.991445
-0	0.382673	-0.923884
-0	0.793387	-0.608718
-0	0.608764	-0.793351
-0	0.923873	-0.382699
-0	0.991437	-0.130589
-0	0.991437	0.130589
-0	0.923873	0.382699
-0	0.608764	0.793351
0	0.793387	0.608718
-0	0.382673	0.923884
-0	0.130528	0.991445
-0	-0.130528	0.991445
-0	-0.382673	0.923884
-0	-0.793212	0.608946
-0	-0.608764	0.793351
-0	-0.924001	0.382389
-0	-0.991437	0.130589
0	-0.991437	-0.130589
0	-0.924001	-0.382389
0	-0.608764	-0.793351
-0	-0.793212	-0.608946
0	-0.382673	-0.923884
0	-0.130528	-0.991445
-0	-0	1
0	-0	-1
-0.130642	0.99143	-0
-0.382555	0.923933	-0
-0.793028	0.609185	-0
-0.608553	0.793513	-0
-0.924264	0.381753	-0
-0.991436	0.130595	-0
-0.991436	-0.130595	0
-0.924264	-0.381753	0
-0.608782	-0.793338	0
-0.793028	-0.609185	-0
-0.382245	-0.924061	0
-0.130642	-0.99143	0
0.130642	-0.99143	-0
0.382245	-0.924061	-0
0.793729	-0.608272	-0
0.608782	-0.793338	-0
0.923752	-0.382992	-0
0.991436	-0.130595	-0
0.991436	0.130595	-0
0.923752	0.382992	-0
0.608553	0.793513	-0
0.793729	0.608272	0
0.382555	0.923933	-0
0.130642	0.99143	-0
-0	-0	4.32422e-005
-3.375e-006	2.5625e-005	-0
-9.89063e-006	2.3875e-005	-0
-2.05e-005	1.575e-005	-0
-1.57344e-005	2.05e-005	-0
-2.3875e-005	9.875e-006	-0
-2.5625e-005	3.375e-006	-0
-2.5625e-005	-3.375e-006	0
-2.3875e-005	-9.875e-006	0
-1.57187e-005	-2.05e-005	0
-2.05156e-005	-1.575e-005	-0
-9.89063e-006	-2.3875e-005	0
-3.375e-006	-2.5625e-005	0
3.375e-006	-2.5625e-005	-0
9.89063e-006	-2.3875e-005	-0
2.05156e-005	-1.575e-005	-0
1.57187e-005	-2.05e-005	-0
2.3875e-005	-9.875e-006	-0
2.5625e-005	-3.375e-006	-0
2.5625e-005	3.375e-006	-0
2.3875e-005	9.875e-006	-0
1.57344e-005	2.05e-005	-0
2.05e-005	1.575e-005	0
9.89063e-006	2.3875e-005	-0
3.375e-006	2.5625e-005	-0
-0	-0	-4.32422e-005
-0.382915	0.923783	-0
-0.608381	0.793645	-0
-0.923783	0.382915	-0
-0.793336	0.608784	-0
-0.9916	0.129339	-0
-0.130516	0.991446	-0
-0.923608	-0.383339	-0
-0.79378	-0.608205	0
-0.381894	-0.924206	-0
-0.608381	-0.793645	-0
-0.130516	-0.991446	-0
-0.99162	-0.129186	0
0.130516	-0.991446	-0
0.381894	-0.924206	-0
0.99162	-0.129186	-0
0.610696	-0.791865	-0
0.791469	-0.61121	-0
0.923608	-0.383339	-0
0.923783	0.382915	0
0.791022	0.611788	-0
0.382915	0.923783	0
0.610696	0.791865	0
0.130516	0.991446	0
0.9916	0.129339	-0
-0	-4.3257e-017	2.44249e-016
0.981399	-0.0741839	0.177068
0.540609	-0.829493	-0.140296
0.707111	-0.562268	-0.428777
0.883026	-0.202429	0.423424
0.536107	-0.749254	-0.388854
0.969436	-0.147917	0.19574
0.72377	-0.531583	-0.439974
0.770314	-0.602829	-0.207878
0.895977	-0.205224	0.393838
0.850177	-0.351567	0.391917
0.896672	-0.160861	0.412436
0.722734	-0.68792	0.0665003
0.923678	-0.0668655	-0.377291
-0.101051	-0.909455	-0.403337
0.863102	-0.248444	-0.439694
0.306675	-0.942259	-0.134529
0.86874	-0.205251	-0.450737
0.389005	-0.807688	-0.443074
0.882501	-0.408428	-0.233193
0.636605	-0.656249	0.405057
0.159046	-0.977135	0.141105
0.850643	-0.380108	-0.363214
0.872225	-0.305034	-0.382331
-0.688739	-0.549742	-0.472677
0.899916	-0.435941	-0.0103733
-0.385756	-0.800943	0.457911
0.872427	-0.443472	-0.205435
0.368307	-0.914165	-0.169268
0.729158	-0.680989	0.0676927
-0.865535	-0.198251	-0.45994
0.145364	-0.979805	0.137302
0.767421	-0.605582	-0.210559
-0.606667	-0.768314	-0.204082
-0.863125	-0.196018	0.465394
-0.815143	-0.422739	0.396022
-0.838981	-0.495413	-0.225114
-0.925049	0.0245887	0.379051
0.275408	-0.886645	-0.371498
0.934584	-0.335972	0.116941
-0.164119	-0.985545	0.0420359
-0.76339	-0.61731	0.190166
-0.920523	-0.312082	0.235038
0.918562	-0.378629	0.113504
0.597558	-0.77464	-0.207023
-0.988678	-0.0717948	-0.131763
-0.395335	-0.820833	-0.412242
0.0933707	-0.908248	-0.407882
-0.931422	-0.275472	-0.23784
-0.976961	-0.211368	0.0295141
0.192493	-0.907584	0.373144
-0.740558	-0.671107	-0.0344902
-0.883549	-0.200656	-0.423177
0.400092	-0.83071	0.387101
-0.813074	-0.579478	-0.0558136
-0.901467	-0.206481	0.380424
0.901631	-0.41205	-0.131442
0.395095	-0.820334	0.413463
0.872445	-0.442415	0.207626
0.697979	-0.557117	-0.44994
0.961348	-0.228898	0.153025
0.0339173	-0.987897	-0.151357
0.875561	-0.199643	-0.439926
0.867208	-0.199721	-0.456137
0.466258	-0.791283	0.39557
0.45544	-0.885781	0.089257
0.0314974	-0.895281	0.444387
-0.650712	-0.662293	0.371404
-0.269556	-0.940947	-0.20484
-0	-0.926912	-0.375279
-0.0760922	-0.988311	-0.132107
-0.583349	-0.805996	0.100367
0.00317819	-0.9888	0.149212
-0.341973	-0.926884	-0.154727
-0.232702	-0.878568	0.417094
-0.284644	-0.956781	0.059567
-0.902177	-0.193905	0.385328
-0.880623	-0.402597	0.249837
-0.844528	-0.504513	0.179554
-0.625254	-0.663831	0.410349
-0.941844	-0.335999	-0.00595752
-0.693499	-0.715928	0.0806597
-0.417877	-0.87491	0.244767
-0.0943315	-0.962212	0.255439
-0.609516	-0.766259	-0.203315
-0.527496	-0.837276	-0.143933
-0.990742	-0.0315487	0.132038
-0.977672	-0.208115	0.0290837
-0.895196	-0.445104	0.0225126
-0.907541	-0.371661	-0.195543
-0.967902	-0.138509	-0.209718
-0.680508	-0.562828	-0.469184
-0.230295	-0.950851	-0.206996
-0.692037	-0.552374	-0.464722
-0.840538	-0.492377	-0.225967
-0.74555	-0.609737	-0.269027
-0.82097	-0.401233	-0.406226
-0.920809	-0.0333349	-0.388587
-0.84592	-0.274108	-0.457476
-0.218558	-0.937504	0.270775
-0.374803	-0.804325	0.461067
-0.328055	-0.919683	0.215787
-0.384393	-0.798113	0.463959
-0.512129	-0.83056	0.218847
-0.724943	-0.578639	0.373677
-0.701817	-0.560181	0.440056
0.725086	-0.578754	0.373221
-0	-0.896993	0.442045
-0	-0.889144	0.457627
0.772155	-0.599798	0.20981
0.70146	-0.557774	0.443669
0.907168	-0.420768	0.00112279
0.795714	-0.605552	-0.0121036
0.584387	-0.80026	0.134443
0.523611	-0.841043	-0.135934
0.53421	-0.765933	0.357724
0.359632	-0.9249	0.123391
0.272121	-0.955857	0.110852
0.0619537	-0.988548	-0.1376
-0	-0.90492	-0.425581
-0.491263	-0.785329	-0.376723
-0.390435	-0.810658	-0.436341
-0.443383	-0.796219	-0.41164
-0.319246	-0.94691	0.0380092
-0.507539	-0.861197	0.0272601
-0.901467	0.206481	0.380424
0.300667	0.850559	-0.43145
0.399832	0.830169	-0.388527
-0.863125	0.196018	0.465394
-0.394931	0.819993	0.414296
0.896672	0.160861	0.412436
-0.270663	0.879512	0.391409
-0.844528	0.504513	0.179554
-0.860569	0.325052	-0.392125
-0.715696	0.687026	0.125597
0.754558	0.621478	-0.210731
0.636605	0.656249	0.405057
-0.977663	0.208151	0.0291278
0.545629	0.819617	0.174688
0.786058	0.618153	-0.00054789
-0.966792	0.14129	-0.212955
-0.902173	0.193992	0.385294
0.396116	0.822453	0.408244
-0.777312	0.573927	-0.25767
-0.900265	0.375373	-0.220495
-0.646359	0.75141	-0.132678
-0.191874	0.965599	-0.175506
-0.422324	0.81213	-0.4026
-0.988678	0.0717948	-0.131763
0.316879	0.942452	0.106635
0.918422	0.379002	0.113399
0.892713	0.431581	-0.129623
0.868724	0.205394	-0.450702
0.934572	0.336031	0.116871
0.895977	0.205224	0.393838
0.850122	0.351753	0.391871
0.869347	0.452911	-0.197754
0.872347	0.442605	0.207632
0.882591	0.408077	-0.233466
0.969444	0.147914	0.195703
-0.895165	0.44516	0.0226448
-0.880584	0.402739	0.249745
0.981394	0.074251	0.177068
0.961388	0.228695	0.153075
0.883026	0.202429	0.423424
0.429352	0.884518	0.182441
0.706893	0.56252	-0.428805
0.87228	0.304914	-0.382303
0.441535	0.896515	-0.0361452
0.863102	0.248444	-0.439694
0.850695	0.380041	-0.363162
0.722796	0.68784	0.0666491
0.723728	0.531526	-0.440111
0.923674	0.066926	-0.37729
0.69792	0.55707	-0.450089
0.875588	0.199528	-0.439925
0.605657	0.706498	0.366115
0.584666	0.775627	-0.237841
0.867187	0.199837	-0.456126
-0.0258831	0.96453	0.262703
-0.12903	0.924004	-0.359955
-0.920802	0.0335721	-0.388584
0.899916	0.435941	-0.0103733
0.528802	0.755856	-0.386071
-0.925048	-0.0245777	0.379055
0.0731242	0.97717	0.199481
0.0155353	0.997026	0.0754871
0.327456	0.938931	0.105742
0.347632	0.921039	-0.17561
-0.398815	0.828058	-0.394039
-0.815091	0.422894	0.395963
-0.920562	0.312038	0.234942
-0.726852	0.580163	0.367556
-0.75267	0.630026	0.191191
-0.625464	0.66358	0.410434
-0.813032	0.579554	-0.0556434
-0.38145	0.792001	0.476687
-0.773284	0.632557	-0.0436244
-0.592588	0.798815	0.103602
-0.701636	0.56046	0.43999
-0.559543	0.822771	-0.0997986
-0.442348	0.884079	-0.150772
-0.352275	0.927714	-0.123487
0.0170954	0.918969	-0.393958
-0.976955	0.21139	0.029557
-0.990742	0.0315662	0.132038
-0.260371	0.959099	0.111065
-0.440298	0.85297	0.28032
-0.322162	0.939441	0.116882
-0.838719	0.50488	-0.204075
-0.941851	0.33598	-0.00587393
-0.687139	0.548465	-0.476473
-0.864797	0.198082	-0.4614
-0.865154	0.196479	-0.461416
-0.746708	0.474263	-0.46637
-0.703556	0.561993	-0.43494
-0.281782	0.953625	0.105823
-0.120641	0.991487	0.0489834
0.657531	0.751427	0.054863
0.622111	0.782859	0.010425
-0.677803	0.692643	-0.246634
-0.575201	0.72467	-0.379469
-0.557409	0.827474	0.0676919
0.147346	0.98017	-0.132496
-0.395892	0.821988	-0.409396
0.772155	0.599798	0.20981
0.35122	0.837951	0.417712
0.725086	0.578754	0.373221
0.701293	0.558063	0.44357
0.392528	0.815004	0.42625
0.897423	0.440942	-0.0141924
0.766298	0.602658	-0.22269
-0.907624	0.337022	-0.25027
0.389765	0.809267	-0.439511
0	0.883481	0.468467
0	0.898647	0.438673
-0.168623	0.955552	0.241839
0.0536606	0.890689	0.451435
0.252397	0.888889	0.382324
0.188985	0.95955	0.208681
0.136238	0.98097	-0.138337
0.148397	0.988789	-0.0165621
-0.0913527	0.989614	-0.110989
-0	0.922535	-0.385915
-0	0.918705	-0.394944
-0.521421	0.810645	0.266411
-0.674991	0.638398	0.369912
-0.283365	0.853979	0.436376
0.632377	0.746044	-0.208609
0.38968	0.907422	-0.157276
4.37973e-005	-2.60365e-005	-2.84238e-005
2.97712e-007	-6.51272e-005	2.96606e-006
3.89159e-005	-5.0771e-005	-1.46792e-005
-1.40141e-005	-4.6131e-005	-2.70161e-005
-5.10513e-005	-5.66171e-005	3.77991e-005
3.1005e-005	-2.37804e-005	-9.55835e-006
2.9768e-006	-6.56883e-005	1.01931e-005
8.37593e-006	-6.33994e-005	-1.46475e-005
-2.78167e-005	-5.18699e-005	2.54346e-006
-1.85279e-005	-6.55969e-005	-1.88452e-006
4.42829e-005	-1.19778e-005	-1.92283e-005
6.28906e-005	-1.4375e-005	1.74316e-005
2.78167e-005	-5.19795e-005	2.67871e-006
5.98416e-005	-2.4798e-005	-1.52715e-005
4.13373e-005	-1.14487e-005	4.06641e-006
4.86442e-005	-4.76457e-005	-9.37622e-006
1.43523e-005	-3.46421e-005	-8.67212e-006
-7.66351e-005	-3.39519e-005	4.39468e-005
1.37753e-005	-5.1972e-005	-8.06787e-006
-0	-4.82375e-005	1.45613e-005
-4.76135e-007	-6.11637e-005	-3.02129e-005
3.91083e-005	-3.83296e-005	-7.67749e-006
2.58374e-005	-4.60378e-005	8.20459e-006
-1.43523e-005	-3.47178e-005	-8.78613e-006
-5.98416e-005	-2.4798e-005	-1.52715e-005
-7.65488e-006	-5.79415e-005	-1.38066e-005
-6.92872e-005	-1.02886e-005	8.27393e-006
-2.80675e-005	-4.62687e-005	-7.07227e-006
1.46888e-005	-4.84758e-005	7.98291e-006
-4.91905e-005	-2.61199e-005	-6.25757e-006
5.11077e-005	-3.13095e-005	-2.0249e-006
-1.51803e-005	-7.00703e-005	3.32676e-005
-3.1005e-005	-2.37804e-005	-9.17383e-006
-2.58374e-005	-4.59169e-005	8.12769e-006
-3.89159e-005	-5.06422e-005	-1.47849e-005
-6.15502e-005	-3.25939e-005	-8.46094e-006
4.43881e-005	-5.47729e-006	-1.02844e-005
-4.90752e-005	-1.1164e-005	-8.87695e-007
-2.50216e-005	-3.00599e-006	-6.74072e-006
2.40616e-005	-4.40904e-005	-2.77219e-005
-4.43881e-005	-5.47729e-006	-1.02844e-005
-0	-4.63269e-005	3.20142e-006
-3.87417e-005	-3.51421e-005	-2.72485e-005
4.69646e-005	-4.44013e-006	-6.59839e-006
-4.86442e-005	-4.76457e-005	-9.37622e-006
-4.37973e-005	-2.5906e-005	-2.81384e-005
2.22561e-005	-6.57085e-005	-2.22803e-006
2.01109e-005	-4.17562e-005	7.09033e-006
-3.21355e-005	-6.67227e-005	1.70605e-006
-2.01109e-005	-4.17562e-005	7.09033e-006
2.50216e-005	-2.9795e-006	-7.04712e-006
4.91692e-005	-6.49593e-006	-1.34531e-005
3.40966e-005	-1.31831e-005	-2.25537e-006
5.27045e-005	-1.21007e-005	-1.49097e-006
3.238e-005	-1.87793e-005	7.12915e-006
6.17206e-005	-7.89132e-006	5.28296e-006
5.60351e-005	-4.47264e-005	1.70581e-006
4.40642e-005	-1.56796e-005	1.57576e-005
-6.28906e-005	-1.4375e-005	1.70898e-005
-5.60351e-005	-4.47264e-005	1.70581e-006
-4.37378e-005	-1.21177e-005	4.64453e-006
-4.91692e-005	-6.49593e-006	-1.34531e-005
-5.2399e-005	-5.48354e-006	-9.448e-006
-4.42829e-005	-1.19778e-005	-1.92283e-005
3.87417e-005	-3.50133e-005	-2.73542e-005
4.91905e-005	-2.61793e-005	-5.83594e-006
5.10513e-005	-5.66171e-005	3.77991e-005
4.43441e-005	-3.52608e-005	1.90859e-005
-3.91083e-005	-3.83907e-005	-8.03149e-006
1.51768e-005	-4.87378e-005	-2.74177e-005
2.80675e-005	-4.6322e-005	-7.33276e-006
-2.40616e-005	-4.41436e-005	-2.79824e-005
-1.37768e-005	-5.20252e-005	-7.95215e-006
3.29235e-006	-6.94256e-005	-7.90747e-006
2.09257e-005	-4.34479e-005	2.11794e-005
-4.38103e-005	2.5906e-005	-2.80815e-005
-3.30734e-007	6.51272e-005	2.97461e-006
-3.89159e-005	5.06422e-005	-1.47849e-005
1.40141e-005	4.6131e-005	-2.70161e-005
5.10513e-005	5.66171e-005	3.77991e-005
-3.1005e-005	2.37804e-005	-9.1001e-006
-2.97792e-006	6.56883e-005	1.00488e-005
-8.34372e-006	6.33994e-005	-1.4708e-005
2.78167e-005	5.19795e-005	2.67871e-006
1.8561e-005	6.54648e-005	-1.89893e-006
-4.94958e-005	6.53908e-006	-1.22668e-005
-6.50317e-005	6.68079e-006	-1.26001e-005
-2.78167e-005	5.18699e-005	2.54346e-006
-5.9809e-005	2.4798e-005	-1.52463e-005
-6.92613e-005	1.02886e-005	8.26416e-006
-4.86442e-005	4.76457e-005	-9.37622e-006
-1.43712e-005	3.47178e-005	-8.72876e-006
2.58374e-005	4.60378e-005	8.20459e-006
-1.37615e-005	5.20252e-005	-8.06909e-006
-0	4.82375e-005	1.4458e-005
1.43712e-005	3.46421e-005	-8.61475e-006
-2.58374e-005	4.59169e-005	8.12769e-006
-1.47027e-005	4.85923e-005	8.08057e-006
2.80813e-005	4.6322e-005	-7.43701e-006
4.91775e-005	2.61793e-005	-5.89307e-006
4.13678e-005	1.14487e-005	4.05835e-006
4.43631e-005	5.47729e-006	-1.02935e-005
5.9809e-005	2.4798e-005	-1.52463e-005
7.62543e-006	5.79415e-005	-1.37471e-005
2.50016e-005	2.9795e-006	-7.0415e-006
4.4392e-007	6.11637e-005	-3.01523e-005
1.52241e-005	6.99608e-005	3.3186e-005
-2.40939e-005	4.41436e-005	-2.79331e-005
-0	4.63269e-005	3.09814e-006
6.28457e-005	1.4375e-005	1.74192e-005
3.1005e-005	2.37804e-005	-9.48462e-006
3.89159e-005	5.0771e-005	-1.46792e-005
-7.66516e-005	3.39519e-005	4.40164e-005
4.69341e-005	4.44013e-006	-6.59033e-006
4.43106e-005	3.52608e-005	1.91401e-005
-4.19472e-005	1.03619e-005	-1.94382e-005
-3.9093e-005	3.83907e-005	-8.11523e-006
3.87095e-005	3.50133e-005	-2.73076e-005
-0.781214	0.62379	0.02432
4.86442e-005	4.76457e-005	-9.37622e-006
4.38103e-005	2.60365e-005	-2.83667e-005
-2.22999e-005	6.58225e-005	-2.354e-006
-2.01109e-005	4.17562e-005	7.09033e-006
3.21355e-005	6.67227e-005	1.88525e-006
2.01109e-005	4.17562e-005	7.09033e-006
-4.91011e-005	1.1164e-005	-8.7793e-007
-6.28457e-005	1.4375e-005	1.70776e-005
-6.15337e-005	3.25939e-005	-8.53052e-006
4.91692e-005	6.49593e-006	-1.34531e-005
6.16928e-005	7.89132e-006	5.27661e-006
4.43156e-005	1.19778e-005	-1.92534e-005
3.23711e-005	1.87793e-005	7.08643e-006
3.40908e-005	1.31831e-005	-2.28564e-006
5.27323e-005	1.21007e-005	-1.48462e-006
4.407e-005	1.56796e-005	1.57878e-005
5.60351e-005	4.47264e-005	1.70581e-006
-3.87095e-005	3.51421e-005	-2.72019e-005
-4.91775e-005	2.61199e-005	-6.31445e-006
-5.10513e-005	5.66171e-005	3.77991e-005
3.9093e-005	3.83296e-005	-7.76123e-006
5.11077e-005	3.13095e-005	-2.0249e-006
-1.51579e-005	4.87378e-005	-2.74751e-005
-2.80813e-005	4.62687e-005	-7.17627e-006
2.40939e-005	4.40904e-005	-2.76724e-005
1.37873e-005	5.1983e-005	-8.18652e-006
-4.883e-005	1.43612e-005	4.35376e-006
-5.36816e-005	6.64963e-006	-1.45874e-005
-3.29122e-006	6.94256e-005	-7.76318e-006
-2.09257e-005	4.34479e-005	2.10864e-005
-0.00739911	0.174655	-0.984602
-0.00705346	0.769431	-0.638691
-0.00979916	0.502571	-0.86448
-0.00979907	0.502613	-0.864456
-0.00789004	0.941536	-0.336819
-0.00481856	0.793082	-0.609096
-0	0.17466	-0.984629
0.00486944	0.382592	-0.923905
-0.00494895	0.130552	-0.991429
-0.00527544	0.923732	-0.383003
0.00473661	0.609177	-0.79302
0.000603728	0.941867	-0.335984
-0.000698572	0.769275	-0.638917
-0.00890973	0.174005	0.984705
0.00516915	0.991437	-0.130481
0.00487224	0.991439	0.130481
-0.0100866	0.999919	0.00782316
-0.00754531	0.938131	0.346198
-0.0114225	0.499825	0.866051
-0.00804316	0.765097	0.643865
0	0.174696	0.984622
-0.000184291	0.923745	0.383008
0.00015596	0.793091	0.609103
0.00564302	0.609174	0.793016
0.00583298	0.38259	0.9239
-0.00597944	0.130551	0.991424
-0.00596902	-0.130396	0.991444
-0.00734424	-0.938145	0.346165
-0.00817472	-0.764634	0.644412
-0.0113633	-0.500221	0.865823
-0.0051465	-0.924156	-0.381981
0.00586398	-0.383013	0.923724
-0	-0.17466	-0.984629
-0.00890973	-0.174005	0.984705
0.00015596	-0.793091	0.609103
-0.000185717	-0.924168	0.381986
-0.00481856	-0.793082	-0.609096
0.00554847	-0.608596	0.79346
-0	-0.174389	0.984677
0.00508264	-0.991438	0.130481
0.00516915	-0.991437	-0.130481
-0.00998588	-0.999926	0.00690431
-0.0077874	-0.942102	-0.335235
-0.00970193	-0.502592	-0.864469
-0.00705346	-0.769431	-0.638691
-0.00741664	-0.174348	-0.984656
0.00489532	-0.383015	-0.923729
-0.000698572	-0.769275	-0.638917
-0.00496625	-0.130397	-0.991449
0.0047751	-0.608599	-0.793464
0.000603728	-0.941867	-0.335984

#	Mesh	0	End

