#	Mesh	0	Begin

#	Vertex	72
90.2893	108.577	0.882724
90.2891	108.579	0.883369
90.2889	108.581	0.884422
90.2887	108.583	0.88585
90.2886	108.585	0.887612
90.2885	108.587	0.889652
90.2884	108.588	0.89191
90.2883	108.588	0.894316
90.2883	108.588	0.896797
90.2883	108.588	0.899279
90.2884	108.588	0.901685
90.2885	108.587	0.903942
90.2886	108.585	0.905983
90.2887	108.583	0.907744
90.2889	108.581	0.909173
90.2891	108.579	0.910225
90.2893	108.577	0.91087
90.2895	108.574	0.911087
90.2897	108.572	0.91087
90.2899	108.569	0.910225
90.2901	108.567	0.909173
90.2902	108.565	0.907744
90.2904	108.563	0.905983
90.2905	108.562	0.903942
90.2906	108.561	0.901685
90.2906	108.56	0.899279
90.2906	108.56	0.896797
90.2906	108.56	0.894316
90.2906	108.561	0.89191
90.2905	108.562	0.889652
90.2904	108.563	0.887612
90.2902	108.565	0.88585
90.2901	108.567	0.884422
90.2899	108.569	0.883369
90.2897	108.572	0.882724
90.2895	108.574	0.882507
91.1299	108.645	0.882724
91.1297	108.647	0.883369
91.1295	108.649	0.884422
91.1294	108.652	0.88585
91.1292	108.653	0.887612
91.1291	108.655	0.889652
91.129	108.656	0.89191
91.129	108.656	0.894316
91.129	108.657	0.896797
91.129	108.656	0.899279
91.129	108.656	0.901685
91.1291	108.655	0.903942
91.1292	108.653	0.905983
91.1294	108.652	0.907744
91.1295	108.649	0.909173
91.1297	108.647	0.910225
91.1299	108.645	0.91087
91.1301	108.642	0.911087
91.1303	108.64	0.91087
91.1305	108.637	0.910225
91.1307	108.635	0.909173
91.1309	108.633	0.907744
91.131	108.631	0.905983
91.1311	108.63	0.903942
91.1312	108.629	0.901685
91.1313	108.628	0.899279
91.1313	108.628	0.896797
91.1313	108.628	0.894316
91.1312	108.629	0.89191
91.1311	108.63	0.889652
91.131	108.631	0.887612
91.1309	108.633	0.88585
91.1307	108.635	0.884422
91.1305	108.637	0.883369
91.1303	108.64	0.882724
91.1301	108.642	0.882507

#	Triangle	108
35	36	71
0	36	35
0	37	36
1	37	0
1	38	37
2	38	1
2	39	38
3	39	2
3	40	39
4	40	3
4	41	40
5	41	4
5	42	41	6	42	5
6	43	42
7	43	6
7	44	43
8	44	7
8	45	44
9	45	8
9	46	45
10	46	9
10	47	46	11	47	10
11	48	47
12	48	11
12	49	48
13	49	12
13	50	49
14	50	13
14	51	50
15	51	14
15	52	51
16	52	15
16	53	52
17	53	16
17	54	53
18	54	17
18	55	54	19	55	18
19	56	55
20	56	19
20	57	56
21	57	20
21	58	57
22	58	21
22	59	58
23	59	22
23	60	59	24	60	23
24	61	60
25	61	24
25	62	61
26	62	25
26	63	62
27	63	26
27	64	63
28	64	27
28	65	64	29	65	28
29	66	65
30	66	29
30	67	66
31	67	30
31	68	67
32	68	31
32	69	68
33	69	32
33	70	69	34	70	33
34	71	70
35	71	34
7	9	8	26	25	27
6	9	7	27	25	24
6	10	9
5	10	6	28	24	23
5	11	10	28	23	29
4	11	5	29	23	22
4	12	11	29	22	30
3	12	4	30	22	21
3	13	12	30	21	31
2	13	3
2	14	13	31	20	32
1	14	2
1	15	14	32	19	33
0	15	1	33	19	18
0	16	15	33	18	34
35	16	0
35	17	16	34	17	35
34	18	17
32	20	19
31	21	20
27	24	28
45	43	44	62	63	61
46	43	45	61	63	64
46	42	43
47	42	46	60	64	65
47	41	42	60	65	59
48	41	47	59	65	66
48	40	41	59	66	58
49	40	48	58	66	67
49	39	40	58	67	57
50	39	49
50	38	39	57	68	56
51	38	50
51	37	38	56	69	55
52	37	51	55	69	70
52	36	37	55	70	54
53	36	52
53	71	36	54	71	53
54	70	71
56	68	69
57	67	68
61	64	60

#	Normal	108
-0.00702884	0.0867535	-0.996205
-0.00705157	0.0870241	-0.996181
-0.0209014	0.257947	-0.965933
-0.0209067	0.25801	-0.965916
-0.034137	0.421284	-0.906286
-0.0341289	0.421187	-0.906331
-0.0463639	0.572182	-0.818815
-0.0462401	0.570719	-0.819842
-0.0570696	0.704382	-0.707523
-0.0572024	0.70594	-0.705957
-0.0661904	0.816862	-0.573022
-0.0660643	0.815399	-0.575117
-0.0732185	0.9037	-0.42186
-0.0779553	0.962164	-0.261083
-0.0780333	0.963007	-0.257931
-0.0804743	0.993132	-0.0849288
-0.0804409	0.992842	-0.088283
-0.0804644	0.993133	0.0849288
-0.0804508	0.992841	0.0882831
-0.077965	0.962165	0.261076
-0.0780238	0.963009	0.257925
-0.0732185	0.9037	0.42186
-0.0661822	0.816855	0.573034
-0.0660712	0.81539	0.575129
-0.0570761	0.704382	0.707523
-0.0571959	0.705941	0.705957
-0.0463586	0.572182	0.818815
-0.0462454	0.570719	0.819842
-0.0341383	0.421304	0.906277
-0.0341308	0.421207	0.906322
-0.0209016	0.257947	0.965933
-0.0209065	0.25801	0.965916
-0.00702964	0.0867534	0.996205
-0.00705076	0.0870241	0.996181
0.00705255	-0.0870461	0.996179
0.0070297	-0.0867534	0.996205
0.0209016	-0.257947	0.965933
0.0341308	-0.421207	0.906322
0.0341383	-0.421304	0.906277
0.0462454	-0.570719	0.819842
0.0463586	-0.572182	0.818815
0.0571959	-0.705941	0.705957
0.0570761	-0.704382	0.707523
0.0660712	-0.81539	0.575129
0.0661822	-0.816855	0.573034
0.0732185	-0.9037	0.42186
0.0780238	-0.963009	0.257925
0.077965	-0.962165	0.261076
0.0804526	-0.992863	0.0880317
0.0804651	-0.993133	0.0849288
0.0804434	-0.992864	-0.0880317
0.0804743	-0.993132	-0.0849288
0.0780333	-0.963007	-0.257931
0.0779553	-0.962164	-0.261083
0.0732185	-0.9037	-0.42186
0.0660643	-0.815399	-0.575117
0.0661904	-0.816862	-0.573022
0.0572024	-0.70594	-0.705957
0.0570696	-0.704382	-0.707523
0.0462401	-0.570719	-0.819842
0.0463639	-0.572182	-0.818815
0.0341289	-0.421187	-0.906331
0.034137	-0.421284	-0.906286
0.0209016	-0.257947	-0.965933
0.00705342	-0.0870461	-0.996179
0.00702884	-0.0867535	-0.996205
-1.08563e-006	-1.16318e-007	-0
-3.17935e-006	-2.32635e-007	0
-6.26209e-006	-4.58201e-007	-0
-1.02332e-005	-8.40036e-007	0
-1.49598e-005	-1.22804e-006	-0
-2.04302e-005	-1.67461e-006	0
-2.62646e-005	-2.15283e-006	-0
-3.2149e-005	-2.5834e-006	0
-3.83137e-005	-3.07878e-006	-0
-4.46423e-005	-3.59191e-006	0
-5.04688e-005	-4.06071e-006	-0
-5.56897e-005	-4.64081e-006	0
-6.04269e-005	-5.03557e-006	-0
-6.44134e-005	-5.03557e-006	0
-6.7506e-005	-5.27734e-006	-0
-6.9485e-005	-5.71712e-006	0
-7.05569e-005	-5.80532e-006	-0
-6.97049e-005	-5.71712e-006	-0
-5.56897e-005	-4.44744e-006	-0
-4.44713e-005	-3.59191e-006	-0
-6.33845e-006	-5.34568e-007	0
1.04686e-006	7.75452e-008	-0
3.21812e-006	2.71408e-007	0
6.33845e-006	5.34568e-007	-0
1.02332e-005	8.40036e-007	0
1.49598e-005	1.22804e-006	-0
2.03186e-005	1.67461e-006	0
2.61211e-005	2.15283e-006	-0
3.22925e-005	2.5834e-006	0
3.84848e-005	3.07878e-006	-0
4.44713e-005	3.59191e-006	0
5.02754e-005	4.06071e-006	-0
5.56897e-005	4.44744e-006	0
6.04269e-005	4.82576e-006	-0
6.44134e-005	5.24539e-006	0
6.7506e-005	5.49723e-006	-0
6.97049e-005	5.71712e-006	0
7.07802e-005	5.80532e-006	-0
6.9485e-005	5.49723e-006	-0
5.56897e-005	4.64081e-006	-0
4.46423e-005	3.59191e-006	-0
6.26209e-006	4.58201e-007	0

#	Mesh	0	End

