#	Mesh	0	Begin

#	Vertex	16
-259.921	115.365	2.58
-259.921	115.365	2.38
-259.921	116.265	2.58
-215.222	115.365	2.58
-215.222	115.365	2.38
-215.222	116.265	2.58
-259.921	113.965	2.58
-259.921	113.965	1.38
-259.921	115.365	1.38
-215.222	113.965	2.58
-215.222	113.965	1.38
-215.222	115.365	1.38
-259.921	113.065	2.58
-259.921	113.965	2.38
-215.222	113.065	2.58
-215.222	113.965	2.38

#	Triangle	8
2	3	5	0	3	2	0	9	3	6	9	0	6	14	9	12	14	6
0	4	3	1	4	0	6	10	9	7	10	6
1	5	4	2	5	1
2	1	0	0	7	6	8	7	0	13	12	6
3	4	5	9	11	3	10	11	9	9	14	15
7	11	10	8	11	7
8	3	11	0	3	8	13	9	15	6	9	13
12	15	14	13	15	12

#	Normal	8
-0	-0	1
0	-1	-0
-0	0.21693	-0.976187
-1	-0	-0
1	-0	0
-0	-0	-1
-0	1	-0
0	-0.21693	-0.976187

#	Mesh	0	End

