#	Mesh	0	Begin

#	Vertex	72
-211.845	110.862	0.769073
-211.845	110.86	0.768428
-211.845	110.858	0.767375
-211.845	110.856	0.765947
-211.845	110.854	0.764185
-211.845	110.852	0.762145
-211.845	110.851	0.759887
-211.845	110.851	0.757481
-211.845	110.85	0.755
-211.845	110.851	0.752519
-211.845	110.851	0.750113
-211.845	110.852	0.747855
-211.845	110.854	0.745815
-211.845	110.856	0.744053
-211.845	110.858	0.742625
-211.845	110.86	0.741572
-211.845	110.862	0.740927
-211.845	110.865	0.74071
-211.845	110.867	0.740927
-211.845	110.87	0.741572
-211.845	110.872	0.742625
-211.845	110.874	0.744053
-211.845	110.876	0.745815
-211.845	110.877	0.747855
-211.845	110.878	0.750113
-211.845	110.879	0.752519
-211.845	110.879	0.755
-211.845	110.879	0.757481
-211.845	110.878	0.759887
-211.845	110.877	0.762145
-211.845	110.876	0.764185
-211.845	110.874	0.765947
-211.845	110.872	0.767375
-211.845	110.87	0.768428
-211.845	110.867	0.769073
-211.845	110.865	0.76929
-209.058	110.862	0.769073
-209.058	110.86	0.768428
-209.058	110.858	0.767375
-209.058	110.856	0.765947
-209.058	110.854	0.764185
-209.058	110.852	0.762145
-209.058	110.851	0.759887
-209.058	110.851	0.757481
-209.058	110.85	0.755
-209.058	110.851	0.752519
-209.058	110.851	0.750113
-209.058	110.852	0.747855
-209.058	110.854	0.745815
-209.058	110.856	0.744053
-209.058	110.858	0.742625
-209.058	110.86	0.741572
-209.058	110.862	0.740927
-209.058	110.865	0.74071
-209.058	110.867	0.740927
-209.058	110.87	0.741572
-209.058	110.872	0.742625
-209.058	110.874	0.744053
-209.058	110.876	0.745815
-209.058	110.877	0.747855
-209.058	110.878	0.750113
-209.058	110.879	0.752519
-209.058	110.879	0.755
-209.058	110.879	0.757481
-209.058	110.878	0.759887
-209.058	110.877	0.762145
-209.058	110.876	0.764185
-209.058	110.874	0.765947
-209.058	110.872	0.767375
-209.058	110.87	0.768428
-209.058	110.867	0.769073
-209.058	110.865	0.76929

#	Triangle	70
35	36	71	0	36	35
0	37	36	1	37	0
1	38	37	2	38	1
2	39	38	3	39	2
3	40	39	4	40	3
4	41	40	5	41	4
5	42	41	6	42	5
6	43	42	7	43	6
7	44	43	8	44	7
8	45	44	9	45	8
9	46	45	10	46	9
10	47	46	11	47	10
11	48	47	12	48	11
12	49	48	13	49	12
13	50	49	14	50	13
14	51	50	15	51	14
15	52	51	16	52	15
16	53	52	17	53	16
17	54	53	18	54	17
18	55	54	19	55	18
19	56	55	20	56	19
20	57	56	21	57	20
21	58	57	22	58	21
22	59	58	23	59	22
23	60	59	24	60	23
24	61	60	25	61	24
25	62	61	26	62	25
26	63	62	27	63	26
27	64	63	28	64	27
28	65	64	29	65	28
29	66	65	30	66	29
30	67	66	31	67	30
31	68	67	32	68	31
32	69	68	33	69	32
33	70	69	34	70	33
34	71	70	35	71	34
7	9	8	26	25	27
6	9	7	27	25	24
6	10	9	27	24	28
5	10	6	28	24	23
5	11	10	28	23	29
4	11	5	29	23	22
4	12	11	29	22	30
3	12	4	30	22	21
3	13	12	30	21	31
2	13	3	31	21	20
2	14	13	31	20	32
1	14	2	32	20	19
1	15	14	32	19	33
0	15	1	33	19	18
0	16	15	33	18	34
35	16	0	34	18	17
35	17	16	34	17	35
45	43	44	62	63	61
46	43	45	61	63	64
46	42	43	61	64	60
47	42	46	60	64	65
47	41	42	60	65	59
48	41	47	59	65	66
48	40	41	59	66	58
49	40	48	58	66	67
49	39	40	58	67	57
50	39	49	57	67	68
50	38	39	57	68	56
51	38	50	56	68	69
51	37	38	56	69	55
52	37	51	55	69	70
52	36	37	55	70	54
53	36	52	54	70	71
53	71	36	54	71	53

#	Normal	70
-0	-0.0873278	0.99618
-0	-0.258782	0.965936
-0	-0.422585	0.906323
-0	-0.573831	0.818974
-0	-0.70625	0.707963
-0	-0.818967	0.57384
-0	-0.907206	0.420688
-0	-0.965549	0.260223
-0	-0.996137	0.0878137
0	-0.996137	-0.0878137
0	-0.965549	-0.260223
0	-0.907206	-0.420688
0	-0.818967	-0.57384
0	-0.70625	-0.707963
0	-0.573831	-0.818974
0	-0.422585	-0.906323
0	-0.258782	-0.965936
0	-0.0873278	-0.99618
-0	0.0870552	-0.996203
-0	0.258782	-0.965936
-0	0.422585	-0.906323
-0	0.573831	-0.818974
-0	0.70625	-0.707963
-0	0.818967	-0.57384
-0	0.907206	-0.420688
-0	0.965549	-0.260223
-0	0.996137	-0.0878137
-0	0.996137	0.0878137
-0	0.965549	0.260223
-0	0.907206	0.420688
-0	0.818967	0.57384
-0	0.70625	0.707963
-0	0.573831	0.818974
-0	0.422585	0.906323
-0	0.258782	0.965936
-0	0.0870552	0.996203
-1.08563e-006	-0	-0
-3.21812e-006	-0	-0
-6.33841e-006	-0	-0
-1.02331e-005	-0	-0
-1.49599e-005	-0	-0
-2.04303e-005	-0	-0
-2.62646e-005	-0	-0
-3.2436e-005	-0	-0
-3.86558e-005	-0	-0
-4.46423e-005	-0	-0
-5.04688e-005	-0	-0
-5.58831e-005	-0	-0
-6.06368e-005	-0	-0
-6.46233e-005	-0	-0
-6.77257e-005	-0	-0
-6.97047e-005	-0	-0
-7.078e-005	-0	-0
1.08563e-006	-0	-0
3.21812e-006	-0	-0
6.33841e-006	-0	-0
1.02331e-005	-0	-0
1.49599e-005	-0	-0
2.04303e-005	-0	-0
2.62646e-005	-0	-0
3.2436e-005	-0	-0
3.86558e-005	-0	-0
4.46423e-005	-0	-0
5.04688e-005	-0	-0
5.58831e-005	-0	-0
6.06368e-005	-0	-0
6.46233e-005	-0	-0
6.77257e-005	-0	-0
6.97047e-005	-0	-0
7.078e-005	-0	-0

#	Mesh	0	End

