#	Mesh	0	Begin

#	Vertex	28
-259.562	101.394	0.53
-259.562	101.394	0.63
-259.562	101.594	0.63
-259.562	101.594	0.53
-259.562	101.591	0.53
-259.562	101.591	0.62746
-259.562	101.396	0.62746
-259.562	101.396	0.53
-259.252	101.394	0.716754
-259.252	101.396	0.716754
-259.338	101.396	0.762211
-259.338	101.591	0.762211
-259.252	101.591	0.716754
-259.252	101.594	0.716754
-259.34	101.594	0.763396
-259.34	101.394	0.763396
-259.35	101.394	0.53
-259.373	101.394	0.701862
-259.492	101.394	0.63
-259.492	101.594	0.63
-259.373	101.594	0.701862
-259.35	101.594	0.53
-259.35	101.591	0.53
-259.371	101.591	0.700052
-259.491	101.591	0.62746
-259.491	101.396	0.62746
-259.371	101.396	0.700052
-259.35	101.396	0.53

#	Triangle	15
4	2	3	4	5	2	5	1	2	6	1	5	0	6	7	0	1	6
15	11	14	15	10	11
11	13	14
11	12	13
15	9	10
15	8	9
16	1	0	16	18	1	16	17	18	16	15	17	8	15	16	22	5	4	22	24	5	22	23	24	22	11	23	12	11	22
19	1	18	2	1	19
19	3	2	19	21	3	20	21	19	14	21	20	14	13	21	25	7	6	25	27	7	26	27	25	10	27	26	10	9	27
22	3	21	4	3	22	25	5	24	6	5	25	27	0	7	16	0	27
19	17	20	18	17	19
25	23	26	24	23	25
17	14	20	15	14	17
21	12	22	13	12	21	16	9	8	27	9	16
23	10	26	11	10	23

#	Normal	15
-1	-0	-0
0.465895	-0	0.88484
0.46643	0.00060599	0.884558
0.466444	0	0.884551
0.466444	-0.000621802	0.884551
0.46643	0	0.884558
-0	-1	0
0	0	1
0	1	0
-0	0	-1
-0.516491	-0	0.856293
0.516514	-0	-0.856279
-0.884614	-0	0.466323
0.884573	-0	-0.466403
0.884531	-0	-0.466481

#	Mesh	0	End

