#	Mesh	0	Begin

#	Vertex	12
-271.427	112.766	0.61
-271.427	128.786	0.61
-277.227	128.786	0.61
-277.227	130.069	0.61
-268.827	130.069	0.61
-268.827	112.766	0.61
-271.427	112.766	0.11
-271.427	128.786	0.11
-277.227	128.786	0.11
-277.227	130.069	0.11
-268.827	130.069	0.11
-268.827	112.766	0.11

#	Triangle	6
5	6	11	0	6	5	1	8	7	2	8	1
0	7	6	1	7	0	2	9	8	3	9	2
3	10	9	4	10	3
4	11	10	5	11	4
1	3	2	1	4	3	5	1	0	5	4	1
10	8	9	10	7	8	10	6	7	10	11	6

#	Normal	6
-0	-1	-0
-1	0	-0
-0	1	-0
1	0	0
-0	-0	1
-0	-0	-1

#	Mesh	0	End

