#	Mesh	0	Begin

#	Vertex	46
-267.518	108.009	3.38
-268.518	108.009	3.38
-268.518	107.209	3.38
-267.518	107.209	3.38
-267.518	107.209	-9.07
-268.518	107.209	-9.07
-268.518	107.815	-9.07
-267.518	107.815	-9.07
-267.518	108.009	-2.82
-267.518	108.009	-3.42
-267.518	108.009	-7.47
-268.518	108.009	-7.47
-268.518	108.009	-3.42
-268.518	108.009	-2.82
-268.518	108.009	-2.42
-268.327	108.009	-2.42
-268.327	108.009	3.185
-268.518	108.009	3.185
-268.518	107.209	3.185
-268.327	107.209	3.185
-268.327	107.209	-2.42
-268.518	107.209	-2.42
-268.518	107.209	-2.82
-268.337	107.209	-2.82
-268.337	107.209	-7.47
-268.518	107.209	-7.47
-267.518	107.209	-3.42
-267.518	107.209	-2.82
-267.518	107.815	-7.47
-267.518	107.226	-7.47
-267.518	107.226	-2.82
-267.518	107.426	-2.82
-267.518	107.426	-7.47
-268.327	107.41	3.185
-268.327	108.009	-2.42
-268.327	107.41	-2.42
-268.518	107.61	-2.42
-268.337	107.426	-2.82
-268.337	107.426	-7.47
-268.518	107.426	-7.47
-268.518	107.426	-2.82
-267.537	107.226	-7.47
-267.537	107.226	-2.82
-267.537	107.426	-2.82
-267.537	107.426	-7.47
-268.518	107.815	-7.47

#	Triangle	7
3	1	2	0	1	3	20	36	21	20	14	36	20	35	14	35	15	14	25	38	39	24	38	25	32	41	29	44	41	32
7	5	6	4	5	7	40	23	22	37	23	40	30	43	31	42	43	30	10	45	11	28	45	10	16	18	17	16	33	18	33	19	18
12	10	11	12	9	10	13	9	12	13	8	9	14	8	13	14	15	8	15	0	8	16	0	15	1	16	17	1	0	16	29	42	30	41	42	29	45	7	6	28	7	45
18	1	17	2	1	18	19	35	20	19	34	35	19	33	34	23	38	24	37	38	23	25	6	5	25	39	6	39	45	6	40	45	39	40	11	45	40	12	11	40	13	12	21	40	22	21	13	40	21	36	13	36	14	13
26	5	4	26	24	5	24	25	5	26	23	24	27	23	26	3	23	27	3	20	23	20	22	23	20	21	22	3	19	20	3	18	19	3	2	18	39	37	40	38	37	39	31	44	32	43	44	31
28	4	7	28	32	4	32	29	4	29	26	4	9	28	10	9	32	28	9	31	32	30	26	29	8	31	9	30	27	26	0	31	8	0	30	31	0	27	30	0	3	27	43	41	44	42	41	43
33	16	34

#	Normal	7
-0	-0	1
-0	-0	-1
-0	1	-0
-1	-0	-0
-0	-1	-0
1	0	0
-1	5.22098e-005	5.57538e-006

#	Mesh	0	End

