#	Mesh	0	Begin

#	Vertex	72
-291.274	116.06	2.41286
-291.26	116.06	2.40906
-291.246	116.06	2.40287
-291.234	116.06	2.39445
-291.224	116.06	2.38408
-291.216	116.06	2.37207
-291.209	116.06	2.35878
-291.206	116.06	2.34461
-291.204	116.06	2.33
-291.206	116.06	2.31539
-291.209	116.06	2.30122
-291.216	116.06	2.28793
-291.224	116.06	2.27592
-291.234	116.06	2.26555
-291.246	116.06	2.25713
-291.26	116.06	2.25094
-291.274	116.06	2.24714
-291.288	116.06	2.24586
-291.303	116.06	2.24714
-291.317	116.06	2.25094
-291.331	116.06	2.25713
-291.343	116.06	2.26555
-291.353	116.06	2.27592
-291.361	116.06	2.28793
-291.368	116.06	2.30122
-291.371	116.06	2.31539
-291.373	116.06	2.33
-291.371	116.06	2.34461
-291.368	116.06	2.35878
-291.361	116.06	2.37207
-291.353	116.06	2.38408
-291.343	116.06	2.39445
-291.331	116.06	2.40287
-291.317	116.06	2.40906
-291.303	116.06	2.41286
-291.288	116.06	2.41414
-291.274	118.663	2.41286
-291.26	118.663	2.40906
-291.246	118.663	2.40287
-291.234	118.663	2.39445
-291.224	118.663	2.38408
-291.216	118.663	2.37207
-291.209	118.663	2.35878
-291.206	118.663	2.34461
-291.204	118.663	2.33
-291.206	118.663	2.31539
-291.209	118.663	2.30122
-291.216	118.663	2.28793
-291.224	118.663	2.27592
-291.234	118.663	2.26555
-291.246	118.663	2.25713
-291.26	118.663	2.25094
-291.274	118.663	2.24714
-291.288	118.663	2.24586
-291.303	118.663	2.24714
-291.317	118.663	2.25094
-291.331	118.663	2.25713
-291.343	118.663	2.26555
-291.353	118.663	2.27592
-291.361	118.663	2.28793
-291.368	118.663	2.30122
-291.371	118.663	2.31539
-291.373	118.663	2.33
-291.371	118.663	2.34461
-291.368	118.663	2.35878
-291.361	118.663	2.37207
-291.353	118.663	2.38408
-291.343	118.663	2.39445
-291.331	118.663	2.40287
-291.317	118.663	2.40906
-291.303	118.663	2.41286
-291.288	118.663	2.41414

#	Triangle	40
35	36	71	0	36	35
0	37	36	1	37	0
1	38	37	2	38	1
2	39	38	3	39	2
3	40	39	4	40	3
4	41	40	5	41	4
5	42	41	6	42	5
6	43	42	7	43	6
7	44	43	8	44	7
8	45	44	9	45	8
9	46	45	10	46	9
10	47	46	11	47	10
11	48	47	12	48	11
12	49	48	13	49	12
13	50	49	14	50	13
14	51	50	15	51	14
15	52	51	16	52	15
16	53	52	17	53	16
17	54	53	18	54	17
18	55	54	19	55	18
19	56	55	20	56	19
20	57	56	21	57	20
21	58	57	22	58	21
22	59	58	23	59	22
23	60	59	24	60	23
24	61	60	25	61	24
25	62	61	26	62	25
26	63	62	27	63	26
27	64	63	28	64	27
28	65	64	29	65	28
29	66	65	30	66	29
30	67	66	31	67	30
31	68	67	32	68	31
32	69	68	33	69	32
33	70	69	34	70	33
34	71	70	35	71	34
7	9	8	26	25	27
6	9	7	6	10	9	5	10	6	5	11	10	4	11	5	4	12	11	3	12	4	3	13	12	2	13	3	2	14	13	1	14	2	1	15	14	0	15	1	0	16	15	35	16	0	35	17	16	34	17	35	34	18	17	33	18	34	33	19	18	32	19	33	32	20	19	31	20	32	31	21	20	30	21	31	30	22	21	29	22	30	29	23	22	28	23	29	28	24	23	27	24	28	27	25	24
45	43	44	62	63	61
46	43	45	46	42	43	47	42	46	47	41	42	48	41	47	48	40	41	49	40	48	49	39	40	50	39	49	50	38	39	51	38	50	51	37	38	52	37	51	52	36	37	53	36	52	53	71	36	54	71	53	54	70	71	55	70	54	55	69	70	56	69	55	56	68	69	57	68	56	57	67	68	58	67	57	58	66	67	59	66	58	59	65	66	60	65	59	60	64	65	61	64	60	61	63	64

#	Normal	40
0.087243	-0	0.996187
0.258994	-0	0.965879
0.422088	-0	0.906555
0.574017	-0	0.818844
0.706957	-0	0.707257
0.819338	-0	0.57331
0.905773	-0	0.423764
0.966174	-0	0.257891
0.996177	-0	0.0873594
0.996177	-0	-0.0873594
0.966174	-0	-0.257891
0.905773	-0	-0.423764
0.819338	-0	-0.57331
0.706957	-0	-0.707257
0.574017	-0	-0.818844
0.422088	-0	-0.906555
0.258994	-0	-0.965879
0.087243	-0	-0.996187
-0.087058	0	-0.996203
-0.258994	0	-0.965879
-0.422088	0	-0.906555
-0.574017	0	-0.818844
-0.706957	0	-0.707257
-0.819338	0	-0.57331
-0.906589	0	-0.422015
-0.965641	0	-0.259879
-0.996177	0	-0.0873594
-0.996177	-0	0.0873594
-0.965641	-0	0.259879
-0.906589	-0	0.422015
-0.819338	-0	0.57331
-0.706957	-0	0.707257
-0.574017	-0	0.818844
-0.422088	-0	0.906555
-0.258994	-0	0.965879
-0.087058	-0	0.996203
-0	-3.7439e-005	-0
-0	-1	-0
-0	3.7439e-005	-0
-0	1	-0

#	Mesh	0	End

