#	Mesh	0	Begin

#	Vertex	36
-216.318	100.424	3.38
-216.318	100.419	3.38
-215.527	100.419	3.38
-215.527	100.424	3.38
-215.732	100.424	3.38
-215.318	100.424	-9.07
-215.318	99.6238	-9.07
-216.318	99.6238	-9.07
-216.318	100.424	-9.07
-216.318	100.424	2.58
-215.527	100.424	-2.42
-215.327	100.424	-2.42
-215.327	100.424	3.38
-215.318	100.424	3.38
-215.318	100.424	-2.42
-215.318	100.424	-2.82
-216.318	99.6238	2.58
-216.318	99.6238	3.38
-216.318	100.219	3.38
-216.318	100.219	-2.42
-216.318	100.419	-2.42
-216.318	99.6258	-2.82
-216.318	99.6258	-7.47
-216.318	99.8258	-7.47
-216.318	99.8258	-2.82
-215.318	99.6238	3.38
-216.217	99.6238	3.38
-215.318	99.6258	-7.47
-215.318	99.6258	-2.82
-215.318	99.8258	-2.82
-215.318	99.8258	-7.47
-215.327	100.219	3.38
-215.327	100.219	-2.42
-215.527	100.419	-2.42
-215.327	100.419	-2.42
-215.327	100.419	3.38

#	Triangle	7
2	0	1	2	4	0	2	3	4	32	20	19	32	33	20	32	10	33	32	34	10	34	11	10	23	27	30	22	27	23	26	18	17	26	31	18	25	31	26	25	35	31	25	13	12
8	6	7	5	6	8	29	21	24	28	21	29
9	5	8	9	10	5	10	15	5	10	11	15	11	14	15	9	3	10	12	14	11	12	13	14	0	4	9	4	3	9	18	32	19	31	32	18	22	28	27	21	28	22
16	22	7	22	8	7	22	23	8	23	19	8	19	20	8	20	9	8	16	21	22	24	19	23	16	24	21	16	19	24	16	18	19	1	9	20	17	18	16	1	0	9	31	34	32	31	11	34	31	35	11	35	12	11
25	7	6	25	16	7	25	26	16	26	17	16	2	20	33	1	20	2	24	30	29	23	30	24
15	6	5	15	30	6	30	27	6	27	25	6	15	29	30	28	25	27	14	29	15	14	28	29	14	25	28	13	25	14	2	10	3	33	10	2
25	12	35

#	Normal	7
-0	-0	1
0	-0	-1
-0	1	-0
-1	0	-0
-0	-1	-0
1	0	0
-0	-0	4.19656e-005

#	Mesh	0	End

