#	Mesh	0	Begin

#	Vertex	72
-254.514	99.1574	0.603931
-254.51	99.1574	0.602835
-254.506	99.1574	0.601044
-254.502	99.1574	0.598615
-254.499	99.1574	0.59562
-254.497	99.1574	0.59215
-254.495	99.1574	0.588311
-254.494	99.1574	0.58422
-254.494	99.1574	0.58
-254.494	99.1574	0.57578
-254.495	99.1574	0.571689
-254.497	99.1574	0.56785
-254.499	99.1574	0.56438
-254.502	99.1574	0.561385
-254.506	99.1574	0.558956
-254.51	99.1574	0.557165
-254.514	99.1574	0.556069
-254.518	99.1574	0.5557
-254.522	99.1574	0.556069
-254.526	99.1574	0.557165
-254.53	99.1574	0.558956
-254.534	99.1574	0.561385
-254.537	99.1574	0.56438
-254.539	99.1574	0.56785
-254.541	99.1574	0.571689
-254.542	99.1574	0.57578
-254.542	99.1574	0.58
-254.542	99.1574	0.58422
-254.541	99.1574	0.588311
-254.539	99.1574	0.59215
-254.537	99.1574	0.59562
-254.534	99.1574	0.598615
-254.53	99.1574	0.601044
-254.526	99.1574	0.602835
-254.522	99.1574	0.603931
-254.518	99.1574	0.6043
-254.514	101.693	0.603931
-254.51	101.693	0.602835
-254.506	101.693	0.601044
-254.502	101.693	0.598615
-254.499	101.693	0.59562
-254.497	101.693	0.59215
-254.495	101.693	0.588311
-254.494	101.693	0.58422
-254.494	101.693	0.58
-254.494	101.693	0.57578
-254.495	101.693	0.571689
-254.497	101.693	0.56785
-254.499	101.693	0.56438
-254.502	101.693	0.561385
-254.506	101.693	0.558956
-254.51	101.693	0.557165
-254.514	101.693	0.556069
-254.518	101.693	0.5557
-254.522	101.693	0.556069
-254.526	101.693	0.557165
-254.53	101.693	0.558956
-254.534	101.693	0.561385
-254.537	101.693	0.56438
-254.539	101.693	0.56785
-254.541	101.693	0.571689
-254.542	101.693	0.57578
-254.542	101.693	0.58
-254.542	101.693	0.58422
-254.541	101.693	0.588311
-254.539	101.693	0.59215
-254.537	101.693	0.59562
-254.534	101.693	0.598615
-254.53	101.693	0.601044
-254.526	101.693	0.602835
-254.522	101.693	0.603931
-254.518	101.693	0.6043

#	Triangle	56
35	36	71	0	36	35
0	37	36	1	37	0
1	38	37	2	38	1
2	39	38	3	39	2
3	40	39	4	40	3
4	41	40	5	41	4
5	42	41	6	42	5
6	43	42	7	43	6
7	44	43	8	44	7
8	45	44	9	45	8
9	46	45	10	46	9
10	47	46	11	47	10
11	48	47	12	48	11
12	49	48	13	49	12
13	50	49	14	50	13
14	51	50	15	51	14
15	52	51	16	52	15
16	53	52	17	53	16
17	54	53	18	54	17
18	55	54	19	55	18
19	56	55	20	56	19
20	57	56	21	57	20
21	58	57	22	58	21
22	59	58	23	59	22
23	60	59	24	60	23
24	61	60	25	61	24
25	62	61	26	62	25
26	63	62	27	63	26
27	64	63	28	64	27
28	65	64	29	65	28
29	66	65	30	66	29
30	67	66	31	67	30
31	68	67	32	68	31
32	69	68	33	69	32
33	70	69	34	70	33
34	71	70	35	71	34
7	9	8	26	25	27
6	9	7	27	25	24
6	10	9	27	24	28
5	10	6	28	24	23
5	11	10
4	11	5	29	23	22
4	12	11	29	22	30
3	12	4	30	22	21
3	13	12	2	13	3	2	14	13	1	14	2	1	15	14	0	15	1	0	16	15	35	16	0	35	17	16	34	17	35	34	18	17	33	18	34	33	19	18	32	19	33	32	20	19	31	20	32	31	21	20	30	21	31
28	23	29
45	43	44	62	63	61
46	43	45	61	63	64
46	42	43	61	64	60
47	42	46	60	64	65
47	41	42
48	41	47	59	65	66
48	40	41	59	66	58
49	40	48	58	66	67
49	39	40	50	39	49	50	38	39	51	38	50	51	37	38	52	37	51	52	36	37	53	36	52	53	71	36	54	71	53	54	70	71	55	70	54	55	69	70	56	69	55	56	68	69	57	68	56	57	67	68	58	67	57
60	65	59

#	Normal	56
0.087167	-0	0.996194
0.258686	-0	0.965961
0.422178	-0	0.906513
0.573691	-0	0.819072
0.706531	-0	0.707682
0.820001	-0	0.572362
0.905697	-0	0.423927
0.966076	-0	0.258258
0.996393	-0	0.0848595
0.996393	-0	-0.0848595
0.966076	-0	-0.258258
0.905697	-0	-0.423927
0.820001	-0	-0.572362
0.706531	-0	-0.707682
0.573691	-0	-0.819072
0.422178	-0	-0.906513
0.258686	-0	-0.965961
0.087167	-0	-0.996194
-0.087167	0	-0.996194
-0.258686	0	-0.965961
-0.423593	0	-0.905853
-0.573691	0	-0.819072
-0.706531	0	-0.707682
-0.818268	0	-0.574837
-0.907109	0	-0.420896
-0.966076	0	-0.258258
-0.996074	0	-0.0885207
-0.996074	-0	0.0885207
-0.966076	-0	0.258258
-0.907109	-0	0.420896
-0.818268	-0	0.574837
-0.706531	-0	0.707682
-0.573691	-0	0.819072
-0.423593	-0	0.905853
-0.258686	-0	0.965961
-0.087167	-0	0.996194
-0	-3.03288e-006	-0
-0	-9.23052e-006	-0
-0	-1.81805e-005	-0
-0	-2.9868e-005	-0
-0	-4.36642e-005	-0
-0	-5.88517e-005	-0
-0	-7.56582e-005	-0
-0	-9.37185e-005	-0
-0	-1	-0
0	-4.32845e-005	-0
-0	3.03288e-006	-0
-0	9.23052e-006	-0
-0	1.81805e-005	-0
-0	2.9868e-005	-0
-0	4.36642e-005	-0
-0	5.88517e-005	-0
-0	7.56582e-005	-0
-0	9.37185e-005	-0
-0	1	-0
-0	4.32845e-005	-0

#	Mesh	0	End

