#	Mesh	0	Begin

#	Vertex	92
-242.389	105.677	0.6
-242.389	105.68	0.6
-243.699	105.68	0.6
-243.699	105.677	0.6
-242.389	105.677	0.98
-242.389	105.68	0.98
-243.699	105.68	0.98
-243.699	105.677	0.98
-243.773	105.389	0.6
-243.775	105.386	0.6
-242.629	104.751	0.6
-242.628	104.754	0.6
-243.773	105.389	0.98
-243.775	105.386	0.98
-242.629	104.751	0.98
-242.628	104.754	0.98
-242.419	105.677	0.63
-243.669	105.677	0.63
-243.669	105.66	0.63
-243.67	105.642	0.63
-243.671	105.625	0.63
-243.673	105.607	0.63
-243.675	105.59	0.63
-243.678	105.572	0.63
-243.681	105.555	0.63
-243.684	105.538	0.63
-243.689	105.521	0.63
-243.693	105.504	0.63
-243.698	105.487	0.63
-243.704	105.47	0.63
-243.71	105.454	0.63
-243.717	105.438	0.63
-243.724	105.421	0.63
-243.731	105.406	0.63
-243.739	105.39	0.63
-243.747	105.374	0.63
-242.654	104.768	0.63
-242.629	104.815	0.63
-242.605	104.862	0.63
-242.583	104.91	0.63
-242.562	104.958	0.63
-242.543	105.007	0.63
-242.524	105.057	0.63
-242.508	105.107	0.63
-242.492	105.157	0.63
-242.478	105.208	0.63
-242.466	105.259	0.63
-242.455	105.311	0.63
-242.445	105.363	0.63
-242.437	105.415	0.63
-242.431	105.467	0.63
-242.425	105.519	0.63
-242.422	105.572	0.63
-242.419	105.625	0.63
-242.419	105.677	0.95
-243.669	105.677	0.95
-243.669	105.66	0.95
-243.67	105.642	0.95
-243.671	105.625	0.95
-243.673	105.607	0.95
-243.675	105.59	0.95
-243.678	105.572	0.95
-243.681	105.555	0.95
-243.684	105.538	0.95
-243.689	105.521	0.95
-243.693	105.504	0.95
-243.698	105.487	0.95
-243.704	105.47	0.95
-243.71	105.454	0.95
-243.717	105.438	0.95
-243.724	105.421	0.95
-243.731	105.406	0.95
-243.739	105.39	0.95
-243.747	105.374	0.95
-242.654	104.768	0.95
-242.629	104.815	0.95
-242.605	104.862	0.95
-242.583	104.91	0.95
-242.562	104.958	0.95
-242.543	105.007	0.95
-242.524	105.057	0.95
-242.508	105.107	0.95
-242.492	105.157	0.95
-242.478	105.208	0.95
-242.466	105.259	0.95
-242.455	105.311	0.95
-242.445	105.363	0.95
-242.437	105.415	0.95
-242.431	105.467	0.95
-242.425	105.519	0.95
-242.422	105.572	0.95
-242.419	105.625	0.95

#	Triangle	47
3	4	7	0	4	3
0	5	4	1	5	0
1	6	5	2	6	1	16	55	54	17	55	16
2	7	6	3	7	2
3	1	0	2	1	3	11	9	8	10	9	11	53	17	16	52	17	53	51	17	52	50	17	51	49	17	50	48	17	49	47	17	48	46	17	47	45	17	46	44	17	45	43	17	44	42	17	43	41	17	42	40	17	41	39	17	40	38	17	39	37	17	38	36	17	37	35	34	36	34	33	36	33	32	36	32	31	36	31	30	36	30	29	36	29	28	36	28	27	36	27	26	36	26	25	36	25	24	36	24	23	36	23	22	36	22	21	36	21	20	36	20	19	36	19	18	36	18	17	36
4	6	7	5	6	4	12	14	15	13	14	12	55	91	54	55	90	91	55	89	90	55	88	89	55	87	88	55	86	87	55	85	86	55	84	85	55	83	84	55	82	83	55	81	82	55	80	81	55	79	80	55	78	79	55	77	78	55	76	77	55	75	76	55	74	75	55	56	74	56	57	74	57	58	74	58	59	74	59	60	74	60	61	74	61	62	74	62	63	74	63	64	74	64	65	74	65	66	74	66	67	74	67	68	74	68	69	74	69	70	74	70	71	74	71	72	74	72	73	74
11	12	15	8	12	11
8	13	12	9	13	8
9	14	13	10	14	9
10	15	14	11	15	10
53	54	91	16	54	53
17	56	55	18	56	17
18	57	56	19	57	18
19	58	57	20	58	19
20	59	58	21	59	20
21	60	59	22	60	21
22	61	60	23	61	22
23	62	61	24	62	23
24	63	62	25	63	24
25	64	63	26	64	25
26	65	64	27	65	26
27	66	65	28	66	27
28	67	66	29	67	28
29	68	67	30	68	29
30	69	68	31	69	30
31	70	69	32	70	31
32	71	70	33	71	32
33	72	71	34	72	33
34	73	72	35	73	34
35	74	73	36	74	35
36	75	74	37	75	36
37	76	75	38	76	37
38	77	76	39	77	38
39	78	77	40	78	39
40	79	78	41	79	40
41	80	79	42	80	41
42	81	80	43	81	42
43	82	81	44	82	43
44	83	82	45	83	44
45	84	83	46	84	45
46	85	84	47	85	46
47	86	85	48	86	47
48	87	86	49	87	48
49	88	87	50	88	49
50	89	88	51	89	50
51	90	89	52	90	51
52	91	90	53	91	52

#	Normal	47
-0	-1	-0
1	-0	-0
-0	1	-0
-1	-0	0
-0	-0	-1
-0	-0	1
0.484806	0.874622	-0
-0.87428	0.485421	-0
-0.484811	-0.874619	0
0.874893	-0.484316	-0
0.999899	-0.014225	-0
-0.999899	0.0142208	-0
-0.999089	0.0426847	-0
-0.99753	0.0702361	-0
-0.995207	0.0977872	-0
-0.991995	0.126278	-0
-0.988103	0.153794	-0
-0.983253	0.182248	-0
-0.977913	0.209013	-0
-0.97164	0.236465	-0
-0.964517	0.26402	-0
-0.956545	0.291586	-0
-0.948282	0.317428	-0
-0.938881	0.344242	-0
-0.928783	0.370624	-0
-0.918015	0.396547	-0
-0.906444	0.422326	-0
-0.894427	0.447214	-0
-0.88107	0.472986	-0
-0.48481	-0.87462	0
0.881383	-0.472402	-0
0.894279	-0.44751	-0
0.906444	-0.422326	-0
0.918038	-0.396493	-0
0.928824	-0.370522	-0
0.938838	-0.344359	-0
0.948193	-0.317694	-0
0.95671	-0.291044	-0
0.964582	-0.263782	-0
0.971564	-0.236779	-0
0.977865	-0.209236	-0
0.983306	-0.181962	-0
0.988054	-0.154106	-0
0.992034	-0.125968	-0
0.995148	-0.0983887	-0
0.99753	-0.0702465	-0
0.999114	-0.0420804	-0

#	Mesh	0	End

