#	Mesh	0	Begin

#	Vertex	24
-230.943	109.309	1.305
-230.943	109.306	1.305
-230.573	109.306	1.305
-230.573	109.309	1.305
-230.943	109.309	1.515
-230.943	109.306	1.515
-230.573	109.306	1.515
-230.573	109.309	1.515
-230.598	109.113	1.57
-230.598	109.306	1.49
-230.598	109.306	1.33
-230.598	109.113	1.41
-230.918	109.113	1.57
-230.918	109.306	1.49
-230.918	109.306	1.33
-230.918	109.113	1.41
-230.943	109.113	1.385
-230.943	109.11	1.385
-230.573	109.11	1.385
-230.573	109.113	1.385
-230.943	109.113	1.595
-230.943	109.11	1.595
-230.573	109.11	1.595
-230.573	109.113	1.595

#	Triangle	8
3	4	7	0	4	3	9	14	13	10	14	9	19	20	23	16	20	19
0	5	4	1	5	0	12	14	15	13	14	12	16	21	20	17	21	16
1	6	5	2	6	1	11	12	15	8	12	11	17	22	21	18	22	17
2	7	6	3	7	2	11	9	8	10	9	11	18	23	22	19	23	18
3	1	0	2	1	3	19	17	16	18	17	19
4	6	7	5	6	4	20	22	23	21	22	20
8	13	12	9	13	8
10	15	14	11	15	10

#	Normal	8
-0	1	-0
-1	-0	0
-0	-1	-0
1	-0	-0
-0	-0	-1
-0	-0	1
0	0.382677	0.923882
-0	-0.382677	-0.923882

#	Mesh	0	End

