#	Mesh	0	Begin

#	Vertex	24
-306.18	100.945	1.03
-306.18	100.945	1.23
-306.18	100.947	1.23
-306.18	100.947	1.03254
-306.18	101.342	1.03254
-306.18	101.342	1.23
-306.18	101.345	1.23
-306.18	101.345	1.03
-306.08	100.945	1.03
-306.08	101.745	1.03
-306.08	101.745	1.23
-306.08	101.742	1.23
-306.08	101.742	1.03254
-306.08	100.947	1.03254
-306.08	100.947	1.23
-306.08	100.945	1.23
-306.113	101.742	1.03254
-306.147	101.342	1.03254
-306.147	101.342	1.23
-306.113	101.742	1.23
-306.113	101.745	1.23
-306.147	101.345	1.23
-306.147	101.345	1.03
-306.113	101.745	1.03

#	Triangle	9
1	3	0	3	7	0	3	4	7	4	6	7	1	2	3	5	6	4
10	12	9	12	8	9	12	13	8	13	15	8	10	11	12	14	15	13
15	0	8	1	0	15	18	4	17	5	4	18	16	11	19	12	11	16
14	1	15	2	1	14	12	3	13	12	17	3	17	4	3	12	16	17
13	2	14	3	2	13	22	6	21	7	6	22	20	9	23	10	9	20
18	6	5	18	21	6	19	21	18	19	20	21	11	20	19	11	10	20
22	0	7	22	8	0	23	8	22	9	8	23
20	22	21	23	22	20
16	18	17	19	18	16

#	Normal	9
-1	0	-0
1	0	0
-0	-1	-0
0	0	1
-0	1	-0
-0	-0	8.45825e-005
-0	-0	-1
-0.996544	0.0830713	-0
0.996544	-0.0830713	-0

#	Mesh	0	End

