#	Mesh	0	Begin

#	Vertex	72
-290.788	113.374	4.87584
-290.788	113.384	4.87832
-290.788	113.392	4.88237
-290.788	113.4	4.88787
-290.788	113.407	4.89465
-290.788	113.412	4.9025
-290.788	113.416	4.91119
-290.788	113.419	4.92045
-290.788	113.42	4.93
-290.788	113.419	4.93955
-290.788	113.416	4.94881
-290.788	113.412	4.9575
-290.788	113.407	4.96535
-290.788	113.4	4.97213
-290.788	113.392	4.97763
-290.788	113.384	4.98168
-290.788	113.374	4.98416
-290.788	113.365	4.985
-290.788	113.355	4.98416
-290.788	113.346	4.98168
-290.788	113.337	4.97763
-290.788	113.329	4.97213
-290.788	113.323	4.96535
-290.788	113.317	4.9575
-290.788	113.313	4.94881
-290.788	113.311	4.93955
-290.788	113.31	4.93
-290.788	113.311	4.92045
-290.788	113.313	4.91119
-290.788	113.317	4.9025
-290.788	113.323	4.89465
-290.788	113.329	4.88787
-290.788	113.337	4.88237
-290.788	113.346	4.87832
-290.788	113.355	4.87584
-290.788	113.365	4.875
-269.762	113.374	4.87584
-269.762	113.384	4.87832
-269.762	113.392	4.88237
-269.762	113.4	4.88787
-269.762	113.407	4.89465
-269.762	113.412	4.9025
-269.762	113.416	4.91119
-269.762	113.419	4.92045
-269.762	113.42	4.93
-269.762	113.419	4.93955
-269.762	113.416	4.94881
-269.762	113.412	4.9575
-269.762	113.407	4.96535
-269.762	113.4	4.97213
-269.762	113.392	4.97763
-269.762	113.384	4.98168
-269.762	113.374	4.98416
-269.762	113.365	4.985
-269.762	113.355	4.98416
-269.762	113.346	4.98168
-269.762	113.337	4.97763
-269.762	113.329	4.97213
-269.762	113.323	4.96535
-269.762	113.317	4.9575
-269.762	113.313	4.94881
-269.762	113.311	4.93955
-269.762	113.31	4.93
-269.762	113.311	4.92045
-269.762	113.313	4.91119
-269.762	113.317	4.9025
-269.762	113.323	4.89465
-269.762	113.329	4.88787
-269.762	113.337	4.88237
-269.762	113.346	4.87832
-269.762	113.355	4.87584
-269.762	113.365	4.875

#	Triangle	44
35	36	71	0	36	35
0	37	36	1	37	0
1	38	37	2	38	1
2	39	38	3	39	2
3	40	39	4	40	3
4	41	40	5	41	4
5	42	41	6	42	5
6	43	42	7	43	6
7	44	43	8	44	7
8	45	44	9	45	8
9	46	45	10	46	9
10	47	46	11	47	10
11	48	47	12	48	11
12	49	48	13	49	12
13	50	49	14	50	13
14	51	50	15	51	14
15	52	51	16	52	15
16	53	52	17	53	16
17	54	53	18	54	17
18	55	54	19	55	18
19	56	55	20	56	19
20	57	56	21	57	20
21	58	57	22	58	21
22	59	58	23	59	22
23	60	59	24	60	23
24	61	60	25	61	24
25	62	61	26	62	25
26	63	62	27	63	26
27	64	63	28	64	27
28	65	64	29	65	28
29	66	65	30	66	29
30	67	66	31	67	30
31	68	67	32	68	31
32	69	68	33	69	32
33	70	69	34	70	33
34	71	70	35	71	34
7	9	8	26	25	27
6	9	7	27	25	24
6	10	9	27	24	28
5	10	6	5	11	10	4	11	5	4	12	11	3	12	4	3	13	12	2	13	3	2	14	13	1	14	2	1	15	14	0	15	1	0	16	15	35	16	0	35	17	16	34	17	35	34	18	17	33	18	34	33	19	18	32	19	33	32	20	19	31	20	32	31	21	20	30	21	31	30	22	21	29	22	30	29	23	22	28	23	29	28	24	23
45	43	44	62	63	61
46	43	45	61	63	64
46	42	43	61	64	60
47	42	46	47	41	42	48	41	47	48	40	41	49	40	48	49	39	40	50	39	49	50	38	39	51	38	50	51	37	38	52	37	51	52	36	37	53	36	52	53	71	36	54	71	53	54	70	71	55	70	54	55	69	70	56	69	55	56	68	69	57	68	56	57	67	68	58	67	57	58	66	67	59	66	58	59	65	66	60	65	59	60	64	65

#	Normal	44
-0	0.0871063	-0.996199
-0	0.258899	-0.965904
-0	0.422679	-0.906279
-0	0.573285	-0.819356
-0	0.707387	-0.706826
-0	0.819107	-0.57364
-0	0.90619	-0.422872
-0	0.966049	-0.25836
-0	0.996192	-0.0871922
-0	0.996192	0.0871922
-0	0.966049	0.25836
-0	0.90619	0.422872
-0	0.819107	0.57364
-0	0.707387	0.706826
-0	0.573285	0.819356
-0	0.422679	0.906279
-0	0.258899	0.965904
-0	0.0871063	0.996199
-0	-0.0871771	0.996193
-0	-0.258695	0.965959
-0	-0.422679	0.906279
-0	-0.573667	0.819088
-0	-0.706979	0.707234
-0	-0.819107	0.57364
-0	-0.906502	0.422202
-0	-0.965845	0.25912
-0	-0.996192	0.0871922
0	-0.996192	-0.0871922
0	-0.965845	-0.25912
0	-0.906502	-0.422202
0	-0.819107	-0.57364
0	-0.706979	-0.707234
0	-0.573667	-0.819088
0	-0.422679	-0.906279
0	-0.258695	-0.965959
0	-0.0871771	-0.996193
-1.59677e-005	-0	0
-4.73062e-005	-0	-0
-9.31734e-005	-0	0
-1	-0	-0
1.59677e-005	-0	0
4.73062e-005	-0	-0
9.31734e-005	-0	0
1	-0	-0

#	Mesh	0	End

