#	Mesh	0	Begin

#	Vertex	72
-294.548	92.9999	1.41286
-294.549	92.9858	1.40906
-294.549	92.9725	1.40287
-294.549	92.9605	1.39445
-294.549	92.9501	1.38408
-294.549	92.9417	1.37207
-294.549	92.9355	1.35878
-294.549	92.9317	1.34461
-294.549	92.9304	1.33
-294.549	92.9317	1.31539
-294.549	92.9355	1.30122
-294.549	92.9417	1.28793
-294.549	92.9501	1.27592
-294.549	92.9605	1.26555
-294.549	92.9725	1.25713
-294.549	92.9858	1.25094
-294.548	92.9999	1.24714
-294.548	93.0145	1.24586
-294.548	93.0292	1.24714
-294.548	93.0433	1.25094
-294.548	93.0566	1.25713
-294.548	93.0686	1.26555
-294.548	93.079	1.27592
-294.548	93.0874	1.28793
-294.548	93.0936	1.30122
-294.548	93.0974	1.31539
-294.548	93.0987	1.33
-294.548	93.0974	1.34461
-294.548	93.0936	1.35878
-294.548	93.0874	1.37207
-294.548	93.079	1.38408
-294.548	93.0686	1.39445
-294.548	93.0566	1.40287
-294.548	93.0433	1.40906
-294.548	93.0292	1.41286
-294.548	93.0145	1.41414
-278.783	92.964	1.41286
-278.783	92.9498	1.40906
-278.783	92.9365	1.40287
-278.783	92.9245	1.39445
-278.783	92.9141	1.38408
-278.783	92.9057	1.37207
-278.783	92.8995	1.35878
-278.783	92.8957	1.34461
-278.783	92.8944	1.33
-278.783	92.8957	1.31539
-278.783	92.8995	1.30122
-278.783	92.9057	1.28793
-278.783	92.9141	1.27592
-278.783	92.9245	1.26555
-278.783	92.9365	1.25713
-278.783	92.9498	1.25094
-278.783	92.964	1.24714
-278.783	92.9786	1.24586
-278.783	92.9932	1.24714
-278.783	93.0073	1.25094
-278.783	93.0206	1.25713
-278.783	93.0326	1.26555
-278.783	93.043	1.27592
-278.783	93.0514	1.28793
-278.783	93.0576	1.30122
-278.783	93.0614	1.31539
-278.783	93.0627	1.33
-278.783	93.0614	1.34461
-278.783	93.0576	1.35878
-278.783	93.0514	1.37207
-278.783	93.043	1.38408
-278.783	93.0326	1.39445
-278.783	93.0206	1.40287
-278.783	93.0073	1.40906
-278.783	92.9932	1.41286
-278.783	92.9786	1.41414

#	Triangle	75
35	36	71	0	36	35
0	37	36
1	37	0
1	38	37
2	38	1
2	39	38
3	39	2
3	40	39
4	40	3
4	41	40	5	41	4
5	42	41	6	42	5
6	43	42	7	43	6
7	44	43
8	44	7
8	45	44
9	45	8
9	46	45	10	46	9
10	47	46	11	47	10
11	48	47	12	48	11
12	49	48
13	49	12
13	50	49
14	50	13
14	51	50
15	51	14
15	52	51
16	52	15
16	53	52	17	53	16
17	54	53	18	54	17
18	55	54	19	55	18
19	56	55	20	56	19
20	57	56
21	57	20
21	58	57
22	58	21
22	59	58	23	59	22
23	60	59	24	60	23
24	61	60	25	61	24
25	62	61
26	62	25
26	63	62
27	63	26
27	64	63	28	64	27
28	65	64	29	65	28
29	66	65	30	66	29
30	67	66
31	67	30
31	68	67
32	68	31
32	69	68	33	69	32
33	70	69	34	70	33
34	71	70	35	71	34
7	9	8
6	9	7	6	10	9	5	10	6	5	11	10	30	21	31	30	22	21	28	23	29	28	24	23
4	11	5	4	12	11	29	22	30	29	23	22
3	12	4	3	13	12
2	13	3	2	14	13
1	14	2	1	15	14
0	15	1	0	16	15
35	16	0	35	17	16	34	17	35	34	18	17
33	18	34	33	19	18
32	19	33	32	20	19
31	20	32	31	21	20
27	24	28	27	25	24
26	25	27
45	43	44	62	63	61
46	43	45	46	42	43	47	42	46	47	41	42	58	67	57	58	66	67	60	65	59	60	64	65
48	41	47	48	40	41	59	66	58	59	65	66
49	40	48	49	39	40
50	39	49	50	38	39
51	38	50	51	37	38	56	69	55	56	68	69
52	37	51	52	36	37	55	70	54	55	69	70
53	36	52	53	71	36	54	71	53	54	70	71
57	68	56	57	67	68
61	64	60	61	63	64

#	Normal	75
-0.000198938	-0.0871583	0.996194
-0.000590843	-0.258859	0.965915
-0.000590411	-0.258726	0.965951
-0.000964112	-0.422487	0.906369
-0.000964787	-0.422691	0.906274
-0.00130961	-0.573764	0.81902
-0.00130875	-0.573513	0.819195
-0.00161326	-0.706954	0.707258
-0.00161422	-0.70722	0.706992
-0.00186956	-0.819087	0.573666
-0.0020688	-0.90638	0.422458
-0.00220467	-0.965906	0.258882
-0.00227376	-0.996174	0.0873592
-0.00227375	-0.996174	0.087364
-0.00227375	-0.996174	-0.0873592
-0.00227376	-0.996174	-0.087364
-0.00220467	-0.965906	-0.258882
-0.0020688	-0.90638	-0.422458
-0.00186956	-0.819087	-0.573666
-0.00161361	-0.706954	-0.707258
-0.00161387	-0.70722	-0.706992
-0.00130932	-0.573764	-0.81902
-0.00130904	-0.573513	-0.819195
-0.000964321	-0.422487	-0.906369
-0.000964577	-0.422691	-0.906274
-0.000590715	-0.258859	-0.965915
-0.000590539	-0.258726	-0.965951
-0.000198938	-0.0871583	-0.996194
0.000198938	0.0871583	-0.996194
0.000590843	0.258859	-0.965915
0.000964321	0.422487	-0.906369
0.00130904	0.573513	-0.819195
0.00130932	0.573764	-0.81902
0.00161388	0.707222	-0.706989
0.00161362	0.706956	-0.707256
0.00186956	0.819087	-0.573666
0.0020688	0.90638	-0.422458
0.00220467	0.965905	-0.258887
0.00227376	0.996174	-0.0873592
0.00227337	0.996221	-0.0868305
0.00227326	0.996174	0.0873592
0.00227386	0.996221	0.0868305
0.00220467	0.965905	0.258887
0.0020688	0.90638	0.422458
0.00186956	0.819087	0.573666
0.00161423	0.707222	0.706989
0.00161327	0.706956	0.707256
0.00130875	0.573513	0.819195
0.00130961	0.573764	0.81902
0.000964321	0.422487	0.906369
0.000590843	0.258859	0.965915
0.000198938	0.0871583	0.996194
-3.7439e-005	9.13147e-007	-0
-1	-0	-0
-0.999993	0.00371399	-0
-0.999995	0.0030143	-0
-0.999997	0.00260077	-0
-0.999997	0.00235155	-0
-0.999998	0.00220507	-0
-0.999998	0.00213903	-0
-0.999998	0.00220628	-0
-0.999997	0.00235017	-0
-0.999997	0.00260246	-0
-0.999966	0.00823017	-0
-3.72107e-005	-0	-0
3.7439e-005	-0	-0
1	-0	-0
0.999993	-0.00371399	-0
0.999995	-0.00301203	-0
0.999997	-0.00260246	-0
0.999997	-0.00235017	-0
0.999998	-0.00220628	-0
0.999998	-0.00213903	-0
0.999997	-0.00260077	-0
0.999966	-0.00823017	-0

#	Mesh	0	End

