#	Mesh	0	Begin

#	Vertex	72
-319.005	107.367	5.00829
-318.991	107.367	5.00471
-318.979	107.367	4.99885
-318.967	107.367	4.9909
-318.958	107.367	4.9811
-318.95	107.367	4.96975
-318.944	107.367	4.95719
-318.94	107.367	4.94381
-318.939	107.367	4.93
-318.94	107.367	4.91619
-318.944	107.367	4.90281
-318.95	107.367	4.89025
-318.958	107.367	4.8789
-318.967	107.367	4.8691
-318.979	107.367	4.86115
-318.991	107.367	4.85529
-319.005	107.367	4.85171
-319.018	107.367	4.8505
-319.032	107.367	4.85171
-319.046	107.367	4.85529
-319.058	107.367	4.86115
-319.07	107.367	4.8691
-319.079	107.367	4.8789
-319.087	107.367	4.89025
-319.093	107.367	4.90281
-319.097	107.367	4.91619
-319.098	107.367	4.93
-319.097	107.367	4.94381
-319.093	107.367	4.95719
-319.087	107.367	4.96975
-319.079	107.367	4.9811
-319.07	107.367	4.9909
-319.058	107.367	4.99885
-319.046	107.367	5.00471
-319.032	107.367	5.00829
-319.018	107.367	5.0095
-319.005	119.763	5.00829
-318.991	119.763	5.00471
-318.979	119.763	4.99885
-318.967	119.763	4.9909
-318.958	119.763	4.9811
-318.95	119.763	4.96975
-318.944	119.763	4.95719
-318.94	119.763	4.94381
-318.939	119.763	4.93
-318.94	119.763	4.91619
-318.944	119.763	4.90281
-318.95	119.763	4.89025
-318.958	119.763	4.8789
-318.967	119.763	4.8691
-318.979	119.763	4.86115
-318.991	119.763	4.85529
-319.005	119.763	4.85171
-319.018	119.763	4.8505
-319.032	119.763	4.85171
-319.046	119.763	4.85529
-319.058	119.763	4.86115
-319.07	119.763	4.8691
-319.079	119.763	4.8789
-319.087	119.763	4.89025
-319.093	119.763	4.90281
-319.097	119.763	4.91619
-319.098	119.763	4.93
-319.097	119.763	4.94381
-319.093	119.763	4.95719
-319.087	119.763	4.96975
-319.079	119.763	4.9811
-319.07	119.763	4.9909
-319.058	119.763	4.99885
-319.046	119.763	5.00471
-319.032	119.763	5.00829
-319.018	119.763	5.0095

#	Triangle	44
35	36	71	0	36	35
0	37	36	1	37	0
1	38	37	2	38	1
2	39	38	3	39	2
3	40	39	4	40	3
4	41	40	5	41	4
5	42	41	6	42	5
6	43	42	7	43	6
7	44	43	8	44	7
8	45	44	9	45	8
9	46	45	10	46	9
10	47	46	11	47	10
11	48	47	12	48	11
12	49	48	13	49	12
13	50	49	14	50	13
14	51	50	15	51	14
15	52	51	16	52	15
16	53	52	17	53	16
17	54	53	18	54	17
18	55	54	19	55	18
19	56	55	20	56	19
20	57	56	21	57	20
21	58	57	22	58	21
22	59	58	23	59	22
23	60	59	24	60	23
24	61	60	25	61	24
25	62	61	26	62	25
26	63	62	27	63	26
27	64	63	28	64	27
28	65	64	29	65	28
29	66	65	30	66	29
30	67	66	31	67	30
31	68	67	32	68	31
32	69	68	33	69	32
33	70	69	34	70	33
34	71	70	35	71	34
7	9	8
6	9	7	27	25	24
6	10	9	5	10	6	5	11	10	4	11	5	4	12	11	3	12	4	3	13	12	2	13	3	2	14	13	1	14	2	1	15	14	0	15	1	0	16	15	35	16	0	35	17	16	34	17	35	34	18	17	33	18	34	33	19	18	32	19	33	32	20	19	31	20	32	31	21	20	30	21	31	30	22	21	29	22	30	29	23	22	28	23	29	28	24	23	27	24	28
26	25	27
45	43	44
46	43	45	61	63	64
46	42	43	47	42	46	47	41	42	48	41	47	48	40	41	49	40	48	49	39	40	50	39	49	50	38	39	51	38	50	51	37	38	52	37	51	52	36	37	53	36	52	53	71	36	54	71	53	54	70	71	55	70	54	55	69	70	56	69	55	56	68	69	57	68	56	57	67	68	58	67	57	58	66	67	59	66	58	59	65	66	60	65	59	60	64	65	61	64	60
62	63	61

#	Normal	44
0.0873211	-0	0.99618
0.258431	-0	0.96603
0.422527	-0	0.90635
0.573855	-0	0.818957
0.707741	-0	0.706472
0.818464	-0	0.574558
0.906663	-0	0.421855
0.965796	-0	0.259303
0.996126	-0	0.0879401
0.996126	-0	-0.0879401
0.965796	-0	-0.259303
0.906663	-0	-0.421855
0.818464	-0	-0.574558
0.707741	-0	-0.706472
0.573855	-0	-0.818957
0.422527	-0	-0.90635
0.258431	-0	-0.96603
0.0873211	-0	-0.99618
-0.087125	0	-0.996197
-0.258431	0	-0.96603
-0.423392	0	-0.905947
-0.572796	0	-0.819698
-0.707741	0	-0.706472
-0.818464	0	-0.574558
-0.906663	0	-0.421855
-0.965796	0	-0.259303
-0.996321	0	-0.085702
-0.996321	-0	0.085702
-0.965796	-0	0.259303
-0.906663	-0	0.421855
-0.818464	-0	0.574558
-0.707741	-0	0.706472
-0.572796	-0	0.819698
-0.423392	-0	0.905947
-0.258431	-0	0.96603
-0.087125	-0	0.996197
-0	-3.36501e-005	-0
-0	-9.92247e-005	-0
-0	-1	-0
0	-3.27873e-005	-0
-0	3.36501e-005	-0
-0	9.92247e-005	-0
-0	1	-0
-0	3.27873e-005	-0

#	Mesh	0	End

