#	Mesh	0	Begin

#	Vertex	372
53.7527	26.0785	1.30357
53.7527	26.0726	1.30338
53.7527	26.0667	1.3045
53.7527	26.0613	1.30687
53.7527	26.0842	1.30506
53.7527	26.0668	1.3555
53.7527	26.0726	1.35662
53.7527	26.0785	1.35643
53.7527	26.0842	1.35494
53.7527	26.0613	1.35313
53.7527	26.124	1.36035
53.7606	26.124	1.35932
53.7679	26.124	1.35628
53.7742	26.124	1.35146
53.779	26.124	1.34518
53.782	26.124	1.33786
53.7831	26.124	1.33
53.782	26.124	1.32214
53.779	26.124	1.31482
53.7742	26.124	1.30854
53.7679	26.124	1.30372
53.7606	26.124	1.30068
53.7527	26.124	1.29965
53.7448	26.124	1.30068
53.7375	26.124	1.30372
53.7312	26.124	1.30854
53.7264	26.124	1.31482
53.7234	26.124	1.32214
53.7224	26.124	1.33
53.7234	26.124	1.33786
53.7264	26.124	1.34518
53.7312	26.124	1.35146
53.7375	26.124	1.35628
53.7448	26.124	1.35932
53.7375	26.1065	1.35628
53.7312	26.1065	1.35146
53.7394	26.1065	1.35312
53.7458	26.1065	1.35579
53.7448	26.1065	1.35932
53.7338	26.1065	1.34888
53.7264	26.1065	1.34518
53.7296	26.1065	1.34335
53.7269	26.1065	1.33691
53.7234	26.1065	1.33786
53.726	26.1065	1.33
53.7224	26.1065	1.33
53.7269	26.1065	1.32309
53.7234	26.1065	1.32214
53.7296	26.1065	1.31665
53.7264	26.1065	1.31482
53.7338	26.1065	1.31112
53.7312	26.1065	1.30854
53.7394	26.1065	1.30688
53.7375	26.1065	1.30372
53.7458	26.1065	1.30421
53.7448	26.1065	1.30068
53.7527	26.1065	1.3033
53.7527	26.1065	1.29965
53.7596	26.1065	1.30421
53.7606	26.1065	1.30068
53.7628	26.1065	1.30554
53.7661	26.1065	1.30688
53.7679	26.1065	1.30372
53.7688	26.1065	1.309
53.7716	26.1065	1.31112
53.7742	26.1065	1.30854
53.7737	26.1065	1.31389
53.7748	26.1065	1.31527
53.7758	26.1065	1.31665
53.779	26.1065	1.31482
53.782	26.1065	1.32214
53.7765	26.1065	1.31826
53.7772	26.1065	1.31987
53.7778	26.1065	1.32148
53.7785	26.1065	1.32309
53.7831	26.1065	1.33
53.7787	26.1065	1.32482
53.7789	26.1065	1.32654
53.7792	26.1065	1.32827
53.7794	26.1065	1.33
53.782	26.1065	1.33786
53.7792	26.1065	1.33173
53.7789	26.1065	1.33346
53.7787	26.1065	1.33518
53.7785	26.1065	1.33691
53.779	26.1065	1.34518
53.7778	26.1065	1.33852
53.7772	26.1065	1.34013
53.7765	26.1065	1.34174
53.7758	26.1065	1.34335
53.7742	26.1065	1.35146
53.7748	26.1065	1.34473
53.7737	26.1065	1.34611
53.7716	26.1065	1.34888
53.7679	26.1065	1.35628
53.7688	26.1065	1.351
53.7661	26.1065	1.35312
53.7606	26.1065	1.35932
53.7628	26.1065	1.35446
53.7596	26.1065	1.35579
53.7527	26.1065	1.36035
53.7527	26.1065	1.3567
53.7418	26.0445	1.34888
53.7352	26.0445	1.3475
53.7403	26.0445	1.35143
53.7373	26.0445	1.34541
53.7471	26.0445	1.35106
53.7313	26.0445	1.34238
53.7338	26.0445	1.3409
53.7316	26.0445	1.33564
53.7288	26.0445	1.33641
53.7309	26.0445	1.33
53.728	26.0445	1.33
53.7316	26.0445	1.32436
53.7288	26.0445	1.32359
53.7338	26.0445	1.3191
53.7313	26.0445	1.31763
53.7373	26.0445	1.31459
53.7352	26.0445	1.3125
53.7418	26.0445	1.31112
53.7403	26.0445	1.30857
53.7471	26.0445	1.30894
53.7463	26.0445	1.30609
53.7527	26.0445	1.3082
53.7527	26.0445	1.30525
53.7583	26.0445	1.30894
53.7591	26.0445	1.30609
53.761	26.0445	1.31003
53.7636	26.0445	1.31112
53.7651	26.0445	1.30857
53.7659	26.0445	1.31285
53.767	26.0445	1.31372
53.7681	26.0445	1.31459
53.7702	26.0445	1.3125
53.769	26.0445	1.31571
53.7699	26.0445	1.31684
53.7707	26.0445	1.31797
53.7716	26.0445	1.3191
53.7741	26.0445	1.31763
53.7766	26.0445	1.32359
53.7719	26.0445	1.31976
53.7721	26.0445	1.32041
53.7724	26.0445	1.32107
53.7727	26.0445	1.32173
53.7729	26.0445	1.32239
53.7732	26.0445	1.32304
53.7735	26.0445	1.3237
53.7738	26.0445	1.32436
53.7775	26.0445	1.33
53.7739	26.0445	1.32506
53.7739	26.0445	1.32577
53.774	26.0445	1.32647
53.7741	26.0445	1.32718
53.7743	26.0445	1.32859
53.7745	26.0445	1.33
53.7766	26.0445	1.33641
53.7743	26.0445	1.33141
53.7741	26.0445	1.33282
53.774	26.0445	1.33353
53.7739	26.0445	1.33423
53.7739	26.0445	1.33494
53.7738	26.0445	1.33564
53.7741	26.0445	1.34238
53.7735	26.0445	1.3363
53.7732	26.0445	1.33696
53.7729	26.0445	1.33761
53.7727	26.0445	1.33827
53.7724	26.0445	1.33893
53.7721	26.0445	1.33959
53.7719	26.0445	1.34024
53.7716	26.0445	1.3409
53.7702	26.0445	1.3475
53.7707	26.0445	1.34203
53.7699	26.0445	1.34316
53.769	26.0445	1.34429
53.7681	26.0445	1.34541
53.7651	26.0445	1.35143
53.767	26.0445	1.34628
53.7659	26.0445	1.34715
53.7636	26.0445	1.34888
53.7591	26.0445	1.35391
53.761	26.0445	1.34997
53.7583	26.0445	1.35106
53.7527	26.0445	1.35475
53.7527	26.0445	1.3518
53.7463	26.0445	1.35391
53.7463	26.0287	1.35391
53.7403	26.0287	1.35143
53.7352	26.0287	1.3475
53.7313	26.0287	1.34238
53.7288	26.0287	1.33641
53.728	26.0287	1.33
53.7288	26.0287	1.32359
53.7313	26.0287	1.31763
53.7352	26.0287	1.3125
53.7403	26.0287	1.30857
53.7463	26.0287	1.30609
53.7527	26.0287	1.30525
53.7591	26.0287	1.30609
53.7651	26.0287	1.30857
53.7702	26.0287	1.3125
53.7741	26.0287	1.31763
53.7766	26.0287	1.32359
53.7775	26.0287	1.33
53.7766	26.0287	1.33641
53.7741	26.0287	1.34238
53.7702	26.0287	1.3475
53.7651	26.0287	1.35143
53.7591	26.0287	1.35391
53.7527	26.0287	1.35475
53.7788	26.1012	1.33156
53.7743	26.0484	1.33405
53.7742	26.0484	1.33472
53.7687	26.0923	1.35001
53.7776	26.1001	1.33764
53.7782	26.1006	1.33625
53.758	26.0602	1.35243
53.7739	26.0487	1.33602
53.7737	26.0489	1.33663
53.7602	26.0589	1.35153
53.7697	26.0523	1.34456
53.7625	26.0577	1.35063
53.7784	26.1008	1.33468
53.7786	26.101	1.33312
53.7742	26.0485	1.3354
53.7743	26.0972	1.34413
53.7751	26.0979	1.34298
53.7759	26.0986	1.34183
53.7765	26.0991	1.34043
53.7731	26.0495	1.33849
53.7728	26.0497	1.3391
53.7645	26.0563	1.34931
53.7664	26.0549	1.34799
53.7588	26.0857	1.35431
53.7771	26.0996	1.33904
53.7641	26.0888	1.35262
53.7744	26.0483	1.33337
53.7711	26.0512	1.34245
53.7717	26.0506	1.3414
53.7733	26.0493	1.33787
53.7681	26.0536	1.34628
53.7707	26.094	1.34822
53.7727	26.0957	1.34643
53.7704	26.0517	1.34351
53.7745	26.0482	1.3327
53.7746	26.0481	1.33135
53.7724	26.05	1.34034
53.7735	26.0491	1.33725
53.7664	26.0906	1.35131
53.7748	26.048	1.33
53.779	26.1014	1.33
53.7742	26.0485	1.3246
53.7717	26.0506	1.3186
53.7711	26.0512	1.31755
53.7739	26.0487	1.32398
53.7745	26.0482	1.3273
53.7737	26.0489	1.32337
53.7782	26.1006	1.32375
53.7776	26.1001	1.32236
53.7731	26.0495	1.32151
53.7733	26.0493	1.32213
53.7681	26.0536	1.31372
53.7645	26.0563	1.31069
53.7697	26.0523	1.31544
53.7704	26.0517	1.31649
53.7724	26.05	1.31966
53.7786	26.101	1.32688
53.7784	26.1008	1.32532
53.7625	26.0577	1.30937
53.7735	26.0491	1.32275
53.7664	26.0906	1.30869
53.7765	26.0991	1.31957
53.7759	26.0986	1.31817
53.7744	26.0483	1.32663
53.7788	26.1012	1.32844
53.7771	26.0996	1.32096
53.7664	26.0549	1.31201
53.7641	26.0888	1.30738
53.7707	26.094	1.31178
53.7687	26.0923	1.30999
53.7727	26.0957	1.31357
53.7743	26.0972	1.31587
53.7751	26.0979	1.31702
53.7728	26.0497	1.3209
53.758	26.0602	1.30757
53.7602	26.0589	1.30847
53.7743	26.0484	1.32595
53.7588	26.0857	1.30569
53.7746	26.0481	1.32865
53.7742	26.0484	1.32528
53.7831	26.1009	1.32654
53.7831	26.1014	1.33
53.7831	26.0978	1.31665
53.7831	26.0991	1.31987
53.7831	26.1005	1.32309
53.7831	26.0935	1.31112
53.7831	26.088	1.30688
53.7831	26.0816	1.30421
53.7831	26.0515	1.31665
53.7831	26.0502	1.31987
53.7831	26.0489	1.32309
53.7831	26.0957	1.31389
53.7831	26.0747	1.3033
53.7831	26.0558	1.31112
53.7831	26.0613	1.30688
53.7831	26.0484	1.32654
53.7831	26.0678	1.30421
53.7831	26.048	1.33
53.7831	26.0484	1.33346
53.7831	26.0489	1.33691
53.7831	26.0515	1.34335
53.7831	26.0558	1.34888
53.7831	26.0613	1.35312
53.7831	26.0502	1.34013
53.7831	26.0991	1.34013
53.7831	26.0678	1.35579
53.7831	26.1005	1.33691
53.7831	26.1009	1.33346
53.7831	26.0747	1.3567
53.7831	26.0816	1.35579
53.7831	26.088	1.35312
53.7831	26.0935	1.34888
53.7831	26.0957	1.34611
53.7831	26.0978	1.34335
53.7831	26.0532	1.35146
53.7831	26.0595	1.35628
53.7831	26.0484	1.34518
53.7831	26.0453	1.33786
53.7831	26.0443	1.33
53.7831	26.0453	1.32214
53.7831	26.0484	1.31482
53.7831	26.0532	1.30854
53.7831	26.0595	1.30372
53.7831	26.0668	1.30068
53.7831	26.0747	1.29965
53.7831	26.0825	1.30068
53.7831	26.0898	1.30372
53.7831	26.0961	1.30854
53.7831	26.1009	1.31482
53.7831	26.104	1.32214
53.7831	26.105	1.33
53.7831	26.104	1.33786
53.7831	26.1009	1.34518
53.7831	26.0961	1.35146
53.7831	26.0898	1.35628
53.7831	26.0825	1.35932
53.7831	26.0747	1.36035
53.7831	26.0668	1.35932
53.8006	26.0747	1.36035
53.8006	26.0668	1.35932
53.8006	26.0595	1.35628
53.8006	26.0532	1.35146
53.8006	26.0484	1.34518
53.8006	26.0453	1.33786
53.8006	26.0443	1.33
53.8006	26.0453	1.32214
53.8006	26.0484	1.31482
53.8006	26.0532	1.30854
53.8006	26.0595	1.30372
53.8006	26.0668	1.30068
53.8006	26.0747	1.29965
53.8006	26.0825	1.30068
53.8006	26.0898	1.30372
53.8006	26.0961	1.30854
53.8006	26.1009	1.31482
53.8006	26.104	1.32214
53.8006	26.105	1.33
53.8006	26.104	1.33786
53.8006	26.1009	1.34518
53.8006	26.0961	1.35146
53.8006	26.0898	1.35628
53.8006	26.0825	1.35932

#	Triangle	295
4	2	3	8	9	5
0	2	4	8	5	7
0	1	2	7	5	6
11	33	10	22	23	21
12	33	11	21	23	24
12	32	33	21	24	20
13	32	12	13	31	32	14	31	13	14	30	31	15	30	14	15	29	30	16	29	15	16	28	29	17	28	16	17	27	28	18	27	17	18	26	27	19	26	18	19	25	26	20	25	19	20	24	25
36	34	35	34	37	38	35	40	39	43	42	40	45	44	43	47	46	45	49	48	47	50	49	51	52	51	53	53	55	54	57	56	55	59	58	57	59	62	61	65	64	62	65	69	68	69	70	68	75	74	70	75	80	79	85	84	80	90	89	85	93	90	94	97	96	94	97	100	99	100	38	101
37	34	36	39	36	35	40	41	39	40	42	41	44	42	43	45	46	44	47	48	46	49	50	48	50	51	52	54	52	53	56	54	55	58	56	57	99	100	101	101	38	37
58	59	60	60	59	61	61	62	63	63	62	64	64	65	66	92	90	93	93	94	95	95	94	96	96	97	98	98	97	99
66	65	67	67	65	68	68	70	71	71	70	72	72	70	73	73	70	74	74	75	76	76	75	77	77	75	78	78	75	79	79	80	81	81	80	82	82	80	83	83	80	84	84	85	86	86	85	87	87	85	88	88	85	89	89	90	91	91	90	92
75	17	16	70	17	75
70	18	17	69	18	70
20	65	62	19	65	20
18	65	19	69	65	18
21	62	59	20	62	21
22	59	57	21	59	22
55	24	23	53	24	55
53	25	24	51	25	53
27	49	47	26	49	27
25	49	26	51	49	25
28	47	45	27	47	28
55	22	57	23	22	55
45	29	28	43	29	45
43	30	29	40	30	43
32	35	34	31	35	32
30	35	31	40	35	30
33	34	38	32	34	33
10	38	100	33	38	10
97	12	11	94	12	97
94	13	12	90	13	94
15	85	80	14	85	15
13	85	14	90	85	13
16	80	75	15	80	16
97	10	100	11	10	97
104	102	103	107	103	105	109	110	107	111	112	110	113	114	112	115	116	114	116	117	118	118	119	120	122	120	121	123	124	122	125	126	124	129	126	128	132	133	129	138	133	137	139	138	137	147	148	139	155	148	154	161	162	155	170	171	162	171	175	176	179	180	176	183	180	182	185	183	184	106	104	185
102	105	103	104	106	102	108	107	105	109	107	108	109	111	110	113	112	111	115	114	113	117	116	115	118	117	119	119	121	120	121	123	122	123	125	124	183	182	184	185	184	106
127	126	125	128	126	127	130	129	128	179	176	178	181	180	179	182	180	181
131	129	130	132	129	131	134	133	132	135	133	134	136	133	135	137	133	136	153	148	152	154	148	153	156	155	154	157	155	156	172	171	170	173	171	172	174	171	173	175	171	174	177	176	175	178	176	177
140	139	137	141	139	140	142	139	141	143	139	142	144	139	143	145	139	144	146	139	145	147	139	146	149	148	147	150	148	149	151	148	150	152	148	151	158	155	157	159	155	158	160	155	159	161	155	160	163	162	161	164	162	163	165	162	164	166	162	165	167	162	166	168	162	167	169	162	168	170	162	169
186	208	209	197	198	196
187	208	186	196	198	199
187	207	208	196	199	195
188	207	187	195	199	200
188	206	207	189	206	188	189	205	206	190	205	189	190	204	205	191	204	190	191	203	204	192	203	191	192	202	203	193	202	192	193	201	202	194	201	193	194	200	201	195	200	194
203	139	148	202	139	203
202	138	139	201	138	202
129	200	199	133	200	129
138	200	133	201	200	138
126	199	198	129	199	126
124	198	197	126	198	124
196	120	122	195	120	196
195	118	120	194	118	195
114	193	192	116	193	114
118	193	116	194	193	118
112	192	191	114	192	112
196	124	197	122	124	196
191	110	112	190	110	191
190	107	110	189	107	190
104	188	187	103	188	104
107	188	103	189	188	107
185	187	186	104	187	185
183	186	209	185	186	183
208	176	180	207	176	208
207	171	176	206	171	207
155	205	204	162	205	155
171	205	162	206	205	171
148	204	203	155	204	148
208	183	209	180	183	208
102	39	105
36	39	102
81	210	79	223	82	222	223	81	82	222	83	215
212	159	211	158	236	211	160	212	224	160	224	161	244	236	157	160	159	212	158	211	159	158	157	236	251	149	147	151	273	152	150	286	151	286	150	289	149	289	150	289	149	251	255	152	273	273	151	286
95	213	93
108	42	109
41	42	108
109	44	111
42	44	109
41	105	39
108	105	41
215	84	214
216	184	182
163	217	218	217	161	224	167	229	230	167	230	168	165	239	166	163	218	164	239	165	247	164	247	165	167	166	229	217	163	161	229	166	239	247	164	218
37	8	101
106	8	37
106	9	8
106	184	9
182	181	219
173	175	174	227	225	226	242	213	241	243	220	237	168	170	169	137	141	140	278	279	280	67	68	66	281	272	282	132	135	134	257	275	258	300	298	299	301	295	292	280	279	278	275	272	271	279	277	270	250	266	274	266	257	267	284	268	285	268	276	262	276	263	261	310	309	313	227	234	228	232	221	231	220	232	240	221	216	219	323	321	322	234	215	214	223	250	210	215	223	222	213	242	241	235	213	248
220	175	173
36	106	37
102	106	36
221	181	179
9	184	216
89	225	227
227	228	88
216	182	219
232	231	178
101	8	233
87	234	86
233	99	101
98	235	96
98	233	235
91	225	89	92	225	91
238	237	172	170	238	172
175	240	177
178	177	232
93	213	242
237	220	173
245	244	156	249	245	154	156	244	157	156	154	245
172	237	173
246	170	168	246	168	230
242	225	92
240	232	177
214	86	234
248	213	95
89	227	88
248	95	96
92	93	242
179	178	231
233	98	99
238	170	246
214	84	86	87	228	234
248	96	235
215	83	84	83	222	82
240	175	220
179	231	221
87	88	228
219	181	221
250	79	210	210	81	223
253	252	136	264	135	263	253	135	264	137	136	252
251	147	254	256	146	145	143	259	260	143	260	144	256	145	269	147	146	254	260	269	144	256	254	146	145	144	269	142	141	283	143	142	259	283	259	142
255	153	152	153	288	154	249	154	288	288	153	255
258	74	257
131	261	132
130	128	262
261	263	132
265	141	137	265	283	141
265	137	252
267	77	266	257	76	267	78	266	77	78	79	274
127	268	128
61	63	270
272	71	271
266	78	274	250	274	79
73	275	72
271	72	275	74	258	73
135	253	136
130	276	131
61	270	277
280	279	64
66	68	281
63	64	279
68	272	281
61	277	60
280	66	281
276	130	262
3	284	123
76	257	74	76	77	267
268	127	285
284	285	125
123	284	125
66	280	64
4	54	56
4	121	54
3	121	4
123	121	3
263	135	132
52	117	50
119	117	52
46	115	113
48	115	46
117	48	50
115	48	117
119	54	121
52	54	119
127	125	285
258	275	73
44	113	111
46	113	44
279	270	63
56	58	287
58	60	287
4	56	287
261	131	276
277	287	60
262	128	268
71	272	68
271	71	72
291	290	266
293	292	272
257	290	294
279	295	296
287	296	297
294	275	257
265	298	300
292	295	280
302	0	297
275	294	293
295	279	280
280	281	292
281	282	292	282	272	292
293	272	275
287	277	296
297	4	287
296	277	279
0	4	297
0	302	1
304	303	268
305	251	300
306	304	2
291	266	250
298	263	303
305	307	249
249	288	305	288	255	305
255	273	305	273	286	305	286	289	305	289	251	305
251	254	300	254	256	300	256	269	300	269	260	300	260	259	300	259	283	300
283	265	300
2	304	284
306	2	1
284	3	2
290	257	266
265	252	298	252	253	298	253	264	298	264	263	298
304	268	284
303	276	268
303	263	276
302	306	1
224	308	309
308	249	307
246	230	309
230	229	309	229	239	309	239	247	309	247	218	309	218	217	309	217	224	309
220	310	311
221	311	312
246	309	310
314	234	227
315	5	312
220	243	310	243	237	310	237	238	310	238	246	310
311	221	232
311	232	220
312	216	221
216	312	5
216	5	9
317	215	316
6	5	315
6	315	318
320	233	319
242	321	323
319	7	318
316	215	234
321	213	320
224	212	308	212	211	308	211	236	308	236	244	308
244	245	308	245	249	308
291	250	223
316	234	314
317	223	215
317	291	223
233	8	319
8	7	319
233	320	235
227	323	314
321	242	213
227	226	323	226	225	323
225	242	323
320	213	235
6	318	7
325	312	324	326	324	311	309	327	326	307	328	327	300	329	328	298	330	329	330	303	331	331	304	332	333	332	306	302	334	333	297	335	334	336	335	296	295	337	336	338	337	292	339	338	292	294	340	339	341	340	291	316	342	341	323	343	342	343	321	344	320	345	344	346	345	319	347	346	318	315	325	347
312	311	324	325	315	312	310	326	311	303	330	298	331	303	304	304	306	332	306	302	333	302	297	334	297	296	335	336	296	295	321	320	344	345	320	319	346	319	318	347	318	315
313	326	310	309	326	313	308	327	309	307	327	308	305	328	307	300	328	305	299	329	300	298	329	299	301	337	295	292	337	301	293	339	292	294	339	293	290	340	294	291	340	290	317	341	291	316	341	317	314	342	316	323	342	314	322	343	323	321	343	322
349	371	348	360	361	359
350	371	349	359	361	362
350	370	371	359	362	358
351	370	350	351	369	370	352	369	351	352	368	369	353	368	352	353	367	368	354	367	353	354	366	367	355	366	354	355	365	366	356	365	355	356	364	365	357	364	356	357	363	364	358	363	357	358	362	363
366	339	340	365	339	366
365	338	339	364	338	365
336	363	362	337	363	336
338	363	337	364	363	338
335	362	361	336	362	335
334	361	360	335	361	334
359	332	333	358	332	359
358	331	332	357	331	358
329	356	355	330	356	329
331	356	330	357	356	331
328	355	354	329	355	328
359	334	360	333	334	359
354	327	328	353	327	354
353	326	327	352	326	353
325	351	350	324	351	325
326	351	324	352	351	326
347	350	349	325	350	347
346	349	348	347	349	346
371	344	345	370	344	371
370	343	344	369	343	370
341	366	340	367	366	341
343	368	342	369	368	343
342	367	341	368	367	342
371	346	348	345	346	371

#	Normal	295
-4.43402e-005	-0	-0
-2.27329e-005	-0	0
-7.69958e-006	-0	-0
0	1.62479e-005	-0
-0	4.76353e-005	-0
0	9.20254e-005	-0
-0	1	-0
-0	-2.86651e-005	0
-0	-2.52262e-005	-0
0	-1.26088e-005	-0
0	-6.31716e-006	-0
0.991428	-0	-0.130652
0.923914	-0	-0.3826
0.608789	-0	-0.793332
0.793288	-0	-0.608847
0.382663	-0	-0.923888
0.130525	-0	-0.991445
-0.382663	0	-0.923888
-0.608789	0	-0.793332
-0.923914	-0	-0.3826
-0.793288	-0	-0.608847
-0.991428	-0	-0.130652
-0.130525	0	-0.991445
-0.991428	-0	0.130652
-0.923914	-0	0.3826
-0.608789	-0	0.793332
-0.793288	-0	0.608847
-0.382663	-0	0.923888
-0.130525	-0	0.991445
0.382663	-0	0.923888
0.608789	-0	0.793332
0.923914	0	0.3826
0.793288	0	0.608847
0.991428	0	0.130652
0.130525	-0	0.991445
-0	1.89004e-005	0
-0	1.6646e-005	0
-0	8.3247e-006	0
-0	4.16297e-006	-0
-0	2.0752e-006	0
0	-1.08059e-005	-0
-0	-3.16793e-005	-0
0	-6.11952e-005	-0
-0	-9.73474e-005	-0
0	-1	-0
0.991437	-0	-0.130589
0.923873	-0	-0.382699
0.608827	-0	-0.793303
0.793324	-0	-0.608799
0.382709	-0	-0.923869
0.130524	-0	-0.991445
-0.382709	0	-0.923869
-0.608827	0	-0.793303
-0.923873	-0	-0.382699
-0.793324	-0	-0.608799
-0.991437	-0	-0.130589
-0.130524	0	-0.991445
-0.991437	-0	0.130589
-0.923873	-0	0.382699
-0.608827	-0	0.793303
-0.793324	-0	0.608799
-0.382709	-0	0.923869
-0.130524	-0	0.991445
0.382709	-0	0.923869
0.608827	-0	0.793303
0.923873	0	0.382699
0.793324	0	0.608799
0.991437	0	0.130589
0.130524	-0	0.991445
-0.606848	-0.0781165	0.79097
-0.607069	-0.078145	0.790797
9.13096e-006	-6.92262e-007	1.19742e-006
2.65371e-006	-2.33513e-007	3.30887e-007
2.99508e-005	-3.10323e-006	3.90428e-005
-0.920946	-0.0780763	0.381789
-0.921024	-0.0780975	0.381595
-0.988431	-0.078093	0.13002
-0.988412	-0.0780767	0.13018
-0.790996	-0.078116	0.606814
-0.790893	-0.0780986	0.606951
8.48429e-006	-7.96259e-007	3.10966e-006
1.16749e-005	-7.47289e-006	8.86415e-005
2.67446e-006	-2.13161e-007	1.01321e-006
-0.130135	-0.0781126	0.988415
-0.130158	-0.0781197	0.988411
-0.13017	-0.0781179	0.98841
-1.2531e-005	-7.519e-006	9.51415e-005
1.57716e-005	-3.31951e-006	3.80781e-005
-0	1.05858e-010	-0
1.76583e-005	-2.20151e-006	1.35667e-005
-0.381406	-0.0781259	0.9211
-0.381495	-0.0781357	0.921063
1.44296e-005	-3.42593e-006	3.48381e-005
1.03257e-005	-7.03474e-006	8.90139e-005
2.028e-005	-2.23051e-006	1.30669e-005
1.09233e-005	-7.14493e-007	4.14642e-006
1.2447e-005	-2.78856e-006	3.52183e-005
1.26267e-005	-2.39405e-006	2.11984e-005
0.122216	-0.0781919	0.989419
1.10301e-005	-8.8176e-007	4.57663e-006
0.130158	-0.0757631	0.988594
2.34946e-005	-4.28928e-006	5.67741e-005
0.344467	-0.0736707	0.935904
1.28659e-005	-1.28183e-006	9.88831e-006
6.84133e-006	-6.56591e-007	4.65055e-006
7.92336e-006	-9.49014e-007	1.03277e-005
9.07194e-006	-1.44438e-006	1.18249e-005
4.67479e-005	-5.97314e-006	4.67694e-005
1.49459e-005	-1.63992e-006	1.02404e-005
4.9191e-006	-4.06982e-007	6.10733e-007
7.56638e-006	-7.66814e-007	5.78668e-006
7.33989e-006	-7.61778e-007	3.05374e-006
2.42722e-005	-1.8801e-006	1.6137e-005
1.56957e-005	-1.88054e-006	1.66793e-005
9.298e-006	-7.72598e-007	3.46868e-006
2.02101e-005	-2.50669e-006	3.21935e-005
1.26557e-005	-8.23245e-007	5.22041e-006
3.36635e-005	-4.36802e-006	4.38207e-005
2.97226e-005	-2.21446e-006	2.28018e-005
2.05508e-005	-2.48769e-006	2.67851e-005
2.76752e-005	-5.85825e-006	6.67953e-005
6.20963e-006	-4.88379e-007	4.14016e-006
1.02157e-005	-9.04688e-007	4.21394e-006
2.3921e-005	-3.7754e-006	3.70265e-005
1.00926e-005	-6.79555e-007	1.34635e-006
1.45471e-005	-1.3818e-006	1.51464e-005
1.50323e-005	-1.99461e-006	2.43801e-005
1.18444e-005	-8.4919e-007	4.91453e-006
1.11042e-005	-2.89498e-006	3.19821e-005
7.96316e-006	-6.28269e-007	9.61205e-007
6.84133e-006	-6.56591e-007	-4.65055e-006
2.54866e-006	-1.89496e-007	-9.77448e-007
5.32573e-006	-4.51522e-007	-6.93138e-007
8.48429e-006	-7.96259e-007	-3.10966e-006
7.92336e-006	-9.49014e-007	-1.03277e-005
2.05508e-005	-2.48769e-006	-2.67851e-005
1.45471e-005	-1.3818e-006	-1.51464e-005
7.33989e-006	-7.61778e-007	-3.05374e-006
6.20963e-006	-4.88379e-007	-4.14016e-006
8.60359e-006	-6.22498e-007	-1.04528e-006
1.44296e-005	-3.42593e-006	-3.48381e-005
3.36635e-005	-4.36802e-006	-4.38207e-005
1.09233e-005	-7.14493e-007	-4.14642e-006
8.28372e-006	-6.25418e-007	-1.00324e-006
1.10301e-005	-8.8176e-007	-4.57663e-006
1.01115e-005	-7.4195e-007	-3.77982e-006
7.56638e-006	-7.66814e-007	-5.78668e-006
9.07194e-006	-1.44438e-006	-1.18249e-005
2.3921e-005	-3.7754e-006	-3.70265e-005
4.67479e-005	-5.97314e-006	-4.67694e-005
2.57319e-005	-2.56366e-006	-1.97766e-005
2.99508e-005	-3.10323e-006	-3.90428e-005
2.028e-005	-2.23051e-006	-1.30669e-005
2.34946e-005	-4.28928e-006	-5.67741e-005
2.42722e-005	-1.8801e-006	-1.6137e-005
1.26267e-005	-2.39405e-006	-2.11984e-005
1.03257e-005	-7.03474e-006	-8.90139e-005
1.00926e-005	-6.79555e-007	-1.34635e-006
1.11042e-005	-2.89498e-006	-3.19821e-005
1.2447e-005	-2.78856e-006	-3.52183e-005
1.16749e-005	-7.47289e-006	-8.86415e-005
2.97226e-005	-2.21446e-006	-2.28018e-005
-0.130135	-0.0781126	-0.988415
-0.130158	-0.0781197	-0.988411
-0.13017	-0.0781179	-0.98841
-1.2531e-005	-7.519e-006	-9.51415e-005
1.76583e-005	-2.20151e-006	-1.35667e-005
-0.607071	-0.0781193	-0.790799
-0.606846	-0.0781478	-0.790968
-0.920946	-0.0780763	-0.381789
-0.921024	-0.0780975	-0.381595
-0.790996	-0.078116	-0.606814
-0.790893	-0.0780986	-0.606951
-0.381495	-0.0781249	-0.921063
-0.381406	-0.0781347	-0.9211
1.57716e-005	-3.31951e-006	-3.80781e-005
9.298e-006	-7.72598e-007	-3.46868e-006
-0.988431	-0.078093	-0.13002
-0.988412	-0.0780767	-0.13018
2.02101e-005	-2.50669e-006	-3.21935e-005
0.130158	-0.0757631	-0.988594
2.76752e-005	-5.85825e-006	-6.67953e-005
0.122216	-0.0781919	-0.989419
1.56957e-005	-1.88054e-006	-1.66793e-005
0.344467	-0.0736707	-0.935904
1.50323e-005	-1.99461e-006	-2.43801e-005
1.26557e-005	-8.23245e-007	-5.22041e-006
1.18444e-005	-8.4919e-007	-4.91453e-006
1.39027e-007	1.54134e-005	-2.03008e-006
5.95875e-007	2.28902e-005	-9.4838e-006
2.77964e-007	1.68177e-005	-2.21495e-006
0.0113788	0.608757	-0.793275
0.00876238	0.38266	-0.923848
-2.02381e-007	1.43253e-005	-5.10303e-006
1.58446e-006	-6.86456e-005	-2.84201e-005
1.58689e-006	5.74579e-005	-4.4079e-005
0.00745847	0.130493	-0.991421
1.25175e-007	1.92806e-005	-7.98827e-006
-4.96693e-007	4.70433e-005	-4.36923e-005
-3.26512e-007	1.88484e-005	-1.15976e-005
-1.62498e-007	9.42421e-006	-5.80734e-006
2.68421e-007	1.79341e-005	-6.59855e-006
-1.70312e-007	3.46659e-005	-6.3941e-005
3.72016e-007	2.44082e-005	-6.19841e-005
4.20686e-007	5.20246e-005	-7.03423e-005
-0.00539997	0.251338	-0.967884
-0.00495674	0.0320799	-0.999473
0.0103778	-0.608763	-0.793284
5.53806e-007	-3.0747e-005	-4.04948e-006
0.00381891	-0.382672	-0.923876
-0	1.2663e-005	-1.50467e-006
1.02712e-006	-7.35937e-005	-5.64835e-005
0	-2.85864e-005	-3.76506e-006
1.35094e-007	-1.17068e-005	-1.2184e-006
6.96058e-008	-5.85393e-006	-6.00967e-007
-6.73752e-008	-5.83294e-006	-1.78323e-006
-1.3721e-007	-1.16552e-005	-3.56271e-006
-0.00566885	-0.427035	-0.904217
-0.00313807	-0.188732	-0.982024
1.08331e-006	-1.24944e-005	-2.86028e-005
1.39017e-007	1.40661e-005	-1.68954e-006
-1.05509e-007	-1.32444e-005	-6.93977e-006
3.34458e-007	-4.82564e-005	-6.69058e-005
-2.28243e-007	-4.72925e-005	-4.94953e-005
5.54827e-007	-6.00068e-005	-4.69272e-005
0.00633501	-0.130531	-0.991424
5.53806e-007	-3.0747e-005	4.04948e-006
-0	-2.85864e-005	3.76506e-006
-1.3721e-007	-1.16552e-005	3.56271e-006
-6.86049e-008	-5.83189e-006	1.7829e-006
1.02712e-006	-7.35937e-005	5.64835e-005
0.0103778	-0.608763	0.793284
1.58446e-006	-6.86456e-005	2.84201e-005
2.68421e-007	1.79341e-005	6.59855e-006
0.00378358	-0.382672	0.923877
-1.0724e-007	-1.32464e-005	6.96464e-006
-2.28243e-007	-4.72925e-005	4.94953e-005
5.54827e-007	-6.00068e-005	4.69272e-005
3.34458e-007	-4.82564e-005	6.69058e-005
-0.00567906	-0.42686	0.9043
1.08641e-006	-1.25053e-005	2.8644e-005
2.77964e-007	1.68177e-005	2.21495e-006
-0.00312703	-0.188514	0.982065
0.00632177	-0.130531	0.991424
0.00876238	0.38266	0.923848
1.58689e-006	5.74579e-005	4.4079e-005
0.00745931	0.130493	0.991421
-2.02381e-007	1.43253e-005	5.10303e-006
0.0113788	0.608757	0.793275
6.82709e-008	-5.85395e-006	6.00815e-007
1.39168e-007	-1.17058e-005	1.20193e-006
-0	1.2663e-005	1.50467e-006
1.25175e-007	1.92806e-005	7.98827e-006
1.39017e-007	1.40661e-005	1.68954e-006
1.39027e-007	1.54134e-005	2.03008e-006
3.72016e-007	2.44082e-005	6.19841e-005
-0.00539217	0.251421	0.967863
-1.70312e-007	3.46659e-005	6.3941e-005
5.95875e-007	2.28902e-005	9.4838e-006
-4.96693e-007	4.70433e-005	4.36923e-005
-1.62498e-007	9.42421e-006	5.80734e-006
-3.26512e-007	1.88484e-005	1.15976e-005
4.20686e-007	5.20246e-005	7.03423e-005
-0.00494918	0.0322349	0.999468
-2.86651e-005	0	-0
-2.52184e-005	-0	-0
-1.26059e-005	-0	0
1.62459e-005	-0	-0
4.76294e-005	-0	-0
9.20195e-005	-0	-0
1	-0	-0
-0	0.991428	-0.130652
-0	0.923914	-0.3826
-0	0.608789	-0.793332
-0	0.793288	-0.608847
-0	0.382663	-0.923888
-0	0.130525	-0.991445
-0	-0.382663	-0.923888
-0	-0.608789	-0.793332
0	-0.923914	-0.3826
0	-0.793288	-0.608847
0	-0.991428	-0.130652
-0	-0.130557	-0.991441
-0	-0.991428	0.130652
-0	-0.923914	0.3826
-0	-0.608789	0.793332
-0	-0.793288	0.608847
-0	-0.382663	0.923888
-0	-0.130557	0.991441
0	0.382663	0.923888
0	0.608789	0.793332
-0	0.991428	0.130652
-0	0.793288	0.608847
-0	0.923914	0.3826
0	0.130525	0.991445

#	Mesh	0	End

