#	Mesh	0	Begin

#	Vertex	40
63.215	33.8699	1.49
63.2134	33.8735	1.49
60.8565	32.8241	1.49
60.8581	32.8205	1.49
63.215	33.8699	2.57
63.2134	33.8735	2.57
60.8565	32.8241	2.57
60.8581	32.8205	2.57
60.8754	32.7537	1.49
60.8758	32.7497	1.49
63.4456	32.9786	1.49
63.4453	32.9826	1.49
60.8754	32.7537	2.57
60.8758	32.7497	2.57
63.4456	32.9786	2.57
63.4453	32.9826	2.57
63.1785	33.8536	1.53
60.8946	32.8367	1.53
60.9009	32.8215	1.53
60.906	32.8058	1.53
60.9102	32.7898	1.53
60.9133	32.7736	1.53
60.9153	32.7572	1.53
63.4054	32.979	1.53
63.3834	33.1592	1.53
63.3495	33.3375	1.53
63.3039	33.5131	1.53
63.2468	33.6854	1.53
63.1785	33.8536	2.53
60.8946	32.8367	2.53
60.9009	32.8215	2.53
60.906	32.8058	2.53
60.9102	32.7898	2.53
60.9133	32.7736	2.53
60.9153	32.7572	2.53
63.4054	32.979	2.53
63.3834	33.1592	2.53
63.3495	33.3375	2.53
63.3039	33.5131	2.53
63.2468	33.6854	2.53

#	Triangle	22
3	4	7	0	4	3
0	5	4	1	5	0
1	6	5	2	6	1
2	7	6	3	7	2
3	1	0	2	1	3	11	9	8	10	9	11	27	17	16	26	17	27	25	17	26	24	17	25	23	17	24	22	21	23	21	20	23	20	19	23	19	18	23	18	17	23
4	6	7	5	6	4	12	14	15	13	14	12	29	39	28	29	38	39	29	37	38	29	36	37	29	35	36	29	30	35	30	31	35	31	32	35	32	33	35	33	34	35
11	12	15	8	12	11
8	13	12	9	13	8
9	14	13	10	14	9
10	15	14	11	15	10
27	28	39	16	28	27
16	29	28	17	29	16
17	30	29	18	30	17
18	31	30	19	31	18
19	32	31	20	32	19
20	33	32	21	33	20
21	34	33	22	34	21
22	35	34	23	35	22
23	36	35	24	36	23
24	37	36	25	37	24
25	38	37	26	38	25
26	39	38	27	39	26

#	Normal	22
0.406736	-0.913546	-0
0.913449	0.406953	-0
-0.406738	0.913545	-0
-0.91365	-0.406501	0
-0	0	-1
0	-0	1
-0.0887075	0.996058	-0
-0.996044	-0.0888627	0
0.0887075	-0.996058	-0
0.996044	0.0888627	-0
0.926473	0.376361	-0
-0.406736	0.913546	-0
-0.926472	-0.376364	0
-0.949274	-0.314451	0
-0.967946	-0.251159	0
-0.982446	-0.186546	0
-0.992567	-0.121703	0
0.0887063	-0.996058	-0
0.992587	0.121536	-0
0.982412	0.186728	-0
0.967951	0.25114	-0
0.949276	0.314445	-0

#	Mesh	0	End

