#	Mesh	0	Begin

#	Vertex	92
22.8084	99.7388	-4.295
22.8054	99.7388	-4.295
22.8054	99.0588	-4.295
22.8084	99.0588	-4.295
22.8084	99.7388	-3.745
22.8054	99.7388	-3.745
22.8054	99.0588	-3.745
22.8084	99.0588	-3.745
22.8464	99.0208	-4.295
22.8464	99.0178	-4.295
23.5264	99.0178	-4.295
23.5264	99.0208	-4.295
22.8464	99.0208	-3.745
22.8464	99.0178	-3.745
23.5264	99.0178	-3.745
23.5264	99.0208	-3.745
22.8084	99.7138	-4.27
22.8084	99.0838	-4.27
22.8139	99.0835	-4.27
22.8194	99.0828	-4.27
22.8248	99.0816	-4.27
22.83	99.08	-4.27
22.8351	99.0779	-4.27
22.8399	99.0753	-4.27
22.8446	99.0724	-4.27
22.8489	99.069	-4.27
22.853	99.0653	-4.27
22.8567	99.0613	-4.27
22.8601	99.0569	-4.27
22.863	99.0523	-4.27
22.8655	99.0474	-4.27
22.8676	99.0423	-4.27
22.8693	99.0371	-4.27
22.8705	99.0317	-4.27
22.8712	99.0263	-4.27
22.8714	99.0208	-4.27
23.5014	99.0208	-4.27
23.4988	99.0812	-4.27
23.4909	99.1411	-4.27
23.4778	99.2001	-4.27
23.4597	99.2578	-4.27
23.4365	99.3137	-4.27
23.4086	99.3673	-4.27
23.3761	99.4183	-4.27
23.3393	99.4662	-4.27
23.2985	99.5108	-4.27
23.2539	99.5517	-4.27
23.2059	99.5885	-4.27
23.1549	99.6209	-4.27
23.1013	99.6489	-4.27
23.0455	99.672	-4.27
22.9878	99.6902	-4.27
22.9288	99.7033	-4.27
22.8688	99.7111	-4.27
22.8084	99.7138	-3.77
22.8084	99.0838	-3.77
22.8139	99.0835	-3.77
22.8194	99.0828	-3.77
22.8248	99.0816	-3.77
22.83	99.08	-3.77
22.8351	99.0779	-3.77
22.8399	99.0753	-3.77
22.8446	99.0724	-3.77
22.8489	99.069	-3.77
22.853	99.0653	-3.77
22.8567	99.0613	-3.77
22.8601	99.0569	-3.77
22.863	99.0523	-3.77
22.8655	99.0474	-3.77
22.8676	99.0423	-3.77
22.8693	99.0371	-3.77
22.8705	99.0317	-3.77
22.8712	99.0263	-3.77
22.8714	99.0208	-3.77
23.5014	99.0208	-3.77
23.4988	99.0812	-3.77
23.4909	99.1411	-3.77
23.4778	99.2001	-3.77
23.4597	99.2578	-3.77
23.4365	99.3137	-3.77
23.4086	99.3673	-3.77
23.3761	99.4183	-3.77
23.3393	99.4662	-3.77
23.2985	99.5108	-3.77
23.2539	99.5517	-3.77
23.2059	99.5885	-3.77
23.1549	99.6209	-3.77
23.1013	99.6489	-3.77
23.0455	99.672	-3.77
22.9878	99.6902	-3.77
22.9288	99.7033	-3.77
22.8688	99.7111	-3.77

#	Triangle	42
3	4	7	0	4	3	10	15	14	11	15	10
0	5	4	1	5	0	11	12	15	8	12	11
1	6	5	2	6	1	8	13	12	9	13	8	16	55	54	17	55	16
2	7	6	3	7	2	9	14	13	10	14	9	35	74	73	36	74	35
3	1	0	2	1	3	11	9	8	10	9	11	53	17	16	52	17	53	51	17	52	50	17	51	49	17	50	48	17	49	47	17	48	46	17	47	45	17	46	44	17	45	43	17	44	42	17	43	41	17	42	40	17	41	39	17	40	38	17	39	37	17	38	37	18	17	37	19	18	37	20	19	37	21	20	36	21	37	36	22	21	36	23	22	36	24	23	36	25	24	36	26	25	36	27	26	36	28	27	36	29	28	36	30	29	36	31	30	36	32	31	36	33	32	36	34	33	36	35	34
4	6	7	5	6	4	12	14	15	13	14	12	55	91	54	55	90	91	55	89	90	55	88	89	55	87	88	55	86	87	55	85	86	55	84	85	55	83	84	55	82	83	55	81	82	55	80	81	55	79	80	55	78	79	55	77	78	55	76	77	55	75	76	56	75	55	57	75	56	58	75	57	59	75	58	59	74	75	60	74	59	61	74	60	62	74	61	63	74	62	64	74	63	65	74	64	66	74	65	67	74	66	68	74	67	69	74	68	70	74	69	71	74	70	72	74	71	73	74	72
53	54	91	16	54	53
17	56	55	18	56	17
18	57	56	19	57	18
19	58	57	20	58	19
20	59	58	21	59	20
21	60	59	22	60	21
22	61	60	23	61	22
23	62	61	24	62	23
24	63	62	25	63	24
25	64	63	26	64	25
26	65	64	27	65	26
27	66	65	28	66	27
28	67	66	29	67	28
29	68	67	30	68	29
30	69	68	31	69	30
31	70	69	32	70	31
32	71	70	33	71	32
33	72	71	34	72	33
34	73	72	35	73	34
36	75	74	37	75	36
37	76	75	38	76	37
38	77	76	39	77	38
39	78	77	40	78	39
40	79	78	41	79	40
41	80	79	42	80	41
42	81	80	43	81	42
43	82	81	44	82	43
44	83	82	45	83	44
45	84	83	46	84	45
46	85	84	47	85	46
47	86	85	48	86	47
48	87	86	49	87	48
49	88	87	50	88	49
50	89	88	51	89	50
51	90	89	52	90	51
52	91	90	53	91	52

#	Normal	42
1	-0	-0
-0	1	-0
-1	-0	0
-0	-1	-0
-0	0	-1
0	0	1
0.0436784	0.999046	-0
-0.0440696	-0.999028	0
-0.130767	-0.991413	0
-0.216102	-0.976371	0
-0.301267	-0.95354	0
-0.382394	-0.924	0
-0.461934	-0.886914	0
-0.537358	-0.843354	0
-0.608611	-0.793469	0
-0.675322	-0.737523	0
-0.737508	-0.675338	0
-0.793297	-0.608834	0
-0.843251	-0.537519	0
-0.88706	-0.461655	0
-0.923874	-0.382697	0
-0.953642	-0.300944	0
-0.976312	-0.216366	0
-0.991471	-0.130326	0
-0.999042	-0.0437615	0
0.999047	0.0436461	-0
0.991445	0.130521	-0
0.9763	0.216421	-0
0.953713	0.300717	-0
0.923885	0.382669	-0
0.887007	0.461757	-0
0.843378	0.537321	-0
0.79333	0.608792	-0
0.737315	0.675549	-0
0.675597	0.737271	-0
0.608777	0.793342	-0
0.537314	0.843382	-0
0.461718	0.887027	-0
0.382649	0.923894	-0
0.300708	0.953716	-0
0.216452	0.976293	-0
0.130517	0.991446	-0

#	Mesh	0	End

