#	Mesh	0	Begin

#	Vertex	32
25.526	54.5786	-2.42
25.526	54.5786	3.38
25.326	54.5786	3.38
25.326	54.5786	-2.42
25.326	47.3323	-2.42
25.326	50.5863	3.38
25.326	47.3323	3.38
25.326	50.7863	-2.42
25.326	49.1924	-0.17
25.326	50.3924	-0.17
25.326	50.3924	-2.27
25.326	49.1924	-2.27
25.326	53.3636	-0.17
25.326	54.3636	-0.17
25.326	54.3636	-2.27
25.326	53.3636	-2.27
25.526	47.3323	3.38
25.526	47.3323	-2.42
25.526	50.7863	3.38
25.526	50.5863	-2.42
25.526	54.3636	-0.17
25.526	53.3636	-0.17
25.526	53.3636	-2.27
25.526	54.3636	-2.27
25.526	50.3924	-0.17
25.526	49.1924	-0.17
25.526	49.1924	-2.27
25.526	50.3924	-2.27
25.326	50.5863	-2.42
25.526	50.7863	-2.42
25.526	50.5863	3.38
25.326	50.7863	3.38

#	Triangle	6
0	2	1	3	2	0	28	30	19	5	30	28	21	15	12	22	15	21	11	25	26	8	25	11
6	11	4	11	28	4	11	10	28	10	5	28	6	8	11	9	5	10	6	9	8	6	5	9	31	15	7	15	3	7	15	14	3	14	2	3	31	12	15	13	2	14	31	13	12	31	2	13
4	16	6	17	16	4	29	31	7	18	31	29	23	13	14	20	13	23	9	27	24	10	27	9
1	23	0	23	29	0	23	22	29	22	18	29	1	20	23	21	18	22	1	21	20	1	18	21	30	27	19	27	17	19	27	26	17	26	16	17	30	24	27	25	16	26	30	25	24	30	16	25
19	4	28	17	4	19	7	0	29	3	0	7	20	12	13	21	12	20	8	24	25	9	24	8
5	16	30	6	16	5	18	2	31	1	2	18	22	14	15	23	14	22	10	26	27	11	26	10

#	Normal	6
-0	1	-0
-1	0	-0
-0	-1	-0
1	0	0
-0	-0	-1
-0	-0	1

#	Mesh	0	End

