#	Mesh	0	Begin

#	Vertex	264
53.7888	31.9242	1.35082
53.7929	31.9242	1.34078
53.7944	31.9242	1.33
53.7929	31.9242	1.31922
53.7888	31.9242	1.30918
53.7822	31.9242	1.30055
53.7735	31.9242	1.29393
53.7635	31.9242	1.28977
53.7527	31.9242	1.28835
53.7419	31.9242	1.28977
53.7319	31.9242	1.29393
53.7233	31.9242	1.30055
53.7166	31.9242	1.30918
53.7125	31.9242	1.31922
53.7111	31.9242	1.33
53.7125	31.9242	1.34078
53.7166	31.9242	1.35082
53.7233	31.9242	1.35945
53.7319	31.9242	1.36607
53.7419	31.9242	1.37023
53.7527	31.9242	1.37165
53.7635	31.9242	1.37023
53.7735	31.9242	1.36607
53.7822	31.9242	1.35945
53.7888	31.9029	1.35082
53.7822	31.9029	1.35945
53.7845	31.9029	1.34838
53.7882	31.9029	1.33951
53.7929	31.9029	1.34078
53.7787	31.9029	1.35599
53.7735	31.9029	1.36607
53.7711	31.9029	1.36183
53.7622	31.9029	1.3655
53.7635	31.9029	1.37023
53.7527	31.9029	1.36675
53.7527	31.9029	1.37165
53.7432	31.9029	1.3655
53.7419	31.9029	1.37023
53.7343	31.9029	1.36183
53.7319	31.9029	1.36607
53.7267	31.9029	1.35599
53.7233	31.9029	1.35945
53.7209	31.9029	1.34838
53.7166	31.9029	1.35082
53.7172	31.9029	1.33951
53.7125	31.9029	1.34078
53.716	31.9029	1.33
53.7111	31.9029	1.33
53.7172	31.9029	1.32049
53.7125	31.9029	1.31922
53.7209	31.9029	1.31163
53.7166	31.9029	1.30918
53.7267	31.9029	1.30401
53.7233	31.9029	1.30055
53.7343	31.9029	1.29817
53.7319	31.9029	1.29393
53.7419	31.9029	1.28977
53.7388	31.9029	1.29634
53.741	31.9029	1.29542
53.7432	31.9029	1.2945
53.7527	31.9029	1.28835
53.7456	31.9029	1.29419
53.7479	31.9029	1.29388
53.7503	31.9029	1.29356
53.7527	31.9029	1.29325
53.7635	31.9029	1.28977
53.7551	31.9029	1.29356
53.7575	31.9029	1.29388
53.7598	31.9029	1.29419
53.7622	31.9029	1.2945
53.7735	31.9029	1.29393
53.7644	31.9029	1.29542
53.7666	31.9029	1.29634
53.7711	31.9029	1.29817
53.7822	31.9029	1.30055
53.7787	31.9029	1.30401
53.7888	31.9029	1.30918
53.7845	31.9029	1.31163
53.7929	31.9029	1.31922
53.7882	31.9029	1.32049
53.7944	31.9029	1.33
53.7895	31.9029	1.33
53.7789	31.8467	1.34513
53.7768	31.8467	1.35408
53.7822	31.8467	1.34703
53.7741	31.8467	1.35139
53.7819	31.8467	1.33783
53.7697	31.8467	1.35949
53.7678	31.8467	1.3562
53.7605	31.8467	1.35922
53.7615	31.8467	1.36289
53.7527	31.8467	1.36025
53.7527	31.8467	1.36405
53.7449	31.8467	1.35922
53.7439	31.8467	1.36289
53.7376	31.8467	1.3562
53.7357	31.8467	1.35949
53.7313	31.8467	1.35139
53.7286	31.8467	1.35408
53.7265	31.8467	1.34513
53.7232	31.8467	1.34703
53.7235	31.8467	1.33783
53.7198	31.8467	1.33881
53.7225	31.8467	1.33
53.7187	31.8467	1.33
53.7235	31.8467	1.32217
53.7198	31.8467	1.32119
53.7265	31.8467	1.31488
53.7232	31.8467	1.31297
53.7313	31.8467	1.30861
53.7286	31.8467	1.30592
53.7344	31.8467	1.30621
53.7376	31.8467	1.3038
53.7357	31.8467	1.30051
53.7439	31.8467	1.29711
53.7412	31.8467	1.30229
53.7449	31.8467	1.30078
53.7527	31.8467	1.29595
53.7488	31.8467	1.30027
53.7527	31.8467	1.29975
53.7615	31.8467	1.29711
53.7566	31.8467	1.30027
53.7605	31.8467	1.30078
53.7697	31.8467	1.30051
53.7642	31.8467	1.30229
53.7678	31.8467	1.3038
53.7768	31.8467	1.30592
53.771	31.8467	1.30621
53.7741	31.8467	1.30861
53.7822	31.8467	1.31297
53.7789	31.8467	1.31488
53.7856	31.8467	1.32119
53.7819	31.8467	1.32217
53.7868	31.8467	1.33
53.783	31.8467	1.33
53.7856	31.8467	1.33881
53.7868	31.8276	1.33
53.7856	31.8276	1.33881
53.7822	31.8276	1.34703
53.7768	31.8276	1.35408
53.7697	31.8276	1.35949
53.7615	31.8276	1.36289
53.7527	31.8276	1.36405
53.7439	31.8276	1.36289
53.7357	31.8276	1.35949
53.7286	31.8276	1.35408
53.7232	31.8276	1.34703
53.7198	31.8276	1.33881
53.7187	31.8276	1.33
53.7198	31.8276	1.32119
53.7232	31.8276	1.31297
53.7286	31.8276	1.30592
53.7357	31.8276	1.30051
53.7439	31.8276	1.29711
53.7527	31.8276	1.29595
53.7615	31.8276	1.29711
53.7697	31.8276	1.30051
53.7768	31.8276	1.30592
53.7822	31.8276	1.31297
53.7856	31.8276	1.32119
53.7565	31.8536	1.29944
53.7565	31.8958	1.29449
53.7546	31.8961	1.29424
53.7604	31.8543	1.29984
53.7636	31.8932	1.29624
53.7668	31.8913	1.2975
53.7604	31.8951	1.29498
53.7717	31.864	1.30394
53.773	31.8676	1.30441
53.7742	31.8713	1.30488
53.7669	31.8581	1.30181
53.7527	31.8529	1.29904
53.7636	31.8562	1.30082
53.7741	31.879	1.30356
53.7714	31.8858	1.30069
53.7742	31.8752	1.30422
53.7527	31.8965	1.294
53.745	31.8543	1.29984
53.7489	31.8536	1.29944
53.7418	31.8562	1.30082
53.7312	31.8713	1.30488
53.7508	31.8961	1.29424
53.7451	31.8951	1.29498
53.7337	31.864	1.30394
53.7385	31.8581	1.30181
53.7324	31.8676	1.30441
53.7489	31.8958	1.29449
53.7418	31.8932	1.29624
53.7386	31.8913	1.2975
53.734	31.8858	1.30069
53.7313	31.879	1.30356
53.7313	31.8752	1.30422
53.7527	31.8965	1.28835
53.7471	31.8957	1.28835
53.7418	31.8935	1.28835
53.7373	31.8901	1.28835
53.7338	31.8856	1.28835
53.7316	31.8803	1.28835
53.7309	31.8747	1.28835
53.7527	31.8529	1.28835
53.7316	31.869	1.28835
53.7338	31.8638	1.28835
53.7373	31.8592	1.28835
53.7418	31.8558	1.28835
53.7471	31.8536	1.28835
53.7583	31.8536	1.28835
53.7716	31.8638	1.28835
53.7738	31.869	1.28835
53.7636	31.8558	1.28835
53.7681	31.8592	1.28835
53.7745	31.8747	1.28835
53.7738	31.8803	1.28835
53.7716	31.8856	1.28835
53.7636	31.8935	1.28835
53.7583	31.8957	1.28835
53.7681	31.8901	1.28835
53.7702	31.8572	1.28835
53.7741	31.8623	1.28835
53.7651	31.8532	1.28835
53.7591	31.8508	1.28835
53.7527	31.8499	1.28835
53.7463	31.8508	1.28835
53.7403	31.8532	1.28835
53.7352	31.8572	1.28835
53.7313	31.8623	1.28835
53.7288	31.8683	1.28835
53.728	31.8747	1.28835
53.7288	31.8811	1.28835
53.7313	31.887	1.28835
53.7352	31.8922	1.28835
53.7403	31.8961	1.28835
53.7463	31.8986	1.28835
53.7527	31.8994	1.28835
53.7591	31.8986	1.28835
53.7651	31.8961	1.28835
53.7702	31.8922	1.28835
53.7741	31.887	1.28835
53.7766	31.8811	1.28835
53.7775	31.8747	1.28835
53.7766	31.8683	1.28835
53.7766	31.8683	1.27255
53.7741	31.8623	1.27255
53.7702	31.8572	1.27255
53.7651	31.8532	1.27255
53.7591	31.8508	1.27255
53.7527	31.8499	1.27255
53.7463	31.8508	1.27255
53.7403	31.8532	1.27255
53.7352	31.8572	1.27255
53.7313	31.8623	1.27255
53.7288	31.8683	1.27255
53.728	31.8747	1.27255
53.7288	31.8811	1.27255
53.7313	31.887	1.27255
53.7352	31.8922	1.27255
53.7403	31.8961	1.27255
53.7463	31.8986	1.27255
53.7527	31.8994	1.27255
53.7591	31.8986	1.27255
53.7651	31.8961	1.27255
53.7702	31.8922	1.27255
53.7741	31.887	1.27255
53.7766	31.8811	1.27255
53.7775	31.8747	1.27255

#	Triangle	232
3	1	2	14	15	13
4	1	3	13	15	16
4	0	1	5	0	4	5	23	0	6	23	5	6	22	23	7	22	6	7	21	22	8	21	7	8	20	21	9	20	8	9	19	20	10	19	9	10	18	19	11	18	10	11	17	18	12	17	11	12	16	17	13	16	12
26	24	25	24	27	28	25	30	29	33	32	30	35	34	33	37	36	35	39	38	37	40	39	41	42	41	43	43	45	44	47	46	45	49	48	47	49	51	50	53	52	51	53	55	54	55	56	54	60	59	56	60	65	64	70	69	65	74	73	70	75	74	76	78	77	76	78	80	79	80	28	81
27	24	26	29	26	25	30	31	29	30	32	31	34	32	33	35	36	34	37	38	36	39	40	38	40	41	42	44	42	43	46	44	45	48	46	47	50	48	49	50	51	52	53	54	52	75	73	74	77	75	76	77	78	79	79	80	81	81	28	27
54	56	57	72	70	73
57	56	58	58	56	59	59	60	61	61	60	62	62	60	63	63	60	64	64	65	66	66	65	67	67	65	68	68	65	69	69	70	71	71	70	72
60	9	8	56	9	60
56	10	9	55	10	56
12	53	51	11	53	12
10	53	11	55	53	10
13	51	49	12	51	13
14	49	47	13	49	14
45	16	15	43	16	45
43	17	16	41	17	43
19	39	37	18	39	19
17	39	18	41	39	17
20	37	35	19	37	20
45	14	47	15	14	45
35	21	20	33	21	35
33	22	21	30	22	33
0	25	24	23	25	0
22	25	23	30	25	22
1	24	28	0	24	1
2	28	80	1	28	2
78	4	3	76	4	78
76	5	4	74	5	76
7	70	65	6	70	7
5	70	6	74	70	5
8	65	60	7	65	8
78	2	80	3	2	78
84	82	83	87	83	85	89	90	87	91	92	90	93	94	92	95	96	94	96	97	98	103	104	102	109	110	108	113	110	112	114	113	112	116	117	114	120	117	119	122	123	120	125	126	123	126	128	129	130	131	129	135	133	134
82	85	83	84	86	82	88	87	85	89	87	88	89	91	90	93	92	91	95	94	93	97	96	95	98	97	99	99	101	100	101	103	102	103	105	104	105	107	106	108	107	109	128	130	129	131	130	132	133	132	134	135	134	86
98	99	100	102	100	101	105	106	104	108	106	107	133	131	132	86	84	135
111	110	109	112	110	111	115	114	112	116	114	115	118	117	116	119	117	118	121	120	119	122	120	121	124	123	122	125	123	124	127	126	125	128	126	127
137	159	136	148	149	147
138	159	137	147	149	150
138	158	159	139	158	138	139	157	158	140	157	139	140	156	157	141	156	140	141	155	156	142	155	141	142	154	155	143	154	142	143	153	154	144	153	143	144	152	153	145	152	144	145	151	152	146	151	145	146	150	151	147	150	146
154	114	117	153	114	154
153	113	114	152	113	153
108	151	150	110	151	108
113	151	110	152	151	113
106	150	149	108	150	106
104	149	148	106	149	104
147	100	102	146	100	147
146	98	100	145	98	146
94	144	143	96	144	94
98	144	96	145	144	98
92	143	142	94	143	92
147	104	148	102	104	147
142	90	92	141	90	142
141	87	90	140	87	141
84	139	138	83	139	84
87	139	83	140	139	87
135	138	137	84	138	135
133	137	136	135	137	133
159	129	131	158	129	159
158	126	129	157	126	158
120	156	155	123	156	120
126	156	123	157	156	126
117	155	154	120	155	117
159	133	136	131	133	159
31	85	29
88	85	31
121	119	160
34	89	32
91	89	34
89	31	32
88	31	89
81	132	79
134	132	81
162	66	161
134	27	86
81	27	134
86	26	82
27	26	86
132	77	79
130	77	132
29	82	26
85	82	29
121	163	122
165	164	72
161	67	166
169	167	168	69	67	68	173	169	175	62	59	61	183	180	185	58	59	57	180	190	191	182	188	187	176	186	181	190	180	191	163	170	172	169	173	175	165	166	164	161	176	162
127	167	169
77	130	169
167	127	125
66	162	64
127	169	128
167	125	170
77	169	75
119	171	160
172	170	124
160	163	121
124	122	172
163	172	122
75	173	174
166	67	69
71	164	69	72	164	71
174	73	75
73	174	165
75	169	173
69	164	166
176	64	162
67	161	66
73	165	72
124	170	125
128	169	130
177	118	116
178	119	118
115	179	116
111	109	180
176	181	64
182	59	62
112	183	184
111	180	183
63	186	62
52	180	50
115	112	184
187	59	182
186	182	62
181	186	63
187	188	57
52	189	190
178	118	177
188	189	54
52	54	189
57	59	187
52	190	180
177	116	179
107	180	109
103	48	105
46	48	103
107	48	50
105	48	107
103	44	46
101	44	103
40	99	97
42	99	40
36	95	93
38	95	36
40	95	38
97	95	40
44	99	42
101	99	44
93	34	36
91	34	93
63	64	181
171	119	178
179	115	184
111	183	112
57	188	54
180	107	50
186	192	193
195	188	194
182	193	194
189	195	196
194	188	182
192	186	176
186	193	182
190	189	197
195	189	188
198	180	190
171	178	199
197	189	196
197	198	190
200	180	198
183	185	201
184	202	203
183	201	202
204	177	203
183	202	184
185	180	200
204	178	177
204	199	178
179	203	177	184	203	179
200	201	185
199	205	160
207	168	206
163	205	208
167	209	206
199	160	171
208	170	163
168	207	169
209	167	170
210	173	169
207	210	169
173	210	211
206	168	167
209	170	208
211	212	174
213	166	165
160	205	163
192	176	161
214	192	161
215	174	212
174	215	165
211	174	173
213	214	166
161	166	214
215	213	165
217	206	216	218	216	209	205	219	218	199	220	219	204	221	220	203	222	221	222	202	223	223	201	224	225	224	200	198	226	225	197	227	226	228	227	196	195	229	228	230	229	194	231	230	194	193	232	231	233	232	192	214	234	233	213	235	234	235	215	236	212	237	236	238	237	211	239	238	210	207	217	239
206	209	216	217	207	206	208	218	209	205	218	208	205	199	219	204	220	199	203	221	204	202	222	203	223	202	201	201	200	224	200	198	225	198	197	226	197	196	227	228	196	195	194	229	195	193	231	194	192	232	193	233	192	214	213	234	214	213	215	235	215	212	236	237	212	211	238	211	210	239	210	207
240	262	263	251	252	250
241	262	240	250	252	253
241	261	262	250	253	249
242	261	241	249	253	254
242	260	261	243	260	242	243	259	260	244	259	243	244	258	259	245	258	244	245	257	258	246	257	245	246	256	257	247	256	246	247	255	256	248	255	247	248	254	255	249	254	248
257	231	232	256	231	257
256	230	231	255	230	256
228	254	253	229	254	228
230	254	229	255	254	230
227	253	252	228	253	227
226	252	251	227	252	226
250	224	225	249	224	250
249	223	224	248	223	249
221	247	246	222	247	221
223	247	222	248	247	223
220	246	245	221	246	220
250	226	251	225	226	250
245	219	220	244	219	245
244	218	219	243	218	244
217	242	241	216	242	217
218	242	216	243	242	218
239	241	240	217	241	239
238	240	263	239	240	238
262	236	237	261	236	262
261	235	236	260	235	261
233	257	232	258	257	233
235	259	234	260	259	235
234	258	233	259	258	234
262	238	263	237	238	262

#	Normal	232
-0	3.05708e-005	-0
-0	8.96912e-005	-0
-0	1	-0
0	-5.28053e-005	0
-0	-4.65866e-005	0
-0	-2.3322e-005	-0
-0	-1.16482e-005	-0
-0.130509	0	-0.991447
-0.382758	0	-0.923848
-0.793262	-0	-0.60888
-0.608802	-0	-0.793322
-0.923902	-0	-0.382629
-0.991459	-0	-0.130416
-0.923902	-0	0.382629
-0.793262	-0	0.60888
-0.382758	-0	0.923848
-0.608802	-0	0.793322
-0.130509	-0	0.991447
-0.991459	-0	0.130416
0.130509	-0	0.991447
0.382758	-0	0.923848
0.793436	0	0.608654
0.608629	0	0.793455
0.923902	0	0.382629
0.991459	0	0.130416
0.923902	-0	-0.382629
0.793436	-0	-0.608654
0.382758	-0	-0.923848
0.608629	-0	-0.793455
0.130509	-0	-0.991447
0.991459	-0	-0.130416
0	3.34739e-005	0
0	2.9758e-005	-0
-0	3.35015e-005	0
0	1.48775e-005	-0
-0	-2.04483e-005	-0
-0	-5.9968e-005	-0
-0	-1	-0
-0.130536	0	-0.991444
-0.382734	0	-0.923858
-0.79341	-0	-0.608688
-0.608611	-0	-0.793468
-0.923851	-0	-0.382751
-0.991446	-0	-0.130519
-0.923851	-0	0.382751
-0.79341	-0	0.608688
-0.382734	-0	0.923858
-0.608611	-0	0.793468
-0.130536	-0	0.991444
-0.991446	-0	0.130519
0.130536	-0	0.991444
0.382734	-0	0.923858
0.79341	0	0.608688
0.608611	0	0.793468
0.923851	0	0.382751
0.991446	0	0.130519
0.923851	-0	-0.382751
0.79341	-0	-0.608688
0.382734	-0	-0.923858
0.608611	-0	-0.793468
0.130536	-0	-0.991444
0.991446	-0	-0.130519
0.604687	-0.113965	0.788268
0.604754	-0.113952	0.788218
3.52412e-006	-3.19534e-006	-2.67639e-005
0.129671	-0.113955	0.984987
0.129697	-0.113951	0.984984
0.380199	-0.11396	0.917857
0.380138	-0.11395	0.917884
0.984966	-0.113934	-0.129847
0.984979	-0.11395	-0.129739
1.43806e-006	-1.4113e-006	-1.31298e-005
0.984981	-0.113932	0.12974
0.984965	-0.113949	0.129847
0.917973	-0.113943	0.379925
0.917987	-0.113937	0.379893
0.917987	-0.113937	-0.379893
0.917973	-0.113943	-0.379925
0.788208	-0.113948	0.604768
0.788106	-0.113973	0.604896
3.88348e-006	-3.60791e-006	-2.94931e-005
1.24197e-005	-3.58936e-006	-3.69365e-005
3.09494e-006	-2.80247e-006	-2.79397e-005
-8.38139e-019	3.02624e-018	-2.15943e-017
3.26955e-005	-6.45043e-006	-3.84911e-005
0.764469	-0.113297	-0.634626
4.14495e-005	-8.8632e-006	-5.40227e-005
2.12573e-006	-1.76043e-006	-1.61505e-005
5.91174e-005	-1.20668e-005	-7.70537e-005
3.60372e-005	-7.59898e-006	-6.0044e-005
0.786931	-0.1272	-0.603788
2.94592e-006	-2.72524e-006	-2.35625e-005
1.21632e-005	-4.26907e-006	-3.19648e-005
3.30588e-006	-3.1366e-006	-2.62575e-005
1.43072e-005	-4.54769e-006	-3.45461e-005
9.23871e-006	-2.92513e-006	-2.49461e-005
0.600263	-0.10131	-0.79336
4.9024e-006	-3.44606e-006	-3.72235e-005
8.91136e-006	-2.62099e-006	-2.15039e-005
0.605332	-0.104303	-0.789109
4.05412e-005	-1.06087e-005	-7.74489e-005
3.4896e-005	-6.004e-006	-4.01033e-005
8.97079e-006	-3.88686e-006	-2.86122e-005
1.33031e-006	-1.4269e-006	-1.2333e-005
2.23371e-006	-1.74911e-006	-1.69776e-005
2.12682e-005	-4.94672e-006	-5.13221e-005
1.72317e-005	-5.89146e-006	-4.16079e-005
0.789541	-0.0969112	-0.605997
-3.88348e-006	-3.60791e-006	-2.94931e-005
-3.52412e-006	-3.19332e-006	-2.67639e-005
-1.43072e-005	-4.54179e-006	-3.45461e-005
-5.91174e-005	-1.20668e-005	-7.70537e-005
-1.33031e-006	-1.4269e-006	-1.2333e-005
-4.9024e-006	-3.44793e-006	-3.7254e-005
-3.60372e-005	-7.59898e-006	-6.0044e-005
-3.26955e-005	-6.45043e-006	-3.84911e-005
-2.23371e-006	-1.74549e-006	-1.69497e-005
-0.786748	-0.127084	-0.604051
-1.72317e-005	-5.89146e-006	-4.16079e-005
-8.97079e-006	-3.88686e-006	-2.86122e-005
-3.09494e-006	-2.80054e-006	-2.7937e-005
-1.43806e-006	-1.4113e-006	-1.31298e-005
-1.24197e-005	-3.58443e-006	-3.69292e-005
-0.600634	-0.101388	-0.79307
-3.30588e-006	-3.13827e-006	-2.62869e-005
-4.05412e-005	-1.06087e-005	-7.74489e-005
-0.60553	-0.104277	-0.788962
-1.78227e-005	-5.24198e-006	-4.30078e-005
-3.4896e-005	-6.00223e-006	-4.01965e-005
-9.23871e-006	-2.92145e-006	-2.49167e-005
-0.789782	-0.096866	-0.60569
-0.984981	-0.113932	-0.12974
-0.984965	-0.113949	-0.129847
-0.917979	-0.114005	-0.37989
-0.9178	-0.11393	-0.380345
-0.984965	-0.113949	0.129847
-0.984981	-0.113932	0.12974
-0.788349	-0.113913	0.604591
-0.788008	-0.113998	0.605019
-0.380138	-0.113961	0.917883
-0.380199	-0.113951	0.917858
-0.604883	-0.113949	0.788119
-0.604756	-0.113924	0.78822
-0.917979	-0.114005	0.37989
-0.9178	-0.11393	0.380345
-0.129671	-0.113955	0.984987
-0.129697	-0.113951	0.984984
-2.12573e-006	-1.76043e-006	-1.61505e-005
-2.94592e-006	-2.72246e-006	-2.35386e-005
-1.21632e-005	-4.27096e-006	-3.20093e-005
-4.14495e-005	-8.8632e-006	-5.40227e-005
-2.12682e-005	-4.9441e-006	-5.13673e-005
-0.764561	-0.113353	-0.634506
-4.55595e-006	3.46253e-005	1.07269e-006
-3.17144e-005	4.13324e-005	-9.263e-007
-1.44421e-005	3.48683e-005	-9.83658e-007
-5.57039e-005	4.27417e-005	-2.36305e-007
-2.87737e-005	5.07311e-005	2.37248e-006
-3.91437e-006	2.15897e-005	-0
-4.2803e-006	2.43709e-005	1.07269e-006
-0.930441	0.366231	0.0124544
-5.40278e-005	4.68496e-005	1.61977e-006
-0.999385	0.0279025	0.0212408
-7.4326e-006	-4.09628e-005	-0
-6.48594e-005	2.68882e-005	2.57339e-007
-8.58241e-005	1.12887e-005	-7.31461e-007
-9.32122e-005	-1.22648e-005	-1.02892e-006
-5.72255e-005	-1.98031e-005	-1.74576e-007
-4.66235e-005	-6.0763e-005	-8.75549e-007
-7.04155e-005	-5.40299e-005	1.67854e-007
-2.50176e-005	-6.04013e-005	-9.95384e-007
-0.769999	-0.637843	0.0160589
-5.96741e-005	-2.08182e-005	1.14198e-006
-7.75051e-006	-4.32577e-005	1.08126e-006
-8.22993e-006	-6.25475e-005	1.07791e-006
-2.37161e-005	-4.06944e-005	1.25868e-006
-8.44376e-005	-3.50046e-005	1.1389e-006
8.22993e-006	-6.25475e-005	1.07501e-006
8.44376e-005	-3.50046e-005	1.1389e-006
2.50176e-005	-6.04013e-005	-9.95384e-007
7.04155e-005	-5.40299e-005	1.67854e-007
7.4326e-006	-4.10045e-005	-0
4.74546e-005	-8.14337e-005	2.51771e-006
5.96741e-005	-2.08182e-005	1.14198e-006
0.769999	-0.637843	0.0160589
0.999402	0.027379	0.0211351
9.32122e-005	-1.22648e-005	-1.02892e-006
8.58241e-005	1.12887e-005	-7.53502e-007
5.72255e-005	-1.98031e-005	-1.74576e-007
4.66235e-005	-6.0763e-005	-8.75549e-007
6.48594e-005	2.68882e-005	2.57339e-007
2.87737e-005	5.07311e-005	2.37248e-006
7.75051e-006	-4.32128e-005	1.07872e-006
3.91437e-006	2.15897e-005	-0
4.55595e-006	3.46253e-005	1.07269e-006
5.57039e-005	4.27417e-005	-2.36305e-007
5.40278e-005	4.68496e-005	1.61977e-006
0.93029	0.36662	0.0122509
1.44421e-005	3.48683e-005	-9.83658e-007
4.2803e-006	2.43709e-005	1.07269e-006
3.17144e-005	4.13324e-005	-9.263e-007
0	-0	1.8901e-005
0	-0	1.66468e-005
-0	0	-1.08089e-005
-0	-0	-3.16761e-005
-0	0	-6.11982e-005
-0	-0	-9.73564e-005
-0	0	-1
-0.130282	0.991477	-0
-0.382726	0.923862	-0
-0.793387	0.608717	-0
-0.608863	0.793275	-0
-0.923862	0.382726	-0
-0.991438	0.13058	-0
-0.923906	-0.382619	0
-0.793275	-0.608863	0
-0.382726	-0.923862	-0
-0.608863	-0.793275	-0
-0.13058	-0.991438	-0
-0.991433	-0.130619	0
0.13058	-0.991438	-0
0.382726	-0.923862	-0
0.793275	-0.608863	-0
0.608863	-0.793275	-0
0.923906	-0.382619	-0
0.991433	-0.130619	-0
0.923862	0.382726	-0
0.793387	0.608717	-0
0.130282	0.991477	0
0.608863	0.793275	0
0.382726	0.923862	0
0.991438	0.13058	-0

#	Mesh	0	End

