#	Mesh	0	Begin

#	Vertex	72
47.7451	55.4101	2.31286
47.7451	55.3959	2.30906
47.7451	55.3826	2.30287
47.7451	55.3706	2.29445
47.7451	55.3602	2.28408
47.7451	55.3518	2.27207
47.7451	55.3456	2.25878
47.7451	55.3418	2.24461
47.7451	55.3405	2.23
47.7451	55.3418	2.21539
47.7451	55.3456	2.20122
47.7451	55.3518	2.18793
47.7451	55.3602	2.17592
47.7451	55.3706	2.16555
47.7451	55.3826	2.15713
47.7451	55.3959	2.15094
47.7451	55.4101	2.14714
47.7451	55.4247	2.14586
47.7451	55.4393	2.14714
47.7451	55.4534	2.15094
47.7451	55.4667	2.15713
47.7451	55.4787	2.16555
47.7451	55.4891	2.17592
47.7451	55.4975	2.18793
47.7451	55.5037	2.20122
47.7451	55.5075	2.21539
47.7451	55.5088	2.23
47.7451	55.5075	2.24461
47.7451	55.5037	2.25878
47.7451	55.4975	2.27207
47.7451	55.4891	2.28408
47.7451	55.4787	2.29445
47.7451	55.4667	2.30287
47.7451	55.4534	2.30906
47.7451	55.4393	2.31286
47.7451	55.4247	2.31414
52.5167	55.4101	2.31286
52.5167	55.3959	2.30906
52.5167	55.3826	2.30287
52.5167	55.3706	2.29445
52.5167	55.3602	2.28408
52.5167	55.3518	2.27207
52.5167	55.3456	2.25878
52.5167	55.3418	2.24461
52.5167	55.3405	2.23
52.5167	55.3418	2.21539
52.5167	55.3456	2.20122
52.5167	55.3518	2.18793
52.5167	55.3602	2.17592
52.5167	55.3706	2.16555
52.5167	55.3826	2.15713
52.5167	55.3959	2.15094
52.5167	55.4101	2.14714
52.5167	55.4247	2.14586
52.5167	55.4393	2.14714
52.5167	55.4534	2.15094
52.5167	55.4667	2.15713
52.5167	55.4787	2.16555
52.5167	55.4891	2.17592
52.5167	55.4975	2.18793
52.5167	55.5037	2.20122
52.5167	55.5075	2.21539
52.5167	55.5088	2.23
52.5167	55.5075	2.24461
52.5167	55.5037	2.25878
52.5167	55.4975	2.27207
52.5167	55.4891	2.28408
52.5167	55.4787	2.29445
52.5167	55.4667	2.30287
52.5167	55.4534	2.30906
52.5167	55.4393	2.31286
52.5167	55.4247	2.31414

#	Triangle	40
35	36	71	0	36	35
0	37	36	1	37	0
1	38	37	2	38	1
2	39	38	3	39	2
3	40	39	4	40	3
4	41	40	5	41	4
5	42	41	6	42	5
6	43	42	7	43	6
7	44	43	8	44	7
8	45	44	9	45	8
9	46	45	10	46	9
10	47	46	11	47	10
11	48	47	12	48	11
12	49	48	13	49	12
13	50	49	14	50	13
14	51	50	15	51	14
15	52	51	16	52	15
16	53	52	17	53	16
17	54	53	18	54	17
18	55	54	19	55	18
19	56	55	20	56	19
20	57	56	21	57	20
21	58	57	22	58	21
22	59	58	23	59	22
23	60	59	24	60	23
24	61	60	25	61	24
25	62	61	26	62	25
26	63	62	27	63	26
27	64	63	28	64	27
28	65	64	29	65	28
29	66	65	30	66	29
30	67	66	31	67	30
31	68	67	32	68	31
32	69	68	33	69	32
33	70	69	34	70	33
34	71	70	35	71	34
7	9	8	26	25	27
6	9	7	6	10	9	5	10	6	5	11	10	4	11	5	4	12	11	3	12	4	3	13	12	2	13	3	2	14	13	1	14	2	1	15	14	0	15	1	0	16	15	35	16	0	35	17	16	34	17	35	34	18	17	33	18	34	33	19	18	32	19	33	32	20	19	31	20	32	31	21	20	30	21	31	30	22	21	29	22	30	29	23	22	28	23	29	28	24	23	27	24	28	27	25	24
45	43	44	62	63	61
46	43	45	46	42	43	47	42	46	47	41	42	48	41	47	48	40	41	49	40	48	49	39	40	50	39	49	50	38	39	51	38	50	51	37	38	52	37	51	52	36	37	53	36	52	53	71	36	54	71	53	54	70	71	55	70	54	55	69	70	56	69	55	56	68	69	57	68	56	57	67	68	58	67	57	58	66	67	59	66	58	59	65	66	60	65	59	60	64	65	61	64	60	61	63	64

#	Normal	40
-0	-0.0871504	0.996195
-0	-0.258794	0.965933
-0	-0.4227	0.90627
-0	-0.573516	0.819194
-0	-0.70709	0.707123
-0	-0.819213	0.573489
-0	-0.906283	0.422671
-0	-0.965908	0.258885
-0	-0.9962	0.0870951
0	-0.9962	-0.0870951
0	-0.965908	-0.258885
0	-0.906283	-0.422671
0	-0.819213	-0.573489
0	-0.70709	-0.707123
0	-0.573516	-0.819194
0	-0.4227	-0.90627
0	-0.258794	-0.965933
0	-0.0871504	-0.996195
-0	0.0871504	-0.996195
-0	0.258794	-0.965933
-0	0.422597	-0.906317
-0	0.573641	-0.819107
-0	0.70709	-0.707123
-0	0.819088	-0.573668
-0	0.906385	-0.422453
-0	0.965908	-0.258885
-0	0.9962	-0.0870951
-0	0.9962	0.0870951
-0	0.965908	0.258885
-0	0.906385	0.422453
-0	0.819088	0.573668
-0	0.70709	0.707123
-0	0.573641	0.819107
-0	0.422597	0.906317
-0	0.258794	0.965933
-0	0.0871504	0.996195
-3.73249e-005	-0	-0
-1	-0	-0
3.73249e-005	-0	-0
1	-0	-0

#	Mesh	0	End

