ALLCOMPONENTSTART 1
COMPONENT 1 1704537=IfcWall
#	Mesh	0	Begin

#	Vertex	16
65.9298	109.224	4.93
65.9298	109.224	-2.26095
66.6172	100.733	-2.26095
66.6172	100.733	2.73
66.6172	100.733	2.73905
66.3589	103.924	2.73905
66.3589	103.924	4.93
66.1135	109.433	-2.26095
66.1135	109.433	4.93
66.5582	103.94	4.93
66.5582	103.94	2.73905
66.8166	100.749	2.73905
66.8166	100.749	-2.26095
66.1104	109.239	-2.26095
66.1104	109.239	4.93
66.1104	109.239	4.923

#	Triangle	12
3	1	2	5	0	1	6	0	5
3	5	1	4	5	3
8	12	7
8	10	12
10	11	12
8	9	10
12	13	7	12	1	13	12	2	1
10	4	11	5	4	10	14	9	8	6	14	0	6	9	14
9	5	10	6	5	9
11	2	12	11	3	2	11	4	3
0	13	1	0	15	13	0	14	15
15	7	13	15	8	7	14	8	15

#	Normal	12
-0.996738	-0.0807025	-0
-0.996738	-0.0807023	3.5396e-007
0.996738	0.080703	0
0.996738	0.080701	2.3774e-006
0.996738	0.0807047	-0
0.996738	0.080702	-0
-0	-0	-1
-0	0	1
0.0807047	-0.996738	-0
0.0807015	-0.996738	-0
-0.0807151	0.996737	-0
-0.999871	0.0160693	-0

#	Mesh	0	End


COMPONENTFINISH

COMPONENT 1 2386336=IfcWall
#	Mesh	0	Begin

#	Vertex	234
84.4287	113.883	-19.1461
84.2763	113.889	-19.1461
84.2763	113.889	-20.2501
86.751	113.805	-18.3372
86.5642	113.811	-18.2462
86.3832	113.818	-18.1441
86.2087	113.823	-18.0312
86.0414	113.829	-17.908
85.8818	113.834	-17.7749
85.7305	113.84	-17.6324
85.588	113.844	-17.481
85.455	113.849	-17.3213
85.3319	113.853	-17.1538
84.4287	113.883	-16.6896
86.943	113.799	-18.4168
87.1394	113.792	-18.4846
87.3396	113.785	-18.5404
87.5427	113.778	-18.5841
87.7482	113.772	-18.6153
87.9551	113.765	-18.6342
88.1628	113.758	-18.6404
91.9268	113.631	-20.2518
88.3705	113.751	-18.6342
88.5774	113.744	-18.6153
88.7828	113.737	-18.5841
88.986	113.73	-18.5404
89.1861	113.723	-18.4846
89.3826	113.716	-18.4168
89.5745	113.71	-18.3372
89.7613	113.704	-18.2462
89.9423	113.698	-18.1441
90.1168	113.692	-18.0312
90.2842	113.686	-17.908
90.4438	113.681	-17.7749
90.5951	113.676	-17.6324
90.7375	113.671	-17.481
90.8705	113.666	-17.3213
90.9937	113.662	-17.1538
91.1065	113.658	-16.9792
91.2086	113.655	-16.7981
91.2995	113.652	-16.6112
91.3791	113.649	-16.4191
91.4468	113.647	-16.2226
91.5026	113.645	-16.0223
91.5463	113.643	-15.8191
91.5775	113.642	-15.6135
91.5963	113.642	-15.4065
91.6026	113.642	-15.1987
91.5963	113.642	-14.9909
91.9268	113.631	5.73
91.5775	113.642	-14.7838
91.5463	113.643	-14.5783
91.5026	113.645	-14.375
91.4468	113.647	-14.1747
91.3791	113.649	-13.9782
91.2995	113.652	-13.7861
91.2086	113.655	-13.5992
91.1065	113.658	-13.4181
90.9937	113.662	-13.2435
90.8705	113.666	-13.0761
90.7375	113.671	-12.9163
90.5951	113.676	-12.765
90.4438	113.681	-12.6225
90.2842	113.686	-12.4894
90.1168	113.692	-12.3661
89.9423	113.698	-12.2533
89.7613	113.704	-12.1511
89.5745	113.71	-12.0601
89.3826	113.716	-11.9805
89.1861	113.723	-11.9127
88.986	113.73	-11.8569
88.7828	113.737	-11.8133
88.5774	113.744	-11.782
88.3705	113.751	-11.7632
88.1628	113.758	-11.7569
84.2763	113.889	5.73
87.9551	113.765	-11.7632
87.7482	113.772	-11.782
84.4304	113.883	-11.549
84.2763	113.889	-11.549
87.5427	113.778	-11.8133
87.3396	113.785	-11.8569
87.1394	113.792	-11.9127
86.943	113.799	-11.9805
86.751	113.805	-12.0601
86.5642	113.811	-12.1511
86.3832	113.818	-12.2533
86.2087	113.823	-12.3661
86.0414	113.829	-12.4894
85.8818	113.834	-12.6225
85.7305	113.84	-12.765
85.588	113.844	-12.9163
85.455	113.849	-13.0761
85.3319	113.853	-13.2435
85.219	113.857	-13.4181
85.117	113.86	-13.5992
85.026	113.863	-13.7861
84.9465	113.866	-13.9782
84.8787	113.868	-14.1747
84.8229	113.87	-14.375
84.7793	113.872	-14.5783
84.748	113.873	-14.7838
84.7292	113.873	-14.9909
84.4304	113.883	-16.5819
85.026	113.863	-16.6112
84.2763	113.889	-16.5819
84.9465	113.866	-16.4191
84.8787	113.868	-16.2226
84.8229	113.87	-16.0223
84.7793	113.872	-15.8191
84.748	113.873	-15.6135
84.7292	113.873	-15.4065
84.723	113.874	-15.1987
84.2763	113.889	-16.6896
85.219	113.857	-16.9792
85.117	113.86	-16.7981
91.8537	114.534	-20.25
91.024	114.562	-17.1538
91.1368	114.558	-16.9792
91.2389	114.554	-16.7981
90.9009	114.566	-17.3213
90.7679	114.57	-17.481
90.6254	114.575	-17.6324
90.4741	114.58	-17.7749
91.3299	114.551	-16.6112
91.4094	114.549	-16.4191
91.4772	114.546	-16.2226
91.533	114.544	-16.0223
91.5766	114.543	-15.8191
91.6079	114.542	-15.6135
91.6267	114.541	-15.4065
90.3145	114.586	-17.908
90.1471	114.591	-18.0312
89.9727	114.597	-18.1441
89.7917	114.603	-18.2462
89.6049	114.609	-18.3372
89.4129	114.616	-18.4168
91.8537	114.534	-20.2518
91.6329	114.541	-15.1987
91.6267	114.541	-14.9909
91.8537	114.534	5.73
89.2165	114.623	-18.4846
89.0163	114.629	-18.5404
88.8132	114.636	-18.5841
88.6077	114.643	-18.6153
88.4008	114.65	-18.6342
88.1931	114.657	-18.6404
84.3066	114.788	-20.2501
87.9854	114.664	-18.6342
87.7785	114.671	-18.6153
87.5731	114.678	-18.5841
87.3699	114.685	-18.5404
87.1698	114.692	-18.4846
86.9733	114.698	-18.4168
86.7814	114.705	-18.3372
86.5945	114.711	-18.2462
84.3555	114.786	-19.1461
84.3066	114.788	-19.1461
86.4136	114.717	-18.1441
86.2391	114.723	-18.0312
84.3555	114.786	-19.1442
86.0717	114.729	-17.908
85.9121	114.734	-17.7749
85.7608	114.739	-17.6324
85.6184	114.744	-17.481
85.4853	114.748	-17.3213
85.3622	114.753	-17.1538
84.3555	114.786	-16.6896
85.2494	114.756	-16.9792
85.1473	114.76	-16.7981
85.0563	114.763	-16.6112
84.9768	114.766	-16.4191
84.3572	114.786	-16.5819
84.3066	114.788	-16.5819
84.3066	114.788	-16.6896
84.909	114.768	-16.2226
84.8532	114.77	-16.0223
84.8096	114.771	-15.8191
84.7784	114.772	-15.6135
84.7596	114.773	-15.4065
84.7533	114.773	-15.1987
84.7596	114.773	-14.9909
84.7784	114.772	-14.7838
84.3572	114.786	-11.549
84.8096	114.771	-14.5783
84.8532	114.77	-14.375
84.909	114.768	-14.1747
84.9768	114.766	-13.9782
85.0563	114.763	-13.7861
85.1473	114.76	-13.5992
85.2494	114.756	-13.4181
85.3622	114.753	-13.2435
85.4853	114.748	-13.0761
85.6184	114.744	-12.9163
85.7608	114.739	-12.765
85.9121	114.734	-12.6225
86.0717	114.729	-12.4894
86.2391	114.723	-12.3661
86.4136	114.717	-12.2533
86.5945	114.711	-12.1511
86.7814	114.705	-12.0601
86.9733	114.698	-11.9805
87.1698	114.692	-11.9127
87.3699	114.685	-11.8569
87.5731	114.678	-11.8133
87.7785	114.671	-11.782
84.3066	114.788	5.73
84.3066	114.788	-11.549
88.1931	114.657	-11.7569
87.9854	114.664	-11.7632
91.6079	114.542	-14.7838
91.5766	114.543	-14.5783
91.533	114.544	-14.375
91.4772	114.546	-14.1747
91.4094	114.549	-13.9782
91.3299	114.551	-13.7861
91.2389	114.554	-13.5992
91.1368	114.558	-13.4181
91.024	114.562	-13.2435
90.9009	114.566	-13.0761
90.7679	114.57	-12.9163
90.6254	114.575	-12.765
90.4741	114.58	-12.6225
90.3145	114.586	-12.4894
90.1471	114.591	-12.3661
89.9727	114.597	-12.2533
89.7917	114.603	-12.1511
89.6049	114.609	-12.0601
89.4129	114.616	-11.9805
89.2165	114.623	-11.9127
89.0163	114.629	-11.8569
88.8132	114.636	-11.8133
88.6077	114.643	-11.782
88.4008	114.65	-11.7632

#	Triangle	382
2	0	1	105	113	13
3	0	2
0	3	4
0	4	5
0	5	6
0	6	7
0	7	8
0	8	9
9	10	0
0	10	11
0	11	12
13	0	12	21	38	37	58	57	49	49	70	69	13	12	114
14	3	2
2	15	14
2	16	15	71	70	49	78	77	75	78	75	79	78	82	81
2	17	16
17	2	18
19	18	2
20	19	2
2	21	20
22	20	21
21	23	22
24	23	21
21	25	24	26	25	21
21	27	26
21	28	27
29	28	21
21	30	29
31	30	21
21	32	31
21	33	32
21	34	33
21	35	34
35	21	36
37	36	21
38	21	39	21	40	39
41	40	21
21	42	41
43	42	21
21	44	43
45	44	21
21	46	45
46	21	47
48	47	21
48	21	49
50	48	49
49	51	50
49	52	51
49	53	52
49	54	53
49	55	54
49	56	55
56	49	57
49	59	58
60	59	49
49	61	60
62	61	49
49	63	62	75	74	49	78	89	88
64	63	49
49	65	64	49	66	65
49	67	66
49	68	67
69	68	49
49	72	71
49	73	72
49	74	73
76	74	75
76	75	77
78	80	77
78	81	80
78	83	82
78	84	83
78	85	84
78	86	85
78	87	86
78	88	87
78	90	89
78	91	90
78	92	91
78	93	92
94	93	78
95	94	78
96	95	78
97	96	78
78	98	97
99	98	78
100	99	78
101	100	78
101	78	102
78	103	102
104	103	13
13	103	105
106	103	104
103	106	107
103	107	108
109	103	108
110	103	109
103	110	111
111	112	103
103	112	102
115	13	114
115	104	13
118	116	117
119	116	118
116	120	117
116	121	120
116	122	121
116	123	122
116	119	124
116	124	125
116	125	126
126	127	116
116	127	128
116	128	129
130	116	129
116	131	123	136	116	137	137	142	141	137	147	146	182	172	183	190	183	191	206	205	183	140	208	206	140	222	223	140	229	230
116	132	131
116	133	132
134	133	116
116	135	134
116	136	135
116	130	138
138	139	116
116	139	140	140	221	222
137	141	136
137	143	142
137	144	143
145	144	137
137	146	145
146	147	148
147	149	148
147	150	149
147	151	150
147	152	151
153	152	147
147	154	153
155	154	147
156	155	147
147	157	156	174	173	167
156	158	155
159	158	156
160	159	156
160	161	159
160	162	161
163	162	160
160	164	163
165	164	160
160	166	165
167	166	160
168	166	167
168	167	169
167	170	169
167	171	170
167	172	171
172	167	173
175	171	172
172	176	175
176	172	177
172	178	177
172	179	178
179	172	180
172	181	180
181	172	182
182	183	184
185	184	183
185	183	186
186	183	187
183	188	187
188	183	189
183	190	189
183	192	191
193	192	183
183	194	193
183	195	194
183	196	195
183	197	196
198	197	183
183	199	198
200	199	183
183	201	200
183	202	201
183	203	202
204	203	183
183	205	204
207	206	183
209	206	208
209	205	206
140	139	210
140	210	211
140	211	212
140	212	213
213	214	140
140	214	215
215	216	140
217	140	216
140	217	218
140	218	219
140	219	220
221	140	220
140	223	224
140	224	225
140	225	226
140	226	227
140	227	228
140	228	229
140	230	231
140	231	232
140	232	233
140	233	208
137	2	147
21	2	137
206	49	140	75	49	206	156	1	0	157	1	156	172	105	103	173	105	172
39	124	119	40	124	39
39	118	38
119	118	39
36	117	120
37	117	36
117	38	118	37	38	117
35	120	121
36	120	35
129	46	130	45	46	129
44	129	128	45	129	44
42	125	41	126	125	42
126	43	127
42	43	126
127	44	128
43	44	127
40	125	124	41	125	40
122	35	121	34	35	122
141	27	136	26	27	141
25	141	142
26	141	25
144	24	143	23	24	144
25	143	24
142	143	25
145	23	144	22	23	145
131	33	123	32	33	131
132	32	131
31	32	132
28	134	135
29	134	28
30	134	29
133	134	30
31	133	30
132	133	31
136	28	135	27	28	136
123	34	122
33	34	123
146	22	145
20	22	146
46	138	130
47	138	46
3	155	4
154	155	3
4	158	5	155	158	4
7	159	161	6	159	7
6	158	159
5	158	6
8	161	162
7	161	8
149	19	148
18	19	149
17	149	150	18	149	17
15	153	14	152	153	15
152	16	151
15	16	152
151	17	150	16	17	151
3	153	154	14	153	3
163	8	162	9	8	163
107	171	175
106	171	107
108	175	176
107	175	108
178	109	177	110	109	178
177	108	176	109	108	177
179	110	178
111	110	179
165	10	164
11	10	165
166	11	165
12	11	166
104	169	170
115	169	104
114	169	115
168	169	114
12	168	114
166	168	12
171	104	170
106	104	171
164	9	163
10	9	164
180	111	179
112	111	180
20	148	19
146	148	20
181	112	180
102	112	181
92	191	192
93	191	92
94	191	93
190	191	94
91	192	193
92	192	91
184	101	182	100	101	184
181	101	102
182	101	181
189	96	188
95	96	189
188	97	187
96	97	188
190	95	189
94	95	190
194	91	193	90	91	194
184	99	100	185	99	184
202	83	201	82	83	202
81	202	203
82	202	81
205	80	204	77	80	205
81	204	80	203	204	81
209	77	205
76	77	209
196	89	195
88	89	196
197	88	196	87	88	197
84	199	200
85	199	84
86	199	85	198	199	86
87	198	86
197	198	87
201	84	200	83	84	201
195	90	194	89	90	195
208	76	209
74	76	208
186	99	185
98	99	186
97	186	187
98	186	97
66	227	226
67	227	66
66	225	65
226	225	66
63	224	223
64	224	63
224	65	225
64	65	224
62	223	222	63	223	62
232	73	233	72	73	232
71	232	231	72	232	71
69	228	68	229	228	69
229	70	230
69	70	229
230	71	231
70	71	230
67	228	227	68	228	67
221	62	222
61	62	221
213	54	214	53	54	213
52	213	212
53	213	52
210	51	211	50	51	210
52	211	51
212	211	52
139	50	210	48	50	139
219	60	220
59	60	219
218	59	219
58	59	218
55	216	215	56	216	55
57	216	56
217	216	57
58	217	57	218	217	58
214	55	215	54	55	214
220	61	221	60	61	220
138	48	139
47	48	138
74	233	73
208	233	74
147	1	157	2	1	147	174	105	173	113	105	174	207	75	206	79	75	207
13	156	0	13	160	156	13	167	160
183	103	78	172	103	183
174	13	113	167	13	174	207	78	79	183	78	207
137	49	21	116	49	137	140	49	116

#	Normal	382
-0.0337244	-0.999431	0
-0.0337041	-0.999432	-2.80449e-006
-0.0337147	-0.999431	2.76368e-005
-0.0336992	-0.999432	-9.13581e-006
-0.0336999	-0.999432	-7.88048e-006
-0.0337169	-0.999431	1.9371e-005
-0.033703	-0.999432	1.2874e-006
-0.0337008	-0.999432	-1.1053e-006
-0.033681	-0.999433	-1.81729e-005
-0.0337297	-0.999431	1.58151e-005
-0.0336822	-0.999433	-1.09249e-005
-0.0337063	-0.999432	-0
-0.0336877	-0.999432	-2.40157e-005
-0.0337076	-0.999432	4.89018e-006
-0.0337045	-0.999432	-6.98888e-008
-0.0337059	-0.999432	2.41648e-006
-0.0337124	-0.999432	1.52459e-005
-0.0336971	-0.999432	-1.73876e-005
-0.0337206	-0.999431	3.60935e-005
-0.033704	-0.999432	-3.85779e-006
-0.0336865	-0.999432	3.7173e-005
-0.0336968	-0.999432	1.44192e-005
-0.0337122	-0.999432	-1.70273e-005
-0.0337046	-0.999432	-2.66073e-006
-0.033707	-0.999432	-6.52589e-006
-0.0337125	-0.999432	-1.41937e-005
-0.0336919	-0.999432	1.12354e-005
-0.0336972	-0.999432	5.50099e-006
-0.0336979	-0.999432	4.8249e-006
-0.0337209	-0.999431	-1.39507e-005
-0.033703	-0.999432	-1.37383e-006
-0.033699	-0.999432	1.02307e-006
-0.033711	-0.999432	-5.10467e-006
-0.0336944	-0.999432	2.01208e-006
-0.0336781	-0.999433	7.90184e-006
-0.0337237	-0.999431	-4.9517e-006
-0.0336851	-0.999432	1.68833e-006
-0.0337359	-0.999431	-5.58324e-006
-0.0336162	-0.999435	8.69018e-006
-0.0337959	-0.999429	-9.35063e-006
-0.0337043	-0.999432	-1.47453e-006
-0.0336563	-0.999433	2.13953e-006
-0.0336494	-0.999434	2.61064e-006
-0.0338031	-0.999429	-7.26077e-006
-0.0336877	-0.999432	-0
-0.033641	-0.999434	-7.45191e-007
-0.033711	-0.999432	4.48282e-007
-0.0338272	-0.999428	2.62822e-006
-0.0335934	-0.999436	-2.31123e-006
-0.033748	-0.99943	1.4212e-006
-0.033682	-0.999433	-4.13899e-007
-0.0337325	-0.999431	1.2103e-006
-0.0337305	-0.999431	1.13627e-006
-0.0336697	-0.999433	-1.70467e-006
-0.0336925	-0.999432	-4.20849e-007
-0.0337153	-0.999431	1.0345e-006
-0.0336982	-0.999432	-2.00671e-007
-0.0337039	-0.999432	2.60447e-007
-0.0337293	-0.999431	2.55139e-006
-0.0336953	-0.999432	-8.4932e-007
-0.0336873	-0.999432	-1.81594e-006
-0.0337175	-0.999431	2.18561e-006
-0.0337089	-0.999432	9.52608e-007
-0.0337144	-0.999432	2.02807e-006
-0.0336957	-0.999432	-1.57089e-006
-0.0336855	-0.999432	-3.64363e-006
-0.0337215	-0.999431	-3.54108e-006
-0.0336957	-0.999432	1.90226e-006
-0.0337083	-0.999432	-4.25708e-005
-0.0337052	-0.999432	-5.84303e-006
-0.0337059	-0.999432	-9.82156e-006
-0.0336964	-0.999432	4.50971e-005
-0.0337131	-0.999432	-3.0805e-005
-0.033701	-0.999432	1.2303e-005
-0.0337016	-0.999432	1.05986e-005
-0.033716	-0.999431	-2.06578e-005
-0.0337021	-0.999432	2.47082e-006
-0.0336844	-0.999433	2.13988e-005
-0.033729	-0.999431	-1.64155e-005
-0.0336851	-0.999432	1.30563e-005
-0.033708	-0.999432	8.86076e-007
-0.0337229	-0.999431	-5.42343e-006
-0.0336727	-0.999433	1.14185e-005
-0.0337542	-0.99943	-1.03162e-005
-0.0336632	-0.999433	9.04159e-006
-0.0337215	-0.999431	-9.28318e-007
-0.0336819	-0.999433	4.57938e-006
-0.0337173	-0.999431	5.03599e-007
-0.0336793	-0.999433	4.23136e-006
-0.033728	-0.999431	-0
-0.0337141	-0.999432	2.81194e-005
-0.0337047	-0.999432	2.79687e-005
-0.0337142	-0.999432	2.69032e-005
-0.033699	-0.999432	-2.1391e-005
-0.0337177	-0.999431	1.99707e-006
-0.0337021	-0.999432	-8.92304e-006
-0.0337197	-0.999431	-8.76981e-007
-0.033703	-0.999432	-6.37859e-006
-0.0338469	-0.999427	3.02597e-005
-0.0335135	-0.999438	-4.03356e-005
-0.0336994	-0.999432	1.8681e-005
-0.0337068	-0.999432	-2.8031e-005
0.0337047	0.999432	1.20483e-006
0.0336682	0.999433	-6.81498e-006
0.0337226	0.999431	5.99145e-006
0.033694	0.999432	-3.31036e-006
0.0337123	0.999432	3.87068e-006
0.0337011	0.999432	-1.41201e-006
0.0337273	0.999431	3.72908e-006
0.0336863	0.999432	-2.18451e-006
0.0337403	0.999431	4.08227e-006
0.0337178	0.999431	1.977e-006
0.0336687	0.999433	-1.74716e-006
0.0337089	0.999432	7.68519e-007
0.0336555	0.999433	-2.06552e-006
0.0337039	0.999432	1.93741e-007
0.0336897	0.999432	-9.16791e-006
0.033698	0.999432	-2.75347e-006
0.0337241	0.999431	2.05551e-005
0.0336933	0.999432	-1.12294e-005
0.0337133	0.999432	1.23495e-005
0.0336625	0.999433	-1.73947e-006
0.0339195	0.999425	9.50734e-006
0.0336995	0.999432	-0
0.0337076	0.999432	4.77083e-006
0.0336776	0.999433	-4.45459e-005
0.033712	0.999432	1.82354e-005
0.0336966	0.999432	-1.2264e-005
0.0337205	0.999431	3.8706e-005
0.0336866	0.999432	4.12817e-005
0.0337273	0.999431	-5.13811e-005
0.0336832	0.999433	4.22639e-005
0.0337059	0.999432	-2.30525e-006
0.0337054	0.999432	-1.39912e-006
0.0337076	0.999432	-4.89018e-006
0.0337131	0.999432	-1.28957e-005
0.0336929	0.999432	1.32852e-005
0.0337039	0.999432	6.7978e-007
0.0337192	0.999431	-0
0.0337	0.999432	1.0459e-005
0.0337198	0.999431	-3.03889e-005
0.0337019	0.999432	0
0.0336941	0.999432	1.30569e-005
0.033703	0.999432	6.97736e-007
0.0337018	0.999432	2.15113e-006
0.0337103	0.999432	-5.78002e-006
0.0336971	0.999432	4.23646e-006
0.0337185	0.999431	-9.01787e-006
0.0337007	0.999432	0
0.0336991	0.999432	-3.32587e-006
0.0337095	0.999432	2.86644e-005
0.0337037	0.999432	-1.38482e-005
0.0337012	0.999432	8.35546e-006
0.0337149	0.999431	-2.32372e-005
0.0336697	0.999433	-2.25237e-005
0.0337127	0.999432	-1.49266e-005
0.0337057	0.999432	-4.04116e-006
0.0336932	0.999432	7.0033e-006
0.0337068	0.999432	-1.08539e-006
0.0336944	0.999432	4.32826e-006
0.0336954	0.999432	3.99992e-006
0.0337266	0.999431	-4.94408e-006
0.0337408	0.999431	-8.54296e-006
0.0337095	0.999432	6.75642e-007
0.0336788	0.999433	-3.91423e-006
0.0337128	0.999432	2.05278e-006
0.0337359	0.999431	6.92155e-006
0.0336916	0.999432	-4.39213e-006
0.0337217	0.999431	5.03512e-006
0.033679	0.999433	-1.14603e-005
0.0337184	0.999431	9.07058e-006
0.0336987	0.999432	-5.52887e-006
0.0337106	0.999432	5.49096e-006
0.0337029	0.999432	-3.37849e-006
0.033704	0.999432	-1.83158e-006
0.0336963	0.999432	-1.59302e-005
0.0337177	0.999431	3.36025e-005
0.0337016	0.999432	-1.34566e-005
0.0336985	0.999432	-2.49843e-005
0.0337087	0.999432	2.33718e-005
0.0337063	0.999432	8.58843e-006
0.0337054	0.999432	1.53124e-006
0.0337056	0.999432	3.76737e-006
0.0336953	0.999432	-0.000121748
0.0336697	0.999433	-0
0.0336855	0.999432	-4.05009e-006
0.0337314	0.999431	5.62121e-006
0.03364	0.999434	6.53224e-007
0.0337125	0.999432	-2.17144e-007
0.0336628	0.999433	4.62896e-007
0.0337231	0.999431	-5.00284e-007
0.0337492	0.99943	-9.95307e-007
0.0336823	0.999433	5.1552e-007
0.0337332	0.999431	-8.53885e-007
0.0336588	0.999433	1.51604e-006
0.0337062	0.999432	-2.60519e-007
0.033729	0.999431	-1.25912e-006
0.0336909	0.999432	6.75793e-007
0.0337156	0.999431	-7.66932e-007
0.0336842	0.999433	1.64633e-006
0.0336966	0.999432	4.76531e-007
0.0337338	0.999431	-3.41864e-006
0.0336887	0.999432	1.78882e-006
0.0337176	0.999431	-1.87652e-006
0.033709	0.999432	-6.88564e-007
0.0336692	0.999433	5.68149e-006
0.0337144	0.999432	-2.15789e-006
0.0336956	0.999432	1.33031e-006
0.0337215	0.999431	-3.78762e-006
-0.000227737	7.68064e-006	-1
-0.000227906	9.66446e-006	-1
-0	-0	1
-0.898579	0.0303051	0.437764
-0.870516	0.029359	0.491263
-0.870517	0.0293587	0.491262
-0.80499	0.0271488	0.592666
-0.804991	0.0271491	0.592666
-0.839298	0.0283061	0.542935
-0.767751	0.0258862	0.640225
-0.767769	0.0258935	0.640203
-0.995331	0.0335681	0.0905001
-0.988053	0.0333227	0.15047
-0.944761	0.0318627	0.326206
-0.962724	0.0324688	0.26853
-0.962724	0.0324685	0.268529
-0.977172	0.0329558	0.209876
-0.977172	0.032956	0.209878
-0.923356	0.0311407	0.382681
-0.727731	0.0245369	0.685424
-0.326012	0.010995	0.945302
-0.268382	0.00904902	0.96327
-0.268392	0.00905168	0.963267
-0.150383	0.00507179	0.988615
-0.209754	0.00707415	0.977729
-0.209762	0.00707254	0.977727
-0.090446	0.00305038	0.995897
-0.639859	0.0215797	0.768189
-0.592312	0.0199761	0.805461
-0.59233	0.0199717	0.805448
-0.437529	0.0147559	0.899083
-0.437515	0.0147517	0.89909
-0.49098	0.0165544	0.871013
-0.490963	0.0165582	0.871023
-0.542638	0.018301	0.839768
-0.542655	0.0182968	0.839756
-0.382463	0.0128988	0.923881
-0.685037	0.0230973	0.728142
-0.685018	0.0231026	0.72816
-0.0301851	0.00101802	0.999544
-0.0301863	0.00101779	0.999544
-0.998976	0.0336911	0.0301917
-0.998975	0.0336824	0.0302292
0.437514	-0.0147556	0.899091
0.437514	-0.0147555	0.89909
0.49098	-0.0165588	0.871013
0.59233	-0.0199769	0.805448
0.542637	-0.0183008	0.839768
0.542638	-0.018301	0.839768
0.639841	-0.0215737	0.768205
0.639859	-0.0215798	0.768189
0.0904425	-0.00305026	0.995897
0.0904461	-0.00304956	0.995897
0.150383	-0.0050705	0.988615
0.326012	-0.0109951	0.945302
0.268392	-0.00904943	0.963267
0.268382	-0.00905143	0.96327
0.209762	-0.00707259	0.977727
0.382463	-0.0128988	0.923881
0.685037	-0.0230975	0.728142
0.944773	-0.0318631	0.326173
0.944762	-0.0318548	0.326205
0.962715	-0.0324598	0.268565
0.962724	-0.0324685	0.26853
0.988053	-0.0333141	0.15047
0.977173	-0.0329473	0.209876
0.995334	-0.0335596	0.0904629
0.995331	-0.0335681	0.0905001
0.767769	-0.0258868	0.640203
0.76775	-0.0258931	0.640226
0.80499	-0.027149	0.592666
0.804991	-0.0271488	0.592666
0.898564	-0.0302968	0.437795
0.898579	-0.0303054	0.437763
0.870516	-0.029359	0.491263
0.870533	-0.0293517	0.491234
0.839298	-0.0282986	0.542935
0.83928	-0.0283053	0.542962
0.923356	-0.0311327	0.382681
0.923355	-0.031133	0.382682
0.727731	-0.0245371	0.685424
0.727732	-0.0245369	0.685423
0.998975	-0.0336911	0.0302292
0.998976	-0.0336827	0.030193
0.0301851	-0.00101802	0.999544
0.0301863	-0.00101779	0.999544
0.998975	-0.0336827	-0.0302293
0.998976	-0.0336911	-0.0301931
0.804989	-0.027149	-0.592669
0.804989	-0.0271488	-0.592668
0.839299	-0.0283059	-0.542933
0.839282	-0.028298	-0.542959
0.767771	-0.0258869	-0.640201
0.767752	-0.0258931	-0.640224
0.988053	-0.0333141	-0.15047
0.995331	-0.0335681	-0.0904997
0.995334	-0.0335596	-0.0904625
0.898564	-0.0302968	-0.437795
0.898579	-0.0303054	-0.437763
0.923357	-0.031133	-0.382679
0.923356	-0.0311327	-0.38268
0.870533	-0.0293595	-0.491234
0.870517	-0.0293512	-0.491263
0.727727	-0.0245367	-0.685428
0.977173	-0.0329473	-0.209876
0.326012	-0.0109951	-0.945302
0.268387	-0.00904928	-0.963269
0.268378	-0.00905128	-0.963271
0.150378	-0.00507034	-0.988616
0.209762	-0.00707259	-0.977727
0.0904472	-0.0030496	-0.995897
0.0904507	-0.00305053	-0.995896
0.639838	-0.0215736	-0.768207
0.639856	-0.0215797	-0.768191
0.59233	-0.0199769	-0.805448
0.437514	-0.0147555	-0.89909
0.437514	-0.0147556	-0.899091
0.490976	-0.0165586	-0.871015
0.542641	-0.0183011	-0.839765
0.54264	-0.0183009	-0.839766
0.382467	-0.0128989	-0.923879
0.685042	-0.0230977	-0.728138
0.0301862	-0.00101806	-0.999544
0.0301851	-0.00101775	-0.999544
0.962714	-0.0324598	-0.268566
0.962724	-0.0324685	-0.268531
0.944773	-0.0318551	-0.326174
0.944761	-0.0318627	-0.326207
-0.437529	0.0147522	-0.899083
-0.437514	0.0147555	-0.89909
-0.490976	0.0165586	-0.871015
-0.49096	0.0165537	-0.871025
-0.592312	0.0199761	-0.805461
-0.59233	0.0199717	-0.805448
-0.542658	0.0183016	-0.839754
-0.542641	0.0182964	-0.839765
-0.639856	0.0215796	-0.768191
-0.0904507	0.00305053	-0.995896
-0.150378	0.00507164	-0.988616
-0.326012	0.010995	-0.945302
-0.268378	0.00904888	-0.963271
-0.268387	0.00905153	-0.963269
-0.209762	0.00707442	-0.977727
-0.209754	0.00707227	-0.977729
-0.382467	0.0128989	-0.923879
-0.685041	0.0231034	-0.728138
-0.685023	0.0230969	-0.728155
-0.944761	0.0318627	-0.326208
-0.962724	0.0324687	-0.268531
-0.962724	0.0324685	-0.26853
-0.988053	0.0333227	-0.15047
-0.977172	0.0329557	-0.209878
-0.977172	0.032956	-0.209876
-0.995331	0.0335681	-0.0904997
-0.767753	0.0258863	-0.640223
-0.767771	0.0258936	-0.640201
-0.804989	0.0271487	-0.592669
-0.804989	0.027149	-0.592668
-0.898579	0.0303051	-0.437764
-0.870516	0.0293587	-0.491263
-0.870517	0.029359	-0.491262
-0.839299	0.0283061	-0.542933
-0.923356	0.0311408	-0.382679
-0.727727	0.0245367	-0.685428
-0.998976	0.0336911	-0.0301918
-0.998975	0.0336824	-0.0302293
-0.0301862	0.00101806	-0.999544
-0.0301851	0.00101775	-0.999544
-0.999432	0.0337068	-0
-0.996735	-0.0807436	-0
-0.996734	-0.0807608	-0
-0	-0	-1
0.996738	0.0807094	-0

#	Mesh	0	End


COMPONENTFINISH

COMPONENT 1 4791=IfcWall
#	Mesh	0	Begin

#	Vertex	421
91.8537	114.534	-20.25
92.096	111.541	-10.4576
92.082	111.715	-10.3546
92.1106	111.362	-10.5494
92.0685	111.881	-10.2409
92.0556	112.041	-10.1169
92.0433	112.192	-9.98316
92.0318	112.335	-9.84012
92.1255	111.176	-10.6298
92.1409	110.987	-10.6983
92.1566	110.793	-10.7547
92.1725	110.596	-10.7988
92.1886	110.397	-10.8305
92.2049	110.197	-10.8495
92.021	112.468	-9.68838
92.011	112.592	-9.52855
92.0018	112.705	-9.36124
91.9935	112.807	-9.18713
91.9861	112.899	-9.00689
91.9796	112.979	-8.82124
91.9741	113.047	-8.63091
91.9695	113.104	-8.43666
91.9659	113.148	-8.23925
91.9634	113.179	-8.03945
91.9619	113.198	-7.83806
91.9613	113.204	-7.63588
91.8537	114.534	5.73
92.2212	109.995	-10.8559
92.2375	109.793	-10.8495
92.2538	109.593	-10.8305
92.2699	109.394	-10.7988
92.2858	109.197	-10.7547
92.3015	109.003	-10.6983
92.3169	108.813	-10.6298
92.3318	108.628	-10.5494
92.3464	108.449	-10.4576
92.3604	108.275	-10.3546
93.6935	91.8114	-10.3546
93.7075	91.6379	-10.4576
93.7221	91.4582	-10.5494
93.737	91.2732	-10.6298
94.5882	80.7613	-20.3176
93.7524	91.0835	-10.6983
93.7681	90.8899	-10.7547
93.784	90.6931	-10.7988
93.8001	90.4939	-10.8305
93.8164	90.2932	-10.8495
93.8327	90.0917	-10.8559
93.849	89.8902	-10.8495
93.8653	89.6894	-10.8305
93.8814	89.4903	-10.7988
93.8973	89.2935	-10.7547
93.913	89.0999	-10.6983
93.9284	88.9102	-10.6298
93.9433	88.7251	-10.5494
93.9579	88.5455	-10.4576
93.9719	88.372	-10.3546
93.9854	88.2052	-10.2409
93.9983	88.0459	-10.1169
94.0106	87.8946	-9.98316
94.0221	87.7521	-9.84012
94.0329	87.6187	-9.68838
94.0429	87.4951	-9.52855
94.0521	87.3818	-9.36124
94.0604	87.2792	-9.18713
94.0678	87.1876	-9.00689
94.0743	87.1076	-8.82124
94.0798	87.0393	-8.63091
94.0844	86.983	-8.43666
94.088	86.939	-8.23925
94.0905	86.9075	-8.03945
94.0921	86.8885	-7.83806
94.5882	80.7613	3.60648
94.0926	86.8822	-7.63588
94.0921	86.8885	-7.43369
94.0905	86.9075	-7.23231
94.088	86.939	-7.03251
94.0844	86.983	-6.8351
94.0798	87.0393	-6.64084
94.0743	87.1076	-6.45052
94.0678	87.1876	-6.26487
94.0604	87.2792	-6.08463
94.0521	87.3818	-5.91052
94.0429	87.4951	-5.74321
94.0329	87.6187	-5.58337
94.0221	87.7521	-5.43164
94.0106	87.8946	-5.2886
93.9983	88.0459	-5.15483
93.9854	88.2052	-5.03084
93.9719	88.372	-4.91714
93.9579	88.5455	-4.81417
93.9433	88.7251	-4.72234
93.9284	88.9102	-4.642
93.913	89.0999	-4.57348
93.8973	89.2935	-4.51704
93.8814	89.4903	-4.47291
93.8653	89.6894	-4.44127
93.849	89.8902	-4.42223
93.8327	90.0917	-4.41588
93.8164	90.2932	-4.42223
93.8001	90.4939	-4.44127
92.746	103.514	3.65392
93.784	90.6931	-4.47291
93.7681	90.8899	-4.51704
93.7524	91.0835	-4.57348
93.737	91.2732	-4.642
93.7221	91.4582	-4.72234
93.7075	91.6379	-4.81417
93.6935	91.8114	-4.91714
93.68	91.9782	-5.03084
93.6671	92.1375	-5.15483
93.6548	92.2887	-5.2886
93.6433	92.4313	-5.43164
93.6325	92.5646	-5.58337
93.6225	92.6882	-5.74321
93.6133	92.8016	-5.91052
93.605	92.9042	-6.08463
93.5976	92.9957	-6.26487
92.4563	107.091	-6.26487
92.4489	107.182	-6.08463
92.4406	107.285	-5.91052
92.4314	107.398	-5.74321
92.4214	107.522	-5.58337
92.4106	107.655	-5.43164
92.3991	107.798	-5.2886
92.3868	107.949	-5.15483
92.3739	108.108	-5.03084
92.3604	108.275	-4.91714
92.3464	108.449	-4.81417
92.3318	108.628	-4.72234
92.3169	108.813	-4.642
92.3015	109.003	-4.57348
92.2858	109.197	-4.51704
92.2699	109.394	-4.47291
92.2538	109.593	-4.44127
92.2375	109.793	-4.42223
91.9268	113.631	5.73
92.746	103.514	5.73
92.096	111.541	-4.81417
92.1106	111.362	-4.72234
92.1255	111.176	-4.642
92.1409	110.987	-4.57348
92.1566	110.793	-4.51704
92.1725	110.596	-4.47291
92.1886	110.397	-4.44127
92.2049	110.197	-4.42223
92.2212	109.995	-4.41588
93.5911	93.0758	-6.45052
92.4628	107.011	-6.45052
93.5856	93.1441	-6.64084
92.4683	106.943	-6.64084
93.581	93.2004	-6.8351
92.4729	106.886	-6.8351
93.5774	93.2443	-7.03251
92.4765	106.842	-7.03251
93.5749	93.2759	-7.23231
92.479	106.811	-7.23231
93.5734	93.2949	-7.43369
92.4805	106.792	-7.43369
92.4811	106.785	-7.63588
93.5728	93.3012	-7.63588
92.4805	106.792	-7.83806
93.5734	93.2949	-7.83806
92.479	106.811	-8.03945
93.5749	93.2759	-8.03945
92.4765	106.842	-8.23925
93.5774	93.2443	-8.23925
92.4729	106.886	-8.43666
93.581	93.2004	-8.43666
92.4683	106.943	-8.63091
93.5856	93.1441	-8.63091
92.4628	107.011	-8.82124
93.5911	93.0758	-8.82124
92.4563	107.091	-9.00689
93.5976	92.9957	-9.00689
92.4489	107.182	-9.18713
93.605	92.9042	-9.18713
92.4406	107.285	-9.36124
93.6133	92.8016	-9.36124
92.4314	107.398	-9.52855
93.6225	92.6882	-9.52855
93.6325	92.5646	-9.68838
92.4214	107.522	-9.68838
93.6433	92.4313	-9.84012
92.4106	107.655	-9.84012
93.6548	92.2887	-9.98316
92.3991	107.798	-9.98316
93.6671	92.1375	-10.1169
92.3868	107.949	-10.1169
93.68	91.9782	-10.2409
92.3739	108.108	-10.2409
91.9619	113.198	-7.43369
91.9634	113.179	-7.23231
91.9659	113.148	-7.03251
91.9695	113.104	-6.8351
91.9741	113.047	-6.64084
91.9796	112.979	-6.45052
91.9861	112.899	-6.26487
91.9935	112.807	-6.08463
92.0018	112.705	-5.91052
92.011	112.592	-5.74321
92.021	112.468	-5.58337
92.0318	112.335	-5.43164
92.0433	112.192	-5.2886
92.0556	112.041	-5.15483
92.0685	111.881	-5.03084
92.082	111.715	-4.91714
95.4901	80.773	-20.3178
94.8404	88.7978	-10.5494
94.855	88.6181	-10.4576
94.8254	88.9828	-10.6298
94.869	88.4446	-10.3546
94.8825	88.2778	-10.2409
94.8954	88.1185	-10.1169
94.9077	87.9673	-9.98316
94.8101	89.1725	-10.6983
94.7944	89.3661	-10.7547
94.7785	89.5629	-10.7988
94.7623	89.7621	-10.8305
94.2205	96.4544	-20.273
94.9192	87.8247	-9.84012
94.93	87.6914	-9.68838
94.94	87.5678	-9.52855
94.9492	87.4545	-9.36124
94.9575	87.3518	-9.18713
94.9649	87.2603	-9.00689
94.9714	87.1802	-8.82124
94.9769	87.1119	-8.63091
94.9815	87.0557	-8.43666
94.985	87.0117	-8.23925
94.9876	86.9801	-8.03945
94.9891	86.9612	-7.83806
95.4901	80.773	3.60635
93.9784	99.4446	-20.273
92.7591	114.503	-20.2502
93.1986	109.076	-10.6983
93.1829	109.269	-10.7547
93.167	109.466	-10.7988
93.1508	109.665	-10.8305
93.1346	109.866	-10.8495
93.1183	110.068	-10.8559
93.1019	110.269	-10.8495
93.0857	110.47	-10.8305
93.0696	110.669	-10.7988
93.0536	110.866	-10.7547
93.038	111.059	-10.6983
93.0226	111.249	-10.6298
93.0076	111.434	-10.5494
92.9931	111.614	-10.4576
92.979	111.787	-10.3546
92.9655	111.954	-10.2409
92.9526	112.113	-10.1169
92.9404	112.265	-9.98316
92.9288	112.407	-9.84012
92.918	112.541	-9.68838
92.908	112.664	-9.52855
92.8989	112.777	-9.36124
92.8905	112.88	-9.18713
92.8831	112.972	-9.00689
92.8766	113.052	-8.82124
92.8711	113.12	-8.63091
92.8666	113.176	-8.43666
92.863	113.22	-8.23925
92.8605	113.252	-8.03945
92.8589	113.271	-7.83806
92.8584	113.277	-7.63588
92.7591	114.503	5.73
92.8589	113.271	-7.43369
92.8605	113.252	-7.23231
92.863	113.22	-7.03251
92.8666	113.176	-6.8351
92.8711	113.12	-6.64084
92.8766	113.052	-6.45052
92.8831	112.972	-6.26487
92.8905	112.88	-6.08463
92.8989	112.777	-5.91052
92.908	112.664	-5.74321
92.918	112.541	-5.58337
92.9288	112.407	-5.43164
92.9404	112.265	-5.2886
92.9526	112.113	-5.15483
92.9655	111.954	-5.03084
92.979	111.787	-4.91714
92.9931	111.614	-4.81417
93.0076	111.434	-4.72234
93.0226	111.249	-4.642
93.038	111.059	-4.57348
93.0536	110.866	-4.51704
93.0696	110.669	-4.47291
93.0857	110.47	-4.44127
93.1019	110.269	-4.42223
93.1183	110.068	-4.41588
93.1346	109.866	-4.42223
93.643	103.586	3.65392
93.643	103.586	5.73
94.2205	96.4544	1
93.9784	99.4446	1
93.3077	107.728	-5.43164
93.2961	107.871	-5.2886
93.2839	108.022	-5.15483
93.271	108.181	-5.03084
93.2575	108.348	-4.91714
93.2435	108.521	-4.81417
93.2289	108.701	-4.72234
93.2139	108.886	-4.642
93.1986	109.076	-4.57348
93.1829	109.269	-4.51704
93.167	109.466	-4.47291
93.1508	109.665	-4.44127
93.2139	108.886	-10.6298
93.2289	108.701	-10.5494
93.2435	108.521	-10.4576
93.2575	108.348	-10.3546
93.271	108.181	-10.2409
93.2839	108.022	-10.1169
93.2961	107.871	-9.98316
93.3077	107.728	-9.84012
93.3185	107.595	-9.68838
93.3285	107.471	-9.52855
93.3377	107.358	-9.36124
93.346	107.255	-9.18713
93.3534	107.164	-9.00689
93.3599	107.084	-8.82124
93.3654	107.015	-8.63091
93.37	106.959	-8.43666
93.3735	106.915	-8.23925
93.3761	106.883	-8.03945
93.3776	106.864	-7.83806
93.3781	106.858	-7.63588
93.3776	106.864	-7.43369
93.3761	106.883	-7.23231
93.3735	106.915	-7.03251
93.37	106.959	-6.8351
93.3654	107.015	-6.64084
93.3599	107.084	-6.45052
93.3534	107.164	-6.26487
93.346	107.255	-6.08463
93.3377	107.358	-5.91052
93.3285	107.471	-5.74321
93.3185	107.595	-5.58337
94.7461	89.9628	-10.8495
94.7298	90.1643	-10.8559
94.7135	90.3658	-10.8495
94.6972	90.5666	-10.8305
94.6811	90.7657	-10.7988
94.6651	90.9625	-10.7547
94.6495	91.1561	-10.6983
94.6341	91.3458	-10.6298
94.6191	91.5309	-10.5494
94.6046	91.7105	-10.4576
94.5905	91.8841	-10.3546
94.577	92.0508	-10.2409
94.5641	92.2101	-10.1169
94.5519	92.3614	-9.98316
94.5403	92.5039	-9.84012
94.5295	92.6373	-9.68838
94.5195	92.7609	-9.52855
94.5104	92.8742	-9.36124
94.502	92.9768	-9.18713
94.4946	93.0684	-9.00689
94.4882	93.1484	-8.82124
94.4826	93.2167	-8.63091
94.4781	93.273	-8.43666
94.4745	93.317	-8.23925
94.472	93.3485	-8.03945
94.4704	93.3675	-7.83806
94.4699	93.3738	-7.63588
94.9896	86.9548	-7.63588
94.9891	86.9612	-7.43369
94.9876	86.9801	-7.23231
94.985	87.0117	-7.03251
94.9815	87.0557	-6.8351
94.9769	87.1119	-6.64084
94.9714	87.1802	-6.45052
94.9649	87.2603	-6.26487
94.9575	87.3518	-6.08463
94.9492	87.4545	-5.91052
94.94	87.5678	-5.74321
94.93	87.6914	-5.58337
94.9192	87.8247	-5.43164
94.9077	87.9673	-5.2886
94.8954	88.1185	-5.15483
94.8825	88.2778	-5.03084
94.869	88.4446	-4.91714
94.855	88.6181	-4.81417
94.8404	88.7978	-4.72234
94.8254	88.9828	-4.642
94.8101	89.1725	-4.57348
94.7944	89.3661	-4.51704
94.7785	89.5629	-4.47291
94.7623	89.7621	-4.44127
94.7461	89.9628	-4.42223
94.7298	90.1643	-4.41588
94.7135	90.3658	-4.42223
94.6972	90.5666	-4.44127
94.6811	90.7657	-4.47291
94.6651	90.9625	-4.51704
94.6495	91.1561	-4.57348
94.6341	91.3458	-4.642
94.6191	91.5309	-4.72234
94.6046	91.7105	-4.81417
94.5905	91.8841	-4.91714
94.577	92.0508	-5.03084
94.5641	92.2101	-5.15483
94.5519	92.3614	-5.2886
94.5403	92.5039	-5.43164
94.5295	92.6373	-5.58337
94.5195	92.7609	-5.74321
94.5104	92.8742	-5.91052
94.502	92.9768	-6.08463
94.4946	93.0684	-6.26487
94.4882	93.1484	-6.45052
94.4826	93.2167	-6.64084
94.4781	93.273	-6.8351
94.4745	93.317	-7.03251
94.472	93.3485	-7.23231
94.4704	93.3675	-7.43369
93.0819	99.372	-20.273
93.3241	96.3818	-20.273
93.3241	96.3818	1
93.0819	99.372	1

#	Triangle	632
2	0	1
3	1	0
4	0	2
0	4	5	125	101	126
0	5	6
7	0	6
0	8	3
0	9	8
0	10	9
0	11	10
0	12	11
12	0	13
0	7	14
0	14	15
0	15	16
0	16	17
17	18	0
0	18	19
19	20	0
0	20	21
0	21	22
0	22	23
0	23	24
0	24	25
26	0	25
0	27	13
0	28	27
29	28	0
0	30	29
0	31	30
32	31	0
0	33	32
0	34	33
35	34	0	129	101	130
0	36	35
37	36	0	41	40	0	118	117	101	101	136	135	136	101	137
38	37	0
39	38	0
39	0	40
41	42	40
43	42	41
41	44	43
41	45	44
41	46	45
41	47	46
41	48	47
41	49	48
41	50	49
51	50	41
41	52	51
41	53	52
53	41	54
55	54	41
56	55	41
41	57	56
58	57	41
41	59	58
59	41	60
41	61	60
41	62	61
63	62	41
41	64	63
41	65	64
66	65	41
41	67	66
41	68	67	136	143	144
69	68	41	41	70	69
71	70	41
72	71	41	100	72	101
71	72	73
72	74	73
72	75	74
72	76	75
77	76	72
72	78	77	133	101	134
72	79	78
72	80	79
72	81	80
72	82	81
72	83	82
84	83	72
72	85	84
72	86	85
72	87	86
72	88	87
72	89	88
89	72	90
91	90	72
72	92	91
93	92	72	130	101	131
72	94	93
72	95	94
96	95	72
72	97	96
72	98	97
99	98	72
99	72	100
100	101	102
102	101	103
103	101	104
101	105	104
101	106	105
107	106	101
108	107	101
101	109	108
101	110	109
111	110	101
101	112	111
101	113	112
101	114	113	101	116	115
101	115	114
101	117	116
101	119	118
119	101	120
120	101	121
101	122	121
122	101	123
123	101	124
101	125	124
126	101	127
101	128	127
128	101	129
131	101	132
132	101	133
101	135	134
136	26	138	139	136	138
136	139	140
136	140	141
136	141	142
136	142	143
136	144	145
146	136	145
136	146	135
147	117	118
147	118	148	182	183	181
149	147	148
149	148	150
151	149	150	151	150	152
153	151	152
153	152	154
155	153	154	189	187	188
154	156	155
155	156	157
157	156	158	180	178	179
157	158	159	181	180	179
160	157	159
159	161	160
162	160	161
162	161	163
164	162	163
163	165	164
166	164	165
166	165	167
168	166	167
167	169	168	168	169	170
170	169	171
172	170	171
172	171	173
172	173	174	190	189	188
173	175	174
176	174	175
176	175	177
178	176	177
179	178	177
181	179	182
184	183	182
184	185	183
186	185	184
187	185	186
187	186	188
37	190	36
37	189	190
25	191	26
26	191	192
26	192	193
26	193	194
26	194	195
26	195	196
26	196	197
26	197	198
26	198	199
26	199	200
26	200	201
26	201	202
26	202	203
203	204	26
26	204	205
26	205	206
206	138	26
209	207	208
210	208	207
211	207	209	400	401	295
207	211	212	402	295	401
207	212	213
214	207	213
207	215	210	324	233	323
216	215	207
207	217	216	395	396	295
207	218	217	295	399	400
207	219	218	232	207	231	295	232	390
207	214	220
207	220	221	316	317	233	295	405	406
207	221	222	295	406	407
207	222	223
223	224	207
207	224	225
225	226	207
207	226	227
207	227	228	412	413	295
207	228	229
207	229	230	415	295	414
207	230	231
207	233	219
233	207	234
235	233	234
236	235	234
234	237	236	345	344	219
234	238	237
234	239	238
234	240	239
234	241	240	219	350	349
234	242	241
234	243	242	362	361	219
244	243	234	351	350	219
234	245	244
234	246	245
246	234	247	355	219	356
248	247	234
249	248	234
234	250	249
251	250	234	293	299	300
234	252	251
252	234	253
234	254	253
234	255	254
256	255	234
234	257	256
234	258	257
259	258	234
234	260	259
234	261	260	266	271	270
262	261	234
234	263	262
264	263	234
234	265	264
265	234	266
266	267	265
266	268	267
266	269	268
270	269	266
266	272	271
266	273	272
266	274	273
266	275	274
266	276	275
277	276	266
266	278	277
266	279	278
266	280	279
266	281	280
266	282	281
282	266	283
284	283	266
266	285	284
286	285	266
266	287	286
266	288	287
289	288	266
266	290	289
266	291	290
266	292	291
293	292	266	294	293	266	293	296	297	326	296	233
232	295	293
296	293	295
293	297	298
299	293	298
293	300	301
302	293	301
293	302	303	232	373	374
293	303	304
293	304	305
293	305	306
293	306	307
293	307	308
308	292	293
235	309	233
310	233	309
310	311	233
311	312	233
312	313	233
313	314	233
314	315	233
315	316	233
317	318	233
318	319	233
319	320	233	320	321	233
321	322	233
322	323	233	325	233	324
233	325	326
327	296	326
296	327	328
328	329	296
296	329	330
331	296	330	296	331	332
296	332	333
296	333	334
296	334	335
296	335	336
296	336	337
296	337	338
296	338	339
296	339	297
218	219	340
340	219	341
219	342	341
219	343	342
219	344	343
219	346	345
219	347	346
347	219	348
219	349	348
219	352	351
219	353	352
219	354	353
219	355	354
357	356	219
358	357	219
358	219	359
219	360	359
219	361	360
219	363	362	364	363	219
219	365	364
219	295	365
366	365	295
231	367	232
232	367	368
232	368	369
232	369	370
232	370	371
232	371	372
232	372	373
232	374	375
232	375	376
232	376	377
232	377	378
232	378	379
379	380	232
232	380	381
232	381	382
382	383	232
384	232	383
385	232	384
232	385	386
232	386	387
232	387	388
232	388	389
232	389	390
391	295	390
391	392	295
295	392	393
295	393	394
295	394	395
295	396	397
295	397	398
398	399	295
295	402	403
295	403	404
295	404	405
407	408	295
295	408	409
295	409	410
410	411	295
411	412	295	413	414	295
415	416	295
416	366	295
232	41	207	72	41	232
26	234	0	266	234	26
207	0	234
41	0	207
294	101	293	137	101	294
65	226	225
66	226	65
65	224	64	225	224	65
62	223	222
63	223	62
223	64	224
63	64	223	319	175	320	177	175	319
61	222	221	62	222	61	182	318	317
230	71	231	70	71	230
69	230	229	70	230	69
227	68	228	67	68	227
69	228	68
229	228	69
66	227	226	67	227	66	171	323	322	169	323	171
220	61	221	60	61	220	316	182	317	184	182	316
215	53	210	52	53	215	32	33	235
51	215	216	52	215	51
218	50	217	49	50	218
51	217	50	216	217	51
340	49	218	48	49	340
213	59	214
58	59	213
212	58	213	57	58	212
54	209	208
55	209	54
56	209	55	211	209	56	312	311	36
57	211	56	212	211	57	313	312	190
210	54	208
53	54	210
214	60	220
59	60	214
341	48	340	47	48	341	240	28	239	27	28	240
71	367	231	159	328	161
73	367	71	161	328	327
39	347	348
40	347	39
39	349	38	348	349	39
189	350	351
37	350	189	4	249	250
350	38	349	37	38	350	249	1	248
187	351	352
189	351	187
343	46	342
45	46	343	242	13	241	12	13	242
44	343	344	45	343	44
346	43	345
42	43	346	245	10	244	9	10	245
44	345	43	344	345	44
40	346	347
42	346	40
353	187	352	6	5	252
185	187	353	252	5	251
170	360	361	260	19	259	20	19	260
172	360	170
168	361	362	170	361	168
364	166	363	164	166	364
363	168	362	166	168	363
365	164	364	162	164	365
355	183	354	181	183	355
356	181	355	180	181	356
174	358	359	176	358	174
178	358	176	357	358	178
180	357	178	356	357	180
360	174	359
172	174	360
354	185	353	7	6	253
183	185	354	253	6	252
366	162	365	160	162	366
47	342	46	27	241	13	240	241	27
341	342	47
416	160	366	157	160	416
114	408	407	115	408	114
116	408	115	409	408	116
113	407	406	114	407	113
414	155	415	153	155	414
416	155	157	415	155	416
410	147	411
117	147	410
116	410	409	117	410	116
405	113	406	112	113	405
414	151	153	413	151	414
397	105	398
104	105	397
103	397	396
104	397	103
394	102	395	100	102	394
103	395	102	396	395	103
393	100	394
99	100	393
403	111	404	204	203	280
110	111	403	280	203	279
402	110	403
109	110	402
106	400	399	107	400	106
108	400	107	401	400	108
109	401	108	281	282	205
402	401	109
398	106	399
105	106	398
404	112	405	203	202	279
111	112	404	279	202	278
392	99	393
98	99	392	291	145	290	146	145	291
413	149	151	412	149	413
147	412	411	196	271	272	195	271	196
149	412	147
91	386	385
92	386	91
91	384	90
385	384	91
88	383	382	89	383	88	126	301	300
383	90	384	89	90	383
87	382	381	88	382	87
390	97	391	96	97	390
95	390	389	96	390	95
387	94	388	93	94	387
95	388	94	389	388	95
92	387	386	93	387	92	131	305	130
380	87	381
86	87	380
372	79	373	78	79	372	333	148	334	150	148	333
77	372	371	78	372	77
369	76	370	75	76	369
77	370	76	332	331	152
371	370	77
368	75	369	74	75	368	329	156	330
378	85	379	84	85	378	339	123	297	122	123	339
377	84	378	83	84	377	338	122	339
80	375	374	81	375	80
82	375	81	120	336	119	337	336	120
376	375	82
83	376	82
377	376	83
373	80	374
79	80	373
379	86	380
85	86	379
367	74	368	159	158	328
73	74	367	328	158	329
98	391	97	392	391	98	146	292	135	291	292	146
173	322	321
171	322	173
173	320	175
321	320	173
179	319	318
177	319	179
179	318	182
326	161	327
163	161	326
165	326	325
163	326	165
323	167	324	169	167	323
165	324	167
325	324	165
235	33	309
31	235	236	32	235	31
238	30	237	29	30	238
31	237	30
236	237	31
239	29	238	28	29	239
314	186	315	188	186	314
313	188	314	190	188	313
34	311	310
35	311	34
36	311	35
190	312	36
309	34	310
33	34	309
315	184	316	186	184	315
3	246	247	8	246	3
3	248	1
247	248	3
2	249	4
2	1	249
5	250	251	4	250	5
11	242	243	12	242	11
11	244	10	243	244	11
8	245	246	9	245	8
21	260	261	20	260	21
263	22	262
23	22	263
21	262	22
261	262	21
264	23	263	24	23	264
254	7	253	14	7	254
255	14	254
15	14	255
18	257	258	17	257	18
16	257	17	256	257	16
15	256	16	255	256	15
259	18	258	19	18	259
265	24	264	25	24	265
267	25	265	191	25	267
200	275	276	199	275	200
198	275	199	274	275	198
201	276	277
200	276	201
269	192	268
193	192	269
267	192	191	268	192	267
273	196	272	197	196	273
198	273	274	197	273	198
278	201	277	202	201	278
269	194	193
270	194	269
286	140	285	141	140	286
142	286	287	141	286	142
289	143	288	144	143	289
142	288	143	287	288	142
290	144	289	145	144	290
281	204	280	205	204	281
139	283	284
138	283	139
206	283	138
282	283	206
205	282	206
285	139	284	140	139	285
270	195	194	271	195	270
129	304	303
130	304	129
129	302	128
303	302	129
127	301	126
301	128	302
127	128	301
125	300	299	126	300	125
308	135	292	134	135	308
133	308	307	134	308	133
305	132	306	131	132	305
133	306	132
307	306	133
130	305	304
298	125	299	124	125	298
152	333	332	150	333	152
330	154	331
156	154	330
152	331	154
158	156	329
121	122	338
118	336	335
119	336	118
121	337	120
338	337	121
334	118	335
148	118	334
297	124	298	123	124	297
293	72	232	101	72	293
418	233	417	219	233	418	136	266	26	136	294	266	137	294	136
219	419	295	418	419	219
419	417	420	418	417	419
417	296	420	233	296	417
419	296	295	420	296	419

#	Normal	632
-0.99674	-0.0806772	7.89249e-006
-0.996738	-0.080709	-1.89958e-006
-0.996736	-0.0807327	-8.031e-006
-0.996738	-0.0806997	7.7774e-007
-0.99674	-0.0806844	4.55899e-006
-0.996737	-0.0807223	-4.13933e-006
-0.996737	-0.0807138	-3.48216e-006
-0.996739	-0.0806986	1.85492e-006
-0.996737	-0.0807172	-5.09575e-006
-0.996739	-0.0806945	3.89222e-006
-0.996738	-0.0807055	-7.1256e-007
-0.996739	-0.0806924	5.0886e-006
-0.996738	-0.0807093	-1.36945e-006
-0.996741	-0.080666	7.14489e-006
-0.996736	-0.0807256	-3.71339e-006
-0.996741	-0.0806641	6.67089e-006
-0.996737	-0.0807238	-2.69879e-006
-0.996737	-0.0807157	-1.52133e-006
-0.996737	-0.0807187	-1.92509e-006
-0.996739	-0.080699	6.078e-007
-0.996736	-0.0807303	-3.20035e-006
-0.996749	-0.080569	1.55359e-005
-0.996732	-0.0807829	-8.35029e-006
-0.996731	-0.0807976	-9.94384e-006
-0.996738	-0.0807039	-0
-0.996737	-0.0807171	-6.38908e-006
-0.99674	-0.0806817	1.08355e-005
-0.996739	-0.0806914	5.92949e-006
-0.996738	-0.0807059	-1.75361e-006
-0.996735	-0.0807372	-1.88798e-005
-0.996741	-0.0806699	1.91681e-005
-0.996738	-0.0807008	1.16778e-006
-0.996737	-0.0807197	-1.01071e-005
-0.996737	-0.080713	-6.04015e-006
-0.996742	-0.0806545	3.05747e-005
-0.996738	-0.0807027	-1.44953e-007
-0.996738	-0.0807103	-1.76244e-005
-0.996738	-0.0807061	-7.65881e-006
-0.996739	-0.0806884	3.46005e-005
-0.996739	-0.0806948	-8.74864e-006
-0.996736	-0.0807259	2.4797e-005
-0.99674	-0.0806867	-1.69387e-005
-0.996738	-0.08071	7.47203e-006
-0.996739	-0.0806907	-1.23605e-005
-0.996737	-0.0807178	1.50306e-005
-0.99674	-0.0806826	-1.98385e-005
-0.996736	-0.0807253	2.15558e-005
-0.996738	-0.080708	5.13304e-006
-0.996739	-0.0806925	-9.12473e-006
-0.996737	-0.0807154	1.14036e-005
-0.996738	-0.0807015	-7.07174e-007
-0.99674	-0.0806787	-1.99833e-005
-0.996738	-0.0807079	3.98341e-006
-0.996737	-0.080715	9.61622e-006
-0.996739	-0.0806954	-5.44855e-006
-0.996739	-0.0806979	-3.60081e-006
-0.996737	-0.080723	1.44309e-005
-0.99674	-0.0806819	-1.41523e-005
-0.996738	-0.0807074	3.00506e-006
-0.996737	-0.0807119	5.8935e-006
-0.99674	-0.0806847	-1.11832e-005
-0.996737	-0.0807155	7.57106e-006
-0.996737	-0.0807149	7.23014e-006
-0.996741	-0.0806645	-2.15875e-005
-0.996738	-0.0807115	4.51711e-006
-0.996738	-0.0807049	9.29348e-007
-0.996738	-0.0807112	4.27643e-006
-0.996736	-0.0807242	1.07878e-005
-0.996738	-0.0807023	-0
-0.996735	-0.0807466	-2.384e-005
-0.996741	-0.0806643	2.12483e-005
-0.996737	-0.080722	-1.0992e-005
-0.996738	-0.0807101	-4.17113e-006
-0.996738	-0.0807105	-4.43688e-006
-0.996738	-0.0807047	-9.71244e-007
-0.996738	-0.0807109	-4.75148e-006
-0.996741	-0.0806674	2.28419e-005
-0.996737	-0.080714	-7.69217e-006
-0.996737	-0.0807146	-8.0963e-006
-0.99674	-0.0806859	1.20176e-005
-0.996738	-0.0807113	-6.36324e-006
-0.996738	-0.0807071	-3.25959e-006
-0.99674	-0.0806831	1.54214e-005
-0.996737	-0.0807218	-1.57971e-005
-0.996739	-0.0806982	3.95998e-006
-0.996739	-0.0806958	6.02047e-006
-0.996737	-0.0807144	-1.06778e-005
-0.996738	-0.0807077	-4.44582e-006
-0.99674	-0.0806798	2.24237e-005
-0.996738	-0.0807015	7.98123e-007
-0.996737	-0.0807149	-1.29506e-005
-0.996739	-0.0806928	1.04333e-005
-0.996738	-0.0807078	-5.91353e-006
-0.996736	-0.080725	-2.50441e-005
-0.99674	-0.0806828	2.32722e-005
-0.996737	-0.0807179	-1.783e-005
-0.996739	-0.0806905	1.48577e-005
-0.996738	-0.0807075	8.33139e-006
-0.996739	-0.0806935	-1.37558e-005
-0.996737	-0.0807136	1.74591e-005
-0.996738	-0.0806994	-4.13315e-006
-0.99674	-0.0806847	-2.59925e-005
-0.996738	-0.0807069	6.10078e-006
-0.996737	-0.0807124	1.39874e-005
-0.996739	-0.0806949	-1.01664e-005
-0.996738	-0.0807008	-2.24284e-006
-0.996737	-0.0807161	1.76072e-005
-0.996739	-0.0806889	-1.67677e-005
-0.996738	-0.080706	4.26114e-006
-0.996738	-0.0807091	8.01295e-006
-0.996739	-0.0806897	-1.45767e-005
-0.996737	-0.0807131	1.16889e-005
-0.996741	-0.0806692	1.26065e-005
-0.996737	-0.0807182	-5.97013e-006
-0.996737	-0.0807208	-6.98491e-006
-0.996741	-0.0806733	1.27847e-005
-0.996738	-0.0807081	-2.42151e-006
-0.996737	-0.080719	-7.43673e-006
-0.996739	-0.0806873	7.85428e-006
-0.996736	-0.0807287	-1.38839e-005
-0.99674	-0.0806803	1.32031e-005
-0.996738	-0.0807083	-3.23728e-006
-0.99674	-0.08068	1.56926e-005
-0.996736	-0.0807289	-1.84954e-005
-0.996739	-0.0806927	8.20395e-006
-0.996738	-0.0807094	1.86763e-006
-0.996737	-0.0807141	2.89999e-006
-0.996739	-0.0806983	-8.63331e-007
-0.996737	-0.0807175	4.10574e-006
-0.996739	-0.0806942	-2.38574e-006
-0.996739	-0.0806922	-3.2521e-006
-0.996737	-0.0807171	5.23425e-006
-0.99674	-0.0806818	-7.51669e-006
-0.996738	-0.0807026	3.84673e-006
-0.996738	-0.0807024	-7.30659e-006
-0.996738	-0.0807024	-3.31105e-005
-0.996738	-0.0807028	-7.67835e-006
-0.996738	-0.0807028	1.54637e-006
-0.996738	-0.0807028	6.17477e-006
-0.996738	-0.0807025	-9.41879e-006
-0.996738	-0.0807025	5.36581e-006
-0.996738	-0.0807024	-2.22779e-006
-0.996738	-0.0807024	1.28491e-005
-0.996738	-0.0807026	2.27008e-005
-0.996738	-0.0807026	-1.29418e-005
-0.996738	-0.0807028	-2.55784e-005
-0.996738	-0.0807028	1.29359e-005
-0.996738	-0.0807026	2.55724e-005
-0.996738	-0.0807026	-2.27008e-005
-0.996738	-0.0807024	-1.28491e-005
-0.996738	-0.0807024	2.2278e-006
-0.996738	-0.0807025	-5.36583e-006
-0.996738	-0.0807025	9.41877e-006
-0.996738	-0.0807028	-6.17475e-006
-0.996738	-0.0807028	-1.69998e-006
-0.996738	-0.0807028	7.67835e-006
-0.996738	-0.0807024	3.31105e-005
-0.996738	-0.0807024	7.30659e-006
-0.996738	-0.0807026	-3.84673e-006
-0.996738	-0.0807026	-2.96548e-005
-0.996738	-0.0807024	-1.71284e-005
-0.996738	-0.0807024	1.53423e-005
-0.996738	-0.0807027	-1.15295e-005
-0.996738	-0.0807027	1.92787e-005
-0.996738	-0.0807024	-3.55013e-005
-0.996738	-0.0807026	7.26517e-006
-0.996738	-0.0807026	3.05441e-005
-0.996738	-0.0807025	2.39575e-005
-0.996738	-0.0807025	-3.30117e-005
-0.996738	-0.0807026	-2.52731e-005
-0.996738	-0.0807027	5.22477e-005
-0.996738	-0.0807025	2.14692e-005
-0.99673	-0.0808019	9.80985e-006
-0.996732	-0.0807853	8.12071e-006
-0.996749	-0.0805656	-1.49937e-005
-0.996736	-0.0807308	3.07363e-006
-0.996739	-0.0806989	-5.81695e-007
-0.996737	-0.0807189	1.83745e-006
-0.996737	-0.0807159	1.44888e-006
-0.996736	-0.0807241	2.56543e-006
-0.996741	-0.0806636	-6.33075e-006
-0.996736	-0.0807258	3.51873e-006
-0.996741	-0.0806655	-6.76084e-006
-0.996738	-0.0807093	1.29411e-006
-0.996737	-0.0807225	3.90656e-006
-0.99674	-0.0806842	-4.29718e-006
-0.996738	-0.0806996	-7.32151e-007
-0.996736	-0.080733	7.55069e-006
-0.99674	-0.0806769	-7.4109e-006
0.99674	0.0806773	2.04333e-005
0.996738	0.0807093	-6.05566e-006
0.996737	0.0807149	-9.74124e-006
0.996739	0.0806954	5.40804e-006
0.996739	0.0806979	3.55259e-006
0.996737	0.0807203	-1.27345e-005
0.996738	0.0807015	6.29196e-007
0.996737	0.0807153	-1.15557e-005
0.996739	0.0806925	9.08666e-006
0.996738	0.0807079	-5.25969e-006
0.996738	0.0807022	2.17805e-007
0.99674	0.0806845	1.23883e-005
0.996738	0.0807073	-3.07795e-006
0.996737	0.0807117	-5.97629e-006
0.996737	0.0807201	-1.12392e-005
0.99674	0.0806777	1.47382e-005
0.996737	0.0807148	-7.30525e-006
0.996738	0.0807061	-2.30445e-006
0.996738	0.0807106	-4.83694e-006
0.996738	0.080704	-1.19683e-006
0.996742	0.0806581	2.32419e-005
0.996738	0.0807106	-4.08407e-006
0.996737	0.0807238	-1.08182e-005
0.996738	0.0807032	-0.000359823
0.996738	0.0807031	-0.000309035
0.996738	0.0807026	5.02809e-007
0.996741	0.0806703	-1.80055e-005
0.996739	0.0806924	-5.73583e-006
0.996738	0.0807059	1.4923e-006
0.996736	0.0807319	1.49306e-005
0.99674	0.0806817	-9.96631e-006
0.996737	0.0807171	6.84661e-006
0.996739	0.0806923	-4.3815e-006
0.996738	0.0807054	1.26591e-006
0.996739	0.0806944	-3.24163e-006
0.996737	0.0807171	5.50809e-006
0.996739	0.0806984	-1.27273e-006
0.996737	0.0807136	3.9087e-006
0.996741	0.0806717	-9.44236e-006
0.996737	0.0807181	4.34891e-006
0.996739	0.0806903	-3.35093e-006
0.996738	0.0806998	-9.12143e-007
0.996736	0.0807267	5.48518e-006
0.99674	0.0806775	-5.32569e-006
0.996738	0.0807095	1.16558e-006
0.996737	0.0807163	2.43879e-006
0.996736	0.0807252	3.97276e-006
0.996741	0.0806629	-5.9568e-006
0.996737	0.0807233	2.95608e-006
0.996737	0.080715	1.8258e-006
0.996737	0.0807179	2.1964e-006
0.996739	0.0806977	-2.27095e-007
0.996746	0.0806126	-9.85244e-006
0.996738	0.0807115	7.84384e-007
0.996732	0.0807839	8.25335e-006
0.99673	0.0808001	9.86653e-006
0.996738	0.0806992	0
0.99673	0.0808046	-9.72527e-006
0.996731	0.0807864	-8.01704e-006
0.996737	0.0807117	-7.56161e-007
0.996746	0.0806108	9.45268e-006
0.996737	0.0807182	-2.09466e-006
0.996737	0.0807152	-1.73754e-006
0.996737	0.0807236	-2.80807e-006
0.996741	0.0806624	5.64951e-006
0.996736	0.0807255	-3.76232e-006
0.996737	0.0807165	-2.30647e-006
0.996738	0.0807096	-1.10092e-006
0.99674	0.0806772	5.02395e-006
0.996736	0.080727	-5.16806e-006
0.996738	0.0806997	8.58354e-007
0.996739	0.0806901	3.14945e-006
0.996737	0.0807183	-4.0823e-006
0.996741	0.0806714	8.85206e-006
0.996737	0.0807137	-3.65944e-006
0.996739	0.0806984	1.1899e-006
0.996737	0.0807172	-5.14201e-006
0.996739	0.0806943	3.02142e-006
0.996738	0.0807054	-1.17792e-006
0.996739	0.0806923	4.06949e-006
0.996737	0.0807171	-6.34637e-006
0.99674	0.0806817	9.21776e-006
0.996738	0.0807027	-3.99337e-007
0.996738	0.0807024	1.43045e-006
0.996738	0.0807032	-6.90604e-007
0.996737	0.080719	7.43673e-006
0.996739	0.0806873	-7.85428e-006
0.996739	0.0806946	-4.27259e-006
0.996737	0.0807161	7.74564e-006
0.996738	0.0807057	1.60395e-006
0.99674	0.0806797	-1.43579e-005
0.996736	0.0807345	2.0904e-005
0.99674	0.08068	-1.56926e-005
0.996739	0.0806949	-5.31653e-006
0.996738	0.0807053	2.27089e-006
0.996736	0.0807286	1.98901e-005
0.996736	0.0807317	-2.88826e-005
0.99674	0.0806821	1.99562e-005
0.996738	0.0807053	-2.28316e-006
0.996737	0.0807144	-1.07183e-005
0.996739	0.0806958	6.03713e-006
0.996738	0.0807005	1.90882e-006
0.996739	0.08069	1.0898e-005
0.996737	0.0807159	-1.05085e-005
0.996738	0.0807111	-6.51343e-006
0.99674	0.0806835	1.41785e-005
0.996737	0.0807143	-8.28163e-006
0.996741	0.0806715	2.12298e-005
0.996738	0.0807105	-4.90193e-006
0.996738	0.0807096	-4.23946e-006
0.99674	0.0806852	-1.44814e-005
0.996736	0.08073	2.33164e-005
0.99674	0.0806779	-2.16761e-005
0.996737	0.0807155	1.16122e-005
0.996738	0.0807077	4.54588e-006
0.996738	0.0807016	-1.35957e-006
0.996738	0.0807086	5.58443e-006
0.99674	0.0806793	-2.46058e-005
0.996738	0.080711	9.25364e-006
0.996737	0.0807116	9.91118e-006
0.996739	0.080688	-1.72299e-005
0.996738	0.0807091	8.03533e-006
0.996738	0.080706	4.21608e-006
0.996739	0.0806878	-1.00212e-005
0.996737	0.0807208	1.28401e-005
0.99674	0.0806824	-1.29669e-005
0.996736	0.0807259	1.52955e-005
0.996738	0.0807081	4.14209e-006
0.99674	0.080682	-1.14007e-005
0.996736	0.0807354	1.83509e-005
0.99674	0.0806759	-1.34019e-005
0.996738	0.0807084	3.14657e-006
0.996739	0.0806968	-2.1089e-006
0.99674	0.0806862	-6.56862e-006
0.996737	0.0807196	6.82363e-006
0.996738	0.0807081	2.42393e-006
0.99674	0.0806792	-7.46255e-006
0.996737	0.0807149	4.31787e-006
0.996737	0.0807227	6.77412e-006
0.996742	0.0806499	-1.5236e-005
0.996737	0.0807144	3.49154e-006
0.996737	0.0807147	3.49794e-006
0.996735	0.0807381	9.46872e-006
0.996738	0.0807002	-0
0.996732	0.0807799	-2.80096e-005
0.99674	0.0806769	-1.37517e-005
0.996736	0.0807239	1.22688e-005
0.996737	0.0807217	1.10213e-005
0.996738	0.0807099	4.20128e-006
0.996742	0.0806619	-2.41079e-005
0.996738	0.0807038	1.25044e-006
0.996738	0.0807099	5.08642e-006
0.996737	0.0807139	7.7697e-006
0.99674	0.0806794	-1.57557e-005
0.996737	0.0807188	1.2074e-005
0.996738	0.0807111	6.45065e-006
0.996738	0.080707	3.33764e-006
0.99674	0.0806856	-1.34952e-005
0.996737	0.0807193	1.39361e-005
0.996739	0.0806982	-3.90585e-006
0.996739	0.0806958	-5.9741e-006
0.996737	0.0807143	1.08138e-005
0.99674	0.0806785	-2.27997e-005
0.996738	0.080709	6.79368e-006
0.996738	0.0807015	-7.09972e-007
0.996737	0.0807149	1.31211e-005
0.996739	0.0806928	-1.03882e-005
0.996738	0.0807078	6.05877e-006
0.996739	0.0806871	1.83633e-005
0.996737	0.0807211	-2.26869e-005
0.99674	0.0806827	2.22085e-005
0.996736	0.0807249	-2.54963e-005
0.996738	0.0807077	-6.74109e-006
0.99674	0.0806839	1.78096e-005
0.996736	0.0807319	-2.81577e-005
0.99674	0.0806788	2.02244e-005
0.996739	0.0806975	3.0011e-006
0.996739	0.0806885	9.22106e-006
0.996737	0.080717	-9.45017e-006
0.99674	0.0806828	9.91084e-006
0.996737	0.0807126	-5.64851e-006
0.996737	0.0807189	-8.71957e-006
0.996742	0.0806592	1.92693e-005
0.996737	0.080712	-4.32994e-006
0.996736	0.0807284	-1.03885e-005
0.996744	0.0806364	2.34861e-005
0.0130083	-0.999915	-0
0.0337099	0.999432	0
-0.000161579	0.00198873	-0.999998
-0.000160125	0.00198889	-0.999998
0.0807033	-0.996738	-0
-0.0740654	0.914756	0.39716
-0.0740648	0.914757	0.397158
-0.0719066	0.888094	0.454004
-0.0667484	0.824386	0.562078
-0.0667479	0.824388	0.562076
-0.0694654	0.857943	0.509028
-0.0694647	0.857941	0.50903
-0.063768	0.787577	0.612909
-0.080345	0.992314	0.0941187
-0.0797098	0.984468	0.156425
-0.0774984	0.957164	0.278984
-0.0787589	0.972732	0.218149
-0.0787597	0.972733	0.218146
-0.0759317	0.937814	0.338733
-0.0605367	0.747667	0.661309
-0.0273375	0.337636	0.94088
-0.022516	0.278087	0.960292
-0.012625	0.155927	0.987688
-0.0176045	0.217427	0.975918
-0.00759448	0.0937968	0.995562
-0.0533643	0.659155	0.750111
-0.0533715	0.659173	0.750095
-0.0494625	0.610894	0.790166
-0.0366386	0.452514	0.891004
-0.0366388	0.452513	0.891005
-0.0410814	0.507382	0.860741
-0.0453625	0.560256	0.827076
-0.0320501	0.395844	0.917758
-0.0320505	0.395845	0.917758
-0.057066	0.704802	0.707105
-0.0570583	0.704783	0.707125
-0.00253518	0.0313114	0.999506
-0.0806634	0.996246	0.0314253
-0.0806542	0.996248	0.0313837
0.0320505	-0.395845	0.917758
0.0320482	-0.395859	0.917752
0.0366388	-0.452513	0.891005
0.0453577	-0.560257	0.827076
0.0453611	-0.560239	0.827088
0.0410814	-0.507382	0.860741
0.0494625	-0.610894	0.790166
0.0494587	-0.610913	0.790151
0.00759358	-0.0937966	0.995562
0.00759478	-0.0938004	0.995562
0.012625	-0.155927	0.987688
0.0225161	-0.278088	0.960292
0.0225158	-0.278087	0.960292
0.0176045	-0.217427	0.975918
0.0273345	-0.337635	0.94088
0.0273363	-0.337624	0.940884
0.0533701	-0.659156	0.75011
0.0533695	-0.659154	0.750111
0.0759323	-0.937814	0.338733
0.0759317	-0.937815	0.33873
0.077499	-0.957163	0.278984
0.0797098	-0.984468	0.156425
0.0787596	-0.972732	0.218149
0.080345	-0.992314	0.0941187
0.0605367	-0.747667	0.661309
0.063768	-0.787577	0.612909
0.0719079	-0.888109	0.453973
0.0694639	-0.857924	0.509058
0.0667485	-0.824388	0.562076
0.0740655	-0.914757	0.397158
0.0740647	-0.914756	0.39716
0.0570653	-0.7048	0.707107
0.057066	-0.704802	0.707105
0.0806634	-0.996246	0.0314222
0.00253481	-0.0313102	0.999507
0.00253521	-0.0313115	0.999506
0.0806634	-0.996246	-0.0314223
0.0667486	-0.824388	-0.562075
0.0694639	-0.857924	-0.509059
0.0637679	-0.787576	-0.61291
0.0797098	-0.984468	-0.156425
0.080345	-0.992314	-0.0941187
0.0740648	-0.914757	-0.397158
0.0740654	-0.914756	-0.39716
0.0719079	-0.888109	-0.453973
0.0605368	-0.747668	-0.661307
0.0787596	-0.972732	-0.218149
0.0273347	-0.337637	-0.940879
0.0273364	-0.337626	-0.940883
0.0225157	-0.278084	-0.960293
0.0225155	-0.278083	-0.960293
0.012625	-0.155927	-0.987688
0.0176047	-0.217429	-0.975917
0.00759465	-0.0937989	-0.995562
0.00759409	-0.0938029	-0.995562
0.0533695	-0.659153	-0.750113
0.0533698	-0.659152	-0.750114
0.0494628	-0.610897	-0.790163
0.049459	-0.610916	-0.790149
0.0366387	-0.452511	-0.891006
0.0410814	-0.507382	-0.860741
0.0453611	-0.560239	-0.827088
0.0453577	-0.560257	-0.827076
0.0320505	-0.395845	-0.917758
0.0320482	-0.395859	-0.917752
0.0570658	-0.7048	-0.707107
0.0570655	-0.704802	-0.707105
0.00253472	-0.0313091	-0.999507
0.00253491	-0.0313078	-0.999507
0.077499	-0.957164	-0.278983
0.0759317	-0.937814	-0.338733
0.0759324	-0.937815	-0.33873
-0.0320501	0.395844	-0.917758
-0.0320505	0.395845	-0.917758
-0.0366387	0.452511	-0.891006
-0.0366384	0.452513	-0.891005
-0.0453625	0.560256	-0.827076
-0.0410814	0.507382	-0.860741
-0.0494628	0.610897	-0.790163
-0.00759461	0.0937992	-0.995562
-0.012625	0.155927	-0.987688
-0.0225156	0.278083	-0.960293
-0.0176047	0.217429	-0.975917
-0.0273377	0.337638	-0.940879
-0.0533698	0.659152	-0.750114
-0.0533656	0.659171	-0.750097
-0.0759317	0.937814	-0.338733
-0.0774984	0.957164	-0.278983
-0.0797098	0.984468	-0.156425
-0.0787596	0.972732	-0.218149
-0.078759	0.972733	-0.218146
-0.080345	0.992314	-0.0941187
-0.0605368	0.747668	-0.661307
-0.0637679	0.787576	-0.61291
-0.0719066	0.888094	-0.454004
-0.0694652	0.857941	-0.509031
-0.0694647	0.857942	-0.509029
-0.066748	0.824388	-0.562075
-0.0667485	0.824387	-0.562077
-0.0740654	0.914756	-0.39716
-0.0740648	0.914757	-0.397158
-0.0570599	0.704802	-0.707105
-0.0570644	0.704783	-0.707125
-0.0806634	0.996246	-0.0314254
-0.0806542	0.996248	-0.0313838
-0.00253499	0.0313091	-0.999507
-0.074066	0.914771	0.397125
-0.0740665	0.91477	0.397128
-0.0719067	0.888095	0.454001
-0.071906	0.888094	0.454004
-0.0667465	0.82437	0.562102
-0.066747	0.824368	0.562105
-0.0637676	0.787578	0.612907
-0.0803358	0.992314	0.0941187
-0.0803454	0.992318	0.0940775
-0.0797013	0.984469	0.156425
-0.0797093	0.984462	0.156463
-0.0774982	0.957153	0.279019
-0.0787603	0.97274	0.218112
-0.0787512	0.972733	0.218149
-0.0273372	0.337635	0.94088
-0.0225152	0.278078	0.960295
-0.0126244	0.155921	0.987689
-0.0176049	0.217434	0.975916
-0.0176052	0.217435	0.975916
-0.00759469	0.0938001	0.995562
-0.0533701	0.659156	0.75011
-0.049464	0.610913	0.790151
-0.0366376	0.452498	0.891013
-0.0366349	0.452513	0.891005
-0.0410758	0.507367	0.86075
-0.045362	0.560255	0.827077
-0.0320517	0.395859	0.917752
-0.0320513	0.395858	0.917752
-0.0570658	0.7048	0.707107
0.0320516	-0.395858	0.917752
0.0366385	-0.452513	0.891005
0.0366389	-0.452514	0.891004
0.0453575	-0.560255	0.827077
0.0410758	-0.507367	0.86075
0.0494636	-0.610913	0.790151
0.0126245	-0.155921	0.987689
0.0176052	-0.217435	0.975916
0.0273365	-0.337624	0.940884
0.0774982	-0.957153	0.279019
0.0797087	-0.984462	0.156463
0.0797094	-0.984463	0.156459
0.0787596	-0.972741	0.218112
0.0787603	-0.972741	0.218109
0.0803453	-0.992317	0.0940806
0.0605361	-0.747667	0.661309
0.0637675	-0.787577	0.612909
0.0637681	-0.787578	0.612907
0.0719066	-0.888094	0.454004
0.0694654	-0.857943	0.509028
0.066747	-0.824368	0.562105
0.0740665	-0.91477	0.397128
0.0806634	-0.996246	0.0314253
0.0806634	-0.996246	-0.0314254
0.066747	-0.824369	-0.562103
0.0694653	-0.857942	-0.509029
0.0637674	-0.787576	-0.61291
0.0637681	-0.787577	-0.612908
0.0797093	-0.984462	-0.156462
0.0797087	-0.984463	-0.156459
0.0803453	-0.992317	-0.0940806
0.0740665	-0.91477	-0.397128
0.0719066	-0.888094	-0.454004
0.0605362	-0.747668	-0.661307
0.0787596	-0.97274	-0.218112
0.0787603	-0.972741	-0.218109
0.0273367	-0.337626	-0.940883
0.0225156	-0.278083	-0.960293
0.0126245	-0.155921	-0.987689
0.0176053	-0.217437	-0.975915
0.00759497	-0.0938028	-0.995562
0.0494638	-0.610916	-0.790149
0.0366388	-0.452512	-0.891005
0.0366383	-0.452511	-0.891006
0.0410798	-0.507367	-0.86075
0.041077	-0.507383	-0.860741
0.0453575	-0.560255	-0.827077
0.0320516	-0.395858	-0.917752
0.0774982	-0.957153	-0.279019
-0.0320517	0.395859	-0.917752
-0.0320513	0.395858	-0.917752
-0.0366347	0.452512	-0.891006
-0.0366374	0.452496	-0.891014
-0.045362	0.560255	-0.827077
-0.041077	0.507383	-0.860741
-0.0410798	0.507367	-0.86075
-0.0494643	0.610916	-0.790149
-0.00759495	0.0938025	-0.995562
-0.0126244	0.155921	-0.987689
-0.0225149	0.278073	-0.960296
-0.0176053	0.217437	-0.975916
-0.0176052	0.217437	-0.975915
-0.0273374	0.337637	-0.940879
-0.0533699	0.659153	-0.750113
-0.0774982	0.957153	-0.279019
-0.0797013	0.984469	-0.156425
-0.0797093	0.984462	-0.156462
-0.0787518	0.972741	-0.218112
-0.0803361	0.992318	-0.0940775
-0.0637675	0.787577	-0.612908
-0.071906	0.888094	-0.454004
-0.0719067	0.888095	-0.454001
-0.066747	0.824369	-0.562103
-0.0667466	0.824371	-0.562101
-0.074066	0.914771	-0.397125
-0.0740665	0.91477	-0.397128
-0.0570658	0.7048	-0.707107
0.000167696	-0.00207146	0.999998
-0	-0	1
-0.0807597	0.996734	-0
0.996734	0.0807606	0
0.0807615	-0.996733	-0
-0	0	-1

#	Mesh	0	End


COMPONENTFINISH

ALLCOMPONENTFINISH 1