ALLCOMPONENTSTART 2
COMPONENT 2 10969=IfcBeam
#	Mesh	0	Begin

#	Vertex	10
-206.724	105.215	-10.07
-215.868	106.015	-10.07
-215.807	107.415	-10.07
-206.602	106.609	-10.07
-215.807	107.415	-11.47
-206.602	106.609	-11.47
-215.868	106.015	-11.47
-206.724	105.215	-11.47
-206.663	106.615	-11.47
-206.663	106.615	-10.07

#	Triangle	6
0	2	1	9	2	0
9	4	2	8	4	9
8	6	4	7	6	8
1	7	0	6	7	1
6	2	4	1	2	6
8	0	7	9	0	8

#	Normal	6
-0	-0	1
0.0871565	0.996195	0
-0	-0	-1
-0.0871565	-0.996195	-0
-0.999048	0.0436192	-0
0.999048	-0.0436192	-0

#	Mesh	0	End


COMPONENTFINISH

COMPONENT 2 12338=IfcBeam
#	Mesh	0	Begin

#	Vertex	8
-304.779	106.51	-10.69
-304.779	106.51	-12.09
-304.779	105.11	-12.09
-304.779	105.11	-10.69
-320.719	106.51	-10.69
-320.719	106.51	-12.09
-320.719	105.11	-12.09
-320.719	105.11	-10.69

#	Triangle	6
3	4	7	0	4	3
0	5	4	1	5	0
1	6	5	2	6	1
2	7	6	3	7	2
3	1	0	2	1	3
4	6	7	5	6	4

#	Normal	6
-0	-0	1
0	1	0
-0	-0	-1
-0	-1	0
1	-0	-0
-1	-0	-0

#	Mesh	0	End


COMPONENTFINISH

COMPONENT 2 1762266=IfcBeam
#	Mesh	0	Begin

#	Vertex	8
81.9757	95.9666	-19.203
81.9757	95.9666	-20.303
81.8143	97.9601	-20.303
81.8143	97.9601	-19.203
93.2388	96.8786	-19.203
93.2388	96.8786	-20.303
93.0774	98.872	-20.303
93.0774	98.872	-19.203

#	Triangle	6
3	4	7	0	4	3
0	5	4	1	5	0
1	6	5	2	6	1
2	7	6	3	7	2
3	1	0	2	1	3
4	6	7	5	6	4

#	Normal	6
-0	-0	1
0.0807024	-0.996738	-0
-0	0	-1
-0.0807024	0.996738	-0
-0.996738	-0.0807031	-0
0.996738	0.0807031	0

#	Mesh	0	End


COMPONENTFINISH

COMPONENT 2 1810269=IfcBeam
#	Mesh	0	Begin

#	Vertex	8
66.9806	101.017	-2.41
66.9806	101.017	-2.81
67.479	101.057	-2.81
67.479	101.057	-2.41
67.4891	94.7362	-2.41
67.4891	94.7362	-2.81
67.9875	94.7765	-2.81
67.9875	94.7765	-2.41

#	Triangle	6
3	4	7	0	4	3
0	5	4	1	5	0
1	6	5	2	6	1
2	7	6	3	7	2
3	1	0	2	1	3
4	6	7	5	6	4

#	Normal	6
-0	0	1
-0.996738	-0.0807018	-0
0	-0	-1
0.996738	0.0807031	-0
-0.0807034	0.996738	-0
0.0807022	-0.996738	-0

#	Mesh	0	End


COMPONENTFINISH

COMPONENT 2 1823697=IfcBeam
#	Mesh	0	Begin

#	Vertex	35
74.284	-61.2149	2.02461
73.4827	-61.1063	2.02544
73.4823	-61.101	0.925449
73.8964	-61.1572	0.92502
73.8968	-61.1623	2.006
74.284	-61.2148	2.006
75.2041	-61.3014	2.02384
74.808	-61.2641	2.006
74.8076	-61.2589	0.92418
75.2036	-61.2961	0.923848
74.6279	-58.6447	2.03677
74.6275	-58.6394	0.936784
73.9819	-50.6656	0.975191
73.9823	-50.6709	2.07518
74.3406	-50.6366	0.975191
74.341	-50.6419	2.07518
74.9866	-58.6157	2.03677
74.9862	-58.6104	0.936784
72.2633	-46.0464	2.09797
73.9564	-45.9093	2.09797
73.9578	-45.9092	2.09797
73.9574	-45.9039	0.997986
72.2629	-46.0411	0.997986
74.7359	-60.3738	0.928443
73.8389	-60.4465	0.928443
74.1056	-52.5965	0.965903
74.0087	-51.4004	0.971664
73.1116	-51.4731	0.971664
73.2085	-52.6692	0.965903
74.0087	-51.4004	2.051
74.1056	-52.5965	2.051
73.2085	-52.6692	2.051
73.1116	-51.4731	2.051
73.8389	-60.4465	2.006
74.7359	-60.3738	2.006

#	Triangle	36
4	2	3
4	1	2
5	1	4
0	1	5
6	8	9
6	7	8
7	0	5
6	0	7
13	11	12	16	9	17
10	11	13
15	12	14
13	12	15
17	10	16
11	10	17
18	21	22
18	19	21
19	20	21
1	19	18	1	13	20	13	15	20	1	16	10	1	6	16
1	20	19
1	10	13
0	6	1
14	20	15	21	20	14
14	22	21	14	12	22	12	27	22	11	26	12	26	27	12	28	2	27	11	28	25	11	2	28	9	11	17	9	23	11	23	24	11	9	8	23	3	2	24
27	2	22	24	2	11
11	25	26
1	22	2	18	22	1
32	30	31	29	30	32	34	4	33	34	5	4	34	7	5
25	29	26	30	29	25
26	32	27	29	32	26	23	33	24	34	33	23
27	31	28	32	31	27
28	30	25	31	30	28
8	34	23
7	34	8
24	4	3
33	4	24
6	9	16

#	Normal	36
-0.134316	-0.990928	-0.0046886
-0.134316	-0.990927	-0.00468852
-0.134327	-0.990925	-0.0049361
-0.134322	-0.990926	-0.00472852
-0.093607	-0.995598	-0.00472935
-0.0936141	-0.995597	-0.00472676
-0.0936008	-0.995598	-0.00476817
-0.0936058	-0.995597	-0.00491196
0.996738	0.0807021	4.04372e-006
0.996738	0.0807031	-3.03063e-006
0.0807051	-0.996726	-0.00480284
0.0807033	-0.996727	-0.00480227
-0.0807051	0.996726	0.00479873
-0.0806925	0.996727	0.00480284
-0.0807023	0.996727	0.00479873
-0.0807003	0.996727	0.00480175
-0.0798537	0.996795	0.00480284
0.000387432	-0.00478516	0.999988
0.000383331	-0.00478503	0.999988
0.000387514	-0.00478518	0.999988
0.000387191	-0.00478732	0.999988
0.996738	0.0807023	-3.0343e-006
-0.000387442	0.00478517	-0.999988
-0.000387505	0.00478516	-0.999988
-0.000388584	0.00478507	-0.999988
-0.996738	-0.0807026	-3.75938e-006
0	-0	-1
-0.996739	-0.0806966	0
0.0807026	-0.996738	-0
0.996738	0.0807031	-0
-0.0807033	0.996738	-0
-0.996739	-0.0806963	0
-0.996738	-0.0806995	2.60312e-006
0.996738	0.0807076	-2.85764e-006
0.996737	0.0807119	0
0.996738	0.0807047	-3.02307e-006

#	Mesh	0	End


COMPONENTFINISH

COMPONENT 2 1823919=IfcBeam
#	Mesh	0	Begin

#	Vertex	26
74.323	-61.1318	2.02414
75.1428	-61.2613	2.02465
75.1443	-61.2567	0.924657
74.803	-61.2027	0.924446
74.8034	-61.2076	2.006
74.323	-61.1317	2.006
73.438	-61.0248	2.02345
73.8901	-61.0793	2.006
73.8897	-61.0745	0.923811
73.4394	-61.0201	0.923461
72.3247	-70.5403	1.98153
70.6198	-70.3039	1.98033
70.6213	-70.2992	0.880341
71.0794	-70.3627	0.880663
71.0798	-70.3676	1.963
71.993	-70.4942	1.963
71.9926	-70.4894	0.881304
72.3261	-70.5356	0.881538
71.935	-69.7773	0.884259
71.0379	-69.85	0.882791
73.9357	-61.6425	0.921454
74.8328	-61.5699	0.922922
74.8328	-61.5699	2.006
73.9357	-61.6425	2.006
71.0379	-69.85	1.963
71.935	-69.7773	1.963

#	Triangle	30
4	2	3
4	1	2
5	1	4
0	1	5
6	8	9	6	7	8
7	0	5
6	0	7
10	16	17
10	15	16
14	12	13
14	11	12
10	14	15
10	11	14
0	10	1	6	10	0	11	10	6
17	1	10
2	1	17
17	21	2	20	9	8	20	12	9	17	20	21	17	18	20	18	19	20	19	12	20	13	12	19
21	3	2	17	16	18
12	6	9	11	6	12
5	23	7	5	22	23	4	22	5	14	25	15	24	25	14
21	4	3
22	4	21
8	23	20
7	23	8
20	22	21	23	22	20
16	25	18
15	25	16
18	24	19	25	24	18
19	14	13
24	14	19

#	Normal	30
0.156101	0.987731	0.0044053
0.156096	0.987732	0.00440389
0.156104	0.987731	0.00425693
0.1561	0.987731	0.00445601
0.120033	0.99276	0.00437866
0.120037	0.99276	0.00443107
0.120036	0.99276	0.00445137
-0.137355	-0.990512	-0.00439051
-0.137351	-0.990513	-0.004392
-0.13733	-0.990516	-0.00439756
-0.137344	-0.990514	-0.00439148
-0.137336	-0.990514	-0.00464661
-0.137341	-0.990514	-0.00432375
-0.00129206	-0.0042545	0.99999
0.956843	-0.290604	-6.27381e-006
0.956843	-0.290605	5.1846e-007
0.0012923	0.00425444	-0.99999
0.0012922	0.00425453	-0.99999
-0.956843	0.290604	-5.21837e-007
-0	-0	-1
-0.996737	-0.0807145	2.50412e-006
-0.996738	-0.0807071	-0
0.996738	0.0807047	-0
0.996738	0.0807041	-3.0653e-007
-0.0806983	0.996739	-0
-0.996738	-0.080701	0
-0.996738	-0.0807088	5.1528e-006
0.0807033	-0.996738	-0
0.996738	0.0807013	2.59332e-006
0.996739	0.0806959	0

#	Mesh	0	End


COMPONENTFINISH

COMPONENT 2 1824325=IfcBeam
#	Mesh	0	Begin

#	Vertex	73
72.3909	-70.5091	1.98018
72.3905	-70.5037	0.880196
71.9913	-70.4732	0.880507
71.9917	-70.4786	1.963
71.4824	-70.4397	1.963
71.4824	-70.4397	1.98089
70.6716	-70.3393	1.98171
71.0816	-70.39	1.963
71.0812	-70.3846	0.881311
70.6712	-70.3338	0.881728
75.273	-106.078	1.80279
74.4391	-106.312	1.80196
73.6052	-106.545	1.80114
73.6052	-106.545	1.70114
73.6051	-106.544	1.60261
73.6048	-106.54	0.701157
73.9941	-106.431	0.70154
73.9945	-106.436	1.784
74.8774	-106.189	1.784
74.877	-106.184	0.70241
75.2725	-106.073	0.7028
72.852	-97.2487	0.747494
72.8524	-97.2541	1.84748
74.1332	-97.1504	1.84748
74.1332	-97.1503	1.828
73.2566	-97.2213	1.828
73.2562	-97.2159	0.747494
73.3857	-87.924	1.8935
72.1048	-88.0278	1.8935
72.1044	-88.0223	0.793509
72.5066	-87.9897	0.793509
72.507	-87.9951	1.873
73.3857	-87.9239	1.873
74.1332	-97.1504	1.84748
73.4419	-88.6178	1.873
73.4419	-88.6178	0.790022
74.0962	-96.6942	0.749742
74.0962	-96.6942	1.828
74.8346	-105.66	0.705021
73.9375	-105.733	0.705021
73.2923	-97.6622	0.745268
74.1894	-97.5896	0.745268
74.1168	-96.6925	0.749742
73.4602	-88.6163	0.790022
73.3876	-87.7193	0.794496
72.4905	-87.7919	0.794496
71.1105	-70.747	0.879504
72.0076	-70.6744	0.879504
72.7338	-79.6453	0.834763
72.6612	-78.7482	0.839237
71.7641	-78.8209	0.839237
71.8367	-79.7179	0.834763
72.0076	-70.6744	1.963
71.1105	-70.747	1.963
72.6612	-78.7482	1.917
72.7338	-79.6453	1.917
71.8367	-79.7179	1.917
71.7641	-78.8209	1.917
73.3876	-87.7193	1.873
73.4602	-88.6163	1.873
72.4905	-87.7919	1.873
74.1168	-96.6925	1.828
74.1174	-96.7007	1.828
74.1336	-96.9001	1.828
74.1894	-97.5896	1.828
73.2923	-97.6622	1.828
74.1332	-97.1503	1.828
73.2562	-97.2159	0.747494
73.9375	-105.733	1.784
74.4451	-105.692	1.784
74.8346	-105.66	1.784
74.8505	-105.857	1.784
73.9385	-105.744	1.784

#	Triangle	69
3	1	2
3	0	1
5	3	4
5	0	3
6	8	9
6	7	8
6	4	7
6	5	4
10	19	20
10	18	19
17	15	16
17	14	15
17	13	14
17	12	13
10	17	18
10	11	17
11	12	17
22	26	21
22	25	26
22	24	25
22	23	24
31	29	30	31	28	29
32	28	31
27	28	32
37	35	36	37	34	35
24	34	37
34	27	32
33	34	24
33	27	34
28	5	6	27	10	0	33	10	27	12	11	33
28	0	5	28	27	0	12	33	22	11	10	33
20	0	10
1	0	20
8	29	9	1	47	2	20	47	1	49	50	47	20	48	49	48	29	51	44	45	48	45	29	48	30	29	45	20	43	44	20	42	43	20	41	42	26	15	21	20	38	41	38	39	41	20	19	38
46	29	8
47	50	46	50	29	46	20	49	47	51	29	50	20	44	48	41	15	40	39	15	41	16	15	39
43	36	35	42	36	43	40	15	26
28	9	29
6	9	28
15	22	21
15	14	22
14	13	22
13	12	22
7	52	53	4	52	7	3	52	4	57	55	56	54	55	57	60	32	31	58	32	60	32	59	34	58	59	32	25	64	65	66	64	25	37	64	66	61	62	37	62	63	37	63	64	37	69	72	68	69	17	72	69	18	17	70	71	69	71	18	69
47	3	2
52	3	47
8	53	46
7	53	8
46	52	47	53	52	46	51	55	48	56	55	51	40	64	41	65	64	40
48	54	49	55	54	48	43	58	44	59	58	43	64	42	41
49	57	50	54	57	49
50	56	51	57	56	50	65	40	25
44	60	45	58	60	44
30	60	31
45	60	30
34	43	35	59	43	34
64	63	42
63	62	42
62	61	42
36	61	37	42	61	36
25	40	67
18	38	19
18	71	38
71	70	38
38	68	39	38	69	68
38	70	69
68	16	39
68	72	16
72	17	16

#	Normal	69
0.0761666	0.997083	0.00491348
0.0761454	0.997085	0.00490563
0.0761565	0.997085	0.0047562
0.0761545	0.997085	0.0046966
0.122968	0.992399	0.00486998
0.12296	0.9924	0.00486725
0.122973	0.992397	0.0051619
0.122963	0.9924	0.00471326
0.269453	-0.963001	-0.00487627
0.269464	-0.962998	-0.00488074
0.269468	-0.962997	-0.00488376
0.269461	-0.962999	-0.00488125
0.269444	-0.963004	-0.00484093
0.269445	-0.963004	-0.00484509
0.269467	-0.962997	-0.00494613
0.269466	-0.962998	-0.00482601
0.269456	-0.963002	-0.00456987
-0.0807311	0.996724	0.00497389
-0.0807646	0.996721	0.0049615
-0.0807585	0.996721	0.00508656
-0.0807625	0.996722	0.00482909
0.08074	-0.996723	-0.00497338
0.0807541	-0.996723	-0.0046943
0.0807491	-0.996722	-0.00500068
-0.996734	-0.0807499	-0
-0.996734	-0.0807462	-0.000663227
-0.996734	-0.0807514	0.000359721
-0.996734	-0.0807511	0.000281313
-0.996734	-0.0807514	0.00035879
0.000401491	-0.00495475	0.999988
0.000401506	-0.00495475	0.999988
0.996733	0.0807614	-3.71544e-006
0.996733	0.0807611	3.36247e-006
-0.000401411	0.00495475	-0.999988
-0.000398686	0.00495491	-0.999988
-0.000401513	0.00495475	-0.999988
-0.00040003	0.00495487	-0.999988
-0.996733	-0.0807613	-3.93716e-006
-0.996734	-0.0807609	3.14401e-006
-0.996733	-0.0807617	3.14037e-006
-0.996734	-0.0807609	-2.99433e-006
-0.996733	-0.0807609	-1.86421e-006
-0.996734	-0.0807609	-8.14589e-006
0	-0	-1
-0.996739	-0.0806911	-4.43252e-006
-0.996737	-0.0807155	-0
0.996738	0.0807068	-0
0.996739	0.080697	-3.3168e-006
-0.0807033	0.996738	-0
-0.996738	-0.0807033	0
0.0807033	-0.996738	-0
0.996738	0.0807033	-0
0.0806947	-0.996739	-0
0.996741	0.0806728	3.1855e-006
0.996739	0.0806901	-0
-0.0804729	0.996757	-0
-0.996739	-0.0806985	3.99348e-006
-0.996738	-0.0807015	3.40786e-006
-0.996702	-0.0811491	0
0.0804998	-0.996755	-0
0.996739	0.0806945	3.2906e-006
-0.996733	-0.0807656	2.97507e-006
-0.996733	-0.0807636	3.93237e-006
-0.996732	-0.080785	0
0.0807644	-0.996733	-0
0.0807649	-0.996733	-0
0.996734	0.0807598	0
0.996736	0.0807263	2.17692e-005
0.996733	0.0807642	-2.39671e-006

#	Mesh	0	End


COMPONENTFINISH

COMPONENT 2 1824560=IfcBeam
#	Mesh	0	Begin

#	Vertex	35
79.5957	-114.756	1.74306
77.9241	-115.209	1.74444
77.924	-115.209	1.64444
77.9221	-115.205	0.644453
78.2635	-115.112	0.64417
78.2639	-115.117	1.73825
78.2639	-115.117	1.741
79.1474	-114.877	1.741
79.1474	-114.877	1.73906
79.147	-114.873	0.643439
79.5369	-114.767	0.643116
79.5937	-114.752	0.643069
74.3951	-105.943	0.685759
74.3971	-105.947	1.78575
75.1651	-105.736	1.78513
75.1631	-105.731	0.685135
73.5002	-106.202	0.686436
73.5022	-106.206	1.78643
74.3568	-106.734	1.78287
74.3548	-106.729	0.682877
74.4724	-108.181	0.677206
74.4744	-108.185	1.7772
73.7841	-106.78	1.78375
73.7821	-106.776	0.68376
79.5242	-114.61	0.64373
79.4249	-114.408	0.644672
79.116	-114.489	0.644939
79.0924	-114.198	0.646077
78.1953	-114.27	0.647459
78.2317	-114.72	0.645703
77.8558	-115.07	0.645082
78.1953	-114.27	1.741
78.3839	-114.255	1.741
79.0924	-114.198	1.741
78.196	-114.279	1.741

#	Triangle	37
0	10	11
0	9	10
0	8	9
5	3	4
5	2	3
5	1	2
6	1	5
0	7	8
7	1	6
0	1	7
15	13	14	12	13	15
17	12	16	13	12	17
21	19	20	18	19	21
23	18	22	19	18	23
22	13	17	22	14	13	22	18	14	18	0	14	21	0	18	1	0	21
0	15	14
0	25	15
0	24	25
0	11	24
12	23	16	15	23	12	25	19	15	19	23	15	25	20	19	25	27	20	27	28	20	28	30	20	29	30	28	25	26	27	4	30	29	4	3	30	25	9	26	24	9	25	11	10	24	10	9	24
22	16	23	17	16	22
34	7	6	31	7	34	32	7	31	33	7	32
26	33	27	9	33	26
8	33	9
8	7	33
33	28	27
33	32	28
32	31	28
31	29	28
31	4	29
31	5	4
34	5	31
6	5	34
30	21	20
30	1	21
3	2	30
2	1	30

#	Normal	37
0.261472	-0.965202	-0.00410923
0.261486	-0.965198	-0.00411004
0.261495	-0.965196	-0.00411389
0.261497	-0.965196	-0.0041059
0.261507	-0.965193	-0.0041092
0.261502	-0.965194	-0.0040894
0.261476	-0.965194	-0.00548601
0.261493	-0.965197	-0.0038885
0.261492	-0.965197	-0.00403943
0.261493	-0.965198	-0.00368549
-0.265105	0.964211	0.00411222
-0.278297	0.960486	0.00412258
-0.996731	-0.0807713	0.0015371
0.0807655	-0.996726	-0.00389397
0.00184531	-0.0037569	0.999991
0.897576	0.440861	-1.0969e-006
0.897575	0.440861	2.12069e-006
0.897576	0.44086	1.88427e-006
0.897585	0.440842	-1.18532e-006
-0.00184525	0.00375692	-0.999991
-0.897578	-0.440855	1.1242e-006
0	-0	-1
-0.996738	-0.080706	0
-0.996738	-0.0807017	-2.5943e-006
-0.996738	-0.0807008	-0.00032512
0.0807033	-0.996738	-0
0.0807002	-0.996738	2.57142e-006
0.080715	-0.996737	-0
0.996738	0.0807065	0
0.996738	0.0807008	2.36911e-006
0.996738	0.080702	1.44647e-006
2.39895e-005	1.93291e-006	2.90411e-006
0.996738	0.0807046	0.000458712
-0.897576	-0.44086	1.09775e-006
-0.897576	-0.44086	-4.23935e-006
-0.897573	-0.440866	-1.79373e-006
-0.89746	-0.441097	-4.14904e-005

#	Mesh	0	End


COMPONENTFINISH

COMPONENT 2 1825010=IfcBeam
#	Mesh	0	Begin

#	Vertex	56
79.4249	-114.408	0.644672
79.427	-114.413	1.64466
79.5065	-114.392	1.65353
79.5061	-114.387	0.641275
79.116	-114.489	0.640936
79.116	-114.489	0.644939
80.7481	-129.716	1.66681
80.7481	-129.716	0.566798
79.5242	-114.61	1.64374
79.5242	-114.61	0.64373
79.5369	-114.767	0.643116
79.5372	-114.772	1.73942
80.3482	-129.748	0.566798
80.2599	-128.658	0.572093
79.3628	-128.731	0.572093
79.426	-129.511	0.568305
79.4143	-129.512	0.568305
79.4394	-129.822	0.566798
79.0536	-129.853	0.566798
77.8358	-114.823	0.639823
78.2317	-114.72	0.640167
78.2922	-115.466	0.63654
79.1892	-115.394	0.636539
79.8752	-123.861	0.5954
79.7783	-122.665	0.601211
78.8813	-122.738	0.601212
78.9781	-123.934	0.5954
79.0536	-129.853	1.66681
77.8683	-115.224	1.73789
77.8683	-115.224	1.65078
77.8558	-115.07	1.64509
77.8558	-115.07	0.645082
77.8358	-114.823	0.646046
79.4394	-129.822	1.66681
80.2599	-128.658	1.667
80.3482	-129.748	1.66681
80.345	-129.709	1.667
79.3628	-128.731	1.667
79.426	-129.511	1.667
80.3333	-129.71	1.667
80.3114	-129.439	1.667
79.147	-114.873	0.643439
79.1474	-114.877	1.73906
79.1892	-115.394	1.73655
78.2317	-114.72	0.645703
78.2635	-115.112	0.64417
78.2639	-115.117	1.73825
78.2922	-115.466	1.73655
77.9221	-115.205	0.644453
77.924	-115.209	1.64444
79.8752	-123.861	1.69541
79.7783	-122.665	1.70122
78.8813	-122.738	1.70122
78.9781	-123.934	1.69541
80.3114	-129.439	1.66832
79.4143	-129.512	1.66832

#	Triangle	60
5	3	4
5	0	3
0	2	3
1	2	0
2	9	3
9	7	3
9	10	7
10	6	7	15	37	38	14	37	15
2	8	9
11	6	10
7	4	3	7	22	4	21	19	20	21	18	19	22	25	21	25	18	21	7	24	22	24	25	22	26	18	25	7	23	24	23	18	26	7	13	23	13	14	23	14	18	23	7	12	13	15	16	14	16	18	14	17	18	16
18	32	19
18	31	32
31	29	30
18	29	31	18	27	29
29	27	28
33	18	17	27	18	33
35	13	12	35	34	13
35	36	34
13	37	14	34	37	13
34	38	37	34	40	38	40	36	39	34	36	40
12	6	35	7	6	12
10	42	11
41	42	10
8	0	9
1	0	8
5	9	0	41	9	5	41	10	9	32	45	44	31	45	32	48	45	31
8	2	1
43	41	22
41	4	22
41	5	4
43	42	41
44	21	20
44	45	21
45	47	21
46	47	45
43	21	47	22	21	43	50	26	53	23	26	50
19	44	20
32	44	19
48	46	45
49	46	48
29	46	49
28	46	29
51	23	50	24	23	51
52	24	51	25	24	52
53	25	52	26	25	53
39	54	40
16	38	55	15	38	16
38	54	55
40	54	38
17	55	33	16	55	17
49	31	30
48	31	49
42	6	11	28	47	46	27	47	28	27	52	47	52	43	47	52	51	43	51	6	43	27	50	53	27	55	50	55	54	50	54	6	50	27	33	55	36	6	54
43	6	42
27	53	52
50	6	51
39	36	54
35	6	36
30	29	49

#	Normal	60
-0.252623	0.967557	0.00377658
-0.252607	0.967554	0.0053371
-0.25263	0.967551	0.00476663
-0.252627	0.967552	0.00476632
0.996731	0.0807887	-2.6269e-006
0.996731	0.0807696	-0.00173556
0.996289	0.0805707	0.0302797
0.996733	0.0807614	-0
0.996732	0.0807766	-0
0.996733	0.0807611	-4.26135e-006
-0.000391129	0.00482689	-0.999988
-0.996734	-0.0807598	-0.000304198
-0.996731	-0.0807719	0.00203532
-0.996734	-0.0807588	0
-0.996733	-0.0807613	-3.9117e-007
-0.996733	-0.0807614	1.71446e-005
0.0807568	-0.996734	-0
-0.996734	-0.0807558	-0
-0.996475	-0.0807388	0.0227885
0.0807637	-0.996733	-0
-0	-0	-1
0.0807521	-0.996734	-0
-0.261488	0.965198	0.00411321
-0.261486	0.965198	0.00411389
-0.897576	-0.44086	-0
-0.897568	-0.440876	-4.03328e-006
0.00184527	-0.00375708	0.999991
-0.0972834	-0.0524197	0.993875
-0.996738	-0.0806995	-0
-0.996738	-0.0807016	0.000161146
-0.996738	-0.0807047	-0.000315007
-0.996738	-0.0807049	-2.60751e-006
0.996737	0.080714	-0.0010649
0.996738	0.0807007	2.91749e-005
0.996738	0.0807013	-0
0.996738	0.0807058	1.46242e-006
-0.0807033	0.996738	-0
-0.252624	0.967554	0.00445279
-0.252613	0.96756	0.00364451
-0.261497	0.965196	0.0041059
-0.261507	0.965193	0.0041092
-0.261421	0.965218	0.00377375
-0.2615	0.965194	0.00416261
-0.996738	-0.0807031	-0
0.0807033	-0.996738	-0
0.996738	0.0807031	0
-0.996737	-0.0807118	0
0.0806727	-0.996741	-0
0.0807033	-0.996738	0.000273302
0.0807037	-0.996738	-0
0.996737	0.0807168	-0
0.897578	0.440856	0
0.897573	0.440866	1.79373e-006
0.000390815	-0.00482692	0.999988
0.000398528	-0.00482609	0.999988
0.000390372	-0.00482692	0.999988
0.000391802	-0.0048268	0.999988
0.000393345	-0.00482654	0.999988
0.000391166	-0.00482822	0.999988
0.100956	0.044951	0.993875

#	Mesh	0	End


COMPONENTFINISH

COMPONENT 2 1825236=IfcBeam
#	Mesh	0	Begin

#	Vertex	28
85.118	-60.2103	0.922159
85.1185	-60.2162	2.02214
83.5521	-59.7856	2.02511
83.5517	-59.7798	0.925121
85.2867	-60.1435	0.922442
85.2872	-60.1493	2.02243
83.2515	-49.921	2.07766
83.2511	-49.9152	0.977671
83.3104	-50.6482	0.97375
83.3104	-50.6482	2.051
83.4073	-51.8443	2.051
83.4073	-51.8443	0.967352
83.9048	-57.9887	0.934487
83.9052	-57.9945	2.03447
83.4099	-58.0287	0.934487
83.4104	-58.0346	2.03447
82.7567	-49.9611	2.07766
82.7562	-49.9553	0.977671
82.3765	-45.266	2.10277
84.071	-45.1288	2.10277
84.0705	-45.123	1.00278
82.3761	-45.2601	1.00278
82.4135	-45.722	2.10033
84.1079	-45.5848	2.10033
84.2095	-51.7794	0.967352
84.1127	-50.5833	0.97375
84.1127	-50.5833	2.051
84.2095	-51.7794	2.051

#	Triangle	27
3	1	2
0	1	3
5	0	4
1	0	5
8	6	7
8	9	6
9	10	6
10	13	6
11	13	10	24	26	25	27	26	24
12	13	11
15	12	14
13	12	15
17	6	16	7	6	17
21	19	20	18	19	21
1	15	2	1	13	15	6	22	16	6	19	18	1	6	13	1	19	6	5	23	1
6	18	22
23	19	1
19	4	20	23	5	4
19	23	4
20	17	21	20	7	17	12	3	14	12	0	3	20	8	7	20	25	8	24	12	11	24	0	12	25	0	24	20	0	25	20	4	0
16	21	17
16	22	21
22	18	21
9	27	10	26	27	9
25	9	8	26	9	25
11	27	24	10	27	11
14	2	15	3	2	14

#	Normal	27
-0.265071	-0.964216	-0.00500763
-0.265068	-0.964217	-0.00501294
0.368596	-0.929576	-0.00510143
0.368581	-0.929581	-0.00509884
-0.996738	-0.0807036	3.08741e-006
-0.996739	-0.080699	-0
-0.996738	-0.0807031	0.00011338
-0.996738	-0.0807028	9.33234e-005
-0.996738	-0.0807026	0
-0.996738	-0.0807033	-3.98985e-006
-0.0807	0.996724	0.00533014
-0.0807013	0.996724	0.00532956
0.0807013	-0.996724	-0.00533014
-0.0807021	0.996724	0.00533014
0.000430303	-0.00531389	0.999986
0.000428386	-0.00531431	0.999986
0.000445104	-0.00531291	0.999986
0.996738	0.0807027	-3.09223e-006
0.996739	0.0806935	0.000115134
-0.000430256	0.00531394	-0.999986
-0.996738	-0.0807028	3.09183e-006
-0.996738	-0.0807037	-6.05709e-007
-0.996739	-0.0806948	3.13457e-006
0	-0	-1
0.0807021	-0.996738	-0
-0.0806973	0.996739	-0
-0.996738	-0.0807013	3.10019e-006

#	Mesh	0	End


COMPONENTFINISH

COMPONENT 2 1825386=IfcBeam
#	Mesh	0	Begin

#	Vertex	10
83.5568	-60.0729	2.02538
85.2104	-60.5684	2.02662
85.2124	-60.5644	0.926626
83.5589	-60.0688	0.925387
79.6509	-69.8493	1.98203
79.653	-69.8452	0.88204
80.4753	-69.9905	0.88303
80.4732	-69.9946	1.98302
78.7399	-69.6577	1.98105
78.742	-69.6536	0.881057

#	Triangle	9
3	1	2	0	1	3
7	5	6	4	5	7
9	4	8	5	4	9
4	0	8	7	0	4	1	0	7
8	3	9
0	3	8
3	5	9	3	6	5	3	2	6
6	1	7
2	1	6

#	Normal	9
0.287058	0.957905	0.00407191
-0.174019	-0.984734	-0.00395941
-0.205791	-0.978588	-0.00399561
-0.00185571	-0.00369238	0.999991
-0.893512	0.44904	2.09103e-006
-0.893512	0.44904	-4.25757e-006
0.00185559	0.00369243	-0.999991
0.893512	-0.449039	-2.08738e-006
0.893512	-0.44904	4.2558e-006

#	Mesh	0	End


COMPONENTFINISH

COMPONENT 2 1825572=IfcBeam
#	Mesh	0	Begin

#	Vertex	18
84.8481	-59.7251	0.927379
84.8512	-59.7294	2.02737
85.0338	-59.5595	2.02751
85.0307	-59.5552	0.927525
83.1996	-59.9259	0.931249
83.2027	-59.9302	2.03124
91.5547	-68.5528	1.97412
89.948	-69.233	1.976
89.9449	-69.2287	0.876018
90.2032	-69.1194	0.875714
90.2036	-69.1247	1.963
91.0767	-68.7551	1.963
91.0762	-68.7498	0.874689
91.5515	-68.5485	0.874131
91.0348	-68.2378	0.876799
90.1377	-68.3104	0.879047
90.1377	-68.3104	1.963
91.0348	-68.2378	1.963

#	Triangle	23
3	1	2
0	1	3
5	0	4
1	0	5
6	12	13
6	11	12
10	8	9
10	7	8
11	7	10
6	7	11
7	1	5	1	6	2	7	6	1
13	2	6
3	2	13
0	8	4	13	0	3	14	15	0	15	8	0
13	14	0	9	8	15	13	12	14
7	4	8
5	4	7
10	17	11	16	17	10
12	17	14
11	17	12
14	16	15	17	16	14
15	10	9
16	10	15

#	Normal	23
-0.681291	0.731997	0.00476739
-0.681282	0.732005	0.00477
-0.120911	0.992654	0.00420528
-0.120911	0.992654	0.00420443
0.389849	-0.920867	-0.0046861
0.389842	-0.92087	-0.00468212
0.389833	-0.920874	-0.00467993
0.389845	-0.920869	-0.00468332
0.389841	-0.92087	-0.00476554
0.389842	-0.92087	-0.00470494
0.00282148	-0.00389122	0.999988
0.809581	0.587008	-3.78231e-006
0.809581	0.587008	-1.1878e-007
-0.00282143	0.00389125	-0.999988
-0.00282179	0.00389099	-0.999988
-0.809581	-0.587009	-1.96957e-006
-0.809581	-0.587008	3.78287e-006
-0	0	-1
-0.996738	-0.0807027	0
-0.996739	-0.0806958	-3.27351e-006
0.0806947	-0.996739	-0
0.996739	0.0806959	2.69725e-006
0.996739	0.0806924	0

#	Mesh	0	End


COMPONENTFINISH

COMPONENT 2 1825901=IfcBeam
#	Mesh	0	Begin

#	Vertex	40
78.8231	-69.1216	1.98642
80.557	-69.4702	1.98422
80.5566	-69.4653	0.88423
78.8227	-69.1167	0.886426
83.4286	-104.911	1.82401
81.7761	-105.566	1.82167
81.7757	-105.561	0.721684
82.1517	-105.412	0.722217
82.1521	-105.417	1.784
83.027	-105.07	1.784
83.0266	-105.065	0.723457
83.4282	-104.906	0.724026
83.0212	-104.999	0.723754
82.1242	-105.072	0.723755
80.9249	-78.9822	0.841357
80.8522	-78.0851	0.845412
79.9552	-78.1578	0.845412
80.0279	-79.0549	0.841357
81.6587	-87.9527	0.800805
81.5861	-87.0556	0.80486
80.689	-87.1283	0.80486
80.7617	-88.0253	0.800805
82.3847	-96.9228	0.760257
82.312	-96.0257	0.764312
81.415	-96.0984	0.764312
81.4876	-96.9954	0.760257
80.8522	-78.0851	1.917
80.9249	-78.9822	1.917
80.0279	-79.0549	1.917
79.9552	-78.1578	1.917
81.5861	-87.0556	1.873
81.6587	-87.9527	1.873
80.7617	-88.0253	1.873
80.689	-87.1283	1.873
82.312	-96.0257	1.83704
82.3847	-96.9228	1.83704
81.4876	-96.9954	1.83704
81.415	-96.0984	1.83704
82.1242	-105.072	1.784
83.0212	-104.999	1.784

#	Triangle	29
3	1	2
0	1	3
4	10	11
4	9	10
8	6	7
8	5	6
4	8	9
4	5	8
4	0	5	1	0	4
2	4	11	1	4	2
2	16	3	16	6	3	11	15	2	15	16	2	11	19	14	19	17	14	19	20	17	20	6	17	18	24	21	24	6	21	11	23	18	23	24	18	22	6	25	11	13	22	13	6	22	12	13	11	7	6	13
11	14	15
17	6	16
21	6	20	11	22	23
11	18	19	25	6	24
10	12	11
5	3	6	0	3	5
29	27	28	26	27	29	33	31	32	30	31	33	37	35	36	34	35	37	8	39	9	38	39	8
14	26	15	27	26	14
15	29	16	26	29	15
16	28	17	29	28	16
17	27	14	28	27	17
18	30	19	31	30	18	22	34	23	35	34	22
19	33	20	30	33	19	23	37	24	34	37	23	12	38	13	39	38	12
20	32	21	33	32	20	24	36	25	37	36	24	38	8	13
21	31	18	32	31	21	25	35	22	36	35	25
10	39	12
9	39	10
13	8	7

#	Normal	29
0.197107	0.980373	0.00432918
0.197102	0.980373	0.00433615
0.368653	-0.929557	-0.00430602
0.368647	-0.92956	-0.00430326
0.368644	-0.929561	-0.00430779
0.368656	-0.929556	-0.00431262
0.368649	-0.929559	-0.00432949
0.36865	-0.929558	-0.00437275
0.000363904	-0.00449081	0.99999
0.996733	0.0807612	1.47478e-006
-0.000363861	0.00449081	-0.99999
-0.000362233	0.00449097	-0.99999
-0.000368108	0.00449054	-0.99999
-0.000362809	0.00449088	-0.99999
-0.000364801	0.00449072	-0.99999
-0.000363637	0.00449011	-0.99999
-0.996733	-0.0807612	-2.04853e-006
0	-0	-1
-0.996733	-0.0807637	0
0.0807637	-0.996733	-0
0.996733	0.0807644	-0
-0.080755	0.996734	-0
-0.996738	-0.0807033	0
0.0807033	-0.996738	-0
0.996738	0.0807033	-0
-0.0807033	0.996738	-0
-0.996735	-0.0807365	0
-0.996738	-0.0807004	-2.25691e-006
0.996739	0.0806887	-4.53897e-006

#	Mesh	0	End


COMPONENTFINISH

COMPONENT 2 1826274=IfcBeam
#	Mesh	0	Begin

#	Vertex	52
89.7783	-68.7424	1.9708
91.4291	-68.0669	1.97351
91.4287	-68.0614	0.873522
90.9886	-68.2415	0.8728
91.0058	-68.2401	1.963
90.16	-68.5862	1.963
90.1596	-68.5807	0.871441
89.7779	-68.7369	0.870815
92.9435	-104.708	0.689747
92.9439	-104.714	1.78973
92.6874	-104.645	1.79018
92.6869	-104.64	0.690192
93.0883	-104.747	0.689496
93.0888	-104.752	1.784
94.0116	-104.997	1.784
94.0111	-104.992	0.687896
94.43	-105.103	0.68717
94.4305	-105.109	1.78716
93.9406	-104.12	0.692281
93.0435	-104.193	0.692281
90.2103	-69.2075	0.868288
91.1074	-69.1348	0.868287
91.0348	-68.2378	0.8728
91.8391	-78.0971	0.823197
91.7664	-77.2001	0.82771
90.8694	-77.2728	0.82771
90.942	-78.1698	0.823197
92.56	-87.0761	0.778027
92.4874	-86.1791	0.78254
91.5903	-86.2517	0.782541
91.6629	-87.1488	0.778028
93.2865	-96.0318	0.732972
93.2139	-95.1347	0.737485
92.3168	-95.2073	0.737486
92.3894	-96.1044	0.732973
91.0348	-68.2378	1.963
91.1074	-69.1348	1.963
90.2103	-69.2075	1.963
91.7664	-77.2001	1.917
91.8391	-78.0971	1.917
90.942	-78.1698	1.917
90.8694	-77.2728	1.917
92.4874	-86.1791	1.873
92.56	-87.0761	1.873
91.6629	-87.1488	1.873
91.5903	-86.2517	1.873
93.2139	-95.1347	1.828
93.2865	-96.0318	1.828
92.3894	-96.1044	1.828
92.3168	-95.2073	1.828
93.0435	-104.193	1.784
93.9406	-104.12	1.784

#	Triangle	42
0	6	7
0	5	6
4	2	3
4	1	2
5	1	4
0	1	5
11	9	10	8	9	11
17	15	16
17	14	15
13	8	12
13	9	8
14	9	13
17	9	14
0	17	1	10	9	0	9	17	0
16	1	17	2	1	16
16	22	2	20	7	6	20	11	7	21	25	20	25	11	20	16	24	21	24	25	21	26	11	25	23	29	26	29	11	26	16	28	23	28	29	23	27	33	30	33	11	30	16	32	27	32	33	27	31	11	34	16	18	31	18	19	31	19	11	31	12	8	19	8	11	19	16	15	18
22	3	2
16	21	22
16	23	24
30	11	29	16	31	32
16	27	28	34	11	33
10	7	11	0	7	10
5	36	37	4	36	5	35	36	4	41	39	40	38	39	41	45	43	44	42	43	45	49	47	48	46	47	49	13	51	14	50	51	13
21	35	22	36	35	21	27	42	28	43	42	27
6	37	20
5	37	6
20	36	21	37	36	20
23	38	24	39	38	23
24	41	25	38	41	24
25	40	26	41	40	25
26	39	23	40	39	26
28	45	29	42	45	28	32	49	33	46	49	32	18	50	19	51	50	18
29	44	30	45	44	29
30	43	27	44	43	30	34	47	31	48	47	34
31	46	32	47	46	31
33	48	34	49	48	33
15	51	18
14	51	15
19	13	12
50	13	19
22	4	3
35	4	22

#	Normal	42
-0.378719	0.925499	0.0047743
-0.378694	0.92551	0.0047847
-0.378713	0.925502	0.00477918
-0.378709	0.925503	0.00478089
-0.378716	0.925498	0.0051656
-0.37871	0.925507	0.00394609
-0.256889	-0.966429	-0.00472135
-0.256895	-0.966428	-0.00472133
-0.256884	-0.966431	-0.00472613
-0.256863	-0.966436	-0.00472618
-0.256897	-0.966427	-0.00472133
-0.256886	-0.966432	-0.00441199
-0.256886	-0.966431	-0.00448335
0.000404967	-0.00499799	0.999987
0.996733	0.0807611	-2.75138e-007
-0.00040509	0.00499799	-0.999987
-0.000404048	0.00499566	-0.999987
-0.000403191	0.00499816	-0.999987
-0.000402447	0.00499824	-0.999987
-0.000405931	0.00499794	-0.999987
-0.000404049	0.00499809	-0.999987
-0.996733	-0.0807613	2.74002e-007
0	-0	-1
-0.996739	-0.0806947	0
0.996739	0.0806988	-0
0.996739	0.0806937	-2.92888e-006
-0.0806947	0.996739	-0
-0.996733	-0.0807644	0
0.0807557	-0.996734	-0
0.996734	0.080755	-0
-0.0807637	0.996733	-0
0.0807033	-0.996738	-0
0.996739	0.0806947	-0
-0.0807033	0.996738	-0
-0.996738	-0.0807026	0
0.996738	0.0807026	-0
-0.996738	-0.0807005	0
-0.996739	-0.0806938	-5.33833e-006
0.996738	0.0807101	4.85208e-006
0.996738	0.0807007	0
0.0806166	-0.996745	2.7701e-006
0.0805132	-0.996754	-0

#	Mesh	0	End


COMPONENTFINISH

COMPONENT 2 1826497=IfcBeam
#	Mesh	0	Begin

#	Vertex	24
81.8953	-105.936	1.78783
83.5389	-105.307	1.78592
83.5362	-105.304	0.685932
83.0606	-105.486	0.686482
83.061	-105.49	1.784
82.1852	-105.825	1.784
82.1848	-105.821	0.687496
81.8926	-105.933	0.687835
89.5798	-113.638	1.74293
87.8793	-114.189	1.74523
87.8766	-114.185	0.645244
88.3466	-114.033	0.644606
88.347	-114.037	1.741
89.2269	-113.752	1.741
89.2265	-113.748	0.643411
89.5771	-113.634	0.642936
82.1968	-105.969	0.686965
83.0939	-105.896	0.685011
89.1966	-113.378	0.644734
88.2995	-113.451	0.646689
88.2995	-113.451	1.741
89.1966	-113.378	1.741
83.0939	-105.896	1.784
82.1968	-105.969	1.784

#	Triangle	29
0	6	7
0	5	6
4	2	3
4	1	2
0	4	5
0	1	4
8	14	15
8	13	14
12	10	11
12	9	10
13	9	12
8	9	13
8	0	9	1	0	8
9	7	10
0	7	9
14	18	15	19	2	18	16	17	19	17	2	19	3	2	17	7	6	16
18	2	15	10	19	11	7	19	10	7	16	19
15	1	8	2	1	15
12	21	13	20	21	12	4	23	5	22	23	4
14	21	18
13	21	14
18	20	19	21	20	18
19	12	11
20	12	19
17	4	3
22	4	17
6	23	16
5	23	6
16	22	17	23	22	16

#	Normal	29
-0.357499	0.933905	0.00403578
-0.357481	0.933912	0.00404149
-0.357499	0.933905	0.00402854
-0.357484	0.933911	0.00403577
-0.357503	0.933909	0.00224058
-0.357487	0.933899	0.00595303
0.308138	-0.951334	-0.0039734
0.308121	-0.951339	-0.00396742
0.308131	-0.951336	-0.00397173
0.30813	-0.951336	-0.00397121
0.30813	-0.951336	-0.00398268
0.308125	-0.951332	-0.00517877
0.00245272	-0.00338251	0.999991
-0.809563	-0.587033	-9.11016e-007
-0.809564	-0.587032	4.84127e-006
-0.00245274	0.00338236	-0.999991
-0.00245258	0.00338261	-0.999991
0.809563	0.587033	-4.83766e-006
-0	0	-1
-0.996738	-0.080701	0
-0.996739	-0.0806962	-1.61969e-006
0.0807026	-0.996738	-0
0.996738	0.0807048	1.65672e-006
0.996738	0.0807017	0
-0.996739	-0.0806958	-4.28798e-006
-0.996738	-0.0807073	-0
0.996737	0.08072	-0
0.996738	0.0807038	-2.20079e-006
-0.0807033	0.996738	-0

#	Mesh	0	End


COMPONENTFINISH

COMPONENT 2 1826745=IfcBeam
#	Mesh	0	Begin

#	Vertex	29
92.6801	-104.42	0.660594
92.6796	-104.421	1.76059
93.0718	-104.542	1.76066
93.0717	-104.541	0.660658
94.3445	-104.894	1.7609
94.345	-104.893	0.660903
93.9957	-104.801	0.660831
93.9958	-104.803	1.76083
87.6	-114.529	1.74985
87.6005	-114.528	0.649855
87.9838	-114.519	0.650026
88.3853	-114.51	0.650205
88.3854	-114.511	1.741
88.619	-114.506	1.741
88.619	-114.506	1.75031
89.48	-114.574	1.75062
89.2922	-114.559	1.741
89.2921	-114.558	0.650551
89.4804	-114.573	0.650618
89.48	-114.574	1.65062
94.0132	-105.017	1.76066
93.1161	-105.09	1.76021
89.6641	-114.208	0.651007
89.1966	-113.378	0.651511
88.2995	-113.451	0.651067
93.1161	-105.09	0.660212
94.0132	-105.017	0.660656
88.2995	-113.451	1.741
89.1966	-113.378	1.741

#	Triangle	32
3	1	2
0	1	3
7	5	6
4	5	7
12	10	11
12	9	10
12	8	9
14	12	13
14	8	12
19	17	18
19	16	17
15	16	19
15	13	16
15	14	13
7	20	4	20	15	4	1	21	2	21	15	20	8	21	1	8	14	21	14	15	21
4	22	5
4	18	22
4	19	18
4	15	19
3	9	0	3	24	9	24	10	9	3	23	24	11	10	24	25	23	3	26	23	25	26	17	23	5	26	6	5	17	26	5	22	17	22	18	17
9	1	0	8	1	9
28	12	27	28	13	12	28	16	13
17	28	23
16	28	17
23	27	24	28	27	23
24	12	11
27	12	24
6	20	7
26	20	6
2	25	3
21	25	2
21	26	25	20	26	21

#	Normal	32
0.295364	0.955384	0.000940452
0.295346	0.95539	0.000933325
0.253417	0.967357	0.000928322
0.253429	0.967354	0.000932445
0.0230311	-0.999734	-0.00083924
0.0230263	-0.999735	-0.000837499
0.0230231	-0.999735	-0.000835135
0.0230289	-0.999734	-0.000839022
0.0230243	-0.999735	-0.000724021
-0.0793273	-0.996848	-0.000875177
-0.0793023	-0.99685	-0.000879915
-0.079306	-0.99685	-0.000887647
-0.0792945	-0.996851	-0.00111189
-0.0792976	-0.996851	-0.000836602
-0.000426337	-0.000848239	1
0.893525	-0.449012	-1.91739e-006
0.893528	-0.449008	-4.82134e-005
0.893525	-0.449013	5.08195e-006
0.893525	-0.449013	-3.68368e-005
0.000426168	0.000848233	-1
-0.893525	0.449013	-1.27116e-006
-0	-0	-1
-0.996739	-0.0806955	0
-0.996739	-0.0806953	-2.7818e-007
0.0807026	-0.996738	-0
0.996738	0.0807045	3.37904e-006
0.996738	0.0807011	0
-0.996739	-0.0806903	-1.21542e-006
-0.99674	-0.0806842	-0
0.996739	0.0806986	3.51613e-006
0.996738	0.0807056	-0
-0.0807033	0.996738	-0

#	Mesh	0	End


COMPONENTFINISH

COMPONENT 2 1827022=IfcBeam
#	Mesh	0	Begin

#	Vertex	38
89.4808	-112.76	0.647643
87.9478	-114.076	0.642092
87.9478	-114.076	0.650387
89.4808	-112.76	0.652156
89.5494	-112.793	0.647466
89.5494	-112.793	0.652158
89.1599	-129.035	1.67194
90.8543	-128.897	1.67194
89.6952	-114.591	1.73904
88.619	-114.506	1.73985
87.9838	-114.52	1.74002
89.8825	-121.851	1.70514
89.9794	-123.047	1.69953
89.0823	-123.119	1.69953
88.9855	-121.923	1.70514
90.8543	-128.897	0.571924
89.6641	-114.208	0.651007
89.6641	-114.208	1.65101
89.6951	-114.591	1.67291
90.456	-128.93	0.571924
90.367	-127.83	0.577081
89.4699	-127.903	0.577081
89.5589	-129.002	0.571924
89.1599	-129.035	0.571924
89.9794	-123.047	0.599519
89.8825	-121.851	0.605129
88.9855	-121.923	0.60513
89.0823	-123.119	0.599519
87.9838	-114.519	0.650026
89.5589	-129.002	1.667
90.456	-128.93	1.667
90.367	-127.83	1.667
89.4699	-127.903	1.667
89.4804	-114.573	0.650618
89.2921	-114.558	0.650551
88.6195	-114.505	0.650309
89.48	-114.574	1.65062
88.3853	-114.51	0.650205

#	Triangle	41
3	1	2
0	1	3
5	0	3
4	0	5
6	9	10	6	14	9	14	8	9	14	11	8	11	7	8	6	13	14	6	12	13	6	7	12
12	7	11
5	15	4
5	16	15
16	7	15	17	7	16
18	7	17
8	7	18
0	26	1	27	23	1	27	22	23	27	20	21	24	20	27	0	25	26	20	15	19	24	15	20	25	15	24	0	15	25
26	27	1	4	15	0
27	21	22
23	2	1
23	28	2
28	6	10
23	6	28
22	6	23	22	29	6
29	7	6
30	7	29
15	30	19	15	7	30
30	20	19	31	20	30
22	32	29	21	32	22
20	32	21	31	32	20	26	11	14	25	11	26
29	31	30	32	31	29
9	34	35
9	33	34
9	36	33
9	18	36
9	8	18
17	33	36
16	33	17
28	3	2	37	3	28	35	3	37	34	3	35	33	3	34	16	3	33	16	5	3
17	36	18
25	12	11	24	12	25
27	14	13	26	14	27
13	24	27	12	24	13
10	37	28
10	35	37
10	9	35

#	Normal	41
-0.651202	0.758896	0.00357388
-0.651202	0.758894	0.00394129
0.428488	0.903535	0.00469248
0.428498	0.903531	0.00451313
0.000377542	-0.00466006	0.999989
0.000377233	-0.0046601	0.999989
0.996734	0.0807592	0.000403392
0.996733	0.0807644	-0.000638206
0.996733	0.080761	-0
0.996733	0.0807609	-7.00457e-006
0.996733	0.0807609	-5.09649e-005
-0.000377603	0.00466005	-0.999989
-0.000377199	0.0046601	-0.999989
-0.000219893	0.00467283	-0.999989
-0.996734	-0.080759	-0.000380319
-0.996733	-0.0807624	0.000253247
-0.996733	-0.0807612	-3.42938e-006
-0.996733	-0.080761	-0
0.0807698	-0.996733	-0
0.0807629	-0.996733	-0.000555457
0.0807549	-0.996733	0.00153044
0.0807739	-0.996732	-0
-0.996738	-0.080701	-0
0.996739	0.0806976	-0
0.0807033	-0.996738	-0
-0	0	-1
0.0793008	0.99685	0.000884716
0.0793273	0.996848	0.000901219
0.0792946	0.996851	0.000875165
0.0793094	0.99685	0.00101895
0.0792968	0.996851	0.000814984
-0.893522	0.449019	-5.07533e-006
-0.893528	0.449008	-0
-0.000426254	-0.000848168	1
-0.099095	0.0487418	0.993884
-0.996738	-0.0807031	0
0.996738	0.0807031	-0
-0.0807033	0.996738	-0
-0.0230311	0.999734	0.000839858
-0.0230429	0.999734	0.000835481
-0.0230298	0.999734	0.000843152

#	Mesh	0	End


COMPONENTFINISH

COMPONENT 2 1827245=IfcBeam
#	Mesh	0	Begin

#	Vertex	26
98.0552	-113.007	1.7416
99.7714	-113.138	1.74049
99.771	-113.133	0.640501
98.0548	-113.002	0.64161
99.2874	-128.215	1.67875
100.982	-128.077	1.67875
99.9998	-121.037	1.70798
100.016	-121.239	1.70715
100.097	-122.233	1.70304
99.6578	-122.268	1.70304
99.1996	-122.305	1.70304
99.1028	-121.109	1.70798
100.982	-128.077	0.578737
100.579	-128.11	0.578737
100.491	-127.021	0.583236
99.5936	-127.094	0.583237
99.6818	-128.183	0.578737
99.2874	-128.215	0.578737
100.097	-122.233	0.60303
99.9998	-121.037	0.607974
99.1028	-121.109	0.607974
99.1996	-122.305	0.60303
99.6818	-128.183	1.667
100.579	-128.11	1.667
100.491	-127.021	1.667
99.5936	-127.094	1.667

#	Triangle	24
3	1	2	0	1	3
4	11	0	11	1	0	11	6	1	6	5	1	4	10	11	8	5	7	4	9	10	4	8	9	4	5	8
7	5	6
1	12	2
5	12	1
2	20	3	20	17	3	12	19	2	19	20	2	21	17	20	12	18	19	18	17	21	12	14	18	14	15	18	15	17	18	16	17	15	12	13	14
3	4	0
17	4	3
16	4	17	16	22	4
22	5	4
23	5	22
12	23	13	12	5	23
23	14	13	24	14	23
16	25	22	15	25	16
14	25	15	24	25	14
22	24	23	25	24	22
8	19	18
8	7	19
7	6	19
20	6	11	19	6	20
21	11	10	20	11	21
9	21	10
9	18	21
8	18	9

#	Normal	24
0.0761577	0.997087	0.00406777
0.000332574	-0.00410598	0.999992
0.000329853	-0.00410637	0.999992
0.996733	0.0807615	-1.18122e-006
0.996733	0.0807614	-0
-0.000332702	0.00410598	-0.999992
-0.996733	-0.0807612	1.18244e-006
-0.996733	-0.0807613	-0
0.0807591	-0.996734	-0
0.0807629	-0.996733	0.000128179
0.0807637	-0.996733	4.72036e-005
0.080765	-0.996733	-0
-0.996738	-0.0807058	-0
0.996738	0.0807018	-0
0.0807033	-0.996738	-0
-0	0	-1
-0.996738	-0.0807031	-0
-0.996739	-0.0806991	4.43216e-006
-0.996737	-0.080723	0
0.0806947	-0.996739	-0
0.996739	0.0806966	-0
-0.0806895	0.996739	-0
-0.080694	0.996739	1.88627e-006
-0.0806987	0.996739	-0

#	Mesh	0	End


COMPONENTFINISH

COMPONENT 2 1827478=IfcBeam
#	Mesh	0	Begin

#	Vertex	24
100.945	-103.621	1.79295
102.623	-103.944	1.79356
102.624	-103.94	0.693562
102.17	-103.853	0.693399
102.171	-103.857	1.784
101.253	-103.68	1.784
101.253	-103.676	0.69307
100.946	-103.617	0.692959
99.7315	-113.466	1.75996
97.9909	-113.347	1.75863
97.9919	-113.343	0.65864
98.4767	-113.376	0.659009
98.477	-113.38	1.741
99.3849	-113.442	1.741
99.3847	-113.438	0.6597
99.7326	-113.462	0.659965
99.3134	-112.558	0.662472
98.4164	-112.631	0.661358
101.313	-104.421	0.690723
102.21	-104.348	0.691838
98.4164	-112.631	1.741
99.3134	-112.558	1.741
102.21	-104.348	1.784
101.313	-104.421	1.784

#	Triangle	28
0	6	7
0	5	6
4	2	3
4	1	2
5	1	4
0	1	5
8	14	15
8	13	14
12	10	11
12	9	10
8	12	13
8	9	12
8	0	9	1	0	8
15	1	8	2	1	15
15	19	2	18	7	6	18	10	7	15	18	19	15	16	18	16	17	18	17	10	18	15	14	16	11	10	17
19	3	2
9	7	10	0	7	9
12	21	13	20	21	12	4	23	5	22	23	4
14	21	16
13	21	14
16	20	17	21	20	16
17	12	11
20	12	17
19	4	3
22	4	19
6	23	18
5	23	6
18	22	19	23	22	18

#	Normal	28
0.188988	0.981974	0.00335853
0.188986	0.981974	0.00335785
0.18899	0.981973	0.00335751
0.188992	0.981973	0.00335853
0.188998	0.981973	0.00310453
0.188994	0.981972	0.0036508
-0.0679136	-0.997686	-0.00329064
-0.0679141	-0.997686	-0.00329049
-0.067913	-0.997686	-0.00328839
-0.067908	-0.997686	-0.00329063
-0.0679134	-0.997686	-0.00330256
-0.0679119	-0.997686	-0.00339947
-0.00098114	-0.00323053	0.999994
0.956843	-0.290605	-1.28515e-006
0.000981092	0.00323055	-0.999994
0.000981148	0.0032305	-0.999994
-0.956843	0.290605	1.28588e-006
0	0	-1
-0.996738	-0.0806999	0
-0.996739	-0.0806985	-1.16522e-006
0.0807033	-0.996738	-0
0.996738	0.0807023	1.1771e-006
0.996738	0.0807006	0
-0.996738	-0.0807091	5.19774e-006
-0.996739	-0.0806976	-0
0.996739	0.0806937	-0
0.996739	0.0806965	1.89763e-006
-0.080694	0.996739	-0

#	Mesh	0	End


COMPONENTFINISH

COMPONENT 2 1827880=IfcBeam
#	Mesh	0	Begin

#	Vertex	68
98.0025	-68.3754	1.98502
99.6752	-67.9698	1.98647
99.6747	-67.9639	0.886482
99.2724	-68.0614	0.886133
99.2729	-68.0672	1.963
98.3873	-68.2819	1.963
98.3869	-68.2762	0.885366
98.002	-68.3695	0.885033
101.739	-103.896	1.79279
100.856	-103.62	1.79466
100.856	-103.614	0.694676
101.258	-103.74	0.693825
101.259	-103.746	1.784
101.739	-103.896	1.784
102.587	-103.931	1.79224
102.175	-103.914	1.784
102.175	-103.908	0.692524
102.586	-103.925	0.692254
101.493	-94.8622	0.741359
101.493	-94.8681	1.84134
101.851	-94.8392	1.84134
101.85	-94.8333	0.741359
100.775	-85.9975	1.88925
100.774	-85.9916	0.78927
101.132	-85.9626	0.78927
101.132	-85.9679	1.78926
101.133	-85.9685	1.88925
100.853	-86.9593	0.784043
100.853	-86.9593	1.88406
98.4085	-68.5437	0.883921
99.3056	-68.4711	0.883921
101.049	-84.9368	0.79481
102.138	-103.451	0.694991
101.241	-103.524	0.694991
100.037	-77.4325	0.835517
99.9645	-76.5355	0.840362
99.0675	-76.6082	0.840362
99.1401	-77.5052	0.835517
101.479	-95.3835	0.738568
101.406	-94.4864	0.743413
100.509	-94.559	0.743413
100.582	-95.4561	0.738568
100.758	-86.4124	0.787019
100.686	-85.5153	0.791864
99.7885	-85.5879	0.791864
99.8611	-86.485	0.787019
99.3056	-68.4711	1.963
98.4085	-68.5437	1.963
99.9645	-76.5355	1.917
100.037	-77.4325	1.917
99.1401	-77.5052	1.917
99.0675	-76.6082	1.917
100.686	-85.5153	1.873
100.725	-86.0052	1.873
100.758	-86.4124	1.873
99.8611	-86.485	1.873
99.8281	-86.0778	1.873
99.7885	-85.5879	1.873
101.406	-94.4864	1.828
101.438	-94.8766	1.828
101.478	-95.3749	1.828
101.479	-95.3835	1.828
100.582	-95.4561	1.828
100.581	-95.4476	1.828
100.541	-94.9493	1.828
100.509	-94.559	1.828
101.241	-103.524	1.784
102.138	-103.451	1.784

#	Triangle	64
0	6	7
0	5	6
4	2	3
4	1	2
5	1	4
0	1	5
12	10	11
12	9	10
13	9	12
8	9	13
14	16	17
14	15	16
15	8	13
14	8	15
21	19	20	18	19	21
25	23	24
25	22	23
26	22	25
22	27	23
22	18	27
22	28	18
28	19	18
20	8	14	20	19	9	19	0	9	26	0	22	1	0	26
20	9	8	28	0	19
22	0	28
9	7	10	0	7	9
16	21	17	7	41	33	38	21	33	39	18	38	7	40	41	39	27	18	42	27	40	42	23	27	43	23	42	43	31	24	34	2	31	7	35	36
32	21	16	10	33	11	7	33	10	33	21	32	41	38	33	18	21	38	40	27	39	7	45	40	45	42	40	43	24	23	44	31	43	7	37	44	37	31	44	37	34	31	7	36	37	35	2	34	7	29	35	29	30	35	30	2	35	3	2	30	7	6	29
7	44	45
20	17	21	14	17	20	2	1	31
4	47	5	46	47	4	51	49	50	48	49	51	53	57	52	54	57	53	55	57	54	59	65	58	60	65	59	61	65	60	62	63	61	63	64	61	64	65	61	15	66	67	13	66	15	12	66	13
30	4	3
46	4	30
6	47	29
5	47	6
29	46	30	47	46	29
34	48	35	49	48	34
35	51	36	48	51	35
36	50	37	51	50	36
37	49	34	50	49	37
55	56	57
54	43	42	16	67	32
54	53	43
53	52	43	61	39	38
43	57	44	52	57	43
57	45	44
57	56	45
56	55	45
45	54	42	55	54	45
61	60	39
60	59	39
59	58	39
39	65	40	58	65	39	32	66	33	67	66	32
65	41	40
65	64	41
64	63	41
63	62	41
41	61	38	62	61	41
15	67	16
33	12	11
66	12	33
31	25	24
31	26	25
31	1	26

#	Normal	64
-0.235637	0.971827	0.00531331
-0.235634	0.971827	0.00531441
-0.235635	0.971827	0.00531991
-0.235634	0.971827	0.00532021
-0.235627	0.97183	0.0051952
-0.23563	0.971828	0.00538855
-0.29855	-0.954381	-0.00499217
-0.298559	-0.954378	-0.00498831
-0.298564	-0.954375	-0.0052149
-0.298561	-0.954378	-0.00482162
-0.0413716	-0.99913	-0.0053468
-0.0413749	-0.999129	-0.00534557
-0.0413703	-0.99913	-0.00528861
-0.0413732	-0.999129	-0.00543221
-0.0807035	0.996724	0.00537969
0.080761	-0.996719	-0.00538499
0.0807659	-0.996719	-0.00538677
0.0807592	-0.996719	-0.00541087
0.996734	0.0807564	1.78344e-006
0.996733	0.0807614	-2.54258e-006
0.996734	0.0807584	2.08915e-005
0.996733	0.0807612	1.23551e-006
0.000434422	-0.00536582	0.999986
0.000434528	-0.00536582	0.999986
0.000433499	-0.00536596	0.999986
-0.996738	-0.0807026	-9.19018e-007
-0.000434548	0.00536581	-0.999986
-0.000434317	0.00536581	-0.999986
-0.000436536	0.0053656	-0.999986
0.996738	0.080703	9.21513e-007
-0	-0	-1
-0.996737	-0.0807123	5.59888e-007
-0.996738	-0.0807108	-0
0.99674	0.0806752	-0
0.996738	0.0807017	6.60927e-006
-0.080694	0.996739	-0
-0.996734	-0.080755	0
0.0807637	-0.996733	-0
0.996733	0.0807644	-0
-0.0807557	0.996734	-0
-0	-0	2.57892e-006
-0.996738	-0.0807033	-0
-0.996737	-0.0807142	-9.11696e-006
-0.996739	-0.0806942	0
0.0806947	-0.996739	-0
0.996739	0.080694	0
0.996738	0.0806998	-4.83159e-006
0.996739	0.080687	-0
-0.0807026	0.996738	-0
-0.996769	-0.0803257	0.000306607
-0.996738	-0.0807034	-4.8866e-006
-0.996739	-0.0806899	0
0.0807026	-0.996738	-0
0.996738	0.0807033	0
0.996738	0.0807001	2.61881e-006
0.996738	0.0807022	1.66235e-006
0.996721	0.0809146	-0
-0.0806947	0.996739	-0
-0.996738	-0.0807079	1.93341e-006
0.996739	0.0806929	-2.59502e-006
0.996738	0.0807055	0
0.996739	0.0806987	-2.94822e-006
0.996741	0.0806705	-3.23583e-005
0.996738	0.0807029	-1.65445e-006

#	Mesh	0	End


COMPONENTFINISH

COMPONENT 2 1828105=IfcBeam
#	Mesh	0	Begin

#	Vertex	25
93.7183	-59.5861	2.02432
95.2442	-58.8366	2.02432
95.2424	-58.833	0.924324
94.9743	-58.9647	0.924324
94.9746	-58.9689	2.006
94.1062	-59.3955	2.006
94.1059	-59.3912	0.924324
93.7165	-59.5825	0.924324
99.7713	-68.0538	1.98629
98.0724	-68.451	1.98774
98.0706	-68.4473	0.887751
98.3946	-68.3716	0.887474
98.3949	-68.3755	1.963
99.2811	-68.1683	1.963
99.2808	-68.1644	0.886716
99.7695	-68.0502	0.886297
99.233	-67.574	0.888756
98.3359	-67.6467	0.889979
94.1559	-60.0091	0.922188
95.053	-59.9365	0.920965
95.053	-59.9365	2.006
94.1559	-60.0091	2.006
94.9958	-59.2302	2.006
98.3359	-67.6467	1.963
99.233	-67.574	1.963

#	Triangle	29
1	5	0
5	7	0
5	6	7
1	4	5
1	3	4
1	2	3
8	14	15
8	13	14
12	10	11
12	9	10
13	9	12
8	9	13
8	0	9	1	0	8
15	1	8
2	1	15
6	18	7	18	11	10	16	15	14	2	16	3	2	15	16
18	10	7	19	11	18	19	17	11	19	16	17	3	16	19
9	7	10	0	7	9
5	20	21	4	22	5	22	20	5	12	24	13	23	24	12
19	4	3
20	22	19
22	4	19
6	21	18	23	12	17
5	21	6
18	20	19	21	20	18
14	24	16
13	24	14
16	23	17	24	23	16
17	12	11

#	Normal	29
-0.440857	0.89757	0.00366788
-0.440856	0.89757	0.00370357
-0.440853	0.897572	0.00370234
-0.440859	0.897569	0.00378442
-0.440854	0.897571	0.00370239
-0.440848	0.897574	0.00370044
0.227649	-0.973737	-0.00360846
0.227647	-0.973737	-0.00360723
0.227639	-0.973739	-0.00360271
0.227658	-0.973735	-0.00360847
0.227643	-0.973737	-0.0038047
0.227647	-0.973737	-0.00361459
0.00163252	-0.00332373	0.999993
0.897576	0.440861	-8.49062e-007
0.897576	0.44086	5.52319e-006
-0.0016325	0.00332375	-0.999993
-0.00163251	0.00332374	-0.999993
-0.897576	-0.44086	8.5097e-007
0	-0	-1
-0.996739	-0.080699	-3.52189e-006
-0.996738	-0.0807075	-0
-0.996739	-0.0806906	-1.1076e-005
0.996739	0.0806949	-0
0.996739	0.0806879	-4.01293e-006
-0.0806983	0.996739	-0
-0.996738	-0.080705	0
-0.996739	-0.0806977	-4.06479e-006
0.0807033	-0.996738	-0
0.996738	0.0807002	3.49077e-006

#	Mesh	0	End


COMPONENTFINISH

COMPONENT 2 1828332=IfcBeam
#	Mesh	0	Begin

#	Vertex	27
95.3963	-59.1424	2.03242
93.7573	-59.9641	2.02922
93.7569	-59.959	0.929229
94.1365	-59.7687	0.929971
94.1369	-59.7737	2.006
95.0046	-59.3387	2.006
95.0042	-59.3337	0.931666
95.3959	-59.1372	0.932431
92.4976	-44.4053	2.10198
94.1897	-44.2683	2.10198
94.192	-44.2681	2.10198
94.1916	-44.263	1.00199
92.4972	-44.4002	1.00199
94.9561	-58.7404	0.93444
94.0591	-58.813	0.93444
94.3221	-50.9611	0.970819
94.2253	-49.7651	0.976413
93.3282	-49.8377	0.976413
93.425	-51.0338	0.970819
94.2253	-49.7651	2.02852
94.3221	-50.9611	2.02852
93.425	-51.0338	2.02852
93.3282	-49.8377	2.02852
94.0591	-58.813	2.006
94.9546	-58.7405	2.006
94.9561	-58.7404	2.006
94.9958	-59.2302	2.006

#	Triangle	26
0	6	7
0	5	6
4	2	3
4	1	2
0	4	5
0	1	4
8	11	12
8	9	11
9	10	11
1	9	8	1	0	10
1	10	9
7	10	0
11	10	7	17	21	18	22	21	17
7	16	11	16	12	11	16	17	12	17	2	12	18	2	17	7	18	15	7	13	18	13	14	18	14	2	18	3	2	14	7	6	13
7	15	16
1	12	2	8	12	1	15	19	16	20	19	15
22	20	21	19	20	22	23	5	4	24	5	23	25	26	24	26	5	24
16	22	17	19	22	16	13	24	14
18	20	15	21	20	18
5	13	6
5	26	13
26	25	13
14	24	23
13	25	24
14	4	3
23	4	14

#	Normal	26
0.448207	-0.893919	-0.00431773
0.44822	-0.893913	-0.0043233
0.448202	-0.893922	-0.00431976
0.448212	-0.893917	-0.00432408
0.448208	-0.89392	-0.00409215
0.448211	-0.893917	-0.00433871
-0.0807	0.996728	0.00466365
-0.0807022	0.996727	0.00466035
-0.080815	0.996718	0.00466011
0.000376154	-0.00464577	0.999989
0.000376685	-0.00464578	0.999989
0.996738	0.0807025	6.74035e-006
0.996738	0.080703	-3.3625e-007
-0.000376192	0.00464577	-0.999989
-0.000376729	0.0046457	-0.999989
-0.996738	-0.0807025	5.20565e-008
0	-0	-1
0.080699	-0.996739	-0
-0.080699	0.996739	-0
-0.996738	-0.0807045	1.89212e-006
-0.996734	-0.080758	-2.81912e-005
-0.996739	-0.0806968	0
0.0806994	-0.996738	-0
0.0804674	-0.996757	-0
0.996738	0.0807021	5.92224e-006
0.996739	0.0806955	0

#	Mesh	0	End


COMPONENTFINISH

COMPONENT 2 1829407=IfcBeam
#	Mesh	0	Begin

#	Vertex	37
73.9967	-46.4073	2.98705
72.3023	-46.5445	2.98705
72.3019	-46.5406	2.09559
73.9964	-46.4034	2.09559
71.9908	-21.6324	2.19997
70.2963	-21.7696	2.19997
70.2966	-21.7736	3.11098
71.9911	-21.6364	3.11098
72.2106	-24.347	4.18815
70.5161	-24.4842	4.18815
72.0841	-43.8498	4.10372
73.7785	-43.7126	4.10372
72.2619	-46.0465	2.09412
72.2619	-46.0465	2.09797
72.2611	-46.0363	2.98716
72.0836	-43.8437	4.0986
70.3404	-22.314	3.11087
73.9564	-45.9093	2.09412
71.879	-25.0966	2.185
70.9819	-25.1693	2.185
71.0296	-25.7579	2.18243
71.9266	-25.6853	2.18243
72.6529	-34.6559	2.14332
72.5561	-33.4598	2.14854
71.659	-33.5325	2.14854
71.7559	-34.7285	2.14332
72.0348	-22.1768	3.11087
73.778	-43.7065	4.0986
73.9556	-45.8991	2.98716
73.9564	-45.9093	2.09797
72.2633	-46.0464	2.09797
71.9266	-25.6853	2.185
71.0296	-25.7579	2.185
72.5561	-33.4598	2.563
72.6529	-34.6559	2.563
71.7559	-34.7285	2.563
71.659	-33.5325	2.563

#	Triangle	43
3	1	2	0	1	3
7	5	6
4	5	7
11	9	10	8	9	11
12	6	5
12	16	6
12	9	16
12	15	9
15	10	9
12	14	15
12	13	14
13	1	14
2	1	13
17	18	4	18	5	4	18	19	5	19	12	5	21	24	20	23	24	21	22	12	25	17	12	22
17	21	18
20	12	19
24	12	20	17	22	23
17	23	21	25	12	24
26	4	7
26	17	4	27	17	8
8	17	26
11	27	8
28	17	27
0	29	28
29	17	28
0	3	29
6	26	7	16	26	6	0	14	1	28	14	0
8	16	9
26	16	8
10	27	11	15	27	10
28	15	14	27	15	28
17	13	12
17	30	13
17	29	30
30	2	13
30	3	2	29	3	30
18	32	19	31	32	18	36	34	35	33	34	36
21	31	18
20	19	32
20	31	21	32	31	20	25	34	22	35	34	25
22	33	23	34	33	22
23	36	24	33	36	23
24	35	25	36	35	24

#	Normal	43
0.0807024	-0.996729	-0.00434777
-0.0807013	0.996729	0.0043449
-0.0807024	0.996729	0.00434704
0.00035071	-0.0043315	0.999991
-0.996738	-0.0807024	9.56747e-007
-0.996738	-0.0807003	-4.99661e-005
-0.996738	-0.0807024	-6.9062e-007
-0.996738	-0.0807028	3.62589e-006
-0.996738	-0.0807031	7.313e-005
-0.996738	-0.0807018	2.58259e-006
-5.65919e-005	-1.01377e-005	6.33545e-008
-0.996738	-0.0807087	-4.31208e-006
-0.996738	-0.0807016	-3.27928e-007
-0.000350603	0.00433152	-0.999991
-0.000355218	0.00433106	-0.999991
-0.000347613	0.0043317	-0.999991
-0.000351141	0.00433148	-0.999991
-0.000350298	0.00433155	-0.999991
0.996738	0.0807006	-7.91664e-007
0.996738	0.0807027	4.90646e-007
0.996738	0.0807027	1.43381e-006
0.996738	0.0807031	-7.31204e-005
0.996739	0.0806974	6.18771e-006
0.996738	0.0807087	4.31208e-006
5.65919e-005	3.19099e-006	1.61743e-008
0.996738	0.0807016	3.27928e-007
1.5991e-005	-0.000197502	1
-0.0357875	0.442006	0.896298
-0.035788	0.442005	0.896298
0.0518645	-0.640561	-0.766154
0.0363941	-0.449491	0.892543
0.0807017	-0.996725	-0.00521577
4.51555e-007	-5.41866e-006	5.61035e-006
0.0807002	-0.996726	-0.00505215
-0.000398662	0.00478395	-0.999988
-0.000387415	0.00478483	-0.999988
-0	-0	-1
-0.996739	-0.0806953	-0
0.996738	0.080709	-0
-0.080699	0.996739	-0
-0.996739	-0.0806966	0
0.080699	-0.996739	-0
0.996739	0.0806966	-0

#	Mesh	0	End


COMPONENTFINISH

COMPONENT 2 1829667=IfcBeam
#	Mesh	0	Begin

#	Vertex	34
84.1082	-45.5886	2.98705
82.4138	-45.7258	2.98705
82.4135	-45.722	2.10033
84.1079	-45.5848	2.10033
80.4082	-20.9549	3.11098
82.1026	-20.8177	3.11098
82.1023	-20.8139	2.23043
80.4078	-20.9511	2.23043
82.3221	-23.5283	4.18815
80.6276	-23.6655	4.18815
82.1956	-43.0311	4.10372
83.89	-42.8939	4.10372
80.4519	-21.4953	3.11087
80.4476	-21.4415	2.22797
80.4475	-21.4413	2.19783
80.4476	-21.4415	2.19783
82.3765	-45.2659	2.09395
82.3765	-45.266	2.10277
82.3726	-45.2176	2.98716
82.1951	-43.025	4.0986
82.142	-21.3041	2.19783
84.071	-45.1288	2.09395
81.9785	-24.2789	2.185
81.0814	-24.3515	2.185
81.1292	-24.941	2.18243
82.0262	-24.8683	2.18243
82.1464	-21.3581	3.11087
83.8896	-42.8878	4.0986
84.0671	-45.0804	2.98716
84.071	-45.1288	2.10277
82.142	-21.3043	2.22797
82.1396	-21.3045	2.22797
82.0262	-24.8683	2.185
81.1292	-24.941	2.185

#	Triangle	49
3	1	2
0	1	3
7	5	6	4	5	7
11	9	10	8	9	11
13	4	7
13	12	4
15	13	14
15	12	13
16	12	15
16	9	12
16	19	9
19	10	9
16	18	19
16	17	18
17	1	18
2	1	17
21	22	20
22	14	20	23	16	15
22	15	14
22	23	15	21	24	25	21	16	24
21	25	22
24	16	23
26	6	5
26	30	6
30	21	20
26	21	30
8	21	26
11	27	8
27	21	8
28	21	27
0	29	28
29	21	28
0	3	29
4	26	5	12	26	4	0	18	1	28	18	0
8	12	9
26	12	8
10	27	11	19	27	10
28	19	18	27	19	28
31	14	13
31	20	14
30	20	31
6	13	7	6	31	13
6	30	31
21	17	16	29	17	21
2	29	3	17	29	2
22	33	23	32	33	22
25	32	22
24	23	33
24	32	25	33	32	24

#	Normal	49
0.0807002	-0.996729	-0.00434903
0.0807024	-0.996729	-0.00434464
-0.0807009	0.996729	0.00434568
0.00035071	-0.0043315	0.999991
-0.996737	-0.0807143	4.08776e-006
-0.996738	-0.0807003	-3.69777e-006
-5.7108e-006	-4.70997e-007	6.10352e-010
-0.996877	-0.078971	0.000102336
-0.996738	-0.0807025	-2.57165e-007
-0.996738	-0.0807025	-9.81579e-007
-0.996738	-0.0807028	1.76372e-006
-0.996738	-0.0807031	7.313e-005
-0.996738	-0.0806997	-1.7339e-006
-0.996092	-0.0883167	0.000413199
-0.996738	-0.0807087	-5.78182e-006
-0.996739	-0.0806948	1.47756e-006
-0.000350482	0.00433152	-0.999991
-0.000350713	0.00433154	-0.999991
0.00138676	0.00526893	-0.999985
-0.0003507	0.00433149	-0.999991
-0.000340742	0.0043325	-0.999991
-0.000360127	0.00433092	-0.999991
0.996738	0.0807006	4.6957e-006
0.996739	0.0806988	3.60835e-006
0.996738	0.080703	-0.000114026
0.996738	0.0807024	3.8272e-006
0.996738	0.0807028	-5.53858e-006
0.996738	0.0807027	-7.35957e-005
0.996738	0.0807024	-1.32089e-006
0.996738	0.0807078	-7.42759e-006
0.996739	0.0806935	-2.18515e-006
0.996105	0.0881713	-0.000413984
0.996739	0.0806941	-1.83603e-006
1.5991e-005	-0.000197502	1
-0.0357873	0.442006	0.896298
-0.035788	0.442005	0.896298
0.0518645	-0.640561	-0.766154
0.0363939	-0.449491	0.892543
-0.0807019	0.996726	0.00501476
-0.0807022	0.996726	0.0050308
-5.88727e-006	7.25312e-005	3.64929e-007
-0.000403822	0.00498757	-0.999987
-0.000404831	0.00498751	-0.999987
0.080702	-0.996724	-0.00537208
-0.000430257	0.00531411	-0.999986
-0	-0	-1
-0.996738	-0.0807042	-0
0.996738	0.080704	-0
-0.0807033	0.996738	-0

#	Mesh	0	End


COMPONENTFINISH

COMPONENT 2 1829925=IfcBeam
#	Mesh	0	Begin

#	Vertex	37
94.2302	-44.7685	2.98705
92.5358	-44.9057	2.98705
92.5354	-44.9018	2.09965
94.2299	-44.7646	2.09965
90.5301	-20.1348	3.11098
92.2246	-19.9976	3.11098
92.2243	-19.9938	2.23225
90.5298	-20.1309	2.23225
92.4441	-22.7082	4.18815
90.7496	-22.8454	4.18815
92.3176	-42.2109	4.10372
94.012	-42.0738	4.10372
90.5739	-20.6751	3.11087
90.5795	-20.7439	2.22917
90.5795	-20.7438	2.20014
90.5795	-20.7438	2.19729
90.5795	-20.7442	2.19729
92.4953	-44.4054	2.09413
92.4953	-44.4055	2.10198
92.4946	-44.3975	2.98716
92.3171	-42.2049	4.0986
92.2737	-20.6066	2.19729
92.2739	-20.6066	2.19729
94.1897	-44.2682	2.09413
92.0954	-23.4592	2.185
91.1983	-23.5318	2.185
91.2461	-24.1218	2.18243
92.1431	-24.0492	2.18243
92.2683	-20.5379	3.11087
94.0115	-42.0677	4.0986
94.1891	-44.2603	2.98716
94.1897	-44.2683	2.10198
92.2739	-20.6067	2.22917
92.2738	-20.6067	2.22917
92.4976	-44.4053	2.10198
92.1431	-24.0492	2.185
91.2461	-24.1218	2.185

#	Triangle	52
3	1	2	0	1	3
7	5	6	4	5	7
11	9	10	8	9	11
13	4	7
13	12	4
13	9	12	2	1	18
16	14	15
16	13	14
16	9	13
17	9	16
17	20	9
20	10	9
17	19	20
17	18	19
18	1	19
23	21	22
23	24	21	24	15	21	24	25	16
24	16	15
25	17	16	23	26	27	23	17	26
23	27	24
26	17	25
28	6	5
28	32	6
8	32	28
32	23	22
8	23	32	26	25	36
11	29	8
29	23	8
30	23	29
0	31	30
31	23	30
0	3	31
4	28	5	12	28	4	0	19	1	30	19	0
8	12	9
28	12	8
10	29	11	20	29	10
30	20	19
29	20	30
33	14	13
33	15	14
33	21	15
32	21	33	32	22	21
6	13	7	6	33	13
6	32	33
23	18	17
23	34	18
23	31	34
34	2	18
34	3	2	31	3	34
24	36	25	35	36	24
27	35	24
26	35	27	36	35	26

#	Normal	52
0.0807024	-0.996729	-0.00434572
-0.0807013	0.996729	0.00434578
0.0003507	-0.0043315	0.999991
-0.996739	-0.0806926	-3.95332e-006
-0.996738	-0.0807003	1.36167e-006
-0.996738	-0.0807013	1.44298e-006
-1.10702e-006	-8.90045e-008	-4.27246e-010
-1.12979e-005	-9.2943e-007	-1.58691e-009
-0.996727	-0.08084	-0.000148363
-0.996738	-0.0807026	-2.32456e-006
-0.996738	-0.0807028	-4.06709e-007
-0.996738	-0.0807031	7.31204e-005
-0.996739	-0.0806973	-6.48153e-006
-9.71533e-005	-5.08697e-006	-2.53296e-008
-0.996738	-0.0807087	-2.87426e-006
-0.000344591	0.004332	-0.999991
-0.000350853	0.00433149	-0.999991
-0.000272727	0.00437501	-0.99999
-0.000350547	0.00433151	-0.999991
-0.000354391	0.00433113	-0.999991
-0.00034608	0.00433179	-0.999991
0.996738	0.0807006	3.98791e-006
0.996738	0.0807055	7.06029e-006
0.996738	0.0807089	6.79531e-006
0.996738	0.0807029	-8.80427e-005
0.996738	0.0807024	-1.2762e-007
0.996738	0.0807027	-7.36053e-005
0.996738	0.0807024	8.59524e-007
0.996738	0.0807055	-2.66537e-006
0.996739	0.0806935	-5.78477e-006
9.36955e-005	5.02568e-006	2.2522e-008
0.996738	0.0807011	-1.4491e-006
1.5991e-005	-0.000197502	1
-0.0357873	0.442006	0.896298
-0.035788	0.442005	0.896298
0.0518631	-0.640561	-0.766154
0.0363939	-0.449491	0.892543
0.0363931	-0.449491	0.892543
-0.0807008	0.996726	0.00498422
-0.0806975	0.996727	0.00478456
-0.0807023	0.996725	0.00504723
-4.98085e-007	5.47894e-006	2.7771e-008
-0.000403507	0.00498365	-0.999988
-0.000452698	0.00497968	-0.999987
0.0806999	-0.996726	-0.004963
1.47093e-006	-1.81415e-005	3.64502e-007
0.0807023	-0.996728	-0.00446671
-0.000376672	0.00464563	-0.999989
-0.000376147	0.00464567	-0.999989
-0	-0	-1
-0.996738	-0.0807019	-0
-0.0807033	0.996738	-0

#	Mesh	0	End


COMPONENTFINISH

COMPONENT 2 1832219=IfcBeam
#	Mesh	0	Begin

#	Vertex	10
80.7929	-15.205	2.205
70.8278	-16.0124	2.205
70.9005	-16.9095	2.205
80.8656	-16.102	2.205
70.9005	-16.9095	3.105
80.8656	-16.102	3.105
70.8278	-16.0124	3.105
80.7929	-15.205	3.105
80.8656	-16.102	2.25443
80.7929	-15.205	2.25894

#	Triangle	6
0	2	1	3	2	0
3	4	2	5	4	3
5	6	4	7	6	5
7	1	6	0	1	7
8	0	9	3	0	8
2	6	1	4	6	2

#	Normal	6
-0	-0	-1
0.0807612	-0.996733	-0
0	-0	1
-0.0807612	0.996733	-0
0.996733	0.0807638	0
-0.996733	-0.0807638	0

#	Mesh	0	End


COMPONENTFINISH

COMPONENT 2 1832448=IfcBeam
#	Mesh	0	Begin

#	Vertex	26
102.942	-32.8649	4.63606
81.6269	-34.5907	4.63606
81.6269	-34.5907	2.13606
102.942	-32.8649	2.13606
81.4251	-32.0989	2.13606
102.74	-30.3731	2.13606
82.7475	-33.844	2.13606
82.6507	-32.6479	2.13606
81.7536	-32.7205	2.13606
81.8505	-33.9166	2.13606
92.8695	-33.0199	2.13606
92.7726	-31.8238	2.13606
91.8756	-31.8964	2.13606
91.9724	-33.0925	2.13606
81.4251	-32.0989	4.63606
102.74	-30.3731	4.63606
82.6507	-32.6479	2.14
82.7475	-33.844	2.14
81.8505	-33.9166	2.14
81.7536	-32.7205	2.14
92.7726	-31.8238	2.14
92.8695	-33.0199	2.14
92.8688	-33.0199	2.14
92.6694	-33.0361	2.14
91.9724	-33.0925	2.14
91.8756	-31.8964	2.14

#	Triangle	14
3	1	2	0	1	3
5	8	4	8	2	4	8	9	2	9	3	2	5	7	8	6	3	9	5	12	7	12	6	7	12	13	6	13	3	6	5	11	12	10	3	13	5	10	11	5	3	10	19	17	18	16	17	19	20	24	25	20	23	24	20	22	23	20	21	22
15	4	14	5	4	15
4	1	14	2	1	4
14	0	15	1	0	14
6	16	7	17	16	6	10	20	11	21	20	10
7	19	8	16	19	7
8	18	9	19	18	8	12	24	13	25	24	12	5	0	3	15	0	5
9	17	6	18	17	9
11	25	12	20	25	11
23	13	24
23	10	13
22	10	23
21	10	22

#	Normal	14
0.0807026	-0.996738	-0
-0	-0	-1
-0.0807025	0.996738	-0
-0.996738	-0.0807	0
-0	-0	1
-0.996738	-0.0807031	0
0.0807011	-0.996738	-0
0.996738	0.080703	-0
-0.0807033	0.996738	-0
0.0807004	-0.996738	-0
-0.0807052	0.996738	-0
-0.0807026	0.996738	-0.00046107
-0.0807047	0.996738	-0.000568249
-2.15225e-007	2.76718e-006	-0

#	Mesh	0	End


COMPONENTFINISH

COMPONENT 2 1832640=IfcBeam
#	Mesh	0	Begin

#	Vertex	16
74.3246	-50.4425	2.962
74.2519	-49.5454	2.962
74.2519	-49.5454	2.08046
74.3246	-50.4425	2.07614
83.5877	-49.6919	2.962
83.515	-48.7949	2.962
83.515	-48.7949	2.08353
81.7708	-48.9362	2.08353
81.9639	-48.9205	2.062
74.9837	-49.4861	2.062
75.1493	-49.4727	2.08046
81.9934	-49.8211	2.062
75.0951	-50.38	2.062
75.2219	-50.3698	2.07614
81.8434	-49.8332	2.07873
83.5877	-49.6919	2.07873

#	Triangle	18
3	1	2	0	1	3
5	0	4	1	0	5
10	8	9
10	7	8
1	10	2	1	7	10	1	5	6
1	6	7
9	11	12	8	11	9
0	15	4	0	13	14	0	3	13
0	14	15
14	12	11
13	12	14
6	4	15	5	4	6
7	15	14	6	15	7
8	14	11
7	14	8
13	2	10	3	2	13
12	10	9
13	10	12

#	Normal	18
-0.996734	-0.0807554	0
-0	0	1
-0.0807611	0.996733	-3.30852e-005
-0.0807611	0.996733	-4.81796e-005
-0.0807615	0.996733	-0
-0.0807613	0.996733	-8.4861e-007
0	-0	-1
0.0807612	-0.996733	-0
0.0807609	-0.996734	-2.82739e-006
0.080761	-0.996733	0.000120869
0.0807612	-0.996733	2.46179e-005
0.996738	0.0807033	-0
-0.000430271	0.00531376	-0.999986
0.110499	0.00363023	0.99387
0.1105	0.00363006	0.993869
-0.000387453	0.00478518	-0.999988
-0.109687	-0.013668	0.993872
-0.109685	-0.013668	0.993872

#	Mesh	0	End


COMPONENTFINISH

COMPONENT 2 1832852=IfcBeam
#	Mesh	0	Begin

#	Vertex	20
74.2285	-59.7754	2.916
74.1559	-58.8783	2.916
74.1559	-58.8783	2.03584
74.2285	-59.7754	2.03152
84.3378	-58.9568	2.916
84.2652	-58.0598	2.916
84.2652	-58.0598	2.016
75.7214	-58.7515	2.016
75.8994	-58.7371	2.03584
84.3378	-58.9568	2.016
83.9426	-58.9888	2.016
84.06	-58.8892	2.016
83.4471	-58.5811	2.016
83.1893	-59.0498	2.016
75.8328	-59.6455	2.016
75.972	-59.6342	2.03152
83.0584	-59.0604	2.02819
83.9426	-58.9888	2.0301
84.06	-58.8892	2.03068
83.329	-58.5219	2.03068

#	Triangle	26
3	1	2	0	1	3
5	0	4	1	0	5
8	6	7
8	5	6
1	8	2
1	5	8
10	11	9	11	6	9	11	12	6	12	7	6	13	7	12	14	7	13
4	10	9
4	17	10
16	14	13
16	15	14
17	15	16
4	15	17
4	3	15
4	0	3
5	9	6	4	9	5
15	2	8	3	2	15
15	7	14
8	7	15
11	19	12
18	19	11
16	18	17	19	18	16
13	19	16
12	19	13
17	11	10
18	11	17

#	Normal	26
-0.996738	-0.0807033	0
-0	0	1
-0.0807028	0.996738	-0.000124266
-0.0807025	0.996738	-0
-0.0807037	0.996738	-0
-0.0807027	0.996738	1.90619e-006
-0	0	-1
0.0806974	-0.996739	-0
0.0805777	-0.996748	5.292e-005
0.0807026	-0.996738	0.000208101
0.080703	-0.996738	-4.6111e-006
0.0807028	-0.996738	-0.000319854
0.0807029	-0.996738	-3.30635e-006
0.0807015	-0.996738	1.01234e-005
0.0807023	-0.996738	-0
0.996738	0.0807029	0
-0.000387444	0.00478516	-0.999988
-0.109687	-0.0136679	0.993872
-0.109688	-0.0136682	0.993872
-0.449035	-0.893503	-0.00434295
-0.449034	-0.893504	-0.00428384
0.00185559	0.0036923	-0.999991
0.0968264	-0.0532573	0.993875
0.0968242	-0.0532567	0.993876
-0.647026	0.762466	0.00158168
-0.647035	0.762459	0.00146281

#	Mesh	0	End


COMPONENTFINISH

COMPONENT 2 1832934=IfcBeam
#	TMesh	1762266=IfcBeam
0.767682	0.0622312	-0.0623618	0	0.0621874	0.00467439	0.7702	0	-0.0624054	0.770196	0.000364366	0	23.9438	-33.1015	-67.2018	1

COMPONENTFINISH

COMPONENT 2 1833117=IfcBeam
#	Mesh	0	Begin

#	Vertex	14
94.941	-53.526	2.918
94.8441	-52.3299	2.918
94.8441	-52.3299	2.06428
94.941	-53.526	2.05868
103.56	-51.6237	2.918
103.56	-51.6237	1.718
94.8448	-52.3299	1.718
94.8448	-52.3299	1.96427
95.7418	-52.2572	2.06428
103.657	-52.8197	1.718
94.9416	-53.5259	1.718
103.657	-52.8197	2.918
95.8387	-53.4533	2.05868
94.9416	-53.5259	1.95868

#	Triangle	15
3	1	2	0	1	3
7	5	6	7	4	5
8	4	7
1	8	2
1	4	8
6	9	10	5	9	6
11	10	9	11	13	10
11	12	13
12	0	3
11	0	12
9	4	11	5	4	9
4	0	11	1	0	4
12	2	8	3	2	12
7	10	13	6	10	7
13	8	7	12	8	13

#	Normal	15
-0.996733	-0.0807619	0
-0.0807615	0.996733	-0
-0.0806074	0.996745	-0.0014161
-0.0807639	0.996733	-0
-0.0807614	0.996733	2.64882e-006
0	-0	-1
0.0807613	-0.996733	-0
0.08052	-0.996751	0.00220485
0.0807616	-0.996733	-0
0.080761	-0.996733	-6.44572e-007
0.996733	0.0807616	-0
-0	0	1
-0.000376171	0.0046458	-0.999989
-0.996738	-0.0807031	-0
-0.109698	-0.0135296	0.993873

#	Mesh	0	End


COMPONENTFINISH

COMPONENT 2 1833211=IfcBeam
#	TMesh	1832219=IfcBeam
-0.163333	1.00266	0.000994466	0	1.00257	0.163332	-0.0133631	0	0.0133491	0.00116708	1.01579	0	125.012	-121.004	-0.478864	1

COMPONENTFINISH

COMPONENT 2 1833424=IfcBeam
#	Mesh	0	Begin

#	Vertex	28
93.6424	-60.806	4.59688
93.4326	-58.2144	4.59688
93.4326	-58.2144	2.03747
93.5814	-60.0523	2.02887
93.5814	-60.0522	1.99688
93.6424	-60.806	1.99688
104.921	-57.2842	4.59688
104.921	-57.2842	2.92738
104.921	-57.2842	1.99688
104.027	-57.3567	1.99688
95.8419	-58.0194	1.99688
96.206	-57.9899	2.03747
105.131	-59.8758	1.99688
104.237	-59.9482	1.99688
94.1369	-59.7737	1.99688
94.1559	-60.0091	1.99688
95.053	-59.9365	1.99688
95.0046	-59.3386	1.99688
95.9463	-58.8664	1.99688
105.131	-59.8758	2.91425
105.131	-59.8758	4.59688
95.053	-59.9365	2.006
94.1559	-60.0091	2.006
94.1369	-59.7737	2.006
95.0046	-59.3387	2.006
96.2641	-58.7073	2.03411
93.7573	-59.9641	2.02922
95.3963	-59.1424	2.03242

#	Triangle	26
3	1	2	3	0	1	5	0	3
5	3	4
11	9	10
11	8	9
11	7	8	1	11	2	1	7	11	1	6	7
13	8	12	13	9	8	5	9	13	5	16	9	16	18	9	18	10	9	16	17	18	5	15	16	15	4	14	5	4	15	24	22	23	21	22	24
0	19	20	0	12	19	0	5	13
0	13	12
6	0	20	1	0	6
17	21	24
16	21	17
23	15	14
22	15	23
15	21	16	22	21	15
17	25	18
24	25	17
4	23	14
3	23	4
23	25	24
3	26	23
26	27	23
27	25	23
27	11	25	27	2	11	26	2	27	3	2	26
10	25	11
18	25	10
20	7	6	20	8	7	20	19	8	19	12	8

#	Normal	26
-0.996738	-0.0807	0
-0.996739	-0.0806949	-0.000130994
-0.0807023	0.996738	3.62514e-006
-0.080702	0.996738	5.50709e-005
-0.0807023	0.996738	-0
-0	0	-1
0.0807022	-0.996738	-0
0.080702	-0.996738	-9.1242e-007
-0	0	1
-0.996738	-0.0806983	0.00047358
-0.996738	-0.0807055	-0
0.996739	0.0806866	0.000380113
0.996738	0.0807013	-0
-0.0806983	0.996739	-0
-0.448209	0.893919	0.00428518
-0.448216	0.893914	0.00459513
-0.44821	0.893918	0.00421123
-0.448211	0.893918	0.0042567
-0.448208	0.89392	0.00409387
-0.4482	0.893922	0.00455251
-0.448211	0.893917	0.00433871
-0.448208	0.89392	0.00408923
-0.000376227	0.00464588	-0.999989
-0.109698	-0.0135296	0.993873
-0.109697	-0.0135292	0.993873
0.996738	0.0807031	0

#	Mesh	0	End


COMPONENTFINISH

COMPONENT 2 1833624=IfcBeam
#	Mesh	0	Begin

#	Vertex	22
72.892	-87.2183	2.75
66.3614	-87.7471	2.75
66.3619	-87.7529	2.75
66.8741	-87.7114	2.75
66.934	-88.4511	2.75
72.489	-88.0011	2.75
72.5013	-88.1529	2.75
72.9647	-88.1154	2.75
72.892	-87.2183	1.85
66.3614	-87.7471	1.85
72.9356	-87.7559	1.85
72.4905	-87.7919	1.85
72.5196	-88.1514	1.85
72.5013	-88.1529	1.85
72.489	-88.0011	1.85
66.934	-88.4511	1.85
66.8741	-87.7114	1.85
66.3619	-87.7529	1.85
72.9647	-88.1154	1.873
72.9356	-87.7559	1.873
72.5196	-88.1514	1.873
72.4905	-87.7919	1.873

#	Triangle	16
0	6	7	1	3	0	3	5	0	5	6	0	3	4	5	1	2	3
9	0	8	1	0	9
11	8	10	11	16	8	16	9	8	13	11	12	13	14	11	14	16	11	15	16	14	17	9	16	18	21	19	20	21	18
4	16	15	3	16	4
17	3	2	16	3	17
2	9	17	1	9	2
0	10	8	0	19	10
0	18	19
0	7	18
6	14	13	5	14	6
15	5	4	14	5	15
20	13	12	20	6	13
7	20	18
7	6	20
10	21	11	19	21	10
11	20	12	21	20	11

#	Normal	16
-0	0	1
-0.0807031	0.996738	-0
-0	0	-1
-0.996735	-0.080741	-0
0.0807367	-0.996735	-0
-0.996764	-0.0803842	-0
0.996734	0.0807602	0
0.996733	0.0807688	-5.25283e-006
0.996733	0.0807637	-0
-0.996735	-0.0807442	-0
0.0807492	-0.996734	-0
0.0803706	-0.996765	-0
0.0807111	-0.996738	-0
0.0806976	-0.996739	6.87434e-006
0.0806979	-0.996739	-0
0.996738	0.0807025	-0

#	Mesh	0	End


COMPONENTFINISH

COMPONENT 2 1833731=IfcBeam
#	Mesh	0	Begin

#	Vertex	8
73.6996	-97.1858	1.805
67.0242	-97.7267	1.805
67.0969	-98.6238	1.805
73.7723	-98.0829	1.805
67.0969	-98.6238	2.705
73.7723	-98.0829	2.705
67.0242	-97.7267	2.705
73.6996	-97.1858	2.705

#	Triangle	5
0	2	1	3	2	0
3	4	2	5	4	3
5	6	4	7	6	5
7	1	6	0	1	7
2	6	1	4	6	2

#	Normal	5
-0	-0	-1
0.0807609	-0.996734	-0
0	-0	1
-0.0807609	0.996734	-0
-0.996733	-0.0807637	0

#	Mesh	0	End


COMPONENTFINISH

COMPONENT 2 1833896=IfcBeam
#	Mesh	0	Begin

#	Vertex	12
82.3016	-92.9364	2.745
82.229	-92.0394	2.745
82.229	-92.0394	1.845
82.3016	-92.9364	1.845
92.5244	-92.1087	2.745
92.4517	-91.2117	2.745
92.4517	-91.2117	1.85742
90.7074	-91.3529	1.85742
90.8188	-91.3439	1.845
90.851	-92.2442	1.845
90.7801	-92.25	1.8529
92.5244	-92.1087	1.8529

#	Triangle	15
3	1	2	0	1	3
5	0	4	1	0	5
1	8	2
1	7	8
7	5	6
1	5	7
9	2	8	3	2	9
10	3	9
10	0	3
4	10	11
4	0	10
6	4	11	5	4	6
7	11	10	6	11	7
8	10	9
7	10	8

#	Normal	15
-0.996738	-0.0807033	0
-0	0	1
-0.0807028	0.996738	-0
-0.0809884	0.996711	-0.00274755
-0.0807007	0.996738	-0
-0.0807026	0.996738	3.80548e-006
-0	-0	-1
0.0807028	-0.996738	-0.000302266
0.0807025	-0.996738	-0
0.080701	-0.996738	-0
0.0807022	-0.996738	-2.35593e-006
0.996734	0.080755	-0
-0.000404948	0.00499806	-0.999987
0.110478	0.00395155	0.993871
0.110476	0.00395161	0.993871

#	Mesh	0	End


COMPONENTFINISH

COMPONENT 2 1834001=IfcBeam
#	TMesh	12338=IfcBeam
0.631683	0.0512033	-1.1957e-009	0	-2.67931e-006	3.30689e-005	0.633755	0	0.0512033	-0.631683	3.31773e-005	0	286.348	-92.5231	-64.8053	1

COMPONENTFINISH

COMPONENT 2 1834288=IfcBeam
#	Mesh	0	Begin

#	Vertex	42
99.4035	-85.0701	-0.225
99.565	-87.0636	-0.225
99.565	-87.0636	0.784043
99.4035	-85.0701	0.79481
99.4035	-85.0701	2.275
107.122	-84.4447	2.275
107.122	-84.4447	-0.225
101.049	-84.9368	0.79481
101.049	-84.9368	1.79482
101.946	-84.8641	1.89483
99.4035	-85.0701	1.89483
107.122	-84.4473	-0.225
106.225	-84.52	-0.225
106.386	-86.5109	-0.225
100.758	-86.4124	-0.225
100.686	-85.5153	-0.225
99.7885	-85.5879	-0.225
99.8611	-86.485	-0.225
107.284	-86.4382	2.275
99.565	-87.0636	2.275
99.565	-87.0636	1.88406
100.853	-86.9593	1.88406
100.853	-86.9593	0.784043
106.386	-86.5109	0
107.284	-86.4382	0
102.107	-86.8576	1.88406
101.215	-86.9299	1.78462
101.215	-86.9299	1.88406
106.225	-84.52	0
107.122	-84.4473	0
107.122	-84.4473	0
101.138	-85.9681	1.88925
101.133	-85.9685	1.88925
100.775	-85.9975	1.88925
100.774	-85.9916	0.78927
101.132	-85.9626	0.78927
100.686	-85.5153	0.791864
100.758	-86.4124	0.787019
99.8611	-86.485	0.787019
99.7885	-85.5879	0.791864
101.132	-85.9679	1.78926
101.138	-85.9675	1.78982

#	Triangle	49
3	1	2	0	1	3	20	4	10	19	4	20
3	6	0	7	5	6	8	5	7
3	7	6
9	5	8
4	9	10
4	5	9
12	6	11	12	0	6	13	0	12	1	14	13	14	15	13	15	0	13	16	0	15	1	17	14	17	0	16	1	0	17	23	30	24	28	30	23
23	1	13	23	2	1
18	23	24
18	22	23
22	2	23
18	26	22
26	21	22	27	21	26
18	25	26
21	19	20
27	19	21
25	19	27
18	19	25
5	19	18	4	19	5
13	28	23	12	28	13
11	28	12
29	28	11
5	11	6	5	30	11
5	24	30
5	18	24
25	31	9	27	31	25	20	33	21
31	10	9	33	10	32	20	10	33
32	10	31
3	36	7	36	34	35	37	2	22	3	39	36	38	2	37	3	2	38
36	35	7	36	37	22	3	38	39
36	22	34
40	7	35
8	7	40
8	25	9
40	41	8
41	25	8	26	25	41
15	37	36	14	37	15
16	36	39	15	36	16
17	39	38	16	39	17
38	14	17	37	14	38
40	31	41
40	32	31
34	40	35
34	32	40
34	33	32
21	34	22
33	34	21
26	31	27
41	31	26

#	Normal	49
-0.996733	-0.0807616	-0
-0.080761	0.996733	-0
-0.0807609	0.996734	1.04368e-006
-0.0807546	0.996734	-8.1846e-005
-0.0807618	0.996733	-0
-0.080761	0.996733	5.75048e-006
-0	0	-1
0.0807613	-0.996733	-0
0.0807588	-0.996734	-0
0.0807604	-0.996734	-6.28996e-007
0.0807649	-0.996733	3.15165e-005
0.0807617	-0.996733	-6.5198e-006
0.0807439	-0.996735	-0
0.0807449	-0.996735	0.000202267
0.0807649	-0.996733	-0
0.0807439	-0.996735	-6.97039e-005
0.0807673	-0.996733	3.0146e-005
0.080761	-0.996733	-1.14962e-005
-0	0	1
0.996738	0.080704	-0
0.0806996	-0.996738	-0
0.0807026	-0.996738	1.21916e-005
0.99669	0.081301	0
0.996734	0.0807609	6.179e-007
0.996733	0.0807616	-0
-0.000434501	0.00536584	-0.999986
-0.000434436	0.0053658	-0.999986
-0.000439436	0.00535614	-0.999986
0.000434466	-0.00536575	0.999986
0.000434552	-0.0053658	0.999986
0.000435725	-0.00536568	0.999986
-0.996739	-0.0806987	2.94822e-006
-0.996738	-0.0807015	-0
-0.109639	-0.0142448	0.993869
-0.109649	-0.0142457	0.993868
-0.10964	-0.014245	0.993869
-0.996738	-0.0807033	0
0.0806947	-0.996739	-0
0.996739	0.080694	-0
-0.0807026	0.996738	-0
-0.0808287	0.996714	0.00536318
-0.0817674	0.996637	0.0054109
-0.080761	0.996719	0.00538499
-0.0808328	0.996713	0.00541087
-0.0807592	0.996719	0.00538677
-0.996734	-0.0807565	-0
-0.996734	-0.0807585	-1.7944e-006
0.996738	0.0807009	-0
0.996738	0.0807051	-3.86936e-005

#	Mesh	0	End


COMPONENTFINISH

COMPONENT 2 1834460=IfcBeam
#	Mesh	0	Begin

#	Vertex	12
101.868	-96.3077	2.739
101.751	-94.8624	2.739
101.751	-94.8624	1.84126
101.785	-95.2811	1.839
101.868	-96.3077	1.839
107.046	-95.8882	2.739
107.046	-95.8882	1.839
106.929	-94.4429	1.839
106.929	-94.4429	2.739
102.729	-94.7832	1.839
102.749	-94.7816	1.84126
102.783	-95.2003	1.839

#	Triangle	13
0	3	4
0	2	3
0	1	2
8	6	7	5	6	8
8	0	5	1	0	8
10	7	9
10	8	7
1	10	2
1	8	10
4	7	6	4	11	7	11	9	7	4	3	11
5	4	6	0	4	5
11	2	10	3	2	11
9	11	10

#	Normal	13
-0.996734	-0.0807558	-0
-0.996733	-0.0807703	-1.67083e-005
-0.996734	-0.08076	0
0.996734	0.0807596	0
-0	0	1
-0.0807618	0.996731	-0.00197509
-0.0807609	0.996733	-0
-0.0807675	0.996733	-0
-0.0807622	0.996733	5.90562e-006
-0	0	-1
0.0807607	-0.996734	-0
-0.000434448	0.00536596	-0.999986
-0.10964	-0.0142453	0.993869

#	Mesh	0	End


COMPONENTFINISH

COMPONENT 2 1834563=IfcBeam
#	TMesh	1810269=IfcBeam
-0.163378	1.00227	1.47289e-008	0	1.00227	0.163378	4.34736e-010	0	1.94057e-009	-1.46069e-008	1.0155	0	17.7982	-186.918	5.13446	1

COMPONENTFINISH

COMPONENT 2 1834759=IfcBeam
#	Mesh	0	Begin

#	Vertex	24
98.1812	-114.565	2.605
97.9713	-111.974	2.605
97.9713	-111.974	0.005
98.1812	-114.565	0.005
108.381	-111.131	2.605
109.278	-111.058	2.605
109.278	-111.058	2.605
109.278	-111.058	0.005
109.278	-111.058	0.005
108.381	-111.131	0.005
109.455	-113.239	0.005
109.488	-113.65	0.005
108.591	-113.722	0.005
99.4103	-113.755	0.005
99.3134	-112.558	0.005
98.4164	-112.631	0.005
98.5132	-113.827	0.005
109.488	-113.65	2.605
108.591	-113.722	2.605
109.455	-113.239	2.605
99.3134	-112.558	1.741
99.4103	-113.755	1.741
98.5132	-113.827	1.741
98.4164	-112.631	1.741

#	Triangle	19
3	1	2	0	1	3	13	20	14	21	20	13
1	9	2
1	8	9
1	7	8
1	4	7
4	5	7
5	6	7
12	10	11	12	7	10	12	8	7	12	9	8	3	9	12	3	13	9	13	14	9	14	2	9	15	2	14	3	16	13	16	2	15	3	2	16	23	21	22	20	21	23
17	12	11
17	3	12
17	18	3
18	0	3	14	23	15	20	23	14
5	19	6	5	17	19	5	18	17	4	18	5	1	18	4	1	0	18
6	10	7
6	11	10
6	19	11
19	17	11
15	22	16	23	22	15
16	21	13	22	21	16

#	Normal	19
-0.996738	-0.080703	0
-0.0807024	0.996738	-0
-0.0807033	0.996738	-3.74579e-006
-0.0891337	0.995326	-0.037162
-0.0807024	0.996738	2.04567e-006
-0.0807033	0.996738	1.72268e-006
-0.0891953	0.996014	-0
-0	0	-1
0.0806989	-0.996739	-0
0.0807032	-0.996738	-1.47099e-006
0.0806989	-0.996739	1.70593e-005
0.0807032	-0.996738	-0
-0	-0	1
0.996738	0.0807057	0
0.996739	0.0806887	1.43487e-005
0.996738	0.0807057	-2.70473e-006
0.996739	0.0806887	-0
0.996739	0.0806966	-0
-0.0807026	0.996738	-0

#	Mesh	0	End


COMPONENTFINISH

COMPONENT 2 1835023=IfcBeam
#	Mesh	0	Begin

#	Vertex	32
112.33	-121.647	2.579
112.33	-121.647	1.079
112.266	-120.854	1.079
112.266	-120.854	2.579
111.369	-120.927	2.579
111.32	-120.324	2.579
99.5774	-121.275	2.579
99.6904	-122.67	2.579
105.921	-122.166	2.579
105.88	-121.662	2.579
110.116	-121.32	2.579
110.157	-121.823	2.579
111.32	-120.324	1.079
100.425	-121.206	1.079
100.425	-121.206	1.60714
101.322	-121.133	1.70715
100.016	-121.239	1.70715
100.016	-121.239	1.721
99.5774	-121.275	1.721
110.157	-121.823	1.079
110.116	-121.32	1.079
105.88	-121.662	1.079
105.921	-122.166	1.079
100.538	-122.601	1.079
111.369	-120.927	1.079
99.6904	-122.67	1.70138
101.435	-122.529	1.70138
100.538	-122.601	1.60138
99.6578	-122.268	1.70304
100.097	-122.233	1.70304
99.6578	-122.268	1.721
100.097	-122.233	1.721

#	Triangle	25
3	1	2	0	1	3
4	0	3	4	11	0	6	4	5	6	10	4	10	11	4	6	9	10	6	8	9	6	7	8
14	12	13	14	5	12	17	5	16	2	4	3	24	4	2
15	5	14
16	5	15
6	17	18
6	5	17
19	2	1	19	24	2	19	12	24	19	20	12	20	13	12	21	13	20	23	21	22	23	13	21	17	30	18	31	30	17
8	23	22	26	27	23
8	26	23
8	25	26
8	7	25
5	24	12	4	24	5
11	20	19	10	20	11
21	10	9	20	10	21
22	9	8	21	9	22
19	0	11	1	0	19
25	15	26	25	29	15	29	16	15	25	28	29
14	23	27	13	23	14
27	15	14	26	15	27
7	28	25	7	30	28
7	18	30
7	6	18
29	17	16	31	17	29
28	31	29	30	31	28

#	Normal	25
0.996738	0.0807087	0
-0	-0	1
-0.0807031	0.996738	-0
-0.0807022	0.996738	-9.40896e-006
-0.0807012	0.996738	-2.11478e-005
-0.0806972	0.996739	-0
-0.0807026	0.996738	-2.78221e-006
-0	0	-1
0.0807029	-0.996738	-0
0.0807027	-0.996738	8.31837e-007
0.0807055	-0.996738	-1.35096e-005
0.0807036	-0.996738	-0
0.996739	0.0806952	0
-0.996738	-0.0806999	-0
0.0807021	-0.996738	-0
0.996737	0.0807153	-0
0.0807008	-0.996738	-0
-0.000332738	0.00410596	-0.999992
-0.996734	-0.0807592	-0
-0.10974	-0.0129992	0.993875
-0.996739	-0.0806931	-0
-0.996738	-0.0807069	-6.48548e-006
-0.996738	-0.0807029	0
-0.996739	-0.0806991	0
-0.0806987	0.996739	-0

#	Mesh	0	End


COMPONENTFINISH

COMPONENT 2 1835203=IfcBeam
#	Mesh	0	Begin

#	Vertex	12
79.5676	-125.694	1.02388
67.3444	-126.685	1.058
67.4575	-128.08	1.058
79.6807	-127.09	1.02388
79.6825	-127.09	1.6799
67.4616	-128.08	2.55799
79.6825	-127.09	2.52388
67.3485	-126.684	2.55799
79.5694	-125.694	2.52388
79.5694	-125.694	1.6799
79.682	-127.09	1.48552
79.5689	-125.694	1.4923

#	Triangle	12
0	2	1	3	2	0
4	2	3
4	5	2
6	5	4
6	7	5	8	7	6
7	0	1
7	9	0
7	8	9
10	0	11
3	0	10
2	7	1	5	7	2
8	4	9	6	4	8

#	Normal	12
-0.00277262	-0.000224664	-0.999996
0.0807612	-0.996733	1.43588e-006
0.0807613	-0.996733	-5.49396e-007
0.0807614	-0.996733	-0
0.00277262	0.000224662	0.999996
-0.0807612	0.996733	-4.6422e-006
-0.0807608	0.996734	-1.43697e-006
-0.0807607	0.996734	-0
0.99673	0.0807609	-0.00279509
0.996729	0.0807645	-0.00278415
-0.996729	-0.0807645	0.00278029
0.996733	0.0807648	0

#	Mesh	0	End


COMPONENTFINISH

COMPONENT 2 1835370=IfcBeam
#	Mesh	0	Begin

#	Vertex	14
67.4531	-122.177	2.586
67.34	-120.782	2.586
67.3393	-120.782	1.086
67.4524	-122.177	1.086
79.2073	-121.225	2.58037
79.0943	-119.83	2.58037
79.0943	-119.83	1.71518
77.35	-119.971	1.71518
78.247	-119.898	1.61518
78.247	-119.898	1.08077
78.3601	-121.294	1.08077
78.3601	-121.294	1.6084
77.463	-121.366	1.7084
79.2073	-121.225	1.7084

#	Triangle	19
3	1	2
0	1	3
5	0	4	1	0	5
1	9	2
1	8	9
1	7	8
1	6	7
1	5	6
10	2	9	3	2	10
4	12	13
0	12	4
11	3	10
12	3	11
0	3	12
6	4	13	5	4	6
7	13	12	6	13	7
11	9	8	10	9	11
8	12	11
7	12	8

#	Normal	19
-0.996733	-0.0807643	0.000480546
-0.996734	-0.0807592	0.000475775
0.000475986	3.85663e-005	1
-0.0807615	0.996733	2.35897e-006
-0.0807618	0.996733	-0
-0.0807517	0.996734	0.000114157
-0.0807591	0.996734	2.92819e-005
-0.0807612	0.996733	-0
-0.00047598	-3.85682e-005	-1
0.0807635	-0.996733	-0
0.0807612	-0.996733	4.58634e-006
0.0807615	-0.996733	-0
0.0807621	-0.996733	-1.37163e-005
0.0807611	-0.996733	3.25317e-006
0.996734	0.0807592	-0
-0.000391108	0.00482682	-0.999988
0.996733	0.0807643	0
0.110459	0.00412153	0.993872
0.11046	0.00412106	0.993872

#	Mesh	0	End


COMPONENTFINISH

COMPONENT 2 1835472=IfcBeam
#	Mesh	0	Begin

#	Vertex	10
95.9588	-188.647	-0.127041
95.9588	-188.647	-0.755
85.4634	-189.498	-0.755
85.4634	-189.498	-0.127041
95.8296	-187.052	-0.755
85.3342	-187.903	-0.755
85.3342	-187.903	-0.119035
95.8296	-187.052	-0.119035
85.3342	-187.903	-0.119038
85.4634	-189.498	-0.127044

#	Triangle	6
0	2	1	9	2	0
2	4	1	5	4	2
8	4	5	7	4	8
9	5	2	8	5	9
0	4	7	1	4	0
8	0	7	9	0	8

#	Normal	6
0.0807616	-0.996733	-0
-0	0	-1
-0.0807616	0.996733	-0
-0.996733	-0.0807621	-0
0.996733	0.0807621	0
0.000403826	-0.00498754	0.999987

#	Mesh	0	End


COMPONENTFINISH

COMPONENT 2 1835587=IfcBeam
#	Mesh	0	Begin

#	Vertex	11
91.7777	-188.183	0.750007
92.5607	-197.855	0.709993
91.6637	-197.928	0.709993
90.8806	-188.256	0.750007
91.6634	-197.924	-0.189999
90.8803	-188.252	-0.149986
92.5605	-197.851	-0.189999
91.7774	-188.18	-0.149986
90.8806	-188.256	-0.150001
91.7777	-188.183	-0.150001
90.8806	-188.256	0.750006

#	Triangle	9
0	2	1	10	2	0
10	4	2
8	4	10
8	6	4	9	6	8
9	1	6
0	1	9
2	6	1
4	6	2
8	0	9	10	0	8

#	Normal	9
0.00033283	-0.00411023	0.999991
-0.996738	-0.0807024	-3.27168e-006
-0.996738	-0.0807027	0
-0.000332758	0.00411022	-0.999991
0.996738	0.0807023	1.87026e-006
0.996738	0.0807022	0
0.0807112	-0.996729	-0.00411048
0.080694	-0.99673	-0.00412778
-0.0807464	0.996735	-0

#	Mesh	0	End


COMPONENTFINISH

COMPONENT 2 1841951=IfcBeam
#	TMesh	1832219=IfcBeam
1.00989	0.0817153	0.0818705	0	0.0805126	0.0199993	-1.0131	0	0.0830535	-1.013	-0.013397	0	-1.13251	-119.736	-20.2816	1

COMPONENTFINISH

COMPONENT 2 1842144=IfcBeam
#	Mesh	0	Begin

#	Vertex	21
68.5614	-107.535	2.69315
68.4888	-106.638	2.69315
68.4554	-106.64	1.79377
68.5281	-107.537	1.79377
74.4992	-107.054	2.47163
74.4266	-106.157	2.47163
74.4266	-106.157	1.80274
72.6822	-106.298	1.80274
73.5793	-106.225	1.70274
73.5793	-106.225	1.60261
73.6051	-106.544	1.60261
74.439	-106.311	1.57101
74.4992	-107.054	1.57101
73.484	-107.136	1.71699
72.7549	-107.195	1.79826
73.4841	-107.136	1.79826
74.4391	-106.312	1.80196
73.6052	-106.545	1.70114
73.5995	-106.546	1.70178
73.5996	-106.547	1.80114
73.6052	-106.545	1.80114

#	Triangle	35
3	1	2
0	1	3
5	0	4	1	0	5
1	9	2
1	7	9
7	8	9	1	5	6
1	6	7
3	10	12	10	11	12	3	9	10	3	2	9
4	13	12
13	3	12
13	14	3
14	0	3
4	15	13
15	0	14
4	0	15
17	11	10
17	16	11
18	16	17
19	20	18
20	16	18
16	7	6
16	20	7	19	14	7	15	14	19
20	19	7
17	9	8
10	9	17
14	8	7
14	18	8
18	17	8
14	13	18
4	6	5
4	16	6
16	12	11
4	12	16
15	18	13
19	18	15

#	Normal	35
-0.99605	-0.0806469	0.0371522
-0.99605	-0.0806476	0.0371529
0.0370383	0.00299887	0.999309
-0.0807018	0.996738	3.46925e-006
-0.0806856	0.99674	7.99398e-005
-0.0807033	0.996738	-0
-0.080704	0.996738	-7.56319e-006
-0.0370384	-0.00299899	-0.999309
0.0806952	-0.996739	-0
0.0807049	-0.996738	6.81095e-005
0.0807026	-0.996738	-8.29727e-005
0.0807025	-0.996738	5.1652e-006
0.0807104	-0.996738	-2.05623e-005
0.0807095	-0.996738	3.82078e-005
0.0807013	-0.996738	-6.88687e-006
-0.26947	0.962997	0.0048409
-0.269462	0.962999	0.00489787
-0.269717	0.962913	0.00720405
-0.270475	0.962715	0.00487512
-0.269456	0.963001	0.00481397
-0.000401503	0.00495446	-0.999988
-0.000401501	0.00495478	-0.999988
-0.000397052	0.00497139	-0.999988
0.996733	0.0807661	0
0.996733	0.0807667	1.89253e-006
0.11047	0.00399439	0.993871
0.110468	0.00399599	0.993872
0.110539	0.00400048	0.993864
0.11047	0.00399349	0.993871
0.996738	0.0807026	0
0.996739	0.0806878	-1.99548e-005
0.996738	0.0807067	-3.28006e-006
0.996738	0.0807057	-0
-0.981346	0.192247	0.00139646
-0.981347	0.192238	0.00133805

#	Mesh	0	End


COMPONENTFINISH

COMPONENT 2 1842239=IfcBeam
#	Mesh	0	Begin

#	Vertex	10
77.4106	-112.235	2.655
68.5941	-112.95	2.655
68.5214	-112.053	2.655
77.3379	-111.338	2.655
68.5214	-112.053	1.755
77.3379	-111.338	1.755
68.5941	-112.95	1.755
77.4106	-112.235	1.755
76.984	-111.367	1.755
76.984	-111.367	2.655

#	Triangle	6
0	2	1	9	2	0
9	4	2	8	4	9
8	6	4	7	6	8
7	1	6	0	1	7
2	6	1	4	6	2
8	0	7	9	0	8

#	Normal	6
0	-0	1
-0.0807609	0.996733	-0
-0	-0	-1
0.0807611	-0.996733	-0
-0.996733	-0.0807637	-0
0.897573	0.440865	-0

#	Mesh	0	End


COMPONENTFINISH

COMPONENT 2 1842331=IfcBeam
#	TMesh	10969=IfcBeam
-0.0503524	0.62147	0.0536934	0	0.00426855	-0.0535235	0.623506	0	-0.62377	-0.0505329	-6.75258e-005	0	56.3653	12.629	-52.8119	1

COMPONENTFINISH

ALLCOMPONENTFINISH 2