ALLCOMPONENTSTART 1
COMPONENT 1 11233=IfcWallStandardCase
#	Mesh	0	Begin

#	Vertex	8
-257.727	100.169	-2.42
-259.627	100.169	-2.42
-259.627	99.9688	-2.42
-257.727	99.9688	-2.42
-257.727	100.169	3.38
-259.627	100.169	3.38
-259.627	99.9688	3.38
-257.727	99.9688	3.38

#	Triangle	6
3	4	7	0	4	3
0	5	4	1	5	0
1	6	5	2	6	1
2	7	6	3	7	2
3	1	0	2	1	3
4	6	7	5	6	4

#	Normal	6
1	-0	-0
-0	1	-0
-1	-0	0
-0	-1	-0
-0	0	-1
0	0	1

#	Mesh	0	End


COMPONENTFINISH

COMPONENT 1 11368=IfcWallStandardCase
#	Mesh	0	Begin

#	Vertex	8
76.0027	-128.697	-17.1703
75.6389	-124.206	-17.1703
75.4395	-124.222	-17.1703
75.8034	-128.713	-17.1703
76.0027	-128.697	-10.2703
75.6389	-124.206	-10.2703
75.4395	-124.222	-10.2703
75.8034	-128.713	-10.2703

#	Triangle	6
3	4	7	0	4	3
0	5	4	1	5	0
1	6	5	2	6	1
2	7	6	3	7	2
3	1	0	2	1	3
4	6	7	5	6	4

#	Normal	6
0.0807792	-0.996732	-0
0.996734	0.0807608	-0
-0.0807404	0.996735	-0
-0.996734	-0.0807607	0
-0	0	-1
0	-0	1

#	Mesh	0	End


COMPONENTFINISH

COMPONENT 1 12124=IfcWallStandardCase
#	Mesh	0	Begin

#	Vertex	8
79.6014	-65.0346	-16.885
72.909	-65.5765	-16.885
72.9252	-65.7758	-16.885
79.6175	-65.234	-16.885
79.6014	-65.0346	-11.386
72.909	-65.5765	-11.386
72.9252	-65.7758	-11.386
79.6175	-65.234	-11.386

#	Triangle	6
3	4	7	0	4	3
0	5	4	1	5	0
1	6	5	2	6	1
2	7	6	3	7	2
3	1	0	2	1	3
4	6	7	5	6	4

#	Normal	6
0.996738	0.0807031	-0
-0.0807025	0.996738	-0
-0.996738	-0.0807015	0
0.0807031	-0.996738	-0
-0	-0	-1
-0	0	1

#	Mesh	0	End


COMPONENTFINISH

COMPONENT 1 1482196=IfcWallStandardCase
#	Mesh	0	Begin

#	Vertex	24
80.7564	114.012	-2.53608
80.7564	114.012	4.923
81.5547	104.159	4.923
81.5547	104.159	-2.53608
81.0137	110.837	-0.137
80.9329	111.834	-0.137
80.9329	111.834	-2.237
81.0137	110.837	-2.237
81.5386	104.358	-0.137
81.4417	105.555	-0.137
81.4417	105.555	-2.237
81.5386	104.358	-2.237
81.7541	104.175	4.923
81.7541	104.175	-2.53608
80.9576	114.005	4.923
80.9576	114.005	-2.53608
81.1322	111.85	-0.137
81.213	110.853	-0.137
81.213	110.853	-2.237
81.1322	111.85	-2.237
81.641	105.571	-0.137
81.7379	104.375	-0.137
81.7379	104.375	-2.237
81.641	105.571	-2.237

#	Triangle	26
2	11	3	2	8	11
11	0	3
11	10	0
10	7	0
7	6	0
6	1	0	5	1	6	2	1	5
9	7	10	9	4	7
2	9	8
2	4	9
2	5	4
3	12	2	13	12	3
14	19	15	14	16	19
19	13	15	14	12	21
19	18	13
18	23	13
23	22	13
22	12	13	21	12	22
17	23	18	17	20	23	14	20	17
14	17	16
14	21	20
15	1	14	0	1	15
0	13	3	15	13	0	16	4	5	17	4	16	20	8	9	21	8	20
2	14	1	12	14	2	18	6	7	19	6	18	22	10	11	23	10	22
17	7	4	18	7	17	21	11	8	22	11	21
19	5	6	16	5	19
23	9	10	20	9	23

#	Normal	26
-0.996735	-0.0807435	-0
-0.996733	-0.0807611	1.17807e-005
-0.996733	-0.0807613	2.9417e-006
-0.996734	-0.0807607	1.98504e-005
-0.996733	-0.0807655	-3.13239e-005
-0.996733	-0.0807613	0
-0.996734	-0.0807607	-0
-0.996733	-0.0807613	-7.07118e-007
-0.996734	-0.0807607	-5.42221e-007
-0.996733	-0.0807655	-6.90449e-006
0.0807404	-0.996735	-0
0.996733	0.0807612	0
0.996733	0.080761	-1.32933e-006
0.996734	0.0807578	8.15555e-005
0.996734	0.0807606	1.74198e-005
0.996733	0.0807619	1.16116e-005
0.996732	0.0807792	-0
0.996734	0.0807606	0
0.996734	0.0807578	1.45436e-006
0.996733	0.0807619	-2.41006e-006
0.0337218	0.999431	-0
0	-0	-1
-0	-0	1
-0.0807823	0.996732	-0
0.0807792	-0.996732	-0
0.0807435	-0.996735	-0

#	Mesh	0	End


COMPONENTFINISH

COMPONENT 1 14845=IfcWallStandardCase
#	Mesh	0	Begin

#	Vertex	8
88.041	-42.4149	-16.885
88.5268	-48.4157	-16.885
88.7262	-48.3996	-16.885
88.2403	-42.3987	-16.885
88.041	-42.4149	-11.386
88.5268	-48.4157	-11.386
88.7262	-48.3996	-11.386
88.2403	-42.3987	-11.386

#	Triangle	6
3	4	7	0	4	3
0	5	4	1	5	0
1	6	5	2	6	1
2	7	6	3	7	2
3	1	0	2	1	3
4	6	7	5	6	4

#	Normal	6
-0.0807047	0.996738	-0
-0.996739	-0.0806986	0
0.0807015	-0.996738	-0
0.996738	0.0806999	-0
-0	-0	-1
-0	-0	1

#	Mesh	0	End


COMPONENTFINISH

COMPONENT 1 1563867=IfcWallStandardCase
#	Mesh	0	Begin

#	Vertex	8
66.3622	68.0719	-16.764
64.0002	67.8807	-16.764
64.0164	67.6813	-16.764
66.3783	67.8725	-16.764
66.3622	68.0719	-13.6608
64.0002	67.8807	-13.6608
64.0164	67.6813	-13.6608
66.3783	67.8725	-13.6608

#	Triangle	6
3	4	7	0	4	3
0	5	4	1	5	0
1	6	5	2	6	1
2	7	6	3	7	2
3	1	0	2	1	3
4	6	7	5	6	4

#	Normal	6
0.996738	0.0807047	-0
-0.0806976	0.996739	-0
-0.996738	-0.0807015	0
0.0807008	-0.996738	-0
-0	-0	-1
-0	0	1

#	Mesh	0	End


COMPONENTFINISH

COMPONENT 1 1703481=IfcWallStandardCase
#	Mesh	0	Begin

#	Vertex	8
81.7559	104.185	-2.81095
81.7721	103.986	-2.81095
92.6365	104.866	-2.81095
92.6203	105.065	-2.81095
81.7721	103.986	4.923
81.7559	104.185	4.923
92.6203	105.065	4.923
92.6365	104.866	4.923

#	Triangle	6
0	4	5	1	4	0
1	7	4	2	7	1
2	6	7	3	6	2
3	5	6	0	5	3
0	2	1	3	2	0
4	6	5	7	6	4

#	Normal	6
-0.996735	-0.0807435	0
0.0807611	-0.996733	-0
0.996732	0.0807823	-0
-0.0807612	0.996733	-0
0	-0	-1
-0	-0	1

#	Mesh	0	End


COMPONENTFINISH

COMPONENT 1 1703567=IfcWallStandardCase
#	TMesh	11368=IfcWallStandardCase
-1.12498	-0.0910864	0.0914428	0	-0.0911445	-0.00737974	-1.12866	0	-0.0913849	1.12866	-9.80392e-009	0	154.373	121.735	-149.494	1

COMPONENTFINISH

COMPONENT 1 1703634=IfcWallStandardCase
#	Mesh	0	Begin

#	Vertex	8
82.4794	95.2184	-2.41095
82.3827	96.412	-2.41095
82.1834	96.3959	-2.41095
82.2801	95.2023	-2.41095
82.4794	95.2184	2.75336
82.3827	96.412	2.75336
82.1834	96.3959	2.75336
82.2801	95.2023	2.75336

#	Triangle	6
3	4	7	0	4	3
0	5	4	1	5	0
1	6	5	2	6	1
2	7	6	3	7	2
3	1	0	2	1	3
4	6	7	5	6	4

#	Normal	6
0.0807435	-0.996735	-0
0.996734	0.0807593	-0
-0.0807404	0.996735	-0
-0.996733	-0.0807658	0
-0	0	-1
0	-0	1

#	Mesh	0	End


COMPONENTFINISH

COMPONENT 1 1703701=IfcWallStandardCase
#	Mesh	0	Begin

#	Vertex	16
72.3695	94.3999	-2.7829
72.3695	94.3999	1.358
72.3856	94.2005	1.358
72.3856	94.2005	-2.7829
93.3625	95.8989	1.358
93.3625	95.8989	-2.7829
82.0662	94.9843	-0.137
80.8701	94.8875	-0.137
80.8701	94.8875	-2.237
82.0662	94.9843	-2.237
93.3464	96.0983	1.358
93.3464	96.0983	-2.7829
80.854	95.0868	-0.137
82.0501	95.1837	-0.137
82.0501	95.1837	-2.237
80.854	95.0868	-2.237

#	Triangle	14
0	2	1	3	2	0	13	9	6	14	9	13
4	9	5	8	2	3	4	6	9	7	2	8	4	2	7
9	3	5
9	8	3
4	7	6
5	10	4	11	10	5
1	15	0	1	12	15
15	11	0
15	14	11	1	13	12
14	10	11	13	10	14
1	10	13
0	5	3	11	5	0	12	6	7	13	6	12
2	10	1	4	10	2	14	8	9	15	8	14
15	7	8	12	7	15

#	Normal	14
-0.996738	-0.0807047	0
0.0807022	-0.996738	-0
0.0807022	-0.996738	1.14949e-006
0.0807031	-0.996738	-1.45115e-005
0.0807031	-0.996738	-7.09284e-006
0.996738	0.0807015	-0
-0.0807022	0.996738	-0
-0.0807026	0.996738	6.55506e-006
-0.0807031	0.996738	-5.15983e-006
-0.0807029	0.996738	-0
-0.0807026	0.996738	-1.98402e-006
0	-0	-1
-0	-0	1
0.996738	0.0807047	-0

#	Mesh	0	End


COMPONENTFINISH

COMPONENT 1 1703779=IfcWallStandardCase
#	Mesh	0	Begin

#	Vertex	16
71.4735	94.3089	-2.81095
71.4735	94.3089	1.358
63.2302	93.6414	1.358
63.2302	93.6414	-2.81095
64.998	93.7846	-0.437
65.6958	93.841	-0.437
65.6958	93.841	-2.237
64.998	93.7846	-2.237
63.2254	93.4404	1.358
63.2254	93.4404	-2.81095
71.4896	94.1095	1.358
71.4896	94.1095	-2.81095
65.7119	93.6417	-0.437
65.0142	93.5852	-0.437
65.0142	93.5852	-2.237
65.7119	93.6417	-2.237

#	Triangle	17
2	7	3	2	4	7
7	0	3
7	6	0
6	1	0	5	1	6
2	5	4
2	1	5
3	8	2	9	8	3
10	15	11	10	12	15
15	9	11
15	14	9
14	8	9	13	8	14
10	13	12
10	8	13
11	1	10	0	1	11	7	13	14	4	13	7
0	9	3	11	9	0	4	12	13	5	12	4
2	10	1	8	10	2	6	14	15	7	14	6
5	15	12	6	15	5

#	Normal	17
-0.0807046	0.996738	-0
-0.080703	0.996738	-4.85288e-006
-0.0807033	0.996738	-8.61675e-006
-0.0807025	0.996738	-0
-0.0807033	0.996738	1.22314e-006
-0.080703	0.996738	1.68137e-006
-0.999715	0.023873	-0
0.0807025	-0.996738	-0
0.080702	-0.996738	-4.53366e-006
0.0807033	-0.996738	-1.01931e-005
0.0807001	-0.996738	-0
0.0807033	-0.996738	-2.75519e-006
0.080702	-0.996738	1.9574e-006
0.996738	0.0807015	-0
-0	-0	-1
-0	-0	1
-0.996738	-0.0807015	-0

#	Mesh	0	End


COMPONENTFINISH

COMPONENT 1 1703855=IfcWallStandardCase
#	Mesh	0	Begin

#	Vertex	8
49.8414	95.3718	-2.81095
49.8157	95.1735	-2.81095
63.2254	93.4404	-2.81095
63.2302	93.6414	-2.81095
49.8414	95.3718	2.75676
49.8157	95.1735	2.75676
63.2254	93.4404	2.75676
63.2302	93.6414	2.75676

#	Triangle	6
3	4	7	0	4	3
0	5	4	1	5	0
1	6	5	2	6	1
2	7	6	3	7	2
3	1	0	2	1	3
4	6	7	5	6	4

#	Normal	6
0.128178	0.991751	-0
-0.991753	0.128163	-0
-0.128177	-0.991751	0
0.999715	-0.023873	-0
-0	-0	-1
-0	0	1

#	Mesh	0	End


COMPONENTFINISH

COMPONENT 1 1703930=IfcWallStandardCase
#	Mesh	0	Begin

#	Vertex	12
53.019	112.862	-2.81095
53.019	112.862	4.93
52.8196	112.845	4.93
52.8196	112.845	-2.81095
53.6609	102.455	2.73
53.8841	99.6987	-2.81095
54.0834	99.7149	2.73
54.0834	99.7149	-2.81095
53.8841	99.6987	2.73
53.8602	102.471	2.73
53.6609	102.455	4.93
53.8602	102.471	4.93

#	Triangle	8
0	2	1	3	2	0
8	3	5	4	2	3	10	2	4
8	4	3
6	5	7	8	5	6	10	9	11	4	9	10
1	7	0	1	9	7	1	11	9
9	6	7
0	5	3	7	5	0
10	1	2	11	1	10	4	6	9	8	6	4

#	Normal	8
-0.0807031	0.996738	-0
-0.996738	-0.0807025	-0
-0.996738	-0.0807023	4.97741e-007
0.0807031	-0.996738	-0
0.996738	0.0807025	0
0.996738	0.0807023	-0
-0	-0	-1
-0	-0	1

#	Mesh	0	End


COMPONENTFINISH

COMPONENT 1 1704044=IfcWallStandardCase
#	Mesh	0	Begin

#	Vertex	8
66.1687	112.87	-2.41095
66.1687	113.07	-2.41095
52.889	113.07	-2.41095
52.889	112.87	-2.41095
66.1687	113.07	4.923
66.1687	112.87	4.923
52.889	112.87	4.923
52.889	113.07	4.923

#	Triangle	6
0	4	5	1	4	0
1	7	4	2	7	1
2	6	7	3	6	2
3	5	6	0	5	3
0	2	1	3	2	0
4	6	5	7	6	4

#	Normal	6
1	-0	-0
-0	1	-0
-1	-0	0
-0	-1	-0
-0	0	-1
0	0	1

#	Mesh	0	End


COMPONENTFINISH

COMPONENT 1 1704135=IfcWallStandardCase
#	Mesh	0	Begin

#	Vertex	8
63.8648	93.6649	-3.03358
63.8648	93.6649	2.73
63.6139	96.7644	2.73
63.6139	96.7644	-3.03358
63.4145	96.7483	2.73
63.4145	96.7483	-3.03358
63.6644	93.6627	2.73
63.6644	93.6627	-3.03358

#	Triangle	6
0	2	1	3	2	0
3	4	2	5	4	3
5	6	4	7	6	5
7	1	6	0	1	7
0	5	3	7	5	0
2	6	1	4	6	2

#	Normal	6
0.996738	0.0807022	-0
-0.0807031	0.996738	-0
-0.996738	-0.0807033	0
0.010989	-0.99994	-0
-0	-0	-1
-0	0	1

#	Mesh	0	End


COMPONENTFINISH

COMPONENT 1 1704221=IfcWallStandardCase
#	Mesh	0	Begin

#	Vertex	8
65.8168	96.9416	-2.6122
65.8007	97.141	-2.6122
63.3985	96.9465	-2.6122
63.4146	96.7471	-2.6122
65.8007	97.141	2.73
65.8168	96.9416	2.73
63.4146	96.7471	2.73
63.3985	96.9465	2.73

#	Triangle	6
0	4	5	1	4	0
1	7	4	2	7	1
2	6	7	3	6	2
3	5	6	0	5	3
0	2	1	3	2	0
4	6	5	7	6	4

#	Normal	6
0.996738	0.0807047	-0
-0.0807011	0.996738	-0
-0.996738	-0.0807015	0
0.0807043	-0.996738	-0
-0	-0	-1
-0	0	1

#	Mesh	0	End


COMPONENTFINISH

COMPONENT 1 1704305=IfcWallStandardCase
#	Mesh	0	Begin

#	Vertex	16
65.5062	100.643	-2.41095
65.5062	100.643	2.73
65.3068	100.627	2.73
65.3068	100.627	-2.41095
65.8552	93.854	2.73
65.8552	93.854	-2.41095
65.4037	99.4312	-0.137
65.323	100.428	-0.137
65.323	100.428	-2.237
65.4037	99.4312	-2.237
66.0546	93.8701	2.73
66.0546	93.8701	-2.41095
65.5223	100.444	-0.137
65.603	99.4473	-0.137
65.603	99.4473	-2.237
65.5223	100.444	-2.237

#	Triangle	16
0	2	1	3	2	0
4	9	5	8	2	3	4	6	9	7	2	8	4	2	7
9	3	5
9	8	3
4	7	6
5	10	4	11	10	5
1	15	0	1	12	15
15	11	0
15	14	11
14	10	11	13	10	14
1	13	12
1	10	13
0	5	3	11	5	0	6	12	13	7	12	6
2	10	1	4	10	2	8	14	15	9	14	8
7	15	12	8	15	7
9	13	14	6	13	9

#	Normal	16
-0.0807031	0.996738	-0
-0.996738	-0.0807016	-0
-0.996738	-0.0807018	8.85372e-006
-0.996738	-0.0807034	-2.17478e-006
-0.996738	-0.0807034	-3.65723e-006
0.0807015	-0.996738	-0
0.996738	0.0807015	0
0.996738	0.0807024	9.95442e-007
0.996738	0.0806996	0.000109733
0.996738	0.080703	-0
0.996738	0.0806996	1.39666e-007
0.996738	0.0807024	-1.06068e-006
-0	-0	-1
-0	-0	1
0.0807031	-0.996738	-0
-0.0807047	0.996738	-0

#	Mesh	0	End


COMPONENTFINISH

COMPONENT 1 1704396=IfcWallStandardCase
#	Mesh	0	Begin

#	Vertex	8
65.9687	114.114	-2.41095
65.9687	113.07	-2.41095
66.1687	113.07	-2.41095
66.1687	114.124	-2.41095
65.9687	113.07	4.923
65.9687	114.114	4.923
66.1687	114.124	4.923
66.1687	113.07	4.923

#	Triangle	6
0	4	5	1	4	0
1	7	4	2	7	1
2	6	7	3	6	2
3	5	6	0	5	3
0	2	1	3	2	0
4	6	5	7	6	4

#	Normal	6
-1	-0	0
-0	-1	-0
1	-0	-0
-0.0475633	0.998868	-0
0	-0	-1
-0	-0	1

#	Mesh	0	End


COMPONENTFINISH

COMPONENT 1 1704624=IfcWallStandardCase
#	Mesh	0	Begin

#	Vertex	16
54.067	99.9179	-2.41095
54.067	99.9179	2.73
54.0831	99.7185	2.73
54.0831	99.7185	-2.41095
66.6172	100.733	2.73
66.6172	100.733	-2.41095
55.2597	99.8138	-0.137
54.263	99.7331	-0.137
54.263	99.7331	-2.237
55.2597	99.8138	-2.237
66.6011	100.933	2.73
66.6011	100.933	-2.41095
54.2468	99.9324	-0.137
55.2436	100.013	-0.137
55.2436	100.013	-2.237
54.2468	99.9324	-2.237

#	Triangle	16
0	2	1	3	2	0	13	9	6	14	9	13
4	9	5	4	6	9
9	3	5
9	8	3
8	2	3	7	2	8
4	7	6	4	2	7
5	10	4	11	10	5
1	15	0	1	12	15
15	11	0
15	14	11
14	10	11	13	10	14
1	13	12
1	10	13
0	5	3	11	5	0	12	6	7	13	6	12
2	10	1	4	10	2	14	8	9	15	8	14
15	7	8	12	7	15

#	Normal	16
-0.996738	-0.0807015	0
0.0807028	-0.996738	-0
0.080703	-0.996738	1.05456e-005
0.0807031	-0.996738	9.65278e-006
0.0807124	-0.996737	-0
0.0807031	-0.996738	-1.16274e-006
0.996738	0.0807047	-0
-0.0807124	0.996737	-0
-0.0807024	0.996738	-1.04315e-005
-0.0807031	0.996738	-6.39308e-005
-0.0807021	0.996738	-0
-0.0807031	0.996738	5.85656e-007
-0.0807024	0.996738	8.94786e-007
0	-0	-1
-0	-0	1
0.996738	0.0807015	-0

#	Mesh	0	End


COMPONENTFINISH

COMPONENT 1 1704714=IfcWallStandardCase
#	Mesh	0	Begin

#	Vertex	16
75.2599	105.817	-2.46165
75.2599	105.817	4.923
75.2437	106.016	4.923
75.2437	106.016	-2.46165
66.4478	105.304	4.923
66.4478	105.304	-2.46165
70.9378	105.668	-0.137
71.6355	105.724	-0.137
71.6355	105.724	-2.237
70.9378	105.668	-2.237
66.464	105.105	4.923
66.464	105.105	-2.46165
71.6517	105.525	-0.137
70.954	105.468	-0.137
70.954	105.468	-2.237
71.6517	105.525	-2.237

#	Triangle	13
0	2	1	3	2	0	13	9	6	14	9	13
4	9	5	4	6	9	4	7	6
9	3	5
9	8	3
8	2	3	7	2	8	4	2	7
5	10	4	11	10	5	15	7	8	12	7	15
1	15	0	1	12	15	1	10	13
15	11	0
15	14	11
14	10	11	13	10	14
1	13	12
0	5	3	11	5	0	12	6	7	13	6	12
2	10	1	4	10	2	14	8	9	15	8	14

#	Normal	13
0.996738	0.0807047	-0
-0.0807026	0.996738	-0
-0.0807023	0.996738	-4.6611e-006
-0.0807029	0.996738	-1.53448e-005
-0.0807019	0.996738	-0
-0.996738	-0.0807047	0
0.0807019	-0.996738	-0
0.0807023	-0.996738	6.39226e-006
0.0807029	-0.996738	-6.4793e-006
0.0807026	-0.996738	-0
0.0807029	-0.996738	-6.81276e-007
-0	-0	-1
-0	0	1

#	Mesh	0	End


COMPONENTFINISH

COMPONENT 1 1704823=IfcWallStandardCase
#	Mesh	0	Begin

#	Vertex	14
75.7247	100.076	-2.41095
75.924	100.092	2.73
75.924	100.092	-2.41095
75.6668	103.269	2.73
75.6668	103.269	4.923
75.443	106.033	-2.41095
75.2437	106.017	-2.41095
75.4654	103.279	2.73
75.7085	100.276	2.73
75.7246	100.077	2.73
75.7247	100.076	2.73
75.4654	103.279	4.923
75.2437	106.017	4.923
75.443	106.033	4.923

#	Triangle	12
10	2	1	0	2	10
13	2	5	13	4	3
13	3	2
3	1	2
5	12	13	6	12	5
10	6	0	7	12	6	11	12	7
10	9	6
9	8	6
8	7	6
0	5	2	6	5	0
4	12	11	13	12	4	8	3	7	8	1	3	9	1	8	10	1	9
3	11	7	4	11	3

#	Normal	12
0.0807015	-0.996738	-0
0.996738	0.0807033	0
0.996738	0.0807022	9.5602e-007
0.996738	0.0807037	-0
-0.0807047	0.996738	-0
-0.996738	-0.080702	-0
-0.997456	-0.0702434	0.0121525
-0.996738	-0.0807015	1.71261e-006
-0.996738	-0.0807042	-1.31632e-006
-0	0	-1
-0	-0	1
-0.0479977	-0.998847	0

#	Mesh	0	End


COMPONENTFINISH

COMPONENT 1 1704907=IfcWallStandardCase
#	Mesh	0	Begin

#	Vertex	16
71.7123	99.9526	-2.52086
71.7123	99.9526	2.73
71.7284	99.7532	2.73
71.7284	99.7532	-2.52086
75.7246	100.077	2.73
75.7246	100.077	-2.52086
73.1238	99.8662	-0.137
72.1271	99.7855	-0.137
72.1271	99.7855	-2.237
73.1238	99.8662	-2.237
75.7085	100.276	2.73
75.7085	100.276	-2.52086
72.111	99.9849	-0.137
73.1077	100.066	-0.137
73.1077	100.066	-2.237
72.111	99.9849	-2.237

#	Triangle	12
0	2	1	3	2	0	9	13	14	6	13	9
4	9	5	4	6	9
9	3	5
9	8	3	8	2	3	7	2	8
4	7	6
4	2	7
5	10	4	11	10	5
1	15	0	15	11	0	14	10	11	1	12	15	13	10	14	1	13	12	1	10	13
15	14	11
0	5	3	11	5	0	6	12	13	7	12	6
2	10	1	4	10	2	8	14	15	9	14	8
7	15	12	8	15	7

#	Normal	12
-0.996738	-0.0807047	0
0.0806999	-0.996738	-0
0.0807011	-0.996738	1.09494e-005
0.0807034	-0.996738	-4.44227e-007
0.0807034	-0.996738	-3.18661e-006
0.0807011	-0.996738	-2.78328e-007
0.996738	0.0807015	-0
-0.0807031	0.996738	-0
-0.0807034	0.996738	-4.75233e-006
0	-0	-1
-0	-0	1
0.996738	0.0807047	0

#	Mesh	0	End


COMPONENTFINISH

COMPONENT 1 1704995=IfcWallStandardCase
#	Mesh	0	Begin

#	Vertex	16
71.6596	103.163	-2.60333
71.6596	103.163	2.73
71.4602	103.147	2.73
71.4602	103.147	-2.60333
72.0906	95.362	2.73
72.0906	95.362	-2.60333
72.0744	95.5614	-0.137
71.9937	96.5581	-0.137
71.9937	96.5581	-2.237
72.0744	95.5614	-2.237
72.2899	95.3782	2.73
72.2899	95.3782	-2.60333
72.1931	96.5742	-0.137
72.2738	95.5775	-0.137
72.2738	95.5775	-2.237
72.1931	96.5742	-2.237

#	Triangle	13
0	2	1	3	2	0
4	9	5	4	6	9
9	3	5
9	8	3
8	2	3	7	2	8	4	7	6	4	2	7
5	10	4	11	10	5	15	7	8	12	7	15
1	15	0	14	10	11	1	12	15	13	10	14	1	10	13
15	11	0
15	14	11
1	13	12
0	5	3	11	5	0	12	6	7	13	6	12
2	10	1	4	10	2	14	8	9	15	8	14
13	9	6	14	9	13

#	Normal	13
-0.0807015	0.996738	-0
-0.996738	-0.0807015	-0
-0.996738	-0.080703	7.73406e-007
-0.996738	-0.0807034	-9.09216e-006
-0.996738	-0.0807029	0
0.0807047	-0.996738	-0
0.996738	0.0807018	0
0.996738	0.080702	3.78889e-006
0.996738	0.0807034	-1.03268e-006
0.996738	0.0807034	-3.87782e-006
-0	-0	-1
-0	-0	1
-0.0807047	0.996738	-0

#	Mesh	0	End


COMPONENTFINISH

COMPONENT 1 1705062=IfcWallStandardCase
#	Mesh	0	Begin

#	Vertex	8
70.704	103.789	-2.41095
66.5974	103.457	-2.41095
66.6136	103.257	-2.41095
70.7201	103.59	-2.41095
70.704	103.789	1.358
66.5974	103.457	1.358
66.6136	103.257	1.358
70.7201	103.59	1.358

#	Triangle	6
3	4	7	0	4	3
0	5	4	1	5	0
1	6	5	2	6	1
2	7	6	3	7	2
3	1	0	2	1	3
4	6	7	5	6	4

#	Normal	6
0.996738	0.0807015	-0
-0.0807039	0.996738	-0
-0.996738	-0.0807047	0
0.080702	-0.996738	-0
-0	-0	-1
-0	0	1

#	Mesh	0	End


COMPONENTFINISH

COMPONENT 1 1705157=IfcWallStandardCase
#	Mesh	0	Begin

#	Vertex	8
71.6146	103.666	-2.26095
75.6337	103.991	-2.26095
76.0431	104.225	-2.26095
71.5985	103.865	-2.26095
75.6337	103.991	4.923
71.6146	103.666	4.923
71.5985	103.865	4.923
76.0431	104.225	4.923

#	Triangle	6
0	4	5	1	4	0
1	7	4	2	7	1
2	6	7	3	6	2
3	5	6	0	5	3
0	2	1	3	2	0
4	6	5	7	6	4

#	Normal	6
0.0807026	-0.996738	-0
0.495966	-0.868342	-0
-0.080702	0.996738	-0
-0.996738	-0.0807047	0
-0	-0	-1
0	-0	1

#	Mesh	0	End


COMPONENTFINISH

COMPONENT 1 1705250=IfcWallStandardCase
#	Mesh	0	Begin

#	Vertex	16
76.0431	104.225	-2.41095
76.0431	104.225	4.923
81.3058	107.231	4.923
81.3058	107.231	-2.41095
81.1722	107.155	-0.137
80.5643	106.808	-0.137
80.5643	106.808	-2.237
81.1722	107.155	-2.237
81.288	107.451	4.923
81.288	107.451	-2.41095
75.5732	104.187	4.923
75.5732	104.187	-2.41095
80.4651	106.981	-0.137
81.073	107.329	-0.137
81.073	107.329	-2.237
80.4651	106.981	-2.237

#	Triangle	18
2	7	3	2	4	7
7	0	3
7	6	0
6	1	0	5	1	6
2	5	4
2	1	5
3	8	2	9	8	3
10	15	11	10	12	15
15	9	11
15	14	9
14	8	9	13	8	14
10	13	12
10	8	13
11	1	10	0	1	11
0	9	3	11	9	0	4	12	13	5	12	4
2	10	1	8	10	2	6	14	15	7	14	6
5	15	12	6	15	5
7	13	14	4	13	7

#	Normal	18
0.495964	-0.868343	-0
0.495981	-0.868333	1.7113e-005
0.495985	-0.868331	-0.000149779
0.495981	-0.868334	-0
0.495985	-0.868331	-7.37803e-007
0.495981	-0.868333	9.16041e-008
0.996734	0.080756	-0
-0.49598	0.868334	-0
-0.495981	0.868334	2.92807e-005
-0.495985	0.868331	1.56495e-006
-0.495986	0.86833	-0
-0.495985	0.868331	-6.67093e-006
-0.495981	0.868334	-3.02774e-007
0.0806971	-0.996739	-0
-0	0	-1
-0	-0	1
0.868332	0.495983	0
-0.868332	-0.495983	0

#	Mesh	0	End


COMPONENTFINISH

COMPONENT 1 1705728=IfcWallStandardCase
#	Mesh	0	Begin

#	Vertex	16
53.1916	108.193	-2.4417
53.1916	108.193	4.923
66.1104	109.239	4.923
66.1104	109.239	-2.4417
62.3416	108.934	-0.137
61.6439	108.877	-0.137
61.6439	108.877	-2.237
62.3416	108.934	-2.237
66.1136	109.44	4.923
66.1136	109.44	-2.4417
53.1754	108.392	4.923
53.1754	108.392	-2.4417
61.6277	109.077	-0.137
62.3255	109.133	-0.137
62.3255	109.133	-2.237
61.6277	109.077	-2.237

#	Triangle	15
2	7	3	2	4	7	2	1	5
7	0	3
7	6	0
6	1	0	5	1	6
2	5	4
3	8	2	9	8	3
10	15	11	14	8	9	10	12	15	13	8	14	10	8	13
15	9	11
15	14	9
10	13	12
11	1	10	0	1	11
0	9	3	11	9	0	12	4	5	13	4	12
2	10	1	8	10	2	14	6	7	15	6	14
13	7	4	14	7	13
15	5	6	12	5	15

#	Normal	15
0.0807017	-0.996738	-0
0.0807025	-0.996738	1.33867e-005
0.0807029	-0.996738	-5.58032e-006
0.0807028	-0.996738	-0
0.0807029	-0.996738	-8.57574e-007
0.999871	-0.0160573	-0
-0.0807018	0.996738	-0
-0.080702	0.996738	8.30442e-006
-0.0807029	0.996738	-1.04395e-005
-0.0807029	0.996738	-1.76468e-006
-0.996738	-0.0807015	0
-0	-0	-1
0	-0	1
-0.996738	-0.0807047	-0
0.996738	0.0807047	-0

#	Mesh	0	End


COMPONENTFINISH

COMPONENT 1 1745059=IfcWallStandardCase
#	Mesh	0	Begin

#	Vertex	16
70.6573	104.286	-2.41095
70.6573	104.286	4.923
70.8566	104.302	4.923
70.8566	104.302	-2.41095
70.7634	105.453	4.923
70.7634	105.453	-2.41095
70.7834	105.206	-0.137
70.8399	104.509	-0.137
70.8399	104.509	-2.237
70.7834	105.206	-2.237
70.5641	105.437	4.923
70.5641	105.437	-2.41095
70.6405	104.492	-0.137
70.584	105.19	-0.137
70.584	105.19	-2.237
70.6405	104.492	-2.237

#	Triangle	16
0	2	1	3	2	0
4	9	5	4	6	9
9	3	5
9	8	3
8	2	3	7	2	8
4	7	6
4	2	7
5	10	4	11	10	5	15	7	8	12	7	15
1	15	0	1	12	15
15	11	0
15	14	11
14	10	11	13	10	14	1	10	13
1	13	12
0	5	3	11	5	0	12	6	7	13	6	12
2	10	1	4	10	2	14	8	9	15	8	14
13	9	6	14	9	13

#	Normal	16
0.0807047	-0.996738	-0
0.996738	0.0807056	0
0.996739	0.0806991	-9.35509e-006
0.996738	0.0807029	-2.94505e-005
0.99674	0.0806783	-0
0.996738	0.0807029	1.33288e-007
0.996739	0.0806991	8.54567e-007
-0.0807015	0.996738	-0
-0.996737	-0.0807157	-0
-0.996738	-0.0807058	-1.18697e-005
-0.996738	-0.0807029	3.87724e-006
-0.996738	-0.0807056	0
-0.996738	-0.0807029	5.26517e-007
-0	0	-1
0	-0	1
0.0807015	-0.996738	-0

#	Mesh	0	End


COMPONENTFINISH

COMPONENT 1 1745498=IfcWallStandardCase
#	Mesh	0	Begin

#	Vertex	8
89.0385	11.8221	-16.885
89.2849	8.77841	-16.885
89.4843	8.79454	-16.885
89.2379	11.8382	-16.885
89.0385	11.8221	-11.5485
89.2849	8.77841	-11.5485
89.4843	8.79454	-11.5485
89.2379	11.8382	-11.5485

#	Triangle	6
3	4	7	0	4	3
0	5	4	1	5	0
1	6	5	2	6	1
2	7	6	3	7	2
3	1	0	2	1	3
4	6	7	5	6	4

#	Normal	6
-0.0806967	0.996739	-0
-0.996738	-0.0807003	0
0.0806998	-0.996738	-0
0.996739	0.0806978	-0
-0	-0	-1
-0	-0	1

#	Mesh	0	End


COMPONENTFINISH

COMPONENT 1 1749379=IfcWallStandardCase
#	Mesh	0	Begin

#	Vertex	8
89.8928	34.109	-16.885
87.2016	33.8911	-16.885
87.2217	33.642	-16.885
89.9129	33.8598	-16.885
89.8928	34.109	3.921
87.2016	33.8911	3.921
87.2217	33.642	3.921
89.9129	33.8598	3.921

#	Triangle	6
3	4	7	0	4	3
0	5	4	1	5	0
1	6	5	2	6	1
2	7	6	3	7	2
3	1	0	2	1	3
4	6	7	5	6	4

#	Normal	6
0.996739	0.0806879	-0
-0.0806987	0.996739	-0
-0.996739	-0.0806879	0
0.0806987	-0.996739	-0
-0	-0	-1
-0	0	1

#	Mesh	0	End


COMPONENTFINISH

COMPONENT 1 1749445=IfcWallStandardCase
#	Mesh	0	Begin

#	Vertex	8
90.1429	31.0191	-16.885
89.9129	33.8598	-16.885
89.6637	33.8397	-16.885
89.8937	30.999	-16.885
90.1429	31.0191	3.39787
89.9129	33.8598	3.39787
89.6637	33.8397	3.39787
89.8937	30.999	3.39787

#	Triangle	6
3	4	7	0	4	3
0	5	4	1	5	0
1	6	5	2	6	1
2	7	6	3	7	2
3	1	0	2	1	3
4	6	7	5	6	4

#	Normal	6
0.0807047	-0.996738	-0
0.996739	0.0806991	-0
-0.0807022	0.996738	-0
-0.996738	-0.0807018	0
-0	0	-1
0	-0	1

#	Mesh	0	End


COMPONENTFINISH

COMPONENT 1 1749511=IfcWallStandardCase
#	Mesh	0	Begin

#	Vertex	8
87.7011	30.8214	-16.885
89.8937	30.999	-16.885
89.8736	31.2482	-16.885
87.6809	31.0706	-16.885
87.7011	30.8214	3.921
89.8937	30.999	3.921
89.8736	31.2482	3.921
87.6809	31.0706	3.921

#	Triangle	6
3	4	7	0	4	3
0	5	4	1	5	0
1	6	5	2	6	1
2	7	6	3	7	2
3	1	0	2	1	3
4	6	7	5	6	4

#	Normal	6
-0.996737	-0.080719	0
0.080699	-0.996739	-0
0.996737	0.0807183	-0
-0.0806998	0.996738	-0
0	-0	-1
-0	-0	1

#	Mesh	0	End


COMPONENTFINISH

COMPONENT 1 1749577=IfcWallStandardCase
#	Mesh	0	Begin

#	Vertex	8
87.2218	33.642	-16.885
87.4519	30.8013	-16.885
87.7011	30.8214	-16.885
87.4709	33.6621	-16.885
87.2218	33.642	3.921
87.4519	30.8013	3.921
87.7011	30.8214	3.921
87.4709	33.6621	3.921

#	Triangle	6
3	4	7	0	4	3
0	5	4	1	5	0
1	6	5	2	6	1
2	7	6	3	7	2
3	1	0	2	1	3
4	6	7	5	6	4

#	Normal	6
-0.0807643	0.996733	-0
-0.996733	-0.0807616	0
0.0807565	-0.996734	-0
0.996733	0.0807616	-0
-0	-0	-1
-0	-0	1

#	Mesh	0	End


COMPONENTFINISH

COMPONENT 1 1749643=IfcWallStandardCase
#	TMesh	1749379=IfcWallStandardCase
-1.00003	-1.05649e-005	1.41867e-013	0	1.05649e-005	-1.00003	1.03297e-010	0	1.40775e-013	1.03297e-010	1.00003	0	153.812	65.8672	0.000183582	1

COMPONENTFINISH

COMPONENT 1 1749709=IfcWallStandardCase
#	TMesh	1749577=IfcWallStandardCase
1	-3.02494e-006	-2.58238e-011	0	3.02494e-006	1	3.95968e-014	0	2.58238e-011	-3.96749e-014	1	0	-20.8602	-1.68749	-4.76837e-007	1

COMPONENTFINISH

COMPONENT 1 1749775=IfcWallStandardCase
#	Mesh	0	Begin

#	Vertex	8
64.145	28.9154	-16.885
66.5918	29.1135	-16.885
66.5716	29.3627	-16.885
64.1248	29.1646	-16.885
64.145	28.9154	3.921
66.5918	29.1135	3.921
66.5716	29.3627	3.921
64.1248	29.1646	3.921

#	Triangle	6
3	4	7	0	4	3
0	5	4	1	5	0
1	6	5	2	6	1
2	7	6	3	7	2
3	1	0	2	1	3
4	6	7	5	6	4

#	Normal	6
-0.996739	-0.0806879	0
0.0806984	-0.996739	-0
0.996737	0.0807183	-0
-0.0806994	0.996738	-0
0	-0	-1
-0	-0	1

#	Mesh	0	End


COMPONENTFINISH

COMPONENT 1 1749841=IfcWallStandardCase
#	Mesh	0	Begin

#	Vertex	8
64.374	29.1848	-16.885
64.1642	31.7763	-16.885
63.915	31.7561	-16.885
64.1248	29.1646	-16.885
64.374	29.1848	3.921
64.1642	31.7763	3.921
63.915	31.7561	3.921
64.1248	29.1646	3.921

#	Triangle	6
3	4	7	0	4	3
0	5	4	1	5	0
1	6	5	2	6	1
2	7	6	3	7	2
3	1	0	2	1	3
4	6	7	5	6	4

#	Normal	6
0.0807034	-0.996738	-0
0.996738	0.0807001	-0
-0.0807034	0.996738	-0
-0.996738	-0.0807001	0
-0	0	-1
0	-0	1

#	Mesh	0	End


COMPONENTFINISH

COMPONENT 1 1846519=IfcWallStandardCase
#	Mesh	0	Begin

#	Vertex	8
66.8559	73.8353	-2.387
63.9653	73.6012	-2.387
63.9734	73.5016	-2.387
66.8639	73.7356	-2.387
66.8559	73.8353	-1.137
63.9653	73.6012	-1.137
63.9734	73.5016	-1.137
66.8639	73.7356	-1.137

#	Triangle	6
3	4	7	0	4	3
0	5	4	1	5	0
1	6	5	2	6	1
2	7	6	3	7	2
3	1	0	2	1	3
4	6	7	5	6	4

#	Normal	6
0.996738	0.0807047	-0
-0.0807032	0.996738	-0
-0.996738	-0.0807047	0
0.0807032	-0.996738	-0
-0	-0	-1
-0	0	1

#	Mesh	0	End


COMPONENTFINISH

COMPONENT 1 1846585=IfcWallStandardCase
#	Mesh	0	Begin

#	Vertex	8
72.9947	74.2344	-3.337
72.6791	74.207	-3.337
72.6877	74.1074	-3.337
73.0034	74.1348	-3.337
72.9947	74.2344	-1.337
72.6791	74.207	-1.337
72.6877	74.1074	-1.337
73.0034	74.1348	-1.337

#	Triangle	6
3	4	7	0	4	3
0	5	4	1	5	0
1	6	5	2	6	1
2	7	6	3	7	2
3	1	0	2	1	3
4	6	7	5	6	4

#	Normal	6
0.996253	0.0864847	-0
-0.0865179	0.99625	-0
-0.996246	-0.0865622	0
0.08652	-0.99625	-0
-0	-0	-1
-0	0	1

#	Mesh	0	End


COMPONENTFINISH

COMPONENT 1 1846650=IfcWallStandardCase
#	Mesh	0	Begin

#	Vertex	24
78.7468	74.5986	-2.387
78.7468	74.5986	-1.137
78.7388	74.6983	-1.137
78.7388	74.6983	-2.387
74.0916	74.3217	-2.387
74.3906	74.346	-1.217
75.8857	74.4671	-1.217
75.8857	74.4671	-2.387
76.1847	74.4913	-1.217
77.6798	74.6125	-1.217
77.6798	74.6125	-2.387
74.0916	74.3217	-1.137
74.0997	74.2221	-1.137
74.0997	74.2221	-2.387
75.8938	74.3674	-1.217
74.3987	74.2463	-1.217
74.3987	74.2463	-2.387
77.6879	74.5128	-1.217
76.1928	74.3917	-1.217
76.1928	74.3917	-2.387
74.3906	74.346	-2.387
75.8938	74.3674	-2.387
76.1847	74.4913	-2.387
77.6879	74.5128	-2.387

#	Triangle	20
0	2	1	3	2	0
11	20	4	11	5	20
6	22	7	6	8	22
9	3	10	9	2	3
11	6	5
11	8	6
11	9	8
11	2	9
4	12	11	13	12	4	21	6	7	14	6	21	23	9	10	17	9	23
1	23	0	1	17	23
18	21	19	18	14	21
15	13	16	15	12	13
1	18	17
1	14	18
1	15	14
1	12	15
16	4	20	13	4	16	7	19	21	22	19	7	10	0	23	3	0	10	14	5	6	15	5	14	17	8	9	18	8	17
2	12	1	11	12	2
15	20	5	16	20	15
18	22	8	19	22	18

#	Normal	20
0.996732	0.0807823	-0
-0.0807543	0.996734	-0
-0.0807802	0.996732	-0
-0.080757	0.996734	-0
-0.0807608	0.996734	-2.41995e-005
-0.0807802	0.996732	-0.000463019
-0.0807603	0.996734	5.99797e-005
-0.0807606	0.996734	4.7826e-005
-0.996732	-0.0807823	0
0.080757	-0.996734	-0
0.0807543	-0.996734	-0
0.0807564	-0.996734	-0
0.0807655	-0.996733	-0.00011318
0.0807543	-0.996734	0.00024632
0.0807603	-0.996734	3.04758e-005
0.0807606	-0.996734	1.57482e-005
-0	-0	-1
-0	0	1
0.996738	0.0807047	0
0.996732	0.080776	0

#	Mesh	0	End


COMPONENTFINISH

COMPONENT 1 1846723=IfcWallStandardCase
#	Mesh	0	Begin

#	Vertex	8
83.7731	66.8713	-2.387
83.8727	66.8799	-2.387
83.2589	74.461	-2.387
83.1592	74.453	-2.387
83.7731	66.8713	-1.137
83.8727	66.8799	-1.137
83.2589	74.461	-1.137
83.1592	74.453	-1.137

#	Triangle	6
3	4	7	0	4	3
0	5	4	1	5	0
1	6	5	2	6	1
2	7	6	3	7	2
3	1	0	2	1	3
4	6	7	5	6	4

#	Normal	6
-0.996738	-0.0807031	0
0.0866397	-0.99624	-0
0.996738	0.0807022	-0
-0.0806984	0.996739	-0
0	-0	-1
-0	-0	1

#	Mesh	0	End


COMPONENTFINISH

COMPONENT 1 1846798=IfcWallStandardCase
#	Mesh	0	Begin

#	Vertex	8
85.1551	66.8911	-2.387
85.1465	66.9907	-2.387
83.7731	66.8713	-2.387
83.7812	66.7716	-2.387
85.1551	66.8911	-1.137
85.1465	66.9907	-1.137
83.7731	66.8713	-1.137
83.7812	66.7716	-1.137

#	Triangle	6
3	4	7	0	4	3
0	5	4	1	5	0
1	6	5	2	6	1
2	7	6	3	7	2
3	1	0	2	1	3
4	6	7	5	6	4

#	Normal	6
0.0866421	-0.99624	-0
0.99624	0.0866397	-0
-0.0866399	0.99624	-0
-0.996739	-0.0806984	0
-0	0	-1
0	-0	1

#	Mesh	0	End


COMPONENTFINISH

COMPONENT 1 1846864=IfcWallStandardCase
#	Mesh	0	Begin

#	Vertex	16
93.9303	67.3449	-2.387
93.9303	67.3449	-1.137
93.9222	67.4446	-1.137
93.9222	67.4446	-2.387
90.5772	67.1738	-2.387
90.9759	67.2061	-1.217
92.471	67.3271	-1.217
92.471	67.3271	-2.387
90.5772	67.1738	-1.137
90.5852	67.0741	-1.137
90.5852	67.0741	-2.387
92.479	67.2274	-1.217
90.9839	67.1064	-1.217
90.9839	67.1064	-2.387
90.9759	67.2061	-2.387
92.479	67.2274	-2.387

#	Triangle	13
0	2	1	3	2	0	12	14	5	13	14	12
8	14	4	8	5	14
6	3	7	6	2	3
8	6	5
8	2	6
4	9	8	10	9	4
1	15	0	1	11	15
12	10	13	12	9	10
1	12	11
1	9	12
13	4	14	10	4	13	7	0	15	3	0	7	11	5	6	12	5	11
2	9	1	8	9	2
15	6	7	11	6	15

#	Normal	13
0.996738	0.0807047	-0
-0.0807031	0.996738	-0
-0.0807019	0.996738	-0
-0.080703	0.996738	5.2541e-007
-0.0807025	0.996738	1.16758e-005
-0.996738	-0.0807047	0
0.0807072	-0.996738	-0
0.0807031	-0.996738	-0
0.0806978	-0.996739	0.000171598
0.0807025	-0.996738	-2.87286e-006
-0	-0	-1
-0	0	1
-0.996739	-0.0806984	0

#	Mesh	0	End


COMPONENTFINISH

COMPONENT 1 1848055=IfcWallStandardCase
#	Mesh	0	Begin

#	Vertex	8
54.8535	78.199	-2.387
50.6667	80.3159	-2.387
50.6328	80.249	-2.387
54.8197	78.132	-2.387
54.8535	78.199	-1.137
50.6667	80.3159	-1.137
50.6328	80.249	-1.137
54.8197	78.132	-1.137

#	Triangle	6
3	4	7	0	4	3
0	5	4	1	5	0
1	6	5	2	6	1
2	7	6	3	7	2
3	1	0	2	1	3
4	6	7	5	6	4

#	Normal	6
0.892418	-0.451209	-0
0.45122	0.892413	-0
-0.892418	0.451209	-0
-0.45122	-0.892413	0
-0	0	-1
0	-0	1

#	Mesh	0	End


COMPONENTFINISH

COMPONENT 1 1848158=IfcWallStandardCase
#	Mesh	0	Begin

#	Vertex	8
62.7974	74.1822	-2.387
58.7096	76.2492	-2.387
58.6758	76.1823	-2.387
62.7635	74.1153	-2.387
62.7974	74.1822	-1.137
58.7096	76.2492	-1.137
58.6758	76.1823	-1.137
62.7635	74.1153	-1.137

#	Triangle	6
3	4	7	0	4	3
0	5	4	1	5	0
1	6	5	2	6	1
2	7	6	3	7	2
3	1	0	2	1	3
4	6	7	5	6	4

#	Normal	6
0.892397	-0.451251	-0
0.451248	0.892399	-0
-0.892397	0.451251	-0
-0.451248	-0.892399	0
-0	0	-1
0	-0	1

#	Mesh	0	End


COMPONENTFINISH

COMPONENT 1 18546=IfcWallStandardCase
#	Mesh	0	Begin

#	Vertex	8
90.1676	-127.846	-18.5347
89.78	-123.062	-18.5347
89.2816	-123.102	-18.5347
89.6692	-127.887	-18.5347
90.1676	-127.846	-11.386
89.78	-123.062	-11.386
89.2816	-123.102	-11.386
89.6692	-127.887	-11.386

#	Triangle	6
3	4	7	0	4	3
0	5	4	1	5	0
1	6	5	2	6	1
2	7	6	3	7	2
3	1	0	2	1	3
4	6	7	5	6	4

#	Normal	6
0.0807655	-0.996733	-0
0.996734	0.0807601	-0
-0.0807655	0.996733	-0
-0.996734	-0.0807601	0
-0	0	-1
0	-0	1

#	Mesh	0	End


COMPONENTFINISH

COMPONENT 1 1914819=IfcWallStandardCase
#	Mesh	0	Begin

#	Vertex	8
106.309	-85.5529	-11.386
106.268	-85.0545	-3.67019
106.268	-85.0545	-11.386
101.576	-85.4345	-3.67019
101.576	-85.4345	-11.386
101.616	-85.9328	-3.67269
101.616	-85.9328	-11.386
106.309	-85.5529	-3.67269

#	Triangle	6
7	2	1	0	2	7
1	4	3	2	4	1
3	6	5	4	6	3
5	0	7	6	0	5
0	4	2	6	4	0
3	7	1	5	7	3

#	Normal	6
0.996738	0.0807022	0
-0.0807031	0.996738	-0
-0.996738	-0.0807034	-0
0.0807014	-0.996738	-0
-0	-0	-1
0.000403505	-0.00498357	0.999988

#	Mesh	0	End


COMPONENTFINISH

COMPONENT 1 1920377=IfcWallStandardCase
#	Mesh	0	Begin

#	Vertex	8
66.1136	109.44	-2.26095
66.1686	112.869	-2.26095
65.9687	112.872	-2.26095
65.9133	109.424	-2.26095
66.1686	112.869	4.923
66.1136	109.44	4.923
65.9133	109.424	4.923
65.9687	112.872	4.923

#	Triangle	6
0	4	5	1	4	0
1	7	4	2	7	1
2	6	7	3	6	2
3	5	6	0	5	3
0	2	1	3	2	0
4	6	5	7	6	4

#	Normal	6
0.999871	-0.0160525	-0
0.0160545	0.999871	-0
-0.999871	0.0160505	-0
0.080677	-0.99674	-0
-0	0	-1
-0	-0	1

#	Mesh	0	End


COMPONENTFINISH

COMPONENT 1 1933014=IfcWallStandardCase
#	TMesh	18546=IfcWallStandardCase
0.285356	0.0231269	-0.0231921	0	0.0231163	0.00187348	0.286291	0	-0.0232027	0.28629	-7.10127e-011	0	55.6147	75.7793	36.2251	1

COMPONENTFINISH

COMPONENT 1 1933134=IfcWallStandardCase
#	Mesh	0	Begin

#	Vertex	12
81.663	72.5509	-2.4695
81.6081	73.2286	-2.437
81.4932	74.6462	-1.0865
81.6081	73.2286	-1.0865
81.4932	74.6462	-2.4695
81.3447	74.6215	-1.0865
81.3447	74.6215	-2.4695
81.4586	73.2165	-2.437
81.5135	72.5388	-2.4695
81.5135	72.5388	-2.437
81.663	72.5509	-2.437
81.4586	73.2165	-1.0865

#	Triangle	11
2	1	4	2	3	1
1	0	4
1	10	0
4	5	2	6	5	4
9	6	8
9	7	6
7	5	6	11	5	7
9	0	10	8	0	9
0	6	4	8	6	0
3	5	11	2	5	3	7	10	1	9	10	7
1	11	7	3	11	1

#	Normal	11
0.996733	0.0807631	0
0.996734	0.0807607	-0.000104377
0.996734	0.0807557	-0
-0.164104	0.986443	-0
-0.996733	-0.0807627	-0
-0.996733	-0.0807671	-0.00028809
-0.996734	-0.0807605	0
0.0807823	-0.996732	-0
-0	-0	-1
0	-0	1
0.0807781	-0.996732	-0

#	Mesh	0	End


COMPONENTFINISH

COMPONENT 1 1933200=IfcWallStandardCase
#	TMesh	1914819=IfcWallStandardCase
0.00190495	-0.0235089	0.291306	0	-0.0235278	0.290354	0.023586	0	0.291304	0.0236047	8.28699e-009	0	79.9618	102.217	-30.0405	1

COMPONENTFINISH

COMPONENT 1 1933300=IfcWallStandardCase
#	Mesh	0	Begin

#	Vertex	76
79.0647	72.1146	-2.4695
79.0451	72.1139	-2.4695
79.0255	72.1149	-2.4695
79.0061	72.1175	-2.4695
78.9869	72.1219	-2.4695
78.9683	72.1279	-2.4695
78.9502	72.1356	-2.4695
78.9328	72.1447	-2.4695
78.9163	72.1554	-2.4695
78.9008	72.1674	-2.4695
78.8865	72.1808	-2.4695
78.8733	72.1954	-2.4695
78.8614	72.211	-2.4695
78.851	72.2276	-2.4695
78.842	72.2451	-2.4695
78.8346	72.2633	-2.4695
78.8289	72.282	-2.4695
78.8247	72.3012	-2.4695
78.8223	72.3207	-2.4695
78.6728	72.3086	-2.4695
78.6769	72.2761	-2.4695
78.6837	72.2441	-2.4695
78.6934	72.2129	-2.4695
78.7057	72.1826	-2.4695
78.7206	72.1535	-2.4695
78.738	72.1258	-2.4695
78.7578	72.0997	-2.4695
78.7797	72.0754	-2.4695
78.8037	72.0532	-2.4695
78.8295	72.0331	-2.4695
78.857	72.0153	-2.4695
78.8859	72	-2.4695
78.9161	71.9873	-2.4695
78.9472	71.9773	-2.4695
78.9791	71.97	-2.4695
79.0115	71.9655	-2.4695
79.0442	71.9639	-2.4695
79.0769	71.9651	-2.4695
79.0647	72.1146	-1.0865
79.0451	72.1139	-1.0865
79.0255	72.1149	-1.0865
79.0061	72.1175	-1.0865
78.9869	72.1219	-1.0865
78.9683	72.1279	-1.0865
78.9502	72.1356	-1.0865
78.9328	72.1447	-1.0865
78.9163	72.1554	-1.0865
78.9008	72.1674	-1.0865
78.8865	72.1808	-1.0865
78.8733	72.1954	-1.0865
78.8614	72.211	-1.0865
78.851	72.2276	-1.0865
78.842	72.2451	-1.0865
78.8346	72.2633	-1.0865
78.8289	72.282	-1.0865
78.8247	72.3012	-1.0865
78.8223	72.3207	-1.0865
78.6728	72.3086	-1.0865
78.6769	72.2761	-1.0865
78.6837	72.2441	-1.0865
78.6934	72.2129	-1.0865
78.7057	72.1826	-1.0865
78.7206	72.1535	-1.0865
78.738	72.1258	-1.0865
78.7578	72.0997	-1.0865
78.7797	72.0754	-1.0865
78.8037	72.0532	-1.0865
78.8295	72.0331	-1.0865
78.857	72.0153	-1.0865
78.8859	72	-1.0865
78.9161	71.9873	-1.0865
78.9472	71.9773	-1.0865
78.9791	71.97	-1.0865
79.0115	71.9655	-1.0865
79.0442	71.9639	-1.0865
79.0769	71.9651	-1.0865

#	Triangle	40
37	38	75	0	38	37
0	39	38	1	39	0
1	40	39	2	40	1
2	41	40	3	41	2
3	42	41	4	42	3
4	43	42	5	43	4
5	44	43	6	44	5
6	45	44	7	45	6
7	46	45	8	46	7
8	47	46	9	47	8
9	48	47	10	48	9
10	49	48	11	49	10
11	50	49	12	50	11
12	51	50	13	51	12
13	52	51	14	52	13
14	53	52	15	53	14
15	54	53	16	54	15
16	55	54	17	55	16
17	56	55	18	56	17
18	57	56	19	57	18
19	58	57	20	58	19
20	59	58	21	59	20
21	60	59	22	60	21
22	61	60	23	61	22
23	62	61	24	62	23
24	63	62	25	63	24
25	64	63	26	64	25
26	65	64	27	65	26
27	66	65	28	66	27
28	67	66	29	67	28
29	68	67	30	68	29
30	69	68	31	69	30
31	70	69	32	70	31
32	71	70	33	71	32
33	72	71	34	72	33
34	73	72	35	73	34
35	74	73	36	74	35
36	75	74	37	75	36
18	20	19	18	21	20	18	22	21	18	23	22	18	24	23	18	25	24	18	26	25	18	27	26	18	28	27	18	29	28	17	29	18	16	29	17	15	29	16	15	30	29	14	30	15	13	30	14	12	30	13	12	31	30	11	31	12	10	31	11	10	32	31	9	32	10	8	32	9	8	33	32	7	33	8	6	33	7	6	34	33	5	34	6	4	34	5	4	35	34	3	35	4	2	35	3	2	36	35	1	36	2	1	37	36	0	37	1
58	56	57	59	56	58	60	56	59	61	56	60	62	56	61	63	56	62	64	56	63	65	56	64	66	56	65	67	56	66	67	55	56	67	54	55	67	53	54	68	53	67	68	52	53	68	51	52	68	50	51	69	50	68	69	49	50	69	48	49	70	48	69	70	47	48	70	46	47	71	46	70	71	45	46	71	44	45	72	44	71	72	43	44	72	42	43	73	42	72	73	41	42	73	40	41	74	40	73	74	39	40	75	39	74	75	38	39

#	Normal	40
0.996736	0.0807306	-0
-0.0370117	0.999315	-0
0.050156	0.998741	-0
0.136907	0.990584	-0
0.222447	0.974945	-0
0.306898	0.951742	-0
0.388484	0.921455	-0
0.467632	0.883923	-0
0.542607	0.839986	-0
0.613913	0.789374	-0
0.680344	0.732893	-0
0.741451	0.671007	-0
0.797365	0.603497	-0
0.846744	0.532	-0
0.889925	0.456107	-0
0.926375	0.376601	-0
0.955641	0.294533	-0
0.977662	0.210181	-0
0.992259	0.124182	-0
-0.0807264	0.996736	-0
-0.992259	-0.124182	0
-0.977669	-0.210149	0
-0.955603	-0.294656	0
-0.926287	-0.376819	0
-0.889989	-0.455982	0
-0.846735	-0.532015	0
-0.797385	-0.603471	0
-0.74157	-0.670876	0
-0.680231	-0.732998	0
-0.613858	-0.789417	0
-0.542796	-0.839865	0
-0.46735	-0.884072	0
-0.388697	-0.921365	0
-0.306682	-0.951812	0
-0.222818	-0.97486	0
-0.136839	-0.990593	0
-0.0501401	-0.998742	0
0.037259	-0.999306	-0
-0	-0	-1
-0	-0	1

#	Mesh	0	End


COMPONENTFINISH

COMPONENT 1 1933372=IfcWallStandardCase
#	TMesh	1914819=IfcWallStandardCase
0.00190436	-0.0235086	-0.291301	0	-0.0235205	0.29035	-0.0235856	0	0.2913	0.0235974	-5.53072e-009	0	80.1765	99.575	26.4841	1

COMPONENTFINISH

COMPONENT 1 1933472=IfcWallStandardCase
#	Mesh	0	Begin

#	Vertex	81
81.663	72.5509	-2.4695
81.5151	72.5188	-2.437
81.5135	72.5388	-2.437
81.5135	72.5388	-2.4695
81.5135	72.5388	-1.0865
81.5142	72.5191	-1.0865
81.5142	72.5191	-2.4695
81.5132	72.4995	-1.0865
81.5132	72.4995	-2.4695
81.5105	72.4801	-1.0865
81.5105	72.4801	-2.4695
81.5062	72.461	-1.0865
81.5062	72.461	-2.4695
81.5001	72.4423	-1.0865
81.5001	72.4423	-2.4695
81.4925	72.4242	-1.0865
81.4925	72.4242	-2.4695
81.4834	72.4068	-1.0865
81.4834	72.4068	-2.4695
81.4727	72.3904	-1.0865
81.4727	72.3904	-2.4695
81.4606	72.3749	-1.0865
81.4606	72.3749	-2.4695
81.4473	72.3605	-1.0865
81.4473	72.3605	-2.4695
81.4327	72.3473	-1.0865
81.4327	72.3473	-2.4695
81.4171	72.3354	-1.0865
81.4171	72.3354	-2.4695
81.4005	72.325	-1.0865
81.4005	72.325	-2.4695
81.383	72.3161	-1.0865
81.383	72.3161	-2.4695
81.3648	72.3087	-1.0865
81.3648	72.3087	-2.4695
81.3461	72.3029	-1.0865
81.3461	72.3029	-2.4695
81.3269	72.2988	-1.0865
81.3269	72.2988	-2.4695
81.3074	72.2963	-1.0865
81.3074	72.2963	-2.4695
81.3195	72.1468	-1.0865
81.3195	72.1468	-2.4695
81.352	72.1509	-1.0865
81.352	72.1509	-2.4695
81.3839	72.1577	-1.0865
81.3839	72.1577	-2.4695
81.4152	72.1674	-1.0865
81.4152	72.1674	-2.4695
81.4455	72.1797	-1.0865
81.4455	72.1797	-2.4695
81.4746	72.1946	-1.0865
81.4746	72.1946	-2.4695
81.5023	72.212	-1.0865
81.5023	72.212	-2.4695
81.5284	72.2318	-1.0865
81.5284	72.2318	-2.4695
81.5527	72.2537	-1.0865
81.5527	72.2537	-2.4695
81.5749	72.2777	-1.0865
81.5749	72.2777	-2.4695
81.595	72.3035	-1.0865
81.595	72.3035	-2.4695
81.6128	72.331	-1.0865
81.6128	72.331	-2.4695
81.6281	72.3599	-1.0865
81.6281	72.3599	-2.4695
81.6408	72.3901	-1.0865
81.6408	72.3901	-2.4695
81.6508	72.4212	-1.0865
81.6508	72.4212	-2.4695
81.6581	72.4531	-1.0865
81.6581	72.4531	-2.4695
81.6626	72.4855	-1.0865
81.6626	72.4855	-2.4695
81.6642	72.5182	-1.0865
81.6642	72.5182	-2.4695
81.6637	72.5309	-2.437
81.663	72.5509	-2.437
81.5151	72.5188	-1.0865
81.6637	72.5309	-1.0865

#	Triangle	47
78	3	2	0	3	78
3	5	4	6	5	3
6	7	5	8	7	6
8	9	7	10	9	8
10	11	9	12	11	10
12	13	11	14	13	12
14	15	13	16	15	14
16	17	15	18	17	16
18	19	17	20	19	18
20	21	19	22	21	20
22	23	21	24	23	22
24	25	23	26	25	24
26	27	25	28	27	26
28	29	27	30	29	28
30	31	29	32	31	30
32	33	31	34	33	32
34	35	33	36	35	34
36	37	35	38	37	36
38	39	37	40	39	38
40	41	39	42	41	40
42	43	41	44	43	42
44	45	43	46	45	44
46	47	45	48	47	46
48	49	47	50	49	48
50	51	49	52	51	50
52	53	51	54	53	52
54	55	53	56	55	54
56	57	55	58	57	56
58	59	57	60	59	58
60	61	59	62	61	60
62	63	61	64	63	62
64	65	63	66	65	64
66	67	65	68	67	66
68	69	67	70	69	68
70	71	69	72	71	70
72	73	71	74	73	72
74	75	73	76	75	74
78	76	0
78	77	76
77	75	76	80	75	77
38	42	40	38	44	42	36	44	38	34	44	36	34	46	44	32	46	34	30	46	32	30	48	46	28	48	30	28	50	48	26	50	28	24	50	26	24	52	50	22	52	24	20	52	22	18	52	20	18	54	52	16	54	18	14	54	16	12	54	14	12	56	54	10	56	12	8	56	10	6	56	8	0	6	3	0	56	6	0	58	56	0	60	58	0	62	60	0	64	62	0	66	64	0	68	66	0	70	68	0	72	70	0	74	72
0	76	74
41	37	39	43	37	41	43	35	37	43	33	35	45	33	43	45	31	33	45	29	31	47	29	45	47	27	29	49	27	47	49	25	27	49	23	25	51	23	49	51	21	23	51	19	21	51	17	19	53	17	51	53	15	17	53	13	15	53	11	13	55	11	53	55	9	11	55	7	9	55	5	7	55	79	5	55	80	79	57	80	55	59	80	57	61	80	59	63	80	61	65	80	63	67	80	65	69	80	67	71	80	69	73	80	71	1	78	2	77	78	1
5	79	4
75	80	73
1	4	79	2	4	1
1	80	77	79	80	1

#	Normal	47
-0.0807823	0.996732	-0
-0.999314	-0.0370264	0
-0.998762	0.0497392	-0
-0.990576	0.136961	-0
-0.974859	0.222825	-0
-0.951742	0.306898	-0
-0.921455	0.388484	-0
-0.884088	0.467321	-0
-0.839805	0.542888	-0
-0.789566	0.613665	-0
-0.732893	0.680344	-0
-0.670809	0.74163	-0
-0.60375	0.797173	-0
-0.531894	0.846811	-0
-0.456107	0.889925	-0
-0.376462	0.926432	-0
-0.294533	0.955641	-0
-0.210181	0.977662	-0
-0.124182	0.992259	-0
-0.996736	-0.0807264	0
0.124152	-0.992263	-0
0.210198	-0.977659	-0
0.294656	-0.955603	-0
0.376819	-0.926287	-0
0.455885	-0.890039	-0
0.531844	-0.846842	-0
0.603738	-0.797183	-0
0.670757	-0.741677	-0
0.733006	-0.680222	-0
0.789391	-0.613891	-0
0.839974	-0.542627	-0
0.883974	-0.467537	-0
0.921415	-0.38858	-0
0.951765	-0.306828	-0
0.974912	-0.222591	-0
0.990593	-0.136839	-0
0.998742	-0.0501401	-0
0.999306	0.037259	0
0.999313	0.0370694	0.000190975
0.999294	0.0375582	-0
-0	-0	-1
0	-0	-9.34563e-005
-0	-0	1
-0	-0	1.72319e-005
0	-0	3.63765e-005
0.996724	0.0808788	-0
-0.0807343	0.996736	-0

#	Mesh	0	End


COMPONENTFINISH

COMPONENT 1 1933680=IfcWallStandardCase
#	Mesh	0	Begin

#	Vertex	76
81.1055	74.7881	-2.4695
81.123	74.7889	-2.4695
81.1406	74.7883	-2.4695
81.158	74.7864	-2.4695
81.1753	74.7831	-2.4695
81.1922	74.7785	-2.4695
81.2087	74.7727	-2.4695
81.2248	74.7655	-2.4695
81.2403	74.7572	-2.4695
81.255	74.7478	-2.4695
81.269	74.7372	-2.4695
81.2822	74.7256	-2.4695
81.2944	74.713	-2.4695
81.3056	74.6995	-2.4695
81.3158	74.6852	-2.4695
81.3249	74.6701	-2.4695
81.3327	74.6544	-2.4695
81.3394	74.6382	-2.4695
81.3447	74.6215	-2.4695
81.4932	74.6462	-2.4695
81.4852	74.675	-2.4695
81.475	74.7032	-2.4695
81.4626	74.7304	-2.4695
81.4481	74.7566	-2.4695
81.4315	74.7816	-2.4695
81.4131	74.8051	-2.4695
81.3928	74.8272	-2.4695
81.3709	74.8475	-2.4695
81.3474	74.8661	-2.4695
81.3225	74.8828	-2.4695
81.2964	74.8974	-2.4695
81.2692	74.91	-2.4695
81.2411	74.9204	-2.4695
81.2123	74.9285	-2.4695
81.1829	74.9343	-2.4695
81.1532	74.9378	-2.4695
81.1233	74.9389	-2.4695
81.0934	74.9377	-2.4695
81.1055	74.7881	-1.0865
81.123	74.7889	-1.0865
81.1406	74.7883	-1.0865
81.158	74.7864	-1.0865
81.1753	74.7831	-1.0865
81.1922	74.7785	-1.0865
81.2087	74.7727	-1.0865
81.2248	74.7655	-1.0865
81.2403	74.7572	-1.0865
81.255	74.7478	-1.0865
81.269	74.7372	-1.0865
81.2822	74.7256	-1.0865
81.2944	74.713	-1.0865
81.3056	74.6995	-1.0865
81.3158	74.6852	-1.0865
81.3249	74.6701	-1.0865
81.3327	74.6544	-1.0865
81.3394	74.6382	-1.0865
81.3447	74.6215	-1.0865
81.4932	74.6462	-1.0865
81.4852	74.675	-1.0865
81.475	74.7032	-1.0865
81.4626	74.7304	-1.0865
81.4481	74.7566	-1.0865
81.4315	74.7816	-1.0865
81.4131	74.8051	-1.0865
81.3928	74.8272	-1.0865
81.3709	74.8475	-1.0865
81.3474	74.8661	-1.0865
81.3225	74.8828	-1.0865
81.2964	74.8974	-1.0865
81.2692	74.91	-1.0865
81.2411	74.9204	-1.0865
81.2123	74.9285	-1.0865
81.1829	74.9343	-1.0865
81.1532	74.9378	-1.0865
81.1233	74.9389	-1.0865
81.0934	74.9377	-1.0865

#	Triangle	42
37	38	75	0	38	37
0	39	38	1	39	0
1	40	39	2	40	1
2	41	40	3	41	2
3	42	41	4	42	3
4	43	42	5	43	4
5	44	43	6	44	5
6	45	44	7	45	6
7	46	45	8	46	7
8	47	46	9	47	8
9	48	47	10	48	9
10	49	48	11	49	10
11	50	49	12	50	11
12	51	50	13	51	12
13	52	51	14	52	13
14	53	52	15	53	14
15	54	53	16	54	15
16	55	54	17	55	16
17	56	55	18	56	17
18	57	56	19	57	18
19	58	57	20	58	19
20	59	58	21	59	20
21	60	59	22	60	21
22	61	60	23	61	22
23	62	61	24	62	23
24	63	62	25	63	24
25	64	63	26	64	25
26	65	64	27	65	26
27	66	65	28	66	27
28	67	66	29	67	28
29	68	67	30	68	29
30	69	68	31	69	30
31	70	69	32	70	31
32	71	70	33	71	32
33	72	71	34	72	33
34	73	72	35	73	34
35	74	73	36	74	35
36	75	74	37	75	36
36	0	37	36	1	0	36	2	1	35	2	36	35	3	2	34	3	35	34	4	3	34	5	4	33	5	34	33	6	5	33	7	6	32	7	33	32	8	7	32	9	8	31	9	32	31	10	9	31	11	10	30	11	31	30	12	11	30	13	12	29	13	30	29	14	13	29	15	14	28	15	29	28	16	15	28	17	16	28	18	17	28	19	18	27	19	28	26	19	27	25	19	26	24	19	25	23	19	24	22	19	23	21	19	22
20	19	21
38	74	75	39	74	38	40	74	39	40	73	74	41	73	40	41	72	73	42	72	41	43	72	42	43	71	72	44	71	43	45	71	44	45	70	71	46	70	45	47	70	46	47	69	70	48	69	47	49	69	48	49	68	69	50	68	49	51	68	50	51	67	68	52	67	51	53	67	52	53	66	67	54	66	53	55	66	54	56	66	55	57	66	56	57	65	66	57	64	65	57	63	64	57	62	63	57	61	62	57	60	61	57	59	60
57	58	59

#	Normal	42
-0.996736	-0.0807264	0
0.0427226	-0.999087	-0
-0.0342783	-0.999412	0
-0.110383	-0.993889	0
-0.186008	-0.982548	0
-0.260819	-0.965388	0
-0.333938	-0.942595	0
-0.4049	-0.914361	0
-0.473728	-0.880671	0
-0.539925	-0.841713	0
-0.602632	-0.79802	0
-0.661901	-0.749591	0
-0.717267	-0.696799	0
-0.768695	-0.639615	0
-0.815175	-0.579215	0
-0.857218	-0.514954	0
-0.893982	-0.448103	0
-0.925844	-0.377905	0
-0.951927	-0.306326	0
0.164104	-0.986443	-0
0.963861	0.266406	-0
0.939862	0.341555	-0
0.909973	0.414668	-0
0.874453	0.485111	-0
0.833413	0.552651	-0
0.787268	0.616611	-0
0.736103	0.67687	-0
0.680531	0.732719	-0
0.620422	0.784268	-0
0.556866	0.830602	-0
0.489493	0.872007	-0
0.419025	0.907975	-0
0.346286	0.938129	-0
0.271101	0.962551	-0
0.194159	0.98097	-0
0.116357	0.993207	-0
0.0375812	0.999294	-0
-0.041229	0.99915	-0
-0	-0	-1
-0	-0	-7.06667e-005
-0	-0	1
-0	-0	7.06667e-005

#	Mesh	0	End


COMPONENTFINISH

COMPONENT 1 1933785=IfcWallStandardCase
#	TMesh	1933300=IfcWallStandardCase
0.986967	0.160917	7.96378e-009	0	0.160917	-0.986967	7.78515e-009	0	9.11276e-009	-6.40219e-009	-0.999999	0	-10.776	133.058	-3.556	1

COMPONENTFINISH

COMPONENT 1 1933856=IfcWallStandardCase
#	TMesh	14845=IfcWallStandardCase
-0.335202	-0.0546551	-1.61006e-010	0	-0.0546551	0.335202	-8.12438e-011	0	1.71982e-010	-5.42749e-011	-0.339629	0	105.809	93.3875	-4.95627	1

COMPONENTFINISH

COMPONENT 1 1933993=IfcWallStandardCase
#	Mesh	0	Begin

#	Vertex	76
79.0684	72.0697	-1.0865
79.0448	72.0689	-1.0865
79.0213	72.0701	-1.0865
78.998	72.0733	-1.0865
78.975	72.0785	-1.0865
78.9526	72.0858	-1.0865
78.9309	72.0949	-1.0865
78.9101	72.1059	-1.0865
78.8903	72.1187	-1.0865
78.8717	72.1332	-1.0865
78.8544	72.1492	-1.0865
78.8386	72.1666	-1.0865
78.8244	72.1854	-1.0865
78.8119	72.2054	-1.0865
78.8011	72.2263	-1.0865
78.7923	72.2482	-1.0865
78.7853	72.2707	-1.0865
78.7804	72.2937	-1.0865
78.7775	72.3171	-1.0865
78.7176	72.3122	-1.0865
78.7212	72.2837	-1.0865
78.7273	72.2555	-1.0865
78.7357	72.228	-1.0865
78.7466	72.2013	-1.0865
78.7597	72.1757	-1.0865
78.775	72.1513	-1.0865
78.7924	72.1284	-1.0865
78.8117	72.107	-1.0865
78.8328	72.0874	-1.0865
78.8556	72.0698	-1.0865
78.8797	72.0541	-1.0865
78.9052	72.0407	-1.0865
78.9317	72.0295	-1.0865
78.9591	72.0207	-1.0865
78.9872	72.0143	-1.0865
79.0157	72.0103	-1.0865
79.0445	72.0089	-1.0865
79.0732	72.0099	-1.0865
79.0684	72.0697	0.7756
79.0448	72.0689	0.7756
79.0213	72.0701	0.7756
78.998	72.0733	0.7756
78.975	72.0785	0.7756
78.9526	72.0858	0.7756
78.9309	72.0949	0.7756
78.9101	72.1059	0.7756
78.8903	72.1187	0.7756
78.8717	72.1332	0.7756
78.8544	72.1492	0.7756
78.8386	72.1666	0.7756
78.8244	72.1854	0.7756
78.8119	72.2054	0.7756
78.8011	72.2263	0.7756
78.7923	72.2482	0.7756
78.7853	72.2707	0.7756
78.7804	72.2937	0.7756
78.7775	72.3171	0.7756
78.7176	72.3122	0.7756
78.7212	72.2837	0.7756
78.7273	72.2555	0.7756
78.7357	72.228	0.7756
78.7466	72.2013	0.7756
78.7597	72.1757	0.7756
78.775	72.1513	0.7756
78.7924	72.1284	0.7756
78.8117	72.107	0.7756
78.8328	72.0874	0.7756
78.8556	72.0698	0.7756
78.8797	72.0541	0.7756
78.9052	72.0407	0.7756
78.9317	72.0295	0.7756
78.9591	72.0207	0.7756
78.9872	72.0143	0.7756
79.0157	72.0103	0.7756
79.0445	72.0089	0.7756
79.0732	72.0099	0.7756

#	Triangle	40
37	38	75	0	38	37
0	39	38	1	39	0
1	40	39	2	40	1
2	41	40	3	41	2
3	42	41	4	42	3
4	43	42	5	43	4
5	44	43	6	44	5
6	45	44	7	45	6
7	46	45	8	46	7
8	47	46	9	47	8
9	48	47	10	48	9
10	49	48	11	49	10
11	50	49	12	50	11
12	51	50	13	51	12
13	52	51	14	52	13
14	53	52	15	53	14
15	54	53	16	54	15
16	55	54	17	55	16
17	56	55	18	56	17
18	57	56	19	57	18
19	58	57	20	58	19
20	59	58	21	59	20
21	60	59	22	60	21
22	61	60	23	61	22
23	62	61	24	62	23
24	63	62	25	63	24
25	64	63	26	64	25
26	65	64	27	65	26
27	66	65	28	66	27
28	67	66	29	67	28
29	68	67	30	68	29
30	69	68	31	69	30
31	70	69	32	70	31
32	71	70	33	71	32
33	72	71	34	72	33
34	73	72	35	73	34
35	74	73	36	74	35
36	75	74	37	75	36
18	20	19	18	21	20	18	22	21	18	23	22	18	24	23	18	25	24	18	26	25	17	26	18	16	26	17	15	26	16	14	26	15	14	27	26	13	27	14	13	28	27	12	28	13	11	28	12	11	29	28	10	29	11	9	29	10	9	30	29	8	30	9	8	31	30	7	31	8	7	32	31	6	32	7	5	32	6	5	33	32	4	33	5	4	34	33	3	34	4	3	35	34	2	35	3	2	36	35	1	36	2	1	37	36	0	37	1
58	56	57	59	56	58	60	56	59	61	56	60	62	56	61	63	56	62	64	56	63	64	55	56	64	54	55	64	53	54	64	52	53	65	52	64	65	51	52	66	51	65	66	50	51	66	49	50	67	49	66	67	48	49	67	47	48	68	47	67	68	46	47	69	46	68	69	45	46	70	45	69	70	44	45	70	43	44	71	43	70	71	42	43	72	42	71	72	41	42	73	41	72	73	40	41	74	40	73	74	39	40	75	39	74	75	38	39

#	Normal	40
0.996736	0.0807285	-0
-0.0371466	0.99931	-0
0.0500865	0.998745	-0
0.136963	0.990576	-0
0.222582	0.974914	-0
0.306761	0.951787	-0
0.388709	0.92136	-0
0.4674	0.884046	-0
0.542701	0.839926	-0
0.613918	0.78937	-0
0.680248	0.732982	-0
0.741544	0.670905	-0
0.797286	0.603602	-0
0.846897	0.531757	-0
0.889938	0.456081	-0
0.926311	0.37676	-0
0.955635	0.294552	-0
0.977647	0.210254	-0
0.992273	0.124076	-0
-0.0807285	0.996736	-0
-0.992278	-0.124035	0
-0.977639	-0.210289	0
-0.955679	-0.29441	0
-0.926328	-0.376719	0
-0.889877	-0.456201	0
-0.846853	-0.531827	0
-0.797322	-0.603555	0
-0.741632	-0.670807	0
-0.680149	-0.733074	0
-0.613847	-0.789425	0
-0.542745	-0.839898	0
-0.467501	-0.883992	0
-0.388639	-0.92139	0
-0.306606	-0.951836	0
-0.222817	-0.97486	0
-0.136784	-0.990601	0
-0.0501947	-0.998739	0
0.0371823	-0.999308	-0
-0	-0	-1
-0	-0	1

#	Mesh	0	End


COMPONENTFINISH

COMPONENT 1 1934064=IfcWallStandardCase
#	TMesh	12124=IfcWallStandardCase
-0.332119	-0.0541689	1.07231e-008	0	-0.0541689	0.332119	1.47936e-009	0	1.08214e-008	2.66076e-010	0.336507	0	101.978	97.9841	4.60125	1

COMPONENTFINISH

COMPONENT 1 1934263=IfcWallStandardCase
#	Mesh	0	Begin

#	Vertex	8
81.0961	74.8324	-1.0865
81.0903	74.8921	-1.0865
78.8544	74.7111	-1.0865
78.8592	74.6513	-1.0865
81.0961	74.8324	0.7756
81.0903	74.8921	0.7756
78.8544	74.7111	0.7756
78.8592	74.6513	0.7756

#	Triangle	6
3	4	7	0	4	3
0	5	4	1	5	0
1	6	5	2	6	1
2	7	6	3	7	2
3	1	0	2	1	3
4	6	7	5	6	4

#	Normal	6
0.080705	-0.996738	-0
0.995323	0.096603	-0
-0.0807046	0.996738	-0
-0.996736	-0.0807285	0
-0	0	-1
0	-0	1

#	Mesh	0	End


COMPONENTFINISH

COMPONENT 1 1934363=IfcWallStandardCase
#	TMesh	1933993=IfcWallStandardCase
0.987003	0.160727	1.36938e-009	0	0.160727	-0.987003	-5.38092e-011	0	1.34293e-009	2.73205e-010	-1	0	-10.765	133.076	-0.310901	1

COMPONENTFINISH

COMPONENT 1 1934468=IfcWallStandardCase
#	Mesh	0	Begin

#	Vertex	76
81.4526	74.5898	-1.0865
81.4493	74.6189	-1.0865
81.4434	74.6475	-1.0865
81.4349	74.6756	-1.0865
81.424	74.7027	-1.0865
81.4107	74.7288	-1.0865
81.3951	74.7536	-1.0865
81.3773	74.7769	-1.0865
81.3576	74.7985	-1.0865
81.336	74.8182	-1.0865
81.3127	74.836	-1.0865
81.2879	74.8515	-1.0865
81.2618	74.8648	-1.0865
81.2346	74.8757	-1.0865
81.2066	74.8842	-1.0865
81.1779	74.8901	-1.0865
81.1488	74.8934	-1.0865
81.1195	74.8941	-1.0865
81.0903	74.8921	-1.0865
81.0961	74.8324	-1.0865
81.12	74.8341	-1.0865
81.144	74.8336	-1.0865
81.1678	74.8309	-1.0865
81.1913	74.8262	-1.0865
81.2143	74.8193	-1.0865
81.2365	74.8104	-1.0865
81.2579	74.7996	-1.0865
81.2782	74.7868	-1.0865
81.2973	74.7723	-1.0865
81.315	74.7562	-1.0865
81.3312	74.7385	-1.0865
81.3458	74.7194	-1.0865
81.3585	74.6991	-1.0865
81.3694	74.6778	-1.0865
81.3784	74.6555	-1.0865
81.3853	74.6326	-1.0865
81.3901	74.6091	-1.0865
81.3928	74.5853	-1.0865
81.4526	74.5898	0.7756
81.4493	74.6189	0.7756
81.4434	74.6475	0.7756
81.4349	74.6756	0.7756
81.424	74.7027	0.7756
81.4107	74.7288	0.7756
81.3951	74.7536	0.7756
81.3773	74.7769	0.7756
81.3576	74.7985	0.7756
81.336	74.8182	0.7756
81.3127	74.836	0.7756
81.2879	74.8515	0.7756
81.2618	74.8648	0.7756
81.2346	74.8757	0.7756
81.2066	74.8842	0.7756
81.1779	74.8901	0.7756
81.1488	74.8934	0.7756
81.1195	74.8941	0.7756
81.0903	74.8921	0.7756
81.0961	74.8324	0.7756
81.12	74.8341	0.7756
81.144	74.8336	0.7756
81.1678	74.8309	0.7756
81.1913	74.8262	0.7756
81.2143	74.8193	0.7756
81.2365	74.8104	0.7756
81.2579	74.7996	0.7756
81.2782	74.7868	0.7756
81.2973	74.7723	0.7756
81.315	74.7562	0.7756
81.3312	74.7385	0.7756
81.3458	74.7194	0.7756
81.3585	74.6991	0.7756
81.3694	74.6778	0.7756
81.3784	74.6555	0.7756
81.3853	74.6326	0.7756
81.3901	74.6091	0.7756
81.3928	74.5853	0.7756

#	Triangle	42
37	38	75	0	38	37
0	39	38	1	39	0
1	40	39	2	40	1
2	41	40	3	41	2
3	42	41	4	42	3
4	43	42	5	43	4
5	44	43	6	44	5
6	45	44	7	45	6
7	46	45	8	46	7
8	47	46	9	47	8
9	48	47	10	48	9
10	49	48	11	49	10
11	50	49	12	50	11
12	51	50	13	51	12
13	52	51	14	52	13
14	53	52	15	53	14
15	54	53	16	54	15
16	55	54	17	55	16
17	56	55	18	56	17
18	57	56	19	57	18
19	58	57	20	58	19
20	59	58	21	59	20
21	60	59	22	60	21
22	61	60	23	61	22
23	62	61	24	62	23
24	63	62	25	63	24
25	64	63	26	64	25
26	65	64	27	65	26
27	66	65	28	66	27
28	67	66	29	67	28
29	68	67	30	68	29
30	69	68	31	69	30
31	70	69	32	70	31
32	71	70	33	71	32
33	72	71	34	72	33
34	73	72	35	73	34
35	74	73	36	74	35
36	75	74	37	75	36
17	19	18	17	20	19	16	20	17	16	21	20	16	22	21	15	22	16	15	23	22	14	23	15	14	24	23	13	24	14	13	25	24	12	25	13	12	26	25	12	27	26	11	27	12	11	28	27	10	28	11	10	29	28	9	29	10	9	30	29	9	31	30	8	31	9	8	32	31	7	32	8	7	33	32	7	34	33	6	34	7	6	35	34	6	36	35	6	37	36	6	0	37	5	0	6	4	0	5	3	0	4	2	0	3
1	0	2
57	55	56	58	55	57	58	54	55	59	54	58	60	54	59	60	53	54	61	53	60	61	52	53	62	52	61	62	51	52	63	51	62	63	50	51	64	50	63	65	50	64	65	49	50	66	49	65	66	48	49	67	48	66	67	47	48	68	47	67	69	47	68	69	46	47	70	46	69	70	45	46	71	45	70	72	45	71	72	44	45	73	44	72	74	44	73	75	44	74	38	44	75	38	43	44	38	42	43	38	41	42	38	40	41
38	39	40

#	Normal	42
0.0746151	-0.997212	-0
0.993551	0.113389	-0
0.979393	0.201962	-0
0.95734	0.288963	-0
0.92772	0.373276	-0
0.890552	0.454881	-0
0.846255	0.532778	-0
0.795334	0.606172	-0
0.737763	0.67506	-0
0.674371	0.738393	-0
0.605706	0.795689	-0
0.532084	0.846692	-0
0.45403	0.890987	-0
0.372724	0.927942	-0
0.288156	0.957584	-0
0.201194	0.979551	-0
0.112832	0.993614	-0
0.023479	0.999724	-0
-0.0661649	0.997809	-0
-0.995323	-0.096603	0
0.0690929	-0.99761	-0
-0.0205302	-0.999789	0
-0.110145	-0.993915	0
-0.199123	-0.979974	0
-0.286062	-0.958211	0
-0.370829	-0.928701	0
-0.45268	-0.891673	0
-0.530936	-0.847412	0
-0.604786	-0.796388	0
-0.673775	-0.738937	0
-0.737546	-0.675297	0
-0.794968	-0.606652	0
-0.846162	-0.532926	0
-0.890748	-0.454497	0
-0.927778	-0.373132	0
-0.957593	-0.288125	0
-0.979514	-0.201377	0
-0.993663	-0.112398	0
-0	-0	-1
-0	-0	-7.68367e-005
-0	-0	1
-0	-0	7.68367e-005

#	Mesh	0	End


COMPONENTFINISH

COMPONENT 1 1934573=IfcWallStandardCase
#	TMesh	1933993=IfcWallStandardCase
-2.28882e-005	1	1.36515e-009	0	-1	-2.28882e-005	1.01488e-009	0	1.01491e-009	-1.36513e-009	1	0	153.63	-6.52428	-1.63913e-007	1

COMPONENTFINISH

COMPONENT 1 1938168=IfcWallStandardCase
#	Mesh	0	Begin

#	Vertex	16
81.2859	74.9026	-2.387
81.3129	74.8885	-2.387
81.3386	74.8723	-2.387
81.363	74.8541	-2.387
81.3859	74.834	-2.387
81.407	74.8121	-2.387
83.1239	74.9512	-2.387
83.1158	75.0509	-2.387
81.2859	74.9026	-1.137
81.3129	74.8885	-1.137
81.3386	74.8723	-1.137
81.363	74.8541	-1.137
81.3859	74.834	-1.137
81.407	74.8121	-1.137
83.1239	74.9512	-1.137
83.1158	75.0509	-1.137

#	Triangle	10
7	8	15	0	8	7
0	9	8	1	9	0
1	10	9	2	10	1
2	11	10	3	11	2
3	12	11	4	12	3
4	13	12	5	13	4
5	14	13	6	14	5
6	15	14	7	15	6
5	7	6	5	4	7	4	3	7	3	2	7	2	1	7	1	0	7
8	14	15	8	9	14	9	10	14	10	11	14	11	12	14	12	13	14

#	Normal	10
-0.0807615	0.996733	-0
-0.462856	-0.886434	0
-0.53235	-0.846524	0
-0.598726	-0.800954	0
-0.6609	-0.750474	0
-0.718941	-0.695071	0
0.0807635	-0.996733	-0
0.996732	0.0807823	-0
-0	0	-1
-0	-0	1

#	Mesh	0	End


COMPONENTFINISH

COMPONENT 1 2150513=IfcWallStandardCase
#	Mesh	0	Begin

#	Vertex	8
-100.878	105.715	-7.47
-114.998	105.715	-7.47
-114.998	105.515	-7.47
-100.878	105.515	-7.47
-100.878	105.715	-2.42
-114.998	105.715	-2.42
-114.998	105.515	-2.42
-100.878	105.515	-2.42

#	Triangle	6
3	4	7	0	4	3
0	5	4	1	5	0
1	6	5	2	6	1
2	7	6	3	7	2
3	1	0	2	1	3
4	6	7	5	6	4

#	Normal	6
1	-0	-0
-0	1	-0
-1	-0	0
-0	-1	-0
-0	0	-1
0	0	1

#	Mesh	0	End


COMPONENTFINISH

COMPONENT 1 2291773=IfcWallStandardCase
#	Mesh	0	Begin

#	Vertex	8
69.4974	-45.3949	-18.6035
72.3882	-45.1609	-18.6035
72.3721	-44.9615	-18.6035
69.4813	-45.1956	-18.6035
69.4974	-45.3949	-16.9679
72.3882	-45.1609	-16.9679
72.3721	-44.9615	-16.9679
69.4813	-45.1956	-16.9679

#	Triangle	6
3	4	7	0	4	3
0	5	4	1	5	0
1	6	5	2	6	1
2	7	6	3	7	2
3	1	0	2	1	3
4	6	7	5	6	4

#	Normal	6
-0.996738	-0.0807031	0
0.0807	-0.996738	-0
0.996738	0.0807031	-0
-0.0807	0.996738	-0
0	-0	-1
-0	-0	1

#	Mesh	0	End


COMPONENTFINISH

COMPONENT 1 2383137=IfcWallStandardCase
#	Mesh	0	Begin

#	Vertex	8
58.929	1.51758	-3.04001
57.3493	21.0137	-3.04001
57.15	20.9975	-3.04001
58.7297	1.50143	-3.04001
58.929	1.51758	2.2437
57.3493	21.0137	2.2437
57.15	20.9975	2.2437
58.7297	1.50143	2.2437

#	Triangle	6
3	4	7	0	4	3
0	5	4	1	5	0
1	6	5	2	6	1
2	7	6	3	7	2
3	1	0	2	1	3
4	6	7	5	6	4

#	Normal	6
0.0807607	-0.996734	-0
0.996733	0.0807613	-0
-0.0807629	0.996733	-0
-0.996733	-0.0807611	0
-0	0	-1
0	-0	1

#	Mesh	0	End


COMPONENTFINISH

COMPONENT 1 2384015=IfcWallStandardCase
#	Mesh	0	Begin

#	Vertex	12
47.4034	113.996	8.1437
47.4034	113.996	3.3813
48.2007	114.061	3.3813
48.2007	114.061	8.1437
48.3394	102.464	8.1437
48.3394	102.464	3.37292
49.1368	102.528	8.1437
49.1368	102.528	3.37292
49.1368	102.528	4.93
48.3394	102.464	4.93
47.4034	113.996	4.93
48.2007	114.061	4.93

#	Triangle	6
10	2	1	11	2	10
9	1	5	10	1	9
8	5	7	9	5	8
11	7	2	8	7	11
5	2	7	1	2	5
8	10	9	11	10	8

#	Normal	6
-0.0808987	0.996722	-0
-0.996723	-0.080896	-0
0.0808983	-0.996722	-0
0.996723	0.0808964	0
-5.85775e-005	0.000721715	-1
0	-0	1

#	Mesh	0	End


COMPONENTFINISH

COMPONENT 1 2386409=IfcWallStandardCase
#	TMesh	1745498=IfcWallStandardCase
-0.502389	-4.36562	5.99019e-009	0	4.36562	-0.502389	-9.10054e-008	0	-9.10935e-008	4.45318e-009	-4.39443	0	77.4094	509.431	-71.006	1

COMPONENTFINISH

COMPONENT 1 2386483=IfcWallStandardCase
#	Mesh	0	Begin

#	Vertex	8
70.8457	114.346	-19.9667
70.8394	115.247	-19.9667
48.2887	114.173	-19.9667
48.3614	113.275	-19.9667
70.8457	114.346	3.20362
70.8394	115.247	3.20362
48.2887	114.173	3.20362
48.3614	113.275	3.20362

#	Triangle	6
3	4	7	0	4	3
0	5	4	1	5	0
1	6	5	2	6	1
2	7	6	3	7	2
3	1	0	2	1	3
4	6	7	5	6	4

#	Normal	6
0.0475838	-0.998867	-0
0.999976	0.00694735	-0
-0.0475841	0.998867	-0
-0.996738	-0.0807067	0
-0	0	-1
0	-0	1

#	Mesh	0	End


COMPONENTFINISH

COMPONENT 1 250621=IfcWallStandardCase
#	Mesh	0	Begin

#	Vertex	8
-204.826	113.869	-2.27
-204.826	118.069	-2.27
-205.026	118.069	-2.27
-205.026	113.869	-2.27
-204.826	113.869	0.93
-204.826	118.069	0.93
-205.026	118.069	0.93
-205.026	113.869	0.93

#	Triangle	6
3	4	7	0	4	3
0	5	4	1	5	0
1	6	5	2	6	1
2	7	6	3	7	2
3	1	0	2	1	3
4	6	7	5	6	4

#	Normal	6
-0	-1	-0
1	-0	-0
-0	1	-0
-1	-0	0
-0	-0	-1
-0	-0	1

#	Mesh	0	End


COMPONENTFINISH

COMPONENT 1 2622537=IfcWallStandardCase
#	TMesh	2150513=IfcWallStandardCase
-0.707259	0.70757	-1.09746e-008	0	-0.70757	-0.707259	1.17095e-009	0	6.93035e-009	-8.58974e-009	-1.00044	0	50.7521	176.964	-4.86716	1

COMPONENTFINISH

COMPONENT 1 2622644=IfcWallStandardCase
#	Mesh	0	Begin

#	Vertex	8
57.1529	20.9609	-2.42
58.7297	1.50143	-2.42
58.929	1.51758	-2.42
57.3713	20.7425	-2.42
58.7297	1.50143	2.58
57.1529	20.9609	2.58
57.3713	20.7425	2.58
58.929	1.51758	2.58

#	Triangle	6
0	4	5	1	4	0
1	7	4	2	7	1
2	6	7	3	6	2
3	5	6	0	5	3
0	2	1	3	2	0
4	6	5	7	6	4

#	Normal	6
-0.996733	-0.0807611	0
0.0807607	-0.996734	-0
0.996733	0.0807614	-0
0.707113	0.7071	-0
0	-0	-1
-0	-0	1

#	Mesh	0	End


COMPONENTFINISH

COMPONENT 1 2667175=IfcWallStandardCase
#	TMesh	250621=IfcWallStandardCase
3.84508	0.839314	0	0	-0.839314	3.84508	0	0	0	0	3.93561	0	935.759	-201.465	-1.10814	1

COMPONENTFINISH

COMPONENT 1 2667326=IfcWallStandardCase
#	TMesh	1563867=IfcWallStandardCase
-0.000403762	-4.08255	5.8916e-008	0	4.08255	-0.000403762	-1.03303e-008	0	-1.03362e-008	-5.89149e-008	-4.08255	0	-224.465	325.725	-65.8504	1

COMPONENTFINISH

COMPONENT 1 2667431=IfcWallStandardCase
#	TMesh	2291773=IfcWallStandardCase
0.352101	0.028582	4.36311	0	-4.3488	-0.353016	0.353259	0	0.354171	-4.36303	-6.99634e-010	0	-166.732	-11.4623	-297.281	1

COMPONENTFINISH

COMPONENT 1 2670244=IfcWallStandardCase
#	Mesh	0	Begin

#	Vertex	8
48.2649	113.271	3.38
47.4654	113.233	3.38
47.9963	106.691	3.38
48.7937	106.756	3.38
48.2649	113.271	5.9
47.4654	113.233	5.9
47.9963	106.691	5.9
48.7937	106.756	5.9

#	Triangle	6
3	4	7	0	4	3
0	5	4	1	5	0
1	6	5	2	6	1
2	7	6	3	7	2
3	1	0	2	1	3
4	6	7	5	6	4

#	Normal	6
0.996723	0.0808962	-0
-0.0475907	0.998867	-0
-0.996723	-0.0808961	0
0.0808983	-0.996722	-0
-0	-0	-1
-0	0	1

#	Mesh	0	End


COMPONENTFINISH

COMPONENT 1 2670424=IfcWallStandardCase
#	Mesh	0	Begin

#	Vertex	8
84.2776	113.893	0.14
84.308	114.793	0.14
70.8394	115.247	0.14
70.8457	114.346	0.14
84.2776	113.893	5.9
84.308	114.793	5.9
70.8394	115.247	5.9
70.8457	114.346	5.9

#	Triangle	6
3	4	7	0	4	3
0	5	4	1	5	0
1	6	5	2	6	1
2	7	6	3	7	2
3	1	0	2	1	3
4	6	7	5	6	4

#	Normal	6
-0.033704	-0.999432	0
0.999432	-0.0336978	-0
0.0337041	0.999432	-0
-0.999976	-0.00694735	0
0	-0	-1
-0	-0	1

#	Mesh	0	End


COMPONENTFINISH

COMPONENT 1 2670536=IfcWallStandardCase
#	Mesh	0	Begin

#	Vertex	8
70.8457	114.346	0.14
70.8394	115.247	0.14
46.4151	114.084	0.14
46.4579	113.185	0.14
70.8457	114.346	5.9
70.8394	115.247	5.9
46.4151	114.084	5.9
46.4579	113.185	5.9

#	Triangle	6
3	4	7	0	4	3
0	5	4	1	5	0
1	6	5	2	6	1
2	7	6	3	7	2
3	1	0	2	1	3
4	6	7	5	6	4

#	Normal	6
0.0475839	-0.998867	-0
0.999976	0.00694735	-0
-0.0475839	0.998867	-0
-0.998867	-0.0475866	0
-0	0	-1
0	-0	1

#	Mesh	0	End


COMPONENTFINISH

COMPONENT 1 375830=IfcWallStandardCase
#	TMesh	11233=IfcWallStandardCase
0.999907	-0.0349356	0	0	-0.0349356	-0.999907	0	0	0	0	1.00052	0	309.94	186.412	-0.000248313	1

COMPONENTFINISH

COMPONENT 1 88837=IfcWallStandardCase
#	Mesh	0	Begin

#	Vertex	12
55.3638	42.9035	2.563
55.3638	42.9035	-19.2868
56.2609	42.9761	-19.2868
56.2609	42.9761	2.563
58.3467	6.0626	2.563
58.3467	6.0626	-19.3594
59.2438	6.13523	2.563
59.2438	6.13523	-19.3594
59.2438	6.13523	-2.63889
58.3467	6.0626	-2.63889
55.3638	42.9035	-2.45346
56.2609	42.9761	-2.45346

#	Triangle	6
10	2	1	11	2	10
9	1	5	10	1	9
8	5	7	9	5	8
11	7	2	8	7	11
5	2	7	1	2	5
8	10	9	11	10	8

#	Normal	6
-0.0807033	0.996738	-0
-0.996738	-0.0807025	-0
0.0807028	-0.996738	-0
0.996738	0.0807025	0
-0.000158448	0.00195694	-0.999998
0.00040486	-0.00500032	0.999987

#	Mesh	0	End


COMPONENTFINISH

ALLCOMPONENTFINISH 1