ALLCOMPONENTSTART 0
COMPONENT 0 147166=IfcWall
#	Mesh	0	Begin

#	Vertex	415
86.2171	-198.855	-22.73
89.788	-198.566	-19.7674
89.6144	-198.58	-19.6644
89.9676	-198.551	-19.8593
89.4477	-198.593	-19.5507
89.2884	-198.606	-19.4268
89.1371	-198.618	-19.293
88.9945	-198.63	-19.15
90.1527	-198.536	-19.9396
90.3424	-198.521	-20.0081
90.536	-198.505	-20.0645
90.7327	-198.489	-20.1087
90.9319	-198.473	-20.1403
91.1326	-198.457	-20.1594
91.3341	-198.44	-20.1657
88.8612	-198.641	-18.9982
88.7376	-198.651	-18.8384
88.6243	-198.66	-18.6711
88.5217	-198.668	-18.497
88.4301	-198.676	-18.3167
88.35	-198.682	-18.1311
88.2818	-198.688	-17.9407
88.2255	-198.692	-17.7465
88.1815	-198.696	-17.5491
88.15	-198.698	-17.3493
88.131	-198.7	-17.1479
88.1247	-198.701	-16.9457
88.131	-198.7	-16.7435
91.5357	-198.424	-20.1594
97.1493	-197.969	-22.73
88.15	-198.698	-16.5421
88.1815	-198.696	-16.3423
86.2171	-198.855	0.725992
91.7364	-198.408	-20.1403
91.9355	-198.392	-20.1087
92.1323	-198.376	-20.0645
92.3259	-198.36	-20.0081
92.5156	-198.345	-19.9396
92.7007	-198.33	-19.8593
92.8803	-198.315	-19.7674
93.0539	-198.301	-19.6644
93.2206	-198.288	-19.5507
93.38	-198.275	-19.4268
93.5312	-198.262	-19.293
97.1493	-197.969	-19.6321
93.6738	-198.251	-19.15
93.8071	-198.24	-18.9982
93.9307	-198.23	-18.8384
94.044	-198.221	-18.6711
94.1466	-198.213	-18.497
94.2382	-198.205	-18.3167
94.3183	-198.199	-18.1311
94.3865	-198.193	-17.9407
94.4428	-198.189	-17.7465
94.4868	-198.185	-17.5491
94.5183	-198.182	-17.3493
94.5373	-198.181	-17.1479
94.5436	-198.18	-16.9457
99.1862	-197.804	-15.6247
99.3098	-197.794	-15.7845
99.4431	-197.783	-15.9362
99.5857	-197.772	-16.0793
99.7369	-197.76	-16.2131
99.8962	-197.747	-16.337
100.063	-197.733	-16.4507
100.237	-197.719	-16.5537
100.416	-197.705	-16.6455
100.601	-197.69	-16.7259
100.791	-197.674	-16.7944
100.985	-197.659	-16.8508
101.181	-197.643	-16.895
101.38	-197.626	-16.9266
101.581	-197.61	-16.9456
101.783	-197.594	-16.952
106.25	-197.232	-19.6321
101.984	-197.578	-16.9456
102.185	-197.561	-16.9266
102.384	-197.545	-16.895
102.581	-197.529	-16.8508
102.774	-197.513	-16.7944
102.964	-197.498	-16.7259
103.149	-197.483	-16.6455
103.329	-197.469	-16.5537
103.502	-197.455	-16.4507
103.669	-197.441	-16.337
103.829	-197.428	-16.2131
103.98	-197.416	-16.0793
104.122	-197.404	-15.9362
104.256	-197.393	-15.7845
104.379	-197.383	-15.6247
104.493	-197.374	-15.4574
104.595	-197.366	-15.2832
104.687	-197.359	-15.103
104.767	-197.352	-14.9174
104.835	-197.347	-14.727
104.891	-197.342	-14.5328
104.935	-197.338	-14.3354
104.967	-197.336	-14.1356
104.986	-197.334	-13.9342
104.992	-197.334	-13.732
104.986	-197.334	-13.5298
104.967	-197.336	-13.3284
106.25	-197.232	0.725995
86.2171	-198.855	0.7305
100.416	-197.705	-10.8185
100.601	-197.69	-10.7381
100.791	-197.674	-10.6696
100.985	-197.659	-10.6132
101.181	-197.643	-10.569
101.38	-197.626	-10.5374
101.581	-197.61	-10.5184
101.783	-197.594	-10.512
104.935	-197.338	-13.1286
104.891	-197.342	-12.9312
104.835	-197.347	-12.737
104.767	-197.352	-12.5466
104.687	-197.359	-12.361
104.595	-197.366	-12.1808
104.493	-197.374	-12.0066
104.379	-197.383	-11.8393
104.256	-197.393	-11.6795
104.122	-197.404	-11.5278
103.98	-197.416	-11.3847
106.25	-197.232	0.7305
103.829	-197.428	-11.2509
103.669	-197.441	-11.127
103.502	-197.455	-11.0133
103.329	-197.469	-10.9103
103.149	-197.483	-10.8185
102.964	-197.498	-10.7381
102.774	-197.513	-10.6696
102.581	-197.529	-10.6132
102.384	-197.545	-10.569
102.185	-197.561	-10.5374
101.984	-197.578	-10.5184
99.0729	-197.813	-15.4574
94.5373	-198.181	-16.7435
98.9702	-197.822	-15.2832
94.5183	-198.182	-16.5421
98.8787	-197.829	-15.103
94.4868	-198.185	-16.3423
98.7986	-197.836	-14.9174
94.4428	-198.189	-16.1449
98.7303	-197.841	-14.727
94.3865	-198.193	-15.9507
98.6741	-197.846	-14.5328
94.3183	-198.199	-15.7603
98.6301	-197.849	-14.3354
94.2382	-198.205	-15.5747
98.5985	-197.852	-14.1356
94.1466	-198.213	-15.3945
98.5796	-197.853	-13.9342
94.044	-198.221	-15.2203
98.5732	-197.854	-13.732
93.9307	-198.23	-15.053
98.5796	-197.853	-13.5298
93.8071	-198.24	-14.8932
98.5985	-197.852	-13.3284
93.6738	-198.251	-14.7415
98.6301	-197.849	-13.1286
93.5312	-198.262	-14.5984
98.6741	-197.846	-12.9312
93.38	-198.275	-14.4647
98.7303	-197.841	-12.737
93.2206	-198.288	-14.3407
98.7986	-197.836	-12.5466
93.0539	-198.301	-14.227
98.8787	-197.829	-12.361
92.8803	-198.315	-14.124
98.9702	-197.822	-12.1808
92.7007	-198.33	-14.0322
99.0729	-197.813	-12.0066
92.5156	-198.345	-13.9518
99.1862	-197.804	-11.8393
92.3259	-198.36	-13.8833
99.3098	-197.794	-11.6795
92.1323	-198.376	-13.8269
99.4431	-197.783	-11.5278
91.9355	-198.392	-13.7827
99.5857	-197.772	-11.3847
99.7369	-197.76	-11.2509
99.8962	-197.747	-11.127
100.063	-197.733	-11.0133
100.237	-197.719	-10.9103
91.7364	-198.408	-13.7511
88.2255	-198.692	-16.1449
88.2818	-198.688	-15.9507
88.35	-198.682	-15.7603
88.4301	-198.676	-15.5747
88.5217	-198.668	-15.3945
88.6243	-198.66	-15.2203
88.7376	-198.651	-15.053
88.8612	-198.641	-14.8932
88.9945	-198.63	-14.7415
89.1371	-198.618	-14.5984
89.2884	-198.606	-14.4647
89.4477	-198.593	-14.3407
89.6144	-198.58	-14.227
89.788	-198.566	-14.124
89.9676	-198.551	-14.0322
90.1527	-198.536	-13.9518
90.3424	-198.521	-13.8833
90.536	-198.505	-13.8269
90.7327	-198.489	-13.7827
90.9319	-198.473	-13.7511
91.1326	-198.457	-13.7321
91.3341	-198.44	-13.7257
91.5357	-198.424	-13.7321
106.13	-196.339	-19.6321
103.077	-196.586	-16.6455
103.256	-196.572	-16.5537
102.892	-196.601	-16.7259
103.43	-196.557	-16.4507
103.597	-196.544	-16.337
103.756	-196.531	-16.2131
103.907	-196.519	-16.0793
102.702	-196.616	-16.7944
102.508	-196.632	-16.8508
102.311	-196.648	-16.895
102.112	-196.664	-16.9266
101.912	-196.68	-16.9456
101.71	-196.697	-16.952
104.05	-196.507	-15.9362
104.183	-196.496	-15.7845
104.307	-196.486	-15.6247
104.42	-196.477	-15.4574
104.523	-196.469	-15.2832
104.614	-196.462	-15.103
104.694	-196.455	-14.9174
104.762	-196.449	-14.727
104.819	-196.445	-14.5328
104.863	-196.441	-14.3354
104.894	-196.439	-14.1356
104.913	-196.437	-13.9342
104.92	-196.437	-13.732
97.0767	-197.072	-19.6321
104.913	-196.437	-13.5298
104.894	-196.439	-13.3284
106.13	-196.339	0.7305
101.509	-196.713	-16.9456
101.308	-196.729	-16.9266
101.109	-196.746	-16.895
100.912	-196.761	-16.8508
100.718	-196.777	-16.7944
100.529	-196.793	-16.7259
100.343	-196.808	-16.6455
100.164	-196.822	-16.5537
99.9903	-196.836	-16.4507
99.8235	-196.85	-16.337
99.6642	-196.863	-16.2131
99.513	-196.875	-16.0793
99.3704	-196.886	-15.9362
99.2371	-196.897	-15.7845
99.1135	-196.907	-15.6247
94.4709	-197.283	-16.9457
94.4646	-197.284	-17.1479
94.4456	-197.285	-17.3493
94.4141	-197.288	-17.5491
94.3701	-197.292	-17.7465
94.3139	-197.296	-17.9407
94.2456	-197.302	-18.1311
94.1655	-197.308	-18.3167
94.074	-197.316	-18.497
93.9713	-197.324	-18.6711
93.858	-197.333	-18.8384
93.7344	-197.343	-18.9982
93.6011	-197.354	-19.15
97.0767	-197.072	-21.5966
93.4585	-197.365	-19.293
93.3073	-197.378	-19.4268
93.148	-197.391	-19.5507
92.9812	-197.404	-19.6644
92.8076	-197.418	-19.7674
97.0767	-197.072	-22.73
92.628	-197.433	-19.8593
92.443	-197.448	-19.9396
92.2533	-197.463	-20.0081
92.0596	-197.479	-20.0645
91.8629	-197.495	-20.1087
91.6637	-197.511	-20.1403
91.463	-197.527	-20.1594
86.1445	-197.958	-22.73
91.2615	-197.543	-20.1657
91.0599	-197.56	-20.1594
90.8592	-197.576	-20.1403
90.6601	-197.592	-20.1087
90.4633	-197.608	-20.0645
90.2697	-197.624	-20.0081
90.08	-197.639	-19.9396
89.8949	-197.654	-19.8593
89.7153	-197.669	-19.7674
89.5417	-197.683	-19.6644
89.375	-197.696	-19.5507
89.2157	-197.709	-19.4268
89.0644	-197.721	-19.293
88.9219	-197.733	-19.15
88.7885	-197.744	-18.9982
88.6649	-197.754	-18.8384
88.5516	-197.763	-18.6711
88.449	-197.771	-18.497
88.3574	-197.779	-18.3167
88.2774	-197.785	-18.1311
88.2091	-197.791	-17.9407
88.1528	-197.795	-17.7465
88.1088	-197.799	-17.5491
88.0773	-197.801	-17.3493
88.0583	-197.803	-17.1479
88.052	-197.803	-16.9457
88.0583	-197.803	-16.7435
88.0773	-197.801	-16.5421
88.1088	-197.799	-16.3423
86.1445	-197.958	0.7305
100.343	-196.808	-10.8185
100.164	-196.822	-10.9103
99.9903	-196.836	-11.0133
99.8235	-196.85	-11.127
99.6642	-196.863	-11.2509
99.513	-196.875	-11.3847
91.8629	-197.495	-13.7827
91.6637	-197.511	-13.7511
91.463	-197.527	-13.7321
91.2615	-197.543	-13.7257
88.1528	-197.795	-16.1449
88.2091	-197.791	-15.9507
88.2774	-197.785	-15.7603
88.3574	-197.779	-15.5747
88.449	-197.771	-15.3945
88.5516	-197.763	-15.2203
88.6649	-197.754	-15.053
88.7885	-197.744	-14.8932
88.9219	-197.733	-14.7415
89.0644	-197.721	-14.5984
89.2157	-197.709	-14.4647
89.375	-197.696	-14.3407
89.5417	-197.683	-14.227
89.7153	-197.669	-14.124
89.8949	-197.654	-14.0322
90.08	-197.639	-13.9518
90.2697	-197.624	-13.8833
90.4633	-197.608	-13.8269
90.6601	-197.592	-13.7827
90.8592	-197.576	-13.7511
91.0599	-197.56	-13.7321
99.0002	-196.916	-15.4574
94.4646	-197.284	-16.7435
98.8975	-196.925	-15.2832
94.4456	-197.285	-16.5421
98.806	-196.932	-15.103
94.4141	-197.288	-16.3423
98.7259	-196.939	-14.9174
94.3701	-197.292	-16.1449
98.6576	-196.944	-14.727
94.3139	-197.296	-15.9507
98.6014	-196.949	-14.5328
94.2456	-197.302	-15.7603
98.5574	-196.952	-14.3354
94.1655	-197.308	-15.5747
98.5258	-196.955	-14.1356
94.074	-197.316	-15.3945
98.5069	-196.956	-13.9342
93.9713	-197.324	-15.2203
98.5005	-196.957	-13.732
93.858	-197.333	-15.053
98.5069	-196.956	-13.5298
93.7344	-197.343	-14.8932
98.5258	-196.955	-13.3284
93.6011	-197.354	-14.7415
98.5574	-196.952	-13.1286
93.4585	-197.365	-14.5984
98.6014	-196.949	-12.9312
93.3073	-197.378	-14.4647
98.6576	-196.944	-12.737
93.148	-197.391	-14.3407
98.7259	-196.939	-12.5466
92.9812	-197.404	-14.227
98.806	-196.932	-12.361
92.8076	-197.418	-14.124
98.8975	-196.925	-12.1808
92.628	-197.433	-14.0322
99.0002	-196.916	-12.0066
92.443	-197.448	-13.9518
99.1135	-196.907	-11.8393
92.2533	-197.463	-13.8833
99.2371	-196.897	-11.6795
92.0596	-197.479	-13.8269
99.3704	-196.886	-11.5278
104.863	-196.441	-13.1286
104.819	-196.445	-12.9312
104.762	-196.449	-12.737
104.694	-196.455	-12.5466
104.614	-196.462	-12.361
104.523	-196.469	-12.1808
104.42	-196.477	-12.0066
104.307	-196.486	-11.8393
104.183	-196.496	-11.6795
104.05	-196.507	-11.5278
103.907	-196.519	-11.3847
103.756	-196.531	-11.2509
103.597	-196.544	-11.127
103.43	-196.557	-11.0133
103.256	-196.572	-10.9103
103.077	-196.586	-10.8185
102.892	-196.601	-10.7381
102.702	-196.616	-10.6696
102.508	-196.632	-10.6132
102.311	-196.648	-10.569
102.112	-196.664	-10.5374
101.912	-196.68	-10.5184
101.71	-196.697	-10.512
101.509	-196.713	-10.5184
101.308	-196.729	-10.5374
101.109	-196.746	-10.569
100.912	-196.761	-10.6132
100.718	-196.777	-10.6696
100.529	-196.793	-10.7381

#	Triangle	657
2	0	1
3	1	0
4	0	2
0	4	5
0	5	6
7	0	6
0	8	3
9	8	0
0	10	9
0	11	10
0	12	11
0	13	12
13	0	14	0	28	14
0	7	15
0	15	16
0	16	17
0	17	18
18	19	0
0	19	20
20	21	0
0	21	22
0	22	23
0	23	24
0	24	25
0	25	26
27	0	26
29	28	0
27	30	0
30	31	0
0	31	32	44	65	64
29	33	28
34	33	29
29	35	34
35	29	36
36	29	37
37	29	38
38	29	39
39	29	40	83	82	74
40	29	41
41	29	42
43	42	29
44	43	29
44	45	43
44	46	45
47	46	44
44	48	47
44	49	48
50	49	44
44	51	50
44	52	51
53	52	44
44	54	53
55	54	44
44	56	55
56	44	57
58	57	44
59	58	44
60	59	44
61	60	44
44	62	61
63	62	44
64	63	44
44	66	65
66	44	67
68	67	44
68	44	69
70	69	44
71	70	44
72	71	44
73	72	44
44	74	73
74	75	73
74	76	75
74	77	76
78	77	74
74	79	78	32	201	202	205	206	32	32	206	207
74	80	79
80	74	81
82	81	74
74	84	83
85	84	74
74	86	85
86	74	87
74	88	87
74	89	88
90	89	74
74	91	90
74	92	91
93	92	74
74	94	93
74	95	94
96	95	74
74	97	96
98	97	74
74	99	98
99	74	100
101	100	74
101	74	102
102	103	32	32	104	102	103	102	123
102	104	105
102	105	106
102	106	107
102	107	108
102	108	109
102	109	110
102	110	111	102	131	130
102	112	101
113	112	102
102	114	113
102	115	114
102	116	115
102	117	116
102	118	117
102	119	118
120	119	102
102	121	120
102	122	121
102	124	122
102	125	124
102	126	125
102	127	126
102	128	127
128	102	129
102	130	129
132	131	102
102	133	132
102	134	133
134	102	111
58	135	57	169	171	170
57	135	136
137	136	135	141	140	139
136	137	138
137	139	138
139	140	138
140	141	142
141	143	142
142	143	144
143	145	144
144	145	146
145	147	146
146	147	148
147	149	148
149	150	148
149	151	150	158	157	159
151	152	150
152	151	153
153	154	152
153	155	154
155	156	154
155	157	156
156	157	158
158	159	160
160	159	161
161	162	160
162	161	163
164	162	163
164	163	165
164	165	166	166	165	167
167	168	166
168	167	169
168	169	170
170	171	172
171	173	172
172	173	174
173	175	174
174	175	176
175	177	176
176	177	178
177	179	178
179	32	178
179	180	32
180	181	32
181	182	32
183	32	182
183	104	32
184	178	32
32	31	185
32	185	186
32	186	187
32	187	188
32	188	189
32	189	190
32	190	191
32	191	192
32	192	193
32	193	194
194	195	32
32	195	196
32	196	197
197	198	32
198	199	32
32	199	200
32	200	201
32	202	203
32	203	204
32	204	205
32	207	184
210	208	209
211	209	208
212	208	210
208	212	213
208	213	214
215	208	214
208	216	211
208	217	216
208	218	217
208	219	218
208	220	219
220	208	221	311	310	281	238	403	404	408	238	407	238	408	409
208	215	222
208	222	223
208	223	224
208	224	225
225	226	208
208	226	227
227	228	208
208	228	229
208	229	230
208	230	231
208	231	232
208	232	233
234	208	233
235	221	208
234	236	208
236	237	208
208	237	238
239	221	235
235	240	239
235	241	240
241	235	242
242	235	243
244	243	235
235	245	244
235	246	245
246	235	247
235	248	247	292	291	281
248	235	249
250	249	235
250	235	251
251	235	252
235	253	252
235	254	253
254	235	255
235	256	255
235	257	256
235	258	257
235	259	258
235	260	259
261	260	235
235	262	261
263	262	235
235	264	263
235	265	264
235	266	265
266	235	267
267	268	266
269	268	267
270	269	267
270	267	271
271	267	272
272	267	273
274	272	273
274	273	275
276	275	273
277	276	273
278	277	273
279	278	273
273	280	279
280	273	281
281	282	280
281	283	282
281	284	283
285	284	281
281	286	285
281	287	286
287	281	288
289	288	281
290	289	281
281	291	290
281	293	292
293	281	294
281	295	294
281	296	295
297	296	281
281	298	297
281	299	298
300	299	281
281	301	300
281	302	301
303	302	281
281	304	303
305	304	281
281	306	305
306	281	307
308	307	281
309	308	281
309	281	310
311	238	312
313	311	312
311	313	314
315	311	314
316	311	315
311	316	317
317	318	311
311	318	319
311	319	320
311	320	321	311	339	338
311	322	310
311	323	322
311	324	323
311	325	324
311	326	325
311	327	326
328	327	311
311	329	328
311	330	329
311	331	330
311	332	331
311	333	332
333	311	334
335	334	311
311	336	335
337	336	311
311	338	337
340	339	311
311	341	340
311	342	341
321	342	311
253	254	343	377	378	379
254	344	343
343	344	345
344	346	345
346	347	345
346	348	347
347	348	349	354	356	355
348	350	349	353	354	355
349	350	351
350	352	351	363	364	365
352	353	351
352	354	353
356	357	355
358	357	356
357	358	359
360	359	358
361	359	360
362	361	360
361	362	363
362	364	363
364	366	365
367	365	366
366	368	367
368	369	367
368	370	369
370	371	369
370	372	371
372	373	371
372	374	373
374	375	373
374	376	375
376	377	375
376	378	377
378	380	379
379	380	381
380	382	381
382	383	381
382	384	383
383	384	385
384	318	385
385	318	317
238	237	386
238	386	387
238	387	388
238	388	389
238	389	390
238	390	391
238	391	392
238	392	393
238	393	394
238	394	395
395	396	238
238	396	397
238	397	398
398	399	238
400	238	399
401	238	400	238	401	402
238	402	403
238	404	405
238	405	406
238	406	407
238	409	410
410	411	238
238	411	412
238	412	413
238	413	414
238	414	312
238	74	208	238	102	74	238	123	102
32	281	0	32	311	281	103	311	32
208	44	235	74	44	208	273	0	281	29	0	273
267	29	273	267	44	29	235	44	267
50	260	261
51	260	50
50	262	49	261	262	50
47	263	264	48	263	47	89	225	224	90	225	89
263	49	262	48	49	263	225	91	226	90	91	225
46	264	265	47	264	46
256	56	255
55	56	256
54	256	257
55	256	54
259	53	258	52	53	259
54	258	53
257	258	54
51	259	260
52	259	51	93	229	228	94	229	93
266	46	265	87	88	222
45	46	266	222	88	223
276	37	275	36	37	276	79	80	216
35	276	277
36	276	35
279	34	278	33	34	279
35	278	34
277	278	35
280	33	279	220	76	219	75	76	220
28	33	280
269	43	268	42	43	269
270	42	269	41	42	270
38	272	274	39	272	38	81	210	209	82	210	81
40	272	39	271	272	40	83	210	82
41	271	40
270	271	41	213	212	84
275	38	274
37	38	275	80	81	211
268	45	266
43	45	268
282	28	280	14	28	282
56	254	255
57	254	56
8	289	3
288	289	8
3	290	1	289	290	3
4	291	292	63	247	248
2	291	4	64	247	63
2	290	291	1	290	2	247	65	246	64	65	247
5	292	293	4	292	5	62	248	249	63	248	62
284	13	283	12	13	284	71	72	240
11	284	285
12	284	11
287	10	286	9	10	287	68	69	243
11	286	10	241	242	70
285	286	11	70	242	69
8	287	288	9	287	8	67	243	244	68	243	67
294	5	293	6	5	294
302	20	301
21	20	302
22	302	303
21	302	22
305	23	304
24	23	305
23	303	304
22	303	23
25	305	306
24	305	25
296	7	295	15	7	296
15	297	16	296	297	15
19	299	300	18	299	19
17	299	18	298	299	17	135	345	137	343	345	135
16	298	17	297	298	16	58	343	135	253	343	58
301	19	300
20	19	301
7	294	295	6	294	7
307	25	306	361	151	359
26	25	307	153	151	361
14	283	13
282	283	14
308	26	307	363	153	361
27	26	308	155	153	363
191	327	328	190	327	191
189	327	190	326	327	189
192	328	329	191	328	192	175	381	383	173	381	175
310	30	309
31	30	310
308	30	27
309	30	308
325	187	324
188	187	325
189	325	326	188	325	189
330	192	329	193	192	330
310	185	31
322	185	310
338	200	337	201	200	338	413	105	414	106	105	413
202	338	339	201	338	202	106	413	107
341	203	340
204	203	341
202	340	203	412	411	107
339	340	202	107	411	108
342	204	341	205	204	342
332	194	331	195	194	332	180	179	316
333	195	332	196	195	333	315	180	316	181	180	315
199	335	336	198	335	199
197	335	198	334	335	197	182	313	183	314	313	182
196	334	197	181	314	182
333	334	196	315	314	181
337	199	336
200	199	337
331	193	330	194	193	331	317	177	385
321	205	342
206	205	321	408	110	409	111	110	408
322	186	185
323	186	322
187	323	324
186	323	187
170	380	378
172	380	170	129	402	128
170	376	168	378	376	170	128	400	127	401	400	128
164	374	372	125	399	398
166	374	164
374	168	376	166	168	374
162	372	370	164	372	162
319	207	320
184	207	319
178	319	318	184	319	178
382	176	384
174	176	382
178	384	176
318	384	178
172	382	380	174	382	172	130	403	129
368	162	370	160	162	368	122	124	396
352	146	354
144	146	352	388	115	389	114	115	388
142	352	350	144	352	142
346	140	348
138	140	346
142	348	140
350	348	142
344	138	346	236	101	237
136	138	344
364	158	366	120	121	394
156	158	364	394	121	395
362	156	364	154	156	362
148	358	356	150	358	148
152	358	150	360	358	152
154	360	152	362	360	154
354	148	356
146	148	354
366	160	368	395	122	396	121	122	395
158	160	366
254	136	344
57	136	254
206	320	207	321	320	206	408	407	111
92	228	227
93	228	92
92	226	91	227	226	92
88	224	223
89	224	88
232	98	233
97	98	232
96	232	231
97	232	96
229	95	230
94	95	229
96	230	95
231	230	96
216	80	211
78	216	217	79	216	78
219	77	218
76	77	219
78	218	77
217	218	78
214	86	215
85	86	214
213	85	214
84	85	213
212	210	83
84	212	83
211	81	209
215	87	222	86	87	215
221	75	220
73	75	221
98	234	233
99	234	98
66	244	245
67	244	66
66	246	65	245	246	66
240	72	239
70	240	241	71	240	70
243	69	242
250	62	249
61	62	250
351	141	349
143	141	351
145	351	353	143	351	145
357	147	355
149	147	357
147	353	355	145	353	147
151	357	359
149	357	151
252	60	251	59	60	252
59	253	58	252	253	59
139	345	347	137	345	139
349	139	347	141	139	349
60	250	251
61	250	60
73	239	72	221	239	73
173	379	381	171	379	173
169	379	171	377	379	169
367	157	365
159	157	367
363	157	155
365	157	363
375	165	373	167	165	375
169	375	377	167	375	169
385	175	383	177	175	385
367	161	159	369	161	367
107	413	412
410	108	411	109	108	410
409	109	410
110	109	409
316	179	317
104	313	312	183	313	104
414	104	312
105	104	414
179	177	317
369	163	161	371	163	369
165	371	373
163	371	165
128	402	401
126	399	125
399	127	400
126	127	399
124	398	397
125	398	124
406	134	407	133	134	406
132	406	405
133	406	132
403	131	404	130	131	403
132	404	131
405	404	132
129	403	402
396	124	397
113	388	387
114	388	113
237	112	386
101	112	237
113	386	112
387	386	113
100	101	236
393	120	394
119	120	393
116	391	390	117	391	116
118	391	117	392	391	118
119	392	118	393	392	119
389	116	390
115	116	389
234	100	236
99	100	234
111	407	134
311	123	238	103	123	311

#	Normal	657
0.0807635	-0.996733	-3.01643e-006
0.0807827	-0.996732	-2.63338e-005
0.0807743	-0.996732	-1.50823e-005
0.0807529	-0.996734	6.8183e-006
0.0807445	-0.996735	1.47084e-005
0.0807426	-0.996735	1.62751e-005
0.0807303	-0.996736	4.25984e-005
0.0807752	-0.996732	-2.11678e-005
0.0807595	-0.996734	2.85424e-006
0.0807405	-0.996735	3.3766e-005
0.0807783	-0.996732	-3.17746e-005
0.0807678	-0.996733	-1.25452e-005
0.0807589	-0.996734	4.52001e-006
0.0807971	-0.996731	-2.6283e-005
0.0807716	-0.996733	-8.09519e-006
0.0807127	-0.996737	3.03072e-005
0.0808211	-0.996729	-3.43776e-005
0.0807034	-0.996738	3.00948e-005
0.0807392	-0.996735	1.20495e-005
0.0808459	-0.996727	-3.77908e-005
0.0806832	-0.99674	3.28332e-005
0.0807521	-0.996734	4.88487e-006
0.0808286	-0.996728	-2.43129e-005
0.0806925	-0.996739	2.48793e-005
0.0808021	-0.99673	-1.29253e-005
0.080716	-0.996737	1.56361e-005
0.0807607	-0.996734	7.45251e-007
0.0809044	-0.996722	-4.49718e-005
0.0805363	-0.996752	7.07554e-005
0.0807649	-0.996733	-0
0.0807649	-0.996733	9.94717e-006
0.0807799	-0.996732	4.14797e-005
0.0807411	-0.996735	-3.62995e-005
0.0807571	-0.996734	-5.91468e-006
0.0807741	-0.996732	2.43375e-005
0.0807338	-0.996736	-4.29359e-005
0.0807807	-0.996732	3.02313e-005
0.0807628	-0.996733	4.2077e-006
0.0807707	-0.996733	1.48519e-005
0.0807531	-0.996734	-7.06365e-006
0.0807455	-0.996735	-1.58315e-005
0.0807604	-0.996734	-0
0.0807668	-0.996733	6.83974e-005
0.0807523	-0.996734	-3.66828e-005
0.0807621	-0.996733	1.55018e-005
0.0807454	-0.996735	-5.26048e-005
0.0807797	-0.996732	5.89209e-005
0.0807394	-0.996735	-4.84736e-005
0.0807858	-0.996731	5.49882e-005
0.0807516	-0.996734	-9.96349e-006
0.0807295	-0.996736	-4.63297e-005
0.0808046	-0.99673	6.22214e-005
0.0807249	-0.996736	-4.03216e-005
0.0807989	-0.99673	4.55003e-005
0.0806956	-0.996739	-6.38655e-005
0.0807621	-0.996733	1.05776e-006
0.0807749	-0.996732	-5.52443e-006
0.080732	-0.996736	1.8743e-005
0.0808069	-0.99673	-2.80797e-005
0.0807447	-0.996735	1.49205e-005
0.0807538	-0.996734	7.96481e-006
0.0807768	-0.996732	-1.13694e-005
0.0807285	-0.996736	3.64201e-005
0.0807846	-0.996732	-2.5381e-005
0.080777	-0.996732	-1.62722e-005
0.0807602	-0.996734	5.38924e-006
0.0807379	-0.996735	3.63399e-005
0.0807819	-0.996732	-2.89148e-005
0.0807683	-0.996733	-7.481e-006
0.0807591	-0.996734	7.86054e-006
0.0807618	-0.996733	3.02163e-006
0.0807559	-0.996734	-6.91177e-006
0.0807678	-0.996733	1.21672e-005
0.0807186	-0.996737	-6.22986e-005
0.0807974	-0.996731	4.96636e-005
0.080759	-0.996734	-1.27585e-006
0.0807758	-0.996732	1.94565e-005
0.0807296	-0.996736	-3.31447e-005
0.080784	-0.996732	2.37355e-005
0.0807142	-0.996737	-3.87416e-005
0.0808139	-0.996729	3.98569e-005
0.0807417	-0.996735	-1.16044e-005
0.0807394	-0.996735	-1.3078e-005
0.0808012	-0.99673	2.2697e-005
0.0806973	-0.996739	-3.14997e-005
0.0807883	-0.996731	1.12537e-005
0.0807422	-0.996735	-8.27215e-006
0.0807923	-0.996731	1.08986e-005
0.0807378	-0.996735	-8.03616e-006
0.0807423	-0.996735	-6.59992e-006
0.0807998	-0.99673	1.00979e-005
0.0807541	-0.996734	-2.14982e-006
0.0808401	-0.996727	1.93235e-005
0.0806731	-0.996741	-1.9908e-005
0.0808057	-0.99673	9.68993e-006
0.0806998	-0.996738	-1.303e-005
0.0810117	-0.996713	5.20086e-005
0.0807579	-0.996734	-0
0.0807612	-0.996733	-0
0.080805	-0.99673	-2.18483e-005
0.0807875	-0.996731	-1.32145e-005
0.0807584	-0.996734	8.44002e-007
0.0807263	-0.996736	1.58582e-005
0.0807884	-0.996731	-1.22054e-005
0.0807694	-0.996733	-3.92294e-006
0.0807588	-0.996734	4.96733e-007
0.080887	-0.996723	-1.18677e-005
0.08075	-0.996734	1.21855e-006
0.080816	-0.996729	-5.38807e-006
0.0807333	-0.996736	3.35492e-006
0.0807283	-0.996736	3.92083e-006
0.0808036	-0.99673	-5.1287e-006
0.0807346	-0.996736	3.7671e-006
0.0807975	-0.996731	-4.97016e-006
0.0806742	-0.996741	1.35101e-005
0.0808161	-0.996729	-9.46091e-006
0.0807317	-0.996736	5.29945e-006
0.0807356	-0.996736	4.57049e-006
0.080833	-0.996728	-1.52495e-005
0.0806977	-0.996739	1.43856e-005
0.0807645	-0.996733	-1.33941e-006
0.0807919	-0.996731	-8.26455e-006
0.0807201	-0.996737	1.11405e-005
0.0807805	-0.996732	-6.29487e-006
0.0808052	-0.99673	-1.47172e-005
0.0807115	-0.996738	1.75316e-005
0.0807687	-0.996733	-3.22854e-006
0.0807557	-0.996734	1.7135e-006
0.0807692	-0.996733	-2.42568e-005
0.08074	-0.996735	6.52666e-005
0.0807541	-0.996734	1.53089e-005
0.0807747	-0.996732	-4.77931e-005
0.0807679	-0.996733	-2.33745e-005
0.0807459	-0.996735	4.36524e-005
0.080781	-0.996732	-6.7518e-005
0.0807578	-0.996734	1.5502e-005
0.0807461	-0.996735	5.11565e-005
0.0807668	-0.996733	-2.29701e-005
0.0807555	-0.996734	1.13735e-005
0.080757	-0.996734	5.99194e-006
0.0807781	-0.996732	-5.83248e-005
0.0807502	-0.996734	4.11874e-005
0.0807466	-0.996735	5.21824e-005
0.0807739	-0.996732	-4.47407e-005
0.0807787	-0.996732	-5.95229e-005
0.0807659	-0.996733	-1.40654e-005
0.0807444	-0.996735	5.18819e-005
0.080755	-0.996734	1.441e-005
0.0807642	-0.996733	-1.3897e-005
0.0807468	-0.996735	4.73076e-005
0.0807507	-0.996734	3.52887e-005
0.0807776	-0.996732	-5.74909e-005
0.0807633	-0.996733	-7.39663e-006
0.080753	-0.996734	2.44535e-005
0.0807522	-0.996734	2.72157e-005
0.0807571	-0.996734	1.21945e-005
0.0807659	-0.996733	-1.84439e-005
0.0807667	-0.996733	-2.08107e-005
0.0807619	-0.996733	-5.74753e-006
0.0807508	-0.996734	3.20787e-005
0.0807745	-0.996732	-4.25263e-005
0.080742	-0.996735	6.17877e-005
0.0807489	-0.996734	3.80866e-005
0.0807711	-0.996733	-3.2491e-005
0.0807554	-0.996734	2.07324e-005
0.0807585	-0.996734	1.07654e-005
0.0807799	-0.996732	-6.10901e-005
0.0807446	-0.996735	5.19422e-005
0.0807281	-0.996736	0.000107222
0.0807615	-0.996733	-2.48604e-007
0.0807465	-0.996735	-1.69868e-005
0.0807541	-0.996734	-8.343e-006
0.0807743	-0.996732	1.51263e-005
0.0807637	-0.996733	2.60698e-006
0.0807296	-0.996736	-3.87435e-005
0.0807881	-0.996731	1.02903e-005
0.0807421	-0.996735	-2.64154e-006
0.0806269	-0.996744	-1.64386e-005
0.0809014	-0.996722	1.77626e-005
0.0807238	-0.996737	-5.36588e-006
0.0806696	-0.996741	-1.2777e-005
0.0808555	-0.996726	1.39752e-005
0.0806856	-0.99674	-1.18315e-005
0.0807781	-0.996732	3.04079e-006
0.0808161	-0.996729	9.51065e-006
0.0807321	-0.996736	-5.67635e-006
0.0807359	-0.996736	-4.94439e-006
0.0807493	-0.996734	-2.20803e-006
0.0807813	-0.996732	4.70031e-006
0.0807647	-0.996733	9.03263e-007
0.0807922	-0.996731	7.56113e-006
0.080717	-0.996737	-1.16957e-005
0.0807808	-0.996732	5.5379e-006
0.0807347	-0.996736	-7.90551e-006
0.0807822	-0.996732	6.96756e-006
0.0807688	-0.996733	2.55272e-006
0.080766	-0.996733	1.82839e-006
-0.0807834	0.996732	-2.49921e-005
-0.0807843	0.996732	-2.59618e-005
-0.0807049	0.996738	4.87926e-005
-0.0807763	0.996732	-1.21996e-005
-0.0807524	0.996734	6.23435e-006
-0.0808063	0.99673	-3.13861e-005
-0.0807184	0.996737	4.79443e-005
-0.0807584	0.996734	-6.86222e-007
-0.0807995	0.99673	-5.44875e-005
-0.0807156	0.996737	6.3281e-005
-0.0807676	0.996733	-1.44709e-005
-0.0807588	0.996734	-4.94663e-007
-0.080738	0.996735	1.16164e-005
-0.0807294	0.996736	1.64689e-005
-0.080774	0.996732	-6.24314e-006
-0.0807869	0.996731	-1.21708e-005
-0.0807402	0.996735	7.09608e-006
-0.0807907	0.996731	-1.16912e-005
-0.0807309	0.996736	8.46011e-006
-0.0807399	0.996735	5.71802e-006
-0.0808037	0.99673	-1.22081e-005
-0.0807444	0.996735	3.15603e-006
-0.0808466	0.996727	-2.1458e-005
-0.0806568	0.996742	2.14909e-005
-0.080815	0.996729	-1.25185e-005
-0.0807598	0.996734	-2.16577e-006
-0.080672	0.996741	1.70246e-005
-0.0810492	0.99671	-5.87068e-005
-0.0807518	0.996734	-0
-0.0807589	0.996734	-3.6894e-006
-0.0807652	0.996733	6.79108e-006
-0.0807814	0.996732	3.22176e-005
-0.0807396	0.996735	-2.97259e-005
-0.080757	0.996734	-5.57105e-006
-0.080776	0.996732	1.89585e-005
-0.0807857	0.996731	3.05865e-005
-0.0807272	0.996736	-3.38882e-005
-0.0807636	0.996733	2.86625e-006
-0.080773	0.996733	1.15168e-005
-0.0807522	0.996734	-5.91103e-006
-0.0808042	0.99673	3.37166e-005
-0.0807382	0.996735	-1.18405e-005
-0.08073	0.996736	-1.69734e-005
-0.0807728	0.996733	7.20417e-006
-0.080763	0.996733	2.19714e-006
-0.0807792	0.996732	-1.36458e-005
-0.0807387	0.996735	2.92553e-005
-0.0807901	0.996731	-3.04253e-005
-0.0807611	0.996733	6.90787e-006
-0.0807331	0.996736	4.73794e-005
-0.0807942	0.996731	-5.31514e-005
-0.0807575	0.996734	1.66024e-005
-0.0807425	0.996735	5.00569e-005
-0.0807827	0.996732	-5.713e-005
-0.0807484	0.996735	5.46169e-005
-0.080765	0.996733	-1.32509e-005
-0.0807717	0.996733	-4.87789e-005
-0.080765	0.996733	-0
-0.0807491	0.996734	2.27375e-005
-0.0807501	0.996734	2.11188e-005
-0.080756	0.996734	1.08187e-005
-0.0807715	0.996733	-1.91997e-005
-0.0807637	0.996733	-2.59852e-006
-0.0807626	0.996733	-0
-0.0807819	0.996732	-2.79402e-005
-0.0807329	0.996736	4.85486e-005
-0.080775	0.996732	-2.18383e-005
-0.08076	0.996734	4.81001e-006
-0.0807395	0.996735	4.36526e-005
-0.0807804	0.996732	-3.82458e-005
-0.0807679	0.996733	-1.18351e-005
-0.0807622	0.996733	7.29513e-007
-0.0807586	0.996734	-6.70232e-006
-0.0807561	0.996734	-1.17864e-005
-0.080768	0.996733	1.10908e-005
-0.080781	0.996732	3.49264e-005
-0.0807384	0.996735	-3.87908e-005
-0.0807598	0.996734	-3.97968e-006
-0.0807756	0.996732	2.0119e-005
-0.0807328	0.996736	-4.05982e-005
-0.0807831	0.996732	2.55429e-005
-0.0807639	0.996733	2.27137e-006
-0.0807535	0.996734	-7.59398e-006
-0.0807451	0.996735	-1.54419e-005
-0.0807433	0.996735	-1.69687e-005
-0.0807979	0.996731	2.56275e-005
-0.0807724	0.996733	7.47754e-006
-0.0807136	0.996737	-3.0887e-005
-0.080822	0.996729	3.38348e-005
-0.0807044	0.996738	-3.0598e-005
-0.0808332	0.996728	3.44125e-005
-0.080744	0.996735	-7.22398e-006
-0.0806798	0.99674	-3.50915e-005
-0.0808838	0.996724	4.7663e-005
-0.0806743	0.996741	-3.22815e-005
-0.0807012	0.996738	-2.25697e-005
-0.0807956	0.996731	1.00077e-005
-0.080729	0.996736	-1.21095e-005
-0.0808933	0.996723	4.07869e-005
-0.0810625	0.996709	9.39747e-005
-0.0807611	0.996733	1.26568e-007
-0.0807297	0.996736	3.89355e-005
-0.0807638	0.996733	-2.41671e-006
-0.0807723	0.996733	-1.24711e-005
-0.0807542	0.996734	8.53758e-006
-0.0807978	0.996731	-4.09854e-005
-0.0807598	0.996734	1.23334e-006
-0.080788	0.996731	-9.96213e-006
-0.0807693	0.996733	-2.75433e-006
-0.0807588	0.996734	1.12665e-006
-0.0809814	0.996716	-2.57707e-005
-0.0806197	0.996745	1.7565e-005
-0.0807334	0.996736	3.39475e-006
-0.0808772	0.996724	-1.53216e-005
-0.08067	0.996741	1.29877e-005
-0.0808558	0.996726	-1.37513e-005
-0.080686	0.99674	1.2055e-005
-0.0807784	0.996732	-2.8081e-006
-0.0808164	0.996729	-9.27115e-006
-0.0807323	0.996736	5.91676e-006
-0.0807361	0.996736	5.18965e-006
-0.0807495	0.996734	2.45858e-006
-0.0807782	0.996732	-3.7356e-006
-0.0807649	0.996733	-6.79974e-007
-0.0807924	0.996731	-7.33204e-006
-0.0807201	0.996737	1.11435e-005
-0.0807809	0.996732	-5.26202e-006
-0.0807318	0.996736	9.07924e-006
-0.0807853	0.996732	-7.65645e-006
-0.0807688	0.996733	-2.25608e-006
-0.0807558	0.996734	2.19769e-006
-0.0807692	0.996733	2.42568e-005
-0.0807659	0.996733	1.40654e-005
-0.0807571	0.996734	-1.71133e-005
-0.0807527	0.996734	-3.05855e-005
-0.0807679	0.996733	2.33745e-005
-0.0807712	0.996733	3.3438e-005
-0.0807572	0.996734	-1.64625e-005
-0.0807604	0.996734	-6.7415e-006
-0.0807587	0.996734	-1.25387e-005
-0.0807461	0.996735	-5.11565e-005
-0.0807668	0.996733	2.29701e-005
-0.0807786	0.996732	5.88097e-005
-0.0807493	0.996734	-4.41886e-005
-0.0807466	0.996735	-5.21824e-005
-0.0807747	0.996732	4.77929e-005
-0.0807786	0.996732	5.95932e-005
-0.0807649	0.996733	1.09764e-005
-0.0807444	0.996735	-5.18819e-005
-0.0807558	0.996734	-1.12615e-005
-0.0807641	0.996733	1.39807e-005
-0.0807766	0.996732	4.44628e-005
-0.0807778	0.996732	4.87237e-005
-0.0807533	0.996734	-2.69922e-005
-0.0807632	0.996733	7.36717e-006
-0.0807529	0.996734	-2.4352e-005
-0.0807521	0.996734	-2.72533e-005
-0.080757	0.996734	-1.20874e-005
-0.0807647	0.996733	1.46961e-005
-0.0807679	0.996733	2.45816e-005
-0.0807667	0.996733	2.06062e-005
-0.080762	0.996733	5.62897e-006
-0.080751	0.996734	-3.20159e-005
-0.0807745	0.996732	4.24015e-005
-0.0807406	0.996735	-6.64523e-005
-0.0807489	0.996734	-3.80866e-005
-0.0807711	0.996733	3.2491e-005
-0.0807554	0.996734	-2.07324e-005
-0.0807602	0.996734	-5.39734e-006
-0.08078	0.996732	6.11949e-005
-0.0807427	0.996735	-5.8053e-005
-0.0807744	0.996732	4.81829e-005
-0.0808994	0.996722	1.30642e-005
-0.0807382	0.996735	-1.77366e-006
-0.0808234	0.996728	6.46184e-006
-0.080732	0.996736	-2.88457e-006
-0.0807209	0.996737	-4.09806e-006
-0.0808029	0.99673	5.46456e-006
-0.0807337	0.996736	-3.2109e-006
-0.080797	0.996731	5.34271e-006
-0.0807786	0.996732	2.66235e-006
-0.0807185	0.996737	-6.82763e-006
-0.0807311	0.996736	-4.683e-006
-0.080823	0.996728	1.23016e-005
-0.0807495	0.996734	-2.37436e-006
-0.0807815	0.996732	4.51042e-006
-0.0806864	0.99674	-1.74889e-005
-0.0807917	0.996731	8.66927e-006
-0.0807068	0.996738	-1.54627e-005
-0.080808	0.99673	1.61076e-005
-0.0807084	0.996738	-1.77727e-005
-0.0807686	0.996733	3.83426e-006
-0.0807662	0.996733	3.17012e-006
-0.0807885	0.996731	1.27847e-005
-0.08073	0.996736	-1.33769e-005
-0.0807549	0.996734	-1.86955e-006
-0.0807878	0.996731	1.38624e-005
-0.0808095	0.99673	2.4545e-005
0.991148	0.132762	0
-0.996738	-0.0807033	-0
-0	-0	-1
0.996738	0.0807019	0
-0.914765	-0.0741219	0.397128
-0.914763	-0.074123	0.397133
-0.888089	-0.0719604	0.454003
-0.824382	-0.0667983	0.562078
-0.857936	-0.0695171	0.509032
-0.787573	-0.0638157	0.612908
-0.99231	-0.080398	0.0941161
-0.992312	-0.0804054	0.0940841
-0.984463	-0.0797623	0.156428
-0.984458	-0.079769	0.156459
-0.957161	-0.0775488	0.27898
-0.972727	-0.07881	0.218155
-0.972728	-0.0788115	0.218149
-0.937795	-0.0759893	0.338773
-0.93781	-0.075981	0.338733
-0.747661	-0.0605817	0.661312
-0.747664	-0.060583	0.661309
-0.337632	-0.0273578	0.94088
-0.278081	-0.02253	0.960293
-0.27807	-0.0225316	0.960296
-0.155925	-0.0126343	0.987688
-0.217433	-0.0176183	0.975916
-0.217425	-0.0176157	0.975918
-0.0938041	-0.0076008	0.995562
-0.0938006	-0.00759969	0.995562
-0.659148	-0.0534097	0.750114
-0.610911	-0.0495011	0.79015
-0.452509	-0.0366621	0.891006
-0.507375	-0.0411074	0.860744
-0.560233	-0.0453899	0.82709
-0.560251	-0.0453962	0.827078
-0.395846	-0.0320713	0.917757
-0.39586	-0.0320759	0.917751
-0.704797	-0.0571095	0.707107
-0.704794	-0.0571083	0.70711
-0.0313064	-0.00253643	0.999507
-0.996243	-0.0807166	0.0313869
-0.996241	-0.0807238	0.0314191
0.395846	0.0320713	0.917757
0.39586	0.0320759	0.917751
0.452509	0.0366621	0.891006
0.560233	0.0453948	0.82709
0.560251	0.0453914	0.827078
0.507375	0.0411074	0.860744
0.610911	0.0495011	0.79015
0.0938041	0.0076008	0.995562
0.155925	0.012633	0.987688
0.155919	0.0126339	0.987689
0.278081	0.0225324	0.960293
0.217433	0.0176183	0.975916
0.217425	0.0176157	0.975918
0.337632	0.0273578	0.94088
0.659148	0.0534097	0.750114
0.93781	0.0759823	0.338733
0.937808	0.0759808	0.338738
0.95715	0.0775563	0.279015
0.957161	0.0775488	0.27898
0.984459	0.0797619	0.156459
0.984463	0.0797694	0.156428
0.972735	0.078812	0.218118
0.972728	0.0788185	0.218149
0.992313	0.0803969	0.094078
0.992309	0.0804052	0.0941161
0.747661	0.0605817	0.661312
0.787573	0.0638157	0.612908
0.888089	0.0719604	0.454003
0.857936	0.0695171	0.509032
0.824382	0.0667983	0.562078
0.914763	0.0741217	0.397133
0.914752	0.0741142	0.39716
0.704797	0.0571085	0.707107
0.996242	0.0807152	0.0314253
0.996242	0.0807239	0.0313869
0.0313063	0.0025367	0.999507
0.0313052	0.00253633	0.999507
0.996241	0.0807238	-0.0314253
0.996243	0.0807152	-0.0313869
0.824385	0.0667986	-0.562074
0.857933	0.0695169	-0.509037
0.787569	0.0638154	-0.612913
0.984458	0.079769	-0.156458
0.984464	0.0797623	-0.156427
0.99231	0.0803966	-0.0941161
0.992313	0.0804055	-0.094078
0.914763	0.0741151	-0.397133
0.914751	0.0741208	-0.39716
0.88809	0.0719605	-0.454001
0.747661	0.0605817	-0.661312
0.972728	0.0788114	-0.21815
0.972734	0.078819	-0.218119
0.337637	0.0273581	-0.940879
0.278081	0.0225324	-0.960293
0.155925	0.012633	-0.987688
0.155919	0.0126339	-0.987689
0.217434	0.0176164	-0.975916
0.217425	0.0176176	-0.975918
0.0938041	0.0076008	-0.995562
0.659148	0.0534097	-0.750114
0.610911	0.0495011	-0.79015
0.452509	0.0366621	-0.891006
0.507375	0.0411074	-0.860744
0.560251	0.0453914	-0.827078
0.560233	0.0453948	-0.82709
0.395856	0.0320721	-0.917752
0.395842	0.0320744	-0.917758
0.704799	0.0571087	-0.707104
0.0313051	0.0025366	-0.999507
0.0313064	0.00253643	-0.999507
0.95716	0.0775571	-0.27898
0.95715	0.077548	-0.279015
0.93781	0.0759823	-0.338733
0.937808	0.0759808	-0.338738
-0.395842	-0.032071	-0.917758
-0.395856	-0.0320755	-0.917752
-0.452509	-0.0366621	-0.891006
-0.560251	-0.0453962	-0.827078
-0.560233	-0.0453899	-0.82709
-0.507375	-0.0411074	-0.860744
-0.610911	-0.0495011	-0.79015
-0.0938042	-0.00759998	-0.995562
-0.0938006	-0.0076005	-0.995562
-0.155925	-0.0126343	-0.987688
-0.278081	-0.02253	-0.960293
-0.27807	-0.0225316	-0.960296
-0.217434	-0.0176164	-0.975916
-0.217425	-0.0176176	-0.975918
-0.337637	-0.0273581	-0.940879
-0.659148	-0.0534097	-0.750114
-0.937795	-0.0759893	-0.338773
-0.93781	-0.075981	-0.338733
-0.957161	-0.0775488	-0.27898
-0.984464	-0.0797623	-0.156427
-0.984458	-0.079769	-0.156458
-0.972727	-0.0788113	-0.218156
-0.972728	-0.0788101	-0.21815
-0.992309	-0.0804052	-0.0941161
-0.992313	-0.0803982	-0.0940841
-0.74766	-0.0605828	-0.661312
-0.747664	-0.060582	-0.661309
-0.787569	-0.0638154	-0.612913
-0.88809	-0.0719605	-0.454001
-0.857933	-0.0695169	-0.509037
-0.824385	-0.0667986	-0.562074
-0.914765	-0.0741219	-0.397128
-0.914763	-0.074123	-0.397133
-0.704799	-0.0571087	-0.707104
-0.704796	-0.0571095	-0.707108
-0.996243	-0.0807166	-0.0313869
-0.996241	-0.0807238	-0.0314191
-0.0313064	-0.00253643	-0.999507
-0.914751	-0.0741208	0.39716
-0.914766	-0.074114	0.397128
-0.888088	-0.0719603	0.454006
-0.787569	-0.0638166	0.612913
-0.787572	-0.0638157	0.612909
-0.99231	-0.0803966	0.0941157
-0.992313	-0.0804055	0.0940775
-0.984464	-0.0797609	0.156428
-0.984457	-0.0797689	0.156465
-0.957158	-0.077557	0.278985
-0.957149	-0.0775479	0.279021
-0.972735	-0.0788192	0.218113
-0.972728	-0.0788101	0.21815
-0.337634	-0.0273584	0.94088
-0.278081	-0.0225324	0.960293
-0.15592	-0.0126326	0.987689
-0.155926	-0.0126344	0.987688
-0.217424	-0.0176156	0.975918
-0.217432	-0.0176182	0.975916
-0.659145	-0.0534095	0.750117
-0.659148	-0.0534106	0.750114
-0.610911	-0.049502	0.79015
-0.610908	-0.0495009	0.790152
-0.507378	-0.0411083	0.860743
-0.560236	-0.0453909	0.827088
-0.395844	-0.0320711	0.917758
-0.704799	-0.0571087	0.707104
-0.0313063	-0.0025367	0.999507
-0.0313052	-0.00253633	0.999507
-0.996243	-0.0807152	0.0313869
-0.996241	-0.0807238	0.0314253
0.395858	0.0320723	0.917752
0.395843	0.0320745	0.917758
0.452511	0.0366623	0.891005
0.0938006	0.00759969	0.995562
0.155925	0.0126343	0.987688
0.278071	0.0225292	0.960296
0.659145	0.0534095	0.750117
0.659148	0.0534106	0.750114
0.937809	0.0759891	0.338733
0.937797	0.07598	0.338767
0.957159	0.0775487	0.278985
0.984459	0.0797605	0.156459
0.984464	0.0797695	0.156422
0.972728	0.0788101	0.21815
0.992313	0.0803968	0.0940837
0.992308	0.0804051	0.0941218
0.747664	0.060582	0.661309
0.787569	0.0638154	0.612913
0.888088	0.0719603	0.454006
0.914765	0.0741219	0.397128
0.704799	0.0571087	0.707104
0.704796	0.0571095	0.707108
0.0313064	0.00253643	0.999507
0.824382	0.0667983	-0.562078
0.857936	0.0695171	-0.509032
0.984458	0.079769	-0.156459
0.984465	0.079761	-0.156422
0.992309	0.0803965	-0.0941218
0.992312	0.0804054	-0.0940837
0.914765	0.0741219	-0.397128
0.888088	0.0719603	-0.454006
0.747664	0.060582	-0.661309
0.972728	0.0788101	-0.21815
0.278071	0.0225292	-0.960296
0.155925	0.0126343	-0.987688
0.0938006	0.0076005	-0.995562
0.0938042	0.00759998	-0.995562
0.659145	0.0534104	-0.750117
0.452511	0.0366623	-0.891005
0.395854	0.0320719	-0.917753
0.395839	0.0320742	-0.917759
0.704796	0.0571095	-0.707108
0.957159	0.0775487	-0.278985
0.937809	0.0759891	-0.338733
0.937797	0.07598	-0.338767
-0.39584	-0.0320708	-0.917759
-0.560236	-0.0453909	-0.827088
-0.507378	-0.0411076	-0.860743
-0.507375	-0.0411081	-0.860744
-0.610911	-0.049502	-0.79015
-0.610908	-0.0495009	-0.790152
-0.0938041	-0.0076008	-0.995562
-0.15592	-0.0126326	-0.987689
-0.155926	-0.0126344	-0.987688
-0.278081	-0.0225324	-0.960293
-0.217424	-0.0176175	-0.975918
-0.217432	-0.0176163	-0.975916
-0.337638	-0.0273588	-0.940878
-0.659145	-0.0534104	-0.750117
-0.957158	-0.077557	-0.278985
-0.957149	-0.0775479	-0.279021
-0.984464	-0.0797609	-0.156428
-0.984457	-0.0797689	-0.156465
-0.972736	-0.0788107	-0.218113
-0.972727	-0.0788185	-0.21815
-0.992313	-0.0803969	-0.0940775
-0.787569	-0.0638166	-0.612913
-0.787572	-0.0638157	-0.612909
-0.888088	-0.0719603	-0.454006
-0.857936	-0.0695171	-0.509032
-0.824382	-0.0667983	-0.562078
-0.914751	-0.0741208	-0.39716
-0.914766	-0.074114	-0.397128
-0.996243	-0.0807152	-0.0313869
-0.996241	-0.0807238	-0.0314253
-0.0313051	-0.0025366	-0.999507
-0	-0	1

#	Mesh	0	End


COMPONENTFINISH

COMPONENT 0 17345=IfcWall
#	Mesh	0	Begin

#	Vertex	10
95.6947	-129.402	1.06857
95.6947	-129.402	1.06837
95.6947	-129.402	-19.6069
102.311	-182.803	-18.2554
102.311	-182.803	0.79505
102.311	-182.803	0.799553
96.5926	-129.329	-19.6059
96.5926	-129.329	1.06837
103.209	-182.73	0.799362
103.209	-182.73	-18.2544

#	Triangle	7
3	1	2	4	1	3	5	1	4	0	1	5
9	7	8	6	7	9
9	4	3	8	4	9	8	5	4
9	2	6
3	2	9
1	6	2	1	7	6	0	7	1
7	5	8	0	5	7

#	Normal	7
-0.992411	-0.122964	0
0.992411	0.122964	-0
0.0807607	-0.996734	-0
0.0030875	-0.0249172	-0.999685
0.00308666	-0.0249173	-0.999685
-0.0807083	0.996738	-0
0.000614765	-0.00496137	0.999988

#	Mesh	0	End


COMPONENTFINISH

COMPONENT 0 17583=IfcWall
#	Mesh	0	Begin

#	Vertex	13
104.415	-183.536	-19.3424
105.859	-194.316	-19.0756
105.859	-194.316	-19.6995
106.25	-197.232	-19.6331
106.25	-197.232	-19.6321
106.25	-197.232	0.725995
104.415	-183.536	0.79505
105.314	-183.463	-19.3413
105.314	-183.463	0.794815
107.148	-197.159	0.725759
107.148	-197.159	-19.6321
106.751	-194.196	-19.6995
106.751	-194.196	-19.0756

#	Triangle	12
3	1	2	4	1	3	5	1	4
1	6	0
5	6	1
12	10	11	12	9	10	8	12	7	8	9	12
7	6	8	0	6	7
10	4	3	10	5	4	9	5	10
12	0	7
1	0	12
11	1	12	2	1	11
10	2	11
3	2	10
8	5	9	6	5	8

#	Normal	12
-0.991149	-0.132756	0
-0.991149	-0.132758	0
-0.991149	-0.132757	-1.67938e-007
0.991149	0.132757	0
-0.0807574	0.996734	-0
0.0807574	-0.996734	-0
0.00325598	-0.0243045	-0.999699
0.00325551	-0.0243046	-0.999699
-0.132761	0.991148	-0
0.00299368	-0.0223499	-0.999746
0.00299335	-0.02235	-0.999746
0.000663431	-0.00495295	0.999988

#	Mesh	0	End


COMPONENTFINISH

COMPONENT 0 18126=IfcWall
#	Mesh	0	Begin

#	Vertex	61
84.9902	-129.363	0.839203
85.0305	-129.861	0.839203
85.1439	-131.261	0.839203
85.1842	-131.759	0.839203
87.9547	-165.976	0.839203
87.995	-166.475	0.839203
89.4018	-183.849	0.839203
89.4018	-183.849	0.803071
89.4018	-183.849	-0.025
89.4338	-184.245	-0.025
89.4338	-184.245	-3.58772
89.4018	-183.849	-3.58772
89.4018	-183.849	-3.829
89.4338	-184.244	-3.829
89.4338	-184.244	-10.3464
89.4018	-183.849	-10.3464
89.4018	-183.849	-20.598
86.6355	-149.684	-19.6807
84.9905	-129.366	-19.6351
84.9905	-129.366	-3.337
84.9902	-129.363	-3.337
87.9313	-165.687	-4.049
87.9313	-165.687	-3.649
87.5516	-160.998	-3.649
87.5516	-160.998	-3.644
87.4951	-160.3	-3.644
87.4951	-160.3	-4.344
87.5516	-160.998	-4.344
87.5516	-160.998	-4.049
88.5047	-183.922	0.839203
84.2872	-131.832	0.839203
84.2468	-131.333	0.839203
84.166	-130.336	0.839203
84.0934	-129.439	0.839203
84.0931	-129.435	0.839203
84.0931	-129.435	-3.337
84.0934	-129.439	-3.337
84.0934	-129.439	-19.6351
85.7385	-149.756	-19.6807
88.5047	-183.922	-20.598
88.5047	-183.922	-10.3464
88.5047	-183.922	-3.829
88.5047	-183.922	-3.58772
88.5047	-183.922	-0.025
87.0342	-165.76	-3.649
87.0342	-165.76	-4.049
86.6545	-161.07	-4.049
86.6545	-161.07	-4.344
86.598	-160.372	-4.344
86.598	-160.372	-3.644
86.6545	-161.07	-3.644
86.6545	-161.07	-3.649
88.9532	-183.886	-10.3464
88.9853	-184.281	-3.829
88.9853	-184.281	-10.3464
88.9532	-183.886	-3.58772
88.9532	-183.886	-3.829
88.9853	-184.281	-0.025
88.9853	-184.281	-3.58772
88.9532	-183.886	-0.025
84.3304	-129.416	0.839203

#	Triangle	46
17	15	16	19	15	18	19	25	26	28	21	27	22	12	21	22	11	12	24	22	23	19	9	10	5	6	7
18	15	17
19	14	15
19	26	14	0	8	19
26	27	14
27	13	14	0	7	8
21	13	27
12	13	21
24	11	22
19	24	25
19	11	24
19	10	11
0	19	20
8	9	19
0	1	7
1	2	7
2	3	7
3	4	7
4	5	7
40	38	39	41	47	40	45	46	47	41	44	45	42	44	41	42	50	51	43	34	35	58	59	55	57	59	58
40	37	38
40	36	37	49	36	48	43	36	42	29	30	43
47	48	40	32	33	43
48	36	40
41	45	47
42	51	44
42	49	50
42	36	49
43	35	36
30	31	43
31	32	43
33	34	43
52	16	15	55	12	11	55	56	12	7	59	8
52	39	16
40	39	52	54	13	53	14	13	54	42	56	55	42	41	56	58	9	57	10	9	58	56	40	52	41	40	56	59	42	55	43	42	59
7	43	59
7	29	43	6	29	7	26	49	48	25	49	26
5	29	6	5	30	29	4	30	5	3	30	4	2	30	3	2	31	30	1	31	2	1	32	31	1	33	32	0	33	1	0	60	33	60	34	33	53	12	56	13	12	53	57	8	59	9	8	57	46	21	28	45	21	46	48	27	26	47	27	48
52	14	54	15	14	52	55	10	58	11	10	55	23	44	51	22	44	23	50	25	24	49	25	50	35	19	36	20	19	35
54	56	52	53	56	54
38	16	39	17	16	38
37	17	38	18	17	37
44	21	45	22	21	44	51	24	23	50	24	51	28	47	46	27	47	28
18	36	19	37	36	18	34	20	35
34	60	20
60	0	20

#	Normal	46
0.996738	0.0807025	-0
0.996738	0.0807023	-5.52475e-007
0.996737	0.0807132	-8.43941e-005
0.996738	0.0807024	7.42557e-007
0.996738	0.0807029	-1.15661e-006
0.996738	0.0807026	-0
0.996738	0.0807028	1.04425e-005
0.996737	0.0807132	0.000893219
0.996738	0.0807022	-6.8173e-005
0.996738	0.0807029	-4.55354e-005
0.996738	0.0807024	3.42501e-006
0.996738	0.080699	0.000742135
0.996642	0.0818837	0
0.996739	0.080699	-5.61796e-005
0.996738	0.0807022	0.000506877
0.996734	0.0807002	0.00293838
0.996733	0.0807043	-0.00311274
0.996738	0.0807026	-4.26222e-005
0.996738	0.0807022	0.000155577
-0.996738	-0.0807025	-0
-0.996738	-0.0807028	-1.08558e-006
-0.996738	-0.0807026	0
-0.996738	-0.0807029	1.84117e-006
-0.996738	-0.0807027	1.11872e-006
-0.996738	-0.0807025	-5.95962e-006
-0.996738	-0.0807022	8.97154e-005
-0.996738	-0.0807029	-0.00019636
-0.996738	-0.0807025	-2.01983e-005
-0.996652	-0.079545	0.0189275
-0.996738	-0.0807022	-2.2369e-005
-0.996738	-0.080704	8.75653e-005
-0.994217	-0.0793506	-0.0723612
0.0807292	-0.996736	-0
0.0807119	-0.996737	-7.5959e-007
0.0806947	-0.996739	-0
0.0806947	-0.996739	1.88076e-005
0.0807119	-0.996737	-0
-0	0	1
0	-0	-1
-0.996737	-0.0807164	0
-0.00215937	0.0266667	-0.999642
-0.000180164	0.00222539	-0.999998
-0.0807119	0.996737	-0
-0.0807026	0.996738	-0
-0.0806881	0.996739	3.28138e-006
-0.0807088	0.996738	-0

#	Mesh	0	End


COMPONENTFINISH

COMPONENT 0 1957873=IfcWall
#	Mesh	0	Begin

#	Vertex	13
71.6426	-99.3249	-13.2968
56.3025	89.6808	-12.9175
56.3025	89.6808	-9.83483
56.3025	89.6808	-9.81342
56.7918	83.6525	-9.81342
56.7918	83.6525	-11.4456
71.6426	-99.3249	-11.8158
71.4433	-99.3411	-13.2968
71.4433	-99.3411	-11.8158
56.5924	83.6363	-11.4456
56.5924	83.6363	-9.81342
56.1031	89.6647	-9.81342
56.1031	89.6647	-12.9175

#	Triangle	9
1	6	0	2	5	1	5	6	1	2	4	5	3	4	2
8	12	7	9	11	12	10	11	9
8	9	12
12	2	1	11	2	12	11	3	2
7	6	8	0	6	7	9	4	10	5	4	9
12	0	7
1	0	12
10	3	11	4	3	10
8	5	9	6	5	8

#	Normal	9
0.996723	0.0808962	-0
-0.996723	-0.0808962	-0
-0.996723	-0.0808962	6.95025e-007
-0.0807031	0.996738	-0
0.0808987	-0.996722	-0
-0.000161797	0.00199344	-0.999998
-0.000161406	0.00199347	-0.999998
-0	-0	1
0.000163148	-0.00201008	0.999998

#	Mesh	0	End


COMPONENTFINISH

COMPONENT 0 1958881=IfcWall
#	Mesh	0	Begin

#	Vertex	13
66.9683	90.3383	-12.9125
80.6952	-68.54	-13.2331
80.6952	-68.54	-11.7554
67.4755	84.4681	-11.4456
67.4755	84.4681	-9.81342
66.9683	90.3383	-9.81342
67.1677	90.3541	-12.9125
67.1677	90.3541	-12.905
67.1677	90.3541	-9.81342
67.6747	84.4854	-9.81342
67.6747	84.4854	-11.4456
80.8945	-68.5228	-11.7554
80.8945	-68.5228	-13.2331

#	Triangle	9
2	0	1	3	5	0	4	5	3
2	3	0
6	11	12	7	11	6	8	10	7	8	9	10
10	11	7
0	7	6	5	7	0	5	8	7
11	1	12	2	1	11	9	3	10	4	3	9
10	2	11	3	2	10
8	4	9	5	4	8
12	0	6	1	0	12

#	Normal	9
-0.996288	-0.0860782	-0
-0.996288	-0.0860782	-2.50201e-006
0.996288	0.0860782	-0
0.996288	0.0860782	1.68632e-006
-0.0787485	0.996895	-0
0.0860548	-0.99629	-0
0.000173578	-0.00200959	0.999998
-0	0	1
-0.000172915	0.00200296	-0.999998

#	Mesh	0	End


COMPONENTFINISH

COMPONENT 0 47785=IfcWall
#	Mesh	0	Begin

#	Vertex	53
73.2827	-42.6296	-3.44545
73.2827	-42.6296	-11.386
73.2984	-42.6283	-11.386
77.7744	-42.2656	-11.386
77.7744	-42.2656	-3.44544
73.2984	-42.6283	-3.44545
73.2788	-42.5804	-11.386
73.2667	-42.4311	-11.386
73.2666	-42.4302	-11.386
74.1619	-42.3577	-11.386
74.3612	-42.3415	-11.386
77.7582	-42.0663	-11.386
73.2667	-42.4311	-3.44445
73.2666	-42.4302	-3.44445
77.7582	-42.0663	-3.44444
74.3612	-42.3415	-3.44445
74.1619	-42.3577	-3.44445
95.7156	-40.8119	-3.44544
95.7156	-40.8119	-11.386
95.6994	-40.6126	-11.386
95.6994	-40.6126	-3.44444
77.9737	-42.2495	-11.386
77.9737	-42.2495	-3.44544
77.9575	-42.0501	-3.44444
77.9575	-42.0501	-11.386
92.6177	-41.0629	-3.44544
93.3234	-41.0058	-3.44544
93.5227	-40.9896	-3.44544
93.5227	-40.9896	-11.386
93.3234	-41.0058	-11.386
92.6177	-41.0629	-11.386
90.3234	-41.2488	-11.386
90.1241	-41.265	-11.386
86.9443	-41.5226	-11.386
86.745	-41.5388	-11.386
80.1665	-42.0718	-11.386
79.9672	-42.088	-11.386
79.951	-41.8886	-11.386
80.1504	-41.8725	-11.386
86.7288	-41.3394	-11.386
86.9281	-41.3233	-11.386
90.1079	-41.0656	-11.386
90.3073	-41.0495	-11.386
93.3072	-40.8064	-11.386
93.5066	-40.7903	-11.386
96.8422	-40.52	-3.44444
96.8422	-40.52	-11.386
95.8988	-40.5964	-11.386
95.8988	-40.5964	-3.44444
96.8583	-40.7193	-3.44544
96.8583	-40.7193	-11.386
95.9149	-40.7958	-3.44544
95.9149	-40.7958	-11.386

#	Triangle	42
4	2	3	4	0	1	17	35	34	25	22	21
4	1	2
4	5	0	16	14	13	15	14	16
9	7	8	9	6	7	9	1	6	9	2	1	9	3	2	10	3	9	11	3	10	37	21	24	37	36	21	38	36	37	38	35	36	39	35	38	39	34	35	40	34	39	40	33	34	41	33	40	41	32	33	42	32	41	42	31	32	43	31	42	43	30	31	43	29	30	44	29	43	44	28	29	19	28	44	19	18	28	47	50	52	46	50	47
0	6	1
0	7	6
0	8	7
0	12	8
12	13	8
14	3	11	4	3	14
5	12	0
5	13	12
5	16	13	4	16	5	4	14	15	25	23	22	51	45	48
4	15	16
13	9	8	13	14	11	23	39	38	23	20	19
13	10	9	23	37	24	48	46	47	45	46	48
13	11	10
20	18	19	17	18	20
24	22	23	21	22	24	47	51	48	52	51	47
25	20	23	49	45	51
26	20	25
27	20	26
17	20	27
23	38	37
23	40	39
23	41	40
23	42	41
23	43	42
23	44	43
23	19	44
17	28	18	17	31	30
17	29	28
17	30	29
17	32	31
17	33	32
17	34	33
17	36	35
17	21	36	17	27	21
27	25	21
27	26	25
45	50	46	49	50	45
52	49	51	50	49	52

#	Normal	42
0.0807613	-0.996733	-0
0.0807825	-0.996732	-1.201e-005
-1.54972e-009	1.91212e-008	1.49872e-006
-0	-0	-1
-0.996733	-0.0807648	-0
-0.996737	-0.0807214	2.71042e-007
-0.996546	-0.0830455	-5.82157e-005
-0.996736	-0.0807321	2.47465e-007
-0.996546	-0.0830455	0
0.996735	0.0807419	0
0.000403841	-0.00498277	0.999988
-2.67105e-008	-6.94885e-008	1.29144e-005
0.000403531	-0.00498364	0.999988
0.00040341	-0.00497888	0.999988
-0.0807612	0.996733	-0
-0.0807598	0.996734	1.65908e-007
-0.0807616	0.996733	-8.30426e-008
0.996735	0.0807435	0
-0.996732	-0.0807807	0
0.000403519	-0.00498387	0.999987
0.000403413	-0.00498315	0.999988
0.000404117	-0.0049874	0.999987
0.000403478	-0.00498371	0.999987
-0.0807629	0.996733	-8.0807e-007
-0.0807629	0.996733	-2.33119e-006
-0.0807614	0.996733	-6.14331e-007
-0.0807629	0.996733	-2.93976e-006
-0.080762	0.996733	-1.52021e-006
-0.0807598	0.996734	2.83294e-006
-0.08076	0.996734	2.3659e-006
0.0807618	-0.996733	-0
0.0807629	-0.996733	-3.17842e-007
0.0807603	-0.996734	4.67008e-007
0.0807629	-0.996733	-7.42181e-007
0.0807604	-0.996734	1.05059e-006
0.0807598	-0.996734	1.73448e-006
0.0807598	-0.996734	2.91275e-006
0.080762	-0.996733	-1.48125e-006
0.0807609	-0.996734	6.92811e-007
3.94344e-009	-4.86679e-008	-3.67676e-007
0.996732	0.0807823	0
0.0807645	-0.996733	-0

#	Mesh	0	End


COMPONENTFINISH

COMPONENT 0 49332=IfcWall
#	Mesh	0	Begin

#	Vertex	46
80.4758	-45.8893	-3.46459
80.1665	-42.0721	-3.44544
80.1665	-42.0718	-3.44544
80.1665	-42.0718	-11.386
80.1665	-42.0721	-11.386
80.4758	-45.8893	-11.386
80.492	-46.0886	-11.386
80.492	-46.0886	-3.46559
79.9672	-42.088	-11.386
80.2926	-46.1048	-11.386
80.2926	-46.1048	-3.46559
80.4651	-45.7568	-9.086
80.2657	-45.7729	-9.086
80.2657	-45.7729	-11.186
80.4651	-45.7568	-11.186
80.3763	-44.6604	-9.086
80.1769	-44.6765	-9.086
80.3763	-44.6604	-11.186
80.1769	-44.6765	-11.186
79.9672	-42.088	-3.44544
79.951	-41.8886	-3.44444
79.951	-41.8886	-11.386
79.2241	-32.9177	-11.386
79.2241	-32.9177	-3.39944
79.4235	-32.9016	-11.386
79.4235	-32.9016	-3.39944
80.1413	-41.7601	-9.086
79.9419	-41.7763	-9.086
79.9419	-41.7763	-11.186
80.1413	-41.7601	-11.186
80.0605	-40.7634	-9.086
79.8611	-40.7795	-9.086
80.0605	-40.7634	-11.186
79.8611	-40.7795	-11.186
79.5527	-34.4959	-9.086
79.3533	-34.512	-9.086
79.3533	-34.512	-11.186
79.5527	-34.4959	-11.186
79.4558	-33.2998	-9.086
79.2564	-33.3159	-9.086
79.4558	-33.2998	-11.186
79.2564	-33.3159	-11.186
79.4396	-33.1009	-3.40044
80.1504	-41.8725	-3.44444
80.1504	-41.8725	-11.386
79.4396	-33.1009	-11.386

#	Triangle	46
2	4	3
2	17	4	42	43	26
17	5	4
17	6	5
17	14	6	2	11	15	1	0	11
14	7	6	11	7	14
2	15	17	34	32	37	34	30	32
2	1	11
0	7	11
8	6	9	8	5	6	8	4	5	15	12	16	11	12	15	30	27	31	26	27	30	38	35	39	34	35	38	22	44	21	22	45	44	22	24	45
8	3	4
9	7	10	6	7	9	16	17	15	18	17	16	31	32	30	33	32	31	39	40	38	41	40	39
11	13	12	14	13	11	19	3	8	2	3	19	23	24	22	25	24	23
18	14	17	13	14	18	33	29	32	28	29	33	41	37	40	36	37	41
19	1	2
19	0	1	19	10	7	23	42	25	23	43	42
19	7	0
10	13	9	10	12	13	31	36	33	31	35	36
13	8	9
13	18	8
18	19	8	16	19	18	20	39	35
10	16	12
10	19	16	20	23	39
20	28	21	20	27	28
28	22	21
28	33	22
33	36	22
36	41	22
41	23	22	39	23	41
20	31	27
20	35	31
26	28	27	29	28	26	34	36	35	37	36	34
23	20	43
21	43	20	44	43	21
25	45	24
25	40	45
40	44	45
40	37	44
37	32	44
32	29	44
29	43	44	26	43	29
25	38	40
25	34	38
25	30	34
25	26	30
25	42	26

#	Normal	46
0.995893	0.0905357	0
0.996733	0.0807612	3.19837e-007
0.996734	0.0807597	-1.94736e-005
0.996732	0.0807823	-0.00015913
0.996734	0.08076	1.25247e-006
0.996734	0.0807607	-0
0.996733	0.0807622	-0
0.99587	0.0905642	-0.00644973
0.996732	0.0807823	1.28117e-006
0	-0	-1
-0	0	-5.17739e-005
0.0807598	-0.996734	-0
-0.0807598	0.996734	-0
-0	-0	1
1.97172e-008	-2.43349e-007	5.17739e-005
0.000403426	-0.00498363	0.999988
0.000401997	-0.00498382	0.999987
-0.996734	-0.0807607	-0
-0.996733	-0.0807615	1.2207e-006
-0.996734	-0.08076	2.86811e-005
-0.996733	-0.0807622	0
-0.996734	-0.08076	4.45687e-008
-0.996733	-0.0807615	-3.33755e-007
-0.996734	-0.0807507	-0
-0.996733	-0.0807614	6.04636e-006
-0.996733	-0.0807655	-0.000176772
-0.996734	-0.0807608	9.83104e-006
-0.996733	-0.0807616	3.54893e-006
-0.996733	-0.0807634	0
-0.996733	-0.0807655	-2.96544e-007
-0.996734	-0.0807608	6.36687e-007
-0.0807629	0.996733	-0
0.000403808	-0.00498359	0.999988
0.0807629	-0.996733	-0
0.996735	0.0807419	0
0.996732	0.0807838	-1.05208e-006
0.996733	0.080761	-2.3886e-005
0.996734	0.0807551	0.000229016
0.996733	0.080762	-2.78652e-005
0.996734	0.0807578	-3.97644e-006
0.996734	0.0807507	-0
0.996733	0.0807634	-0
0.996734	0.0807551	5.80712e-007
0.996733	0.080762	-1.37193e-006
0.996734	0.0807578	4.58377e-006
0.996735	0.0807418	2.96491e-005

#	Mesh	0	End


COMPONENTFINISH

COMPONENT 0 49745=IfcWall
#	Mesh	0	Begin

#	Vertex	53
92.8795	-35.5278	-3.41796
92.8957	-35.7272	-3.41896
93.1679	-39.0863	-3.43581
93.184	-39.2857	-3.43681
93.3072	-40.8064	-3.44444
93.3072	-40.8064	-11.386
93.184	-39.2857	-11.386
93.1679	-39.0863	-11.386
92.8957	-35.7272	-11.386
92.8795	-35.5278	-11.386
92.6783	-33.0445	-11.386
92.6783	-33.0445	-3.4055
93.5066	-40.7903	-11.386
92.8777	-33.0284	-11.386
92.8777	-33.0284	-3.4055
92.9601	-34.045	-9.086
92.7607	-34.0612	-9.086
92.7607	-34.0612	-11.186
92.9601	-34.045	-11.186
92.8954	-33.2476	-9.086
92.6961	-33.2638	-9.086
92.8954	-33.2476	-11.186
92.6961	-33.2638	-11.186
93.1765	-36.716	-9.086
92.9771	-36.7322	-9.086
92.9771	-36.7322	-11.186
93.1765	-36.716	-11.186
93.1119	-35.9186	-9.086
92.9125	-35.9348	-9.086
93.1119	-35.9186	-11.186
92.9125	-35.9348	-11.186
93.5066	-40.7903	-3.44444
93.5227	-40.9896	-3.44544
93.5227	-40.9896	-11.386
93.8482	-45.0064	-11.386
93.8482	-45.0064	-3.46559
93.6489	-45.0226	-11.386
93.6489	-45.0226	-3.46559
93.6841	-42.9813	-9.086
93.4848	-42.9974	-9.086
93.4848	-42.9974	-11.186
93.6841	-42.9813	-11.186
93.6195	-42.1839	-9.086
93.4202	-42.2001	-9.086
93.6195	-42.1839	-11.186
93.4202	-42.2001	-11.186
93.3234	-41.0058	-3.44544
93.3234	-41.0058	-11.386
93.6327	-44.8232	-3.46459
93.4044	-42.006	-3.45046
93.3362	-41.1638	-11.386
93.4044	-42.006	-11.386
93.6327	-44.8232	-11.386

#	Triangle	49
4	6	5	4	3	20
4	7	6
4	25	7
25	8	7
25	9	8
25	10	9
25	30	10
30	17	10
17	22	10
22	11	10	20	11	22
4	24	25	37	40	52
28	17	30	28	16	17	4	28	24	2	1	20
4	16	28
4	20	16
3	2	20
1	0	20	37	48	43
0	11	20
12	10	13	12	9	10	12	8	9	12	7	8	12	6	7	12	5	6	19	16	20	15	16	19	27	24	28	23	24	27	42	39	43	38	39	42	34	47	33	34	50	47	34	51	50	34	52	51	34	36	52
13	11	14	10	11	13	15	17	16	18	17	15	23	25	24	26	25	23	38	40	39	41	40	38
20	21	19	22	21	20	35	36	34	37	36	35
22	18	21	17	18	22	30	26	29	25	26	30	45	41	44	40	41	45
28	29	27	30	29	28	31	5	12	4	5	31	43	44	42	45	44	43
31	3	4	31	2	3	31	1	2	35	48	37	35	49	48	35	32	46
31	0	1	31	11	0
31	14	11	35	46	49
14	21	13	14	19	21
21	12	13
21	18	12
18	29	12
29	26	12
26	31	12	23	31	26	14	31	23
15	29	18	15	27	29	14	15	19	14	27	15	14	23	27
32	44	33	32	42	44
44	34	33
44	41	34
41	35	34	38	35	41
32	38	42
32	35	38
33	46	32	47	46	33
37	52	36
40	51	52
40	50	51
40	47	50
40	45	47
45	46	47	43	46	45
37	39	40
37	43	39
48	49	43
49	46	43

#	Normal	49
-0.996734	-0.0807603	-0
-0.996735	-0.0807419	3.54633e-006
-0.996733	-0.0807631	-1.06289e-006
-0.996733	-0.0807615	-1.92641e-005
-0.996732	-0.0807807	-0.000116391
-0.996733	-0.0807614	5.76379e-007
-0.996733	-0.0807617	-4.73862e-006
-0.996733	-0.0807622	-1.23834e-005
-0.996734	-0.080752	3.99477e-005
-0.996731	-0.0807882	0
-0.996733	-0.0807611	0
-0.996733	-0.0807622	-0
-0.996733	-0.0807622	-9.37801e-007
-0.996734	-0.080752	1.13708e-005
-0.996735	-0.080742	1.98309e-005
-0.996732	-0.0807807	-8.78381e-006
-0.996733	-0.0807614	-1.04084e-006
-0	-0	-1
-0.0807598	0.996734	-0
0.0807629	-0.996733	-0
-0	-0	1
0.0807598	-0.996734	-0
0.000403793	-0.0049836	0.999988
0.00040458	-0.00498351	0.999988
0.000402579	-0.00498372	0.999988
0.996734	0.0807529	0
0.996733	0.0807613	9.17711e-006
0.996733	0.0807617	-8.61225e-006
0.996733	0.0807622	-2.64533e-005
0.996733	0.0807617	-1.35679e-005
0.996733	0.0807611	-0
0.996733	0.0807622	0
0.996733	0.0807649	0
0.996733	0.0807615	-2.07326e-005
0.996733	0.0807617	-2.42495e-005
0.996734	0.0807593	-0
0.996733	0.0807617	6.82364e-007
0.996733	0.0807615	7.71722e-007
-0.0807629	0.996733	-0
-0.996732	-0.0807807	-0
-0.996734	-0.0807596	-1.49899e-005
-0.996733	-0.0807624	-2.87444e-005
-0.996733	-0.0807656	-5.84639e-005
-0.996733	-0.0807617	-1.96903e-005
-0.996734	-0.0807584	0
-0.996733	-0.0807632	0
-0.996733	-0.0807617	5.22575e-007
-0.996734	-0.0807596	8.32459e-007
-0.996733	-0.0807629	9.45657e-007

#	Mesh	0	End


COMPONENTFINISH

COMPONENT 0 50030=IfcWall
#	Mesh	0	Begin

#	Vertex	32
89.3972	-32.2941	-3.40044
89.3972	-32.2941	-11.386
89.9686	-39.3457	-11.386
89.9847	-39.5451	-11.386
90.1079	-41.0656	-11.386
90.1079	-41.0656	-3.44444
89.9847	-39.5451	-3.43681
89.9686	-39.3457	-3.43581
89.5965	-32.278	-11.386
89.8796	-35.7709	-11.386
89.8957	-35.9702	-11.386
90.1679	-39.3294	-11.386
90.184	-39.5287	-11.386
90.3073	-41.0495	-11.386
89.5965	-32.278	-3.40044
90.3073	-41.0495	-3.44444
90.184	-39.5287	-3.43681
90.1679	-39.3294	-3.43581
89.8957	-35.9702	-3.41896
89.8796	-35.7709	-3.41796
90.6327	-45.0663	-3.46459
90.6327	-45.0663	-11.386
90.4042	-42.2454	-11.386
90.388	-42.0461	-11.386
90.3234	-41.2488	-11.386
90.3234	-41.2488	-3.44544
90.388	-42.0461	-3.44944
90.4042	-42.2454	-3.45044
90.4334	-45.0825	-3.46459
90.4334	-45.0825	-11.386
90.1241	-41.265	-11.386
90.1241	-41.265	-3.44544

#	Triangle	29
5	3	4
5	2	3
5	1	2	7	0	1
5	6	1
6	7	1
9	1	8	9	2	1	10	2	9	11	2	10	12	2	11	12	3	2	13	3	12	13	4	3	23	30	24	23	29	30	22	29	23	21	29	22
8	0	14	1	0	8
15	6	5	15	7	6	15	0	7	17	19	0	19	14	0	20	31	28	20	26	31	26	25	31
15	17	0
16	17	15
18	19	17	27	26	20
15	4	13	5	4	15
14	9	8	14	19	13
14	10	9
14	11	10
14	12	11
14	13	12
19	18	13
18	17	13
17	16	13
16	15	13
25	23	24
25	22	23
25	21	22	27	20	21
25	26	21
26	27	21
20	29	21	28	29	20
24	31	25	30	31	24
30	28	31	29	28	30

#	Normal	29
-0.996733	-0.0807653	-0
-0.996735	-0.0807419	4.51182e-006
-0.996733	-0.0807617	2.04888e-007
-0.996733	-0.0807653	-3.83547e-006
-0.996735	-0.080742	1.75611e-005
-0	-0	-1
-0.0807598	0.996734	-0
0.000403808	-0.00498359	0.999988
0.000405102	-0.00498348	0.999988
-2.00558e-009	-3.18222e-008	6.31128e-006
4.85916e-008	6.51112e-008	-1.21948e-005
0.0807629	-0.996733	-0
0.996734	0.0807607	0
0.996735	0.0807435	7.57775e-006
0.996733	0.0807615	-8.15113e-007
0.996732	0.0807807	-1.78824e-005
0.996734	0.0807601	9.58679e-007
0.996735	0.0807434	1.18224e-005
0.996733	0.0807615	2.12842e-007
0.996732	0.0807808	-3.97355e-006
0.996734	0.0807601	-0
0.996733	0.0807662	0
0.996735	0.0807419	2.4503e-006
0.996733	0.0807629	-2.00752e-007
0.996733	0.0807662	-1.78297e-006
0.996735	0.0807419	7.52203e-006
0.0807598	-0.996734	-0
-0.0807629	0.996733	-0
-0.996734	-0.0807605	0

#	Mesh	0	End


COMPONENTFINISH

COMPONENT 0 50459=IfcWall
#	Mesh	0	Begin

#	Vertex	22
86.0181	-32.5679	-3.40044
86.0181	-32.5679	-11.386
86.7288	-41.3394	-11.386
86.7288	-41.3394	-3.44444
86.2174	-32.5518	-11.386
86.7888	-39.6034	-11.386
86.8049	-39.8027	-11.386
86.9281	-41.3233	-11.386
86.2174	-32.5518	-3.40044
86.9281	-41.3233	-3.44444
86.8049	-39.8027	-3.43681
86.7888	-39.6034	-3.43581
87.2536	-45.3401	-3.46459
87.2536	-45.3401	-11.386
86.9443	-41.5226	-11.386
86.9443	-41.5226	-3.44544
87.0543	-45.3563	-3.46459
87.0543	-45.3563	-11.386
86.745	-41.5388	-11.386
86.745	-41.5388	-3.44544
86.745	-41.539	-3.44544
86.745	-41.539	-11.386

#	Triangle	19
3	1	2	0	1	3
5	1	4	5	2	1	6	2	5	7	2	6	13	18	14	13	17	21
4	0	8	1	0	4
9	0	3	9	8	0	12	20	16	12	15	19
10	11	9
11	8	9
9	2	7	3	2	9	12	17	13	16	17	12
8	5	4
8	6	5
8	7	6
8	11	7
11	10	7
10	9	7	15	13	14	12	13	15
14	19	15	18	19	14
12	19	20
13	21	18
16	21	17	16	20	18
16	18	21
20	19	18

#	Normal	19
-0.996733	-0.080761	-0
-0	-0	-1
-0.0807629	0.996733	-0
0.00040381	-0.00498361	0.999988
-2.64263e-009	2.79217e-008	-5.6088e-006
3.97855e-007	-1.85009e-007	4.33071e-005
0.0807629	-0.996733	-0
0.996733	0.0807617	0
0.996735	0.0807419	1.75414e-005
0.996734	0.0807602	7.94812e-007
0.996733	0.0807617	-7.70803e-007
0.996735	0.0807419	3.53128e-006
0.996734	0.0807602	-0
-0.0807598	0.996734	-0
2.96777e-007	-1.72102e-007	4.20461e-005
-0	-0	-4.20461e-005
-0.996733	-0.0807618	-0
-0.995882	-0.0905347	-0.00474273
-0.995893	-0.0905357	0

#	Mesh	0	End


COMPONENTFINISH

COMPONENT 0 5170=IfcWall
#	Mesh	0	Begin

#	Vertex	31
93.8838	67.9185	-19.244
103.402	-49.634	-19.4755
103.76	-54.0586	-19.4755
103.76	-54.0586	-20.0946
108.557	-113.311	-20.2005
108.557	-113.311	0.005
108.381	-111.131	0.005
108.381	-111.131	2.605
108.557	-113.311	2.605
108.557	-113.311	2.63936
108.557	-113.311	2.6439
104.237	-59.9482	2.91425
104.237	-59.9482	1.99688
104.027	-57.3567	1.99688
104.027	-57.3567	2.92738
93.8838	67.9185	3.56204
104.299	-49.5614	-19.4755
94.7858	67.9303	-19.2441
94.7858	67.9303	3.56173
109.454	-113.239	2.6439
109.454	-113.239	2.605
109.278	-111.058	2.605
109.278	-111.058	0.005
109.454	-113.239	0.005
109.454	-113.239	-20.2005
104.657	-53.9859	-20.0946
104.657	-53.9859	-19.4755
104.921	-57.2842	1.99688
104.921	-57.2842	2.92738
105.131	-59.8758	1.99688
105.131	-59.8758	2.91425

#	Triangle	23
5	3	4	5	2	3	5	0	1	6	15	0	7	12	6	7	11	12	14	15	13	10	11	9	28	29	30	27	29	28
5	1	2	13	15	6
5	6	0
12	13	6
9	7	8
9	11	7
25	23	24	26	23	25	17	23	26	18	22	17	18	21	22	18	19	20
17	26	16
22	23	17
18	20	21
16	0	17
1	0	16
26	1	16	2	1	26	8	21	20	7	21	8
25	2	26	3	2	25
24	3	25	4	3	24
5	24	23	4	24	5	22	7	6	21	7	22	19	8	20	19	9	8	19	10	9
14	27	28	13	27	14
29	13	12	27	13	29	23	6	5	22	6	23
30	12	11	29	12	30
19	11	10	19	30	11	28	15	14	28	18	15
19	28	30
19	18	28
18	0	15	17	0	18

#	Normal	23
-0.996738	-0.0807025	-0
-0.996738	-0.0807034	-2.60515e-006
-0.996738	-0.0807021	3.92516e-006
-0.996738	-0.0807031	1.35641e-005
-0.996738	-0.0807021	-0
-0.996738	-0.0807025	-2.07071e-005
0.996738	0.0807025	-0
0.996738	0.0807034	-0.000419767
0.996738	0.0807021	-3.97845e-006
0.996738	0.0807021	8.0045e-005
-0.000159709	0.00195687	-0.999998
-0.000158452	0.00195698	-0.999998
-0	-0	-1
-0.0807033	0.996738	-0
-0.000143863	0.0017768	-0.999998
0.0807033	-0.996738	-0
0.080702	-0.996738	-0
0	-0	1
-0.080702	0.996738	-0
0.000407518	-0.00503311	0.999987
0.001694	-0.00492888	0.999986
0.000404307	-0.00503337	0.999987
-0.0130083	0.999915	-0

#	Mesh	0	End


COMPONENTFINISH

COMPONENT 0 7574=IfcWall
#	Mesh	0	Begin

#	Vertex	224
112.779	-127.116	-22.2746
109.959	-127.344	-18.1421
110.062	-127.336	-17.9679
110.153	-127.328	-17.7877
109.846	-127.353	-18.3094
109.722	-127.363	-18.4692
109.589	-127.374	-18.6209
109.446	-127.386	-18.764
110.233	-127.322	-17.6021
110.302	-127.316	-17.4117
110.358	-127.312	-17.2175
110.402	-127.308	-17.0201
110.433	-127.306	-16.8203
110.452	-127.304	-16.6189
110.459	-127.304	-16.4167
109.295	-127.398	-18.8978
109.136	-127.411	-19.0217
108.969	-127.424	-19.1354
108.795	-127.438	-19.2384
108.616	-127.453	-19.3302
108.431	-127.468	-19.4106
112.779	-127.116	-22.2795
110.452	-127.304	-16.2145
110.433	-127.306	-16.0131
110.402	-127.308	-15.8133
110.358	-127.312	-15.6159
112.779	-127.116	2.563
108.241	-127.483	-19.4791
108.047	-127.499	-19.5355
107.851	-127.515	-19.5797
107.652	-127.531	-19.6113
104.166	-127.813	-22.2795
107.451	-127.547	-19.6303
107.249	-127.564	-19.6367
107.048	-127.58	-19.6303
106.847	-127.596	-19.6113
106.648	-127.612	-19.5797
106.451	-127.628	-19.5355
106.258	-127.644	-19.4791
106.068	-127.659	-19.4106
105.883	-127.674	-19.3302
105.703	-127.689	-19.2384
105.53	-127.703	-19.1354
105.363	-127.716	-19.0217
105.203	-127.729	-18.8978
105.052	-127.741	-18.764
104.91	-127.753	-18.6209
104.776	-127.764	-18.4692
104.653	-127.774	-18.3094
99.8827	-128.16	-21.6368
100.879	-128.079	-25.4188
103.17	-127.894	-25.4188
104.166	-127.813	-25.4188
99.8827	-128.16	-25.4188
104.539	-127.783	-18.1421
104.437	-127.791	-17.9679
104.345	-127.799	-17.7877
104.265	-127.805	-17.6021
104.197	-127.811	-17.4117
104.141	-127.815	-17.2175
104.097	-127.819	-17.0201
104.065	-127.821	-16.8203
104.046	-127.823	-16.6189
104.04	-127.823	-16.4167
104.046	-127.823	-16.2145
95.5839	-128.508	-21.6368
104.065	-127.821	-16.0131
104.097	-127.819	-15.8133
104.141	-127.815	-15.6159
104.197	-127.811	-15.4217
104.265	-127.805	-15.2313
104.345	-127.799	-15.0457
95.5839	-128.508	1.06837
104.437	-127.791	-14.8655
104.539	-127.783	-14.6913
96.0519	-128.47	1.06837
106.648	-127.612	-13.2537
106.451	-127.628	-13.2979
106.258	-127.644	-13.3543
106.068	-127.659	-13.4228
105.883	-127.674	-13.5032
105.703	-127.689	-13.595
105.53	-127.703	-13.698
105.363	-127.716	-13.8117
105.203	-127.729	-13.9357
105.052	-127.741	-14.0694
104.91	-127.753	-14.2125
104.776	-127.764	-14.3642
104.653	-127.774	-14.524
96.0519	-128.47	2.563
110.302	-127.316	-15.4217
110.233	-127.322	-15.2313
110.153	-127.328	-15.0457
110.062	-127.336	-14.8655
109.959	-127.344	-14.6913
109.846	-127.353	-14.524
109.722	-127.363	-14.3642
109.589	-127.374	-14.2125
109.446	-127.386	-14.0694
109.295	-127.398	-13.9357
109.136	-127.411	-13.8117
108.969	-127.424	-13.698
108.795	-127.438	-13.595
108.616	-127.453	-13.5032
108.431	-127.468	-13.4228
108.241	-127.483	-13.3543
108.047	-127.499	-13.2979
107.851	-127.515	-13.2537
107.652	-127.531	-13.2221
107.451	-127.547	-13.2031
107.249	-127.564	-13.1967
107.048	-127.58	-13.2031
106.847	-127.596	-13.2221
95.6947	-129.402	-19.6069
95.6947	-129.402	-21.6368
99.9554	-129.057	-21.6368
104.119	-128.72	-16.6189
104.112	-128.721	-16.4167
104.119	-128.72	-16.2145
104.138	-128.718	-16.0131
104.169	-128.716	-15.8133
104.213	-128.712	-15.6159
104.27	-128.708	-15.4217
104.338	-128.702	-15.2313
104.418	-128.696	-15.0457
104.509	-128.688	-14.8655
104.612	-128.68	-14.6913
95.6947	-129.402	1.06837
104.138	-128.718	-16.8203
104.169	-128.716	-17.0201
104.213	-128.712	-17.2175
104.27	-128.708	-17.4117
104.338	-128.702	-17.6021
104.418	-128.696	-17.7877
104.509	-128.688	-17.9679
104.612	-128.68	-18.1421
104.725	-128.671	-18.3094
104.239	-128.71	-22.2795
99.9554	-129.057	-25.4188
104.239	-128.71	-25.4188
104.849	-128.661	-18.4692
104.982	-128.65	-18.6209
105.125	-128.639	-18.764
105.276	-128.626	-18.8978
105.435	-128.613	-19.0217
105.602	-128.6	-19.1354
105.776	-128.586	-19.2384
105.955	-128.571	-19.3302
106.14	-128.556	-19.4106
106.33	-128.541	-19.4791
106.524	-128.525	-19.5355
106.721	-128.509	-19.5797
106.92	-128.493	-19.6113
107.12	-128.477	-19.6303
107.322	-128.461	-19.6367
107.523	-128.444	-19.6303
107.724	-128.428	-19.6113
112.851	-128.013	-22.2795
107.923	-128.412	-19.5797
108.12	-128.396	-19.5355
108.314	-128.38	-19.4791
108.503	-128.365	-19.4106
108.688	-128.35	-19.3302
108.868	-128.335	-19.2384
109.042	-128.321	-19.1354
109.208	-128.308	-19.0217
109.368	-128.295	-18.8978
109.519	-128.283	-18.764
109.662	-128.271	-18.6209
109.795	-128.26	-18.4692
109.918	-128.25	-18.3094
110.032	-128.241	-18.1421
110.134	-128.233	-17.9679
110.226	-128.226	-17.7877
110.306	-128.219	-17.6021
110.374	-128.214	-17.4117
110.431	-128.209	-17.2175
110.475	-128.205	-17.0201
110.506	-128.203	-16.8203
110.525	-128.201	-16.6189
110.531	-128.201	-16.4167
110.525	-128.201	-16.2145
110.506	-128.203	-16.0131
110.475	-128.205	-15.8133
110.431	-128.209	-15.6159
112.851	-128.013	2.563
110.374	-128.214	-15.4217
110.306	-128.219	-15.2313
110.226	-128.226	-15.0457
110.134	-128.233	-14.8655
110.032	-128.241	-14.6913
109.918	-128.25	-14.524
109.795	-128.26	-14.3642
109.662	-128.271	-14.2125
109.519	-128.283	-14.0694
109.368	-128.295	-13.9357
109.208	-128.308	-13.8117
109.042	-128.321	-13.698
108.868	-128.335	-13.595
108.688	-128.35	-13.5032
108.503	-128.365	-13.4228
108.314	-128.38	-13.3543
108.12	-128.396	-13.2979
107.923	-128.412	-13.2537
107.724	-128.428	-13.2221
107.523	-128.444	-13.2031
107.322	-128.461	-13.1967
107.12	-128.477	-13.2031
106.92	-128.493	-13.2221
106.721	-128.509	-13.2537
96.1246	-129.367	1.06837
96.1246	-129.367	2.563
104.725	-128.671	-14.524
104.849	-128.661	-14.3642
104.982	-128.65	-14.2125
105.125	-128.639	-14.0694
105.276	-128.626	-13.9357
105.435	-128.613	-13.8117
105.602	-128.6	-13.698
106.524	-128.525	-13.2979
106.33	-128.541	-13.3543
106.14	-128.556	-13.4228
105.955	-128.571	-13.5032
105.776	-128.586	-13.595

#	Triangle	353
2	0	1
3	0	2	75	74	72
0	4	1
0	5	4
0	6	5	86	87	75
0	7	6
0	3	8
0	8	9
0	9	10	75	83	84
10	11	0
0	11	12
0	12	13
14	0	13
0	15	7
0	16	15
17	16	0
0	18	17
0	19	18
0	20	19
20	0	21	31	50	49	50	31	51	51	31	52	49	50	53	64	49	65	72	71	65
14	22	0
22	23	0
23	24	0
24	25	0
0	25	26	26	76	75	89	26	75
21	27	20	30	21	31
21	28	27
21	29	28
30	29	21
30	31	32
32	31	33
31	34	33
31	35	34
31	36	35
31	37	36
38	37	31
31	39	38
40	39	31
31	41	40
42	41	31
31	43	42
31	44	43
45	44	31
31	46	45
47	46	31	26	102	103
31	48	47
31	49	48
48	49	54
49	55	54
49	56	55
57	56	49
49	58	57
59	58	49
49	60	59
61	60	49	69	68	65
62	61	49
62	49	63
64	63	49
66	64	65
67	66	65
68	67	65
70	69	65	71	70	65
73	71	72
72	74	73
75	76	77
75	77	78
75	78	79
79	80	75
75	80	81
81	82	75
75	82	83
75	84	85
75	85	86
75	87	88
74	75	88
26	25	90
26	90	91
91	92	26
93	26	92
94	26	93
26	94	95
26	95	96
26	96	97
98	26	97
26	98	99
26	99	100
26	100	101
26	101	102
26	103	104	26	105	106
26	104	105
26	106	107
26	107	108
26	108	109
26	109	110
26	110	111
112	26	111
76	26	112
115	113	114
115	116	113	113	126	127	185	210	209	211	210	185
116	117	113
117	118	113
118	119	113
119	120	113	131	130	115
120	121	113
121	122	113	137	136	115
122	123	113
113	123	124
124	125	113
125	126	113
128	116	115
115	129	128
115	130	129
115	132	131
115	133	132
115	134	133
115	135	134
115	136	135
115	138	137	139	137	138
137	140	136
141	140	137
137	142	141	194	193	185
137	143	142
137	144	143
137	145	144
137	146	145
137	147	146
148	147	137
137	149	148
137	150	149
137	151	150
152	151	137
153	152	137
154	153	137
154	137	155
156	155	137
157	156	137	176	175	157	126	210	127	210	221	220
158	156	157
157	159	158
160	159	157
157	161	160
157	162	161
163	162	157
157	164	163
165	164	157
157	166	165
157	167	166
157	168	167
157	169	168
169	157	170
171	170	157
157	172	171
172	157	173
157	174	173
157	175	174
157	177	176
178	177	157
157	179	178
179	157	180
181	180	157
181	157	182
183	182	157
184	183	157
184	157	185
185	186	184	196	195	185
185	187	186
185	188	187
185	189	188	189	185	190
191	190	185
185	192	191
185	193	192
185	195	194
185	197	196
185	198	197
185	199	198
185	200	199
201	200	185
185	202	201
203	202	185
185	204	203
185	205	204
185	206	205
185	207	206
208	207	185
209	208	185
126	212	210
210	212	213
210	213	214	210	223	222
210	214	215
210	215	216
210	216	217
210	217	218
210	219	209
210	220	219
210	222	221
210	218	223
0	157	21	0	185	157	26	185	0	31	139	52	137	139	31
113	65	114	113	72	65	127	72	113
137	21	157	31	21	137	139	51	52	138	51	139	138	50	51	138	53	50	114	49	115	65	49	114
185	89	211	26	89	185	75	127	210	72	127	75
56	132	133	57	132	56
56	134	55
133	134	56
48	135	136	54	135	48
135	55	134	54	55	135
47	136	140	48	136	47
128	62	116
61	62	128
60	128	129	61	128	60
131	59	130	58	59	131
60	130	59	129	130	60
57	131	132
58	131	57
141	47	140	46	47	141
149	39	148
38	39	149
37	149	150
38	149	37
152	36	151
35	36	152
37	151	36
150	151	37
153	35	152	34	35	153
143	45	142
44	45	143
144	44	143	43	44	144
40	146	147	41	146	40
42	146	41
145	146	42
43	145	42
144	145	43
148	40	147
39	40	148
142	46	141
45	46	142
154	34	153
33	34	154
62	117	116
63	117	62
19	161	162
20	161	19
19	163	18	162	163	19
16	164	165
17	164	16
164	18	163
17	18	164
15	165	166	16	165	15
156	32	155	30	32	156
29	156	158	30	156	29
160	28	159
27	28	160
29	159	28	158	159	29
20	160	161
27	160	20
167	15	166	7	15	167
175	8	174
9	8	175
10	175	176	9	175	10
178	11	177	12	11	178
10	177	11
176	177	10
179	12	178
13	12	179
169	6	168	5	6	169
170	5	169	4	5	170
3	172	173	2	172	3
1	172	2
171	172	1
4	171	1
170	171	4
174	3	173	8	3	174
168	7	167	6	7	168
180	13	179
14	13	180
33	155	32
154	155	33
181	14	180
22	14	181
95	190	191
94	190	95
93	190	94
189	190	93
96	191	192	95	191	96
183	23	182	24	23	183
181	23	22
182	23	181
188	91	187	92	91	188
93	188	189	92	188	93
193	96	192	97	96	193
183	25	24
184	25	183
201	104	200
105	104	201
106	201	202
105	201	106
204	107	203	108	107	204
106	203	107	202	203	106
205	108	204	109	108	205
195	98	194	99	98	195
196	99	195	100	99	196
103	198	199	102	198	103
101	198	102
197	198	101
100	197	101
196	197	100
200	103	199
104	103	200
194	97	193	98	97	194
206	109	205
110	109	206
184	90	25	186	90	184
91	186	187
90	186	91
80	221	222
79	221	80
80	223	81	222	223	80
83	218	217
82	218	83
218	81	223
82	81	218
84	217	216	83	217	84
208	111	207	112	111	208
76	208	209
112	208	76
220	77	219
78	77	220
76	219	77
209	219	76
79	220	221
78	220	79
215	84	216
85	84	215
122	70	123
69	70	122
68	122	121	69	122	68
119	67	120	66	67	119
68	120	67	121	120	68
118	66	119
64	66	118
213	86	214	87	86	213
212	87	213	88	87	212
71	125	124
73	125	71
74	125	73	126	125	74
88	126	74	212	126	88
123	71	124	70	71	123
214	85	215
86	85	214
117	64	118
63	64	117
110	207	111
206	207	110
211	75	210	89	75	211
115	53	138	49	53	115

#	Normal	353
-0.0806792	0.99674	1.56202e-005
-0.0807151	0.996737	-7.15294e-006
-0.0807164	0.996737	-9.93748e-006
-0.0807114	0.996738	-6.2188e-006
-0.0807074	0.996738	-2.98194e-006
-0.080687	0.996739	1.49406e-005
-0.0807099	0.996738	-4.07765e-006
-0.080711	0.996738	-4.70432e-006
-0.0807001	0.996738	9.0836e-007
-0.0806596	0.996742	2.03978e-005
-0.0807075	0.996738	-1.41906e-006
-0.0807283	0.996736	-1.03986e-005
-0.0807392	0.996735	-1.49076e-005
-0.0807184	0.996737	-1.4991e-005
-0.0807012	0.996738	2.80287e-006
-0.0806969	0.996739	7.65536e-006
-0.0806854	0.99674	2.17931e-005
-0.0807067	0.996738	-6.40436e-006
-0.0807103	0.996738	-1.15503e-005
-0.0807028	0.996738	-0
-0.0806579	0.996742	1.74663e-005
-0.0806593	0.996742	1.69392e-005
-0.0806953	0.996739	3.35426e-006
-0.0809129	0.996721	-7.71886e-005
-0.0807019	0.996738	-0
-0.0807018	0.996738	1.49792e-006
-0.0807114	0.996738	-1.41178e-005
-0.0806963	0.996739	1.19551e-005
-0.080705	0.996738	-3.97426e-006
-0.0806905	0.996739	-1.48648e-005
-0.0807211	0.996737	2.33658e-005
-0.0806797	0.99674	-2.5286e-005
-0.0807279	0.996736	2.74339e-005
-0.0806715	0.996741	-2.96111e-005
-0.0807279	0.996736	2.26428e-005
-0.0806831	0.99674	-1.49719e-005
-0.080699	0.996739	-2.98169e-006
-0.0807127	0.996737	6.12415e-006
-0.0807082	0.996738	3.49937e-006
-0.0807162	0.996737	7.5877e-006
-0.0806905	0.996739	-3.65352e-006
-0.0806993	0.996738	-3.68028e-007
-0.0806847	0.99674	-4.89298e-006
-0.0807219	0.996737	4.54049e-006
-0.0807087	0.996738	1.84801e-006
-0.0807156	0.996737	2.96093e-006
-0.080703	0.996738	1.40552e-006
-0.0806894	0.996739	-1.81917e-005
-0.0807107	0.996738	1.03983e-005
-0.0806856	0.99674	-2.09909e-005
-0.0807078	0.996738	4.95019e-006
-0.0807085	0.996738	5.62136e-006
-0.0807017	0.996738	-1.37509e-006
-0.0807109	0.996738	7.55394e-006
-0.0807047	0.996738	1.87135e-006
-0.0806791	0.99674	-2.04757e-005
-0.0807185	0.996737	1.2439e-005
-0.0806862	0.99674	-1.3458e-005
-0.0807187	0.996737	2.42337e-005
-0.0807012	0.996738	-2.426e-006
-0.0806953	0.996739	-1.10353e-005
-0.0806957	0.996739	-1.02429e-005
-0.0806749	0.99674	1.55322e-005
-0.0807159	0.996737	-7.3564e-006
-0.0807287	0.996736	-1.93672e-005
-0.0806828	0.99674	1.40593e-005
-0.0806989	0.996739	2.60469e-006
-0.0807124	0.996737	-6.78714e-006
-0.080708	0.996738	-3.82576e-006
-0.0807155	0.996737	-8.79104e-006
-0.0806922	0.996739	6.25464e-006
-0.080688	0.996739	8.70064e-006
-0.0807175	0.996737	-8.93587e-006
-0.0807121	0.996737	-5.71026e-006
-0.0806803	0.99674	1.19534e-005
-0.0806985	0.996739	-4.59205e-007
-0.0807179	0.996737	2.22396e-006
-0.0807151	0.996737	1.81958e-006
-0.0807231	0.996737	3.03226e-006
-0.0806635	0.996741	-6.31943e-006
-0.0807254	0.996736	3.84878e-006
-0.0807165	0.996737	2.31072e-006
-0.0807096	0.996738	1.06437e-006
-0.0806773	0.99674	-5.12622e-006
-0.0807272	0.996736	4.94444e-006
-0.0806997	0.996738	-8.88268e-007
-0.0806933	0.996739	-2.32871e-006
-0.0806763	0.99674	-6.35319e-006
-0.080714	0.996737	3.07063e-006
-0.0807014	0.996738	-3.78773e-007
-0.0806943	0.996739	-2.68818e-006
-0.0807055	0.996738	8.33864e-007
-0.0806922	0.996739	-3.49971e-006
-0.0807202	0.996737	6.01941e-006
-0.0806786	0.99674	-8.66443e-006
-0.0807315	0.996736	1.06574e-005
-0.0806645	0.996741	-1.4682e-005
0.0807024	-0.996738	-0
0.0807025	-0.996738	3.64628e-007
0.0806948	-0.996739	2.22102e-005
0.0807118	-0.996737	-2.27433e-005
0.0806973	-0.996739	1.33333e-005
0.080702	-0.996738	2.29738e-006
0.0806984	-0.996739	1.03443e-005
0.0807042	-0.996738	-2.12298e-006
0.0807228	-0.996737	-4.04782e-005
0.0806978	-0.996739	9.32524e-006
0.080693	-0.996739	1.84157e-005
0.0806911	-0.996739	2.2048e-005
0.0807167	-0.996737	-1.14929e-005
0.0807056	-0.996738	-1.73036e-006
0.0807117	-0.996737	-7.36637e-006
0.0806798	-0.99674	2.49249e-005
0.0807073	-0.996738	-5.18782e-006
0.0807108	-0.996738	-9.31961e-006
0.0807114	-0.996738	-1.0011e-005
0.0806901	-0.996739	1.86173e-005
0.0807042	-0.996738	-0
0.0807156	-0.996737	-2.96093e-006
0.0807087	-0.996738	-1.84801e-006
0.0806768	-0.99674	4.67625e-006
0.0807249	-0.996736	-7.52676e-006
0.0806993	-0.996738	3.68028e-007
0.0806935	-0.996739	2.5433e-006
0.0807134	-0.996737	-6.17523e-006
0.0807082	-0.996738	-3.49937e-006
0.0806793	-0.99674	1.3426e-005
0.0807009	-0.996738	-9.85422e-007
0.0807126	-0.996737	-9.79262e-006
0.0806948	-0.996739	5.12307e-006
0.080705	-0.996738	-4.26389e-006
0.0806927	-0.996739	8.14936e-006
0.0807197	-0.996737	-2.1478e-005
0.0807179	-0.996737	-1.93286e-005
0.0806905	-0.996739	1.48648e-005
0.0807025	-0.996738	-8.83187e-007
0.080705	-0.996738	3.97426e-006
0.0806963	-0.996739	-1.19551e-005
0.0807135	-0.996737	1.78549e-005
0.0806996	-0.996738	-4.75281e-006
0.0806851	-0.99674	-2.69283e-005
0.0807075	-0.996738	4.8644e-006
0.0807133	-0.996737	1.25328e-005
0.0806948	-0.996739	-1.00473e-005
0.0807012	-0.996738	-2.80058e-006
0.0807184	-0.996737	1.49794e-005
0.080687	-0.996739	-1.49297e-005
0.0807074	-0.996738	2.9799e-006
0.0807114	-0.996738	6.21482e-006
0.0806838	-0.99674	-1.43475e-005
0.0807156	-0.996737	7.496e-006
0.0807151	-0.996737	7.14925e-006
0.0807099	-0.996738	4.07574e-006
0.080666	-0.996741	-1.99528e-005
0.0807177	-0.996737	6.02936e-006
0.0807075	-0.996738	1.41872e-006
0.0807342	-0.996736	1.29654e-005
0.0806454	-0.996743	-2.37695e-005
0.080775	-0.996732	2.7858e-005
0.0806482	-0.996743	-2.11252e-005
0.0806953	-0.996739	-3.35621e-006
0.0806426	-0.996743	-2.28507e-005
0.0807051	-0.996738	-0
0.0806995	-0.996738	7.52642e-007
0.0806369	-0.996744	9.43666e-006
0.0807151	-0.996737	-1.81958e-006
0.0807231	-0.996737	-3.03226e-006
0.0806709	-0.996741	5.56013e-006
0.0807165	-0.996737	-2.31072e-006
0.0807096	-0.996738	-1.06437e-006
0.0807272	-0.996736	-4.94444e-006
0.0806901	-0.996739	3.05894e-006
0.0807185	-0.996737	-3.65702e-006
0.0807093	-0.996738	-1.35747e-006
0.0806766	-0.99674	7.16636e-006
0.0806984	-0.996739	1.20181e-006
0.0807174	-0.996737	-4.27009e-006
0.0806943	-0.996739	2.68818e-006
0.0807055	-0.996738	-8.33863e-007
0.0806922	-0.996739	3.49971e-006
0.0807172	-0.996737	-4.97312e-006
0.0807206	-0.996737	-6.19453e-006
0.0806915	-0.996739	4.45907e-006
0.0807058	-0.996738	-9.44316e-007
0.0806807	-0.99674	-1.22286e-005
0.0807125	-0.996737	5.4188e-006
0.0807077	-0.996738	2.72246e-006
0.0806835	-0.99674	-1.14049e-005
0.0807216	-0.996737	1.13612e-005
0.0807003	-0.996738	-1.66009e-006
0.0806951	-0.996739	-4.96337e-006
0.0806949	-0.996739	-5.74519e-006
0.0807132	-0.996737	7.58688e-006
0.0806802	-0.99674	-1.55857e-005
0.0807131	-0.996737	6.6893e-006
0.996738	0.0807033	0
-0.992411	-0.122962	-0
-0	0	-1
0	-0	1
0.91477	0.0740659	0.397128
0.888094	0.0719066	0.454003
0.888093	0.0719059	0.454005
0.824371	0.0667472	0.5621
0.85794	0.0694652	0.509032
0.787578	0.0637682	0.612906
0.992314	0.0803358	0.0941192
0.992317	0.0803454	0.094078
0.984462	0.0797093	0.156462
0.957154	0.0774982	0.279018
0.97274	0.0787603	0.218112
0.937815	0.0759317	0.33873
0.937814	0.0759323	0.338733
0.747667	0.0605367	0.661309
0.337636	0.0273373	0.94088
0.337624	0.0273334	0.940884
0.278073	0.0225148	0.960296
0.278084	0.0225131	0.960293
0.155921	0.0126244	0.987689
0.155921	0.0126245	0.987689
0.217434	0.0176049	0.975916
0.217435	0.0176052	0.975916
0.0938052	0.00759516	0.995562
0.659152	0.0533693	0.750114
0.659153	0.0533699	0.750113
0.610916	0.0494643	0.790149
0.452513	0.0366388	0.891005
0.507379	0.0410811	0.860743
0.507362	0.0410754	0.860753
0.560239	0.0453562	0.827088
0.560256	0.0453625	0.827076
0.395863	0.032052	0.91775
0.395862	0.0320516	0.917751
0.704802	0.057066	0.707105
0.7048	0.0570653	0.707107
0.0313066	0.00253479	0.999507
0.0313055	0.00253445	0.999507
0.996248	0.0806542	0.0313837
0.996246	0.0806634	0.0314253
-0.395863	-0.0320517	0.91775
-0.395862	-0.0320519	0.917751
-0.452513	-0.0366385	0.891005
-0.560239	-0.0453611	0.827088
-0.560257	-0.0453577	0.827076
-0.507379	-0.0410808	0.860743
-0.507364	-0.0410755	0.860753
-0.610916	-0.0494643	0.790149
-0.0938052	-0.00759516	0.995562
-0.155921	-0.0126245	0.987689
-0.278083	-0.0225156	0.960293
-0.278073	-0.0225124	0.960296
-0.217435	-0.0176052	0.975916
-0.337624	-0.0273365	0.940884
-0.337636	-0.0273346	0.94088
-0.659152	-0.0533698	0.750114
-0.937815	-0.0759324	0.33873
-0.937814	-0.0759317	0.338733
-0.957154	-0.0774976	0.279018
-0.984462	-0.0797093	0.156462
-0.972741	-0.0787603	0.218109
-0.972741	-0.0787596	0.218112
-0.992317	-0.0803453	0.094081
-0.992314	-0.0803365	0.0941192
-0.747667	-0.0605367	0.661309
-0.787578	-0.0637682	0.612906
-0.888093	-0.0719065	0.454005
-0.857941	-0.0694653	0.50903
-0.85794	-0.0694646	0.509032
-0.82437	-0.0667465	0.562102
-0.824371	-0.0667472	0.5621
-0.91477	-0.0740665	0.397128
-0.704802	-0.057066	0.707105
-0.996247	-0.0806548	0.0314222
-0.996247	-0.0806628	0.0313869
-0.0313066	-0.00253481	0.999507
-0.0313054	-0.00253444	0.999507
-0.996246	-0.0806627	-0.0314222
-0.996248	-0.0806549	-0.0313869
-0.824371	-0.0667472	-0.5621
-0.82437	-0.0667465	-0.562102
-0.857941	-0.0694647	-0.50903
-0.85794	-0.0694652	-0.509032
-0.787577	-0.063768	-0.612909
-0.984462	-0.0797093	-0.156462
-0.992314	-0.0803365	-0.0941187
-0.992317	-0.0803453	-0.0940806
-0.91477	-0.0740665	-0.397128
-0.888094	-0.0719066	-0.454004
-0.747667	-0.0605367	-0.661309
-0.972741	-0.0787603	-0.21811
-0.97274	-0.0787596	-0.218113
-0.337624	-0.0273365	-0.940884
-0.337636	-0.0273346	-0.94088
-0.278083	-0.0225156	-0.960293
-0.278073	-0.0225124	-0.960296
-0.155921	-0.0126245	-0.987689
-0.217435	-0.0176052	-0.975916
-0.0938052	-0.00759516	-0.995562
-0.659152	-0.0533698	-0.750114
-0.610916	-0.0494643	-0.790149
-0.452509	-0.0366382	-0.891007
-0.507367	-0.0410798	-0.86075
-0.507383	-0.041077	-0.860741
-0.560257	-0.0453577	-0.827076
-0.560239	-0.0453611	-0.827088
-0.395863	-0.0320517	-0.91775
-0.395862	-0.0320519	-0.917751
-0.704802	-0.057066	-0.707105
-0.0313054	-0.00253472	-0.999507
-0.0313066	-0.00253454	-0.999507
-0.957154	-0.0774976	-0.279018
-0.937815	-0.0759324	-0.33873
-0.937814	-0.0759317	-0.338733
0.395863	0.032052	-0.91775
0.395862	0.0320516	-0.917751
0.452509	0.0366385	-0.891007
0.560256	0.0453625	-0.827076
0.560239	0.0453562	-0.827088
0.507365	0.0410801	-0.860751
0.507383	0.041077	-0.860741
0.610916	0.0494643	-0.790149
0.0938052	0.0075951	-0.995562
0.155921	0.0126244	-0.987689
0.155921	0.0126245	-0.987689
0.278073	0.0225148	-0.960296
0.278084	0.0225131	-0.960293
0.217434	0.0176051	-0.975916
0.217435	0.017605	-0.975916
0.337636	0.0273373	-0.94088
0.337624	0.0273334	-0.940884
0.659152	0.0533698	-0.750114
0.659153	0.0533695	-0.750113
0.937815	0.0759317	-0.33873
0.937814	0.0759323	-0.338733
0.957154	0.0774982	-0.279018
0.984462	0.0797093	-0.156462
0.97274	0.0787602	-0.218113
0.992314	0.080345	-0.0941187
0.992318	0.0803361	-0.0940775
0.747667	0.0605367	-0.661309
0.787577	0.063768	-0.612909
0.888094	0.071906	-0.454004
0.888095	0.0719067	-0.454001
0.85794	0.0694652	-0.509032
0.824371	0.0667472	-0.5621
0.91477	0.0740659	-0.397128
0.704802	0.0570655	-0.707105
0.7048	0.0570658	-0.707107
0.996248	0.0806542	-0.0313837
0.996246	0.0806634	-0.0314253
0.0313055	0.0025347	-0.999507
0.0313066	0.00253454	-0.999507
-0.996738	-0.0807026	-0
-0.996733	-0.0807637	-0

#	Mesh	0	End


COMPONENTFINISH

COMPONENT 0 952348=IfcWall
#	Mesh	0	Begin

#	Vertex	22
65.2844	-58.5286	-3.50837
65.1359	-56.6952	-3.50837
65.1359	-56.6952	-5.04383
65.0422	-55.539	-5.04383
65.0422	-55.539	-6.41737
65.2511	-58.1171	-6.41737
65.2511	-58.1171	-3.51939
65.2672	-58.3164	-3.52039
65.2672	-58.3164	-6.41737
65.2844	-58.5286	-6.41737
65.2844	-58.5286	-3.52838
65.3352	-56.679	-3.50837
65.4838	-58.5124	-3.50837
65.4838	-58.5124	-6.41737
65.4666	-58.3003	-6.41737
65.4666	-58.3003	-3.52039
65.4504	-58.1009	-3.51939
65.4504	-58.1009	-6.41737
65.2415	-55.5228	-6.41737
65.2415	-55.5228	-5.06134
65.2415	-55.5228	-5.04383
65.3352	-56.679	-5.04383

#	Triangle	21
10	8	9	10	7	8	0	7	10
6	4	5
6	2	4
2	3	4
6	1	2
0	6	7
0	1	6
19	17	18
19	21	17
21	16	17	11	16	21
15	13	14	15	12	13
20	21	19
16	12	15
11	12	16
3	18	4	3	19	18	3	20	19	8	15	14	7	15	8
17	6	5	16	6	17
12	9	13	12	10	9	12	0	10
14	9	8	13	9	14	5	18	17	4	18	5
11	0	12	1	0	11	20	2	21	3	2	20
21	1	11	2	1	21
16	7	6	15	7	16

#	Normal	21
-0.996733	-0.0807715	-0
-0.996734	-0.0807598	-0
-0.996736	-0.0807315	2.53388e-005
-0.996733	-0.0807614	0
-0.996734	-0.0807585	0
-0.996733	-0.0807622	0.00016634
-0.996734	-0.0807603	0.000235062
0.996734	0.0807598	0
0.996734	0.0807589	1.71846e-006
0.996734	0.0807606	-0
0.996733	0.08077	0
0.996734	0.0807589	0
0.996733	0.080762	-0.000142221
0.996733	0.0807618	-0.000152806
-0.0807031	0.996738	-0
0.0807031	-0.996738	-0
0.0806837	-0.99674	-0
-0	-0	-1
-0	0	1
-0.0807629	0.996733	-0
-0.000403509	0.0049836	-0.999988

#	Mesh	0	End


COMPONENTFINISH

ALLCOMPONENTFINISH 0