ALLCOMPONENTSTART 6
COMPONENT 6 1921260=IfcMember
#	Mesh	0	Begin

#	Vertex	12
57.7997	79.6591	-10.948
57.7727	79.9932	-10.948
57.5689	82.5098	-9.38295
57.5689	82.5098	-8.93227
57.5715	82.4777	-8.93227
57.7997	79.6591	-10.6852
57.8496	79.6632	-10.948
57.8225	79.9973	-10.948
57.6188	82.5138	-9.38295
57.6188	82.5138	-8.93227
57.6214	82.4818	-8.93227
57.8496	79.6632	-10.6852

#	Triangle	15
5	6	11	0	6	5
0	7	6	1	7	0
1	8	7	2	8	1
2	9	8	3	9	2
3	10	9	4	10	3
4	11	10
5	11	4
4	0	5
4	1	0
4	2	1
3	2	4
7	11	6
7	10	11
8	10	7
8	9	10

#	Normal	15
0.0807823	-0.996732	-0
-0	0	-1
-0.0425611	0.525139	-0.849951
-0.0807823	0.996732	-0
-0	-0	1
0.0424793	-0.525146	0.849951
0.042561	-0.525138	0.849952
-0.996738	-0.0807029	-0
-0.996738	-0.0806998	-4.32432e-006
-0.996738	-0.0807005	-3.41611e-006
-0.996742	-0.0806528	-0
0.996738	0.0806998	-0
0.996738	0.0807016	2.35431e-006
0.996738	0.0806997	4.75579e-006
0.996744	0.0806333	-0

#	Mesh	0	End


COMPONENTFINISH

COMPONENT 6 1921295=IfcMember
#	TMesh	1921260=IfcMember
-0.986982	-0.16088	1.10937e-005	0	-0.16088	0.986982	-5.42265e-006	0	1.00806e-005	7.17391e-006	1.00001	0	129.791	10.5082	-0.000115395	1

COMPONENTFINISH

COMPONENT 6 1922126=IfcMember
#	Mesh	0	Begin

#	Vertex	12
61.2522	67.3581	-10.6921
61.4755	64.6024	-9.16487
61.4783	64.5672	-9.16487
61.4783	64.5672	-9.60235
61.2816	66.9953	-10.948
61.2522	67.3581	-10.948
61.302	67.3621	-10.6921
61.5253	64.6065	-9.16487
61.5282	64.5713	-9.16487
61.5282	64.5713	-9.60235
61.3314	66.9993	-10.948
61.302	67.3621	-10.948

#	Triangle	15
5	6	11	0	6	5
0	7	6
1	7	0
1	8	7	2	8	1
2	9	8	3	9	2
3	10	9	4	10	3
4	11	10	5	11	4
4	0	5
4	1	0
3	1	4
2	1	3
6	10	11
7	10	6
7	9	10
7	8	9

#	Normal	15
-0.0807823	0.996732	-0
-0.0390608	0.481952	0.875327
-0.0390233	0.481955	0.875326
-0	-0	1
0.0807823	-0.996732	-0
0.0390609	-0.481952	-0.875326
-0	0	-1
-0.996733	-0.0807629	0
-0.996733	-0.0807618	-1.43977e-006
-0.996733	-0.0807636	-3.75244e-006
-0.99673	-0.0808099	-0
0.996733	0.0807629	0
0.996733	0.0807618	1.53066e-006
0.996733	0.0807639	4.44282e-006
0.996729	0.0808188	-0

#	Mesh	0	End


COMPONENTFINISH

COMPONENT 6 1922161=IfcMember
#	TMesh	1922126=IfcMember
-0.986953	-0.160992	-4.09967e-006	0	-0.160992	0.986953	-1.50317e-006	0	-4.27539e-006	8.06195e-007	0.999998	0	130.172	10.5473	0.000326157	1

COMPONENTFINISH

COMPONENT 6 1923203=IfcMember
#	TMesh	1922126=IfcMember
-0.986953	-0.161004	6.63363e-006	0	-0.161004	0.986953	3.86496e-007	0	6.61736e-006	6.86982e-007	0.999999	0	153.2	7.65827	-0.00044632	1

COMPONENTFINISH

COMPONENT 6 1923238=IfcMember
#	TMesh	1922126=IfcMember
0.999999	-1.02073e-006	-3.26128e-006	0	1.02073e-006	0.999999	-1.04508e-006	0	3.26211e-006	9.52147e-007	0.999999	0	18.3577	-3.26791	0.00020504	1

COMPONENTFINISH

COMPONENT 6 1929608=IfcMember
#	Mesh	0	Begin

#	Vertex	12
91.599	61.0083	-10.948
91.2551	60.9805	-10.948
89.0074	60.7985	-9.60652
89.0074	60.7985	-9.16487
89.0473	60.8017	-9.16487
91.599	61.0083	-10.6878
91.5949	61.0581	-10.948
91.251	61.0303	-10.948
89.0034	60.8483	-9.60652
89.0034	60.8483	-9.16487
89.0432	60.8515	-9.16487
91.5949	61.0581	-10.6878

#	Triangle	14
5	6	11	0	6	5
0	7	6	1	7	0
1	8	7	2	8	1
2	9	8	3	9	2
3	10	9	4	10	3
4	11	10
5	11	4
4	0	5
4	1	0
4	2	1
3	2	4
7	11	6	7	10	11
8	10	7
8	9	10

#	Normal	14
0.996744	0.0806271	0
-0	-0	-1
-0.509595	-0.0413012	-0.859423
-0.996732	-0.0807823	0
-0	-0	1
0.509595	0.0413012	0.859423
0.509603	0.041222	0.859422
0.080703	-0.996738	-0
0.0807046	-0.996738	2.25521e-006
0.0807037	-0.996738	1.13174e-006
0.0807162	-0.996737	-0
-0.0807028	0.996738	-0
-0.0807037	0.996738	-1.13174e-006
-0.0807162	0.996737	-0

#	Mesh	0	End


COMPONENTFINISH

COMPONENT 6 1929643=IfcMember
#	TMesh	1929608=IfcMember
1	2.76417e-005	4.0269e-006	0	-2.7664e-005	1	-5.32654e-005	0	-4.03794e-006	5.326e-005	1	0	-0.097702	1.22396	0.00287151	1

COMPONENTFINISH

COMPONENT 6 1930650=IfcMember
#	Mesh	0	Begin

#	Vertex	12
91.1975	16.3099	-10.948
91.1661	16.6968	-10.948
90.9715	19.1008	-9.72484
90.9715	19.1008	-9.30427
90.9759	19.0459	-9.30427
91.1975	16.3099	-10.6963
91.2473	16.3139	-10.948
91.216	16.7008	-10.948
91.0213	19.1048	-9.72484
91.0213	19.1048	-9.30427
91.0258	19.0499	-9.30427
91.2473	16.3139	-10.6963

#	Triangle	15
5	6	11	0	6	5
0	7	6	1	7	0
1	8	7
2	8	1
2	9	8	3	9	2
3	10	9	4	10	3
4	11	10	5	11	4
4	0	5
4	1	0
4	2	1
3	2	4
7	11	6
7	10	11
8	10	7
8	9	10

#	Normal	15
0.0807047	-0.996738	-0
-0	0	-1
-0.036503	0.450827	-0.891864
-0.0364973	0.450828	-0.891865
-0.0806921	0.996739	-0
-0	-0	1
0.036503	-0.450827	0.891864
-0.996738	-0.0807028	-0
-0.996739	-0.0806942	-1.44013e-005
-0.996738	-0.0807053	1.63444e-006
-0.996737	-0.0807178	-0
0.996739	0.0806942	-0
0.996739	0.080699	7.46317e-006
0.996739	0.0806936	1.53315e-005
0.996748	0.0805768	-0

#	Mesh	0	End


COMPONENTFINISH

COMPONENT 6 1930685=IfcMember
#	TMesh	1930650=IfcMember
0.99999	-3.8594e-006	6.14687e-006	0	3.85195e-006	0.99999	6.59286e-006	0	-6.14634e-006	-6.58084e-006	0.99999	0	2.24342	0.182034	-0.000772476	1

COMPONENTFINISH

COMPONENT 6 1931693=IfcMember
#	Mesh	0	Begin

#	Vertex	12
64.2135	0.719956	-10.948
64.1836	1.08935	-10.948
64.0035	3.31146	-9.746
64.0035	3.31146	-9.32427
64.0084	3.251	-9.32427
64.2135	0.719956	-10.6934
64.2633	0.723994	-10.948
64.2334	1.09339	-10.948
64.0533	3.3155	-9.746
64.0533	3.3155	-9.32427
64.0582	3.25504	-9.32427
64.2633	0.723994	-10.6934

#	Triangle	15
5	6	11	0	6	5
0	7	6	1	7	0
1	8	7	2	8	1
2	9	8	3	9	2
3	10	9	4	10	3
4	11	10
5	11	4
4	0	5
4	1	0
4	2	1
3	2	4
7	11	6
7	10	11
8	10	7
8	9	10

#	Normal	15
0.0807566	-0.996734	-0
-0	0	-1
-0.0383282	0.473027	-0.880214
-0.0807629	0.996733	-0
-0	-0	1
0.0383282	-0.473027	0.880214
0.0383252	-0.473027	0.880214
-0.996734	-0.0807605	-0
-0.996734	-0.0807587	-2.82485e-006
-0.996734	-0.0807595	-1.78453e-006
-0.996735	-0.0807471	-0
0.996733	0.0807692	-0
0.996733	0.0807652	-5.84424e-006
0.996734	0.0807595	1.78453e-006
0.996735	0.0807471	-0

#	Mesh	0	End


COMPONENTFINISH

COMPONENT 6 1931728=IfcMember
#	TMesh	1931693=IfcMember
1	2.30446e-005	-5.12986e-005	0	-2.30372e-005	1	-3.46595e-006	0	5.13024e-005	3.39792e-006	1	0	2.29307	0.184288	0.00327206	1

COMPONENTFINISH

COMPONENT 6 776115=IfcMember
#	Mesh	0	Begin

#	Vertex	28
68.995	38.3946	-9.13036
68.9452	38.3906	-9.13036
68.9452	38.3906	-9.381
68.995	38.3946	-9.381
68.6349	42.8393	-6.92004
68.5851	42.8352	-6.92004
68.5775	42.9286	-7.32004
68.9133	38.7843	-9.381
68.6273	42.9327	-7.32004
68.9631	38.7883	-9.381
68.538	44.0353	-6.92004
68.4882	44.0313	-6.92004
68.4806	44.1247	-7.32004
68.5304	44.1287	-7.32004
68.1503	48.8197	-4.5408
68.1005	48.8156	-4.5408
68.0929	48.909	-4.9408
68.1428	48.9131	-4.9408
68.0534	50.0157	-4.5408
68.0036	50.0117	-4.5408
67.996	50.1051	-4.9408
68.0459	50.1091	-4.9408
67.6867	54.5417	-2.31027
67.6867	54.5417	-2.7365
67.6369	54.5376	-2.7365
67.6369	54.5376	-2.31027
67.69	54.501	-2.31027
67.6402	54.497	-2.31027

#	Triangle	30
3	1	2	0	1	3
5	0	4	1	0	5	27	18	26
1	7	2
1	6	7
5	6	1
9	6	8	7	6	9
8	3	9
8	0	3
8	4	0
11	4	10	5	4	11	19	14	18	15	14	19	26	25	27	22	25	26
12	5	11
6	5	12
13	6	12	8	6	13	21	16	20	17	16	21	9	2	7	3	2	9
10	8	13	18	17	21	14	17	18
4	8	10
15	10	14	11	10	15
16	11	15	12	11	16
17	12	16	13	12	17
14	13	17	10	13	14
20	15	19
16	15	20
25	23	24	22	23	25
19	18	27
19	24	20
27	24	19
27	25	24
23	20	24	21	20	23
23	18	21
23	26	18
22	26	23

#	Normal	30
0.0807697	-0.996733	-0
0.0358706	-0.442659	0.895972
-0.996734	-0.0807513	-0
-0.996734	-0.0807568	-8.68331e-006
-0.996734	-0.0807562	-1.01899e-005
-0.0358418	0.442661	-0.895972
0.996733	0.0807718	-2.15825e-005
0.996733	0.0807621	-0
0.996733	0.0807652	-7.95901e-006
-0	-0	1
-0.996734	-0.0807551	1.03292e-005
-0.996733	-0.0807619	-1.15085e-005
-0	-0	-1
0.996733	0.0807616	-8.02058e-006
0.996733	0.0807619	-8.74769e-006
0.0358418	-0.442661	0.895972
-0.996733	-0.0807656	7.86529e-006
-0.0358762	0.442658	-0.895972
0.996733	0.0807653	-7.15862e-006
-0.996733	-0.0807619	7.959e-006
-0.996733	-0.0807616	8.80927e-006
-0.0807823	0.996732	-0
0.0358762	-0.442658	0.895972
-0.996733	-0.0807642	7.40293e-006
-0.996734	-0.0807578	-8.74819e-006
-0.996741	-0.0806667	0
-0.0358762	0.442659	-0.895972
0.996733	0.0807642	-7.40293e-006
0.996733	0.0807648	-8.85213e-006
0.996726	0.080857	0

#	Mesh	0	End


COMPONENTFINISH

COMPONENT 6 776306=IfcMember
#	TMesh	776115=IfcMember
1	-1.13994e-006	2.51849e-006	0	1.15484e-006	1	-5.03577e-007	0	-2.51485e-006	5.18916e-007	1	0	2.84053	0.230129	-0.000161648	1

COMPONENTFINISH

COMPONENT 6 783021=IfcMember
#	Mesh	0	Begin

#	Vertex	26
85.2926	20.6239	-9.13036
85.3425	20.6279	-9.13036
85.3425	20.6279	-9.381
85.2926	20.6239	-9.381
85.6525	16.1792	-6.92004
85.7023	16.1832	-6.92004
85.7099	16.0898	-7.32004
85.3744	20.2342	-9.381
85.6601	16.0858	-7.32004
85.3245	20.2301	-9.381
85.7494	14.9831	-6.92004
85.7992	14.9871	-6.92004
85.8068	14.8937	-7.32004
85.7569	14.8897	-7.32004
86.1367	10.1987	-4.5408
86.1866	10.2028	-4.5408
86.1941	10.1094	-4.9408
86.1443	10.1054	-4.9408
86.2333	9.00577	-4.5408
86.2831	9.0098	-4.5408
86.2906	8.91743	-4.9408
86.2408	8.9134	-4.9408
86.5552	5.03062	-2.58799
86.5552	5.03062	-3.03337
86.605	5.03465	-3.03337
86.605	5.03465	-2.58799

#	Triangle	28
3	1	2	0	1	3
5	0	4	1	0	5	11	10	15
1	7	2
1	6	7
5	6	1
9	6	8	7	6	9	13	12	17
8	3	9
8	0	3	22	21	23
8	4	0
11	4	10	5	4	11	19	14	18	15	14	19
12	5	11	6	5	12
13	6	12	8	6	13	21	16	20	17	16	21	9	2	7	3	2	9
10	8	13	4	8	10
15	10	14
16	11	15	12	11	16
17	12	16
14	13	17
10	13	14
20	15	19
16	15	20
18	17	21
14	17	18
25	23	24	22	23	25
25	18	22	19	18	25
24	19	25
20	19	24
23	20	24	21	20	23
18	21	22

#	Normal	28
-0.0807047	0.996738	-0
-0.0358418	0.442661	0.895972
0.996739	0.0806924	0
0.996739	0.0806983	-9.28789e-006
0.996738	0.080703	2.52904e-006
0.0358418	-0.442661	-0.895972
-0.996739	-0.0806924	2.11772e-005
-0.996738	-0.080702	0
-0.996738	-0.080703	-2.52904e-006
0	-0	1
0.996738	0.0807031	2.49195e-006
-0	0	-1
-0.996738	-0.0807031	-2.49195e-006
-0.0358331	0.442662	0.895972
0.996738	0.0807042	2.23272e-006
0.0358362	-0.442662	-0.895972
-0.996739	-0.0806941	1.50457e-005
-0.996738	-0.0807042	-2.22927e-006
0.996739	0.0806981	1.44861e-005
0.996738	0.0807017	2.82591e-006
-0.996738	-0.0807082	-1.21395e-005
-0.996739	-0.080698	1.5976e-005
0.0807047	-0.996738	-0
-0.035491	0.438329	0.898113
0.996738	0.0807037	-0
0.996738	0.0807083	1.21119e-005
0.035491	-0.438329	-0.898113
-0.996738	-0.0807095	-1.18305e-005

#	Mesh	0	End


COMPONENTFINISH

COMPONENT 6 783203=IfcMember
#	TMesh	783021=IfcMember
-0.986976	-0.160877	6.76481e-006	0	-0.160877	0.986976	4.49277e-007	0	6.74937e-006	6.3457e-007	1	0	170.002	13.7642	-0.000534534	1

COMPONENTFINISH

COMPONENT 6 790022=IfcMember
#	Mesh	0	Begin

#	Vertex	28
64.3515	55.0588	-16.2545
64.4013	55.0629	-16.2545
64.4013	55.0629	-16.507
64.3515	55.0588	-16.507
64.7122	50.6041	-13.947
64.762	50.6082	-13.947
64.7699	50.5113	-14.347
64.4322	54.6812	-16.507
64.72	50.5073	-14.347
64.3824	54.6772	-16.507
64.809	49.408	-13.947
64.8589	49.4121	-13.947
64.8667	49.3152	-14.347
64.8169	49.3112	-14.347
65.1964	44.6237	-11.4687
65.2462	44.6277	-11.4687
65.2541	44.5309	-11.8687
65.2042	44.5269	-11.8687
65.2937	43.4216	-11.4687
65.3436	43.4256	-11.4687
65.3516	43.3265	-11.8687
65.3018	43.3225	-11.8687
65.6503	39.0181	-9.30027
65.6503	39.0181	-9.58093
65.7001	39.0221	-9.58093
65.7001	39.0221	-9.30027
65.6241	39.3417	-9.30027
65.6739	39.3457	-9.30027

#	Triangle	27
3	1	2	0	1	3
5	0	4	15	10	14	11	10	15
1	0	5
1	7	2
1	6	7
5	6	1
9	6	8	13	12	17
7	6	9	17	12	16
8	3	9	8	4	0
8	0	3
11	4	10	5	4	11	19	14	18	15	14	19	26	25	27	22	25	26
12	5	11	6	5	12
13	6	12	8	6	13	21	16	20	17	16	21	9	2	7	3	2	9
10	8	13	4	8	10	14	17	18
16	11	15
12	11	16
14	13	17	10	13	14
20	15	19
16	15	20
18	17	21
25	23	24	22	23	25
27	18	26	19	18	27
19	24	20	27	24	19
27	25	24
23	20	24	21	20	23
23	18	21	23	26	18
22	26	23

#	Normal	27
-0.0806984	0.996739	-0
-0.0370246	0.457269	0.888557
-0.0370217	0.45727	0.888557
0.996738	0.0807005	0
0.996738	0.0807013	-1.13614e-006
0.996738	0.0807	-4.12874e-006
0.0370246	-0.457269	-0.888557
0.0370217	-0.45727	-0.888557
-0.996738	-0.0807005	4.38982e-006
-0.996738	-0.0807026	0
0	-0	1
0.996738	0.0807031	-4.87843e-006
-0	0	-1
-0.996738	-0.0807031	4.87843e-006
0.996738	0.0807046	4.48933e-006
0.996738	0.0807009	-4.33476e-006
-0.996738	-0.0807002	4.15967e-006
0.996738	0.0807026	1.94692e-006
0.996738	0.0807015	5.23778e-006
-0.996738	-0.0807048	-1.39669e-006
0.0807047	-0.996738	-0
-0.0377807	0.466608	0.883657
0.996738	0.0807037	1.66891e-006
0.996738	0.0807054	-0
0.0377807	-0.466608	-0.883657
-0.996738	-0.0807037	-1.66891e-006
-0.996738	-0.0807054	-0

#	Mesh	0	End


COMPONENTFINISH

COMPONENT 6 790213=IfcMember
#	TMesh	790022=IfcMember
-0.986973	-0.16089	-1.93695e-005	0	-0.16089	0.986973	-1.44333e-006	0	-1.93376e-005	-1.73286e-006	1	0	134.729	10.9092	0.00139999	1

COMPONENTFINISH

COMPONENT 6 797069=IfcMember
#	TMesh	790022=IfcMember
-0.986974	-0.160883	-8.06236e-006	0	-0.160883	0.986974	-6.77771e-007	0	-8.06299e-006	-6.3002e-007	1	0	160.112	12.9615	0.000610352	1

COMPONENTFINISH

COMPONENT 6 797260=IfcMember
#	TMesh	790022=IfcMember
1	-9.33558e-006	-1.45189e-005	0	9.32813e-006	1	-1.11075e-006	0	1.45208e-005	1.07725e-006	1	0	21.296	1.72249	0.000998497	1

COMPONENTFINISH

COMPONENT 6 804180=IfcMember
#	Mesh	0	Begin

#	Vertex	28
89.996	3.96101	-16.3715
89.9462	3.95697	-16.3715
89.9462	3.95697	-16.623
89.996	3.96101	-16.623
89.6358	8.4103	-14.1176
89.586	8.40627	-14.1176
89.5783	8.50121	-14.5176
89.9148	4.34514	-16.623
89.6281	8.50525	-14.5176
89.9646	4.34917	-16.623
89.539	9.60639	-14.1176
89.4891	9.60235	-14.1176
89.4814	9.6973	-14.5176
89.5313	9.70133	-14.5176
89.1516	14.3907	-11.6939
89.1018	14.3867	-11.6939
89.0941	14.4816	-12.0939
89.1439	14.4857	-12.0939
89.0551	15.5827	-11.6939
89.0053	15.5786	-11.6939
88.9977	15.6722	-12.0939
89.0475	15.6762	-12.0939
88.6584	20.4826	-9.27027
88.6584	20.4826	-9.69936
88.6085	20.4785	-9.69936
88.6085	20.4785	-9.27027
88.6612	20.4474	-9.27027
88.6114	20.4434	-9.27027

#	Triangle	31
3	1	2	0	1	3
5	0	4	11	10	15
1	0	5
1	7	2
1	6	7
5	6	1
9	6	8	7	6	9	17	12	16	13	12	17
8	3	9
8	0	3
8	4	0
11	4	10	5	4	11	19	14	18	15	14	19	26	25	27	22	25	26
12	5	11	6	5	12
13	6	12	8	6	13	21	16	20	17	16	21	9	2	7	3	2	9
10	8	13	4	8	10
15	10	14
16	11	15	12	11	16	16	15	20
14	13	17	10	13	14
20	15	19
18	17	21
14	17	18
25	23	24	22	23	25
27	18	26
19	18	27
19	24	20
27	24	19
27	25	24
23	20	24
21	20	23
23	18	21
23	26	18
22	26	23

#	Normal	31
0.0806998	-0.996738	-0
0.0363761	-0.449261	0.89266
0.0363739	-0.449261	0.89266
-0.99674	-0.0806855	-0
-0.996739	-0.0806936	-1.25337e-005
-0.996739	-0.0806989	5.31272e-007
-0.0363761	0.449261	-0.89266
0.99674	0.0806854	2.86619e-005
0.996739	0.0806986	-0
0.996739	0.0806989	-5.3221e-007
-0	-0	1
-0.996739	-0.0806966	1.05958e-006
-0	-0	-1
0.996739	0.0806966	-1.05958e-006
0.0363674	-0.449262	0.89266
-0.996738	-0.0807001	4.38948e-007
0.996738	0.0807	-2.59585e-007
-0.996739	-0.0806965	1.20465e-005
0.996738	0.0807001	-1.12012e-005
0.996739	0.0806965	-1.10628e-006
-0.0806921	0.996739	-0
0.0358774	-0.443316	0.895647
0.0358946	-0.443314	0.895647
-0.996738	-0.0807047	1.0123e-005
-0.996738	-0.0807057	1.26394e-005
-0.996726	-0.080859	0
-0.035889	0.443315	-0.895647
-0.0358946	0.443314	-0.895647
0.996738	0.0807032	-1.04624e-005
0.996739	0.0806969	5.15215e-006
0.996744	0.0806345	0

#	Mesh	0	End


COMPONENTFINISH

COMPONENT 6 804371=IfcMember
#	TMesh	804180=IfcMember
1	3.15905e-006	-1.1565e-005	0	-3.15905e-006	1	-1.04022e-006	0	1.15688e-005	9.99585e-007	1	0	2.04346	0.164974	0.00097847	1

COMPONENTFINISH

COMPONENT 6 811323=IfcMember
#	TMesh	804180=IfcMember
1	-9.61125e-007	3.30303e-006	0	9.61125e-007	1	3.13682e-007	0	-3.29693e-006	-3.41485e-007	1	0	-23.3707	-1.89046	-0.000255585	1

COMPONENTFINISH

COMPONENT 6 811514=IfcMember
#	TMesh	804180=IfcMember
-0.986973	-0.160885	2.14592e-005	0	-0.160885	0.986973	2.17359e-006	0	2.15285e-005	1.2952e-006	0.999999	0	158.08	12.8013	-0.00200748	1

COMPONENTFINISH

ALLCOMPONENTFINISH 6