ALLCOMPONENTSTART 3
COMPONENT 3 1663462=IfcSlab
#	Mesh	0	Begin

#	Vertex	8
68.7837	-133.087	5.473
89.9546	-131.373	5.473
90.2781	-135.366	5.473
69.1071	-137.081	5.473
68.7837	-133.087	4.973
89.9546	-131.373	4.973
90.2781	-135.366	4.973
69.1071	-137.081	4.973

#	Triangle	6
3	4	7	0	4	3
0	5	4	1	5	0
1	6	5	2	6	1
2	7	6	3	7	2
3	1	0	2	1	3
4	6	7	5	6	4

#	Normal	6
-0.996738	-0.0807018	-0
-0.080702	0.996738	-0
0.996734	0.0807605	0
0.0807614	-0.996733	-0
-0	-0	1
0	-0	-1

#	Mesh	0	End


COMPONENTFINISH

COMPONENT 3 19261=IfcSlab
#	Mesh	0	Begin

#	Vertex	1536
-124.618	92.6648	-2.27
-124.618	92.6648	-2.82
-295.918	92.6648	-2.82
-295.918	92.6648	-2.27
-295.918	114.365	-2.82
-295.918	114.365	-2.27
-267.178	114.365	-2.82
-267.178	114.365	-2.27
-267.178	118.065	-2.82
-267.178	118.065	-2.27
-124.618	118.065	-2.82
-124.618	118.065	-2.27
-170.829	101.245	-2.27
-170.829	101.315	-2.27
-170.712	101.315	-2.27
-170.712	105.485	-2.27
-182.719	105.485	-2.27
-182.719	101.245	-2.27
-151.382	101.245	-2.27
-140.412	101.245	-2.27
-140.412	105.485	-2.27
-149.281	105.485	-2.27
-149.281	103.341	-2.27
-152.682	103.341	-2.27
-152.682	101.315	-2.27
-151.382	101.315	-2.27
-229.422	103.668	-2.27
-229.422	104.848	-2.27
-229.827	104.848	-2.27
-229.827	103.668	-2.27
-228.221	103.668	-2.27
-227.837	103.668	-2.27
-227.837	104.848	-2.27
-228.221	104.848	-2.27
-228.122	105.815	-2.27
-227.821	105.815	-2.27
-227.821	106.115	-2.27
-228.122	106.115	-2.27
-271.322	108.11	-2.27
-270.221	108.11	-2.27
-270.221	109.215	-2.27
-271.322	109.215	-2.27
-272.122	108.11	-2.27
-272.122	109.215	-2.27
-274.52	109.215	-2.27
-274.52	108.11	-2.27
-268.527	101.415	-2.27
-268.527	102.915	-2.27
-268.921	102.915	-2.27
-268.921	101.415	-2.27
-235.222	97.7148	-2.27
-235.222	98.8148	-2.27
-236.321	98.8148	-2.27
-236.321	97.7148	-2.27
-234.837	97.7187	-2.27
-233.727	97.7187	-2.27
-233.727	98.8148	-2.27
-234.837	98.8148	-2.27
-232.795	98.7307	-2.27
-232.395	98.7307	-2.27
-232.395	99.0307	-2.27
-232.795	99.0307	-2.27
-224.992	107.415	-2.27
-225.292	107.415	-2.27
-225.292	107.213	-2.27
-224.992	107.213	-2.27
-205.223	105.215	-2.27
-206.821	105.215	-2.27
-206.821	103.215	-2.27
-205.223	103.215	-2.27
-205.226	108.515	-2.27
-206.821	108.515	-2.27
-206.821	106.521	-2.27
-205.226	106.521	-2.27
-205.328	110.265	-2.27
-206.222	110.265	-2.27
-206.222	109.971	-2.27
-205.328	109.971	-2.27
-232.988	117.965	-2.27
-232.988	117.665	-2.27
-231.988	117.665	-2.27
-231.988	117.965	-2.27
-215.971	105.886	-2.27
-215.954	105.891	-2.27
-215.938	105.898	-2.27
-215.924	105.908	-2.27
-215.912	105.921	-2.27
-215.902	105.935	-2.27
-215.894	105.951	-2.27
-215.89	105.967	-2.27
-215.888	105.985	-2.27
-215.89	106.002	-2.27
-215.894	106.019	-2.27
-215.902	106.035	-2.27
-215.912	106.049	-2.27
-215.924	106.061	-2.27
-215.938	106.071	-2.27
-215.954	106.079	-2.27
-215.971	106.083	-2.27
-215.988	106.085	-2.27
-216.006	106.083	-2.27
-216.023	106.079	-2.27
-216.038	106.071	-2.27
-216.053	106.061	-2.27
-216.065	106.049	-2.27
-216.075	106.035	-2.27
-216.082	106.019	-2.27
-216.087	106.002	-2.27
-216.088	105.985	-2.27
-216.087	105.967	-2.27
-216.082	105.951	-2.27
-216.075	105.935	-2.27
-216.065	105.921	-2.27
-216.053	105.908	-2.27
-216.038	105.898	-2.27
-216.023	105.891	-2.27
-216.006	105.886	-2.27
-215.988	105.885	-2.27
-215.971	105.266	-2.27
-215.954	105.271	-2.27
-215.938	105.278	-2.27
-215.924	105.288	-2.27
-215.912	105.301	-2.27
-215.902	105.315	-2.27
-215.894	105.331	-2.27
-215.89	105.347	-2.27
-215.888	105.365	-2.27
-215.89	105.382	-2.27
-215.894	105.399	-2.27
-215.902	105.415	-2.27
-215.912	105.429	-2.27
-215.924	105.441	-2.27
-215.938	105.451	-2.27
-215.954	105.459	-2.27
-215.971	105.463	-2.27
-215.988	105.465	-2.27
-216.006	105.463	-2.27
-216.023	105.459	-2.27
-216.038	105.451	-2.27
-216.053	105.441	-2.27
-216.065	105.429	-2.27
-216.075	105.415	-2.27
-216.082	105.399	-2.27
-216.087	105.382	-2.27
-216.088	105.365	-2.27
-216.087	105.347	-2.27
-216.082	105.331	-2.27
-216.075	105.315	-2.27
-216.065	105.301	-2.27
-216.053	105.288	-2.27
-216.038	105.278	-2.27
-216.023	105.271	-2.27
-216.006	105.266	-2.27
-215.988	105.265	-2.27
-215.971	104.566	-2.27
-215.954	104.571	-2.27
-215.938	104.578	-2.27
-215.924	104.588	-2.27
-215.912	104.601	-2.27
-215.902	104.615	-2.27
-215.894	104.631	-2.27
-215.89	104.647	-2.27
-215.888	104.665	-2.27
-215.89	104.682	-2.27
-215.894	104.699	-2.27
-215.902	104.715	-2.27
-215.912	104.729	-2.27
-215.924	104.741	-2.27
-215.938	104.751	-2.27
-215.954	104.759	-2.27
-215.971	104.763	-2.27
-215.988	104.765	-2.27
-216.006	104.763	-2.27
-216.023	104.759	-2.27
-216.038	104.751	-2.27
-216.053	104.741	-2.27
-216.065	104.729	-2.27
-216.075	104.715	-2.27
-216.082	104.699	-2.27
-216.087	104.682	-2.27
-216.088	104.665	-2.27
-216.087	104.647	-2.27
-216.082	104.631	-2.27
-216.075	104.615	-2.27
-216.065	104.601	-2.27
-216.053	104.588	-2.27
-216.038	104.578	-2.27
-216.023	104.571	-2.27
-216.006	104.566	-2.27
-215.988	104.565	-2.27
-215.971	104.066	-2.27
-215.954	104.071	-2.27
-215.938	104.078	-2.27
-215.924	104.088	-2.27
-215.912	104.101	-2.27
-215.902	104.115	-2.27
-215.894	104.131	-2.27
-215.89	104.147	-2.27
-215.888	104.165	-2.27
-215.89	104.182	-2.27
-215.894	104.199	-2.27
-215.902	104.215	-2.27
-215.912	104.229	-2.27
-215.924	104.241	-2.27
-215.938	104.251	-2.27
-215.954	104.259	-2.27
-215.971	104.263	-2.27
-215.988	104.265	-2.27
-216.006	104.263	-2.27
-216.023	104.259	-2.27
-216.038	104.251	-2.27
-216.053	104.241	-2.27
-216.065	104.229	-2.27
-216.075	104.215	-2.27
-216.082	104.199	-2.27
-216.087	104.182	-2.27
-216.088	104.165	-2.27
-216.087	104.147	-2.27
-216.082	104.131	-2.27
-216.075	104.115	-2.27
-216.065	104.101	-2.27
-216.053	104.088	-2.27
-216.038	104.078	-2.27
-216.023	104.071	-2.27
-216.006	104.066	-2.27
-215.988	104.065	-2.27
-215.971	103.816	-2.27
-215.954	103.821	-2.27
-215.938	103.828	-2.27
-215.924	103.838	-2.27
-215.912	103.851	-2.27
-215.902	103.865	-2.27
-215.894	103.881	-2.27
-215.89	103.897	-2.27
-215.888	103.915	-2.27
-215.89	103.932	-2.27
-215.894	103.949	-2.27
-215.902	103.965	-2.27
-215.912	103.979	-2.27
-215.924	103.991	-2.27
-215.938	104.001	-2.27
-215.954	104.009	-2.27
-215.971	104.013	-2.27
-215.988	104.015	-2.27
-216.006	104.013	-2.27
-216.023	104.009	-2.27
-216.038	104.001	-2.27
-216.053	103.991	-2.27
-216.065	103.979	-2.27
-216.075	103.965	-2.27
-216.082	103.949	-2.27
-216.087	103.932	-2.27
-216.088	103.915	-2.27
-216.087	103.897	-2.27
-216.082	103.881	-2.27
-216.075	103.865	-2.27
-216.065	103.851	-2.27
-216.053	103.838	-2.27
-216.038	103.828	-2.27
-216.023	103.821	-2.27
-216.006	103.816	-2.27
-215.988	103.815	-2.27
-215.971	103.566	-2.27
-215.954	103.571	-2.27
-215.938	103.578	-2.27
-215.924	103.588	-2.27
-215.912	103.601	-2.27
-215.902	103.615	-2.27
-215.894	103.631	-2.27
-215.89	103.647	-2.27
-215.888	103.665	-2.27
-215.89	103.682	-2.27
-215.894	103.699	-2.27
-215.902	103.715	-2.27
-215.912	103.729	-2.27
-215.924	103.741	-2.27
-215.938	103.751	-2.27
-215.954	103.759	-2.27
-215.971	103.763	-2.27
-215.988	103.765	-2.27
-216.006	103.763	-2.27
-216.023	103.759	-2.27
-216.038	103.751	-2.27
-216.053	103.741	-2.27
-216.065	103.729	-2.27
-216.075	103.715	-2.27
-216.082	103.699	-2.27
-216.087	103.682	-2.27
-216.088	103.665	-2.27
-216.087	103.647	-2.27
-216.082	103.631	-2.27
-216.075	103.615	-2.27
-216.065	103.601	-2.27
-216.053	103.588	-2.27
-216.038	103.578	-2.27
-216.023	103.571	-2.27
-216.006	103.566	-2.27
-215.988	103.565	-2.27
-215.971	103.266	-2.27
-215.954	103.271	-2.27
-215.938	103.278	-2.27
-215.924	103.288	-2.27
-215.912	103.301	-2.27
-215.902	103.315	-2.27
-215.894	103.331	-2.27
-215.89	103.347	-2.27
-215.888	103.365	-2.27
-215.89	103.382	-2.27
-215.894	103.399	-2.27
-215.902	103.415	-2.27
-215.912	103.429	-2.27
-215.924	103.441	-2.27
-215.938	103.451	-2.27
-215.954	103.459	-2.27
-215.971	103.463	-2.27
-215.988	103.465	-2.27
-216.006	103.463	-2.27
-216.023	103.459	-2.27
-216.038	103.451	-2.27
-216.053	103.441	-2.27
-216.065	103.429	-2.27
-216.075	103.415	-2.27
-216.082	103.399	-2.27
-216.087	103.382	-2.27
-216.088	103.365	-2.27
-216.087	103.347	-2.27
-216.082	103.331	-2.27
-216.075	103.315	-2.27
-216.065	103.301	-2.27
-216.053	103.288	-2.27
-216.038	103.278	-2.27
-216.023	103.271	-2.27
-216.006	103.266	-2.27
-215.988	103.265	-2.27
-213.321	103.716	-2.27
-213.304	103.721	-2.27
-213.288	103.728	-2.27
-213.274	103.738	-2.27
-213.262	103.751	-2.27
-213.252	103.765	-2.27
-213.245	103.781	-2.27
-213.24	103.797	-2.27
-213.238	103.815	-2.27
-213.24	103.832	-2.27
-213.245	103.849	-2.27
-213.252	103.865	-2.27
-213.262	103.879	-2.27
-213.274	103.891	-2.27
-213.288	103.901	-2.27
-213.304	103.909	-2.27
-213.321	103.913	-2.27
-213.338	103.915	-2.27
-213.356	103.913	-2.27
-213.373	103.909	-2.27
-213.388	103.901	-2.27
-213.403	103.891	-2.27
-213.415	103.879	-2.27
-213.425	103.865	-2.27
-213.432	103.849	-2.27
-213.437	103.832	-2.27
-213.438	103.815	-2.27
-213.437	103.797	-2.27
-213.432	103.781	-2.27
-213.425	103.765	-2.27
-213.415	103.751	-2.27
-213.403	103.738	-2.27
-213.388	103.728	-2.27
-213.373	103.721	-2.27
-213.356	103.716	-2.27
-213.338	103.715	-2.27
-212.381	103.496	-2.27
-212.364	103.501	-2.27
-212.348	103.508	-2.27
-212.334	103.518	-2.27
-212.322	103.531	-2.27
-212.312	103.545	-2.27
-212.304	103.561	-2.27
-212.3	103.577	-2.27
-212.298	103.595	-2.27
-212.3	103.612	-2.27
-212.304	103.629	-2.27
-212.312	103.645	-2.27
-212.322	103.659	-2.27
-212.334	103.671	-2.27
-212.348	103.681	-2.27
-212.364	103.689	-2.27
-212.381	103.693	-2.27
-212.398	103.695	-2.27
-212.416	103.693	-2.27
-212.433	103.689	-2.27
-212.448	103.681	-2.27
-212.463	103.671	-2.27
-212.475	103.659	-2.27
-212.485	103.645	-2.27
-212.492	103.629	-2.27
-212.497	103.612	-2.27
-212.498	103.595	-2.27
-212.497	103.577	-2.27
-212.492	103.561	-2.27
-212.485	103.545	-2.27
-212.475	103.531	-2.27
-212.463	103.518	-2.27
-212.448	103.508	-2.27
-212.433	103.501	-2.27
-212.416	103.496	-2.27
-212.398	103.495	-2.27
-211.841	104.426	-2.27
-211.824	104.431	-2.27
-211.808	104.438	-2.27
-211.794	104.448	-2.27
-211.782	104.461	-2.27
-211.772	104.475	-2.27
-211.765	104.491	-2.27
-211.76	104.507	-2.27
-211.758	104.525	-2.27
-211.76	104.542	-2.27
-211.765	104.559	-2.27
-211.772	104.575	-2.27
-211.782	104.589	-2.27
-211.794	104.601	-2.27
-211.808	104.611	-2.27
-211.824	104.619	-2.27
-211.841	104.623	-2.27
-211.858	104.625	-2.27
-211.876	104.623	-2.27
-211.893	104.619	-2.27
-211.908	104.611	-2.27
-211.923	104.601	-2.27
-211.935	104.589	-2.27
-211.945	104.575	-2.27
-211.952	104.559	-2.27
-211.957	104.542	-2.27
-211.958	104.525	-2.27
-211.957	104.507	-2.27
-211.952	104.491	-2.27
-211.945	104.475	-2.27
-211.935	104.461	-2.27
-211.923	104.448	-2.27
-211.908	104.438	-2.27
-211.893	104.431	-2.27
-211.876	104.426	-2.27
-211.858	104.425	-2.27
-211.841	105.326	-2.27
-211.824	105.331	-2.27
-211.808	105.338	-2.27
-211.794	105.348	-2.27
-211.782	105.361	-2.27
-211.772	105.375	-2.27
-211.765	105.391	-2.27
-211.76	105.407	-2.27
-211.758	105.425	-2.27
-211.76	105.442	-2.27
-211.765	105.459	-2.27
-211.772	105.475	-2.27
-211.782	105.489	-2.27
-211.794	105.501	-2.27
-211.808	105.511	-2.27
-211.824	105.519	-2.27
-211.841	105.523	-2.27
-211.858	105.525	-2.27
-211.876	105.523	-2.27
-211.893	105.519	-2.27
-211.908	105.511	-2.27
-211.923	105.501	-2.27
-211.935	105.489	-2.27
-211.945	105.475	-2.27
-211.952	105.459	-2.27
-211.957	105.442	-2.27
-211.958	105.425	-2.27
-211.957	105.407	-2.27
-211.952	105.391	-2.27
-211.945	105.375	-2.27
-211.935	105.361	-2.27
-211.923	105.348	-2.27
-211.908	105.338	-2.27
-211.893	105.331	-2.27
-211.876	105.326	-2.27
-211.858	105.325	-2.27
-213.321	105.516	-2.27
-213.304	105.521	-2.27
-213.288	105.528	-2.27
-213.274	105.538	-2.27
-213.262	105.551	-2.27
-213.252	105.565	-2.27
-213.245	105.581	-2.27
-213.24	105.597	-2.27
-213.238	105.615	-2.27
-213.24	105.632	-2.27
-213.245	105.649	-2.27
-213.252	105.665	-2.27
-213.262	105.679	-2.27
-213.274	105.691	-2.27
-213.288	105.701	-2.27
-213.304	105.709	-2.27
-213.321	105.713	-2.27
-213.338	105.715	-2.27
-213.356	105.713	-2.27
-213.373	105.709	-2.27
-213.388	105.701	-2.27
-213.403	105.691	-2.27
-213.415	105.679	-2.27
-213.425	105.665	-2.27
-213.432	105.649	-2.27
-213.437	105.632	-2.27
-213.438	105.615	-2.27
-213.437	105.597	-2.27
-213.432	105.581	-2.27
-213.425	105.565	-2.27
-213.415	105.551	-2.27
-213.403	105.538	-2.27
-213.388	105.528	-2.27
-213.373	105.521	-2.27
-213.356	105.516	-2.27
-213.338	105.515	-2.27
-213.321	104.616	-2.27
-213.304	104.621	-2.27
-213.288	104.628	-2.27
-213.274	104.638	-2.27
-213.262	104.651	-2.27
-213.252	104.665	-2.27
-213.245	104.681	-2.27
-213.24	104.697	-2.27
-213.238	104.715	-2.27
-213.24	104.732	-2.27
-213.245	104.749	-2.27
-213.252	104.765	-2.27
-213.262	104.779	-2.27
-213.274	104.791	-2.27
-213.288	104.801	-2.27
-213.304	104.809	-2.27
-213.321	104.813	-2.27
-213.338	104.815	-2.27
-213.356	104.813	-2.27
-213.373	104.809	-2.27
-213.388	104.801	-2.27
-213.403	104.791	-2.27
-213.415	104.779	-2.27
-213.425	104.765	-2.27
-213.432	104.749	-2.27
-213.437	104.732	-2.27
-213.438	104.715	-2.27
-213.437	104.697	-2.27
-213.432	104.681	-2.27
-213.425	104.665	-2.27
-213.415	104.651	-2.27
-213.403	104.638	-2.27
-213.388	104.628	-2.27
-213.373	104.621	-2.27
-213.356	104.616	-2.27
-213.338	104.615	-2.27
-214.001	107.116	-2.27
-213.984	107.121	-2.27
-213.968	107.128	-2.27
-213.954	107.138	-2.27
-213.942	107.151	-2.27
-213.932	107.165	-2.27
-213.924	107.181	-2.27
-213.92	107.197	-2.27
-213.918	107.215	-2.27
-213.92	107.232	-2.27
-213.924	107.249	-2.27
-213.932	107.265	-2.27
-213.942	107.279	-2.27
-213.954	107.291	-2.27
-213.968	107.301	-2.27
-213.984	107.309	-2.27
-214.001	107.313	-2.27
-214.018	107.315	-2.27
-214.036	107.313	-2.27
-214.053	107.309	-2.27
-214.068	107.301	-2.27
-214.083	107.291	-2.27
-214.095	107.279	-2.27
-214.105	107.265	-2.27
-214.112	107.249	-2.27
-214.117	107.232	-2.27
-214.118	107.215	-2.27
-214.117	107.197	-2.27
-214.112	107.181	-2.27
-214.105	107.165	-2.27
-214.095	107.151	-2.27
-214.083	107.138	-2.27
-214.068	107.128	-2.27
-214.053	107.121	-2.27
-214.036	107.116	-2.27
-214.018	107.115	-2.27
-208.801	105.191	-2.27
-208.784	105.196	-2.27
-208.768	105.203	-2.27
-208.754	105.213	-2.27
-208.742	105.226	-2.27
-208.732	105.24	-2.27
-208.725	105.256	-2.27
-208.72	105.272	-2.27
-208.718	105.29	-2.27
-208.72	105.307	-2.27
-208.725	105.324	-2.27
-208.732	105.34	-2.27
-208.742	105.354	-2.27
-208.754	105.366	-2.27
-208.768	105.376	-2.27
-208.784	105.384	-2.27
-208.801	105.388	-2.27
-208.818	105.39	-2.27
-208.836	105.388	-2.27
-208.853	105.384	-2.27
-208.868	105.376	-2.27
-208.883	105.366	-2.27
-208.895	105.354	-2.27
-208.905	105.34	-2.27
-208.912	105.324	-2.27
-208.917	105.307	-2.27
-208.918	105.29	-2.27
-208.917	105.272	-2.27
-208.912	105.256	-2.27
-208.905	105.24	-2.27
-208.895	105.226	-2.27
-208.883	105.213	-2.27
-208.868	105.203	-2.27
-208.853	105.196	-2.27
-208.836	105.191	-2.27
-208.818	105.19	-2.27
-208.801	104.791	-2.27
-208.784	104.796	-2.27
-208.768	104.803	-2.27
-208.754	104.813	-2.27
-208.742	104.826	-2.27
-208.732	104.84	-2.27
-208.725	104.856	-2.27
-208.72	104.872	-2.27
-208.718	104.89	-2.27
-208.72	104.907	-2.27
-208.725	104.924	-2.27
-208.732	104.94	-2.27
-208.742	104.954	-2.27
-208.754	104.966	-2.27
-208.768	104.976	-2.27
-208.784	104.984	-2.27
-208.801	104.988	-2.27
-208.818	104.99	-2.27
-208.836	104.988	-2.27
-208.853	104.984	-2.27
-208.868	104.976	-2.27
-208.883	104.966	-2.27
-208.895	104.954	-2.27
-208.905	104.94	-2.27
-208.912	104.924	-2.27
-208.917	104.907	-2.27
-208.918	104.89	-2.27
-208.917	104.872	-2.27
-208.912	104.856	-2.27
-208.905	104.84	-2.27
-208.895	104.826	-2.27
-208.883	104.813	-2.27
-208.868	104.803	-2.27
-208.853	104.796	-2.27
-208.836	104.791	-2.27
-208.818	104.79	-2.27
-208.801	104.231	-2.27
-208.784	104.236	-2.27
-208.768	104.243	-2.27
-208.754	104.253	-2.27
-208.742	104.266	-2.27
-208.732	104.28	-2.27
-208.725	104.296	-2.27
-208.72	104.312	-2.27
-208.718	104.33	-2.27
-208.72	104.347	-2.27
-208.725	104.364	-2.27
-208.732	104.38	-2.27
-208.742	104.394	-2.27
-208.754	104.406	-2.27
-208.768	104.416	-2.27
-208.784	104.424	-2.27
-208.801	104.428	-2.27
-208.818	104.43	-2.27
-208.836	104.428	-2.27
-208.853	104.424	-2.27
-208.868	104.416	-2.27
-208.883	104.406	-2.27
-208.895	104.394	-2.27
-208.905	104.38	-2.27
-208.912	104.364	-2.27
-208.917	104.347	-2.27
-208.918	104.33	-2.27
-208.917	104.312	-2.27
-208.912	104.296	-2.27
-208.905	104.28	-2.27
-208.895	104.266	-2.27
-208.883	104.253	-2.27
-208.868	104.243	-2.27
-208.853	104.236	-2.27
-208.836	104.231	-2.27
-208.818	104.23	-2.27
-208.801	103.521	-2.27
-208.784	103.526	-2.27
-208.768	103.533	-2.27
-208.754	103.543	-2.27
-208.742	103.556	-2.27
-208.732	103.57	-2.27
-208.725	103.586	-2.27
-208.72	103.602	-2.27
-208.718	103.62	-2.27
-208.72	103.637	-2.27
-208.725	103.654	-2.27
-208.732	103.67	-2.27
-208.742	103.684	-2.27
-208.754	103.696	-2.27
-208.768	103.706	-2.27
-208.784	103.714	-2.27
-208.801	103.718	-2.27
-208.818	103.72	-2.27
-208.836	103.718	-2.27
-208.853	103.714	-2.27
-208.868	103.706	-2.27
-208.883	103.696	-2.27
-208.895	103.684	-2.27
-208.905	103.67	-2.27
-208.912	103.654	-2.27
-208.917	103.637	-2.27
-208.918	103.62	-2.27
-208.917	103.602	-2.27
-208.912	103.586	-2.27
-208.905	103.57	-2.27
-208.895	103.556	-2.27
-208.883	103.543	-2.27
-208.868	103.533	-2.27
-208.853	103.526	-2.27
-208.836	103.521	-2.27
-208.818	103.52	-2.27
-196.561	117.666	-2.27
-196.544	117.671	-2.27
-196.528	117.678	-2.27
-196.514	117.688	-2.27
-196.502	117.701	-2.27
-196.492	117.715	-2.27
-196.485	117.731	-2.27
-196.48	117.747	-2.27
-196.478	117.765	-2.27
-196.48	117.782	-2.27
-196.485	117.799	-2.27
-196.492	117.815	-2.27
-196.502	117.829	-2.27
-196.514	117.841	-2.27
-196.528	117.851	-2.27
-196.544	117.859	-2.27
-196.561	117.863	-2.27
-196.578	117.865	-2.27
-196.596	117.863	-2.27
-196.613	117.859	-2.27
-196.628	117.851	-2.27
-196.643	117.841	-2.27
-196.655	117.829	-2.27
-196.665	117.815	-2.27
-196.672	117.799	-2.27
-196.677	117.782	-2.27
-196.678	117.765	-2.27
-196.677	117.747	-2.27
-196.672	117.731	-2.27
-196.665	117.715	-2.27
-196.655	117.701	-2.27
-196.643	117.688	-2.27
-196.628	117.678	-2.27
-196.613	117.671	-2.27
-196.596	117.666	-2.27
-196.578	117.665	-2.27
-156.688	102.065	-2.27
-156.688	105.315	-2.27
-159.398	105.315	-2.27
-159.398	102.065	-2.27
-262.027	100.719	-2.27
-262.027	105.964	-2.27
-264.618	105.964	-2.27
-264.618	100.719	-2.27
-170.712	105.485	-2.82
-170.712	101.315	-2.82
-170.829	101.315	-2.82
-170.829	101.245	-2.82
-182.719	101.245	-2.82
-182.719	105.485	-2.82
-152.682	103.341	-2.82
-149.281	103.341	-2.82
-149.281	105.485	-2.82
-140.412	105.485	-2.82
-140.412	101.245	-2.82
-151.382	101.245	-2.82
-151.382	101.315	-2.82
-152.682	101.315	-2.82
-229.422	104.848	-2.82
-229.422	103.668	-2.82
-229.827	103.668	-2.82
-229.827	104.848	-2.82
-227.837	103.668	-2.82
-228.221	103.668	-2.82
-228.221	104.848	-2.82
-227.837	104.848	-2.82
-227.821	105.815	-2.82
-228.122	105.815	-2.82
-228.122	106.115	-2.82
-227.821	106.115	-2.82
-270.221	108.11	-2.82
-271.322	108.11	-2.82
-271.322	109.215	-2.82
-270.221	109.215	-2.82
-272.122	109.215	-2.82
-272.122	108.11	-2.82
-274.52	108.11	-2.82
-274.52	109.215	-2.82
-268.527	102.915	-2.82
-268.527	101.415	-2.82
-268.921	101.415	-2.82
-268.921	102.915	-2.82
-235.222	98.8148	-2.82
-235.222	97.7148	-2.82
-236.321	97.7148	-2.82
-236.321	98.8148	-2.82
-233.727	97.7187	-2.82
-234.837	97.7187	-2.82
-234.837	98.8148	-2.82
-233.727	98.8148	-2.82
-232.395	98.7307	-2.82
-232.795	98.7307	-2.82
-232.795	99.0307	-2.82
-232.395	99.0307	-2.82
-225.292	107.415	-2.82
-224.992	107.415	-2.82
-224.992	107.213	-2.82
-225.292	107.213	-2.82
-206.821	105.215	-2.82
-205.223	105.215	-2.82
-205.223	103.215	-2.82
-206.821	103.215	-2.82
-206.821	108.515	-2.82
-205.226	108.515	-2.82
-205.226	106.521	-2.82
-206.821	106.521	-2.82
-206.222	110.265	-2.82
-205.328	110.265	-2.82
-205.328	109.971	-2.82
-206.222	109.971	-2.82
-232.988	117.665	-2.82
-232.988	117.965	-2.82
-231.988	117.965	-2.82
-231.988	117.665	-2.82
-216.023	105.891	-2.82
-216.038	105.898	-2.82
-216.053	105.908	-2.82
-216.065	105.921	-2.82
-216.075	105.935	-2.82
-216.082	105.951	-2.82
-216.087	105.967	-2.82
-216.088	105.985	-2.82
-216.087	106.002	-2.82
-216.082	106.019	-2.82
-216.075	106.035	-2.82
-216.065	106.049	-2.82
-216.053	106.061	-2.82
-216.038	106.071	-2.82
-216.023	106.079	-2.82
-216.006	106.083	-2.82
-215.988	106.085	-2.82
-215.971	106.083	-2.82
-215.954	106.079	-2.82
-215.938	106.071	-2.82
-215.924	106.061	-2.82
-215.912	106.049	-2.82
-215.902	106.035	-2.82
-215.894	106.019	-2.82
-215.89	106.002	-2.82
-215.888	105.985	-2.82
-215.89	105.967	-2.82
-215.894	105.951	-2.82
-215.902	105.935	-2.82
-215.912	105.921	-2.82
-215.924	105.908	-2.82
-215.938	105.898	-2.82
-215.954	105.891	-2.82
-215.971	105.886	-2.82
-215.988	105.885	-2.82
-216.006	105.886	-2.82
-216.023	105.271	-2.82
-216.038	105.278	-2.82
-216.053	105.288	-2.82
-216.065	105.301	-2.82
-216.075	105.315	-2.82
-216.082	105.331	-2.82
-216.087	105.347	-2.82
-216.088	105.365	-2.82
-216.087	105.382	-2.82
-216.082	105.399	-2.82
-216.075	105.415	-2.82
-216.065	105.429	-2.82
-216.053	105.441	-2.82
-216.038	105.451	-2.82
-216.023	105.459	-2.82
-216.006	105.463	-2.82
-215.988	105.465	-2.82
-215.971	105.463	-2.82
-215.954	105.459	-2.82
-215.938	105.451	-2.82
-215.924	105.441	-2.82
-215.912	105.429	-2.82
-215.902	105.415	-2.82
-215.894	105.399	-2.82
-215.89	105.382	-2.82
-215.888	105.365	-2.82
-215.89	105.347	-2.82
-215.894	105.331	-2.82
-215.902	105.315	-2.82
-215.912	105.301	-2.82
-215.924	105.288	-2.82
-215.938	105.278	-2.82
-215.954	105.271	-2.82
-215.971	105.266	-2.82
-215.988	105.265	-2.82
-216.006	105.266	-2.82
-216.023	104.571	-2.82
-216.038	104.578	-2.82
-216.053	104.588	-2.82
-216.065	104.601	-2.82
-216.075	104.615	-2.82
-216.082	104.631	-2.82
-216.087	104.647	-2.82
-216.088	104.665	-2.82
-216.087	104.682	-2.82
-216.082	104.699	-2.82
-216.075	104.715	-2.82
-216.065	104.729	-2.82
-216.053	104.741	-2.82
-216.038	104.751	-2.82
-216.023	104.759	-2.82
-216.006	104.763	-2.82
-215.988	104.765	-2.82
-215.971	104.763	-2.82
-215.954	104.759	-2.82
-215.938	104.751	-2.82
-215.924	104.741	-2.82
-215.912	104.729	-2.82
-215.902	104.715	-2.82
-215.894	104.699	-2.82
-215.89	104.682	-2.82
-215.888	104.665	-2.82
-215.89	104.647	-2.82
-215.894	104.631	-2.82
-215.902	104.615	-2.82
-215.912	104.601	-2.82
-215.924	104.588	-2.82
-215.938	104.578	-2.82
-215.954	104.571	-2.82
-215.971	104.566	-2.82
-215.988	104.565	-2.82
-216.006	104.566	-2.82
-216.023	104.071	-2.82
-216.038	104.078	-2.82
-216.053	104.088	-2.82
-216.065	104.101	-2.82
-216.075	104.115	-2.82
-216.082	104.131	-2.82
-216.087	104.147	-2.82
-216.088	104.165	-2.82
-216.087	104.182	-2.82
-216.082	104.199	-2.82
-216.075	104.215	-2.82
-216.065	104.229	-2.82
-216.053	104.241	-2.82
-216.038	104.251	-2.82
-216.023	104.259	-2.82
-216.006	104.263	-2.82
-215.988	104.265	-2.82
-215.971	104.263	-2.82
-215.954	104.259	-2.82
-215.938	104.251	-2.82
-215.924	104.241	-2.82
-215.912	104.229	-2.82
-215.902	104.215	-2.82
-215.894	104.199	-2.82
-215.89	104.182	-2.82
-215.888	104.165	-2.82
-215.89	104.147	-2.82
-215.894	104.131	-2.82
-215.902	104.115	-2.82
-215.912	104.101	-2.82
-215.924	104.088	-2.82
-215.938	104.078	-2.82
-215.954	104.071	-2.82
-215.971	104.066	-2.82
-215.988	104.065	-2.82
-216.006	104.066	-2.82
-216.023	103.821	-2.82
-216.038	103.828	-2.82
-216.053	103.838	-2.82
-216.065	103.851	-2.82
-216.075	103.865	-2.82
-216.082	103.881	-2.82
-216.087	103.897	-2.82
-216.088	103.915	-2.82
-216.087	103.932	-2.82
-216.082	103.949	-2.82
-216.075	103.965	-2.82
-216.065	103.979	-2.82
-216.053	103.991	-2.82
-216.038	104.001	-2.82
-216.023	104.009	-2.82
-216.006	104.013	-2.82
-215.988	104.015	-2.82
-215.971	104.013	-2.82
-215.954	104.009	-2.82
-215.938	104.001	-2.82
-215.924	103.991	-2.82
-215.912	103.979	-2.82
-215.902	103.965	-2.82
-215.894	103.949	-2.82
-215.89	103.932	-2.82
-215.888	103.915	-2.82
-215.89	103.897	-2.82
-215.894	103.881	-2.82
-215.902	103.865	-2.82
-215.912	103.851	-2.82
-215.924	103.838	-2.82
-215.938	103.828	-2.82
-215.954	103.821	-2.82
-215.971	103.816	-2.82
-215.988	103.815	-2.82
-216.006	103.816	-2.82
-216.023	103.571	-2.82
-216.038	103.578	-2.82
-216.053	103.588	-2.82
-216.065	103.601	-2.82
-216.075	103.615	-2.82
-216.082	103.631	-2.82
-216.087	103.647	-2.82
-216.088	103.665	-2.82
-216.087	103.682	-2.82
-216.082	103.699	-2.82
-216.075	103.715	-2.82
-216.065	103.729	-2.82
-216.053	103.741	-2.82
-216.038	103.751	-2.82
-216.023	103.759	-2.82
-216.006	103.763	-2.82
-215.988	103.765	-2.82
-215.971	103.763	-2.82
-215.954	103.759	-2.82
-215.938	103.751	-2.82
-215.924	103.741	-2.82
-215.912	103.729	-2.82
-215.902	103.715	-2.82
-215.894	103.699	-2.82
-215.89	103.682	-2.82
-215.888	103.665	-2.82
-215.89	103.647	-2.82
-215.894	103.631	-2.82
-215.902	103.615	-2.82
-215.912	103.601	-2.82
-215.924	103.588	-2.82
-215.938	103.578	-2.82
-215.954	103.571	-2.82
-215.971	103.566	-2.82
-215.988	103.565	-2.82
-216.006	103.566	-2.82
-216.023	103.271	-2.82
-216.038	103.278	-2.82
-216.053	103.288	-2.82
-216.065	103.301	-2.82
-216.075	103.315	-2.82
-216.082	103.331	-2.82
-216.087	103.347	-2.82
-216.088	103.365	-2.82
-216.087	103.382	-2.82
-216.082	103.399	-2.82
-216.075	103.415	-2.82
-216.065	103.429	-2.82
-216.053	103.441	-2.82
-216.038	103.451	-2.82
-216.023	103.459	-2.82
-216.006	103.463	-2.82
-215.988	103.465	-2.82
-215.971	103.463	-2.82
-215.954	103.459	-2.82
-215.938	103.451	-2.82
-215.924	103.441	-2.82
-215.912	103.429	-2.82
-215.902	103.415	-2.82
-215.894	103.399	-2.82
-215.89	103.382	-2.82
-215.888	103.365	-2.82
-215.89	103.347	-2.82
-215.894	103.331	-2.82
-215.902	103.315	-2.82
-215.912	103.301	-2.82
-215.924	103.288	-2.82
-215.938	103.278	-2.82
-215.954	103.271	-2.82
-215.971	103.266	-2.82
-215.988	103.265	-2.82
-216.006	103.266	-2.82
-213.373	103.721	-2.82
-213.388	103.728	-2.82
-213.403	103.738	-2.82
-213.415	103.751	-2.82
-213.425	103.765	-2.82
-213.432	103.781	-2.82
-213.437	103.797	-2.82
-213.438	103.815	-2.82
-213.437	103.832	-2.82
-213.432	103.849	-2.82
-213.425	103.865	-2.82
-213.415	103.879	-2.82
-213.403	103.891	-2.82
-213.388	103.901	-2.82
-213.373	103.909	-2.82
-213.356	103.913	-2.82
-213.338	103.915	-2.82
-213.321	103.913	-2.82
-213.304	103.909	-2.82
-213.288	103.901	-2.82
-213.274	103.891	-2.82
-213.262	103.879	-2.82
-213.252	103.865	-2.82
-213.245	103.849	-2.82
-213.24	103.832	-2.82
-213.238	103.815	-2.82
-213.24	103.797	-2.82
-213.245	103.781	-2.82
-213.252	103.765	-2.82
-213.262	103.751	-2.82
-213.274	103.738	-2.82
-213.288	103.728	-2.82
-213.304	103.721	-2.82
-213.321	103.716	-2.82
-213.338	103.715	-2.82
-213.356	103.716	-2.82
-212.433	103.501	-2.82
-212.448	103.508	-2.82
-212.463	103.518	-2.82
-212.475	103.531	-2.82
-212.485	103.545	-2.82
-212.492	103.561	-2.82
-212.497	103.577	-2.82
-212.498	103.595	-2.82
-212.497	103.612	-2.82
-212.492	103.629	-2.82
-212.485	103.645	-2.82
-212.475	103.659	-2.82
-212.463	103.671	-2.82
-212.448	103.681	-2.82
-212.433	103.689	-2.82
-212.416	103.693	-2.82
-212.398	103.695	-2.82
-212.381	103.693	-2.82
-212.364	103.689	-2.82
-212.348	103.681	-2.82
-212.334	103.671	-2.82
-212.322	103.659	-2.82
-212.312	103.645	-2.82
-212.304	103.629	-2.82
-212.3	103.612	-2.82
-212.298	103.595	-2.82
-212.3	103.577	-2.82
-212.304	103.561	-2.82
-212.312	103.545	-2.82
-212.322	103.531	-2.82
-212.334	103.518	-2.82
-212.348	103.508	-2.82
-212.364	103.501	-2.82
-212.381	103.496	-2.82
-212.398	103.495	-2.82
-212.416	103.496	-2.82
-211.893	104.431	-2.82
-211.908	104.438	-2.82
-211.923	104.448	-2.82
-211.935	104.461	-2.82
-211.945	104.475	-2.82
-211.952	104.491	-2.82
-211.957	104.507	-2.82
-211.958	104.525	-2.82
-211.957	104.542	-2.82
-211.952	104.559	-2.82
-211.945	104.575	-2.82
-211.935	104.589	-2.82
-211.923	104.601	-2.82
-211.908	104.611	-2.82
-211.893	104.619	-2.82
-211.876	104.623	-2.82
-211.858	104.625	-2.82
-211.841	104.623	-2.82
-211.824	104.619	-2.82
-211.808	104.611	-2.82
-211.794	104.601	-2.82
-211.782	104.589	-2.82
-211.772	104.575	-2.82
-211.765	104.559	-2.82
-211.76	104.542	-2.82
-211.758	104.525	-2.82
-211.76	104.507	-2.82
-211.765	104.491	-2.82
-211.772	104.475	-2.82
-211.782	104.461	-2.82
-211.794	104.448	-2.82
-211.808	104.438	-2.82
-211.824	104.431	-2.82
-211.841	104.426	-2.82
-211.858	104.425	-2.82
-211.876	104.426	-2.82
-211.893	105.331	-2.82
-211.908	105.338	-2.82
-211.923	105.348	-2.82
-211.935	105.361	-2.82
-211.945	105.375	-2.82
-211.952	105.391	-2.82
-211.957	105.407	-2.82
-211.958	105.425	-2.82
-211.957	105.442	-2.82
-211.952	105.459	-2.82
-211.945	105.475	-2.82
-211.935	105.489	-2.82
-211.923	105.501	-2.82
-211.908	105.511	-2.82
-211.893	105.519	-2.82
-211.876	105.523	-2.82
-211.858	105.525	-2.82
-211.841	105.523	-2.82
-211.824	105.519	-2.82
-211.808	105.511	-2.82
-211.794	105.501	-2.82
-211.782	105.489	-2.82
-211.772	105.475	-2.82
-211.765	105.459	-2.82
-211.76	105.442	-2.82
-211.758	105.425	-2.82
-211.76	105.407	-2.82
-211.765	105.391	-2.82
-211.772	105.375	-2.82
-211.782	105.361	-2.82
-211.794	105.348	-2.82
-211.808	105.338	-2.82
-211.824	105.331	-2.82
-211.841	105.326	-2.82
-211.858	105.325	-2.82
-211.876	105.326	-2.82
-213.373	105.521	-2.82
-213.388	105.528	-2.82
-213.403	105.538	-2.82
-213.415	105.551	-2.82
-213.425	105.565	-2.82
-213.432	105.581	-2.82
-213.437	105.597	-2.82
-213.438	105.615	-2.82
-213.437	105.632	-2.82
-213.432	105.649	-2.82
-213.425	105.665	-2.82
-213.415	105.679	-2.82
-213.403	105.691	-2.82
-213.388	105.701	-2.82
-213.373	105.709	-2.82
-213.356	105.713	-2.82
-213.338	105.715	-2.82
-213.321	105.713	-2.82
-213.304	105.709	-2.82
-213.288	105.701	-2.82
-213.274	105.691	-2.82
-213.262	105.679	-2.82
-213.252	105.665	-2.82
-213.245	105.649	-2.82
-213.24	105.632	-2.82
-213.238	105.615	-2.82
-213.24	105.597	-2.82
-213.245	105.581	-2.82
-213.252	105.565	-2.82
-213.262	105.551	-2.82
-213.274	105.538	-2.82
-213.288	105.528	-2.82
-213.304	105.521	-2.82
-213.321	105.516	-2.82
-213.338	105.515	-2.82
-213.356	105.516	-2.82
-213.373	104.621	-2.82
-213.388	104.628	-2.82
-213.403	104.638	-2.82
-213.415	104.651	-2.82
-213.425	104.665	-2.82
-213.432	104.681	-2.82
-213.437	104.697	-2.82
-213.438	104.715	-2.82
-213.437	104.732	-2.82
-213.432	104.749	-2.82
-213.425	104.765	-2.82
-213.415	104.779	-2.82
-213.403	104.791	-2.82
-213.388	104.801	-2.82
-213.373	104.809	-2.82
-213.356	104.813	-2.82
-213.338	104.815	-2.82
-213.321	104.813	-2.82
-213.304	104.809	-2.82
-213.288	104.801	-2.82
-213.274	104.791	-2.82
-213.262	104.779	-2.82
-213.252	104.765	-2.82
-213.245	104.749	-2.82
-213.24	104.732	-2.82
-213.238	104.715	-2.82
-213.24	104.697	-2.82
-213.245	104.681	-2.82
-213.252	104.665	-2.82
-213.262	104.651	-2.82
-213.274	104.638	-2.82
-213.288	104.628	-2.82
-213.304	104.621	-2.82
-213.321	104.616	-2.82
-213.338	104.615	-2.82
-213.356	104.616	-2.82
-214.053	107.121	-2.82
-214.068	107.128	-2.82
-214.083	107.138	-2.82
-214.095	107.151	-2.82
-214.105	107.165	-2.82
-214.112	107.181	-2.82
-214.117	107.197	-2.82
-214.118	107.215	-2.82
-214.117	107.232	-2.82
-214.112	107.249	-2.82
-214.105	107.265	-2.82
-214.095	107.279	-2.82
-214.083	107.291	-2.82
-214.068	107.301	-2.82
-214.053	107.309	-2.82
-214.036	107.313	-2.82
-214.018	107.315	-2.82
-214.001	107.313	-2.82
-213.984	107.309	-2.82
-213.968	107.301	-2.82
-213.954	107.291	-2.82
-213.942	107.279	-2.82
-213.932	107.265	-2.82
-213.924	107.249	-2.82
-213.92	107.232	-2.82
-213.918	107.215	-2.82
-213.92	107.197	-2.82
-213.924	107.181	-2.82
-213.932	107.165	-2.82
-213.942	107.151	-2.82
-213.954	107.138	-2.82
-213.968	107.128	-2.82
-213.984	107.121	-2.82
-214.001	107.116	-2.82
-214.018	107.115	-2.82
-214.036	107.116	-2.82
-208.853	105.196	-2.82
-208.868	105.203	-2.82
-208.883	105.213	-2.82
-208.895	105.226	-2.82
-208.905	105.24	-2.82
-208.912	105.256	-2.82
-208.917	105.272	-2.82
-208.918	105.29	-2.82
-208.917	105.307	-2.82
-208.912	105.324	-2.82
-208.905	105.34	-2.82
-208.895	105.354	-2.82
-208.883	105.366	-2.82
-208.868	105.376	-2.82
-208.853	105.384	-2.82
-208.836	105.388	-2.82
-208.818	105.39	-2.82
-208.801	105.388	-2.82
-208.784	105.384	-2.82
-208.768	105.376	-2.82
-208.754	105.366	-2.82
-208.742	105.354	-2.82
-208.732	105.34	-2.82
-208.725	105.324	-2.82
-208.72	105.307	-2.82
-208.718	105.29	-2.82
-208.72	105.272	-2.82
-208.725	105.256	-2.82
-208.732	105.24	-2.82
-208.742	105.226	-2.82
-208.754	105.213	-2.82
-208.768	105.203	-2.82
-208.784	105.196	-2.82
-208.801	105.191	-2.82
-208.818	105.19	-2.82
-208.836	105.191	-2.82
-208.853	104.796	-2.82
-208.868	104.803	-2.82
-208.883	104.813	-2.82
-208.895	104.826	-2.82
-208.905	104.84	-2.82
-208.912	104.856	-2.82
-208.917	104.872	-2.82
-208.918	104.89	-2.82
-208.917	104.907	-2.82
-208.912	104.924	-2.82
-208.905	104.94	-2.82
-208.895	104.954	-2.82
-208.883	104.966	-2.82
-208.868	104.976	-2.82
-208.853	104.984	-2.82
-208.836	104.988	-2.82
-208.818	104.99	-2.82
-208.801	104.988	-2.82
-208.784	104.984	-2.82
-208.768	104.976	-2.82
-208.754	104.966	-2.82
-208.742	104.954	-2.82
-208.732	104.94	-2.82
-208.725	104.924	-2.82
-208.72	104.907	-2.82
-208.718	104.89	-2.82
-208.72	104.872	-2.82
-208.725	104.856	-2.82
-208.732	104.84	-2.82
-208.742	104.826	-2.82
-208.754	104.813	-2.82
-208.768	104.803	-2.82
-208.784	104.796	-2.82
-208.801	104.791	-2.82
-208.818	104.79	-2.82
-208.836	104.791	-2.82
-208.853	104.236	-2.82
-208.868	104.243	-2.82
-208.883	104.253	-2.82
-208.895	104.266	-2.82
-208.905	104.28	-2.82
-208.912	104.296	-2.82
-208.917	104.312	-2.82
-208.918	104.33	-2.82
-208.917	104.347	-2.82
-208.912	104.364	-2.82
-208.905	104.38	-2.82
-208.895	104.394	-2.82
-208.883	104.406	-2.82
-208.868	104.416	-2.82
-208.853	104.424	-2.82
-208.836	104.428	-2.82
-208.818	104.43	-2.82
-208.801	104.428	-2.82
-208.784	104.424	-2.82
-208.768	104.416	-2.82
-208.754	104.406	-2.82
-208.742	104.394	-2.82
-208.732	104.38	-2.82
-208.725	104.364	-2.82
-208.72	104.347	-2.82
-208.718	104.33	-2.82
-208.72	104.312	-2.82
-208.725	104.296	-2.82
-208.732	104.28	-2.82
-208.742	104.266	-2.82
-208.754	104.253	-2.82
-208.768	104.243	-2.82
-208.784	104.236	-2.82
-208.801	104.231	-2.82
-208.818	104.23	-2.82
-208.836	104.231	-2.82
-208.853	103.526	-2.82
-208.868	103.533	-2.82
-208.883	103.543	-2.82
-208.895	103.556	-2.82
-208.905	103.57	-2.82
-208.912	103.586	-2.82
-208.917	103.602	-2.82
-208.918	103.62	-2.82
-208.917	103.637	-2.82
-208.912	103.654	-2.82
-208.905	103.67	-2.82
-208.895	103.684	-2.82
-208.883	103.696	-2.82
-208.868	103.706	-2.82
-208.853	103.714	-2.82
-208.836	103.718	-2.82
-208.818	103.72	-2.82
-208.801	103.718	-2.82
-208.784	103.714	-2.82
-208.768	103.706	-2.82
-208.754	103.696	-2.82
-208.742	103.684	-2.82
-208.732	103.67	-2.82
-208.725	103.654	-2.82
-208.72	103.637	-2.82
-208.718	103.62	-2.82
-208.72	103.602	-2.82
-208.725	103.586	-2.82
-208.732	103.57	-2.82
-208.742	103.556	-2.82
-208.754	103.543	-2.82
-208.768	103.533	-2.82
-208.784	103.526	-2.82
-208.801	103.521	-2.82
-208.818	103.52	-2.82
-208.836	103.521	-2.82
-196.613	117.671	-2.82
-196.628	117.678	-2.82
-196.643	117.688	-2.82
-196.655	117.701	-2.82
-196.665	117.715	-2.82
-196.672	117.731	-2.82
-196.677	117.747	-2.82
-196.678	117.765	-2.82
-196.677	117.782	-2.82
-196.672	117.799	-2.82
-196.665	117.815	-2.82
-196.655	117.829	-2.82
-196.643	117.841	-2.82
-196.628	117.851	-2.82
-196.613	117.859	-2.82
-196.596	117.863	-2.82
-196.578	117.865	-2.82
-196.561	117.863	-2.82
-196.544	117.859	-2.82
-196.528	117.851	-2.82
-196.514	117.841	-2.82
-196.502	117.829	-2.82
-196.492	117.815	-2.82
-196.485	117.799	-2.82
-196.48	117.782	-2.82
-196.478	117.765	-2.82
-196.48	117.747	-2.82
-196.485	117.731	-2.82
-196.492	117.715	-2.82
-196.502	117.701	-2.82
-196.514	117.688	-2.82
-196.528	117.678	-2.82
-196.544	117.671	-2.82
-196.561	117.666	-2.82
-196.578	117.665	-2.82
-196.596	117.666	-2.82
-156.688	105.315	-2.82
-156.688	102.065	-2.82
-159.398	102.065	-2.82
-159.398	105.315	-2.82
-262.027	105.964	-2.82
-262.027	100.719	-2.82
-264.618	100.719	-2.82
-264.618	105.964	-2.82

#	Triangle	52
0	2	1	3	2	0	15	779	774	16	779	15	22	780	781	23	780	22	20	782	783	21	782	20	27	791	788	28	791	27	32	794	795	33	794	32	36	798	799	37	798	36	40	802	803	41	802	40	43	807	804	44	807	43	47	811	808	48	811	47	51	815	812	52	815	51	56	818	819	57	818	56	60	822	823	61	822	60	62	824	825	63	824	62	66	828	829	67	828	66	70	832	833	71	832	70	74	836	837	75	836	74	81	841	842	78	841	81	767	1531	1528	768	1531	767	771	1535	1532	772	1535	771
3	4	2	5	4	3	7	8	6	9	8	7	14	774	775	15	774	14	12	776	777	13	776	12	19	783	784	20	783	19	26	788	789	27	788	26	31	795	792	32	795	31	35	799	796	36	799	35	39	803	800	40	803	39	42	804	805	43	804	42	46	808	809	47	808	46	50	812	813	51	812	50	55	819	816	56	819	55	59	823	820	60	823	59	65	825	826	62	825	65	69	829	830	66	829	69	73	833	834	70	833	73	77	837	838	74	837	77	80	842	843	81	842	80	766	1528	1529	767	1528	766	770	1532	1533	771	1532	770
5	6	4	7	6	5	9	10	8	11	10	9	13	775	776	14	775	13	17	777	778	12	777	17	24	786	787	25	786	24	18	784	785	19	784	18	29	789	790	26	789	29	30	792	793	31	792	30	34	796	797	35	796	34	38	800	801	39	800	38	45	805	806	42	805	45	49	809	810	46	809	49	53	813	814	50	813	53	54	816	817	55	816	54	58	820	821	59	820	58	64	826	827	65	826	64	68	830	831	69	830	68	72	834	835	73	834	72	76	838	839	77	838	76	79	843	840	80	843	79	769	1529	1530	766	1529	769	773	1533	1534	770	1533	773
11	1	10	0	1	11	16	778	779	17	778	16	23	787	780	24	787	23	21	781	782	22	781	21	25	785	786	18	785	25	28	790	791	29	790	28	33	793	794	30	793	33	37	797	798	34	797	37	41	801	802	38	801	41	44	806	807	45	806	44	48	810	811	49	810	48	52	814	815	53	814	52	57	817	818	54	817	57	61	821	822	58	821	61	63	827	824	64	827	63	67	831	828	68	831	67	71	835	832	72	835	71	75	839	836	76	839	75	78	840	841	79	840	78	768	1530	1531	769	1530	768	772	1534	1535	773	1534	772
0	53	3	53	773	3	773	49	3	49	45	3	45	5	3	45	44	5	44	7	5	49	42	45	43	7	44	49	43	42	49	38	43	38	41	43	41	7	43	49	39	38	40	7	41	49	40	39	49	48	40	48	7	40	773	46	49	47	7	48	773	47	46	773	7	47	773	9	7	773	772	9	772	79	9	79	78	9	78	11	9	53	770	773	771	79	772	53	771	770	53	52	771	52	79	771	0	50	53	51	79	52	0	54	50	54	51	50	54	57	51	57	79	51	0	55	54	56	79	57	0	58	55	58	56	55	58	79	56	58	61	79	61	80	79	81	11	78	0	59	58	60	80	61	0	60	59	0	29	60	29	80	60	29	81	80	29	28	81	28	34	81	34	37	81	37	64	81	64	63	81	63	76	81	76	75	81	75	756	81	756	755	81	755	754	81	754	753	81	753	752	81	752	751	81	751	750	81	750	749	81	749	748	81	748	747	81	747	11	81	0	26	29	27	34	28	0	30	26	30	27	26	30	33	27	33	34	27	0	31	30	32	34	33	32	35	34	36	64	37	0	332	31	332	331	31	331	330	31	330	329	31	329	328	31	328	327	31	327	326	31	326	325	31	325	324	31	324	32	31	324	35	32	324	36	35	324	64	36	324	65	64	62	76	63	324	62	65	324	288	62	288	252	62	252	216	62	216	180	62	180	144	62	144	108	62	108	107	62	107	106	62	106	105	62	105	104	62	104	103	62	103	102	62	102	101	62	101	576	62	576	575	62	575	574	62	574	573	62	573	572	62	572	571	62	571	570	62	570	569	62	569	76	62	323	288	324	323	289	288	287	252	288	287	253	252	251	216	252	251	217	216	215	180	216	215	181	180	179	144	180	179	145	144	143	108	144	143	109	108	322	289	323	322	290	289	286	253	287	286	254	253	250	217	251	250	218	217	214	181	215	214	182	181	178	145	179	178	146	145	142	109	143	142	110	109	321	290	322	321	291	290	285	254	286	285	255	254	249	218	250	249	219	218	213	182	214	213	183	182	177	146	178	177	147	146	141	110	142	141	111	110	320	291	321	320	292	291	284	255	285	284	256	255	248	219	249	248	220	219	212	183	213	212	184	183	176	147	177	176	148	147	140	111	141	140	112	111	319	292	320	319	293	292	283	256	284	283	257	256	247	220	248	247	221	220	211	184	212	211	185	184	175	148	176	175	149	148	139	112	140	139	113	112	318	293	319	318	294	293	282	257	283	282	258	257	246	221	247	246	222	221	210	185	211	210	186	185	174	149	175	174	150	149	138	113	139	138	114	113	317	294	318	317	295	294	281	258	282	281	259	258	245	222	246	245	223	222	209	186	210	209	187	186	173	150	174	173	151	150	137	114	138	137	115	114	316	295	317	316	296	295	280	259	281	280	260	259	244	223	245	244	224	223	208	187	209	208	188	187	172	151	173	172	152	151	136	115	137	136	116	115	100	576	101	0	333	332	315	296	316	315	297	296	279	260	280	279	261	260	243	224	244	243	225	224	207	188	208	207	189	188	171	152	172	171	153	152	135	116	136	135	117	116	99	576	100	0	298	333	314	297	315	314	262	297	278	261	279	278	226	261	242	225	243	242	190	225	206	189	207	206	154	189	170	153	171	170	118	153	134	117	135	134	82	117	98	576	99	0	299	298	313	262	314	313	263	262	277	226	278	277	227	226	241	190	242	241	191	190	205	154	206	205	155	154	169	118	170	169	119	118	133	82	134	133	83	82	97	576	98	0	300	299	312	263	313	312	264	263	276	227	277	276	228	227	240	191	241	240	192	191	204	155	205	204	156	155	168	119	169	168	120	119	132	83	133	132	84	83	96	576	97	0	301	300	311	264	312	311	265	264	275	228	276	275	229	228	239	192	240	239	193	192	203	156	204	203	157	156	167	120	168	167	121	120	131	84	132	131	85	84	95	576	96	0	302	301	310	265	311	310	266	265	274	229	275	274	230	229	238	193	239	238	194	193	202	157	203	202	158	157	166	121	167	166	122	121	130	85	131	130	86	85	94	576	95	0	303	302	309	266	310	309	267	266	273	230	274	273	231	230	237	194	238	237	195	194	201	158	202	201	159	158	165	122	166	165	123	122	129	86	130	129	87	86	93	576	94	0	304	303	308	267	309	308	268	267	272	231	273	272	232	231	236	195	237	236	196	195	200	159	201	200	160	159	164	123	165	164	124	123	128	87	129	128	88	87	92	576	93	0	305	304	307	268	308	307	269	268	271	232	272	271	233	232	235	196	236	235	197	196	199	160	200	199	161	160	163	124	164	163	125	124	127	88	128	127	89	88	91	576	92	0	306	305	306	269	307	306	270	269	270	233	271	270	234	233	234	197	235	234	198	197	198	161	199	198	162	161	162	125	163	162	126	125	126	89	127	126	90	89	90	576	91	0	270	306	0	234	270	0	404	234	404	403	234	403	402	234	402	401	234	401	400	234	400	399	234	399	398	234	398	397	234	397	396	234	396	368	234	368	367	234	367	366	234	366	365	234	365	364	234	364	363	234	363	362	234	362	361	234	361	360	234	360	198	234	360	162	198	360	126	162	360	90	126	360	577	90	577	576	90	360	578	577	360	579	578	360	580	579	360	581	580	360	582	581	360	583	582	360	584	583	568	76	569	360	585	584	567	76	568	360	550	585	566	76	567	360	551	550	565	76	566	360	552	551	564	76	565	360	553	552	563	76	564	360	554	553	562	76	563	360	555	554	561	76	562	360	556	555	560	76	561	360	557	556	559	76	560	360	558	557	558	76	559	360	540	558	540	504	558	504	503	558	503	502	558	502	501	558	501	500	558	500	499	558	499	498	558	498	76	558	359	540	360	359	541	540	539	504	540	539	505	504	358	541	359	358	542	541	538	505	539	538	506	505	357	542	358	357	543	542	537	506	538	537	507	506	356	543	357	356	544	543	536	507	537	536	508	507	355	544	356	355	545	544	535	508	536	535	509	508	354	545	355	354	546	545	534	509	535	534	510	509	353	546	354	353	547	546	533	510	534	533	511	510	497	76	498	352	547	353	352	548	547	532	511	533	532	512	511	496	76	497	396	369	368	351	548	352	351	549	548	531	512	532	531	513	512	495	76	496	396	334	369	350	549	351	350	514	549	530	513	531	530	478	513	494	76	495	396	335	334	349	514	350	349	515	514	529	478	530	529	479	478	493	76	494	396	336	335	348	515	349	348	516	515	528	479	529	528	480	479	492	76	493	396	337	336	347	516	348	347	517	516	527	480	528	527	481	480	491	76	492	396	338	337	346	517	347	346	518	517	526	481	527	526	482	481	490	76	491	396	339	338	345	518	346	345	519	518	525	482	526	525	483	482	489	76	490	396	340	339	344	519	345	344	520	519	524	483	525	524	484	483	488	76	489	396	341	340	343	520	344	343	521	520	523	484	524	523	485	484	487	76	488	396	342	341	342	521	343	342	522	521	522	485	523	522	486	485	486	76	487	396	522	342	396	486	522	396	395	486	395	394	486	394	393	486	393	392	486	392	432	486	432	468	486	468	467	486	467	466	486	466	465	486	465	464	486	464	463	486	463	76	486	391	432	392	390	432	391	389	432	390	388	432	389	0	405	404	387	432	388	0	370	405	386	432	387	0	371	370	385	432	386	0	372	371	384	432	385	0	373	372	383	432	384	0	374	373	382	432	383	0	375	374	381	432	382	0	376	375	380	432	381	0	377	376	379	432	380	0	378	377	378	432	379	0	68	378	68	728	378	728	727	378	727	726	378	726	725	378	725	724	378	724	723	378	723	722	378	722	721	378	721	720	378	720	440	378	440	439	378	439	438	378	438	437	378	437	436	378	436	435	378	435	434	378	434	433	378	433	432	378	431	468	432	431	469	468	430	469	431	430	470	469	429	470	430	429	471	470	428	471	429	428	472	471	427	472	428	427	473	472	426	473	427	426	474	473	462	76	463	425	474	426	425	475	474	461	76	462	424	475	425	424	476	475	460	76	461	720	441	440	423	476	424	423	477	476	459	76	460	720	406	441	422	477	423	422	442	477	458	76	459	720	407	406	421	442	422	421	443	442	457	76	458	720	408	407	420	443	421	420	444	443	456	76	457	720	409	408	419	444	420	419	445	444	455	76	456	720	410	409	418	445	419	418	446	445	454	76	455	720	411	410	417	446	418	417	447	446	453	76	454	720	412	411	416	447	417	416	448	447	452	76	453	720	413	412	415	448	416	415	449	448	451	76	452	720	414	413	414	449	415	414	450	449	450	76	451	720	450	414	720	684	450	684	648	450	648	612	450	612	611	450	611	610	450	610	609	450	609	76	450	719	684	720	719	685	684	683	648	684	683	649	648	647	612	648	647	613	612	718	685	719	718	686	685	682	649	683	682	650	649	646	613	647	646	614	613	717	686	718	717	687	686	681	650	682	681	651	650	645	614	646	645	615	614	716	687	717	716	688	687	680	651	681	680	652	651	644	615	645	644	616	615	608	76	609	715	688	716	715	689	688	679	652	680	679	653	652	643	616	644	643	617	616	607	76	608	714	689	715	714	690	689	678	653	679	678	654	653	642	617	643	642	618	617	606	76	607	713	690	714	713	691	690	677	654	678	677	655	654	641	618	642	641	619	618	605	76	606	712	691	713	712	692	691	676	655	677	676	656	655	640	619	641	640	620	619	604	76	605	68	729	728	711	692	712	711	693	692	675	656	676	675	657	656	639	620	640	639	621	620	603	76	604	68	694	729	710	693	711	710	658	693	674	657	675	674	622	657	638	621	639	638	586	621	602	76	603	68	695	694	709	658	710	709	659	658	673	622	674	673	623	622	637	586	638	637	587	586	601	76	602	68	696	695	708	659	709	708	660	659	672	623	673	672	624	623	636	587	637	636	588	587	600	76	601	68	697	696	707	660	708	707	661	660	671	624	672	671	625	624	635	588	636	635	589	588	599	76	600	68	698	697	706	661	707	706	662	661	670	625	671	670	626	625	634	589	635	634	590	589	598	76	599	68	699	698	705	662	706	705	663	662	669	626	670	669	627	626	633	590	634	633	591	590	597	76	598	68	700	699	704	663	705	704	664	663	668	627	669	668	628	627	632	591	633	632	592	591	596	76	597	68	701	700	703	664	704	703	665	664	667	628	668	667	629	628	631	592	632	631	593	592	595	76	596	68	702	701	702	665	703	702	666	665	666	629	667	666	630	629	630	593	631	630	594	593	594	76	595	68	666	702	68	630	666	68	594	630	68	72	594	72	71	594	71	76	594	68	67	72	67	73	72	70	76	71	0	69	68	66	73	67	70	77	76	74	756	75	70	74	77	70	756	74	66	70	73	66	756	70	0	17	69	17	66	69	17	760	66	760	759	66	759	758	66	758	757	66	757	756	66	17	761	760	17	762	761	17	763	762	17	764	763	17	765	764	17	730	765	746	11	747	17	731	730	745	11	746	17	732	731	744	11	745	17	733	732	743	11	744	17	734	733	742	11	743	17	735	734	741	11	742	17	736	735	740	11	741	17	737	736	739	11	740	17	738	737	738	11	739	17	16	738	16	11	738	0	12	17	15	11	16	0	13	12	0	14	13	0	769	14	769	15	14	769	768	15	768	11	15	0	766	769	767	11	768	0	24	766	24	767	766	24	23	767	23	21	767	21	11	767	0	18	24	18	25	24	22	21	23	0	19	18	20	11	21	0	20	19	0	11	20
6	807	4	807	2	4	807	806	2	806	811	2	811	810	2	810	1534	2	1534	815	2	815	814	2	814	1	2	6	804	807	805	811	806	6	802	804	802	805	804	802	801	805	801	811	805	6	803	802	800	811	801	6	800	803	6	811	800	6	808	811	809	1534	810	6	809	808	6	1534	809	10	841	8	841	6	8	841	1535	6	1535	1534	6	841	1532	1535	1533	815	1534	841	1533	1532	841	815	1533	841	812	815	813	1	814	841	813	812	841	818	813	818	817	813	817	1	813	841	819	818	816	1	817	841	816	819	841	840	816	840	822	816	822	821	816	821	1	816	10	842	841	843	822	840	843	823	822	820	1	821	843	820	823	843	791	820	791	790	820	790	1	820	10	1508	842	1508	1507	842	1507	1506	842	1506	1505	842	1505	1504	842	1504	1503	842	1503	1502	842	1502	1501	842	1501	843	842	1501	824	843	824	798	843	798	791	843	798	788	791	789	1	790	798	789	788	798	794	789	794	793	789	793	1	789	798	797	794	797	795	794	792	1	793	824	799	798	796	795	797	796	792	795	796	959	792	959	995	792	995	1031	792	1031	1067	792	1067	1066	792	1066	1065	792	1065	1064	792	1064	1063	792	1063	1062	792	1062	1061	792	1061	1060	792	1060	1095	792	1095	1	792	824	796	799	824	827	796	827	959	796	1501	825	824	826	959	827	1501	826	825	1501	1325	826	1325	1324	826	1324	1323	826	1323	1322	826	1322	1321	826	1321	857	826	857	856	826	856	855	826	855	854	826	854	853	826	853	852	826	852	851	826	851	887	826	887	923	826	923	959	826	850	887	851	850	888	887	886	923	887	886	924	923	922	959	923	922	960	959	958	995	959	958	996	995	994	1031	995	994	1032	1031	1030	1067	1031	1030	1068	1067	849	888	850	849	889	888	885	924	886	885	925	924	921	960	922	921	961	960	957	996	958	957	997	996	993	1032	994	993	1033	1032	1029	1068	1030	1029	1069	1068	848	889	849	848	890	889	884	925	885	884	926	925	920	961	921	920	962	961	956	997	957	956	998	997	992	1033	993	992	1034	1033	1028	1069	1029	1028	1070	1069	847	890	848	847	891	890	883	926	884	883	927	926	919	962	920	919	963	962	955	998	956	955	999	998	991	1034	992	991	1035	1034	1027	1070	1028	1027	1071	1070	846	891	847	846	892	891	882	927	883	882	928	927	918	963	919	918	964	963	954	999	955	954	1000	999	990	1035	991	990	1036	1035	1026	1071	1027	1026	1072	1071	845	892	846	845	893	892	881	928	882	881	929	928	917	964	918	917	965	964	953	1000	954	953	1001	1000	989	1036	990	989	1037	1036	1025	1072	1026	1025	1073	1072	1321	858	857	844	893	845	844	894	893	880	929	881	880	930	929	916	965	917	916	966	965	952	1001	953	952	1002	1001	988	1037	989	988	1038	1037	1024	1073	1025	1024	1074	1073	1321	859	858	879	894	844	879	895	894	915	930	880	915	931	930	951	966	916	951	967	966	987	1002	952	987	1003	1002	1023	1038	988	1023	1039	1038	1059	1074	1024	1059	1075	1074	1321	860	859	878	895	879	878	896	895	914	931	915	914	932	931	950	967	951	950	968	967	986	1003	987	986	1004	1003	1022	1039	1023	1022	1040	1039	1058	1075	1059	1058	1076	1075	1094	1	1095	1321	861	860	877	896	878	877	897	896	913	932	914	913	933	932	949	968	950	949	969	968	985	1004	986	985	1005	1004	1021	1040	1022	1021	1041	1040	1057	1076	1058	1057	1077	1076	1093	1	1094	1321	862	861	876	897	877	876	898	897	912	933	913	912	934	933	948	969	949	948	970	969	984	1005	985	984	1006	1005	1020	1041	1021	1020	1042	1041	1056	1077	1057	1056	1078	1077	1092	1	1093	1321	863	862	875	898	876	875	899	898	911	934	912	911	935	934	947	970	948	947	971	970	983	1006	984	983	1007	1006	1019	1042	1020	1019	1043	1042	1055	1078	1056	1055	1079	1078	1091	1	1092	1321	864	863	874	899	875	874	900	899	910	935	911	910	936	935	946	971	947	946	972	971	982	1007	983	982	1008	1007	1018	1043	1019	1018	1044	1043	1054	1079	1055	1054	1080	1079	1090	1	1091	1321	865	864	873	900	874	873	901	900	909	936	910	909	937	936	945	972	946	945	973	972	981	1008	982	981	1009	1008	1017	1044	1018	1017	1045	1044	1053	1080	1054	1053	1081	1080	1089	1	1090	1321	866	865	872	901	873	872	902	901	908	937	909	908	938	937	944	973	945	944	974	973	980	1009	981	980	1010	1009	1016	1045	1017	1016	1046	1045	1052	1081	1053	1052	1082	1081	1088	1	1089	1321	867	866	871	902	872	871	903	902	907	938	908	907	939	938	943	974	944	943	975	974	979	1010	980	979	1011	1010	1015	1046	1016	1015	1047	1046	1051	1082	1052	1051	1083	1082	1087	1	1088	1321	868	867	870	903	871	870	904	903	906	939	907	906	940	939	942	975	943	942	976	975	978	1011	979	978	1012	1011	1014	1047	1015	1014	1048	1047	1050	1083	1051	1050	1084	1083	1086	1	1087	1321	869	868	869	904	870	869	905	904	905	940	906	905	941	940	941	976	942	941	977	976	977	1012	978	977	1013	1012	1013	1048	1014	1013	1049	1048	1049	1084	1050	1049	1085	1084	1085	1	1086	1321	905	869	1321	941	905	1321	977	941	1321	1013	977	1321	1049	1013	1321	1085	1049	1321	1320	1085	1320	1319	1085	1319	1318	1085	1318	1317	1085	1317	1316	1085	1316	1315	1085	1315	1314	1085	1314	1313	1085	1313	1312	1085	1312	1347	1085	1347	1247	1085	1247	1283	1085	1283	1103	1085	1103	1102	1085	1102	1101	1085	1101	1100	1085	1100	1099	1085	1099	1098	1085	1098	1097	1085	1097	1096	1085	1096	1131	1085	1131	1139	1085	1139	1138	1085	1138	1137	1085	1137	1136	1085	1136	1135	1085	1135	1134	1085	1134	1133	1085	1133	1132	1085	1132	1167	1085	1167	1	1085	1501	1326	1325	1501	1327	1326	1501	1328	1327	1346	1247	1347	1501	1329	1328	1345	1247	1346	1501	1330	1329	1344	1247	1345	1501	1331	1330	1343	1247	1344	1501	1332	1331	1342	1247	1343	1501	1333	1332	1341	1247	1342	1501	1334	1333	1340	1247	1341	1501	1335	1334	1339	1247	1340	1501	1336	1335	1338	1247	1339	1501	1337	1336	1337	1247	1338	1501	1252	1337	1252	1251	1337	1251	1250	1337	1250	1249	1337	1249	1248	1337	1248	1247	1337	1246	1283	1247	1246	1284	1283	1282	1103	1283	1282	1104	1103	1245	1284	1246	1245	1285	1284	1281	1104	1282	1281	1105	1104	1244	1285	1245	1244	1286	1285	1280	1105	1281	1280	1106	1105	1243	1286	1244	1243	1287	1286	1279	1106	1280	1279	1107	1106	1242	1287	1243	1242	1288	1287	1278	1107	1279	1278	1108	1107	1501	1253	1252	1241	1288	1242	1241	1289	1288	1277	1108	1278	1277	1109	1108	1501	1254	1253	1240	1289	1241	1240	1290	1289	1276	1109	1277	1276	1110	1109	1501	1255	1254	1275	1290	1240	1275	1291	1290	1311	1110	1276	1311	1111	1110	1501	1256	1255	1274	1291	1275	1274	1292	1291	1310	1111	1311	1310	1112	1111	1130	1139	1131	1501	1257	1256	1273	1292	1274	1273	1293	1292	1309	1112	1310	1309	1113	1112	1129	1139	1130	1501	1258	1257	1272	1293	1273	1272	1294	1293	1308	1113	1309	1308	1114	1113	1128	1139	1129	1501	1259	1258	1271	1294	1272	1271	1295	1294	1307	1114	1308	1307	1115	1114	1127	1139	1128	1501	1260	1259	1270	1295	1271	1270	1296	1295	1306	1115	1307	1306	1116	1115	1126	1139	1127	1501	1261	1260	1269	1296	1270	1269	1297	1296	1305	1116	1306	1305	1117	1116	1125	1139	1126	1501	1262	1261	1268	1297	1269	1268	1298	1297	1304	1117	1305	1304	1118	1117	1124	1139	1125	1501	1263	1262	1267	1298	1268	1267	1299	1298	1303	1118	1304	1303	1119	1118	1123	1139	1124	1501	1264	1263	1266	1299	1267	1266	1300	1299	1302	1119	1303	1302	1120	1119	1122	1139	1123	1501	1265	1264	1265	1300	1266	1265	1301	1300	1301	1120	1302	1301	1121	1120	1121	1139	1122	1501	836	1265	836	1301	1265	836	1216	1301	1216	1215	1301	1215	1214	1301	1214	1213	1301	1213	1212	1301	1212	1211	1301	1211	1121	1301	1211	1141	1121	1141	1140	1121	1140	1139	1121	1211	1142	1141	1211	1143	1142	1211	1144	1143	1211	1145	1144	1211	1146	1145	1211	1147	1146	1211	1148	1147	1166	1	1167	1211	1149	1148	1165	1	1166	1211	1150	1149	1164	1	1165	1211	1151	1150	1163	1	1164	1211	1152	1151	1162	1	1163	1211	1153	1152	1161	1	1162	1211	1154	1153	1160	1	1161	1211	1155	1154	1159	1	1160	1211	1156	1155	1158	1	1159	1211	1157	1156	1157	1	1158	1211	1175	1157	1175	1174	1157	1174	1173	1157	1173	1172	1157	1172	1171	1157	1171	1170	1157	1170	1169	1157	1169	1168	1157	1168	1203	1157	1203	1463	1157	1463	1462	1157	1462	1461	1157	1461	1460	1157	1460	1459	1157	1459	1458	1157	1458	1457	1157	1457	1456	1157	1456	1491	1157	1491	831	1157	831	1	1157	1210	1175	1211	1210	1176	1175	1209	1176	1210	1209	1177	1176	1208	1177	1209	1208	1178	1177	1207	1178	1208	1207	1179	1178	1206	1179	1207	1206	1180	1179	836	1217	1216	1205	1180	1206	1205	1181	1180	836	1218	1217	1204	1181	1205	1204	1182	1181	836	1219	1218	1239	1182	1204	1239	1183	1182	836	1220	1219	1238	1183	1239	1238	1184	1183	1202	1463	1203	836	1221	1220	1237	1184	1238	1237	1185	1184	1201	1463	1202	836	1222	1221	1236	1185	1237	1236	1186	1185	1200	1463	1201	836	1223	1222	1235	1186	1236	1235	1187	1186	1199	1463	1200	836	1224	1223	1234	1187	1235	1234	1188	1187	1198	1463	1199	836	1225	1224	1233	1188	1234	1233	1189	1188	1197	1463	1198	836	1226	1225	1232	1189	1233	1232	1190	1189	1196	1463	1197	836	1227	1226	1231	1190	1232	1231	1191	1190	1195	1463	1196	836	1228	1227	1230	1191	1231	1230	1192	1191	1194	1463	1195	836	1229	1228	1229	1192	1230	1229	1193	1192	1193	1463	1194	836	1193	1229	836	1358	1193	1358	1357	1193	1357	1356	1193	1356	1355	1193	1355	1391	1193	1391	1427	1193	1427	1463	1193	1354	1391	1355	1354	1392	1391	1390	1427	1391	1390	1428	1427	1426	1463	1427	1426	1464	1463	1353	1392	1354	1353	1393	1392	1389	1428	1390	1389	1429	1428	1425	1464	1426	1425	1465	1464	1352	1393	1353	1352	1394	1393	1388	1429	1389	1388	1430	1429	1424	1465	1425	1424	1466	1465	836	1359	1358	1351	1394	1352	1351	1395	1394	1387	1430	1388	1387	1431	1430	1423	1466	1424	1423	1467	1466	836	1360	1359	1350	1395	1351	1350	1396	1395	1386	1431	1387	1386	1432	1431	1422	1467	1423	1422	1468	1467	836	1361	1360	1349	1396	1350	1349	1397	1396	1385	1432	1386	1385	1433	1432	1421	1468	1422	1421	1469	1468	836	1362	1361	1348	1397	1349	1348	1398	1397	1384	1433	1385	1384	1434	1433	1420	1469	1421	1420	1470	1469	836	1363	1362	1383	1398	1348	1383	1399	1398	1419	1434	1384	1419	1435	1434	1455	1470	1420	1455	1471	1470	836	1364	1363	1382	1399	1383	1382	1400	1399	1418	1435	1419	1418	1436	1435	1454	1471	1455	1454	1472	1471	1490	831	1491	836	1365	1364	1381	1400	1382	1381	1401	1400	1417	1436	1418	1417	1437	1436	1453	1472	1454	1453	1473	1472	1489	831	1490	836	1366	1365	1380	1401	1381	1380	1402	1401	1416	1437	1417	1416	1438	1437	1452	1473	1453	1452	1474	1473	1488	831	1489	836	1367	1366	1379	1402	1380	1379	1403	1402	1415	1438	1416	1415	1439	1438	1451	1474	1452	1451	1475	1474	1487	831	1488	836	1368	1367	1378	1403	1379	1378	1404	1403	1414	1439	1415	1414	1440	1439	1450	1475	1451	1450	1476	1475	1486	831	1487	836	1369	1368	1377	1404	1378	1377	1405	1404	1413	1440	1414	1413	1441	1440	1449	1476	1450	1449	1477	1476	1485	831	1486	836	1370	1369	1376	1405	1377	1376	1406	1405	1412	1441	1413	1412	1442	1441	1448	1477	1449	1448	1478	1477	1484	831	1485	836	1371	1370	1375	1406	1376	1375	1407	1406	1411	1442	1412	1411	1443	1442	1447	1478	1448	1447	1479	1478	1483	831	1484	836	1372	1371	1374	1407	1375	1374	1408	1407	1410	1443	1411	1410	1444	1443	1446	1479	1447	1446	1480	1479	1482	831	1483	836	1373	1372	1373	1408	1374	1373	1409	1408	1409	1444	1410	1409	1445	1444	1445	1480	1446	1445	1481	1480	1481	831	1482	836	1409	1373	836	1445	1409	836	1481	1445	836	832	1481	832	835	1481	835	831	1481	836	839	832	839	833	832	834	828	835	828	831	835	834	829	828	830	1	831	1501	837	836	838	833	839	1501	838	837	1501	833	838	1501	834	833	1501	829	834	1501	830	829	1501	1500	830	1500	1499	830	1499	1498	830	1498	1497	830	1497	1496	830	1496	1495	830	1495	1494	830	1494	1493	830	1493	1492	830	1492	779	830	779	778	830	778	1	830	1527	779	1492	1526	779	1527	10	1509	1508	1525	779	1526	10	1510	1509	1524	779	1525	10	1511	1510	1523	779	1524	10	1512	1511	1522	779	1523	10	1513	1512	1521	779	1522	10	1514	1513	1520	779	1521	10	1515	1514	1519	779	1520	10	1516	1515	1518	779	1519	10	1517	1516	1517	779	1518	10	779	1517	10	774	779	777	1	778	775	777	776	775	1	777	10	775	774	10	1531	775	1531	1530	775	1530	1	775	10	1528	1531	1529	1	1530	10	1529	1528	10	782	1529	782	780	1529	780	787	1529	787	1	1529	782	781	780	786	785	787	785	1	787	784	1	785	10	783	782	10	784	783	10	1	784
116	878	879	117	878	116	152	914	915	153	914	152	188	950	951	189	950	188	224	986	987	225	986	224	260	1022	1023	261	1022	260	296	1058	1059	297	1058	296	332	1094	1095	333	1094	332	368	1130	1131	369	1130	368	404	1166	1167	405	1166	404	440	1202	1203	441	1202	440	476	1238	1239	477	1238	476	512	1274	1275	513	1274	512	548	1310	1311	549	1310	548	584	1346	1347	585	1346	584	620	1382	1383	621	1382	620	656	1418	1419	657	1418	656	692	1454	1455	693	1454	692	728	1490	1491	729	1490	728	764	1526	1527	765	1526	764
115	879	844	116	879	115	151	915	880	152	915	151	187	951	916	188	951	187	223	987	952	224	987	223	259	1023	988	260	1023	259	295	1059	1024	296	1059	295	331	1095	1060	332	1095	331	367	1131	1096	368	1131	367	403	1167	1132	404	1167	403	439	1203	1168	440	1203	439	475	1239	1204	476	1239	475	511	1275	1240	512	1275	511	547	1311	1276	548	1311	547	583	1347	1312	584	1347	583	619	1383	1348	620	1383	619	655	1419	1384	656	1419	655	691	1455	1420	692	1455	691	727	1491	1456	728	1491	727	763	1527	1492	764	1527	763
114	844	845	115	844	114	150	880	881	151	880	150	186	916	917	187	916	186	222	952	953	223	952	222	258	988	989	259	988	258	294	1024	1025	295	1024	294	330	1060	1061	331	1060	330	366	1096	1097	367	1096	366	402	1132	1133	403	1132	402	438	1168	1169	439	1168	438	474	1204	1205	475	1204	474	510	1240	1241	511	1240	510	546	1276	1277	547	1276	546	582	1312	1313	583	1312	582	618	1348	1349	619	1348	618	654	1384	1385	655	1384	654	690	1420	1421	691	1420	690	726	1456	1457	727	1456	726	762	1492	1493	763	1492	762
113	845	846	114	845	113	149	881	882	150	881	149	185	917	918	186	917	185	221	953	954	222	953	221	257	989	990	258	989	257	293	1025	1026	294	1025	293	329	1061	1062	330	1061	329	365	1097	1098	366	1097	365	401	1133	1134	402	1133	401	437	1169	1170	438	1169	437	473	1205	1206	474	1205	473	509	1241	1242	510	1241	509	545	1277	1278	546	1277	545	581	1313	1314	582	1313	581	617	1349	1350	618	1349	617	653	1385	1386	654	1385	653	689	1421	1422	690	1421	689	725	1457	1458	726	1457	725	761	1493	1494	762	1493	761
112	846	847	113	846	112	148	882	883	149	882	148	184	918	919	185	918	184	220	954	955	221	954	220	256	990	991	257	990	256	292	1026	1027	293	1026	292	328	1062	1063	329	1062	328	364	1098	1099	365	1098	364	400	1134	1135	401	1134	400	436	1170	1171	437	1170	436	472	1206	1207	473	1206	472	508	1242	1243	509	1242	508	544	1278	1279	545	1278	544	580	1314	1315	581	1314	580	616	1350	1351	617	1350	616	652	1386	1387	653	1386	652	688	1422	1423	689	1422	688	724	1458	1459	725	1458	724	760	1494	1495	761	1494	760
111	847	848	112	847	111	147	883	884	148	883	147	183	919	920	184	919	183	219	955	956	220	955	219	255	991	992	256	991	255	291	1027	1028	292	1027	291	327	1063	1064	328	1063	327	363	1099	1100	364	1099	363	399	1135	1136	400	1135	399	435	1171	1172	436	1171	435	471	1207	1208	472	1207	471	507	1243	1244	508	1243	507	543	1279	1280	544	1279	543	579	1315	1316	580	1315	579	615	1351	1352	616	1351	615	651	1387	1388	652	1387	651	687	1423	1424	688	1423	687	723	1459	1460	724	1459	723	759	1495	1496	760	1495	759
110	848	849	111	848	110	146	884	885	147	884	146	182	920	921	183	920	182	218	956	957	219	956	218	254	992	993	255	992	254	290	1028	1029	291	1028	290	326	1064	1065	327	1064	326	758	1496	1497	759	1496	758
109	849	850	110	849	109	145	885	886	146	885	145	181	921	922	182	921	181	217	957	958	218	957	217	253	993	994	254	993	253	289	1029	1030	290	1029	289	325	1065	1066	326	1065	325	757	1497	1498	758	1497	757
108	850	851	109	850	108	144	886	887	145	886	144	180	922	923	181	922	180	216	958	959	217	958	216	252	994	995	253	994	252	288	1030	1031	289	1030	288	324	1066	1067	325	1066	324	360	1102	1103	361	1102	360	396	1138	1139	397	1138	396	432	1174	1175	433	1174	432	468	1210	1211	469	1210	468	504	1246	1247	505	1246	504	540	1282	1283	541	1282	540	576	1318	1319	577	1318	576	612	1354	1355	613	1354	612	648	1390	1391	649	1390	648	684	1426	1427	685	1426	684	720	1462	1463	721	1462	720	756	1498	1499	757	1498	756
107	851	852	108	851	107	143	887	888	144	887	143	179	923	924	180	923	179	215	959	960	216	959	215	251	995	996	252	995	251	287	1031	1032	288	1031	287	323	1067	1068	324	1067	323	359	1103	1104	360	1103	359	395	1139	1140	396	1139	395	431	1175	1176	432	1175	431	467	1211	1212	468	1211	467	503	1247	1248	504	1247	503	539	1283	1284	540	1283	539	575	1319	1320	576	1319	575	611	1355	1356	612	1355	611	647	1391	1392	648	1391	647	683	1427	1428	684	1427	683	719	1463	1464	720	1463	719	755	1499	1500	756	1499	755
106	852	853	107	852	106	142	888	889	143	888	142	178	924	925	179	924	178	214	960	961	215	960	214	250	996	997	251	996	250	286	1032	1033	287	1032	286	322	1068	1069	323	1068	322	358	1104	1105	359	1104	358	394	1140	1141	395	1140	394	430	1176	1177	431	1176	430	466	1212	1213	467	1212	466	502	1248	1249	503	1248	502	538	1284	1285	539	1284	538	574	1320	1321	575	1320	574	610	1356	1357	611	1356	610	646	1392	1393	647	1392	646	682	1428	1429	683	1428	682	718	1464	1465	719	1464	718	754	1500	1501	755	1500	754
105	853	854	106	853	105	141	889	890	142	889	141	177	925	926	178	925	177	213	961	962	214	961	213	249	997	998	250	997	249	285	1033	1034	286	1033	285	321	1069	1070	322	1069	321	357	1105	1106	358	1105	357	393	1141	1142	394	1141	393	429	1177	1178	430	1177	429	465	1213	1214	466	1213	465	501	1249	1250	502	1249	501	537	1285	1286	538	1285	537	573	1321	1322	574	1321	573	609	1357	1358	610	1357	609	645	1393	1394	646	1393	645	681	1429	1430	682	1429	681	717	1465	1466	718	1465	717	753	1501	1502	754	1501	753
104	854	855	105	854	104	140	890	891	141	890	140	176	926	927	177	926	176	212	962	963	213	962	212	248	998	999	249	998	248	284	1034	1035	285	1034	284	320	1070	1071	321	1070	320	356	1106	1107	357	1106	356	392	1142	1143	393	1142	392	428	1178	1179	429	1178	428	464	1214	1215	465	1214	464	500	1250	1251	501	1250	500	536	1286	1287	537	1286	536	572	1322	1323	573	1322	572	608	1358	1359	609	1358	608	644	1394	1395	645	1394	644	680	1430	1431	681	1430	680	716	1466	1467	717	1466	716	752	1502	1503	753	1502	752
103	855	856	104	855	103	139	891	892	140	891	139	175	927	928	176	927	175	211	963	964	212	963	211	247	999	1000	248	999	247	283	1035	1036	284	1035	283	319	1071	1072	320	1071	319	355	1107	1108	356	1107	355	391	1143	1144	392	1143	391	427	1179	1180	428	1179	427	463	1215	1216	464	1215	463	499	1251	1252	500	1251	499	535	1287	1288	536	1287	535	571	1323	1324	572	1323	571	607	1359	1360	608	1359	607	643	1395	1396	644	1395	643	679	1431	1432	680	1431	679	715	1467	1468	716	1467	715	751	1503	1504	752	1503	751
102	856	857	103	856	102	138	892	893	139	892	138	174	928	929	175	928	174	210	964	965	211	964	210	246	1000	1001	247	1000	246	282	1036	1037	283	1036	282	318	1072	1073	319	1072	318	750	1504	1505	751	1504	750
101	857	858	102	857	101	137	893	894	138	893	137	173	929	930	174	929	173	209	965	966	210	965	209	245	1001	1002	246	1001	245	281	1037	1038	282	1037	281	317	1073	1074	318	1073	317	353	1109	1110	354	1109	353	389	1145	1146	390	1145	389	425	1181	1182	426	1181	425	461	1217	1218	462	1217	461	497	1253	1254	498	1253	497	533	1289	1290	534	1289	533	605	1361	1362	606	1361	605	641	1397	1398	642	1397	641	677	1433	1434	678	1433	677	713	1469	1470	714	1469	713	749	1505	1506	750	1505	749
100	858	859	101	858	100	136	894	895	137	894	136	172	930	931	173	930	172	208	966	967	209	966	208	244	1002	1003	245	1002	244	280	1038	1039	281	1038	280	316	1074	1075	317	1074	316	568	1326	1327	569	1326	568	748	1506	1507	749	1506	748
99	859	860	100	859	99	135	895	896	136	895	135	171	931	932	172	931	171	207	967	968	208	967	207	243	1003	1004	244	1003	243	279	1039	1040	280	1039	279	315	1075	1076	316	1075	315	351	1111	1112	352	1111	351	387	1147	1148	388	1147	387	423	1183	1184	424	1183	423	459	1219	1220	460	1219	459	495	1255	1256	496	1255	495	531	1291	1292	532	1291	531	567	1327	1328	568	1327	567	603	1363	1364	604	1363	603	639	1399	1400	640	1399	639	675	1435	1436	676	1435	675	711	1471	1472	712	1471	711	747	1507	1508	748	1507	747
98	860	861	99	860	98	134	896	897	135	896	134	170	932	933	171	932	170	206	968	969	207	968	206	242	1004	1005	243	1004	242	278	1040	1041	279	1040	278	314	1076	1077	315	1076	314	350	1112	1113	351	1112	350	386	1148	1149	387	1148	386	422	1184	1185	423	1184	422	458	1220	1221	459	1220	458	494	1256	1257	495	1256	494	530	1292	1293	531	1292	530	566	1328	1329	567	1328	566	602	1364	1365	603	1364	602	638	1400	1401	639	1400	638	674	1436	1437	675	1436	674	710	1472	1473	711	1472	710	746	1508	1509	747	1508	746
97	861	862	98	861	97	133	897	898	134	897	133	169	933	934	170	933	169	205	969	970	206	969	205	241	1005	1006	242	1005	241	277	1041	1042	278	1041	277	313	1077	1078	314	1077	313	565	1329	1330	566	1329	565	745	1509	1510	746	1509	745
96	862	863	97	862	96	132	898	899	133	898	132	168	934	935	169	934	168	204	970	971	205	970	204	240	1006	1007	241	1006	240	276	1042	1043	277	1042	276	312	1078	1079	313	1078	312	348	1114	1115	349	1114	348	384	1150	1151	385	1150	384	420	1186	1187	421	1186	420	456	1222	1223	457	1222	456	492	1258	1259	493	1258	492	528	1294	1295	529	1294	528	600	1366	1367	601	1366	600	636	1402	1403	637	1402	636	672	1438	1439	673	1438	672	708	1474	1475	709	1474	708	744	1510	1511	745	1510	744
95	863	864	96	863	95	131	899	900	132	899	131	167	935	936	168	935	167	203	971	972	204	971	203	239	1007	1008	240	1007	239	275	1043	1044	276	1043	275	311	1079	1080	312	1079	311	743	1511	1512	744	1511	743
94	864	865	95	864	94	130	900	901	131	900	130	166	936	937	167	936	166	202	972	973	203	972	202	238	1008	1009	239	1008	238	274	1044	1045	275	1044	274	310	1080	1081	311	1080	310	346	1116	1117	347	1116	346	382	1152	1153	383	1152	382	418	1188	1189	419	1188	418	454	1224	1225	455	1224	454	490	1260	1261	491	1260	490	526	1296	1297	527	1296	526	562	1332	1333	563	1332	562	598	1368	1369	599	1368	598	634	1404	1405	635	1404	634	670	1440	1441	671	1440	670	706	1476	1477	707	1476	706	742	1512	1513	743	1512	742
93	865	866	94	865	93	129	901	902	130	901	129	165	937	938	166	937	165	201	973	974	202	973	201	237	1009	1010	238	1009	237	273	1045	1046	274	1045	273	309	1081	1082	310	1081	309	345	1117	1118	346	1117	345	381	1153	1154	382	1153	381	417	1189	1190	418	1189	417	453	1225	1226	454	1225	453	489	1261	1262	490	1261	489	525	1297	1298	526	1297	525	561	1333	1334	562	1333	561	597	1369	1370	598	1369	597	633	1405	1406	634	1405	633	669	1441	1442	670	1441	669	705	1477	1478	706	1477	705	741	1513	1514	742	1513	741
92	866	867	93	866	92	128	902	903	129	902	128	164	938	939	165	938	164	200	974	975	201	974	200	236	1010	1011	237	1010	236	272	1046	1047	273	1046	272	308	1082	1083	309	1082	308	344	1118	1119	345	1118	344	380	1154	1155	381	1154	380	416	1190	1191	417	1190	416	452	1226	1227	453	1226	452	488	1262	1263	489	1262	488	524	1298	1299	525	1298	524	560	1334	1335	561	1334	560	596	1370	1371	597	1370	596	632	1406	1407	633	1406	632	668	1442	1443	669	1442	668	704	1478	1479	705	1478	704	740	1514	1515	741	1514	740
91	867	868	92	867	91	127	903	904	128	903	127	163	939	940	164	939	163	199	975	976	200	975	199	235	1011	1012	236	1011	235	271	1047	1048	272	1047	271	307	1083	1084	308	1083	307	343	1119	1120	344	1119	343	379	1155	1156	380	1155	379	415	1191	1192	416	1191	415	451	1227	1228	452	1227	451	487	1263	1264	488	1263	487	523	1299	1300	524	1299	523	559	1335	1336	560	1335	559	595	1371	1372	596	1371	595	631	1407	1408	632	1407	631	667	1443	1444	668	1443	667	703	1479	1480	704	1479	703	739	1515	1516	740	1515	739
90	868	869	91	868	90	126	904	905	127	904	126	162	940	941	163	940	162	198	976	977	199	976	198	234	1012	1013	235	1012	234	270	1048	1049	271	1048	270	306	1084	1085	307	1084	306	342	1120	1121	343	1120	342	378	1156	1157	379	1156	378	414	1192	1193	415	1192	414	450	1228	1229	451	1228	450	486	1264	1265	487	1264	486	522	1300	1301	523	1300	522	558	1336	1337	559	1336	558	594	1372	1373	595	1372	594	630	1408	1409	631	1408	630	666	1444	1445	667	1444	666	702	1480	1481	703	1480	702	738	1516	1517	739	1516	738
89	869	870	90	869	89	125	905	906	126	905	125	161	941	942	162	941	161	197	977	978	198	977	197	233	1013	1014	234	1013	233	269	1049	1050	270	1049	269	305	1085	1086	306	1085	305	341	1121	1122	342	1121	341	377	1157	1158	378	1157	377	413	1193	1194	414	1193	413	449	1229	1230	450	1229	449	485	1265	1266	486	1265	485	521	1301	1302	522	1301	521	557	1337	1338	558	1337	557	593	1373	1374	594	1373	593	629	1409	1410	630	1409	629	665	1445	1446	666	1445	665	701	1481	1482	702	1481	701	737	1517	1518	738	1517	737
88	870	871	89	870	88	124	906	907	125	906	124	160	942	943	161	942	160	196	978	979	197	978	196	232	1014	1015	233	1014	232	268	1050	1051	269	1050	268	304	1086	1087	305	1086	304	736	1518	1519	737	1518	736
87	871	872	88	871	87	123	907	908	124	907	123	159	943	944	160	943	159	195	979	980	196	979	195	231	1015	1016	232	1015	231	267	1051	1052	268	1051	267	303	1087	1088	304	1087	303	735	1519	1520	736	1519	735
86	872	873	87	872	86	122	908	909	123	908	122	158	944	945	159	944	158	194	980	981	195	980	194	230	1016	1017	231	1016	230	266	1052	1053	267	1052	266	302	1088	1089	303	1088	302	338	1124	1125	339	1124	338	374	1160	1161	375	1160	374	410	1196	1197	411	1196	410	446	1232	1233	447	1232	446	482	1268	1269	483	1268	482	518	1304	1305	519	1304	518	554	1340	1341	555	1340	554	590	1376	1377	591	1376	590	626	1412	1413	627	1412	626	662	1448	1449	663	1448	662	698	1484	1485	699	1484	698	734	1520	1521	735	1520	734
85	873	874	86	873	85	121	909	910	122	909	121	157	945	946	158	945	157	193	981	982	194	981	193	229	1017	1018	230	1017	229	265	1053	1054	266	1053	265	301	1089	1090	302	1089	301	337	1125	1126	338	1125	337	373	1161	1162	374	1161	373	409	1197	1198	410	1197	409	445	1233	1234	446	1233	445	481	1269	1270	482	1269	481	517	1305	1306	518	1305	517	553	1341	1342	554	1341	553	589	1377	1378	590	1377	589	625	1413	1414	626	1413	625	661	1449	1450	662	1449	661	697	1485	1486	698	1485	697	733	1521	1522	734	1521	733
84	874	875	85	874	84	120	910	911	121	910	120	156	946	947	157	946	156	192	982	983	193	982	192	228	1018	1019	229	1018	228	264	1054	1055	265	1054	264	300	1090	1091	301	1090	300	336	1126	1127	337	1126	336	372	1162	1163	373	1162	372	408	1198	1199	409	1198	408	444	1234	1235	445	1234	444	480	1270	1271	481	1270	480	516	1306	1307	517	1306	516	552	1342	1343	553	1342	552	588	1378	1379	589	1378	588	624	1414	1415	625	1414	624	660	1450	1451	661	1450	660	696	1486	1487	697	1486	696	732	1522	1523	733	1522	732
83	875	876	84	875	83	119	911	912	120	911	119	155	947	948	156	947	155	191	983	984	192	983	191	227	1019	1020	228	1019	227	263	1055	1056	264	1055	263	299	1091	1092	300	1091	299	335	1127	1128	336	1127	335	371	1163	1164	372	1163	371	407	1199	1200	408	1199	407	443	1235	1236	444	1235	443	479	1271	1272	480	1271	479	515	1307	1308	516	1307	515	551	1343	1344	552	1343	551	587	1379	1380	588	1379	587	623	1415	1416	624	1415	623	659	1451	1452	660	1451	659	695	1487	1488	696	1487	695	731	1523	1524	732	1523	731
82	876	877	83	876	82	118	912	913	119	912	118	154	948	949	155	948	154	190	984	985	191	984	190	226	1020	1021	227	1020	226	262	1056	1057	263	1056	262	298	1092	1093	299	1092	298	334	1128	1129	335	1128	334	370	1164	1165	371	1164	370	406	1200	1201	407	1200	406	442	1236	1237	443	1236	442	478	1272	1273	479	1272	478	514	1308	1309	515	1308	514	550	1344	1345	551	1344	550	586	1380	1381	587	1380	586	622	1416	1417	623	1416	622	658	1452	1453	659	1452	658	694	1488	1489	695	1488	694	730	1524	1525	731	1524	730
117	877	878	82	877	117	153	913	914	118	913	153	189	949	950	154	949	189	225	985	986	190	985	225	261	1021	1022	226	1021	261	297	1057	1058	262	1057	297	333	1093	1094	298	1093	333	369	1129	1130	334	1129	369	405	1165	1166	370	1165	405	441	1201	1202	406	1201	441	477	1237	1238	442	1237	477	513	1273	1274	478	1273	513	549	1309	1310	514	1309	549	585	1345	1346	550	1345	585	621	1381	1382	586	1381	621	657	1417	1418	622	1417	657	693	1453	1454	658	1453	693	729	1489	1490	694	1489	729	765	1525	1526	730	1525	765
362	1100	1101	363	1100	362	398	1136	1137	399	1136	398	434	1172	1173	435	1172	434	470	1208	1209	471	1208	470	506	1244	1245	507	1244	506	542	1280	1281	543	1280	542	578	1316	1317	579	1316	578	614	1352	1353	615	1352	614	650	1388	1389	651	1388	650	686	1424	1425	687	1424	686	722	1460	1461	723	1460	722
361	1101	1102	362	1101	361	397	1137	1138	398	1137	397	433	1173	1174	434	1173	433	469	1209	1210	470	1209	469	505	1245	1246	506	1245	505	541	1281	1282	542	1281	541	577	1317	1318	578	1317	577	613	1353	1354	614	1353	613	649	1389	1390	650	1389	649	685	1425	1426	686	1425	685	721	1461	1462	722	1461	721
354	1108	1109	355	1108	354	390	1144	1145	391	1144	390	426	1180	1181	427	1180	426	462	1216	1217	463	1216	462	498	1252	1253	499	1252	498	534	1288	1289	535	1288	534	570	1324	1325	571	1324	570	606	1360	1361	607	1360	606	642	1396	1397	643	1396	642	678	1432	1433	679	1432	678	714	1468	1469	715	1468	714
352	1110	1111	353	1110	352	388	1146	1147	389	1146	388	424	1182	1183	425	1182	424	460	1218	1219	461	1218	460	496	1254	1255	497	1254	496	532	1290	1291	533	1290	532	604	1362	1363	605	1362	604	640	1398	1399	641	1398	640	676	1434	1435	677	1434	676	712	1470	1471	713	1470	712
349	1113	1114	350	1113	349	385	1149	1150	386	1149	385	421	1185	1186	422	1185	421	457	1221	1222	458	1221	457	493	1257	1258	494	1257	493	529	1293	1294	530	1293	529	601	1365	1366	602	1365	601	637	1401	1402	638	1401	637	673	1437	1438	674	1437	673	709	1473	1474	710	1473	709
347	1115	1116	348	1115	347	383	1151	1152	384	1151	383	419	1187	1188	420	1187	419	455	1223	1224	456	1223	455	491	1259	1260	492	1259	491	527	1295	1296	528	1295	527	563	1331	1332	564	1331	563	599	1367	1368	600	1367	599	635	1403	1404	636	1403	635	671	1439	1440	672	1439	671	707	1475	1476	708	1475	707
340	1122	1123	341	1122	340	376	1158	1159	377	1158	376	412	1194	1195	413	1194	412	448	1230	1231	449	1230	448	484	1266	1267	485	1266	484	520	1302	1303	521	1302	520	556	1338	1339	557	1338	556	592	1374	1375	593	1374	592	628	1410	1411	629	1410	628	664	1446	1447	665	1446	664	700	1482	1483	701	1482	700
339	1123	1124	340	1123	339	375	1159	1160	376	1159	375	411	1195	1196	412	1195	411	447	1231	1232	448	1231	447	483	1267	1268	484	1267	483	519	1303	1304	520	1303	519	555	1339	1340	556	1339	555	591	1375	1376	592	1375	591	627	1411	1412	628	1411	627	663	1447	1448	664	1447	663	699	1483	1484	700	1483	699
569	1325	1326	570	1325	569
564	1330	1331	565	1330	564

#	Normal	52
-0	-1	-0
-1	0	-0
-0	1	-0
1	0	0
-0	-0	1
-0	-0	-1
0.0873448	0.996178	0
0.258751	0.965944	0
0.422665	0.906286	0
0.573583	0.819148	0
0.707107	0.707107	0
0.819	0.573793	0
0.906458	0.422296	0
0.965892	0.258945	0
0.99621	0.0869779	0
0.996214	-0.086939	-0
0.965862	-0.259057	-0
0.906458	-0.422296	-0
0.819148	-0.573583	-0
0.707107	-0.707107	-0
0.573282	-0.819358	-0
0.422665	-0.906286	-0
0.259169	-0.965832	-0
0.0869002	-0.996217	-0
-0.0869779	-0.99621	-0
-0.259169	-0.965832	-0
-0.422321	-0.906446	-0
-0.573703	-0.819063	-0
-0.707107	-0.707107	-0
-0.819148	-0.573583	-0
-0.906114	-0.423033	-0
-0.966086	-0.258221	-0
-0.996136	-0.0878284	-0
-0.996132	0.0878676	-0
-0.966116	0.258109	-0
-0.906114	0.423033	-0
-0.819	0.573793	-0
-0.707107	0.707107	-0
-0.574004	0.818853	-0
-0.422321	0.906446	-0
-0.258751	0.965944	-0
-0.0874228	0.996171	-0
0.906538	0.422125	0
0.965862	0.259057	0
0.573583	-0.819148	-0
0.258751	-0.965944	-0
-0.258751	-0.965944	-0
-0.574004	-0.818853	-0
-0.966086	0.258221	-0
-0.906195	0.422861	-0
0.422296	-0.906458	-0
-0.421953	-0.906618	-0

#	Mesh	0	End


COMPONENTFINISH

COMPONENT 3 36528=IfcSlab
#	Mesh	0	Begin

#	Vertex	12
-268.327	91.6418	3.38
-268.327	114.365	3.38
-267.148	114.365	3.38
-267.148	118.769	3.38
-124.618	118.769	3.38
-124.618	91.6418	3.38
-268.327	91.6418	2.58
-268.327	114.365	2.58
-267.148	114.365	2.58
-267.148	118.769	2.58
-124.618	118.769	2.58
-124.618	91.6418	2.58

#	Triangle	6
5	6	11	0	6	5
0	7	6	1	7	0	2	9	8	3	9	2
1	8	7	2	8	1	3	10	9	4	10	3
4	11	10	5	11	4
4	0	5	4	2	0	2	1	0	4	3	2
7	11	6	7	8	11	8	10	11	9	10	8

#	Normal	6
-0	-1	-0
-1	0	-0
-0	1	-0
1	0	0
0	0	1
0	-0	-1

#	Mesh	0	End


COMPONENTFINISH

COMPONENT 3 370566=IfcSlab
#	Mesh	0	Begin

#	Vertex	12
-224.578	64.7303	-2.27
-224.578	68.7304	-2.27
-195.258	68.7304	-2.27
-195.258	90.4588	-2.27
-191.058	90.4588	-2.27
-191.058	64.7303	-2.27
-224.578	64.7303	-2.82
-224.578	68.7304	-2.82
-195.258	68.7304	-2.82
-195.258	90.4588	-2.82
-191.058	90.4588	-2.82
-191.058	64.7303	-2.82

#	Triangle	6
5	6	11	0	6	5
0	7	6	1	7	0	2	9	8	3	9	2
1	8	7	2	8	1	3	10	9	4	10	3
4	11	10	5	11	4
4	2	5	2	0	5	2	1	0	4	3	2
7	11	6	7	8	11	8	10	11	9	10	8

#	Normal	6
-0	-1	-0
-1	0	-0
-0	1	-0
1	0	0
0	0	1
0	-0	-1

#	Mesh	0	End


COMPONENTFINISH

COMPONENT 3 52320=IfcSlab
#	Mesh	0	Begin

#	Vertex	12
-202.908	64.7303	3.38
-202.908	68.7304	3.38
-195.258	68.7304	3.38
-195.258	91.0088	3.38
-191.058	91.0088	3.38
-191.058	64.7303	3.38
-202.908	64.7303	2.83
-202.908	68.7304	2.83
-195.258	68.7304	2.83
-195.258	91.0088	2.83
-191.058	91.0088	2.83
-191.058	64.7303	2.83

#	Triangle	6
5	6	11	0	6	5
0	7	6	1	7	0	2	9	8	3	9	2
1	8	7	2	8	1	3	10	9	4	10	3
4	11	10	5	11	4
4	2	5	2	0	5	2	1	0	4	3	2
7	11	6	7	8	11	8	10	11	9	10	8

#	Normal	6
-0	-1	-0
-1	0	-0
-0	1	-0
1	0	0
0	0	1
0	-0	-1

#	Mesh	0	End


COMPONENTFINISH

COMPONENT 3 632704=IfcSlab
#	Mesh	0	Begin

#	Vertex	16
-196.008	90.9688	-2.27
-196.008	91.9688	-2.27
-190.308	91.9688	-2.27
-190.308	90.9688	-2.27
-191.058	90.9688	-2.27
-191.058	90.495	-2.27
-195.258	90.495	-2.27
-195.258	90.9688	-2.27
-196.008	90.9688	-2.77
-196.008	91.9688	-2.77
-190.308	91.9688	-2.77
-190.308	90.9688	-2.77
-191.058	90.9688	-2.77
-191.058	90.495	-2.77
-195.258	90.495	-2.77
-195.258	90.9688	-2.77

#	Triangle	6
7	8	15	0	8	7	3	12	11	4	12	3	5	14	13	6	14	5
0	9	8	1	9	0	6	15	14	7	15	6
1	10	9	2	10	1
2	11	10	3	11	2	4	13	12	5	13	4
4	6	5	4	7	6	2	4	3	2	7	4	2	0	7	2	1	0
15	13	14	15	12	13	9	15	8	9	12	15	9	11	12	9	10	11

#	Normal	6
-0	-1	-0
-1	0	-0
-0	1	-0
1	0	0
0	0	1
0	-0	-1

#	Mesh	0	End


COMPONENTFINISH

COMPONENT 3 632808=IfcSlab
#	TMesh	632704=IfcSlab
1.00005	-1.05043e-008	3.36489e-014	0	1.05043e-008	1.00005	-1.51448e-007	0	-3.20582e-014	1.51448e-007	1.00005	0	0.0101318	-0.0116043	5.65015	1

COMPONENTFINISH

COMPONENT 3 642300=IfcSlab
#	Mesh	0	Begin

#	Vertex	36
-207.12	68.7308	-0.115898
-207.12	66.8898	-0.115898
-207.11	66.8898	-0.115898
-205.625	66.8898	-0.115898
-205.625	68.7308	-0.115898
-207.11	68.7308	-0.115898
-205.625	68.7308	-0.165898
-205.625	66.8898	-0.165898
-207.11	66.8898	-0.165898
-207.12	66.8898	-0.165898
-207.12	68.7308	-0.165898
-207.11	68.7308	-0.165898
-205.616	66.8898	-0.121523
-205.619	66.8898	-0.119648
-205.622	66.8898	-0.117773
-205.625	66.8898	-0.145898
-205.623	66.8898	-0.144429
-205.619	66.8898	-0.142148
-205.616	66.8898	-0.140273
-205.612	66.8898	-0.138398
-205.612	66.8898	-0.134648
-205.612	66.8898	-0.130898
-205.612	66.8898	-0.127148
-205.612	66.8898	-0.123398
-205.625	68.7308	-0.145898
-205.623	68.7308	-0.117367
-205.62	68.7308	-0.118836
-205.616	68.7308	-0.121117
-205.612	68.7308	-0.123398
-205.612	68.7308	-0.127148
-205.612	68.7308	-0.130898
-205.612	68.7308	-0.134648
-205.612	68.7308	-0.138398
-205.616	68.7308	-0.140273
-205.619	68.7308	-0.142148
-205.622	68.7308	-0.144023

#	Triangle	16
2	0	1	2	5	0	3	5	2	3	4	5
11	9	10	11	8	9	6	8	11	6	7	8
15	8	7	15	9	8	15	1	9	16	1	15	17	1	16	18	1	17	19	1	18	20	1	19	21	1	20	22	1	21	23	1	22	12	1	23	13	1	12	14	1	13	3	2	14
2	1	14
6	15	7	24	15	6	31	19	32	31	20	19	30	20	31	30	21	20	29	21	30	29	22	21	28	22	29	28	23	22
0	11	10	0	6	11	0	24	6	0	35	24	0	34	35	0	33	34	0	32	33	0	31	32	0	30	31	0	29	30	0	28	29	0	27	28	0	26	27	0	25	26	5	4	25
0	5	25
9	0	10	1	0	9
28	12	23	28	13	12	28	14	13	28	3	14
28	27	3
27	26	3
26	25	3
25	4	3
24	16	15
24	17	16
24	18	17	24	19	18	24	35	19	35	34	19	34	33	19	33	32	19

#	Normal	16
-0	-0	1
-0	-0	-1
-0	-1	-0
-0	-1.875e-005	-0
1	-0	-0
-0	1	-0
-0	1.46913e-005	-0
-1	-0	-0
0.499722	0	0.866186
0.499759	-3.396e-007	0.866165
0.49976	-3.47815e-007	0.866164
0.499664	3.58975e-009	0.866219
0.499666	-0	0.866218
0.499666	-0	-0.866218
0.499759	1.698e-007	-0.866165
0.499722	-1.29981e-017	-0.866186

#	Mesh	0	End


COMPONENTFINISH

COMPONENT 3 642432=IfcSlab
#	TMesh	642300=IfcSlab
1.00002	-1.13074e-005	6.17467e-007	0	1.13074e-005	1.00002	1.15142e-007	0	-6.17467e-007	-1.15142e-007	1.00002	0	-5.99757	-0.00339508	2.15422	1

COMPONENTFINISH

COMPONENT 3 642564=IfcSlab
#	TMesh	642300=IfcSlab
1.00006	-3.36946e-005	-2.10572e-006	0	3.36946e-005	1.00006	3.28349e-007	0	2.10572e-006	-3.28422e-007	1.00006	0	-12.2899	-0.0110931	4.44239	1

COMPONENTFINISH

COMPONENT 3 746866=IfcSlab
#	TMesh	1663462=IfcSlab
0.978256	-0.0792223	0	0	0.0792223	0.978256	0	0	0	0	0.981459	0	-280.9	204.322	5.17454	1

COMPONENTFINISH

ALLCOMPONENTFINISH 3