ALLCOMPONENTSTART 10
COMPONENT 10 1625701=IfcFlowTerminal
#	Mesh	0	Begin

#	Vertex	240
56.3259	79.1593	-3.06597
56.3283	79.1547	-3.06597
56.3318	79.1508	-3.06597
56.3362	79.148	-3.06597
56.3411	79.1464	-3.06597
56.3464	79.1461	-3.06597
56.3515	79.1472	-3.06597
56.3561	79.1496	-3.06597
56.36	79.1531	-3.06597
56.3628	79.1575	-3.06597
56.3644	79.1624	-3.06597
56.3647	79.1676	-3.06597
56.3636	79.1727	-3.06597
56.3612	79.1774	-3.06597
56.3577	79.1813	-3.06597
56.3533	79.1841	-3.06597
56.3484	79.1857	-3.06597
56.3431	79.186	-3.06597
56.338	79.1849	-3.06597
56.3334	79.1825	-3.06597
56.3295	79.179	-3.06597
56.3267	79.1746	-3.06597
56.3251	79.1696	-3.06597
56.3248	79.1644	-3.06597
56.338	79.1849	-3.07407
56.3431	79.186	-3.07407
56.3334	79.1825	-3.07407
56.3295	79.179	-3.07407
56.3267	79.1746	-3.07407
56.3251	79.1696	-3.07407
56.3248	79.1644	-3.07407
56.3259	79.1593	-3.07407
56.3283	79.1547	-3.07407
56.3318	79.1508	-3.07407
56.3362	79.148	-3.07407
56.3411	79.1464	-3.07407
56.3464	79.1461	-3.07407
56.3515	79.1472	-3.07407
56.3561	79.1496	-3.07407
56.36	79.1531	-3.07407
56.3628	79.1575	-3.07407
56.3644	79.1624	-3.07407
56.3647	79.1676	-3.07407
56.3636	79.1727	-3.07407
56.3612	79.1774	-3.07407
56.3577	79.1813	-3.07407
56.3533	79.1841	-3.07407
56.3484	79.1857	-3.07407
56.3562	79.1848	-3.07407
56.3496	79.1864	-3.07407
56.3606	79.1796	-3.07407
56.343	79.188	-3.07407
56.3398	79.1866	-3.07407
56.3367	79.1853	-3.07407
56.3304	79.1827	-3.07407
56.3269	79.1769	-3.07407
56.3233	79.1711	-3.07407
56.3239	79.1643	-3.07407
56.3244	79.1576	-3.07407
56.3289	79.1524	-3.07407
56.3333	79.1472	-3.07407
56.3399	79.1457	-3.07407
56.3465	79.1441	-3.07407
56.3497	79.1454	-3.07407
56.3528	79.1467	-3.07407
56.3591	79.1493	-3.07407
56.3626	79.1551	-3.07407
56.3662	79.1609	-3.07407
56.3656	79.1677	-3.07407
56.3651	79.1745	-3.07407
56.3334	79.1422	-3.07839
56.34	79.1401	-3.07839
56.3246	79.1831	-3.07839
56.3277	79.1459	-3.07839
56.3188	79.1708	-3.07839
56.3199	79.1572	-3.07839
56.323	79.151	-3.07839
56.3359	79.1909	-3.07839
56.3469	79.1397	-3.07839
56.3468	79.1413	-3.07681
56.3184	79.1639	-3.07839
56.3428	79.1907	-3.07681
56.3426	79.1923	-3.07839
56.3209	79.1773	-3.07839
56.3298	79.1878	-3.07839
56.3561	79.1899	-3.07839
56.3495	79.192	-3.07839
56.3649	79.1489	-3.07839
56.3619	79.1861	-3.07839
56.3707	79.1613	-3.07839
56.3696	79.1749	-3.07839
56.3665	79.181	-3.07839
56.3536	79.1412	-3.07839
56.3711	79.1682	-3.07839
56.3686	79.1547	-3.07839
56.3598	79.1443	-3.07839
56.3218	79.1502	-3.07839
56.3267	79.1448	-3.07839
56.3185	79.1567	-3.07839
56.3328	79.1408	-3.07839
56.3397	79.1386	-3.07839
56.347	79.1382	-3.07839
56.3541	79.1398	-3.07839
56.3606	79.1431	-3.07839
56.366	79.148	-3.07839
56.3699	79.1541	-3.07839
56.3722	79.161	-3.07839
56.3725	79.1683	-3.07839
56.371	79.1754	-3.07839
56.3677	79.1819	-3.07839
56.3628	79.1873	-3.07839
56.3567	79.1912	-3.07839
56.3498	79.1935	-3.07839
56.3425	79.1938	-3.07839
56.3354	79.1923	-3.07839
56.3289	79.189	-3.07839
56.3235	79.1841	-3.07839
56.3196	79.178	-3.07839
56.3173	79.171	-3.07839
56.317	79.1638	-3.07839
56.3354	79.1923	-3.09027
56.3425	79.1938	-3.09027
56.3289	79.189	-3.09027
56.3235	79.1841	-3.09027
56.3196	79.178	-3.09027
56.3173	79.171	-3.09027
56.317	79.1638	-3.09027
56.3185	79.1567	-3.09027
56.3218	79.1502	-3.09027
56.3267	79.1448	-3.09027
56.3328	79.1408	-3.09027
56.3397	79.1386	-3.09027
56.347	79.1382	-3.09027
56.3541	79.1398	-3.09027
56.3606	79.1431	-3.09027
56.366	79.148	-3.09027
56.3699	79.1541	-3.09027
56.3722	79.161	-3.09027
56.3725	79.1683	-3.09027
56.371	79.1754	-3.09027
56.3677	79.1819	-3.09027
56.3628	79.1873	-3.09027
56.3567	79.1912	-3.09027
56.3498	79.1935	-3.09027
56.3211	79.1497	-3.09027
56.3262	79.1442	-3.09027
56.3177	79.1564	-3.09027
56.3325	79.1401	-3.09027
56.3396	79.1378	-3.09027
56.3471	79.1374	-3.09027
56.3544	79.139	-3.09027
56.3611	79.1424	-3.09027
56.3666	79.1474	-3.09027
56.3707	79.1537	-3.09027
56.373	79.1609	-3.09027
56.3734	79.1683	-3.09027
56.3718	79.1757	-3.09027
56.3684	79.1823	-3.09027
56.3633	79.1879	-3.09027
56.357	79.192	-3.09027
56.3499	79.1943	-3.09027
56.3424	79.1946	-3.09027
56.3351	79.1931	-3.09027
56.3284	79.1896	-3.09027
56.3229	79.1846	-3.09027
56.3188	79.1783	-3.09027
56.3165	79.1712	-3.09027
56.3161	79.1637	-3.09027
56.3351	79.1931	-3.11457
56.3424	79.1946	-3.11457
56.3284	79.1896	-3.11457
56.3229	79.1846	-3.11457
56.3188	79.1783	-3.11457
56.3165	79.1712	-3.11457
56.3161	79.1637	-3.11457
56.3177	79.1564	-3.11457
56.3211	79.1497	-3.11457
56.3262	79.1442	-3.11457
56.3325	79.1401	-3.11457
56.3396	79.1378	-3.11457
56.3471	79.1374	-3.11457
56.3544	79.139	-3.11457
56.3611	79.1424	-3.11457
56.3666	79.1474	-3.11457
56.3707	79.1537	-3.11457
56.373	79.1609	-3.11457
56.3734	79.1683	-3.11457
56.3718	79.1757	-3.11457
56.357	79.192	-3.11457
56.3499	79.1943	-3.11457
56.3633	79.1879	-3.11457
56.3684	79.1823	-3.11457
56.3749	79.1404	-3.11997
56.3681	79.1323	-3.11997
56.3608	79.1297	-3.11997
56.3481	79.1252	-3.11997
56.3376	79.1271	-3.11997
56.3272	79.129	-3.11997
56.3191	79.1359	-3.11997
56.311	79.1427	-3.11997
56.3074	79.1527	-3.11997
56.3039	79.1627	-3.11997
56.3058	79.1732	-3.11997
56.3077	79.1836	-3.11997
56.3146	79.1917	-3.11997
56.3215	79.1998	-3.11997
56.3287	79.2023	-3.11997
56.3414	79.2069	-3.11997
56.3519	79.205	-3.11997
56.3623	79.2031	-3.11997
56.3704	79.1962	-3.11997
56.3785	79.1893	-3.11997
56.3821	79.1793	-3.11997
56.3856	79.1693	-3.11997
56.3837	79.1589	-3.11997
56.3818	79.1485	-3.11997
56.381	79.191	-3.11457
56.3723	79.1984	-3.11457
56.3848	79.1803	-3.11457
56.3636	79.2058	-3.11457
56.3555	79.2073	-3.11457
56.3412	79.2099	-3.11457
56.3305	79.2061	-3.11457
56.3197	79.2022	-3.11457
56.3124	79.1936	-3.11457
56.305	79.1849	-3.11457
56.3029	79.1737	-3.11457
56.3009	79.1625	-3.11457
56.3047	79.1518	-3.11457
56.3085	79.141	-3.11457
56.3172	79.1336	-3.11457
56.3259	79.1263	-3.11457
56.334	79.1248	-3.11457
56.3483	79.1222	-3.11457
56.359	79.126	-3.11457
56.3698	79.1298	-3.11457
56.3771	79.1385	-3.11457
56.3845	79.1472	-3.11457
56.3866	79.1584	-3.11457
56.3886	79.1696	-3.11457

#	Triangle	162
18	16	17	5	6	4	44	48	45	48	44	50	28	27	54	55	28	54	56	28	55	59	32	58	60	32	59	33	32	60	40	39	65	66	40	65	67	40	66	50	44	69
19	16	18	4	6	7
19	15	16	4	7	3
20	15	19	3	7	8
20	14	15	3	8	2
21	14	20	21	13	14	22	13	21	22	12	13	23	12	22	23	11	12	0	11	23	0	10	11	1	10	0	1	9	10	2	9	1	2	8	9	187	216	191	190	191	216	217	190	216	216	187	218	219	190	217	219	188	190	219	189	188	220	189	219	221	189	220	169	189	221	221	168	169	222	168	221	223	168	222	223	170	168	170	223	171	224	171	223	225	171	224	171	225	172	225	173	172	226	173	225	227	173	226	173	227	174	174	227	175	228	175	227	229	175	228	175	229	176	176	229	177	230	177	229	231	177	230	231	178	177	178	231	179	232	179	231	233	179	232	179	233	180	180	233	181	234	181	233	235	181	234	182	181	235	235	183	182	236	183	235	237	183	236	183	237	184	185	184	237	238	185	237	239	185	238	218	187	239	186	239	187	186	185	239
25	18	17	24	18	25
24	19	18	26	19	24
28	20	27	21	20	28
19	27	20	26	27	19
29	21	28	22	21	29
30	22	29	23	22	30
30	0	23	31	0	30
31	1	0	32	1	31
34	2	33	3	2	34
1	33	2	32	33	1
35	3	34	4	3	35
36	4	35	5	4	36
36	6	5	37	6	36
37	7	6	38	7	37
40	8	39	9	8	40
7	39	8	38	39	7
41	9	40	10	9	41
42	10	41	11	10	42
42	12	11	43	12	42
43	13	12	44	13	43
46	14	45	15	14	46
13	45	14	44	45	13
47	15	46	16	15	47
25	16	47	17	16	25
45	48	46	27	26	54	28	56	29	31	58	32	33	60	34	65	39	38	41	40	67	44	43	69	76	96	97	96	75	98	97	99	73	99	100	71	101	78	100	92	101	102	102	103	95	104	87	103	94	104	105	105	106	89	107	93	106	108	90	107	108	109	91	110	88	109	110	111	85	112	85	111	112	113	86	113	114	82	115	77	114	116	84	115	72	116	117	118	83	117	118	119	74	119	98	80
47	46	48	24	54	26	35	34	60	65	38	37
49	47	48	51	47	49	54	24	53	57	30	56	58	30	57	61	35	60	62	35	61	65	37	64	68	42	67	69	42	68	128	144	145	127	144	128	144	127	146	129	128	145	145	147	129	130	129	147	131	130	147	147	148	131	131	148	132	149	132	148	149	133	132	133	149	150	134	133	150	150	151	134	135	134	151	152	135	151	152	136	135	136	152	153	137	136	153	153	154	137	138	137	154	155	138	154	139	138	155	156	139	155	140	139	156	156	157	140	157	141	140	158	141	157	141	158	142	158	159	142	160	142	159	142	160	143	160	161	143	143	161	121	161	162	121	121	162	120	163	120	162	120	163	122	164	122	163	123	122	164	123	164	165	165	124	123	166	124	165	124	166	125	166	167	125	167	146	126	125	167	126	127	126	146
51	25	47	51	24	25	62	36	35	62	37	36	75	96	76	73	76	97	70	73	99	71	70	99	71	100	78	101	92	78	95	92	102	87	95	103	104	94	87	89	94	105	93	89	106	90	93	107	91	90	108	109	88	91	88	110	85	85	112	86	86	113	82	82	114	77	77	115	84	72	84	116	117	83	72	83	118	74	74	119	80	80	98	75
52	24	51	53	24	52	63	37	62	64	37	63
30	29	56	58	31	30	67	42	41	42	69	43
61	70	71
55	54	72
59	73	60
74	57	56	75	58	57
61	60	70
58	75	76
52	77	53
62	78	79	51	82	81
71	78	62
70	60	73
61	71	62
80	75	57
76	73	59
77	81	82
55	72	83
52	81	77
81	52	51
84	54	53
59	58	76
77	84	53
57	74	80
55	83	56
56	83	74
84	72	54
49	85	86
66	65	87
50	88	48
89	68	67	90	69	68
49	48	85
69	90	91
63	92	64
86	82	51
85	48	88
49	86	51
93	90	68
91	88	50
92	79	78
66	87	94
63	79	92
79	63	62
95	65	64
50	69	91
92	95	64
68	89	93
66	94	67
67	94	89
95	87	65
121	114	113	120	114	121
120	115	114	122	115	120
124	116	123	117	116	124
115	123	116	122	123	115
125	117	124	118	117	125
126	118	125	119	118	126
126	98	119	127	98	126
127	96	98	128	96	127
130	97	129	99	97	130
96	129	97	128	129	96
131	99	130	100	99	131
132	100	131	101	100	132
132	102	101	133	102	132
133	103	102	134	103	133
136	104	135	105	104	136
103	135	104	134	135	103
137	105	136	106	105	137
138	106	137	107	106	138
138	108	107	139	108	138
139	109	108	140	109	139
142	110	141	111	110	142
109	141	110	140	141	109
143	111	142	112	111	143
121	112	143	113	112	121
169	162	161	168	162	169
168	163	162	170	163	168
172	164	171	165	164	172
163	171	164	170	171	163
173	165	172	166	165	173
174	166	173	167	166	174
174	146	167	175	146	174
175	144	146	176	144	175
178	145	177	147	145	178
144	177	145	176	177	144
179	147	178	148	147	179
180	148	179	149	148	180
180	150	149	181	150	180
181	151	150	182	151	181
184	152	183	153	152	184
151	183	152	182	183	151
185	153	184	154	153	185
186	154	185	155	154	186
155	187	156	186	187	155
160	188	189	159	188	160
190	159	158	188	159	190
161	189	169	160	189	161
157	187	191	156	187	157
158	191	190	157	191	158
208	206	207	209	206	208	194	196	197	195	196	194
209	205	206	194	197	193
210	205	209	210	204	205	211	204	210	211	203	204	212	203	211	212	202	203	213	202	212	213	201	202	214	201	213	214	200	201	215	200	214	215	199	200	192	199	215	192	198	199	193	198	192	193	197	198
222	205	223	221	207	222
222	206	205
222	207	206
225	204	203	225	205	204
224	205	225	224	223	205
203	226	225	201	227	226
202	226	203	201	226	202
197	232	231
196	232	197	195	233	196
196	233	232
198	229	199	197	229	198
197	230	229	231	230	197
201	228	227	199	229	228
200	228	201	199	228	200
195	234	233	194	235	234
194	234	195
193	235	194
237	192	215	237	193	192
236	193	237	236	235	193
238	213	239	237	214	238
238	214	213	237	215	214
220	207	221
220	208	207	220	209	208
219	209	220
219	210	209	219	211	210
217	211	219	217	216	211
218	211	216	239	212	218
218	212	211	239	213	212

#	Normal	162
-0	-0	7.01999e-006
-0	-0	2.07088e-005
-0	-0	3.99603e-005
-0	-0	6.3501e-005
-0	-0	8.99673e-005
-0	-0	1
-8.85948e-006	4.13548e-005	-0
-1.9301e-005	3.76212e-005	-0
-3.55645e-005	2.29397e-005	-0
-2.83503e-005	3.13879e-005	-0
-4.02474e-005	1.29728e-005	-0
-4.22091e-005	2.11995e-006	-0
-4.13864e-005	-8.89112e-006	0
-3.75895e-005	-1.92694e-005	0
-2.29714e-005	-3.55012e-005	0
-3.13879e-005	-2.8382e-005	-0
-1.29728e-005	-4.02474e-005	0
-2.08831e-006	-4.22407e-005	0
8.85948e-006	-4.13548e-005	-0
1.9301e-005	-3.76528e-005	-0
3.55645e-005	-2.29397e-005	-0
2.83503e-005	-3.13562e-005	-0
4.02474e-005	-1.30045e-005	-0
4.22091e-005	-2.08831e-006	-0
4.13232e-005	8.85948e-006	-0
3.76528e-005	1.9301e-005	-0
2.29714e-005	3.55329e-005	-0
3.13879e-005	2.83503e-005	0
1.29728e-005	4.02474e-005	-0
2.08831e-006	4.22407e-005	-0
-0	-0	1.12942e-005
-0	0	8.14948e-006
0	0	6.43945e-006
0	0	1.03477e-005
-0	0	3.23969e-006
-0	-0	9.4079e-006
-9.14588e-006	-2.8332e-005	3.66589e-005
-2.50752e-005	1.52881e-005	3.50138e-005
-2.23078e-005	-1.91186e-005	3.50267e-005
-2.92938e-005	-2.3624e-006	3.11497e-005
-6.78347e-006	-2.85682e-005	3.33106e-005
-2.64927e-005	-1.35669e-005	2.92329e-005
-5.66977e-006	1.35501e-005	1.8495e-005
4.52042e-009	1.39675e-008	-1.38245e-008
-1.48494e-006	-2.97494e-005	3.01148e-005
-1.61656e-005	-2.49909e-005	2.88063e-005
-6.78347e-006	-2.85851e-005	3.7035e-005
-2.91251e-005	-6.26037e-006	3.74264e-005
-2.20716e-005	-1.99792e-005	3.62534e-005
-2.28825e-006	1.06108e-005	1.09791e-005
-2.50077e-005	1.61487e-005	3.62144e-005
-6.03898e-006	2.344e-005	2.85451e-005
-3.58152e-006	8.62138e-006	9.05499e-006
-1.1272e-005	2.71001e-005	3.32776e-005
-2.22741e-005	-1.91186e-005	3.62519e-005
-1.35669e-005	2.64927e-005	3.66299e-005
-2.97325e-005	1.48494e-006	3.74093e-005
-2.50752e-005	1.52881e-005	3.62255e-005
-2.83151e-005	9.14588e-006	2.92201e-005
-1.99792e-005	2.20885e-005	2.88117e-005
9.11213e-006	2.8332e-005	3.66083e-005
2.50752e-005	-1.52881e-005	3.50138e-005
2.23078e-005	1.91186e-005	3.50469e-005
2.92938e-005	2.3624e-006	3.11497e-005
6.78347e-006	2.85682e-005	3.33106e-005
2.64927e-005	1.35838e-005	2.92345e-005
5.63602e-006	-1.35501e-005	1.84641e-005
1.51869e-006	2.97325e-005	3.00949e-005
1.61656e-005	2.50077e-005	2.88261e-005
6.78347e-006	2.85682e-005	3.69614e-005
2.91251e-005	6.26037e-006	3.74527e-005
2.20716e-005	1.99623e-005	3.6248e-005
2.28825e-006	-1.06047e-005	1.09785e-005
2.50077e-005	-1.61656e-005	3.62386e-005
6.03898e-006	-2.344e-005	2.85451e-005
3.58152e-006	-8.61066e-006	9.039e-006
1.13058e-005	-2.71001e-005	3.32931e-005
2.22741e-005	1.91355e-005	3.62573e-005
1.35669e-005	-2.65095e-005	3.66036e-005
2.97325e-005	-1.50181e-006	3.74345e-005
2.50752e-005	-1.52881e-005	3.62482e-005
2.83151e-005	-9.129e-006	2.92214e-005
1.99792e-005	-2.20716e-005	2.88102e-005
-1.80986e-005	8.45067e-005	-0
-3.94457e-005	7.69888e-005	-0
-7.25802e-005	4.69636e-005	-0
-5.80084e-005	6.40877e-005	-0
-8.23256e-005	2.65447e-005	-0
-8.64094e-005	4.31583e-006	-0
-8.44603e-005	-1.81914e-005	0
-7.69424e-005	-3.93993e-005	0
-4.69636e-005	-7.26266e-005	0
-6.41341e-005	-5.80084e-005	-0
-2.65447e-005	-8.22792e-005	0
-4.36223e-006	-8.6363e-005	0
1.81914e-005	-8.45531e-005	-0
3.94457e-005	-7.69424e-005	-0
7.25802e-005	-4.69172e-005	-0
5.80084e-005	-6.41341e-005	-0
8.23256e-005	-2.65447e-005	-0
8.63165e-005	-4.31583e-006	-0
8.45531e-005	1.8145e-005	-0
7.69424e-005	3.94457e-005	-0
4.69636e-005	7.26266e-005	-0
6.41341e-005	5.80084e-005	0
2.65447e-005	8.22792e-005	-0
4.26942e-006	8.6363e-005	-0
-0.209636	0.97778	-0
-0.456571	0.889687	-0
-0.840059	0.542495	-0
-0.670749	0.741684	-0
-0.951615	0.307292	-0
-0.998747	0.0500416	-0
-0.977696	-0.210027	0
-0.88979	-0.45637	0
-0.5431	-0.839668	0
-0.741684	-0.670749	-0
-0.306668	-0.951817	0
-0.0500416	-0.998747	0
0.209636	-0.97778	-0
0.456571	-0.889687	-0
0.839752	-0.54297	-0
0.67049	-0.741919	-0
0.951866	-0.306515	-0
0.998747	-0.0500416	-0
0.977649	0.210242	0
0.306668	0.951817	0
0.5431	0.839668	-0
0.0500416	0.998747	0
0.890219	0.455533	0
0.741425	0.671036	0
-0	-0	-7.19038e-005
-0	-0	-8.12144e-005
-0	-0	-1
-2.06293e-005	5.79224e-005	-3.30026e-005
-1.38794e-005	3.89173e-005	-2.21425e-005
-2.45949e-005	6.90175e-005	-3.92749e-005
-4.36633e-005	3.71243e-005	-3.07512e-005
-4.68273e-005	3.98243e-005	-3.29526e-005
-6.04958e-005	1.1074e-005	-3.29708e-005
-5.63615e-005	1.03147e-005	-3.07223e-005
-8.01548e-006	-4.36211e-005	-2.38069e-005
-1.03358e-005	-5.63615e-005	-3.07864e-005
-1.41326e-005	-7.73494e-005	-4.22155e-005
-3.71243e-005	-4.36422e-005	-3.07374e-005
-3.98243e-005	-4.68484e-005	-3.29975e-005
-5.79224e-005	-2.06504e-005	-3.29802e-005
-5.39568e-005	-1.92582e-005	-3.07662e-005
2.06293e-005	-5.79224e-005	-3.30211e-005
2.45949e-005	-6.90175e-005	-3.93748e-005
1.38794e-005	-3.89384e-005	-2.21796e-005
4.36633e-005	-3.71243e-005	-3.07828e-005
4.68273e-005	-3.98454e-005	-3.28944e-005
6.04958e-005	-1.10529e-005	-3.29824e-005
5.63615e-005	-1.03147e-005	-3.0763e-005
1.41326e-005	7.73494e-005	-4.22269e-005
1.02936e-005	5.63615e-005	-3.07579e-005
8.01548e-006	4.36422e-005	-2.38233e-005
3.71243e-005	4.36633e-005	-3.07828e-005
3.98243e-005	4.68484e-005	-3.2983e-005
5.79224e-005	2.06504e-005	-3.29943e-005
5.3999e-005	1.92372e-005	-3.07837e-005

#	Mesh	0	End


COMPONENTFINISH

COMPONENT 10 1639398=IfcFlowTerminal
#	Mesh	0	Begin

#	Vertex	248
62.3823	81.278	-3.06597
62.386	81.2799	-3.06597
62.3891	81.2827	-3.06597
62.3914	81.2862	-3.06597
62.3927	81.2902	-3.06597
62.3929	81.2944	-3.06597
62.392	81.2984	-3.06597
62.3901	81.3022	-3.06597
62.3873	81.3053	-3.06597
62.3838	81.3075	-3.06597
62.3798	81.3088	-3.06597
62.3756	81.309	-3.06597
62.3716	81.3081	-3.06597
62.3678	81.3062	-3.06597
62.3647	81.3034	-3.06597
62.3625	81.2999	-3.06597
62.3612	81.2959	-3.06597
62.361	81.2918	-3.06597
62.3619	81.2877	-3.06597
62.3638	81.284	-3.06597
62.3666	81.2809	-3.06597
62.3701	81.2786	-3.06597
62.374	81.2773	-3.06597
62.3782	81.2771	-3.06597
62.3619	81.2877	-3.07407
62.361	81.2918	-3.07407
62.3638	81.284	-3.07407
62.3666	81.2809	-3.07407
62.3701	81.2786	-3.07407
62.374	81.2773	-3.07407
62.3782	81.2771	-3.07407
62.3823	81.278	-3.07407
62.386	81.2799	-3.07407
62.3891	81.2827	-3.07407
62.3914	81.2862	-3.07407
62.3927	81.2902	-3.07407
62.3929	81.2944	-3.07407
62.392	81.2984	-3.07407
62.3901	81.3022	-3.07407
62.3873	81.3053	-3.07407
62.3838	81.3075	-3.07407
62.3798	81.3088	-3.07407
62.3756	81.309	-3.07407
62.3716	81.3081	-3.07407
62.3678	81.3062	-3.07407
62.3647	81.3034	-3.07407
62.3625	81.2999	-3.07407
62.3612	81.2959	-3.07407
62.3635	81.3045	-3.07407
62.3625	81.3013	-3.07407
62.3665	81.306	-3.07407
62.3614	81.2981	-3.07407
62.3604	81.2948	-3.07407
62.3594	81.2916	-3.07407
62.3609	81.2886	-3.07407
62.3625	81.2856	-3.07407
62.364	81.2826	-3.07407
62.3655	81.2797	-3.07407
62.3687	81.2786	-3.07407
62.3719	81.2776	-3.07407
62.3751	81.2766	-3.07407
62.3783	81.2755	-3.07407
62.3813	81.2771	-3.07407
62.3843	81.2786	-3.07407
62.3873	81.2801	-3.07407
62.3903	81.2817	-3.07407
62.3914	81.2849	-3.07407
62.3924	81.2881	-3.07407
62.3934	81.2913	-3.07407
62.3945	81.2945	-3.07407
62.3929	81.2975	-3.07407
62.3914	81.3005	-3.07407
62.3899	81.3035	-3.07407
62.3883	81.3065	-3.07407
62.3851	81.3075	-3.07407
62.3819	81.3085	-3.07407
62.3787	81.3096	-3.07407
62.3755	81.3106	-3.07407
62.3725	81.3091	-3.07407
62.3695	81.3075	-3.07407
62.393	81.2794	-3.07839
62.398	81.2948	-3.07839
62.3731	81.2723	-3.07839
62.3679	81.274	-3.07839
62.396	81.284	-3.07839
62.3977	81.2893	-3.07839
62.384	81.2732	-3.07839
62.3786	81.272	-3.07839
62.3889	81.2757	-3.07839
62.3595	81.2811	-3.07839
62.357	81.286	-3.07839
62.3632	81.277	-3.07839
62.3559	81.2914	-3.07839
62.3608	81.3067	-3.07839
62.3807	81.3138	-3.07839
62.386	81.3121	-3.07839
62.3578	81.3021	-3.07839
62.3562	81.2969	-3.07839
62.3698	81.313	-3.07839
62.3752	81.3141	-3.07839
62.3649	81.3104	-3.07839
62.3943	81.3051	-3.07839
62.3968	81.3002	-3.07839
62.3906	81.3091	-3.07839
62.3928	81.2701	-3.07839
62.3982	81.275	-3.07839
62.3863	81.2668	-3.07839
62.4021	81.2811	-3.07839
62.4044	81.288	-3.07839
62.4047	81.2953	-3.07839
62.4032	81.3024	-3.07839
62.3999	81.3089	-3.07839
62.395	81.3143	-3.07839
62.3889	81.3183	-3.07839
62.3819	81.3205	-3.07839
62.3747	81.3209	-3.07839
62.3676	81.3193	-3.07839
62.3611	81.316	-3.07839
62.3557	81.3111	-3.07839
62.3517	81.305	-3.07839
62.3495	81.2981	-3.07839
62.3491	81.2908	-3.07839
62.3507	81.2837	-3.07839
62.354	81.2772	-3.07839
62.3589	81.2718	-3.07839
62.365	81.2679	-3.07839
62.3719	81.2656	-3.07839
62.3792	81.2653	-3.07839
62.3507	81.2837	-3.09027
62.3491	81.2908	-3.09027
62.354	81.2772	-3.09027
62.3589	81.2718	-3.09027
62.365	81.2679	-3.09027
62.3719	81.2656	-3.09027
62.3792	81.2653	-3.09027
62.3863	81.2668	-3.09027
62.3928	81.2701	-3.09027
62.3982	81.275	-3.09027
62.4021	81.2811	-3.09027
62.4044	81.288	-3.09027
62.4047	81.2953	-3.09027
62.4032	81.3024	-3.09027
62.3999	81.3089	-3.09027
62.395	81.3143	-3.09027
62.3889	81.3183	-3.09027
62.3819	81.3205	-3.09027
62.3747	81.3209	-3.09027
62.3676	81.3193	-3.09027
62.3611	81.316	-3.09027
62.3557	81.3111	-3.09027
62.3517	81.305	-3.09027
62.3495	81.2981	-3.09027
62.3932	81.2694	-3.09027
62.3988	81.2745	-3.09027
62.3866	81.266	-3.09027
62.4029	81.2808	-3.09027
62.4052	81.2879	-3.09027
62.4055	81.2954	-3.09027
62.404	81.3027	-3.09027
62.4005	81.3094	-3.09027
62.3955	81.3149	-3.09027
62.3892	81.319	-3.09027
62.3821	81.3213	-3.09027
62.3746	81.3217	-3.09027
62.3673	81.3201	-3.09027
62.3606	81.3167	-3.09027
62.3551	81.3116	-3.09027
62.351	81.3054	-3.09027
62.3487	81.2982	-3.09027
62.3483	81.2907	-3.09027
62.3499	81.2834	-3.09027
62.3533	81.2768	-3.09027
62.3583	81.2712	-3.09027
62.3646	81.2671	-3.09027
62.3718	81.2648	-3.09027
62.3792	81.2645	-3.09027
62.3499	81.2834	-3.11457
62.3483	81.2907	-3.11457
62.3533	81.2768	-3.11457
62.3583	81.2712	-3.11457
62.3646	81.2671	-3.11457
62.3718	81.2648	-3.11457
62.3792	81.2645	-3.11457
62.3866	81.266	-3.11457
62.3932	81.2694	-3.11457
62.3988	81.2745	-3.11457
62.4029	81.2808	-3.11457
62.4052	81.2879	-3.11457
62.4055	81.2954	-3.11457
62.404	81.3027	-3.11457
62.4005	81.3094	-3.11457
62.3955	81.3149	-3.11457
62.3892	81.319	-3.11457
62.3821	81.3213	-3.11457
62.3746	81.3217	-3.11457
62.3673	81.3201	-3.11457
62.351	81.3054	-3.11457
62.3487	81.2982	-3.11457
62.3551	81.3116	-3.11457
62.3606	81.3167	-3.11457
62.4026	81.3232	-3.11997
62.4107	81.3164	-3.11997
62.4132	81.3091	-3.11997
62.4178	81.2964	-3.11997
62.4159	81.2859	-3.11997
62.414	81.2755	-3.11997
62.4071	81.2674	-3.11997
62.4002	81.2593	-3.11997
62.3902	81.2558	-3.11997
62.3802	81.2522	-3.11997
62.3698	81.2541	-3.11997
62.3594	81.256	-3.11997
62.3513	81.2629	-3.11997
62.3432	81.2698	-3.11997
62.3406	81.277	-3.11997
62.3361	81.2897	-3.11997
62.338	81.3002	-3.11997
62.3399	81.3106	-3.11997
62.3468	81.3187	-3.11997
62.3536	81.3268	-3.11997
62.3636	81.3304	-3.11997
62.3736	81.3339	-3.11997
62.3841	81.332	-3.11997
62.3945	81.3301	-3.11997
62.3519	81.3293	-3.11457
62.3445	81.3206	-3.11457
62.3626	81.3331	-3.11457
62.3372	81.3119	-3.11457
62.3357	81.3038	-3.11457
62.3331	81.2895	-3.11457
62.3369	81.2788	-3.11457
62.3407	81.2681	-3.11457
62.3494	81.2607	-3.11457
62.3581	81.2533	-3.11457
62.3693	81.2513	-3.11457
62.3805	81.2492	-3.11457
62.3912	81.253	-3.11457
62.4019	81.2569	-3.11457
62.4093	81.2655	-3.11457
62.4167	81.2742	-3.11457
62.4182	81.2823	-3.11457
62.4208	81.2966	-3.11457
62.417	81.3073	-3.11457
62.4131	81.3181	-3.11457
62.4045	81.3254	-3.11457
62.3958	81.3328	-3.11457
62.3846	81.3349	-3.11457
62.3734	81.3369	-3.11457

#	Triangle	158
18	16	17
19	16	18	4	6	7
19	15	16	4	7	3
20	15	19	3	7	8
20	14	15	3	8	2
21	14	20	2	8	9
21	13	14	2	9	1
22	13	21	22	12	13	23	12	22	23	11	12	0	11	23	0	10	11	1	10	0	1	9	10	195	224	199	198	199	224	225	198	224	224	195	226	227	198	225	227	196	198	227	197	196	228	197	227	229	197	228	177	197	229	229	176	177	230	176	229	231	176	230	231	178	176	178	231	179	232	179	231	233	179	232	179	233	180	233	181	180	234	181	233	235	181	234	181	235	182	182	235	183	236	183	235	237	183	236	183	237	184	184	237	185	238	185	237	239	185	238	239	186	185	186	239	187	240	187	239	241	187	240	187	241	188	188	241	189	242	189	241	243	189	242	190	189	243	243	191	190	244	191	243	245	191	244	191	245	192	193	192	245	246	193	245	247	193	246	226	195	247	194	247	195	194	193	247
5	6	4
25	18	17	24	18	25
24	19	18	26	19	24
28	20	27	21	20	28
19	27	20	26	27	19
29	21	28	22	21	29
30	22	29	23	22	30
30	0	23	31	0	30
31	1	0	32	1	31
34	2	33	3	2	34
1	33	2	32	33	1
35	3	34	4	3	35
36	4	35	5	4	36
36	6	5	37	6	36
37	7	6	38	7	37
40	8	39	9	8	40
7	39	8	38	39	7
41	9	40	10	9	41
42	10	41	11	10	42
42	12	11	43	12	42
43	13	12	44	13	43
46	14	45	15	14	46
13	45	14	44	45	13
47	15	46	16	15	47
25	16	47	17	16	25
43	48	44	48	47	46	26	24	53	29	28	57	32	31	61	34	69	35	73	38	37	40	77	41
45	44	48	48	46	45	53	25	47	53	24	25	57	27	26	57	28	27	61	30	29	31	30	61	33	32	65	65	34	33	35	69	36	69	37	36	73	39	38	39	73	40	77	43	42	41	77	42
49	47	48	48	43	50	51	47	49	52	47	51	53	47	52	54	26	53	55	26	54	56	26	55	57	26	56	58	29	57	59	29	58	60	29	59	61	29	60	62	32	61	63	32	62	64	32	63	65	32	64	66	34	65	67	34	66	68	34	67	69	34	68	70	37	69	71	37	70	72	37	71	73	37	72	74	40	73	75	40	74	76	40	75	77	40	76	78	43	77	79	43	78	50	43	79
66	65	80	69	68	81
82	58	83
82	59	58	60	59	82
85	66	84
85	67	66	68	67	85
87	86	62
62	61	87	65	64	80
88	80	64
56	90	89
55	90	56	55	54	90
80	84	66
85	81	68
86	63	62	86	64	63
88	64	86
58	57	91	61	60	87
53	92	54	57	56	91
90	54	92
82	87	60
83	58	91
89	91	56
49	48	93	53	52	92
75	94	76	74	94	75
74	95	94
51	97	52	49	97	51
49	96	97
99	98	78
78	77	99	48	50	93
100	93	50
102	71	70	102	72	71
101	72	102
93	96	49
97	92	52
50	98	100
79	98	50	79	78	98
74	73	103	77	76	99
69	81	70	73	72	103
102	70	81
94	99	76
95	74	103
101	103	72
88	104	105	104	86	106	105	107	80	108	85	107	109	81	108	110	102	109	111	101	110	103	111	112	113	95	112	113	114	94	115	99	114	116	98	115	116	117	100	93	117	118	118	119	96	119	120	96	121	97	120	121	122	92	123	90	122	124	89	123	91	124	125	126	83	125	126	127	82	127	106	87
86	104	88	80	88	105	107	84	80	107	85	84	81	85	108	109	102	81	110	101	102	111	103	101	103	112	95	94	95	113	99	94	114	99	115	98	100	98	116	100	117	93	118	96	93	120	97	96	97	121	92	92	122	90	123	89	90	91	89	124	83	91	125	83	126	82	87	82	127	87	106	86
129	122	121	128	122	129
128	123	122	130	123	128
132	124	131	125	124	132
123	131	124	130	131	123
133	125	132	126	125	133
134	126	133	127	126	134
134	106	127	135	106	134
135	104	106	136	104	135
138	105	137	107	105	138
104	137	105	136	137	104
139	107	138	108	107	139
140	108	139	109	108	140
140	110	109	141	110	140
141	111	110	142	111	141
144	112	143	113	112	144
111	143	112	142	143	111
145	113	144	114	113	145
146	114	145	115	114	146
146	116	115	147	116	146
147	117	116	148	117	147
150	118	149	119	118	150
117	149	118	148	149	117
151	119	150	120	119	151
129	120	151	121	120	129
136	152	153	135	152	136	152	135	154	137	136	153	153	155	137	138	137	155	139	138	155	155	156	139	139	156	140	157	140	156	157	141	140	141	157	158	142	141	158	158	159	142	143	142	159	160	143	159	160	144	143	144	160	161	145	144	161	161	162	145	146	145	162	163	146	162	147	146	163	164	147	163	148	147	164	164	165	148	165	149	148	166	149	165	149	166	150	166	167	150	168	150	167	150	168	151	168	169	151	151	169	129	169	170	129	129	170	128	171	128	170	128	171	130	172	130	171	131	130	172	131	172	173	173	132	131	174	132	173	132	174	133	174	175	133	175	154	134	133	175	134	135	134	154
177	170	169	176	170	177
176	171	170	178	171	176
180	172	179	173	172	180
171	179	172	178	179	171
181	173	180	174	173	181
182	174	181	175	174	182
182	154	175	183	154	182
183	152	154	184	152	183
186	153	185	155	153	186
152	185	153	184	185	152
187	155	186	156	155	187
188	156	187	157	156	188
188	158	157	189	158	188
189	159	158	190	159	189
192	160	191	161	160	192
159	191	160	190	191	159
193	161	192	162	161	193
194	162	193	163	162	194
163	195	164	194	195	163
168	196	197	167	196	168
198	167	166	196	167	198
169	197	177	168	197	169
165	195	199	164	195	165
166	199	198	165	199	166
216	214	215	217	214	216	202	204	205	203	204	202
217	213	214	202	205	201
218	213	217	218	212	213	219	212	218	219	211	212	220	211	219	220	210	211	221	210	220	221	209	210	222	209	221	222	208	209	223	208	222	223	207	208	200	207	223	200	206	207	201	206	200	201	205	206
230	213	231	229	215	230
230	214	213
230	215	214
233	212	211	233	213	212
232	213	233	232	231	213
211	234	233	209	235	234
210	234	211	209	234	210
205	240	239
204	240	205	203	241	204
204	241	240
206	237	207	205	237	206
205	238	237	239	238	205
209	236	235	207	237	236
208	236	209	207	236	208
203	242	241	202	243	242
202	242	203
201	243	202
245	200	223	245	201	200
244	201	245	244	243	201
246	221	247	245	222	246
246	222	221	245	223	222
228	215	229
228	216	215	228	217	216
227	217	228
227	218	217	227	219	218
225	219	227	225	224	219
226	219	224	247	220	226
226	220	219	247	221	220

#	Normal	158
-0	-0	4.49631e-006
-0	-0	1.32574e-005
-0	-0	2.55614e-005
-0	-0	4.06592e-005
-0	-0	5.75699e-005
-0	-0	7.4943e-005
-0	-0	9.18395e-005
-0	-0	1
0	-0	4.52856e-006
-3.30965e-005	-7.08759e-006	0
-3.01222e-005	-1.54408e-005	0
-1.84151e-005	-2.84136e-005	0
-2.50597e-005	-2.26866e-005	-0
-1.03783e-005	-3.22105e-005	0
-1.64533e-006	-3.37926e-005	0
7.08759e-006	-3.30649e-005	-0
1.54408e-005	-3.01222e-005	-0
2.84136e-005	-1.83518e-005	-0
2.2655e-005	-2.50913e-005	-0
3.22105e-005	-1.03783e-005	-0
3.37926e-005	-1.70861e-006	-0
3.30965e-005	7.11923e-006	-0
3.01222e-005	1.54092e-005	-0
1.83518e-005	2.84136e-005	-0
2.50597e-005	2.27182e-005	0
1.03783e-005	3.21789e-005	-0
1.70861e-006	3.37926e-005	-0
-7.08759e-006	3.30965e-005	-0
-1.54408e-005	3.00906e-005	-0
-2.84136e-005	1.83834e-005	-0
-2.27182e-005	2.50913e-005	-0
-3.21473e-005	1.03783e-005	-0
-3.37926e-005	1.67697e-006	-0
-0	-0	1.66913e-006
-0	-0	6.63687e-006
-0	0	1.34521e-006
1.38369e-005	-4.45482e-006	1.09359e-005
-7.2897e-006	-2.26622e-005	2.57822e-005
-4.45482e-006	-1.38538e-005	1.57626e-005
2.26453e-005	-7.30658e-006	2.57878e-005
1.38369e-005	-4.47169e-006	1.57498e-005
5.02855e-006	-2.32866e-005	2.40501e-005
6.64848e-006	-1.29426e-005	1.09486e-005
1.59968e-005	-1.76505e-005	2.40507e-005
-2.11941e-005	-1.08502e-005	2.57932e-005
-1.29595e-005	-6.63161e-006	1.57739e-005
2.00129e-005	-1.29426e-005	2.40686e-005
2.37928e-005	-1.1812e-006	2.40454e-005
6.64848e-006	-1.29426e-005	1.57575e-005
1.08333e-005	-2.11941e-005	2.57968e-005
-4.48857e-006	-1.38369e-005	1.09788e-005
-1.29595e-005	-6.63161e-006	1.09552e-005
-2.32866e-005	-5.01167e-006	2.40306e-005
-1.21495e-006	-2.37928e-005	2.40612e-005
-1.29257e-005	-2.00129e-005	2.40472e-005
-1.76843e-005	-1.598e-005	2.40647e-005
-1.38369e-005	4.47169e-006	1.09573e-005
4.45482e-006	1.38538e-005	1.57626e-005
7.32345e-006	2.26622e-005	2.57954e-005
-1.38707e-005	4.45482e-006	1.57833e-005
-2.26453e-005	7.30658e-006	2.57674e-005
-4.9948e-006	2.32866e-005	2.40247e-005
-6.61473e-006	1.29595e-005	1.09601e-005
-1.59631e-005	1.76674e-005	2.40237e-005
1.29595e-005	6.63161e-006	1.57739e-005
2.11941e-005	1.08671e-005	2.57803e-005
-2.00129e-005	1.29257e-005	2.40472e-005
-2.37928e-005	1.19808e-006	2.40555e-005
-1.08671e-005	2.11941e-005	2.57709e-005
-6.61473e-006	1.29426e-005	1.5754e-005
4.45482e-006	1.38538e-005	1.09424e-005
1.29257e-005	6.63161e-006	1.09278e-005
2.32866e-005	4.9948e-006	2.40502e-005
1.1812e-006	2.37928e-005	2.40465e-005
1.29257e-005	1.99961e-005	2.40407e-005
1.76505e-005	1.598e-005	2.4014e-005
-0	0	4.8778e-005
-0	-0	3.69206e-005
-8.45531e-005	-1.81914e-005	0
-7.69424e-005	-3.93993e-005	0
-4.69636e-005	-7.26266e-005	0
-6.41341e-005	-5.80084e-005	-0
-2.64518e-005	-8.22792e-005	0
-4.36223e-006	-8.6363e-005	0
1.81914e-005	-8.45531e-005	-0
3.93529e-005	-7.69424e-005	-0
7.2673e-005	-4.69172e-005	-0
5.80084e-005	-6.41341e-005	-0
8.22328e-005	-2.65447e-005	-0
8.64094e-005	-4.31583e-006	-0
8.45531e-005	1.8145e-005	-0
7.69424e-005	3.94457e-005	-0
4.68708e-005	7.26266e-005	-0
6.41341e-005	5.80084e-005	0
2.65447e-005	8.22792e-005	-0
4.36223e-006	8.6363e-005	-0
-1.81914e-005	8.45067e-005	-0
-3.94457e-005	7.69888e-005	-0
-7.25802e-005	4.69636e-005	-0
-5.80084e-005	6.40877e-005	-0
-8.23256e-005	2.64983e-005	-0
-8.63165e-005	4.36223e-006	-0
-0	0	6.06979e-006
-0.977649	-0.210242	0
-0.890007	-0.455946	0
-0.542364	-0.840143	0
-0.741684	-0.670749	-0
-0.30746	-0.951561	0
-0.0500677	-0.998746	0
0.210633	-0.977565	-0
0.455745	-0.89011	-0
0.840059	-0.542495	-0
0.67049	-0.741919	-0
0.951866	-0.306515	-0
0.998718	-0.0506142	-0
0.977696	0.210027	-0
0.88979	0.45637	-0
0.542364	0.840143	-0
0.741894	0.670518	0
0.306668	0.951817	-0
0.0500416	0.998747	-0
-0.209636	0.97778	-0
-0.951714	0.306988	-0
-0.839752	0.54297	-0
-0.998747	0.0500416	-0
-0.455745	0.89011	-0
-0.671323	0.741165	-0
-0	-0	-7.19537e-005
-0	-0	-8.13689e-005
-0	-0	-1
-5.79224e-005	-2.06715e-005	-3.30309e-005
-3.88962e-005	-1.39005e-005	-2.2149e-005
-6.90175e-005	-2.45949e-005	-3.93248e-005
-3.71243e-005	-4.36633e-005	-3.07559e-005
-3.98243e-005	-4.68484e-005	-3.30508e-005
-1.10529e-005	-6.04958e-005	-3.30015e-005
-1.03358e-005	-5.63615e-005	-3.06761e-005
4.36211e-005	-7.97329e-006	-2.37911e-005
5.63615e-005	-1.03147e-005	-3.07239e-005
7.73283e-005	-1.41747e-005	-4.21689e-005
4.36211e-005	-3.71032e-005	-3.07211e-005
4.68273e-005	-3.98454e-005	-3.30547e-005
2.06715e-005	-5.79224e-005	-3.3023e-005
1.92372e-005	-5.39779e-005	-3.07201e-005
5.79224e-005	2.06715e-005	-3.3023e-005
6.90175e-005	2.4616e-005	-3.93177e-005
3.89384e-005	1.38794e-005	-2.21796e-005
3.71243e-005	4.36422e-005	-3.07453e-005
3.98665e-005	4.68484e-005	-3.29345e-005
1.10529e-005	6.04958e-005	-3.29386e-005
1.03358e-005	5.63615e-005	-3.07651e-005
-7.73705e-005	1.41537e-005	-4.22376e-005
-5.63615e-005	1.03147e-005	-3.07796e-005
-4.36211e-005	7.99439e-006	-2.37961e-005
-4.36211e-005	3.71032e-005	-3.07029e-005
-4.68695e-005	3.98243e-005	-3.30811e-005
-2.06715e-005	5.79224e-005	-3.30159e-005
-1.92372e-005	5.39779e-005	-3.08121e-005

#	Mesh	0	End


COMPONENTFINISH

COMPONENT 10 1871055=IfcFlowTerminal
#	Mesh	0	Begin

#	Vertex	20
-17.0315	73.5147	0.94
-17.0315	73.1147	0.94
-17.0315	73.1147	1.24
-17.0315	73.5147	1.24
-17.0025	73.5147	0.94
-17.0025	73.5147	1.24
-17.0025	73.1147	1.24
-17.0025	73.1147	0.94
-16.9785	73.5862	0.8785
-16.9785	73.0432	0.8785
-16.9785	73.0432	1.3015
-16.9785	73.5862	1.3015
-16.9735	73.5862	0.8785
-16.9735	73.5862	1.3015
-16.9735	73.0432	1.3015
-16.9735	73.0432	0.8785
-16.9785	73.5591	0.89965
-16.9785	73.5591	1.28035
-16.9785	73.0704	1.28035
-16.9785	73.0704	0.89965

#	Triangle	10
3	1	2	0	1	3	11	9	10	8	9	11	5	7	6	4	7	5	5	7	6	4	7	5
7	5	6	4	5	7	15	13	14	12	13	15	19	17	18	16	17	19	19	17	18	16	17	19
7	0	4	1	0	7	15	8	12	9	8	15
6	1	7	2	1	6	14	9	15	10	9	14
5	2	6	3	2	5	13	10	14	11	10	13
4	3	5	0	3	4	12	11	13	8	11	12
4	19	7	16	19	4	4	19	7	16	19	4
7	18	6	19	18	7	7	18	6	19	18	7
6	17	5	18	17	6	6	17	5	18	17	6
5	16	4	17	16	5	5	16	4	17	16	5

#	Normal	10
-1	-0	-0
1	-0	-0
-0	0	-1
-0	-1	-0
0	0	1
-0	1	-0
-0.85946	-0	-0.511203
-0.879489	-0.475919	0
-0.85946	-0	0.511203
-0.879489	0.475919	-0

#	Mesh	0	End


COMPONENTFINISH

COMPONENT 10 1922237=IfcFlowTerminal
#	TMesh	1871055=IfcFlowTerminal
0.000100811	0.000157354	-0.948229	0	-0.948229	-4.69802e-006	-0.000100812	0	-4.71475e-006	0.948229	0.000157353	0	-191.248	115.734	-15.3635	1

COMPONENTFINISH

COMPONENT 10 1922338=IfcFlowTerminal
#	TMesh	1871055=IfcFlowTerminal
-0.00010558	0.000159443	-0.948233	0	0.948233	-5.20971e-006	-0.000105581	0	5.22747e-006	0.948233	0.000159442	0	-324.859	115.734	-15.3632	1

COMPONENTFINISH

COMPONENT 10 1922404=IfcFlowTerminal
#	TMesh	1871055=IfcFlowTerminal
-0.000102497	0.000158397	-0.948225	0	0.948225	-4.89421e-006	-0.000102498	0	4.91133e-006	0.948225	0.000158396	0	-313.339	115.734	-15.3633	1

COMPONENTFINISH

COMPONENT 10 1922470=IfcFlowTerminal
#	TMesh	1871055=IfcFlowTerminal
-6.50643e-005	0.000155203	-0.94798	0	-0.947981	2.26049e-006	6.50647e-005	0	2.27115e-006	0.94798	0.000155203	0	-171.218	115.734	-15.3714	1

COMPONENTFINISH

COMPONENT 10 1922536=IfcFlowTerminal
#	TMesh	1871055=IfcFlowTerminal
-0.000113765	0.000154217	-0.948225	0	0.948225	-5.59096e-006	-0.000113766	0	5.60946e-006	0.948225	0.000154216	0	-305.701	115.884	-15.3625	1

COMPONENTFINISH

COMPONENT 10 1922602=IfcFlowTerminal
#	TMesh	1871055=IfcFlowTerminal
0.00010391	0.000163625	-0.948237	0	-0.948237	-5.50263e-006	-0.000103911	0	-5.52056e-006	0.948237	0.000163625	0	-158.806	115.884	-15.3634	1

COMPONENTFINISH

COMPONENT 10 1922668=IfcFlowTerminal
#	TMesh	1871055=IfcFlowTerminal
9.87502e-005	0.000163626	-0.948237	0	0.948237	4.2298e-006	9.8751e-005	0	-4.24684e-006	0.948237	0.000163625	0	-291.123	115.883	-15.3783	1

COMPONENTFINISH

COMPONENT 10 1922734=IfcFlowTerminal
#	TMesh	1871055=IfcFlowTerminal
5.54814e-005	0.000162513	-0.947977	0	0.947977	1.01873e-006	5.54815e-005	0	-1.02824e-006	0.947977	0.000162513	0	-283.398	115.884	-15.3707	1

COMPONENTFINISH

COMPONENT 10 1922800=IfcFlowTerminal
#	TMesh	1871055=IfcFlowTerminal
6.11146e-005	0.000162513	-0.947977	0	0.947977	1.7383e-006	6.11148e-005	0	-1.74878e-006	0.947977	0.000162513	0	-277.089	115.884	-15.3711	1

COMPONENTFINISH

COMPONENT 10 1922988=IfcFlowTerminal
#	Mesh	0	Begin

#	Vertex	16
-247.195	107.992	1.12
-247.195	107.438	1.12
-246.641	107.438	1.12
-246.641	107.992	1.12
-247.195	107.992	1.13
-247.195	107.438	1.13
-246.641	107.438	1.13
-246.641	107.992	1.13
-247.168	107.965	1.13
-247.168	107.465	1.13
-246.668	107.465	1.13
-246.668	107.965	1.13
-247.168	107.965	1.17
-247.168	107.465	1.17
-246.668	107.465	1.17
-246.668	107.965	1.17

#	Triangle	6
3	4	7	0	4	3	11	12	15	8	12	11
0	5	4	1	5	0	8	13	12	9	13	8
1	6	5	2	6	1	9	14	13	10	14	9
2	7	6	3	7	2	10	15	14	11	15	10
3	1	0	2	1	3	11	9	8	10	9	11
4	6	7	5	6	4	12	14	15	13	14	12

#	Normal	6
-0	1	-0
-1	-0	0
-0	-1	-0
1	-0	-0
-0	-0	-1
-0	-0	1

#	Mesh	0	End


COMPONENTFINISH

COMPONENT 10 1923097=IfcFlowTerminal
#	TMesh	1922988=IfcFlowTerminal
1	-4.15157e-013	0	0	-4.15157e-013	1	-2.84217e-014	0	0	0	1	0	3.05176e-005	-1.5	0	1

COMPONENTFINISH

COMPONENT 10 1923283=IfcFlowTerminal
#	TMesh	1922988=IfcFlowTerminal
0.996717	-0.000879451	-1.72287e-006	0	-0.000879451	-0.996717	4.19269e-007	0	1.72324e-006	4.17748e-007	0.996718	0	3.15817	215.964	-0.493994	1

COMPONENTFINISH

COMPONENT 10 1923387=IfcFlowTerminal
#	TMesh	1922988=IfcFlowTerminal
-0.00087951	-0.996717	-9.07499e-007	0	-0.996717	0.00087951	1.26874e-006	0	1.26793e-006	-9.08618e-007	0.996718	0	-135.9	-138.687	-0.493884	1

COMPONENTFINISH

COMPONENT 10 1923457=IfcFlowTerminal
#	TMesh	1922988=IfcFlowTerminal
0.996712	-0.00176244	-1.64759e-006	0	-0.00176244	-0.996712	8.6189e-007	0	1.64912e-006	8.58976e-007	0.996714	0	3.25209	213.141	-0.494018	1

COMPONENTFINISH

COMPONENT 10 1923640=IfcFlowTerminal
#	Mesh	0	Begin

#	Vertex	16
-236.829	94.1398	0.72
-237.879	94.1398	0.72
-237.879	93.2898	0.72
-236.829	93.2898	0.72
-236.829	94.1398	0.73
-237.879	94.1398	0.73
-237.879	93.2898	0.73
-236.829	93.2898	0.73
-236.854	94.1148	0.73
-237.854	94.1148	0.73
-237.854	93.3148	0.73
-236.854	93.3148	0.73
-236.854	94.1148	0.78
-237.854	94.1148	0.78
-237.854	93.3148	0.78
-236.854	93.3148	0.78

#	Triangle	6
3	4	7	0	4	3	11	12	15	8	12	11
0	5	4	1	5	0	8	13	12	9	13	8
1	6	5	2	6	1	9	14	13	10	14	9
2	7	6	3	7	2	10	15	14	11	15	10
3	1	0	2	1	3	11	9	8	10	9	11
4	6	7	5	6	4	12	14	15	13	14	12

#	Normal	6
1	-0	-0
-0	1	-0
-1	-0	0
-0	-1	-0
-0	0	-1
0	0	1

#	Mesh	0	End


COMPONENTFINISH

COMPONENT 10 1923856=IfcFlowTerminal
#	TMesh	1923640=IfcFlowTerminal
0.786838	-3.03233e-008	1.61232e-007	0	-3.03233e-008	-0.786838	1.3717e-007	0	-1.61232e-007	1.3717e-007	0.786838	0	-44.0588	167.503	0.657671	1

COMPONENTFINISH

COMPONENT 10 1923959=IfcFlowTerminal
#	TMesh	1923640=IfcFlowTerminal
-0.786838	-3.03233e-008	1.61232e-007	0	3.03233e-008	-0.786838	1.3717e-007	0	1.61232e-007	1.3717e-007	0.786838	0	-414.577	167.503	0.657671	1

COMPONENTFINISH

COMPONENT 10 1924142=IfcFlowTerminal
#	TMesh	1922988=IfcFlowTerminal
0.0010466	1.18607	-1.06798e-006	0	1.18607	-0.0010466	5.40376e-007	0	-5.39433e-007	1.06846e-006	1.18607	0	-351.417	386.74	-0.109067	1

COMPONENTFINISH

COMPONENT 10 1924245=IfcFlowTerminal
#	TMesh	1922988=IfcFlowTerminal
0.0010466	1.18607	-1.06798e-006	0	1.18607	-0.0010466	5.40376e-007	0	-5.39433e-007	1.06846e-006	1.18607	0	-349.417	386.74	-0.109067	1

COMPONENTFINISH

COMPONENT 10 1924428=IfcFlowTerminal
#	TMesh	1923640=IfcFlowTerminal
-0.514007	-1.00773e-008	-3.17962e-007	0	-1.00771e-008	0.514007	-2.18154e-007	0	-3.17962e-007	2.18154e-007	0.514007	0	-336.96	45.5948	0.859299	1

COMPONENTFINISH

COMPONENT 10 1924531=IfcFlowTerminal
#	TMesh	1923640=IfcFlowTerminal
-0.514007	3.02955e-008	-5.61037e-005	0	3.03193e-008	0.514007	-2.18149e-007	0	-5.61037e-005	2.18152e-007	0.514007	0	-333.92	45.5948	0.846058	1

COMPONENTFINISH

COMPONENT 10 1924732=IfcFlowTerminal
#	Mesh	0	Begin

#	Vertex	16
-211.891	98.6918	0.52
-212.345	98.6918	0.52
-212.345	98.3378	0.52
-211.891	98.3378	0.52
-211.891	98.6918	0.53
-212.345	98.6918	0.53
-212.345	98.3378	0.53
-211.891	98.3378	0.53
-211.918	98.6648	0.53
-212.318	98.6648	0.53
-212.318	98.3648	0.53
-211.918	98.3648	0.53
-211.918	98.6648	0.57
-212.318	98.6648	0.57
-212.318	98.3648	0.57
-211.918	98.3648	0.57

#	Triangle	6
3	4	7	0	4	3	11	12	15	8	12	11
0	5	4	1	5	0	8	13	12	9	13	8
1	6	5	2	6	1	9	14	13	10	14	9
2	7	6	3	7	2	10	15	14	11	15	10
3	1	0	2	1	3	11	9	8	10	9	11
4	6	7	5	6	4	12	14	15	13	14	12

#	Normal	6
1	-0	-0
-0	1	-0
-1	-0	0
-0	-1	-0
-0	0	-1
0	0	1

#	Mesh	0	End


COMPONENTFINISH

COMPONENT 10 1924841=IfcFlowTerminal
#	TMesh	1924732=IfcFlowTerminal
1	-1.2962e-012	-1.96317e-006	0	1.298e-012	1	-5.68434e-014	0	1.96317e-006	2.84217e-014	1	0	-3.82002	-7.62939e-006	-0.000416458	1

COMPONENTFINISH

COMPONENT 10 1925033=IfcFlowTerminal
#	TMesh	1924732=IfcFlowTerminal
1.52143	3.75876e-008	-7.78967e-007	0	-3.75879e-008	1.52143	-6.24402e-007	0	7.78967e-007	6.24402e-007	1.52143	0	93.3052	-51.3688	-0.279654	1

COMPONENTFINISH

COMPONENT 10 1925143=IfcFlowTerminal
#	TMesh	1924732=IfcFlowTerminal
-1.52143	-3.75876e-008	-7.14869e-007	0	3.75879e-008	-1.52143	-7.13926e-007	0	-7.14869e-007	-7.13926e-007	1.52143	0	-550.541	248.398	-0.279632	1

COMPONENTFINISH

COMPONENT 10 1925216=IfcFlowTerminal
#	TMesh	1922988=IfcFlowTerminal
1	0.000882469	-1.27827e-007	0	-0.000882469	1	3.92717e-007	0	1.28173e-007	-3.92604e-007	1	0	22.3959	-8.98264	-0.600078	1

COMPONENTFINISH

COMPONENT 10 1925289=IfcFlowTerminal
#	TMesh	1922988=IfcFlowTerminal
1	0.000882469	7.85349e-010	0	-0.000882469	1	3.92603e-007	0	-4.38888e-010	-3.92604e-007	1	0	24.0958	-8.98264	-0.600046	1

COMPONENTFINISH

COMPONENT 10 1925493=IfcFlowTerminal
#	TMesh	1922988=IfcFlowTerminal
0.0005483	-0.621368	-3.98608e-007	0	0.621368	0.0005483	2.82955e-007	0	-2.82603e-007	-3.98857e-007	0.621369	0	-276.713	-59.4713	0.729988	1

COMPONENTFINISH

COMPONENT 10 1925601=IfcFlowTerminal
#	Mesh	0	Begin

#	Vertex	16
-209.741	97.8378	1.42
-209.741	98.1918	1.42
-210.095	98.1918	1.42
-210.095	97.8378	1.42
-209.741	97.8378	1.43
-209.741	98.1918	1.43
-210.095	98.1918	1.43
-210.095	97.8378	1.43
-209.768	97.8648	1.43
-209.768	98.1648	1.43
-210.068	98.1648	1.43
-210.068	97.8648	1.43
-209.768	97.8648	1.47
-209.768	98.1648	1.47
-210.068	98.1648	1.47
-210.068	97.8648	1.47

#	Triangle	6
3	4	7	0	4	3	11	12	15	8	12	11
0	5	4	1	5	0	8	13	12	9	13	8
1	6	5	2	6	1	9	14	13	10	14	9
2	7	6	3	7	2	10	15	14	11	15	10
3	1	0	2	1	3	11	9	8	10	9	11
4	6	7	5	6	4	12	14	15	13	14	12

#	Normal	6
-0	-1	-0
1	-0	-0
-0	1	-0
-1	-0	0
-0	-0	-1
-0	-0	1

#	Mesh	0	End


COMPONENTFINISH

COMPONENT 10 1925671=IfcFlowTerminal
#	TMesh	1871055=IfcFlowTerminal
0.000131983	7.89944e-006	-0.948152	0	4.01255e-008	-0.948152	-7.89943e-006	0	-0.948152	-3.90259e-008	-0.000131983	0	-205.183	164.378	-15.6687	1

COMPONENTFINISH

COMPONENT 10 1925737=IfcFlowTerminal
#	TMesh	1871055=IfcFlowTerminal
-0.000155996	0.000102503	-0.948234	0	4.85016e-006	-0.948234	-0.000102504	0	-0.948234	-4.86702e-006	0.000155996	0	-221.828	175.136	-14.7635	1

COMPONENTFINISH

COMPONENT 10 1925803=IfcFlowTerminal
#	TMesh	1871055=IfcFlowTerminal
0.000130539	0.000106163	-0.948234	0	-3.14321e-006	-0.948234	-0.000106163	0	-0.948234	3.15783e-006	-0.000130539	0	-229.722	175.086	-14.7629	1

COMPONENTFINISH

COMPONENT 10 1925869=IfcFlowTerminal
#	TMesh	1871055=IfcFlowTerminal
9.76198e-005	0.000157031	-0.948234	0	0.948234	3.92472e-006	9.76205e-005	0	-3.94089e-006	0.948234	0.000157031	0	-306.536	108.423	-14.7781	1

COMPONENTFINISH

COMPONENT 10 1925938=IfcFlowTerminal
#	TMesh	1922988=IfcFlowTerminal
8.62206e-005	-0.621368	-3.98561e-007	0	-0.621368	-8.62206e-005	-5.13846e-008	0	-5.13293e-008	-3.98568e-007	0.621369	0	-140.966	-39.9028	0.0300244	1

COMPONENTFINISH

COMPONENT 10 1926011=IfcFlowTerminal
#	TMesh	1922988=IfcFlowTerminal
8.62206e-005	-0.621368	-3.98561e-007	0	-0.621368	-8.62206e-005	-5.13846e-008	0	-5.13293e-008	-3.98568e-007	0.621369	0	-146.966	-39.9028	0.0300244	1

COMPONENTFINISH

COMPONENT 10 1926084=IfcFlowTerminal
#	TMesh	1922988=IfcFlowTerminal
0.0005483	-0.621368	-3.98608e-007	0	0.621368	0.0005483	2.82954e-007	0	-2.82603e-007	-3.98857e-007	0.621369	0	-287.713	-39.9711	0.0299884	1

COMPONENTFINISH

COMPONENT 10 1926157=IfcFlowTerminal
#	TMesh	1922988=IfcFlowTerminal
8.62206e-005	-0.621368	-3.98561e-007	0	-0.621368	-8.62206e-005	-5.13846e-008	0	-5.13293e-008	-3.98568e-007	0.621369	0	-160.966	-39.9028	0.0300244	1

COMPONENTFINISH

COMPONENT 10 1926230=IfcFlowTerminal
#	TMesh	1922988=IfcFlowTerminal
8.62206e-005	-0.621368	-3.98561e-007	0	-0.621368	-8.62206e-005	-5.13846e-008	0	-5.13293e-008	-3.98568e-007	0.621369	0	-168.966	-39.9028	0.0300244	1

COMPONENTFINISH

COMPONENT 10 1926303=IfcFlowTerminal
#	TMesh	1922988=IfcFlowTerminal
1.36478e-005	0.621369	-3.98619e-007	0	0.621369	-1.36478e-005	-2.17649e-007	0	2.17657e-007	3.98614e-007	0.621369	0	-306.495	266.944	0.0300428	1

COMPONENTFINISH

COMPONENT 10 1926376=IfcFlowTerminal
#	TMesh	1922988=IfcFlowTerminal
-0.621372	-9.42102e-005	9.66735e-007	0	-9.42102e-005	0.621372	-3.99302e-007	0	9.66675e-007	3.99448e-007	0.621372	0	-397.786	46.4106	0.0303952	1

COMPONENTFINISH

COMPONENT 10 1926449=IfcFlowTerminal
#	TMesh	1922988=IfcFlowTerminal
0.621372	0.000120042	-1.43357e-006	0	-0.000120042	0.621372	-3.99367e-007	0	1.4335e-006	3.99644e-007	0.621372	0	-101.677	46.4635	0.0298024	1

COMPONENTFINISH

COMPONENT 10 1926522=IfcFlowTerminal
#	TMesh	1922988=IfcFlowTerminal
-0.0005483	0.621368	-3.99289e-007	0	-0.621368	-0.0005483	2.82955e-007	0	2.82603e-007	3.99538e-007	0.621369	0	-194.653	269.598	0.0299882	1

COMPONENTFINISH

COMPONENT 10 1926595=IfcFlowTerminal
#	TMesh	1922988=IfcFlowTerminal
0.000175683	0.621369	-4.00253e-007	0	0.621369	-0.000175683	-7.15722e-007	0	7.15835e-007	4.0005e-007	0.621369	0	-333.945	259.361	0.0300964	1

COMPONENTFINISH

COMPONENT 10 1926775=IfcFlowTerminal
#	TMesh	1924732=IfcFlowTerminal
-0.741164	-1.20804e-008	-2.25516e-006	0	1.20807e-008	-0.741164	-9.46155e-008	0	-2.25516e-006	-9.46156e-008	0.741164	0	-407.482	179.896	0.838127	1

COMPONENTFINISH

COMPONENT 10 1926884=IfcFlowTerminal
#	TMesh	1924732=IfcFlowTerminal
0.741144	-4.39909e-008	-2.01141e-006	0	4.3994e-008	0.741144	1.16962e-006	0	2.01141e-006	-1.16962e-006	0.741144	0	-96.1079	33.9413	0.838065	1

COMPONENTFINISH

COMPONENT 10 1926957=IfcFlowTerminal
#	TMesh	1924732=IfcFlowTerminal
-0.741164	1.2081e-008	-3.17902e-007	0	1.20811e-008	0.741164	-9.46155e-008	0	-3.17902e-007	9.46155e-008	0.741164	0	-409.832	35.1994	0.838538	1

COMPONENTFINISH

COMPONENT 10 1927137=IfcFlowTerminal
#	TMesh	1922988=IfcFlowTerminal
-0.432373	-0.000119023	-3.29135e-006	0	0.000119023	-0.432373	7.45491e-007	0	-3.29155e-006	7.44585e-007	0.432373	0	-363.252	151.609	0.743678	1

COMPONENTFINISH

COMPONENT 10 1927246=IfcFlowTerminal
#	TMesh	1925601=IfcFlowTerminal
-1	0	0	0	0	1	0	0	0	0	1	0	-476.936	8.9402	-0.2	1

COMPONENTFINISH

COMPONENT 10 1927319=IfcFlowTerminal
#	TMesh	1922988=IfcFlowTerminal
0.432362	-0.000381519	-1.48938e-006	0	-0.000381519	-0.432362	1.97956e-007	0	1.48955e-006	1.96641e-007	0.432362	0	-122.319	152.433	0.244194	1

COMPONENTFINISH

COMPONENT 10 1927392=IfcFlowTerminal
#	Mesh	0	Begin

#	Vertex	16
-226.395	105.778	0.72
-226.041	105.778	0.72
-226.041	106.132	0.72
-226.395	106.132	0.72
-226.395	105.778	0.73
-226.041	105.778	0.73
-226.041	106.132	0.73
-226.395	106.132	0.73
-226.368	105.805	0.73
-226.068	105.805	0.73
-226.068	106.105	0.73
-226.368	106.105	0.73
-226.368	105.805	0.77
-226.068	105.805	0.77
-226.068	106.105	0.77
-226.368	106.105	0.77

#	Triangle	6
3	4	7	0	4	3	11	12	15	8	12	11
0	5	4	1	5	0	8	13	12	9	13	8
1	6	5	2	6	1	9	14	13	10	14	9
2	7	6	3	7	2	10	15	14	11	15	10
3	1	0	2	1	3	11	9	8	10	9	11
4	6	7	5	6	4	12	14	15	13	14	12

#	Normal	6
-1	-0	0
-0	-1	-0
1	-0	-0
-0	1	-0
0	-0	-1
-0	-0	1

#	Mesh	0	End


COMPONENTFINISH

COMPONENT 10 1927465=IfcFlowTerminal
#	TMesh	1924732=IfcFlowTerminal
0.741144	1.20801e-008	-1.28654e-006	0	-1.20798e-008	0.741144	1.56888e-007	0	1.28654e-006	-1.56888e-007	0.741144	0	-55.913	32.6213	0.338318	1

COMPONENTFINISH

COMPONENT 10 1927538=IfcFlowTerminal
#	TMesh	1924732=IfcFlowTerminal
0.741144	1.20801e-008	-1.28654e-006	0	-1.20798e-008	0.741144	1.56888e-007	0	1.28654e-006	-1.56888e-007	0.741144	0	-55.913	31.7063	0.338318	1

COMPONENTFINISH

COMPONENT 10 1927611=IfcFlowTerminal
#	TMesh	1924732=IfcFlowTerminal
0.741144	1.20801e-008	-1.28654e-006	0	-1.20798e-008	0.741144	1.56888e-007	0	1.28654e-006	-1.56888e-007	0.741144	0	-55.913	31.0313	0.338318	1

COMPONENTFINISH

COMPONENT 10 1927684=IfcFlowTerminal
#	TMesh	1924732=IfcFlowTerminal
0.741156	1.20817e-008	1.64785e-007	0	-1.20817e-008	0.741156	1.5859e-007	0	-1.64785e-007	-1.5859e-007	0.741156	0	-54.7105	32.4002	0.33862	1

COMPONENTFINISH

COMPONENT 10 1927757=IfcFlowTerminal
#	TMesh	1924732=IfcFlowTerminal
-0.741164	-1.83104e-008	-1.77003e-006	0	1.83106e-008	-0.741164	-9.46155e-008	0	-1.77003e-006	-9.46155e-008	0.741164	0	-369.137	177.551	0.33823	1

COMPONENTFINISH

COMPONENT 10 1927830=IfcFlowTerminal
#	TMesh	1924732=IfcFlowTerminal
-0.741164	-1.83104e-008	-1.77003e-006	0	1.83106e-008	-0.741164	-9.46155e-008	0	-1.77003e-006	-9.46155e-008	0.741164	0	-369.137	176.911	0.33823	1

COMPONENTFINISH

COMPONENT 10 1928010=IfcFlowTerminal
#	TMesh	1924732=IfcFlowTerminal
-1.26036	1.80788e-008	2.826e-007	0	-1.80789e-008	-1.26036	-5.23542e-007	0	2.826e-007	-5.23542e-007	1.26036	0	-481.043	235.729	0.0605618	1

COMPONENTFINISH

COMPONENT 10 1928118=IfcFlowTerminal
#	TMesh	1922988=IfcFlowTerminal
-0.000548289	-0.621365	1.1629e-007	0	-0.621365	0.000548289	1.16265e-007	0	1.16367e-007	1.16188e-007	0.621365	0	-152.564	-44.3012	0.130138	1

COMPONENTFINISH

COMPONENT 10 1928191=IfcFlowTerminal
#	TMesh	1922988=IfcFlowTerminal
-0.00231734	0.621343	-4.81874e-007	0	0.621343	0.00231734	-2.18008e-007	0	2.16209e-007	4.82684e-007	0.621347	0	-286.859	256.736	0.820047	1

COMPONENTFINISH

COMPONENT 10 1928264=IfcFlowTerminal
#	TMesh	1922988=IfcFlowTerminal
0.000548306	0.621376	-5.65439e-007	0	0.621376	-0.000548306	1.14831e-006	0	-1.14781e-006	5.66452e-007	0.621376	0	-299.154	262.903	0.629846	1

COMPONENTFINISH

COMPONENT 10 1928337=IfcFlowTerminal
#	TMesh	1922988=IfcFlowTerminal
-0.621372	-9.41211e-005	-1.09748e-006	0	-9.41211e-005	0.621372	-4.00296e-007	0	-1.09754e-006	4.0013e-007	0.621372	0	-385.776	36.6607	0.629886	1

COMPONENTFINISH

COMPONENT 10 1928410=IfcFlowTerminal
#	TMesh	1923640=IfcFlowTerminal
0.786843	-3.03221e-008	-9.88425e-008	0	-3.03221e-008	-0.786843	1.38113e-007	0	9.88425e-008	1.38113e-007	0.786843	0	-32.9377	185.304	1.30761	1

COMPONENTFINISH

COMPONENT 10 1928479=IfcFlowTerminal
#	TMesh	1922988=IfcFlowTerminal
0.000381532	0.432369	-2.16567e-007	0	0.432369	-0.000381532	1.29226e-006	0	-1.29207e-006	2.17707e-007	0.43237	0	-265.696	200.226	-0.0556176	1

COMPONENTFINISH

COMPONENT 10 1928552=IfcFlowTerminal
#	TMesh	1922988=IfcFlowTerminal
-0.000381515	0.432369	-2.19123e-007	0	-0.432369	-0.000381515	-1.60392e-006	0	-1.60411e-006	2.17707e-007	0.43237	0	-188.441	200.226	-0.0553063	1

COMPONENTFINISH

COMPONENT 10 1928625=IfcFlowTerminal
#	TMesh	1924732=IfcFlowTerminal
0.999991	-2.47054e-008	5.52658e-007	0	-2.47052e-008	-0.999991	-3.5083e-007	0	-5.52658e-007	-3.5083e-007	0.999991	0	-32.4028	191.939	-0.0998436	1

COMPONENTFINISH

COMPONENT 10 1928698=IfcFlowTerminal
#	TMesh	1922988=IfcFlowTerminal
0.621323	-0.00455507	-2.31756e-007	0	-0.00455507	-0.621323	3.63753e-007	0	2.34416e-007	3.62044e-007	0.62134	0	-95.1625	159.226	-0.269946	1

COMPONENTFINISH

COMPONENT 10 1928771=IfcFlowTerminal
#	TMesh	1924732=IfcFlowTerminal
-1	3.70502e-008	-1.53229e-006	0	-3.70504e-008	-1	1.20628e-007	0	-1.53229e-006	1.20629e-007	1	0	-465.037	191.94	-0.100338	1

COMPONENTFINISH

COMPONENT 10 1928844=IfcFlowTerminal
#	TMesh	1924732=IfcFlowTerminal
-1	-3.71717e-008	0.000138225	0	3.71884e-008	-1	1.20622e-007	0	0.000138225	1.20627e-007	1	0	-470.637	191.94	-0.0706935	1

COMPONENTFINISH

COMPONENT 10 1928917=IfcFlowTerminal
#	TMesh	1922988=IfcFlowTerminal
-0.621372	-0.000548302	2.1831e-006	0	0.000548302	-0.621372	1.93473e-007	0	2.18293e-006	1.95399e-007	0.621373	0	-415.206	160.221	-0.269404	1

COMPONENTFINISH

COMPONENT 10 1928990=IfcFlowTerminal
#	TMesh	1922988=IfcFlowTerminal
-0.621372	-0.000548302	2.1831e-006	0	0.000548302	-0.621372	1.93473e-007	0	2.18293e-006	1.95399e-007	0.621373	0	-420.206	160.221	-0.269404	1

COMPONENTFINISH

COMPONENT 10 242013=IfcFlowTerminal
#	Mesh	0	Begin

#	Vertex	8
50.9977	27.3989	-1.79
51.2806	27.1161	-1.79
51.2806	27.1161	-1.95
50.9977	27.3989	-1.95
51.014	27.4152	-1.79
51.2968	27.1324	-1.79
51.2968	27.1324	-1.95
51.014	27.4152	-1.95

#	Triangle	6
3	4	7	0	4	3
0	5	4	1	5	0
1	6	5	2	6	1
2	7	6	3	7	2
3	1	0	2	1	3
4	6	7	5	6	4

#	Normal	6
-0.707149	0.707064	-0
-0	-0	1
0.707149	-0.707064	-0
-0	0	-1
-0.707107	-0.707107	0
0.707107	0.707107	0

#	Mesh	0	End


COMPONENTFINISH

COMPONENT 10 249583=IfcFlowTerminal
#	TMesh	242013=IfcFlowTerminal
0.707195	0.707074	-1.10202e-008	0	-0.707074	0.707195	-7.55666e-009	0	2.4502e-009	1.31356e-008	1.00004	0	-237.996	46.6605	7.4029e-005	1

COMPONENTFINISH

COMPONENT 10 249650=IfcFlowTerminal
#	TMesh	242013=IfcFlowTerminal
0.707195	0.707074	-1.10202e-008	0	-0.707074	0.707195	-7.55666e-009	0	2.4502e-009	1.31356e-008	1.00004	0	-247.513	46.6505	7.4029e-005	1

COMPONENTFINISH

COMPONENT 10 249717=IfcFlowTerminal
#	TMesh	242013=IfcFlowTerminal
0.707195	0.707074	-1.10202e-008	0	-0.707074	0.707195	-7.55666e-009	0	2.4502e-009	1.31356e-008	1.00004	0	-257.011	46.6505	7.4029e-005	1

COMPONENTFINISH

COMPONENT 10 249784=IfcFlowTerminal
#	TMesh	242013=IfcFlowTerminal
0.707195	-0.707074	-1.10202e-008	0	-0.707074	-0.707195	-7.55666e-009	0	2.4502e-009	-1.31356e-008	1.00004	0	-266.571	157.535	7.4029e-005	1

COMPONENTFINISH

COMPONENT 10 249851=IfcFlowTerminal
#	TMesh	242013=IfcFlowTerminal
-0.707195	-0.707074	-1.10202e-008	0	0.707074	-0.707195	-7.55666e-009	0	-2.4502e-009	-1.31356e-008	1.00004	0	-242.252	157.535	7.4029e-005	1

COMPONENTFINISH

COMPONENT 10 249918=IfcFlowTerminal
#	TMesh	242013=IfcFlowTerminal
-0.707086	-0.707208	-1.10204e-008	0	-0.707208	0.707086	-7.55679e-009	0	-1.31358e-008	-2.45025e-009	1.00006	0	-204.39	119.758	0.000106573	1

COMPONENTFINISH

COMPONENT 10 249985=IfcFlowTerminal
#	TMesh	242013=IfcFlowTerminal
0.707218	-0.707096	-1.10205e-008	0	-0.707096	-0.707218	-7.5569e-009	0	2.45028e-009	-1.3136e-008	1.00007	0	-269.614	165.929	0.000133634	1

COMPONENTFINISH

COMPONENT 10 250052=IfcFlowTerminal
#	TMesh	242013=IfcFlowTerminal
-0.707195	-0.707073	-1.10202e-008	0	0.707073	-0.707195	-7.55666e-009	0	-2.4502e-009	-1.31356e-008	1.00004	0	-226.315	165.927	7.25985e-005	1

COMPONENTFINISH

COMPONENT 10 250119=IfcFlowTerminal
#	TMesh	242013=IfcFlowTerminal
0.707218	-0.707096	-1.10205e-008	0	-0.707096	-0.707218	-7.5569e-009	0	2.45028e-009	-1.3136e-008	1.00007	0	-249.963	165.929	0.000133634	1

COMPONENTFINISH

COMPONENT 10 250186=IfcFlowTerminal
#	TMesh	242013=IfcFlowTerminal
-0.707195	-0.707073	-1.10202e-008	0	0.707073	-0.707195	-7.55666e-009	0	-2.4502e-009	-1.31356e-008	1.00004	0	-206.647	165.927	7.25985e-005	1

COMPONENTFINISH

COMPONENT 10 250253=IfcFlowTerminal
#	TMesh	242013=IfcFlowTerminal
-0.707195	-0.707073	-1.10202e-008	0	0.707073	-0.707195	-7.55666e-009	0	-2.4502e-009	-1.31356e-008	1.00004	0	-196.6	165.927	7.25985e-005	1

COMPONENTFINISH

COMPONENT 10 662512=IfcFlowTerminal
#	TMesh	1639398=IfcFlowTerminal
-0.97922	-0.210124	-7.05507e-005	0	-0.210122	0.979212	-0.00421691	0	-0.000953717	0.00410826	1.0015	0	-168.191	37.8187	3.74791	1

COMPONENTFINISH

COMPONENT 10 664758=IfcFlowTerminal
#	TMesh	1639398=IfcFlowTerminal
-0.980507	0.202299	-0.0101728	0	-0.202432	-0.980426	0.014432	0	-0.00704557	0.0161904	1.00105	0	-168.755	175.41	2.86064	1

COMPONENTFINISH

COMPONENT 10 664827=IfcFlowTerminal
#	TMesh	1639398=IfcFlowTerminal
0.984121	0.177324	-0.00831278	0	0.177394	-0.984107	0.00851349	0	0.00667099	0.0098529	0.999933	0	-318.982	177.248	3.22227	1

COMPONENTFINISH

COMPONENT 10 664895=IfcFlowTerminal
#	TMesh	1639398=IfcFlowTerminal
-0.983353	0.182851	0.00472318	0	-0.182792	-0.983316	0.0107851	0	0.006615	0.00974008	1.00015	0	-166.977	172.863	2.22513	1

COMPONENTFINISH

COMPONENT 10 665723=IfcFlowTerminal
#	TMesh	1639398=IfcFlowTerminal
-1.0014	-0.0419661	1.07056e-006	0	-0.0419655	1.00138	-0.00562523	0	-0.000234463	0.00562034	1.00226	0	-165.894	19.5569	3.86015	1

COMPONENTFINISH

COMPONENT 10 665791=IfcFlowTerminal
#	TMesh	1639398=IfcFlowTerminal
0.9793	0.213293	0.00237694	0	0.213282	-0.979296	0.00432317	0	-0.00324249	0.00371832	1.00225	0	-310.203	160.869	2.90318	1

COMPONENTFINISH

COMPONENT 10 665859=IfcFlowTerminal
#	TMesh	1639398=IfcFlowTerminal
1.00065	0.0457908	0.0118251	0	0.0458234	-1.00072	-0.00250371	0	-0.0116982	-0.00304183	1.0017	0	-294.447	173.038	2.86712	1

COMPONENTFINISH

COMPONENT 10 665927=IfcFlowTerminal
#	TMesh	1639398=IfcFlowTerminal
-0.979706	-0.209195	-0.0131511	0	-0.209192	0.979793	-0.00168034	0	-0.0132121	-0.0011028	1.00179	0	-150.192	31.7225	4.35842	1

COMPONENTFINISH

COMPONENT 10 677969=IfcFlowTerminal
#	TMesh	1625701=IfcFlowTerminal
0.111363	-0.992964	0.00399022	0	-0.992812	-0.111416	-0.0174957	0	-0.0178315	0.00201477	0.999036	0	-151.301	159.327	4.5532	1

COMPONENTFINISH

COMPONENT 10 680186=IfcFlowTerminal
#	TMesh	1625701=IfcFlowTerminal
0.111547	0.99309	0.00141138	0	-0.993079	0.111552	-0.00476072	0	-0.00488851	-0.000871145	0.999323	0	-151.25	33.5381	3.69122	1

COMPONENTFINISH

COMPONENT 10 680815=IfcFlowTerminal
#	TMesh	1625701=IfcFlowTerminal
0.221105	0.974944	0.0016739	0	-0.974942	0.221108	-0.00203847	0	-0.00235821	-0.00118159	0.999699	0	-174.652	22.1614	3.46203	1

COMPONENTFINISH

COMPONENT 10 680881=IfcFlowTerminal
#	TMesh	1625701=IfcFlowTerminal
0.0995484	0.994824	0.00153001	0	-0.994814	0.0995543	-0.00446744	0	-0.00459759	-0.00107758	0.999782	0	-166.236	34.5395	3.66269	1

COMPONENTFINISH

ALLCOMPONENTFINISH 10