ALLCOMPONENTSTART 6
COMPONENT 6 1766233=IfcColumn
#	Mesh	0	Begin

#	Vertex	8
60.601	114.72	-11.523
59.702	114.677	-11.523
59.8074	112.479	-11.523
60.7064	112.522	-11.523
60.601	114.72	4.941
59.702	114.677	4.941
59.8074	112.479	4.941
60.7064	112.522	4.941

#	Triangle	6
3	4	7	0	4	3
0	5	4	1	5	0
1	6	5	2	6	1
2	7	6	3	7	2
3	1	0	2	1	3
4	6	7	5	6	4

#	Normal	6
0.998852	0.0478977	-0
-0.0478994	0.998852	-0
-0.998852	-0.0478959	0
0.0478992	-0.998852	-0
-0	-0	-1
-0	0	1

#	Mesh	0	End


COMPONENTFINISH

COMPONENT 6 1837434=IfcColumn
#	Mesh	0	Begin

#	Vertex	8
107.284	-86.4408	-19.473
107.122	-84.4473	-19.473
106.225	-84.52	-19.473
106.387	-86.5134	-19.473
107.284	-86.4408	0
107.122	-84.4473	0
106.225	-84.52	0
106.387	-86.5134	0

#	Triangle	6
3	4	7	0	4	3
0	5	4	1	5	0
1	6	5	2	6	1
2	7	6	3	7	2
3	1	0	2	1	3
4	6	7	5	6	4

#	Normal	6
0.0807033	-0.996738	-0
0.996738	0.0806992	-0
-0.0807026	0.996738	-0
-0.996738	-0.0807031	0
-0	0	-1
0	-0	1

#	Mesh	0	End


COMPONENTFINISH

COMPONENT 6 1838035=IfcColumn
#	Mesh	0	Begin

#	Vertex	8
50.3487	96.3267	-10.023
48.8536	96.2056	-10.023
48.9505	95.0095	-10.023
50.4456	95.1306	-10.023
50.3487	96.3267	3
48.8536	96.2056	3
48.9505	95.0095	3
50.4456	95.1306	3

#	Triangle	6
3	4	7	0	4	3
0	5	4	1	5	0
1	6	5	2	6	1
2	7	6	3	7	2
3	1	0	2	1	3
4	6	7	5	6	4

#	Normal	6
0.996733	0.0807619	-0
-0.0807606	0.996734	-0
-0.996734	-0.0807586	0
0.0807603	-0.996734	-0
-0	-0	-1
-0	0	1

#	Mesh	0	End


COMPONENTFINISH

COMPONENT 6 1842609=IfcColumn
#	TMesh	1837434=IfcColumn
-0.051652	-0.635038	1.38715e-009	0	0.635038	-0.051652	7.98962e-011	0	-3.28221e-011	-1.38907e-009	-0.637135	0	108.346	151.497	-9.85104	1

COMPONENTFINISH

COMPONENT 6 1842714=IfcColumn
#	TMesh	1837434=IfcColumn
-0.0516291	-0.634758	-4.01298e-010	0	0.634758	-0.0516291	2.75692e-013	0	-3.28076e-011	-3.99955e-010	0.636854	0	108.935	142.969	2.55039	1

COMPONENTFINISH

COMPONENT 6 1842790=IfcColumn
#	TMesh	1837434=IfcColumn
-0.0515547	-0.633842	-5.86875e-010	0	0.633842	-0.0515547	-8.0603e-011	0	-3.27603e-011	5.91478e-010	-0.635935	0	110.858	134.377	-9.85117	1

COMPONENTFINISH

COMPONENT 6 1842866=IfcColumn
#	TMesh	1837434=IfcColumn
0.0514692	0.632791	-4.00054e-010	0	-0.632791	0.0514692	2.74838e-013	0	3.2706e-011	3.98715e-010	0.63488	0	-6.10244	-8.37485	2.51173	1

COMPONENTFINISH

COMPONENT 6 2161=IfcColumn
#	TMesh	1838035=IfcColumn
1	7.45058e-009	7.63278e-017	0	-7.45058e-009	1	0	0	-2.77556e-017	5.55112e-017	1	0	3.8147e-006	0	0	1

COMPONENTFINISH

COMPONENT 6 2711271=IfcColumn
#	Mesh	0	Begin

#	Vertex	8
-69.3985	114.865	-9.07
-70.3985	114.865	-9.07
-70.3985	114.065	-9.07
-69.3985	114.065	-9.07
-69.3985	114.865	3.38
-70.3985	114.865	3.38
-70.3985	114.065	3.38
-69.3985	114.065	3.38

#	Triangle	6
3	4	7	0	4	3
0	5	4	1	5	0
1	6	5	2	6	1
2	7	6	3	7	2
3	1	0	2	1	3
4	6	7	5	6	4

#	Normal	6
1	-0	-0
-0	1	-0
-1	-0	0
-0	-1	-0
-0	0	-1
0	0	1

#	Mesh	0	End


COMPONENTFINISH

COMPONENT 6 2722299=IfcColumn
#	TMesh	2711271=IfcColumn
-1	0	0	0	0	-1	0	0	0	0	1	0	-24.9769	185.584	2.38419e-007	1

COMPONENTFINISH

COMPONENT 6 2722414=IfcColumn
#	TMesh	2711271=IfcColumn
-1	0	0	0	0	1	0	0	0	0	1	0	-25.9769	-34.8462	2.38419e-007	1

COMPONENTFINISH

COMPONENT 6 366483=IfcColumn
#	TMesh	2711271=IfcColumn
1	0	0	0	0	-1	0	0	0	0	1	0	57.572	194.109	4.76837e-007	1

COMPONENTFINISH

COMPONENT 6 366557=IfcColumn
#	TMesh	2711271=IfcColumn
1	0	0	0	0	-1	0	0	0	0	1	0	57.572	185.584	2.38419e-007	1

COMPONENTFINISH

COMPONENT 6 366631=IfcColumn
#	TMesh	2711271=IfcColumn
-1	0	0	0	0	1	0	0	0	0	-1	0	-82.2251	-51.8462	-5.69	1

COMPONENTFINISH

COMPONENT 6 366705=IfcColumn
#	TMesh	2711271=IfcColumn
1	0	0	0	0	1	0	0	0	0	-1	0	66.0719	-51.8462	-5.69	1

COMPONENTFINISH

COMPONENT 6 366779=IfcColumn
#	TMesh	2711271=IfcColumn
1	0	0	0	0	-1	0	0	0	0	1	0	66.072	185.584	2.38419e-007	1

COMPONENTFINISH

COMPONENT 6 366853=IfcColumn
#	TMesh	2711271=IfcColumn
1	0	0	0	0	-1	0	0	0	0	1	0	66.072	194.079	4.76837e-007	1

COMPONENTFINISH

COMPONENT 6 366927=IfcColumn
#	TMesh	2711271=IfcColumn
-1	0	0	0	0	-1	1.54454e-009	0	0	-1.54454e-009	-1	0	-65.2251	169.244	-5.69	1

COMPONENTFINISH

COMPONENT 6 367001=IfcColumn
#	TMesh	2711271=IfcColumn
-1	0	0	0	0	-1	1.54454e-009	0	0	-1.54454e-009	-1	0	-82.225	169.244	-5.69	1

COMPONENTFINISH

COMPONENT 6 367174=IfcColumn
#	Mesh	0	Begin

#	Vertex	28
-3.32655	55.1786	3.38
-4.32655	55.1786	3.38
-4.32655	54.3786	3.38
-3.32655	54.3786	3.38
-4.32655	54.3786	-9.07
-4.32655	55.1786	-9.07
-4.17313	55.1786	-9.07
-4.17313	54.3786	-9.07
-3.32655	55.1786	1.48
-3.32655	55.1786	-2.42
-3.32655	55.1786	-3.42
-3.32655	55.1786	-9.07
-3.97314	55.1786	-9.07
-3.97314	55.1786	-2.82
-4.17313	55.1786	-2.82
-4.32655	55.1786	-3.42
-4.32655	55.1786	-2.42
-4.32655	55.1786	1.48
-4.32655	54.3786	-3.42
-4.32655	54.3786	-2.42
-4.32655	54.3786	1.48
-4.17313	54.3786	-2.82
-3.97314	54.3786	-2.82
-3.97314	54.3786	-9.07
-3.32655	54.3786	-9.07
-3.32655	54.3786	-3.42
-3.32655	54.3786	-2.42
-3.32655	54.3786	1.48

#	Triangle	6
3	1	2	0	1	3
7	5	6	4	5	7	14	22	21	13	22	14	12	24	23	11	24	12
15	6	5	15	14	6	13	11	12	13	10	11	16	14	15	13	9	10	16	13	14	16	9	13	17	9	16	17	8	9	1	8	17	1	0	8
18	5	4	18	15	5	19	15	18	19	16	15	20	16	19	20	17	16	2	17	20	2	1	17	23	13	12	22	13	23
25	23	24	25	22	23	21	4	7	21	18	4	26	22	25	21	19	18	26	21	22	26	19	21	27	19	26	27	20	19	3	20	27	3	2	20
10	24	11	10	25	24	9	25	10	9	26	25	8	26	9	8	27	26	0	27	8	0	3	27	6	21	7	14	21	6

#	Normal	6
-0	-0	1
-0	0	-1
-0	1	-0
-1	0	-0
-0	-1	-0
1	0	0

#	Mesh	0	End


COMPONENTFINISH

COMPONENT 6 367248=IfcColumn
#	TMesh	2711271=IfcColumn
-1	0	0	0	0	1	0	0	0	0	-1	0	-65.2251	-51.8462	-5.69	1

COMPONENTFINISH

COMPONENT 6 367322=IfcColumn
#	TMesh	2711271=IfcColumn
-1	0	0	0	0	-1	0	0	0	0	1	0	-65.2167	185.584	2.38419e-007	1

COMPONENTFINISH

COMPONENT 6 367396=IfcColumn
#	TMesh	2711271=IfcColumn
-1	0	0	0	0	-1	0	0	0	0	1	0	-65.2251	194.079	4.76837e-007	1

COMPONENTFINISH

COMPONENT 6 367543=IfcColumn
#	Mesh	0	Begin

#	Vertex	20
5.17345	88.5188	3.38
4.17345	88.5188	3.38
4.17345	87.7188	3.38
5.17345	87.7188	3.38
5.17345	87.7188	-9.07
4.17345	87.7188	-9.07
4.17345	87.7258	-9.07
5.17345	87.7258	-9.07
5.17345	88.5188	2.58
5.17345	88.5188	1.38
5.17345	88.5188	-2.82
4.17345	88.5188	-2.82
4.17345	88.5188	1.38
4.17345	88.5188	2.58
4.17345	87.7258	-2.82
4.17345	87.7188	2.38864
4.17345	87.7188	2.58
5.17345	87.7188	2.38864
5.17345	87.7188	2.58
5.17345	87.7258	-2.82

#	Triangle	6
3	1	2	0	1	3
7	5	6	4	5	7	10	14	11	19	14	10
12	10	11	12	9	10	13	9	12	13	8	9	1	8	13	1	0	8	6	19	7	14	19	6
15	6	5	15	14	6	15	11	14	15	12	11	15	13	12	16	13	15	2	13	16	2	1	13
17	5	4	17	15	5	18	15	17	18	16	15	3	16	18	3	2	16
19	4	7	19	17	4	9	19	10	9	17	19	8	17	9	8	18	17	0	18	8	0	3	18

#	Normal	6
-0	-0	1
-0	-0	-1
-0	1	-0
-1	0	-0
-0	-1	-0
1	0	0

#	Mesh	0	End


COMPONENTFINISH

COMPONENT 6 367690=IfcColumn
#	TMesh	367543=IfcColumn
-1	1.93624e-007	-5.03387e-008	0	1.93624e-007	1	0	0	-5.03387e-008	0	1	0	0.846884	0	2.38419e-007	1

COMPONENTFINISH

COMPONENT 6 367764=IfcColumn
#	TMesh	2711271=IfcColumn
-1	0	0	0	0	-1	0	0	0	0	1	0	-56.725	194.079	4.76837e-007	1

COMPONENTFINISH

COMPONENT 6 367838=IfcColumn
#	TMesh	2711271=IfcColumn
-1	0	0	0	0	-1	0	0	0	0	1	0	-56.725	185.584	2.38419e-007	1

COMPONENTFINISH

COMPONENT 6 367912=IfcColumn
#	TMesh	2711271=IfcColumn
1	0	0	0	0	1	0	0	0	0	-1	0	83.0719	-51.8462	-5.69	1

COMPONENTFINISH

COMPONENT 6 367986=IfcColumn
#	TMesh	2711271=IfcColumn
-1	0	0	0	0	-1	1.54454e-009	0	0	-1.54454e-009	-1	0	-56.725	169.244	-5.69	1

COMPONENTFINISH

COMPONENT 6 368060=IfcColumn
#	TMesh	2711271=IfcColumn
-1	0	0	0	0	-1	0	0	0	0	1	0	-48.225	194.079	4.76837e-007	1

COMPONENTFINISH

COMPONENT 6 368134=IfcColumn
#	TMesh	2711271=IfcColumn
-1	0	0	0	0	-1	0	0	0	0	1	0	-48.225	185.584	2.38419e-007	1

COMPONENTFINISH

COMPONENT 6 368208=IfcColumn
#	TMesh	2711271=IfcColumn
1	0	0	0	0	1	0	0	0	0	-1	0	91.5719	-51.8462	-5.69	1

COMPONENTFINISH

COMPONENT 6 368282=IfcColumn
#	TMesh	2711271=IfcColumn
1	0	0	0	0	-1	1.54454e-009	0	0	-1.54454e-009	-1	0	91.572	169.244	-5.69	1

COMPONENTFINISH

COMPONENT 6 368421=IfcColumn
#	Mesh	0	Begin

#	Vertex	16
22.1541	88.5188	3.38
21.1541	88.5188	3.38
21.1541	87.7188	3.38
22.1541	87.7188	3.38
22.1541	87.7188	-9.07
21.1541	87.7188	-9.07
21.1541	87.7258	-9.07
22.1541	87.7258	-9.07
22.1541	88.5188	2.58
22.1541	88.5188	1.38
22.1541	88.5188	-2.82
21.1541	88.5188	-2.82
21.1541	87.7258	-2.82
22.1541	87.7188	2.38864
22.1541	87.7188	2.58
22.1541	87.7258	-2.82

#	Triangle	6
3	1	2	0	1	3
7	5	6	4	5	7	10	12	11	15	12	10
1	10	11	1	9	10	1	8	9	1	0	8	6	15	7	12	15	6
2	6	5	2	12	6	2	11	12	2	1	11
13	5	4	13	2	5	14	2	13	3	2	14
15	4	7	15	13	4	9	15	10	9	13	15	8	13	9	8	14	13	0	14	8	0	3	14

#	Normal	6
-0	-0	1
-0	-0	-1
-0	1	-0
-1	0	-0
-0	-1	-0
1	0	0

#	Mesh	0	End


COMPONENTFINISH

COMPONENT 6 368495=IfcColumn
#	TMesh	2711271=IfcColumn
-1	0	0	0	0	-1	0	0	0	0	1	0	-39.725	194.109	4.76837e-007	1

COMPONENTFINISH

COMPONENT 6 368569=IfcColumn
#	TMesh	2711271=IfcColumn
-1	0	0	0	0	1	0	0	0	0	-1	0	-39.725	-51.8462	-5.69	1

COMPONENTFINISH

COMPONENT 6 368643=IfcColumn
#	TMesh	2711271=IfcColumn
-1	0	0	0	0	1	-1.54454e-009	0	0	-1.54454e-009	-1	0	-39.7249	-59.6862	-5.69	1

COMPONENTFINISH

COMPONENT 6 368790=IfcColumn
#	TMesh	367543=IfcColumn
1	3.4515e-007	-7.78304e-008	0	-3.4515e-007	1	0	0	7.78304e-008	0	1	0	34	0	1.19209e-007	1

COMPONENTFINISH

COMPONENT 6 368864=IfcColumn
#	TMesh	2711271=IfcColumn
-1	0	0	0	0	1	0	0	0	0	1	0	-31.217	-34.8462	2.38419e-007	1

COMPONENTFINISH

COMPONENT 6 368938=IfcColumn
#	TMesh	2711271=IfcColumn
-1	0	0	0	0	1	0	0	0	0	-1	0	-31.2251	-51.8462	-5.69	1

COMPONENTFINISH

COMPONENT 6 369012=IfcColumn
#	TMesh	2711271=IfcColumn
-1	0	0	0	0	1	-1.54454e-009	0	0	-1.54454e-009	-1	0	-31.2251	-59.6862	-5.69	1

COMPONENTFINISH

COMPONENT 6 369086=IfcColumn
#	TMesh	2711271=IfcColumn
-1	0	0	0	0	-1	0	0	0	0	1	0	-31.217	185.584	2.38419e-007	1

COMPONENTFINISH

COMPONENT 6 369253=IfcColumn
#	Mesh	0	Begin

#	Vertex	24
49.0482	88.5188	3.38
48.0482	88.5188	3.38
48.0482	87.7188	3.38
49.0482	87.7188	3.38
49.0482	88.5188	-9.07
49.0482	87.7188	-9.07
48.5283	87.7188	-9.07
48.4634	88.5188	-9.07
49.0482	88.5188	2.58
49.0482	88.5188	1.38
48.4634	88.5188	-2.82
48.0482	88.5188	-2.82
48.0482	88.5188	1.38
48.0482	88.5188	2.58
48.0482	87.7258	-2.82
48.0482	87.7258	2.38706
48.0482	87.7258	2.58
48.0482	87.7188	2.58
48.5283	87.7188	2.58
48.5283	87.7188	2.38863
49.0482	87.7188	2.38863
49.0482	87.7188	2.58
48.5277	87.7258	2.58
48.5277	87.7258	-2.82

#	Triangle	9
3	1	2	0	1	3
7	5	6	4	5	7	16	18	17	22	18	16	11	23	14	10	23	11
10	4	7	10	9	4	12	10	11	12	9	10	13	9	12	13	8	9	1	8	13	1	0	8
15	11	14	15	12	11	15	13	12	16	13	15	2	16	17	2	13	16	2	1	13
20	6	5	20	19	6	21	19	20	21	18	19	3	18	21	3	17	18	3	2	17	22	14	23	22	15	14	22	16	15
9	5	4	9	20	5	8	20	9	8	21	20	0	21	8	0	3	21
19	23	6	19	22	23	18	22	19
23	7	6
23	10	7

#	Normal	9
-0	-0	1
0	-0	-1
-0	1	-0
-1	0	-0
-0	-1	-0
1	0	0
-0.996763	-0.0804018	-0
-0.996729	-0.0808187	4.74699e-007
-0.996729	-0.0808225	0

#	Mesh	0	End


COMPONENTFINISH

COMPONENT 6 369386=IfcColumn
#	Mesh	0	Begin

#	Vertex	12
49.6638	80.0188	3.38
48.6638	80.0188	3.38
48.6638	79.2188	3.38
49.6638	79.2188	3.38
49.6638	80.0188	-9.07
49.6638	79.2188	-9.07
49.4013	79.2188	-9.07
49.2268	80.0188	-9.07
49.2268	80.0188	2.58
48.6638	80.0188	2.58
48.6638	79.2188	2.58
49.4013	79.2188	2.58

#	Triangle	7
3	1	2	0	1	3
7	5	6	4	5	7	9	11	10	8	11	9
8	4	7	8	0	4	1	8	9	1	0	8
10	1	9	2	1	10
3	6	5	3	11	6	3	10	11	3	2	10
4	3	5	0	3	4
6	8	7	11	8	6

#	Normal	7
-0	-0	1
0	-0	-1
-0	1	-0
-1	-0	-0
-0	-1	-0
1	-0	-0
-0.977029	-0.213105	0

#	Mesh	0	End


COMPONENTFINISH

COMPONENT 6 369519=IfcColumn
#	Mesh	0	Begin

#	Vertex	12
51.6734	71.5188	3.38
50.6734	71.5188	3.38
50.6734	70.7188	3.38
51.6734	70.7188	3.38
51.6734	71.5188	-9.07
51.6734	70.7188	-9.07
51.2553	70.7188	-9.07
51.0808	71.5188	-9.07
51.0808	71.5188	2.58
50.6734	71.5188	2.58
50.6734	70.7188	2.58
51.2553	70.7188	2.58

#	Triangle	7
3	1	2	0	1	3
7	5	6	4	5	7	9	11	10	8	11	9
8	4	7	8	0	4	1	8	9	1	0	8
10	1	9	2	1	10
3	6	5	3	11	6	3	10	11	3	2	10
4	3	5	0	3	4
6	8	7	11	8	6

#	Normal	7
-0	-0	1
0	-0	-1
-0	1	-0
-1	-0	-0
-0	-1	-0
1	-0	-0
-0.977029	-0.213105	0

#	Mesh	0	End


COMPONENTFINISH

COMPONENT 6 369593=IfcColumn
#	TMesh	2711271=IfcColumn
-1	0	0	0	0	1	0	0	0	0	-1	0	-24.0851	-51.8462	-5.69	1

COMPONENTFINISH

COMPONENT 6 369667=IfcColumn
#	TMesh	2711271=IfcColumn
-1	0	0	0	0	1	-1.54454e-009	0	0	-1.54454e-009	-1	0	-22.7251	-59.6862	-5.69	1

COMPONENTFINISH

COMPONENT 6 369858=IfcColumn
#	Mesh	0	Begin

#	Vertex	31
53.9833	55.1788	3.38
52.9974	55.1788	3.38
52.9833	55.1788	3.38
52.9833	54.3788	3.38
52.9974	54.3788	3.38
53.9833	54.3788	3.38
53.9833	55.1788	-9.07
53.9833	54.3788	-9.07
53.4658	54.3788	-9.07
53.435	54.7593	-9.07
53.4082	54.7571	-9.07
53.374	55.1788	-9.07
53.9833	55.1788	-2.42
53.9833	55.1788	-3.42
53.374	55.1788	-3.42
53.374	55.1788	-2.42
53.374	55.1788	2.58
52.9974	55.1788	2.58
52.9833	55.1788	2.58
52.9833	54.7227	2.58
52.9833	54.7227	1.48
52.9833	54.7227	-2.42
52.9833	54.3788	-2.42
52.9833	54.3788	1.48
53.4658	54.3788	-2.42
53.4658	54.3788	-3.42
53.9833	54.3788	-3.42
53.9833	54.3788	-2.42
53.4082	54.7571	-2.42
53.4082	54.7571	2.58
53.435	54.7593	-2.42

#	Triangle	10
4	2	3	4	1	2	5	1	4	5	0	1
6	10	11	6	9	10	6	8	9	6	7	8	17	19	18	17	29	19	16	29	17	28	22	21	28	24	22	30	24	28
14	6	11	14	13	6	15	13	14	15	12	13	16	12	15	16	0	12	2	17	18	2	16	17	2	1	16	1	0	16
23	21	22	23	20	21	3	20	23	3	19	20	3	18	19	3	2	18
26	8	7	26	25	8	27	25	26	27	24	25	5	24	27	5	22	24	5	23	22	5	4	23	4	3	23
13	7	6	13	26	7	12	26	13	12	27	26	0	27	12	0	5	27
28	11	10	28	14	11	28	15	14	29	15	28	29	16	15
20	28	21	20	29	28	19	29	20
25	9	8	25	30	9	24	30	25
9	28	10	30	28	9

#	Normal	10
-0	-0	1
-0	-0	-1
-0	1	-0
-1	0	-0
-0	-1	-0
1	0	0
-0.996729	-0.0808146	-0
-0.0808151	0.996729	-0
-0.996729	-0.0808131	-0
0.0808393	-0.996727	-0

#	Mesh	0	End


COMPONENTFINISH

COMPONENT 6 370019=IfcColumn
#	Mesh	0	Begin

#	Vertex	22
-11.6184	88.5148	2.58
-13.0184	88.5148	2.58
-13.0184	87.7576	2.58
-13.0184	87.7148	2.58
-11.6184	87.7148	2.58
-11.6184	87.7576	2.58
-11.6184	88.5148	-9.45733
-11.6184	87.7148	-9.45733
-13.0184	87.7148	-9.45733
-13.0184	88.5148	-9.45733
-11.6184	88.5148	1.38
-11.6184	88.5148	-2.82
-13.0184	88.5148	-2.82
-13.0184	88.5148	1.38
-13.0184	87.7258	-2.82
-13.0184	87.7258	-9.34646
-13.0184	88.5148	-9.34646
-13.0184	87.7148	2.38952
-11.6184	87.7148	2.38952
-11.6184	88.5148	-9.34646
-11.6184	87.7258	-9.34646
-11.6184	87.7258	-2.82

#	Triangle	6
4	2	3	4	1	2	4	5	1	5	0	1	16	20	19	15	20	16
9	7	8	6	7	9	11	14	12	21	14	11
13	11	12	13	10	11	1	10	13	1	0	10	15	21	20	14	21	15	19	9	16	6	9	19
17	15	8	15	9	8	15	16	9	17	14	15	17	12	14	17	13	12	17	1	13	3	2	17	2	1	17
18	8	7	18	17	8	4	17	18	4	3	17
19	7	6	19	20	7	20	18	7	21	18	20	10	21	11	10	18	21	0	18	10	0	5	18	5	4	18

#	Normal	6
-0	-0	1
0	-0	-1
-0	1	-0
-1	0	-0
-0	-1	-0
1	0	0

#	Mesh	0	End


COMPONENTFINISH

COMPONENT 6 370215=IfcColumn
#	Mesh	0	Begin

#	Vertex	31
-14.8276	97.7188	2.58
-15.5502	97.7188	2.58
-15.7666	97.7188	2.58
-15.9666	97.7188	2.58
-16.2276	97.7188	2.58
-16.2276	96.9188	2.58
-15.5502	96.9188	2.58
-14.8276	96.9188	2.58
-14.8276	97.1188	2.58
-14.8276	96.9188	-8.84433
-16.2276	96.9188	-8.84433
-16.2276	97.7083	-8.84433
-14.8276	97.7083	-8.84433
-14.8276	97.7188	1.38
-14.8276	97.7188	-7.47
-16.2276	97.7188	-7.47
-16.2276	97.7188	1.38
-16.2276	97.7083	-7.47
-16.2276	96.9188	-7.47
-16.2276	97.1174	-7.47
-16.2276	97.1174	-2.82
-16.2276	96.9188	-2.82
-16.2276	96.9188	1.38
-16.0464	96.9188	-2.82
-14.8276	96.9188	-2.82
-14.8276	96.9188	1.38
-14.8276	97.1174	-2.82
-14.8276	97.1174	-7.47
-14.8276	96.9188	-7.47
-14.8276	97.7083	-7.47
-16.0464	97.1174	-2.82

#	Triangle	6
6	4	5	6	3	4	6	2	3	6	1	2	7	1	6	7	8	1	8	0	1	28	19	18	27	19	28
12	10	11	9	10	12	23	26	24	30	26	23	14	17	15	29	17	14	21	30	23	20	30	21
16	14	15	16	13	14	4	13	16	4	3	13	3	2	13	2	1	13	1	0	13	11	29	12	17	29	11
18	11	10	18	19	11	19	17	11	20	17	19	20	15	17	20	16	15	22	20	21	22	16	20	5	16	22	5	4	16
25	23	24	25	21	23	25	22	21	7	22	25	7	6	22	6	5	22	26	19	27	26	30	19	30	20	19	18	9	28	10	9	18
29	9	12	29	27	9	27	28	9	13	29	14	13	27	29	13	26	27	13	24	26	13	25	24	0	25	13	0	8	25	8	7	25

#	Normal	6
-0	-0	1
-0	-0	-1
-0	1	-0
-1	0	-0
-0	-1	-0
1	0	0

#	Mesh	0	End


COMPONENTFINISH

COMPONENT 6 370348=IfcColumn
#	Mesh	0	Begin

#	Vertex	12
13.8666	88.5148	2.58
12.4666	88.5148	2.58
12.4666	87.7148	2.58
13.8666	87.7148	2.58
13.8666	87.7148	-9.45733
12.4666	87.7148	-9.45733
12.4666	87.7258	-9.45733
13.8666	87.7258	-9.45733
13.8666	88.5148	-2.82
12.4666	88.5148	-2.82
12.4666	87.7258	-2.82
13.8666	87.7258	-2.82

#	Triangle	6
3	1	2	0	1	3
7	5	6	4	5	7	9	11	10	8	11	9
9	0	8	1	0	9	6	11	7	10	11	6
2	6	5	2	10	6	2	9	10	2	1	9
4	2	5	3	2	4
11	4	7	11	3	4	0	11	8	0	3	11

#	Normal	6
-0	-0	1
-0	-0	-1
-0	1	-0
-1	0	-0
-0	-1	0
1	0	0

#	Mesh	0	End


COMPONENTFINISH

COMPONENT 6 370493=IfcColumn
#	Mesh	0	Begin

#	Vertex	18
30.8616	88.5148	2.58
29.4616	88.5148	2.58
29.4616	87.7576	2.58
29.4616	87.7148	2.58
30.8616	87.7148	2.58
30.8616	87.7576	2.58
30.8616	87.7148	-9.55733
29.4616	87.7148	-9.55733
29.4616	87.7258	-9.55733
30.8616	87.7258	-9.55733
30.8616	88.5148	1.38
30.8616	88.5148	-2.82
29.4616	88.5148	-2.82
29.4616	88.5148	1.38
29.4616	87.7258	-2.82
29.4616	87.7148	2.38952
30.8616	87.7148	2.38952
30.8616	87.7258	-2.82

#	Triangle	6
4	2	3	4	1	2	4	5	1	5	0	1
9	7	8	6	7	9	12	17	14	11	17	12
13	11	12	13	10	11	1	10	13	1	0	10	8	17	9	14	17	8
15	8	7	15	14	8	15	12	14	15	13	12	15	1	13	3	2	15	2	1	15
16	7	6	16	15	7	4	15	16	4	3	15
17	6	9	17	16	6	10	17	11	10	16	17	0	16	10	0	5	16	5	4	16

#	Normal	6
-0	-0	1
-0	-0	-1
-0	1	-0
-1	0	-0
-0	-1	-0
1	0	0

#	Mesh	0	End


COMPONENTFINISH

COMPONENT 6 47847=IfcColumn
#	Mesh	0	Begin

#	Vertex	30
-15.0385	108.017	3.38
-16.0385	108.017	3.38
-16.0385	107.217	3.38
-15.9986	107.217	3.38
-15.0986	107.217	3.38
-15.0385	107.217	3.38
-16.0385	108.017	-9.07
-15.0385	108.017	-9.07
-15.0385	107.415	-9.07
-16.0385	107.415	-9.07
-15.0385	108.017	2.58
-15.0385	108.017	1.38
-15.0385	108.017	-2.42
-15.0385	108.017	-2.82
-15.0385	108.017	-7.47
-15.7666	108.017	-2.42
-15.7666	108.017	2.58
-15.9666	108.017	2.58
-15.9666	108.017	-2.42
-16.0385	107.415	-7.47
-16.0385	107.217	-7.47
-15.0385	107.217	-7.47
-15.0385	107.217	1.38
-15.0385	107.217	2.58
-15.7666	107.217	2.58
-15.7666	107.217	-2.42
-15.9209	107.217	-2.42
-15.9666	107.217	-2.42
-15.9666	107.217	2.58
-15.0385	107.415	-7.47

#	Triangle	6
3	1	2	3	0	1	4	0	3	5	0	4	26	18	27	26	15	18	25	15	26
9	7	8	6	7	9	17	24	28	16	24	17	20	29	21	19	29	20
1	18	6	18	7	6	18	14	7	18	13	14	18	15	13	15	12	13	1	17	18	16	12	15	16	11	12	16	10	11	1	16	17	1	10	16	1	0	10
19	6	9	19	1	6	2	19	20	2	1	19	24	15	25	16	15	24
22	20	21	22	25	20	25	26	20	26	27	20	27	2	20	22	24	25	28	2	27	23	24	22	5	24	23	5	28	24	5	4	28	4	3	28	3	2	28	8	19	9	29	19	8
14	8	7	14	29	8	13	29	14	13	21	29	13	22	21	12	22	13	11	22	12	10	22	11	10	23	22	0	23	10	0	5	23	18	28	27	17	28	18

#	Normal	6
-0	-0	1
-0	-0	-1
-0	1	-0
-1	0	-0
-0	-1	-0
1	0	0

#	Mesh	0	End


COMPONENTFINISH

COMPONENT 6 48277=IfcColumn
#	Mesh	0	Begin

#	Vertex	36
-6.03848	97.7176	3.38
-7.03848	97.7176	3.38
-7.03848	96.9176	3.38
-6.03848	96.9176	3.38
-6.03848	96.9176	-9.07
-7.03848	96.9176	-9.07
-7.03848	97.7083	-9.07
-6.03848	97.7083	-9.07
-6.03848	97.7176	-2.82
-6.03848	97.7176	-3.42
-6.03848	97.7176	-7.47
-6.2385	97.7176	-7.47
-6.2385	97.7176	-2.82
-6.4385	97.7176	-2.82
-6.4385	97.7176	-7.47
-7.03848	97.7176	-7.47
-7.03848	97.7176	-3.42
-7.03848	97.7176	-2.82
-7.03848	97.7083	-7.47
-7.03848	96.9176	-3.42
-7.03848	96.9176	-2.82
-7.03848	96.9258	-2.82
-7.03848	96.9258	-7.47
-7.03848	97.1258	-7.47
-7.03848	97.1258	-2.82
-6.03848	96.9176	-3.42
-6.03848	96.9176	-2.82
-6.03848	97.7083	-7.47
-6.2385	96.9258	-7.47
-6.2385	96.9258	-2.82
-6.4385	97.1258	-7.47
-6.4385	97.1258	-2.82
-6.2385	97.1258	-7.47
-6.2385	97.7083	-7.47
-6.4385	97.7083	-7.47
-6.2385	97.1258	-2.82

#	Triangle	6
3	1	2	0	1	3	28	23	22	28	30	23	28	34	30	28	32	34	32	33	34
7	5	6	4	5	7	31	21	24	31	29	21	12	31	13	12	35	31	35	29	31	10	33	11	27	33	10	14	18	15	34	18	14
16	14	15	16	13	14	12	10	11	12	9	10	17	13	16	12	8	9	1	13	17	1	12	13	1	8	12	1	0	8	29	22	21	28	22	29	18	7	6	18	34	7	34	33	7	33	27	7
19	22	5	22	6	5	22	23	6	23	18	6	19	21	22	24	18	23	24	15	18	24	16	15	20	21	19	24	17	16	2	21	20	2	24	21	2	17	24	2	1	17	29	32	28	29	33	32	29	11	33	29	35	11	35	12	11
25	5	4	25	19	5	26	19	25	26	20	19	3	20	26	3	2	20	31	23	30	24	23	31
27	4	7	27	25	4	9	27	10	9	25	27	8	25	9	8	26	25	0	26	8	0	3	26	13	34	14	13	30	34	13	31	30

#	Normal	6
-0	-0	1
-0	-0	-1
-0	1	-0
-1	0	-0
-0	-1	-0
1	0	0

#	Mesh	0	End


COMPONENTFINISH

COMPONENT 6 48466=IfcColumn
#	Mesh	0	Begin

#	Vertex	26
2.95152	96.9178	3.38
1.95152	96.9178	3.38
1.95152	96.1178	3.38
2.95152	96.1178	3.38
2.95152	96.9178	-9.07
2.95152	96.1178	-9.07
1.95152	96.1178	-9.07
1.95152	96.9178	-9.07
2.95152	96.9178	2.58
2.75345	96.9178	2.58
2.75345	96.9178	-2.42
2.95152	96.9178	-2.42
1.95152	96.9178	-3.42
1.95152	96.9178	-2.82
1.95152	96.1178	-7.47
1.95152	96.3148	-7.47
1.95152	96.3148	-2.82
1.95152	96.1178	-2.82
2.95152	96.1178	-2.82
2.95152	96.3148	-2.82
2.95152	96.3148	-7.47
2.95152	96.1178	-7.47
2.95152	96.7178	-2.42
2.95152	96.7178	2.58
2.75345	96.7178	2.58
2.75345	96.7178	-2.42

#	Triangle	6
3	1	2	0	1	3	11	25	22	10	25	11	21	15	14	20	15	21
7	5	6	4	5	7	17	19	18	16	19	17	23	9	8	24	9	23
12	4	7	12	11	4	13	11	12	1	10	13	10	11	13	1	9	10	1	8	9	1	0	8	22	24	23	25	24	22
14	7	6	14	15	7	15	12	7	16	12	15	16	13	12	2	16	17	2	13	16	2	1	13
18	2	17	3	2	18	16	20	19	15	20	16	14	5	21	6	5	14
11	20	4	20	5	4	20	21	5	11	19	20	11	18	19	11	22	18	22	3	18	23	3	22	0	23	8	0	3	23	9	25	10	24	25	9

#	Normal	6
-0	-0	1
0	-0	-1
-0	1	-0
-1	0	-0
-0	-1	0
1	0	0

#	Mesh	0	End


COMPONENTFINISH

COMPONENT 6 48796=IfcColumn
#	Mesh	0	Begin

#	Vertex	22
2.96152	96.9178	3.38
1.96152	96.9178	3.38
1.96152	96.1178	3.38
2.96152	96.1178	3.38
2.96152	96.9178	-9.07
2.96152	96.1178	-9.07
1.96152	96.1178	-9.07
1.96152	96.9178	-9.07
2.96152	96.9178	2.58
2.96152	96.9178	1.38
2.96152	96.9178	-2.82
2.96152	96.9178	-3.42
1.96152	96.1178	-7.47
1.96152	96.3148	-7.47
1.96152	96.3148	-2.82
1.96152	96.1178	-2.82
2.96152	96.1178	-2.82
2.96152	96.1178	1.38
2.96152	96.1178	2.58
2.96152	96.3148	-2.82
2.96152	96.3148	-7.47
2.96152	96.1178	-7.47

#	Triangle	6
3	1	2	0	1	3	21	13	12	20	13	21
7	5	6	4	5	7	15	19	16	14	19	15
1	4	7	1	11	4	1	10	11	1	9	10	1	8	9	1	0	8
12	7	6	12	13	7	13	1	7	14	1	13	2	14	15	2	1	14
17	15	16	17	2	15	18	2	17	3	2	18	14	20	19	13	20	14	12	5	21	6	5	12
11	5	4	11	20	5	20	21	5	11	19	20	10	19	11	9	19	10	9	16	19	9	17	16	8	17	9	8	18	17	0	18	8	0	3	18

#	Normal	6
-0	-0	1
0	-0	-1
-0	1	-0
-1	0	-0
-0	-1	-0
1	0	0

#	Mesh	0	End


COMPONENTFINISH

COMPONENT 6 49232=IfcColumn
#	TMesh	2711271=IfcColumn
-1	0	0	0	0	-1	-1.54454e-009	0	0	-1.54454e-009	1	0	-49.437	210.978	4.76837e-007	1

COMPONENTFINISH

COMPONENT 6 49306=IfcColumn
#	TMesh	1766233=IfcColumn
0.0349868	0.729249	1.86785e-012	0	-0.729249	0.0349868	-2.61528e-009	0	-2.61236e-009	1.23462e-010	0.730088	0	92.1975	48.6302	-1.03595	1

COMPONENTFINISH

COMPONENT 6 49485=IfcColumn
#	Mesh	0	Begin

#	Vertex	26
30.1615	96.9148	2.58
29.5116	96.9148	2.58
28.7615	96.9148	2.58
28.7615	96.1148	2.58
29.4761	96.1148	2.58
30.1615	96.1148	2.58
30.1615	96.9148	-9.55733
30.1615	96.1148	-9.55733
28.7615	96.1148	-9.55733
28.7615	96.9148	-9.55733
30.1615	96.9148	1.38
30.1615	96.9148	-1.82
30.1615	96.9148	-2.42
28.7615	96.9148	1.38
28.7615	96.1148	1.38
30.1615	96.1148	-2.42
30.1615	96.1148	-1.82
30.1615	96.1148	1.38
30.1615	96.3258	-2.82
30.1615	96.3258	-9.07
30.1615	96.1258	-9.07
30.1615	96.1258	-2.82
30.0887	96.3258	-2.82
30.0887	96.3258	-9.07
30.0887	96.1258	-2.82
30.0887	96.1258	-9.07

#	Triangle	6
4	2	3	4	1	2	5	1	4	5	0	1	19	25	20	23	25	19
9	7	8	6	7	9	21	22	18	24	22	21
13	6	9	13	12	6	13	11	12	13	10	11	2	10	13	2	1	10	1	0	10	20	24	21	25	24	20
14	9	8	14	13	9	3	13	14	3	2	13
15	8	7	15	14	8	16	14	15	17	14	16	5	14	17	5	4	14	4	3	14	18	23	19	22	23	18
12	19	6	19	7	6	19	20	7	20	15	7	12	18	19	21	15	20	12	21	18	12	15	21	11	15	12	11	16	15	10	16	11	10	17	16	0	17	10	0	5	17	22	25	23	24	25	22

#	Normal	6
-0	-0	1
0	-0	-1
-0	1	-0
-1	0	-0
-0	-1	-0
1	0	0

#	Mesh	0	End


COMPONENTFINISH

COMPONENT 6 50062=IfcColumn
#	Mesh	0	Begin

#	Vertex	20
38.9615	96.1142	3.38
38.1615	96.1142	3.38
37.9615	96.1142	3.38
37.9615	95.3142	3.38
38.9615	95.3142	3.38
38.9615	95.3142	-9.07
37.9615	95.3142	-9.07
37.9615	96.1142	-9.07
38.9615	96.1142	-9.07
38.9615	95.523	-9.07
38.9429	95.523	-9.07
38.9429	95.323	-9.07
38.9615	95.323	-9.07
38.9615	96.1142	-2.42
38.9615	96.1142	-2.82
37.9615	96.1142	-2.42
38.9615	95.323	-7.47
38.9615	95.523	-7.47
38.9429	95.323	-7.47
38.9429	95.523	-7.47

#	Triangle	6
4	2	3	4	1	2	4	0	1
8	6	7	8	10	6	10	11	6	11	5	6	8	9	10	12	5	11	16	19	17	18	19	16
15	8	7	15	14	8	15	13	14	2	13	15	2	1	13	1	0	13	12	18	16	11	18	12
3	7	6	3	15	7	3	2	15
5	3	6	4	3	5	17	10	9	19	10	17
14	9	8	14	17	9	16	5	12	16	4	5	14	16	17	14	4	16	13	4	14	0	4	13	19	11	10	18	11	19

#	Normal	6
-0	-0	1
-0	-0	-1
-0	1	-0
-1	0	-0
-0	-1	0
1	0	0

#	Mesh	0	End


COMPONENTFINISH

COMPONENT 6 50279=IfcColumn
#	Mesh	0	Begin

#	Vertex	37
46.9615	96.116	3.38
46.9534	96.116	3.38
46.7534	96.116	3.38
45.9615	96.116	3.38
45.9615	95.316	3.38
46.9615	95.316	3.38
46.9615	95.3185	3.38
46.833	95.323	3.38
46.84	95.5229	3.38
46.9615	95.5186	3.38
46.9615	96.116	-9.07
46.9615	95.316	-9.07
45.9615	95.316	-9.07
45.9615	96.116	-9.07
46.9615	96.116	-1.82
46.9615	96.116	-2.42
45.9615	96.116	-3.32
45.9615	96.116	-2.42
45.9615	96.116	-1.82
46.9115	96.116	-3.87
46.9115	96.116	-2.42
46.7615	96.116	-2.42
46.7615	96.116	-3.87
45.9615	95.316	-2.42
45.9615	95.316	-1.82
46.9615	95.316	-2.42
46.9615	95.316	-1.82
46.9115	95.316	-2.42
46.9115	95.316	-3.87
46.7615	95.316	-3.87
46.7615	95.316	-2.42
46.9615	95.5186	-2.42
46.9615	95.3185	-2.42
46.9115	95.3202	-2.42
46.833	95.323	-2.42
46.9115	95.5204	-2.42
46.84	95.5229	-2.42

#	Triangle	13
5	7	4	7	3	4	7	2	3	7	8	2	8	1	2	5	6	7	9	1	8	9	0	1	33	31	35	32	31	33	29	19	22	28	19	29
13	11	12	10	11	13	20	30	21	20	36	30	36	34	30	34	27	30	33	27	34	20	35	36
16	10	13	16	22	10	22	19	10	19	15	10	16	21	22	20	15	19	17	21	16	18	21	17	18	20	21	18	15	20	18	14	15	3	14	18	3	2	14	2	1	14	1	0	14
23	13	12	23	16	13	23	17	16	24	17	23	24	18	17	4	18	24	4	3	18	27	19	28	27	33	19	33	35	19	35	20	19
25	28	11	28	12	11	28	29	12	29	23	12	25	27	28	30	23	29	26	27	25	26	30	27	26	23	30	26	24	23	5	24	26	5	4	24
15	11	10	15	31	11	31	32	11	32	25	11	14	31	15	14	9	31	6	25	32	6	26	25	0	9	14	6	5	26	30	22	21	29	22	30
7	33	34
7	32	33
7	6	32
9	35	31
9	36	35
9	8	36
8	34	36	7	34	8

#	Normal	13
-0	-0	1
0	-0	-1
-0	1	-0
-1	0	-0
-0	-1	-0
1	0	0
0.0349162	0.99939	0
0.0348063	0.999394	-1.48923e-006
0.0348735	0.999392	-0
-0.0349622	-0.999389	-0
-0.0349399	-0.999389	-1.9296e-007
-0.0349491	-0.999389	0
0.999391	-0.0349015	-0

#	Mesh	0	End


COMPONENTFINISH

ALLCOMPONENTFINISH 6