ALLCOMPONENTSTART 6
COMPONENT 6 1838035=IfcColumn
#	Mesh	0	Begin

#	Vertex	8
50.3487	96.3267	-10.023
48.8536	96.2056	-10.023
48.9505	95.0095	-10.023
50.4456	95.1306	-10.023
50.3487	96.3267	3
48.8536	96.2056	3
48.9505	95.0095	3
50.4456	95.1306	3

#	Triangle	6
3	4	7	0	4	3
0	5	4	1	5	0
1	6	5	2	6	1
2	7	6	3	7	2
3	1	0	2	1	3
4	6	7	5	6	4

#	Normal	6
0.996733	0.0807619	-0
-0.0807606	0.996734	-0
-0.996734	-0.0807586	0
0.0807603	-0.996734	-0
-0	-0	-1
-0	0	1

#	Mesh	0	End


COMPONENTFINISH

COMPONENT 6 2711271=IfcColumn
#	Mesh	0	Begin

#	Vertex	8
-69.3985	114.865	-9.07
-70.3985	114.865	-9.07
-70.3985	114.065	-9.07
-69.3985	114.065	-9.07
-69.3985	114.865	3.38
-70.3985	114.865	3.38
-70.3985	114.065	3.38
-69.3985	114.065	3.38

#	Triangle	6
3	4	7	0	4	3
0	5	4	1	5	0
1	6	5	2	6	1
2	7	6	3	7	2
3	1	0	2	1	3
4	6	7	5	6	4

#	Normal	6
1	-0	-0
-0	1	-0
-1	-0	0
-0	-1	-0
-0	0	-1
0	0	1

#	Mesh	0	End


COMPONENTFINISH

COMPONENT 6 2722225=IfcColumn
#	Mesh	0	Begin

#	Vertex	36
-37.6185	55.1786	3.38
-38.5185	55.1786	3.38
-38.6185	55.1786	3.38
-38.6185	54.9972	3.38
-38.4102	54.7799	3.38
-38.6185	54.7799	3.38
-38.6185	54.3799	3.38
-37.8184	54.3799	3.38
-37.8184	54.3786	3.38
-37.6185	54.3786	3.38
-37.6185	55.1786	-9.07
-37.6185	54.3786	-9.07
-37.8184	54.3786	-9.07
-37.8184	55.1786	-9.07
-37.6185	55.1786	1.48
-37.6185	55.1786	-2.42
-37.6185	55.1786	-3.42
-37.8184	55.1786	-3.42
-37.8184	55.1786	-2.82
-38.2185	55.1786	-2.82
-38.6185	55.1786	-2.82
-38.6185	54.9972	-2.82
-38.6185	54.3799	-2.82
-38.6185	54.7799	-1.92524
-38.6185	54.9972	-1.92524
-37.6185	54.3786	-3.42
-37.6185	54.3786	-2.42
-37.6185	54.3786	1.48
-37.8184	54.3786	1.48
-37.8184	54.3786	-2.42
-37.8184	54.3786	-3.42
-37.8184	54.3799	-2.82
-38.4102	54.7799	-1.92524
-38.6184	54.9971	-1.92524
-38.6185	54.9971	-1.92524
-38.6184	54.7799	-1.92524

#	Triangle	8
7	5	6	7	4	5	4	2	3	4	1	2	4	0	1	7	0	4	9	7	8	9	0	7	35	32	34
13	11	12	10	11	13	19	21	20	19	22	21	19	31	22	18	31	19
17	10	13	17	16	10	18	16	17	18	15	16	2	19	20	2	18	19	2	15	18	2	14	15	2	1	14	1	0	14	5	32	23	4	32	5
6	23	22	23	21	22	23	20	21	23	24	20	24	2	20	6	5	23	3	2	24	30	13	12	30	17	13	29	31	30	31	17	30	31	18	17	29	7	31	28	7	29	8	7	28
25	12	11	25	30	12	26	30	25	26	29	30	27	29	26	27	28	29	9	28	27	9	8	28	22	7	6	31	7	22
16	11	10	16	25	11	15	25	16	15	26	25	14	26	15	14	27	26	0	27	14	0	9	27
33	4	3
32	4	33

#	Normal	8
-0	-0	1
0	-0	-1
-0	1	-0
-1	0	-0
-0	-1	-0
1	0	0
-0.721816	-0.692085	2.79868e-008
-0.721816	-0.692086	-0

#	Mesh	0	End


COMPONENTFINISH

COMPONENT 6 2750326=IfcColumn
#	Mesh	0	Begin

#	Vertex	8
-311.418	103.195	-9.69
-311.618	103.195	-9.69
-311.618	102.995	-9.69
-311.418	102.995	-9.69
-311.418	103.195	-7.47
-311.618	103.195	-7.47
-311.618	102.995	-7.47
-311.418	102.995	-7.47

#	Triangle	6
3	4	7	0	4	3
0	5	4	1	5	0
1	6	5	2	6	1
2	7	6	3	7	2
3	1	0	2	1	3
4	6	7	5	6	4

#	Normal	6
1	-0	-0
-0	1	-0
-1	-0	0
-0	-1	-0
-0	0	-1
0	0	1

#	Mesh	0	End


COMPONENTFINISH

COMPONENT 6 364035=IfcColumn
#	Mesh	0	Begin

#	Vertex	20
-64.3266	90.0688	3.38
-65.3266	90.0688	3.38
-65.3266	89.2688	3.38
-64.3266	89.2688	3.38
-64.3266	89.2688	-9.07
-65.3266	89.2688	-9.07
-65.3266	89.2758	-9.07
-64.3266	89.2758	-9.07
-64.3266	90.0688	2.58
-64.3266	90.0688	1.38
-64.3266	90.0688	-3.00146
-65.3266	90.0688	-3.00146
-65.3266	90.0688	1.38
-65.3266	90.0688	2.58
-65.3266	89.2758	-3.00146
-65.3266	89.2688	1.38
-65.3266	89.2688	2.58
-64.3266	89.2688	1.38
-64.3266	89.2688	2.58
-64.3266	89.2758	-3.00146

#	Triangle	6
3	1	2	0	1	3
7	5	6	4	5	7	10	14	11	19	14	10
12	10	11	12	9	10	13	9	12	13	8	9	1	8	13	1	0	8	6	19	7	14	19	6
15	6	5	15	14	6	15	11	14	15	12	11	16	12	15	16	13	12	2	13	16	2	1	13
17	5	4	17	15	5	18	15	17	18	16	15	3	16	18	3	2	16
19	4	7	19	17	4	9	19	10	9	17	19	8	17	9	8	18	17	0	18	8	0	3	18

#	Normal	6
-0	-0	1
-0	-0	-1
-0	1	-0
-1	0	-0
-0	-1	-0
1	0	0

#	Mesh	0	End


COMPONENTFINISH

COMPONENT 6 364257=IfcColumn
#	TMesh	2711271=IfcColumn
1	0	0	0	0	1	0	0	0	0	1	0	14.0719	-34.8462	2.38419e-007	1

COMPONENTFINISH

COMPONENT 6 364331=IfcColumn
#	TMesh	2711271=IfcColumn
1	0	0	0	0	-1	0	0	0	0	1	0	14.0585	185.584	2.38419e-007	1

COMPONENTFINISH

COMPONENT 6 364405=IfcColumn
#	TMesh	2711271=IfcColumn
-1	0	0	0	0	-1	0	0	0	0	1	0	-116.725	185.584	2.38419e-007	1

COMPONENTFINISH

COMPONENT 6 364479=IfcColumn
#	TMesh	2711271=IfcColumn
-1	0	0	0	0	1	0	0	0	0	1	0	-116.725	-34.8462	2.38419e-007	1

COMPONENTFINISH

COMPONENT 6 364620=IfcColumn
#	Mesh	0	Begin

#	Vertex	17
-46.3266	90.0688	3.38
-47.3266	90.0688	3.38
-47.3266	89.2688	3.38
-46.3266	89.2688	3.38
-46.3266	89.2688	-9.07
-47.3266	89.2688	-9.07
-47.3266	89.2758	-9.07
-46.3266	89.2758	-9.07
-46.3266	90.0688	-3.00146
-47.3266	90.0688	-3.00146
-47.3266	90.0688	1.38
-47.3266	90.0688	2.58
-47.3266	89.2758	-3.00146
-47.3266	89.2688	1.38
-47.3266	89.2688	2.43247
-47.3266	89.2688	2.58
-46.3266	89.2758	-3.00146

#	Triangle	6
3	1	2	0	1	3
7	5	6	4	5	7	8	12	9	16	12	8
10	8	9	10	0	8	11	0	10	1	0	11	6	16	7	12	16	6
13	6	5	13	12	6	13	9	12	13	10	9	14	10	13	14	11	10	15	11	14	2	11	15	2	1	11
3	5	4	3	13	5	3	14	13	3	15	14	3	2	15
16	4	7	16	3	4	0	16	8	0	3	16

#	Normal	6
-0	-0	1
-0	-0	-1
-0	1	-0
-1	0	-0
-0	-1	-0
1	0	0

#	Mesh	0	End


COMPONENTFINISH

COMPONENT 6 364778=IfcColumn
#	Mesh	0	Begin

#	Vertex	18
-37.6266	88.5188	3.38
-38.6266	88.5188	3.38
-38.6266	87.7188	3.38
-37.6266	87.7188	3.38
-38.6266	87.7188	-9.07
-38.6266	88.5188	-9.07
-38.6184	88.5188	-9.07
-38.6184	87.7188	-9.07
-37.6266	88.5188	-2.82
-38.6184	88.5188	-2.82
-38.6184	87.7188	-2.82
-37.8184	87.7188	-2.82
-37.8184	87.7188	-9.07
-37.6266	87.7188	-9.07
-37.6266	87.7258	-9.07
-37.6266	87.7258	-2.82
-37.8184	87.7258	-2.82
-37.8184	87.7258	-9.07

#	Triangle	6
3	1	2	0	1	3
7	5	6	4	5	7	14	12	17	13	12	14	8	10	9	8	16	10	16	11	10	8	15	16
1	6	5	1	9	6	1	8	9	1	0	8	17	15	14	16	15	17
4	1	5	2	1	4	17	11	16	12	11	17
3	12	13	3	11	12	10	4	7	10	2	4	3	10	11	3	2	10
15	13	14	15	3	13	0	15	8	0	3	15	7	9	10	6	9	7

#	Normal	6
-0	-0	1
-0	0	-1
-0	1	-0
-1	-0	-0
-0	-1	-0
1	0	0

#	Mesh	0	End


COMPONENTFINISH

COMPONENT 6 364971=IfcColumn
#	Mesh	0	Begin

#	Vertex	38
-37.6266	80.0188	3.38
-38.2185	80.0188	3.38
-38.6266	80.0188	3.38
-38.6266	79.2188	3.38
-38.2185	79.2188	3.38
-37.6266	79.2188	3.38
-38.6266	79.2188	-9.07
-38.6266	80.0188	-9.07
-38.6184	80.0188	-9.07
-38.6184	79.2188	-9.07
-37.6266	80.0188	2.58
-37.6266	80.0188	1.38
-37.6266	80.0188	-2.82
-37.6266	80.0188	-3.42
-37.6266	80.0188	-9.07
-37.8184	80.0188	-9.07
-37.8184	80.0188	-3.42
-37.8184	80.0188	-2.82
-38.2185	80.0188	-2.82
-38.6184	80.0188	-2.82
-38.6184	80.0188	-4.82
-38.6266	80.0188	-4.82
-38.6266	80.0188	-2.42
-38.6266	80.0188	1.38
-38.6266	79.2188	-4.82
-38.6266	79.2188	-2.42
-38.6266	79.2188	1.38
-38.6184	79.2188	-4.82
-38.6184	79.2188	-2.82
-38.2185	79.2188	-2.82
-37.8184	79.2188	-2.82
-37.8184	79.2188	-3.42
-37.8184	79.2188	-9.07
-37.6266	79.2188	-9.07
-37.6266	79.2188	-3.42
-37.6266	79.2188	-2.82
-37.6266	79.2188	1.38
-37.6266	79.2188	2.58

#	Triangle	6
4	2	3	4	1	2	5	1	4	5	0	1
9	7	8	6	7	9	15	33	32	14	33	15	18	28	19	18	29	28	17	29	18	17	30	29
21	8	7	21	20	8	16	14	15	16	13	14	22	20	21	22	19	20	17	13	16	17	12	13	22	18	19	22	17	18	22	12	17	22	11	12	23	11	22	2	11	23	2	10	11	2	1	10	1	0	10
24	7	6	24	21	7	25	21	24	25	22	21	26	22	25	26	23	22	3	23	26	3	2	23	31	15	32	31	16	15	30	16	31	30	17	16
34	32	33	34	31	32	27	6	9	27	24	6	28	24	27	28	25	24	35	31	34	35	30	31	36	30	35	36	29	30	36	28	29	36	25	28	36	26	25	37	26	36	37	3	26	5	4	37	4	3	37
13	33	14	13	34	33	12	34	13	12	35	34	11	35	12	11	36	35	10	36	11	10	37	36	0	37	10	0	5	37	20	9	8	20	27	9	19	27	20	19	28	27

#	Normal	6
-0	-0	1
-0	0	-1
-0	1	-0
-1	0	-0
-0	-1	-0
1	0	0

#	Mesh	0	End


COMPONENTFINISH

COMPONENT 6 365164=IfcColumn
#	TMesh	364971=IfcColumn
1	-2.94987e-006	-7.89873e-013	0	2.94987e-006	1	-7.13994e-008	0	-7.87743e-013	7.13994e-008	1	0	-0.000236511	-8.50011	5.24521e-006	1

COMPONENTFINISH

COMPONENT 6 365325=IfcColumn
#	Mesh	0	Begin

#	Vertex	22
-37.6266	63.0148	3.38
-38.6266	63.0148	3.38
-38.6266	62.2148	3.38
-37.6266	62.2148	3.38
-38.6266	62.2148	-9.07
-38.6266	63.0148	-9.07
-38.6184	63.0148	-9.07
-38.6184	62.2148	-9.07
-37.6266	63.0148	-2.82
-37.6266	63.0148	-3.42
-37.6266	63.0148	-9.07
-37.8184	63.0148	-9.07
-37.8184	63.0148	-3.42
-37.8184	63.0148	-2.82
-38.6184	63.0148	-2.82
-38.6184	62.2148	-2.82
-37.8184	62.2148	-2.82
-37.8184	62.2148	-3.42
-37.8184	62.2148	-9.07
-37.6266	62.2148	-9.07
-37.6266	62.2148	-3.42
-37.6266	62.2148	-2.82

#	Triangle	6
3	1	2	0	1	3
7	5	6	4	5	7	11	19	18	10	19	11	16	14	13	15	14	16
1	6	5	1	14	6	12	10	11	12	9	10	13	9	12	13	8	9	1	13	14	1	8	13	1	0	8
4	1	5	2	1	4	17	11	18	17	12	11	16	12	17	16	13	12
20	18	19	20	17	18	15	4	7	15	2	4	21	17	20	21	16	17	3	16	21	3	15	16	3	2	15
9	19	10	9	20	19	8	20	9	8	21	20	0	21	8	0	3	21	6	15	7	14	15	6

#	Normal	6
-0	-0	1
-0	0	-1
-0	1	-0
-1	-0	-0
-0	-1	-0
1	0	0

#	Mesh	0	End


COMPONENTFINISH

COMPONENT 6 365498=IfcColumn
#	Mesh	0	Begin

#	Vertex	28
-28.8265	55.1786	3.38
-29.8265	55.1786	3.38
-29.8265	54.8524	3.38
-28.8265	54.8524	3.38
-28.8265	55.1786	-9.07
-28.8265	54.3786	-9.07
-29.8265	54.3786	-9.07
-29.8265	55.1786	-9.07
-28.8265	55.1786	1.48
-28.8265	55.1786	-2.42
-28.8265	55.1786	-3.42
-29.8265	55.1786	-3.42
-29.8265	55.1786	-2.42
-29.8265	55.1786	1.48
-29.8265	54.3786	-3.42
-29.8265	54.3786	-2.42
-29.8265	54.3786	1.48
-29.8265	54.3786	3.38
-29.8265	54.4524	3.38
-29.8265	54.4524	-2.42
-29.8265	54.8524	-2.42
-28.8265	54.3786	3.38
-28.8265	54.3786	-3.42
-28.8265	54.3786	-2.42
-28.8265	54.3786	1.48
-28.8265	54.8524	-2.42
-28.8265	54.4524	-2.42
-28.8265	54.4524	3.38

#	Triangle	6
3	1	2	0	1	3	20	26	25	19	26	20	18	21	27	17	21	18
7	5	6	4	5	7
11	4	7	11	10	4	12	10	11	12	9	10	13	9	12	13	8	9	1	8	13	1	0	8	27	19	18	26	19	27
14	7	6	14	11	7	15	11	14	15	19	11	19	20	11	20	12	11	16	19	15	16	18	19	2	12	20	2	13	12	17	18	16	2	1	13
22	6	5	22	14	6	23	14	22	23	15	14	24	15	23	24	16	15	21	16	24	21	17	16	2	25	3	20	25	2
10	5	4	10	22	5	9	22	10	9	25	22	25	26	22	26	23	22	8	25	9	8	3	25	27	23	26	27	24	23	0	3	8	27	21	24

#	Normal	6
-0	-0	1
0	-0	-1
-0	1	-0
-1	0	-0
-0	-1	-0
1	0	0

#	Mesh	0	End


COMPONENTFINISH

COMPONENT 6 365572=IfcColumn
#	TMesh	2711271=IfcColumn
-1	0	0	0	0	1	0	0	0	0	-1	0	-99.2251	-51.8462	-5.69	1

COMPONENTFINISH

COMPONENT 6 365646=IfcColumn
#	TMesh	2711271=IfcColumn
1	0	0	0	0	-1	0	0	0	0	1	0	40.572	185.584	2.38419e-007	1

COMPONENTFINISH

COMPONENT 6 365720=IfcColumn
#	TMesh	2711271=IfcColumn
1	0	0	0	0	1	0	0	0	0	1	0	40.5719	-34.8462	2.38419e-007	1

COMPONENTFINISH

COMPONENT 6 365867=IfcColumn
#	TMesh	364035=IfcColumn
0.991063	6.94423e-007	-1.15297e-007	0	-6.94487e-007	0.991063	-0.000545802	0	1.14915e-007	0.000545802	0.991063	0	34.9208	-0.753754	0.0441406	1

COMPONENTFINISH

COMPONENT 6 366040=IfcColumn
#	TMesh	365498=IfcColumn
1	1.52586e-007	1.18982e-007	0	-1.52586e-007	1	0	0	-1.18982e-007	0	1	0	8.48001	0	3.57628e-006	1

COMPONENTFINISH

COMPONENT 6 366114=IfcColumn
#	TMesh	2711271=IfcColumn
-1	0	0	0	0	1	0	0	0	0	-1	0	-90.7251	-51.8462	-5.69	1

COMPONENTFINISH

COMPONENT 6 366188=IfcColumn
#	TMesh	2711271=IfcColumn
1	0	0	0	0	-1	0	0	0	0	1	0	49.072	185.584	2.38419e-007	1

COMPONENTFINISH

COMPONENT 6 366262=IfcColumn
#	TMesh	2711271=IfcColumn
1	0	0	0	0	1	0	0	0	0	1	0	49.072	-34.8462	2.38419e-007	1

COMPONENTFINISH

COMPONENT 6 366409=IfcColumn
#	TMesh	364035=IfcColumn
-0.991063	-1.54748e-006	3.7094e-007	0	-1.54769e-006	0.991063	-0.000545802	0	3.70087e-007	0.000545802	0.991063	0	-85.0736	-0.753891	0.044172	1

COMPONENTFINISH

COMPONENT 6 370215=IfcColumn
#	Mesh	0	Begin

#	Vertex	31
-14.8276	97.7188	2.58
-15.5502	97.7188	2.58
-15.7666	97.7188	2.58
-15.9666	97.7188	2.58
-16.2276	97.7188	2.58
-16.2276	96.9188	2.58
-15.5502	96.9188	2.58
-14.8276	96.9188	2.58
-14.8276	97.1188	2.58
-14.8276	96.9188	-8.84433
-16.2276	96.9188	-8.84433
-16.2276	97.7083	-8.84433
-14.8276	97.7083	-8.84433
-14.8276	97.7188	1.38
-14.8276	97.7188	-7.47
-16.2276	97.7188	-7.47
-16.2276	97.7188	1.38
-16.2276	97.7083	-7.47
-16.2276	96.9188	-7.47
-16.2276	97.1174	-7.47
-16.2276	97.1174	-2.82
-16.2276	96.9188	-2.82
-16.2276	96.9188	1.38
-16.0464	96.9188	-2.82
-14.8276	96.9188	-2.82
-14.8276	96.9188	1.38
-14.8276	97.1174	-2.82
-14.8276	97.1174	-7.47
-14.8276	96.9188	-7.47
-14.8276	97.7083	-7.47
-16.0464	97.1174	-2.82

#	Triangle	6
6	4	5	6	3	4	6	2	3	6	1	2	7	1	6	7	8	1	8	0	1	28	19	18	27	19	28
12	10	11	9	10	12	23	26	24	30	26	23	14	17	15	29	17	14	21	30	23	20	30	21
16	14	15	16	13	14	4	13	16	4	3	13	3	2	13	2	1	13	1	0	13	11	29	12	17	29	11
18	11	10	18	19	11	19	17	11	20	17	19	20	15	17	20	16	15	22	20	21	22	16	20	5	16	22	5	4	16
25	23	24	25	21	23	25	22	21	7	22	25	7	6	22	6	5	22	26	19	27	26	30	19	30	20	19	18	9	28	10	9	18
29	9	12	29	27	9	27	28	9	13	29	14	13	27	29	13	26	27	13	24	26	13	25	24	0	25	13	0	8	25	8	7	25

#	Normal	6
-0	-0	1
-0	-0	-1
-0	1	-0
-1	0	-0
-0	-1	-0
1	0	0

#	Mesh	0	End


COMPONENTFINISH

COMPONENT 6 46203=IfcColumn
#	TMesh	2711271=IfcColumn
1	0	0	0	0	1	0	0	0	0	1	0	9.12	-7.62939e-006	2.38419e-007	1

COMPONENTFINISH

COMPONENT 6 46277=IfcColumn
#	TMesh	2711271=IfcColumn
1	0	0	0	0	-1	-1.54454e-009	0	0	-1.54454e-009	1	0	9.12	220.38	4.76837e-007	1

COMPONENTFINISH

COMPONENT 6 46351=IfcColumn
#	TMesh	2711271=IfcColumn
1	0	0	0	0	1	0	0	0	0	1	0	9.12	-13.65	2.38419e-007	1

COMPONENTFINISH

COMPONENT 6 46425=IfcColumn
#	TMesh	2711271=IfcColumn
1	0	0	0	0	1	0	0	0	0	1	0	18.24	-13.65	2.38419e-007	1

COMPONENTFINISH

COMPONENT 6 46499=IfcColumn
#	TMesh	2750326=IfcColumn
-5.6096	0	-1.74779e-008	0	-2.66387e-017	-5.6096	8.54979e-009	0	-1.74779e-008	8.54979e-009	5.6096	0	-1799.15	684.237	45.2854	1

COMPONENTFINISH

COMPONENT 6 46600=IfcColumn
#	TMesh	1838035=IfcColumn
0.830557	-0.0672538	-1.18689e-009	0	0.0672538	0.830557	5.90276e-010	0	1.13537e-009	-6.84144e-010	0.833275	0	-99.3293	38.3463	0.881046	1

COMPONENTFINISH

COMPONENT 6 46675=IfcColumn
#	TMesh	2711271=IfcColumn
1	0	0	0	0	1	0	0	0	0	1	0	27.36	-13.65	2.38419e-007	1

COMPONENTFINISH

COMPONENT 6 46749=IfcColumn
#	TMesh	2750326=IfcColumn
-5.47107	0	-1.79479e-008	0	2.7355e-017	5.47107	-8.33865e-009	0	1.79479e-008	-8.33865e-009	-5.47107	0	-1746.88	-458.126	-50.4305	1

COMPONENTFINISH

COMPONENT 6 46936=IfcColumn
#	Mesh	0	Begin

#	Vertex	34
-43.2385	114.865	3.38
-43.2385	114.065	3.38
-41.8385	114.065	3.38
-41.8385	114.069	3.38
-41.8466	114.069	3.38
-41.8466	114.865	3.38
-43.2385	114.065	-7.47
-43.2385	114.865	-7.47
-41.9571	114.865	-7.47
-41.9571	114.065	-7.47
-43.2385	114.865	-3.42
-43.2385	114.865	-2.82
-43.2385	114.865	1.38
-43.2385	114.865	2.58
-41.8466	114.865	2.58
-41.8466	114.865	1.38
-41.8466	114.865	-2.42
-41.9571	114.865	-2.42
-41.9571	114.865	-2.82
-41.9571	114.865	-3.42
-43.2385	114.065	-3.42
-43.2385	114.065	-2.82
-43.2385	114.065	1.38
-43.2385	114.065	2.58
-41.9571	114.065	-3.42
-41.9571	114.065	-2.82
-41.9571	114.065	-2.42
-41.8385	114.065	-2.42
-41.8385	114.065	1.38
-41.8385	114.065	2.58
-41.8385	114.069	-2.42
-41.8385	114.069	1.38
-41.8385	114.069	2.58
-41.8466	114.069	-2.42

#	Triangle	8
2	4	1	4	0	1	4	5	0
2	3	4
9	7	8	6	7	9	16	26	17	16	33	26	33	27	26
10	8	7	10	19	8	11	19	10	11	18	19	12	18	11	12	17	18	12	16	17	12	15	16	13	15	12	13	14	15	0	14	13	0	5	14	4	30	33	4	31	30	4	32	31	4	3	32
20	7	6	20	10	7	21	10	20	21	11	10	22	11	21	22	12	11	23	12	22	23	13	12	1	13	23	1	0	13
24	6	9	24	20	6	25	20	24	25	21	20	26	21	25	26	22	21	28	26	27	28	22	26	29	22	28	29	23	22	2	23	29	2	1	23
31	27	30	31	28	27	32	28	31	32	29	28	3	29	32	3	2	29	19	9	8	19	24	9	18	24	19	18	25	24	17	25	18	17	26	25	15	33	16	15	4	33	14	4	15	5	4	14
30	27	33

#	Normal	8
-0	-0	1
-0	-0	3.23251e-005
-0	0	-1
-0	1	-0
-1	0	-0
-0	-1	-0
1	0	0
-0	-0	-3.23251e-005

#	Mesh	0	End


COMPONENTFINISH

COMPONENT 6 47106=IfcColumn
#	Mesh	0	Begin

#	Vertex	26
-33.0385	107.119	3.38
-34.0385	107.119	3.38
-34.0385	106.319	3.38
-33.0385	106.319	3.38
-33.0385	107.119	-9.07
-33.0385	106.319	-9.07
-34.0385	106.319	-9.07
-34.0385	107.119	-9.07
-33.0385	107.119	-2.82
-33.0385	107.119	-3.42
-33.0385	107.119	-7.67
-34.0385	107.119	-7.67
-34.0385	107.119	-7.47
-33.8371	107.119	-7.47
-33.8371	107.119	-2.82
-34.0385	107.119	-2.82
-34.0385	106.926	-2.82
-34.0385	106.926	-7.47
-34.0385	106.319	-7.67
-34.0385	106.319	-3.42
-34.0385	106.319	-2.82
-33.0385	106.319	-7.67
-33.0385	106.319	-3.42
-33.0385	106.319	-2.82
-33.8371	106.926	-2.82
-33.8371	106.926	-7.47

#	Triangle	6
3	1	2	0	1	3	12	25	13	17	25	12
7	5	6	4	5	7	14	16	15	24	16	14
11	4	7	11	10	4	12	10	11	12	13	10	13	9	10	14	9	13	14	8	9	1	14	15	1	8	14	1	0	8	16	25	17	24	25	16
18	7	6	18	11	7	19	17	18	17	11	18	17	12	11	19	16	17	20	16	19	2	16	20	2	15	16	2	1	15	13	24	14	25	24	13
21	6	5	21	18	6	22	18	21	22	19	18	23	19	22	23	20	19	3	20	23	3	2	20
10	5	4	10	21	5	9	21	10	9	22	21	8	22	9	8	23	22	0	23	8	0	3	23

#	Normal	6
-0	-0	1
0	-0	-1
-0	1	-0
-1	0	-0
-0	-1	-0
1	0	0

#	Mesh	0	End


COMPONENTFINISH

COMPONENT 6 47309=IfcColumn
#	Mesh	0	Begin

#	Vertex	34
-33.0385	100.515	3.38
-34.0385	100.515	3.38
-34.0385	99.7148	3.38
-33.0385	99.7148	3.38
-33.0385	100.515	-9.07
-33.0385	99.7148	-9.07
-33.3836	99.7148	-9.07
-34.0385	99.7148	-9.07
-34.0385	100.515	-9.07
-33.3137	100.515	-9.07
-34.0385	100.515	-7.67
-34.0385	100.515	-7.47
-33.8571	100.515	-7.47
-33.8571	100.515	-2.82
-34.0385	100.515	-2.82
-34.0385	100.515	1.38
-34.0385	100.515	2.58
-34.0385	99.7148	-2.82
-34.0385	99.7148	1.38
-34.0385	99.7148	2.58
-33.8571	99.7148	-2.82
-33.8571	99.7148	-7.47
-34.0385	99.7148	-7.47
-34.0385	99.7148	-7.67
-33.0385	99.7148	-3.42
-33.0385	99.7148	-2.82
-33.0385	99.7258	-7.47
-33.0385	99.7258	-2.82
-33.0385	99.9258	-2.82
-33.0385	99.9258	-7.47
-33.8571	99.7258	-7.47
-33.8571	99.7258	-2.82
-33.8571	99.9258	-2.82
-33.8571	99.9258	-7.47

#	Triangle	6
3	1	2	0	1	3	21	11	22	21	30	11	30	33	11	33	12	11	26	33	30	26	29	33
9	7	8	9	6	7	9	5	6	4	5	9	13	17	14	13	32	17	32	31	17	31	20	17	28	31	32	28	27	31
10	9	8	10	4	9	10	12	4	12	0	4	11	12	10	13	0	12	15	13	14	15	0	13	16	0	15	1	0	16	31	26	30	27	26	31
18	14	17	18	15	14	19	15	18	19	16	15	2	16	19	2	1	16	21	31	30	20	31	21	33	13	12	32	13	33	23	8	7	23	10	8	22	10	23	22	11	10
24	6	5	24	7	6	24	21	7	21	23	7	21	22	23	24	20	21	25	20	24	3	20	25	3	17	20	3	18	17	3	19	18	3	2	19	33	28	32	29	28	33
0	29	4	29	5	4	29	26	5	26	24	5	0	28	29	27	24	26	27	25	24	0	27	28	0	25	27	0	3	25

#	Normal	6
-0	-0	1
-0	-0	-1
-0	1	-0
-1	0	-0
-0	-1	-0
1	0	0

#	Mesh	0	End


COMPONENTFINISH

COMPONENT 6 47469=IfcColumn
#	Mesh	0	Begin

#	Vertex	24
-24.0385	108.02	3.38
-24.0985	108.02	3.38
-24.4372	108.02	3.38
-25.0385	108.02	3.38
-25.0385	107.22	3.38
-24.6551	107.22	3.38
-24.0986	107.22	3.38
-24.0385	107.22	3.38
-24.0385	108.02	-9.07
-24.0385	107.22	-9.07
-25.0385	107.22	-9.07
-25.0385	107.243	-9.07
-24.9998	107.411	-9.07
-25.0385	107.42	-9.07
-25.0385	108.02	-9.07
-24.0385	108.02	-2.42
-24.0385	108.02	-7.47
-25.0385	108.02	1.38
-25.0385	108.02	2.58
-25.0385	107.42	-7.47
-25.0385	107.243	-7.47
-25.0385	107.22	1.38
-25.0385	107.22	2.58
-24.9998	107.411	-7.47

#	Triangle	8
5	3	4	5	2	3	6	2	5	6	1	2	7	1	6	7	0	1
8	13	14	8	12	13	12	10	11	12	9	10	8	9	12	20	19	23
17	8	14	17	16	8	17	15	16	17	0	15	18	0	17	3	2	18	2	1	18	1	0	18
21	11	10	21	20	11	19	14	13	19	17	14	21	19	20	21	17	19	22	17	21	22	18	17	4	18	22	4	3	18
7	10	9	7	21	10	7	22	21	7	6	22	6	5	22	5	4	22
16	9	8	16	7	9	15	7	16	0	7	15
13	23	19	12	23	13
20	12	11	23	12	20

#	Normal	8
-0	-0	1
-0	-0	-1
-0	1	-0
-1	0	-0
-0	-1	-0
1	0	0
-0.223344	-0.97474	0
-0.974773	0.2232	-0

#	Mesh	0	End


COMPONENTFINISH

COMPONENT 6 47652=IfcColumn
#	Mesh	0	Begin

#	Vertex	28
-24.0385	97.7264	3.38
-25.0385	97.7264	3.38
-25.0385	96.9264	3.38
-24.0385	96.9264	3.38
-24.0385	96.9264	-9.07
-25.0385	96.9264	-9.07
-25.0385	97.7083	-9.07
-24.0385	97.7083	-9.07
-24.0385	97.7264	2.58
-24.0385	97.7264	1.38
-24.0385	97.7264	-7.47
-25.0385	97.7264	-7.47
-25.0385	97.7264	1.38
-25.0385	97.7264	2.58
-25.0385	97.7083	-7.47
-25.0385	96.9264	-7.47
-25.0385	97.1174	-7.47
-25.0385	97.1174	-2.82
-25.0385	96.9264	-2.82
-25.0385	96.9264	1.38
-25.0385	96.9264	2.58
-24.0385	96.9264	-2.82
-24.0385	96.9264	1.38
-24.0385	96.9264	2.58
-24.0385	97.1174	-2.82
-24.0385	97.1174	-7.47
-24.0385	96.9264	-7.47
-24.0385	97.7083	-7.47

#	Triangle	6
3	1	2	0	1	3	26	16	15	25	16	26
7	5	6	4	5	7	10	14	11	27	14	10	18	24	21	17	24	18
12	10	11	12	9	10	13	9	12	13	8	9	1	8	13	1	0	8	6	27	7	14	27	6
15	6	5	15	16	6	16	14	6	17	14	16	17	11	14	17	12	11	19	17	18	19	12	17	20	12	19	20	13	12	2	13	20	2	1	13
22	18	21	22	19	18	23	19	22	23	20	19	3	20	23	3	2	20	24	16	25	17	16	24	15	4	26	5	4	15
27	4	7	27	25	4	25	26	4	9	27	10	9	25	27	9	24	25	9	21	24	9	22	21	8	22	9	8	23	22	0	23	8	0	3	23

#	Normal	6
-0	-0	1
-0	-0	-1
-0	1	-0
-1	0	-0
-0	-1	-0
1	0	0

#	Mesh	0	End


COMPONENTFINISH

COMPONENT 6 47847=IfcColumn
#	Mesh	0	Begin

#	Vertex	30
-15.0385	108.017	3.38
-16.0385	108.017	3.38
-16.0385	107.217	3.38
-15.9986	107.217	3.38
-15.0986	107.217	3.38
-15.0385	107.217	3.38
-16.0385	108.017	-9.07
-15.0385	108.017	-9.07
-15.0385	107.415	-9.07
-16.0385	107.415	-9.07
-15.0385	108.017	2.58
-15.0385	108.017	1.38
-15.0385	108.017	-2.42
-15.0385	108.017	-2.82
-15.0385	108.017	-7.47
-15.7666	108.017	-2.42
-15.7666	108.017	2.58
-15.9666	108.017	2.58
-15.9666	108.017	-2.42
-16.0385	107.415	-7.47
-16.0385	107.217	-7.47
-15.0385	107.217	-7.47
-15.0385	107.217	1.38
-15.0385	107.217	2.58
-15.7666	107.217	2.58
-15.7666	107.217	-2.42
-15.9209	107.217	-2.42
-15.9666	107.217	-2.42
-15.9666	107.217	2.58
-15.0385	107.415	-7.47

#	Triangle	6
3	1	2	3	0	1	4	0	3	5	0	4	26	18	27	26	15	18	25	15	26
9	7	8	6	7	9	17	24	28	16	24	17	20	29	21	19	29	20
1	18	6	18	7	6	18	14	7	18	13	14	18	15	13	15	12	13	1	17	18	16	12	15	16	11	12	16	10	11	1	16	17	1	10	16	1	0	10
19	6	9	19	1	6	2	19	20	2	1	19	24	15	25	16	15	24
22	20	21	22	25	20	25	26	20	26	27	20	27	2	20	22	24	25	28	2	27	23	24	22	5	24	23	5	28	24	5	4	28	4	3	28	3	2	28	8	19	9	29	19	8
14	8	7	14	29	8	13	29	14	13	21	29	13	22	21	12	22	13	11	22	12	10	22	11	10	23	22	0	23	10	0	5	23	18	28	27	17	28	18

#	Normal	6
-0	-0	1
-0	-0	-1
-0	1	-0
-1	0	-0
-0	-1	-0
1	0	0

#	Mesh	0	End


COMPONENTFINISH

COMPONENT 6 48277=IfcColumn
#	Mesh	0	Begin

#	Vertex	36
-6.03848	97.7176	3.38
-7.03848	97.7176	3.38
-7.03848	96.9176	3.38
-6.03848	96.9176	3.38
-6.03848	96.9176	-9.07
-7.03848	96.9176	-9.07
-7.03848	97.7083	-9.07
-6.03848	97.7083	-9.07
-6.03848	97.7176	-2.82
-6.03848	97.7176	-3.42
-6.03848	97.7176	-7.47
-6.2385	97.7176	-7.47
-6.2385	97.7176	-2.82
-6.4385	97.7176	-2.82
-6.4385	97.7176	-7.47
-7.03848	97.7176	-7.47
-7.03848	97.7176	-3.42
-7.03848	97.7176	-2.82
-7.03848	97.7083	-7.47
-7.03848	96.9176	-3.42
-7.03848	96.9176	-2.82
-7.03848	96.9258	-2.82
-7.03848	96.9258	-7.47
-7.03848	97.1258	-7.47
-7.03848	97.1258	-2.82
-6.03848	96.9176	-3.42
-6.03848	96.9176	-2.82
-6.03848	97.7083	-7.47
-6.2385	96.9258	-7.47
-6.2385	96.9258	-2.82
-6.4385	97.1258	-7.47
-6.4385	97.1258	-2.82
-6.2385	97.1258	-7.47
-6.2385	97.7083	-7.47
-6.4385	97.7083	-7.47
-6.2385	97.1258	-2.82

#	Triangle	6
3	1	2	0	1	3	28	23	22	28	30	23	28	34	30	28	32	34	32	33	34
7	5	6	4	5	7	31	21	24	31	29	21	12	31	13	12	35	31	35	29	31	10	33	11	27	33	10	14	18	15	34	18	14
16	14	15	16	13	14	12	10	11	12	9	10	17	13	16	12	8	9	1	13	17	1	12	13	1	8	12	1	0	8	29	22	21	28	22	29	18	7	6	18	34	7	34	33	7	33	27	7
19	22	5	22	6	5	22	23	6	23	18	6	19	21	22	24	18	23	24	15	18	24	16	15	20	21	19	24	17	16	2	21	20	2	24	21	2	17	24	2	1	17	29	32	28	29	33	32	29	11	33	29	35	11	35	12	11
25	5	4	25	19	5	26	19	25	26	20	19	3	20	26	3	2	20	31	23	30	24	23	31
27	4	7	27	25	4	9	27	10	9	25	27	8	25	9	8	26	25	0	26	8	0	3	26	13	34	14	13	30	34	13	31	30

#	Normal	6
-0	-0	1
-0	-0	-1
-0	1	-0
-1	0	-0
-0	-1	-0
1	0	0

#	Mesh	0	End


COMPONENTFINISH

ALLCOMPONENTFINISH 6