ALLCOMPONENTSTART 0
COMPONENT 0 2091287=IfcWall
#	Mesh	0	Begin

#	Vertex	40
-61.9407	62.3087	3.74335
-61.9407	62.3087	11.6036
-63.0096	62.3087	11.7027
-64.0818	62.3087	11.7528
-65.1552	62.3087	11.7538
-66.2276	62.3087	11.7057
-67.2966	62.3087	11.6087
-68.3601	62.3087	11.4629
-69.1501	62.3087	11.3082
-69.94	62.3087	11.1535
-70.9799	62.3087	10.8873
-72.0066	62.3087	10.5739
-73.0178	62.3087	10.2139
-74.0115	62.3087	9.80798
-74.9857	62.3087	9.35708
-75.9382	62.3087	8.86213
-75.9382	62.3087	7.60628
-75.9382	62.3087	6.23567
-78.4204	62.3087	6.23567
-82.8786	62.3087	3.74335
-82.8786	62.6087	3.74335
-78.4204	62.6087	6.23567
-75.9382	62.6087	6.23567
-75.9382	62.6087	7.60628
-75.9382	62.6087	8.86213
-74.9857	62.6087	9.35708
-74.0115	62.6087	9.80798
-73.0178	62.6087	10.2139
-72.0066	62.6087	10.5739
-70.9799	62.6087	10.8873
-69.94	62.6087	11.1535
-69.1501	62.6087	11.3082
-68.3601	62.6087	11.4629
-67.2966	62.6087	11.6087
-66.2276	62.6087	11.7057
-65.1552	62.6087	11.7538
-64.0818	62.6087	11.7528
-63.0096	62.6087	11.7027
-61.9407	62.6087	11.6036
-61.9407	62.6087	3.74335

#	Triangle	20
1	17	0	17	19	0	17	18	19	1	16	17	1	15	16	1	14	15	1	13	14	1	12	13	1	11	12	1	10	11	1	9	10	1	8	9	1	7	8	1	6	7	2	6	1	2	5	6	3	5	2	3	4	5
21	39	20	21	22	39	22	38	39	23	38	22	24	38	23	25	38	24	26	38	25	27	38	26	28	38	27	29	38	28	30	38	29	31	38	30	32	38	31	33	38	32	33	37	38	34	37	33	34	36	37	35	36	34
38	0	39	1	0	38
24	16	15	24	17	16	24	23	17	23	22	17
21	17	22	18	17	21
20	18	21	19	18	20
37	1	38	2	1	37
37	3	2	36	3	37
5	33	6	34	33	5
35	5	4	34	5	35
35	3	36	4	3	35
33	7	6	32	7	33
32	8	7	32	9	8	32	31	9	31	30	9
29	9	30	10	9	29
29	11	10	28	11	29
13	25	14	26	25	13
27	13	12	26	13	27
11	27	12	28	27	11
24	14	25	15	14	24
39	19	20	0	19	39

#	Normal	20
-0	-1	-0
-0	1	0
1	0	0
-1	-0	-0
-0	-0	1
-0.487962	-0	0.872865
0.0922949	0	0.995732
0.0466756	0	0.99891
-0.0903838	-0	0.995907
-0.0447586	-0	0.998998
0.000959802	0	1
-0.135818	-0	0.990734
-0.192204	-0	0.981355
-0.24796	-0	0.96877
-0.29199	-0	0.956421
-0.420054	-0	0.907499
-0.378129	-0	0.925753
-0.335409	-0	0.942073
-0.461106	-0	0.887345
-0	-0	-1

#	Mesh	0	End


COMPONENTFINISH

COMPONENT 0 2091524=IfcWall
#	Mesh	0	Begin

#	Vertex	38
-75.9382	68.5688	6.22867
-78.4245	68.5688	6.22867
-83.8141	68.5688	3.21567
-61.9407	68.5688	3.21567
-61.9407	68.5688	11.4753
-63.0049	68.5688	11.5893
-64.0731	68.5688	11.6548
-65.1433	68.5688	11.6715
-66.213	68.5688	11.6394
-67.2802	68.5688	11.5586
-68.3426	68.5688	11.4292
-69.1325	68.5688	11.2869
-69.9224	68.5688	11.1447
-70.9632	68.5688	10.8953
-71.9916	68.5688	10.5987
-73.0053	68.5688	10.2556
-74.0024	68.5688	9.86655
-74.9807	68.5688	9.43251
-75.9382	68.5688	8.95433
-65.1433	68.8688	11.6715
-64.0731	68.8688	11.6548
-63.0049	68.8688	11.5893
-61.9407	68.8688	11.4753
-61.9407	68.8688	3.21567
-83.8141	68.8688	3.21567
-78.4245	68.8688	6.22867
-75.9382	68.8688	6.22867
-75.9382	68.8688	8.95433
-74.9807	68.8688	9.43251
-74.0024	68.8688	9.86655
-73.0053	68.8688	10.2556
-71.9916	68.8688	10.5987
-70.9632	68.8688	10.8953
-69.9224	68.8688	11.1447
-69.1325	68.8688	11.2869
-68.3426	68.8688	11.4292
-67.2802	68.8688	11.5586
-66.213	68.8688	11.6394

#	Triangle	23
4	2	3	4	0	2	0	1	2	4	18	0	4	17	18	4	16	17	4	15	16	4	14	15	4	13	14	4	12	13	4	11	12	4	10	11	4	9	10	5	9	4	5	8	9	6	8	5	6	7	8
25	23	24	25	26	23	26	22	23	27	22	26	28	22	27	29	22	28	30	22	29	31	22	30	32	22	31	33	22	32	34	22	33	35	22	34	36	22	35	36	21	22	37	21	36	37	20	21	19	20	37
4	23	22	3	23	4
23	2	24	3	2	23
25	0	26	1	0	25
24	1	25	2	1	24
21	4	22	5	4	21
21	6	5	20	6	21
8	36	9	37	36	8
37	7	19	8	7	37
19	6	20	7	6	19
35	9	36	10	9	35
35	11	10
35	12	11
35	34	12
34	33	12
32	12	33	13	12	32
32	14	13	31	14	32
16	28	17	29	28	16
29	15	30	16	15	29
30	14	31	15	14	30
27	17	28	18	17	27
27	0	18	26	0	27

#	Normal	23
-0	-1	-0
-0	1	0
1	-0	-0
-0	-0	-1
-0	-0	1
-0.487963	-0	0.872864
0.106598	0	0.994302
0.0611639	0	0.998128
-0.0755216	-0	0.997144
-0.0299907	-0	0.99955
0.015603	0	0.999878
-0.120894	-0	0.992665
-0.177248	-0	0.984166
-0.177247	-3.20367e-006	0.984166
-0.177248	3.20367e-006	0.984166
-0.177247	-0	0.984166
-0.233026	-0	0.972471
-0.277109	-0	0.960838
-0.405548	-0	0.914074
-0.363464	-0	0.931608
-0.320621	-0	0.947207
-0.446797	-0	0.894636
-1	-0	-0

#	Mesh	0	End


COMPONENTFINISH

ALLCOMPONENTFINISH 0