ALLCOMPONENTSTART 2
COMPONENT 2 2719456=IfcStairFlight
#	Mesh	0	Begin

#	Vertex	308
-22.7921	112.4	-1.91143
-22.7921	112.397	-1.91166
-22.7921	112.395	-1.91233
-22.7921	112.392	-1.91344
-22.7921	112.39	-1.91494
-22.7921	112.388	-1.91679
-22.7921	112.387	-1.91893
-22.7921	112.386	-1.9213
-22.7921	112.385	-1.92382
-22.7921	112.385	-1.92643
-22.7921	112.385	-1.92903
-22.7921	112.386	-1.93156
-22.7921	112.387	-1.93393
-22.7921	112.388	-1.93607
-22.7921	112.39	-1.93792
-22.7921	112.392	-1.93942
-22.7921	112.395	-1.94052
-22.7921	112.397	-1.9412
-22.7921	112.4	-1.94143
-22.7921	112.4	-1.96143
-22.7921	112.675	-1.96143
-22.7921	112.675	-1.91143
-17.2921	112.4	-1.91143
-17.2921	112.397	-1.91166
-17.2921	112.395	-1.91233
-17.2921	112.392	-1.91344
-17.2921	112.39	-1.91494
-17.2921	112.388	-1.91679
-17.2921	112.387	-1.91893
-17.2921	112.386	-1.9213
-17.2921	112.385	-1.92382
-17.2921	112.385	-1.92643
-17.2921	112.385	-1.92903
-17.2921	112.386	-1.93156
-17.2921	112.387	-1.93393
-17.2921	112.388	-1.93607
-17.2921	112.39	-1.93792
-17.2921	112.392	-1.93942
-17.2921	112.395	-1.94052
-17.2921	112.397	-1.9412
-17.2921	112.4	-1.94143
-17.2921	112.4	-1.96143
-17.2921	112.675	-1.96143
-17.2921	112.675	-1.91143
-17.2921	112.407	-2.27
-22.7921	112.407	-2.27
-22.7921	112.395	-2.27
-17.2921	112.395	-2.27
-17.2921	112.407	-1.94057
-22.7921	112.407	-1.94057
-22.7921	112.395	-1.94057
-17.2921	112.395	-1.94057
-17.2921	112.687	-1.96143
-22.7921	112.687	-1.96143
-17.2921	112.687	-1.582
-22.7921	112.687	-1.582
-22.7921	112.675	-1.582
-17.2921	112.675	-1.582
-22.7921	112.68	-1.55286
-22.7921	112.677	-1.55309
-22.7921	112.675	-1.55376
-22.7921	112.672	-1.55487
-22.7921	112.67	-1.55637
-22.7921	112.668	-1.55822
-22.7921	112.667	-1.56036
-22.7921	112.666	-1.56273
-22.7921	112.665	-1.56525
-22.7921	112.665	-1.56786
-22.7921	112.665	-1.57046
-22.7921	112.666	-1.57299
-22.7921	112.667	-1.57536
-22.7921	112.668	-1.5775
-22.7921	112.67	-1.57935
-22.7921	112.672	-1.58085
-22.7921	112.675	-1.58195
-22.7921	112.677	-1.58263
-22.7921	112.68	-1.58286
-22.7921	112.68	-1.60286
-22.7921	112.955	-1.60286
-22.7921	112.955	-1.55286
-17.2921	112.68	-1.55286
-17.2921	112.677	-1.55309
-17.2921	112.675	-1.55376
-17.2921	112.672	-1.55487
-17.2921	112.67	-1.55637
-17.2921	112.668	-1.55822
-17.2921	112.667	-1.56036
-17.2921	112.666	-1.56273
-17.2921	112.665	-1.56525
-17.2921	112.665	-1.56786
-17.2921	112.665	-1.57046
-17.2921	112.666	-1.57299
-17.2921	112.667	-1.57536
-17.2921	112.668	-1.5775
-17.2921	112.67	-1.57935
-17.2921	112.672	-1.58085
-17.2921	112.675	-1.58195
-17.2921	112.677	-1.58263
-17.2921	112.68	-1.58286
-17.2921	112.68	-1.60286
-17.2921	112.955	-1.60286
-17.2921	112.955	-1.55286
-17.2921	112.967	-1.60286
-22.7921	112.967	-1.60286
-17.2921	112.967	-1.22343
-22.7921	112.967	-1.22343
-22.7921	112.955	-1.22343
-17.2921	112.955	-1.22343
-22.7921	112.96	-1.19429
-22.7921	112.957	-1.19451
-22.7921	112.955	-1.19519
-22.7921	112.952	-1.1963
-22.7921	112.95	-1.1978
-22.7921	112.948	-1.19964
-22.7921	112.947	-1.20179
-22.7921	112.946	-1.20416
-22.7921	112.945	-1.20668
-22.7921	112.945	-1.20929
-22.7921	112.945	-1.21189
-22.7921	112.946	-1.21442
-22.7921	112.947	-1.21679
-22.7921	112.948	-1.21893
-22.7921	112.95	-1.22078
-22.7921	112.952	-1.22228
-22.7921	112.955	-1.22338
-22.7921	112.957	-1.22406
-22.7921	112.96	-1.22429
-22.7921	112.96	-1.24429
-22.7921	113.235	-1.24429
-22.7921	113.235	-1.19429
-17.2921	112.96	-1.19429
-17.2921	112.957	-1.19451
-17.2921	112.955	-1.19519
-17.2921	112.952	-1.1963
-17.2921	112.95	-1.1978
-17.2921	112.948	-1.19964
-17.2921	112.947	-1.20179
-17.2921	112.946	-1.20416
-17.2921	112.945	-1.20668
-17.2921	112.945	-1.20929
-17.2921	112.945	-1.21189
-17.2921	112.946	-1.21442
-17.2921	112.947	-1.21679
-17.2921	112.948	-1.21893
-17.2921	112.95	-1.22078
-17.2921	112.952	-1.22228
-17.2921	112.955	-1.22338
-17.2921	112.957	-1.22406
-17.2921	112.96	-1.22429
-17.2921	112.96	-1.24429
-17.2921	113.235	-1.24429
-17.2921	113.235	-1.19429
-17.2921	113.247	-1.24429
-22.7921	113.247	-1.24429
-17.2921	113.247	-0.864856
-22.7921	113.247	-0.864856
-22.7921	113.235	-0.864856
-17.2921	113.235	-0.864856
-22.7921	113.24	-0.835714
-22.7921	113.237	-0.835942
-22.7921	113.235	-0.836619
-22.7921	113.232	-0.837724
-22.7921	113.23	-0.839224
-22.7921	113.228	-0.841072
-22.7921	113.227	-0.843214
-22.7921	113.226	-0.845584
-22.7921	113.225	-0.84811
-22.7921	113.225	-0.850714
-22.7921	113.225	-0.853319
-22.7921	113.226	-0.855845
-22.7921	113.227	-0.858214
-22.7921	113.228	-0.860356
-22.7921	113.23	-0.862205
-22.7921	113.232	-0.863705
-22.7921	113.235	-0.86481
-22.7921	113.237	-0.865486
-22.7921	113.24	-0.865714
-22.7921	113.24	-0.885714
-22.7921	113.515	-0.885714
-22.7921	113.515	-0.835714
-17.2921	113.24	-0.835714
-17.2921	113.237	-0.835942
-17.2921	113.235	-0.836619
-17.2921	113.232	-0.837724
-17.2921	113.23	-0.839224
-17.2921	113.228	-0.841072
-17.2921	113.227	-0.843214
-17.2921	113.226	-0.845584
-17.2921	113.225	-0.84811
-17.2921	113.225	-0.850714
-17.2921	113.225	-0.853319
-17.2921	113.226	-0.855845
-17.2921	113.227	-0.858214
-17.2921	113.228	-0.860356
-17.2921	113.23	-0.862205
-17.2921	113.232	-0.863705
-17.2921	113.235	-0.86481
-17.2921	113.237	-0.865486
-17.2921	113.24	-0.865714
-17.2921	113.24	-0.885714
-17.2921	113.515	-0.885714
-17.2921	113.515	-0.835714
-17.2921	113.527	-0.885714
-22.7921	113.527	-0.885714
-17.2921	113.527	-0.506285
-22.7921	113.527	-0.506285
-22.7921	113.515	-0.506285
-17.2921	113.515	-0.506285
-22.7921	113.52	-0.477143
-22.7921	113.517	-0.477371
-22.7921	113.515	-0.478047
-22.7921	113.512	-0.479152
-22.7921	113.51	-0.480652
-22.7921	113.508	-0.482501
-22.7921	113.507	-0.484643
-22.7921	113.506	-0.487013
-22.7921	113.505	-0.489538
-22.7921	113.505	-0.492143
-22.7921	113.505	-0.494748
-22.7921	113.506	-0.497273
-22.7921	113.507	-0.499643
-22.7921	113.508	-0.501785
-22.7921	113.51	-0.503634
-22.7921	113.512	-0.505133
-22.7921	113.515	-0.506238
-22.7921	113.517	-0.506915
-22.7921	113.52	-0.507143
-22.7921	113.52	-0.527143
-22.7921	113.795	-0.527143
-22.7921	113.795	-0.477143
-17.2921	113.52	-0.477143
-17.2921	113.517	-0.477371
-17.2921	113.515	-0.478047
-17.2921	113.512	-0.479152
-17.2921	113.51	-0.480652
-17.2921	113.508	-0.482501
-17.2921	113.507	-0.484643
-17.2921	113.506	-0.487013
-17.2921	113.505	-0.489538
-17.2921	113.505	-0.492143
-17.2921	113.505	-0.494748
-17.2921	113.506	-0.497273
-17.2921	113.507	-0.499643
-17.2921	113.508	-0.501785
-17.2921	113.51	-0.503634
-17.2921	113.512	-0.505133
-17.2921	113.515	-0.506238
-17.2921	113.517	-0.506915
-17.2921	113.52	-0.507143
-17.2921	113.52	-0.527143
-17.2921	113.795	-0.527143
-17.2921	113.795	-0.477143
-17.2921	114.087	-0.168571
-22.7921	114.087	-0.168571
-22.7921	114.075	-0.168571
-17.2921	114.075	-0.168571
-17.2921	114.087	0.210858
-22.7921	114.087	0.210858
-22.7921	114.075	0.210858
-17.2921	114.075	0.210858
-17.2921	113.807	-0.527143
-22.7921	113.807	-0.527143
-17.2921	113.807	-0.147714
-22.7921	113.807	-0.147714
-22.7921	113.795	-0.147714
-17.2921	113.795	-0.147714
-22.7921	113.8	-0.118571
-22.7921	113.797	-0.118799
-22.7921	113.795	-0.119476
-22.7921	113.792	-0.120581
-22.7921	113.79	-0.122081
-22.7921	113.788	-0.12393
-22.7921	113.787	-0.126071
-22.7921	113.786	-0.128441
-22.7921	113.785	-0.130967
-22.7921	113.785	-0.133571
-22.7921	113.785	-0.136176
-22.7921	113.786	-0.138702
-22.7921	113.787	-0.141071
-22.7921	113.788	-0.143213
-22.7921	113.79	-0.145062
-22.7921	113.792	-0.146562
-22.7921	113.795	-0.147667
-22.7921	113.797	-0.148344
-22.7921	113.8	-0.148571
-22.7921	113.8	-0.168571
-22.7921	114.075	-0.118571
-17.2921	113.8	-0.118571
-17.2921	113.797	-0.118799
-17.2921	113.795	-0.119476
-17.2921	113.792	-0.120581
-17.2921	113.79	-0.122081
-17.2921	113.788	-0.12393
-17.2921	113.787	-0.126071
-17.2921	113.786	-0.128441
-17.2921	113.785	-0.130967
-17.2921	113.785	-0.133571
-17.2921	113.785	-0.136176
-17.2921	113.786	-0.138702
-17.2921	113.787	-0.141071
-17.2921	113.788	-0.143213
-17.2921	113.79	-0.145062
-17.2921	113.792	-0.146562
-17.2921	113.795	-0.147667
-17.2921	113.797	-0.148344
-17.2921	113.8	-0.148571
-17.2921	113.8	-0.168571
-17.2921	114.075	-0.118571

#	Triangle	96
21	22	43	0	22	21	48	50	51	49	50	48	54	56	57	55	56	54	79	80	101	58	80	79	104	106	107	105	106	104	129	130	151	108	130	129	154	156	157	155	156	154	179	180	201	158	180	179	204	206	207	205	206	204	229	230	251	208	230	229	256	258	259	257	258	256	262	264	265	263	264	262	286	287	307	266	287	286
0	23	22	1	23	0	58	81	80	59	81	58	158	181	180	159	181	158
1	24	23	2	24	1	59	82	81	60	82	59
2	25	24	3	25	2	60	83	82	61	83	60
3	26	25	4	26	3	61	84	83	62	84	61
4	27	26	5	27	4	62	85	84	63	85	62	112	135	134	113	135	112
5	28	27	6	28	5	63	86	85	64	86	63	113	136	135	114	136	113	163	186	185	164	186	163
6	29	28	7	29	6	64	87	86	65	87	64	114	137	136	115	137	114
7	30	29	8	30	7	65	88	87	66	88	65	115	138	137	116	138	115
8	31	30	9	31	8	66	89	88	67	89	66	116	139	138	117	139	116	166	189	188	167	189	166	274	296	295	275	296	274
9	32	31	10	32	9	67	90	89	68	90	67	167	190	189	168	190	167	217	240	239	218	240	217	275	297	296	276	297	275
10	33	32	11	33	10	68	91	90	69	91	68
11	34	33	12	34	11	69	92	91	70	92	69	119	142	141	120	142	119
12	35	34	13	35	12
13	36	35	14	36	13
14	37	36	15	37	14	72	95	94	73	95	72	122	145	144	123	145	122
15	38	37	16	38	15	73	96	95	74	96	73	123	146	145	124	146	123
16	39	38	17	39	16	74	97	96	75	97	74	124	147	146	125	147	124
17	40	39	18	40	17	75	98	97	76	98	75	125	148	147	126	148	125	175	198	197	176	198	175
18	41	40	19	41	18	46	51	50	47	51	46	20	57	56	42	57	20	76	99	98	77	99	76	78	107	106	100	107	78	126	149	148	127	149	126	128	157	156	150	157	128	176	199	198	177	199	176	178	207	206	200	207	178	226	249	248	227	249	226	254	259	258	255	259	254	228	265	264	250	265	228	284	306	305	285	306	284
19	42	41	20	42	19	47	45	44	46	45	47	42	53	52	20	53	42	77	100	99	78	100	77	100	103	102	78	103	100	127	150	149	128	150	127	150	153	152	128	153	150	177	200	199	178	200	177	200	203	202	178	203	200	227	250	249	228	250	227	255	253	252	254	253	255	250	261	260	228	261	250	285	255	306	254	255	285
20	43	42	21	43	20	44	49	48	45	49	44	52	55	54	53	55	52	78	101	100	79	101	78	102	105	104	103	105	102	128	151	150	129	151	128	152	155	154	153	155	152	178	201	200	179	201	178	202	205	204	203	205	202	228	251	250	229	251	228	252	257	256	253	257	252	260	263	262	261	263	260	254	307	255	286	307	254
8	10	9	66	68	67	116	118	117	166	168	167	216	218	217	274	276	275
7	10	8	65	68	66	115	118	116	165	168	166	215	218	216	273	276	274
7	11	10	65	69	68	115	119	118	165	169	168	215	219	218	273	277	276
6	11	7	64	69	65	114	119	115	164	169	165	214	219	215	272	277	273
6	12	11	64	70	69	114	120	119	164	170	169	214	220	219	272	278	277
5	12	6	63	70	64
5	13	12	63	71	70	113	121	120	163	171	170	213	221	220	271	279	278
4	13	5	62	71	63	112	121	113	162	171	163	212	221	213	270	279	271
4	14	13	62	72	71	112	122	121	162	172	171	212	222	221	270	280	279
3	14	4	61	72	62	111	122	112	161	172	162	211	222	212	269	280	270
3	15	14	61	73	72	111	123	122	161	173	172	211	223	222	269	281	280
2	15	3	60	73	61	110	123	111	160	173	161	210	223	211	268	281	269
2	16	15	60	74	73	110	124	123	160	174	173	210	224	223	268	282	281
1	16	2	59	74	60	109	124	110	159	174	160	209	224	210	267	282	268
1	17	16	59	75	74	109	125	124	159	175	174	209	225	224	267	283	282
0	17	1	58	75	59	108	125	109	158	175	159	208	225	209	266	283	267
0	18	17	58	76	75	108	126	125	158	176	175	208	226	225	266	284	283
21	18	0	21	19	18	21	20	19	45	50	49	46	50	45	53	56	55	20	56	53	79	76	58	79	77	76	79	78	77	103	106	105	78	106	103	129	126	108	129	127	126	129	128	127	153	156	155	128	156	153	179	176	158	179	177	176	179	178	177	203	206	205	178	206	203	229	226	208	229	227	226	229	228	227	253	258	257	254	258	253	261	264	263	228	264	261	286	284	266	286	285	284	286	254	285
32	30	31	90	88	89	140	138	139	190	188	189	240	238	239	297	295	296
33	30	32	91	88	90	141	138	140	191	188	190	241	238	240	298	295	297
33	29	30	91	87	88	141	137	138	191	187	188	241	237	238	298	294	295
34	29	33	92	87	91	142	137	141	192	187	191	242	237	241	299	294	298
34	28	29	92	86	87	142	136	137	192	186	187	242	236	237	299	293	294
35	28	34	93	86	92
35	27	28	93	85	86	143	135	136	193	185	186	243	235	236	300	292	293
36	27	35	94	85	93	144	135	143	194	185	193	244	235	243	301	292	300
36	26	27	94	84	85	144	134	135	194	184	185	244	234	235	301	291	292
37	26	36	95	84	94	145	134	144	195	184	194	245	234	244	302	291	301
37	25	26	95	83	84	145	133	134	195	183	184	245	233	234	302	290	291
38	25	37	96	83	95	146	133	145	196	183	195	246	233	245	303	290	302
38	24	25	96	82	83	146	132	133	196	182	183	246	232	233	303	289	290
39	24	38	97	82	96	147	132	146	197	182	196	247	232	246	304	289	303
39	23	24	97	81	82	147	131	132	197	181	182	247	231	232	304	288	289
40	23	39	98	81	97	148	131	147	198	181	197	248	231	247	305	288	304
40	22	23	98	80	81	148	130	131	198	180	181	248	230	231	305	287	288
42	40	41	42	22	40	42	43	22	47	48	51	44	48	47	42	54	57	52	54	42	100	98	99	100	80	98	100	101	80	100	104	107	102	104	100	150	148	149	150	130	148	150	151	130	150	154	157	152	154	150	200	198	199	200	180	198	200	201	180	200	204	207	202	204	200	250	248	249	250	230	248	250	251	230	255	256	259	252	256	255	250	262	265	260	262	250	255	305	306	255	287	305	255	307	287
70	93	92	71	93	70	120	143	142	121	143	120
71	94	93	72	94	71	121	144	143	122	144	121	171	194	193	172	194	171
108	131	130	109	131	108
109	132	131	110	132	109
110	133	132	111	133	110	160	183	182	161	183	160
111	134	133	112	134	111	161	184	183	162	184	161
117	140	139	118	140	117
118	141	140	119	141	118
113	120	114	163	170	164	213	220	214	271	278	272
143	136	142	193	186	192	243	236	242	300	293	299
159	182	181	160	182	159
162	185	184	163	185	162
164	187	186	165	187	164	214	237	236	215	237	214
165	188	187	166	188	165	273	295	294	274	295	273
168	191	190	169	191	168	218	241	240	219	241	218
169	192	191	170	192	169	219	242	241	220	242	219	277	299	298	278	299	277
170	193	192	171	193	170
172	195	194	173	195	172
173	196	195	174	196	173
174	197	196	175	197	174
208	231	230	209	231	208
209	232	231	210	232	209	267	289	288	268	289	267
210	233	232	211	233	210	268	290	289	269	290	268
211	234	233	212	234	211
212	235	234	213	235	212	270	292	291	271	292	270
213	236	235	214	236	213	271	293	292	272	293	271
215	238	237	216	238	215
216	239	238	217	239	216
220	243	242	221	243	220	278	300	299	279	300	278
221	244	243	222	244	221	279	301	300	280	301	279
222	245	244	223	245	222	280	302	301	281	302	280
223	246	245	224	246	223	281	303	302	282	303	281
224	247	246	225	247	224	282	304	303	283	304	282
225	248	247	226	248	225	283	305	304	284	305	283
266	288	287	267	288	266
269	291	290	270	291	269
272	294	293	273	294	272
276	298	297	277	298	276

#	Normal	96
-0	-0	1
-0	-0.087269	0.996185
-0	-0.258991	0.96588
-0	-0.421872	0.906655
-0	-0.573769	0.819017
-0	-0.706593	0.70762
-0	-0.819105	0.573644
-0	-0.906807	0.421545
-0	-0.965644	0.25987
-0	-0.996238	0.0866538
0	-0.996238	-0.0866538
0	-0.965641	-0.259881
0	-0.906816	-0.421527
0	-0.819105	-0.573644
0	-0.70657	-0.707643
0	-0.573801	-0.818995
0	-0.421834	-0.906673
0	-0.259035	-0.965868
0	-0.087269	-0.996185
0	-1	-0
-0	-0	-1
-0	1	-0
-1.18027e-006	-0	-0
-3.54081e-006	-0	-0
-6.97402e-006	-0	-0
-1.13027e-005	-0	-0
-1.65234e-005	-0	-0
-2.25e-005	-0	-0
-2.89255e-005	-0	-0
-3.5705e-005	-0	-0
-4.25514e-005	-0	-0
-4.91944e-005	-0	-0
-5.5615e-005	-0	-0
-6.17042e-005	-0	-0
-6.69531e-005	-0	-0
-7.11377e-005	-0	-0
-7.45529e-005	-0	-0
-7.68611e-005	-0	-0
-7.80469e-005	-0	-0
-1	-0	-0
1.18027e-006	-0	-0
3.54081e-006	-0	-0
6.97402e-006	-0	-0
1.13027e-005	-0	-0
1.65234e-005	-0	-0
2.25e-005	-0	-0
2.89255e-005	-0	-0
3.5705e-005	-0	-0
4.25514e-005	-0	-0
4.91944e-005	-0	-0
5.5615e-005	-0	-0
6.17042e-005	-0	-0
6.69531e-005	-0	-0
7.11377e-005	-0	-0
7.45529e-005	-0	-0
7.68611e-005	-0	-0
7.80469e-005	-0	-0
1	-0	-0
0	-0.819089	-0.573666
0	-0.706593	-0.70762
-0	-0.0872226	0.996189
-0	-0.259035	0.965868
-0	-0.421834	0.906673
-0	-0.573801	0.818995
0	-0.996238	-0.0866578
0	-0.965644	-0.25987
-2.25e-005	-0	-0
2.25e-005	-0	-0
-0	-0.259013	0.965874
-0	-0.706582	0.707631
-0	-0.906812	0.421536
-0	-0.965642	0.259876
0	-0.965642	-0.259876
0	-0.906812	-0.421536
0	-0.819097	-0.573655
0	-0.573785	-0.819006
0	-0.421853	-0.906664
0	-0.259013	-0.965874
-0	-0.0872574	0.996186
-0	-0.259024	0.965871
-0	-0.421844	0.906669
-0	-0.573793	0.819
-0	-0.706588	0.707626
-0	-0.819101	0.57365
-0	-0.965643	0.259873
-0	-0.996238	0.0866548
0	-0.819101	-0.57365
0	-0.706588	-0.707626
0	-0.573793	-0.819
0	-0.421844	-0.906669
0	-0.259024	-0.965871
0	-0.0872574	-0.996186
-0	-0.0872603	0.996186
-0	-0.573791	0.819002
-0	-0.906813	0.421534
0	-0.965643	-0.259874

#	Mesh	0	End


COMPONENTFINISH

ALLCOMPONENTFINISH 2