#	Mesh	0	Begin

#	Vertex	72
91.814	-31.6966	0.539141
91.8128	-31.6824	0.542937
91.8117	-31.6692	0.549135
91.8108	-31.6572	0.557547
91.8099	-31.6469	0.567917
91.8093	-31.6385	0.579931
91.8088	-31.6323	0.593223
91.8084	-31.6285	0.60739
91.8083	-31.6273	0.622
91.8084	-31.6285	0.63661
91.8088	-31.6323	0.650777
91.8093	-31.6385	0.664069
91.8099	-31.6469	0.676083
91.8108	-31.6572	0.686453
91.8117	-31.6692	0.694865
91.8128	-31.6824	0.701063
91.814	-31.6966	0.704859
91.8151	-31.7111	0.706138
91.8163	-31.7257	0.704859
91.8175	-31.7398	0.701063
91.8185	-31.7531	0.694865
91.8195	-31.765	0.686453
91.8203	-31.7754	0.676083
91.821	-31.7838	0.664069
91.8215	-31.7899	0.650777
91.8218	-31.7937	0.63661
91.8219	-31.795	0.622
91.8218	-31.7937	0.60739
91.8215	-31.7899	0.593223
91.821	-31.7838	0.579931
91.8203	-31.7754	0.567917
91.8195	-31.765	0.557547
91.8185	-31.7531	0.549135
91.8175	-31.7398	0.542937
91.8163	-31.7257	0.539141
91.8151	-31.7111	0.537862
101.533	-30.9091	0.539141
101.531	-30.895	0.542937
101.53	-30.8817	0.549135
101.529	-30.8698	0.557547
101.528	-30.8594	0.567917
101.528	-30.851	0.579931
101.527	-30.8449	0.593223
101.527	-30.8411	0.60739
101.527	-30.8398	0.622
101.527	-30.8411	0.63661
101.527	-30.8449	0.650777
101.528	-30.851	0.664069
101.528	-30.8594	0.676083
101.529	-30.8698	0.686453
101.53	-30.8817	0.694865
101.531	-30.895	0.701063
101.533	-30.9091	0.704859
101.534	-30.9237	0.706138
101.535	-30.9382	0.704859
101.536	-30.9524	0.701063
101.537	-30.9656	0.694865
101.538	-30.9776	0.686453
101.539	-30.9879	0.676083
101.54	-30.9963	0.664069
101.54	-31.0025	0.650777
101.54	-31.0063	0.63661
101.54	-31.0075	0.622
101.54	-31.0063	0.60739
101.54	-31.0025	0.593223
101.54	-30.9963	0.579931
101.539	-30.9879	0.567917
101.538	-30.9776	0.557547
101.537	-30.9656	0.549135
101.536	-30.9524	0.542937
101.535	-30.9382	0.539141
101.534	-30.9237	0.537862

#	Triangle	78
35	36	71	0	36	35
0	37	36
1	37	0
1	38	37
2	38	1
2	39	38	3	39	2
3	40	39
4	40	3
4	41	40	5	41	4
5	42	41	6	42	5
6	43	42	7	43	6
7	44	43	8	44	7
8	45	44	9	45	8
9	46	45	10	46	9
10	47	46	11	47	10
11	48	47	12	48	11
12	49	48
13	49	12
13	50	49	14	50	13
14	51	50
15	51	14
15	52	51
16	52	15
16	53	52	17	53	16
17	54	53
18	54	17
18	55	54
19	55	18
19	56	55
20	56	19
20	57	56	21	57	20
21	58	57
22	58	21
22	59	58	23	59	22
23	60	59	24	60	23
24	61	60
25	61	24
25	62	61
26	62	25
26	63	62
27	63	26
27	64	63
28	64	27
28	65	64	29	65	28
29	66	65	30	66	29
30	67	66
31	67	30
31	68	67	32	68	31
32	69	68
33	69	32
33	70	69
34	70	33
34	71	70
35	71	34
7	9	8	26	25	27
6	9	7	6	10	9	27	24	28	27	25	24
5	10	6	5	11	10	28	23	29	28	24	23
4	11	5	4	12	11	29	22	30	29	23	22
3	12	4	3	13	12	30	21	31	30	22	21
2	13	3	2	14	13	31	20	32	31	21	20
1	14	2	1	15	14
0	15	1	0	16	15
35	16	0	35	17	16
34	17	35	34	18	17
33	18	34	33	19	18
32	19	33	32	20	19
45	43	44	62	63	61
46	43	45	46	42	43
47	42	46	47	41	42	60	65	59	60	64	65
48	41	47	48	40	41	59	66	58	59	65	66
49	40	48	49	39	40	58	67	57	58	66	67
50	39	49	50	38	39	57	68	56	57	67	68
51	38	50	51	37	38
52	37	51	52	36	37
53	36	52	53	71	36	54	71	53	54	70	71
55	70	54	55	69	70
56	69	55	56	68	69
61	64	60	61	63	64

#	Normal	78
-0.00703897	0.0868732	-0.996195
-0.0209032	0.257982	-0.965924
-0.0209041	0.257993	-0.965921
-0.0341288	0.421209	-0.906321
-0.0341316	0.421243	-0.906305
-0.046323	0.571706	-0.81915
-0.0571093	0.704826	-0.707078
-0.0571038	0.70476	-0.707144
-0.0661553	0.816472	-0.573582
-0.0731949	0.903353	-0.422606
-0.078009	0.962767	-0.258833
-0.0804542	0.992945	-0.0871043
-0.0804542	0.992945	0.0871043
-0.078009	0.962767	0.258833
-0.0731949	0.903353	0.422606
-0.0661553	0.816472	0.573582
-0.0571091	0.704826	0.707078
-0.0571039	0.70476	0.707144
-0.046323	0.571706	0.81915
-0.0341289	0.421209	0.906321
-0.0341316	0.421243	0.906305
-0.0209032	0.257982	0.965924
-0.0209041	0.257993	0.965921
-0.00703897	0.0868732	0.996195
0.00703897	-0.0868732	0.996195
0.00703806	-0.0868617	0.996196
0.0209014	-0.25796	0.96593
0.0209032	-0.257982	0.965924
0.0341316	-0.421243	0.906305
0.0341329	-0.421259	0.906298
0.0463229	-0.571706	0.81915
0.0571091	-0.704826	0.707078
0.0571039	-0.70476	0.707144
0.0661555	-0.816472	0.573582
0.0731951	-0.903353	0.422606
0.0780074	-0.962745	0.258916
0.078009	-0.962767	0.258833
0.0804539	-0.992941	0.087147
0.0804542	-0.992945	0.0871043
0.0804539	-0.992941	-0.087147
0.0804542	-0.992945	-0.0871043
0.0780072	-0.962745	-0.258916
0.0780092	-0.962767	-0.258833
0.0731951	-0.903353	-0.422606
0.0661555	-0.816472	-0.573582
0.0571093	-0.704826	-0.707078
0.0571038	-0.70476	-0.707144
0.0463229	-0.571706	-0.81915
0.0341316	-0.421243	-0.906305
0.0341329	-0.421259	-0.906298
0.0209014	-0.25796	-0.96593
0.0209032	-0.257982	-0.965924
0.00703899	-0.0868732	-0.996195
0.00703804	-0.0868617	-0.996196
-3.72107e-005	-2.96773e-006	-0
-0.996606	-0.0823216	0
-0.996741	-0.080672	0
-0.996731	-0.0807972	0
-0.996747	-0.0805984	0
-0.996744	-0.0806369	0
-0.996705	-0.0811118	0
-0.996753	-0.0805234	0
-0.996735	-0.0807441	0
-0.996736	-0.0807333	0
-0.996708	-0.0810713	0
-0.996752	-0.0805278	0
3.72107e-005	2.96773e-006	-0
0.996606	0.0823216	0
0.996741	0.080672	0
0.996731	0.0807972	0
0.996745	0.0806136	0
0.996744	0.0806369	0
0.996753	0.080516	0
0.996708	0.0810713	0
0.996735	0.0807441	0
0.996754	0.0805123	0
0.996705	0.0811118	0
0.996776	0.0802358	0

#	Mesh	0	End

