#	Mesh	0	Begin

#	Vertex	78
94.178	49.7473	0.462016
94.1784	49.751	0.462016
94.1799	49.7544	0.462016
94.1821	49.7574	0.462016
94.1851	49.7597	0.462016
94.1885	49.7611	0.462016
94.1923	49.7616	0.462016
94.1959	49.7611	0.462016
94.1994	49.7597	0.462016
94.2024	49.7574	0.462016
94.2046	49.7544	0.462016
94.206	49.751	0.462016
94.2065	49.7473	0.462016
94.206	49.7436	0.462016
94.2046	49.7401	0.462016
94.2024	49.7372	0.462016
94.1994	49.7349	0.462016
94.1959	49.7335	0.462016
94.1923	49.733	0.462016
94.1885	49.7335	0.462016
94.1851	49.7349	0.462016
94.1821	49.7372	0.462016
94.1799	49.7401	0.462016
94.1784	49.7436	0.462016
94.1784	49.7436	0.645578
94.1799	49.7401	0.645578
94.1821	49.7372	0.645578
94.1851	49.7349	0.645578
94.1885	49.7335	0.645578
94.1923	49.733	0.645578
94.1959	49.7335	0.645578
94.1994	49.7349	0.645578
94.2024	49.7372	0.645578
94.2046	49.7401	0.645578
94.206	49.7436	0.645578
94.2065	49.7473	0.645578
94.206	49.751	0.645578
94.2046	49.7544	0.645578
94.2024	49.7574	0.645578
94.1994	49.7597	0.645578
94.1959	49.7611	0.645578
94.1923	49.7616	0.645578
94.1885	49.7611	0.645578
94.1851	49.7597	0.645578
94.1821	49.7574	0.645578
94.1799	49.7544	0.645578
94.1784	49.751	0.645578
94.178	49.7473	0.645578
94.179	49.7527	0.553797
94.1809	49.756	0.553797
94.1835	49.7586	0.553797
94.1782	49.7499	0.541888
94.1896	49.7613	0.565706
94.1923	49.7616	0.528013
94.1923	49.7616	0.579581
94.178	49.7473	0.579581
94.1868	49.7605	0.553797
94.1977	49.7605	0.553797
94.2063	49.7499	0.565706
94.1949	49.7613	0.541888
94.2009	49.7586	0.553797
94.2054	49.7527	0.553797
94.2065	49.7473	0.528013
94.2036	49.756	0.553797
94.2054	49.7418	0.553797
94.2063	49.7446	0.565706
94.1949	49.7332	0.541888
94.1977	49.7341	0.553797
94.2036	49.7386	0.553797
94.2009	49.7359	0.553797
94.1923	49.733	0.579581
94.1923	49.733	0.528013
94.1868	49.7341	0.553797
94.1896	49.7332	0.565706
94.1835	49.7359	0.553797
94.179	49.7418	0.553797
94.1782	49.7446	0.541888
94.1809	49.7386	0.553797

#	Triangle	125
1	23	0	12	13	11
2	23	1	11	13	14
2	22	23	11	14	10
3	22	2	10	14	15
3	21	22	10	15	9
4	21	3	9	15	16
4	20	21	9	16	8
5	20	4	8	16	17
5	19	20	8	17	7
6	19	5	6	18	19	7	18	6	7	17	18
24	46	47	35	36	34
25	46	24	34	36	37
25	45	46	34	37	33
26	45	25	33	37	38
26	44	45	33	38	32
27	44	26	32	38	39
27	43	44	32	39	31
28	43	27	31	39	40
28	42	43	31	40	30
29	42	28	29	41	42	30	41	29	30	40	41
2	48	49
50	49	44
49	45	44
48	46	45
51	46	48
53	5	52
53	41	54	54	6	53	18	70	71	29	71	70
52	41	53
47	46	55
48	2	1
0	55	51
49	3	2
49	48	45
6	5	53
1	51	48
52	5	56
56	43	42
49	50	3
4	3	50
1	0	51
4	56	5
52	56	42
43	56	50
55	46	51
43	50	44
42	41	52
4	50	56
39	57	40
36	35	58
54	40	59
38	60	39
59	57	7
59	40	57
8	57	60
61	36	58
57	8	7
40	54	41
60	9	8
62	11	58
36	61	37
37	61	63
60	63	9
35	62	58
59	6	54
63	10	9
60	57	39
58	11	61
10	61	11
63	60	38
12	11	62
37	63	38
7	6	59
10	63	61
34	64	65
67	30	66
62	35	65
33	64	34
62	13	12
35	34	65
33	68	64
68	15	14
65	13	62
14	13	64
32	69	68
66	70	18
30	67	31
70	30	29
67	66	17
66	18	17
15	69	16
31	67	69
33	32	68
69	67	16
15	68	69
14	64	68
17	16	67
32	31	69
64	13	65
66	30	70
28	72	73
27	26	74
20	72	74
27	72	28
55	24	47
28	73	29
23	22	75
71	73	19
74	21	20
55	76	24
26	77	74
55	0	76
71	19	18
27	74	72
0	23	76
75	25	24
21	77	22
25	75	77
72	19	73
77	75	22
23	75	76
26	25	77
73	71	29
20	19	72
75	24	76
21	74	77

#	Normal	125
-0	-0	-3.64142e-006
-0	-0	-1.05775e-005
-0	-0	-2.04289e-005
-0	-0	-3.23737e-005
-0	-0	-4.57904e-005
-0	-0	-5.98433e-005
-0	-0	-7.32832e-005
-0	-0	-8.52715e-005
-0	-0	-9.51095e-005
-0	-0	-1
-0	-0	3.64142e-006
-0	-0	1.05775e-005
-0	-0	2.04289e-005
-0	-0	3.23737e-005
-0	-0	4.57904e-005
-0	-0	5.98433e-005
-0	-0	7.32832e-005
-0	-0	8.52715e-005
-0	-0	9.51095e-005
-0	-0	1
-0.86669	0.498845	0.00128814
-0.706583	0.707629	-0.00133923
-0.794179	0.607683	0.00137022
-0.923633	0.383276	0.00133575
-0.957131	0.289654	-0.000688845
-0.110172	0.993912	-0.00117171
-0	-0	-0
-0.0937035	0.9956	-0
-0.991264	0.131889	-0
-0.923633	0.383276	-0.00133575
-0.995587	0.0938403	-0
-0.794179	0.607683	-0.00137023
-0.86669	0.498845	-0.00128814
-0.130725	0.991419	-0
-0.958875	0.283827	0.000812608
-0.287639	0.957739	0.00070316
-0.382382	0.924003	0.00133914
-0.706583	0.707629	0.00133923
-0.608343	0.793673	-0.00131953
-0.991264	0.131889	-0.00127705
-0.382382	0.924003	-0.00133914
-0.281676	0.959509	-0.000829405
-0.499963	0.866045	-0.00133567
-0.993845	0.110771	0.00120294
-0.608343	0.793673	0.00131953
-0.130725	0.991418	0.00124429
-0.499963	0.866045	0.00133567
0.382382	0.924003	0.00137169
0.991264	0.131889	0.00127705
0.110452	0.993881	0.00116881
0.608343	0.793673	0.00131953
0.280995	0.959709	0.000819885
0.286875	0.957968	-0.000694923
0.500871	0.865521	0.00131436
0.958875	0.283827	-0.000812607
0.382382	0.924003	-0.00137169
0.130997	0.991383	0
0.608343	0.793673	-0.00131953
0.993845	0.110771	-0.00120295
0.924373	0.381487	0.00129641
0.86669	0.498845	-0.00136192
0.706583	0.707629	0.00133923
0.995587	0.0938403	-0
0.0939775	0.995574	0
0.793168	0.609002	-0.00133642
0.500871	0.865521	-0.00131436
0.957131	0.289654	0.000688845
0.924373	0.381487	-0.00129641
0.706583	0.707629	-0.00133923
0.991264	0.131889	-0
0.793168	0.609002	0.00133641
0.130997	0.991382	-0.00124062
0.86669	0.498845	0.00136192
0.958875	-0.283827	-0.000812607
0.288146	-0.957586	-0.000708634
0.995587	-0.0938403	-0
0.924373	-0.381487	0.00129641
0.991264	-0.131889	-0
0.991264	-0.131889	0.00127705
0.86669	-0.498845	-0.00136192
0.793168	-0.609002	-0.00133642
0.993845	-0.110771	-0.00120295
0.924373	-0.381487	-0.00129641
0.706583	-0.707629	-0.00133923
0.0925218	-0.995711	-0
0.383276	-0.923633	0.00135207
0.129966	-0.991518	-0
0.282154	-0.959369	0.000836097
0.129966	-0.991518	-0.00125453
0.608343	-0.793673	-0.00131953
0.500871	-0.865521	-0.00131436
0.793168	-0.609002	0.00133641
0.500871	-0.865521	0.00131436
0.706583	-0.707629	0.00133923
0.86669	-0.498845	0.00136192
0.383276	-0.923633	-0.00135206
0.608343	-0.793673	0.00131953
0.957131	-0.289654	0.000688845
0.109186	-0.994021	0.00118191
-0.282837	-0.959168	-0.000845653
-0.608343	-0.793673	0.00131953
-0.499963	-0.866045	0.00133567
-0.383276	-0.923633	0.00131944
-0.991264	-0.131889	0
-0.129697	-0.991553	0.00125817
-0.923633	-0.383276	-0.00133575
-0.108908	-0.994051	-0.00118479
-0.608343	-0.793673	-0.00131953
-0.993845	-0.110771	0.00120294
-0.706583	-0.707629	-0.00133923
-0.995587	-0.0938403	-0
-0.129697	-0.991554	-0
-0.499963	-0.866045	-0.00133567
-0.991264	-0.131889	-0.00127705
-0.923633	-0.383276	0.00133575
-0.794179	-0.607683	-0.00137023
-0.86669	-0.498845	-0.00128814
-0.288913	-0.957355	0.000716902
-0.86669	-0.498845	0.00128814
-0.958875	-0.283827	0.000812608
-0.794179	-0.607683	0.00137022
-0.092252	-0.995736	-0
-0.383276	-0.923633	-0.00131944
-0.957131	-0.289654	-0.000688845
-0.706583	-0.707629	0.00133923

#	Mesh	0	End

