#	Mesh	0	Begin

#	Vertex	72
88.3332	-1.77999	0.888357
88.3308	-1.78064	0.888357
88.3285	-1.78169	0.888357
88.3265	-1.78312	0.888357
88.3247	-1.78488	0.888357
88.3233	-1.78692	0.888357
88.3222	-1.78918	0.888357
88.3216	-1.79158	0.888357
88.3214	-1.79406	0.888357
88.3216	-1.79655	0.888357
88.3222	-1.79895	0.888357
88.3233	-1.80121	0.888357
88.3247	-1.80325	0.888357
88.3265	-1.80501	0.888357
88.3285	-1.80644	0.888357
88.3308	-1.80749	0.888357
88.3332	-1.80814	0.888357
88.3357	-1.80835	0.888357
88.3381	-1.80814	0.888357
88.3405	-1.80749	0.888357
88.3428	-1.80644	0.888357
88.3448	-1.80501	0.888357
88.3466	-1.80325	0.888357
88.348	-1.80121	0.888357
88.3491	-1.79895	0.888357
88.3497	-1.79655	0.888357
88.35	-1.79406	0.888357
88.3497	-1.79158	0.888357
88.3491	-1.78918	0.888357
88.348	-1.78692	0.888357
88.3466	-1.78488	0.888357
88.3448	-1.78312	0.888357
88.3428	-1.78169	0.888357
88.3405	-1.78064	0.888357
88.3381	-1.77999	0.888357
88.3357	-1.77977	0.888357
88.3332	-1.77999	1.66202
88.3308	-1.78064	1.66202
88.3285	-1.78169	1.66202
88.3265	-1.78312	1.66202
88.3247	-1.78488	1.66202
88.3233	-1.78692	1.66202
88.3222	-1.78918	1.66202
88.3216	-1.79158	1.66202
88.3214	-1.79406	1.66202
88.3216	-1.79655	1.66202
88.3222	-1.79895	1.66202
88.3233	-1.80121	1.66202
88.3247	-1.80325	1.66202
88.3265	-1.80501	1.66202
88.3285	-1.80644	1.66202
88.3308	-1.80749	1.66202
88.3332	-1.80814	1.66202
88.3357	-1.80835	1.66202
88.3381	-1.80814	1.66202
88.3405	-1.80749	1.66202
88.3428	-1.80644	1.66202
88.3448	-1.80501	1.66202
88.3466	-1.80325	1.66202
88.348	-1.80121	1.66202
88.3491	-1.79895	1.66202
88.3497	-1.79655	1.66202
88.35	-1.79406	1.66202
88.3497	-1.79158	1.66202
88.3491	-1.78918	1.66202
88.348	-1.78692	1.66202
88.3466	-1.78488	1.66202
88.3448	-1.78312	1.66202
88.3428	-1.78169	1.66202
88.3405	-1.78064	1.66202
88.3381	-1.77999	1.66202
88.3357	-1.77977	1.66202

#	Triangle	72
35	36	71	0	36	35
0	37	36	1	37	0
1	38	37	2	38	1
2	39	38	3	39	2
3	40	39	4	40	3
4	41	40	5	41	4
5	42	41	6	42	5
6	43	42	7	43	6
7	44	43	8	44	7
8	45	44	9	45	8
9	46	45	10	46	9
10	47	46	11	47	10
11	48	47	12	48	11
12	49	48	13	49	12
13	50	49	14	50	13
14	51	50	15	51	14
15	52	51	16	52	15
16	53	52	17	53	16
17	54	53	18	54	17
18	55	54	19	55	18
19	56	55	20	56	19
20	57	56	21	57	20
21	58	57	22	58	21
22	59	58	23	59	22
23	60	59	24	60	23
24	61	60	25	61	24
25	62	61	26	62	25
26	63	62	27	63	26
27	64	63	28	64	27
28	65	64	29	65	28
29	66	65	30	66	29
30	67	66	31	67	30
31	68	67	32	68	31
32	69	68	33	69	32
33	70	69	34	70	33
34	71	70	35	71	34
7	9	8	26	25	27
6	9	7	27	25	24
6	10	9	27	24	28
5	10	6	28	24	23
5	11	10	28	23	29
4	11	5	29	23	22
4	12	11	29	22	30
3	12	4	30	22	21
3	13	12
2	13	3	31	21	20
2	14	13	31	20	32
1	14	2	32	20	19
1	15	14	32	19	33
0	15	1	33	19	18
0	16	15	33	18	34
35	16	0	34	18	17
35	17	16	34	17	35
30	21	31
45	43	44	62	63	61
46	43	45	61	63	64
46	42	43	61	64	60
47	42	46	60	64	65
47	41	42	60	65	59
48	41	47	59	65	66
48	40	41	59	66	58
49	40	48	58	66	67
49	39	40
50	39	49	57	67	68
50	38	39	57	68	56
51	38	50	56	68	69
51	37	38	56	69	55
52	37	51	55	69	70
52	36	37	55	70	54
53	36	52	54	70	71
53	71	36	54	71	53
58	67	57

#	Normal	72
-0.0870795	0.996201	-0
-0.258782	0.965936	-0
-0.422585	0.906323	-0
-0.573831	0.818974	-0
-0.707818	0.706395	-0
-0.818967	0.57384	-0
-0.906005	0.423266	-0
-0.965549	0.260223	-0
-0.996406	0.0847004	-0
-0.996406	-0.0847004	0
-0.965549	-0.260223	0
-0.906005	-0.423266	0
-0.818967	-0.57384	0
-0.707818	-0.706395	0
-0.573831	-0.818974	0
-0.422585	-0.906323	0
-0.258782	-0.965936	0
-0.0870795	-0.996201	0
0.0873521	-0.996177	-0
0.258782	-0.965936	-0
0.422585	-0.906323	-0
0.573831	-0.818974	-0
0.70625	-0.707963	-0
0.818967	-0.57384	-0
0.906005	-0.423266	-0
0.966333	-0.257296	-0
0.996137	-0.0878137	-0
0.996137	0.0878137	-0
0.966333	0.257296	-0
0.906005	0.423266	-0
0.818967	0.57384	-0
0.70625	0.707963	-0
0.573831	0.818974	-0
0.422585	0.906323	-0
0.258782	0.965936	-0
0.0873521	0.996177	-0
-0	-0	-1.04686e-006
-0	-0	-3.21812e-006
-0	-0	-6.33841e-006
-0	-0	-1.03095e-005
-0	-0	-1.50715e-005
-0	-0	-2.04303e-005
-0	-0	-2.62646e-005
-0	-0	-3.22925e-005
-0	-0	-3.84848e-005
-0	-0	-4.46423e-005
-0	-0	-5.04688e-005
-0	-0	-5.58831e-005
-0	-0	-6.06368e-005
-0	-0	-6.46233e-005
-0	-0	-6.77257e-005
-0	-0	-6.99246e-005
-0	-0	-7.10036e-005
-0	-0	-3.86558e-005
-0	-0	1.04686e-006
-0	-0	3.21812e-006
-0	-0	6.33841e-006
-0	-0	1.03095e-005
-0	-0	1.50715e-005
-0	-0	2.04303e-005
-0	-0	2.62646e-005
-0	-0	3.22925e-005
-0	-0	3.84848e-005
-0	-0	4.46423e-005
-0	-0	5.04688e-005
-0	-0	5.58831e-005
-0	-0	6.06368e-005
-0	-0	6.46233e-005
-0	-0	6.77257e-005
-0	-0	6.99246e-005
-0	-0	7.10036e-005
0	-0	3.86558e-005

#	Mesh	0	End

