#	Mesh	0	Begin

#	Vertex	24
77.86	-24.7054	1.5234
77.86	-24.7054	0.813403
79.5345	-24.5697	0.813403
79.5345	-24.5697	1.5234
77.8597	-24.7014	1.5234
79.5342	-24.5657	1.5234
79.5342	-24.5657	0.813403
77.8597	-24.7014	0.813403
77.8995	-24.6982	1.4834
77.8995	-24.6982	0.853403
79.4943	-24.569	0.853403
79.4943	-24.569	1.4834
77.7804	-24.4656	1.6534
79.5745	-24.3203	1.6534
79.5745	-24.3203	0.853403
77.7804	-24.4656	0.853403
77.7405	-24.4689	1.6934
77.7405	-24.4689	0.813403
79.6143	-24.317	0.813403
79.6143	-24.317	1.6934
77.7402	-24.4649	1.6934
79.614	-24.313	1.6934
79.614	-24.313	0.813403
77.7402	-24.4649	0.813403

#	Triangle	12
3	1	2	0	1	3	19	17	18	16	17	19
7	5	6	4	5	7	15	13	14	12	13	15
7	0	4	1	0	7
6	1	7	2	1	6	9	14	10	15	14	9	22	17	23	18	17	22
5	2	6	3	2	5	21	18	22	19	18	21
4	3	5	0	3	4	20	19	21	16	19	20
11	9	10	8	9	11
8	15	9	12	15	8
10	13	11	14	13	10
11	12	8	13	12	11
23	21	22	20	21	23
23	16	20	17	16	23

#	Normal	12
0.0807604	-0.996734	-0
-0.0807592	0.996734	-0
-0.99679	-0.0800556	0
-0	-0	-1
0.996787	0.0800946	0
-0	-0	1
0.0807593	-0.996734	-0
-0.889954	-0.45605	-0
0.951763	-0.306833	-0
0.0464967	-0.573864	0.81763
-0.0807596	0.996734	-0
-0.996787	-0.0800946	0

#	Mesh	0	End

