#	Mesh	0	Begin

#	Vertex	24
54.6958	5.13841	1.4934
54.6958	5.13841	0.413403
54.685	3.45844	0.413403
54.685	3.45844	1.4934
54.6998	5.13838	1.4934
54.689	3.45841	1.4934
54.689	3.45841	0.413403
54.6998	5.13838	0.413403
54.6995	5.09838	1.4534
54.6995	5.09838	0.453403
54.6892	3.49841	0.453403
54.6892	3.49841	1.4534
55.4472	5.29359	1.0834
55.4344	3.29363	1.0834
55.4344	3.29363	0.453403
55.4472	5.29359	0.453403
55.4474	5.33359	1.1234
55.4474	5.33359	0.413403
55.4341	3.25363	0.413403
55.4341	3.25363	1.1234
55.4514	5.33356	1.1234
55.4381	3.2536	1.1234
55.4381	3.2536	0.413403
55.4514	5.33356	0.413403

#	Triangle	14
3	1	2	0	1	3	19	17	18	16	17	19
7	5	6	4	5	7	23	21	22	20	21	23
7	0	4	1	0	7
6	1	7	2	1	6	9	14	10	15	14	9	22	17	23	18	17	22
5	2	6	3	2	5
4	3	5	0	3	4	20	19	21	16	19	20
11	9	10	8	9	11
15	13	14	12	13	15
8	15	9	12	15	8
10	13	11	14	13	10
11	12	8
13	12	11
23	16	20	17	16	23
21	18	22	19	18	21

#	Normal	14
-0.999979	0.00641741	-0
0.999979	-0.00641741	-0
0.00634753	0.99998	-0
-0	0	-1
-0.00646959	-0.999979	-0
0	-0	1
-0.999979	0.00641846	-0
0.999979	-0.00641602	-0
-0.252616	0.967567	-0
-0.265011	-0.964245	0
0.444125	-0.00285066	0.89596
0.444123	-0.00284956	0.895961
0.00646959	0.999979	-0
-0.00640856	-0.999979	-0

#	Mesh	0	End

