#	Mesh	0	Begin

#	Vertex	20
90.0251	54.0885	0.712
89.9254	54.0804	0.712
89.9658	53.582	0.712
90.0574	53.6898	0.712
90.0251	54.0885	1.032
89.9254	54.0804	1.032
89.9658	53.582	1.032
90.0574	53.6898	1.032
89.5146	54.1976	0.712
89.5711	53.4999	0.712
89.9698	53.5322	0.712
89.9133	54.2299	0.712
89.5146	54.1976	1.032
89.5711	53.4999	1.032
89.9698	53.5322	1.032
89.9133	54.2299	1.032
89.9113	54.2548	0.712
89.5126	54.2225	0.712
89.9113	54.2548	1.032
89.5126	54.2225	1.032

#	Triangle	12
3	4	7	0	4	3
0	5	4	1	5	0
1	6	5	2	6	1
2	7	6	3	7	2
3	1	0	2	1	3	11	9	8	10	9	11	8	16	11	17	16	8
4	6	7	5	6	4	12	14	15	13	14	12	15	19	12	18	19	15
11	12	15	8	12	11	16	19	18	17	19	16
8	13	12	9	13	8
9	14	13	10	14	9	8	15	12	11	15	8
10	15	14	11	15	10
11	18	15	16	18	11
17	12	19	8	12	17

#	Normal	12
0.996733	0.0807613	-0
-0.0807823	0.996732	-0
-0.996733	-0.0807655	0
0.761918	-0.647674	-0
-0	-0	-1
-0	0	1
-0.0807613	0.996733	-0
-0.996734	-0.0807588	0
0.0807613	-0.996733	-0
0.996734	0.0807588	-0
0.996719	0.0809375	-0
-0.996719	-0.0809375	0

#	Mesh	0	End

