#	Mesh	0	Begin

#	Vertex	20
96.0326	9.02647	0.712
96.1323	9.03454	0.712
96.0919	9.53291	0.712
96.0003	9.42516	0.712
96.0326	9.02647	1.032
96.1323	9.03454	1.032
96.0919	9.53291	1.032
96.0003	9.42516	1.032
98.1379	9.04656	0.712
98.0813	9.74427	0.712
96.0879	9.58275	0.712
96.1444	8.88503	0.712
98.1379	9.04656	1.342
98.0813	9.74427	1.342
96.0879	9.58275	1.342
96.1444	8.88503	1.342
96.1464	8.86012	0.712
98.1399	9.02164	0.712
96.1464	8.86012	1.342
98.1399	9.02164	1.342

#	Triangle	12
3	4	7	0	4	3
0	5	4	1	5	0
1	6	5	2	6	1
2	7	6	3	7	2
3	1	0	2	1	3	11	9	8	10	9	11	8	16	11	17	16	8
4	6	7	5	6	4	12	14	15	13	14	12	15	19	12	18	19	15
11	12	15	8	12	11	16	19	18	17	19	16
8	13	12	9	13	8
9	14	13	10	14	9	8	15	12	11	15	8
10	15	14	11	15	10
11	18	15	16	18	11
17	12	19	8	12	17

#	Normal	12
-0.996733	-0.0807617	0
0.0807532	-0.996734	-0
0.996733	0.0807655	-0
-0.761915	0.647677	-0
0	-0	-1
-0	-0	1
0.0807612	-0.996733	-0
0.996733	0.08077	-0
-0.0807615	0.996733	-0
-0.996734	-0.0807589	0
-0.996744	-0.0806271	0
0.996744	0.0806271	-0

#	Mesh	0	End

