#	Mesh	0	Begin

#	Vertex	72
62.2465	11.0379	0.728742
62.2467	11.0351	0.727975
62.2469	11.0324	0.726722
62.2471	11.03	0.725023
62.2473	11.0279	0.722927
62.2474	11.0262	0.7205
62.2475	11.0249	0.717814
62.2476	11.0242	0.714952
62.2476	11.0239	0.712
62.2476	11.0242	0.709048
62.2475	11.0249	0.706186
62.2474	11.0262	0.7035
62.2473	11.0279	0.701073
62.2471	11.03	0.698977
62.2469	11.0324	0.697278
62.2467	11.0351	0.696025
62.2465	11.0379	0.695258
62.2463	11.0408	0.695
62.246	11.0438	0.695258
62.2458	11.0466	0.696025
62.2456	11.0493	0.697278
62.2454	11.0517	0.698977
62.2452	11.0538	0.701073
62.2451	11.0555	0.7035
62.245	11.0568	0.706186
62.2449	11.0575	0.709048
62.2449	11.0578	0.712
62.2449	11.0575	0.714952
62.245	11.0568	0.717814
62.2451	11.0555	0.7205
62.2452	11.0538	0.722927
62.2454	11.0517	0.725023
62.2456	11.0493	0.726722
62.2458	11.0466	0.727975
62.246	11.0438	0.728742
62.2463	11.0408	0.729
65.2968	11.2851	0.728742
65.297	11.2822	0.727975
65.2972	11.2795	0.726722
65.2974	11.2771	0.725023
65.2976	11.275	0.722927
65.2977	11.2733	0.7205
65.2978	11.2721	0.717814
65.2979	11.2713	0.714952
65.2979	11.2711	0.712
65.2979	11.2713	0.709048
65.2978	11.2721	0.706186
65.2977	11.2733	0.7035
65.2976	11.275	0.701073
65.2974	11.2771	0.698977
65.2972	11.2795	0.697278
65.297	11.2822	0.696025
65.2968	11.2851	0.695258
65.2965	11.288	0.695
65.2963	11.2909	0.695258
65.2961	11.2938	0.696025
65.2958	11.2965	0.697278
65.2956	11.2989	0.698977
65.2955	11.301	0.701073
65.2953	11.3027	0.7035
65.2952	11.3039	0.706186
65.2952	11.3047	0.709048
65.2951	11.3049	0.712
65.2952	11.3047	0.714952
65.2952	11.3039	0.717814
65.2953	11.3027	0.7205
65.2955	11.301	0.722927
65.2956	11.2989	0.725023
65.2958	11.2965	0.726722
65.2961	11.2938	0.727975
65.2963	11.2909	0.728742
65.2965	11.288	0.729

#	Triangle	98
35	36	71	0	36	35
0	37	36
1	37	0
1	38	37
2	38	1
2	39	38
3	39	2
3	40	39
4	40	3
4	41	40
5	41	4
5	42	41
6	42	5
6	43	42
7	43	6
7	44	43
8	44	7
8	45	44
9	45	8
9	46	45
10	46	9
10	47	46
11	47	10
11	48	47
12	48	11
12	49	48
13	49	12
13	50	49
14	50	13
14	51	50
15	51	14
15	52	51
16	52	15
16	53	52	17	53	16
17	54	53	18	54	17
18	55	54	19	55	18
19	56	55
20	56	19
20	57	56
21	57	20
21	58	57
22	58	21
22	59	58
23	59	22
23	60	59	24	60	23
24	61	60
25	61	24
25	62	61
26	62	25
26	63	62
27	63	26
27	64	63
28	64	27
28	65	64	29	65	28
29	66	65
30	66	29
30	67	66
31	67	30
31	68	67
32	68	31
32	69	68
33	69	32
33	70	69	34	70	33
34	71	70	35	71	34
7	9	8	26	25	27
6	9	7	27	25	24
6	10	9	27	24	28
5	10	6	28	24	23
5	11	10	28	23	29
4	11	5	29	23	22
4	12	11	29	22	30
3	12	4	30	22	21
3	13	12	30	21	31
2	13	3	31	21	20
2	14	13	31	20	32
1	14	2	32	20	19
1	15	14	32	19	33
0	15	1	33	19	18
0	16	15	33	18	34
35	16	0	34	18	17
35	17	16	34	17	35
45	43	44	62	63	61
46	43	45	61	63	64
46	42	43	61	64	60
47	42	46	60	64	65
47	41	42	60	65	59
48	41	47	59	65	66
48	40	41	59	66	58
49	40	48	58	66	67
49	39	40	58	67	57
50	39	49	57	67	68
50	38	39	57	68	56
51	38	50	56	68	69
51	37	38	56	69	55
52	37	51	55	69	70
52	36	37	55	70	54
53	36	52	54	70	71
53	71	36	54	71	53

#	Normal	98
0.00703805	-0.0868617	0.996196
0.0208995	-0.257936	0.965936
0.0209061	-0.258018	0.965914
0.034135	-0.421286	0.906285
0.0341217	-0.42112	0.906363
0.0463131	-0.571583	0.819236
0.0463294	-0.571786	0.819093
0.057117	-0.704925	0.706978
0.0570998	-0.704708	0.707196
0.0661535	-0.816448	0.573618
0.0661657	-0.816601	0.573397
0.0731962	-0.90337	0.42257
0.0731864	-0.903245	0.422839
0.0780078	-0.96275	0.258897
0.0780162	-0.962858	0.258491
0.080453	-0.992932	0.0872491
0.0804524	-0.992923	0.0873548
0.0804531	-0.992932	-0.0872491
0.0804523	-0.992923	-0.0873548
0.0780074	-0.96275	-0.258897
0.0780166	-0.962858	-0.258491
0.0731965	-0.90337	-0.42257
0.0731861	-0.903245	-0.422839
0.0661533	-0.816448	-0.573618
0.066166	-0.816601	-0.573397
0.0571173	-0.704925	-0.706978
0.0570995	-0.704708	-0.707196
0.0463129	-0.571583	-0.819236
0.0463296	-0.571786	-0.819093
0.0341351	-0.421286	-0.906285
0.0341215	-0.42112	-0.906363
0.0208994	-0.257936	-0.965936
0.0209062	-0.258018	-0.965914
0.00703805	-0.0868617	-0.996196
-0.00703805	0.0868617	-0.996196
-0.0209062	0.258018	-0.965914
-0.0341318	0.421245	-0.906304
-0.0341248	0.42116	-0.906344
-0.046317	0.571633	-0.819201
-0.0463255	0.571737	-0.819128
-0.0571172	0.704925	-0.706978
-0.0571038	0.704761	-0.707142
-0.0661492	0.816398	-0.573689
-0.0661533	0.816448	-0.573618
-0.0731962	0.90337	-0.42257
-0.0780097	0.962776	-0.258797
-0.0780074	0.96275	-0.258897
-0.0804523	0.992923	-0.0873548
-0.0804557	0.992961	-0.0869232
-0.0804527	0.992923	0.0873548
-0.0804553	0.992961	0.0869232
-0.0780096	0.962776	0.258797
-0.0780075	0.96275	0.258897
-0.0731962	0.90337	0.42257
-0.0661492	0.816398	0.573689
-0.0661532	0.816448	0.573618
-0.057117	0.704925	0.706978
-0.057104	0.704761	0.707142
-0.0463171	0.571633	0.819201
-0.0463254	0.571737	0.819128
-0.0341317	0.421245	0.906304
-0.0341249	0.42116	0.906344
-0.0209062	0.258018	0.965914
-0.00703805	0.0868617	0.996196
-1.52214e-006	-1.38376e-007	-0
-4.50876e-006	-3.45941e-007	-0
-8.88048e-006	-6.81367e-007	-0
-1.45245e-005	-1.18104e-006	-0
-2.12334e-005	-1.72656e-006	-0
-2.87871e-005	-2.32422e-006	-0
-3.70079e-005	-2.98795e-006	-0
-4.56516e-005	-3.75628e-006	-0
-5.44057e-005	-4.47658e-006	-0
-6.30027e-005	-5.08702e-006	-0
-7.12254e-005	-5.75094e-006	-0
-7.88454e-005	-6.44106e-006	-0
-8.55525e-005	-6.98897e-006	-0
-9.11374e-005	-7.36338e-006	-0
-9.55131e-005	-7.71691e-006	-0
-9.85213e-005	-7.9785e-006	-0
-0.996737	-0.0807182	-0
1.52214e-006	1.15314e-007	-0
4.51452e-006	3.69003e-007	-0
8.89184e-006	7.26791e-007	-0
1.45131e-005	1.18104e-006	-0
2.12168e-005	1.72656e-006	-0
2.88037e-005	2.32422e-006	-0
3.70293e-005	2.98795e-006	-0
4.56303e-005	3.67091e-006	-0
5.43802e-005	4.37484e-006	-0
6.30282e-005	5.18876e-006	-0
7.12542e-005	5.86596e-006	-0
7.88167e-005	6.32604e-006	-0
8.55213e-005	6.86417e-006	-0
9.11686e-005	7.36338e-006	-0
9.55457e-005	7.71691e-006	-0
9.85213e-005	7.9785e-006	-0
0.996737	0.0807182	-0

#	Mesh	0	End

