#	Mesh	0	Begin

#	Vertex	72
81.0563	-6.14745	0.818269
81.056	-6.14337	0.819365
81.0557	-6.13954	0.821155
81.0554	-6.13608	0.823585
81.0551	-6.1331	0.82658
81.055	-6.13068	0.83005
81.0548	-6.12889	0.833889
81.0547	-6.1278	0.83798
81.0547	-6.12743	0.8422
81.0547	-6.1278	0.846419
81.0548	-6.12889	0.850511
81.055	-6.13068	0.85435
81.0551	-6.1331	0.85782
81.0554	-6.13608	0.860815
81.0557	-6.13954	0.863244
81.056	-6.14337	0.865034
81.0563	-6.14745	0.866131
81.0567	-6.15165	0.8665
81.057	-6.15586	0.866131
81.0573	-6.15994	0.865034
81.0576	-6.16376	0.863244
81.0579	-6.16722	0.860815
81.0582	-6.17021	0.85782
81.0584	-6.17263	0.85435
81.0585	-6.17441	0.850511
81.0586	-6.1755	0.846419
81.0586	-6.17587	0.8422
81.0586	-6.1755	0.83798
81.0585	-6.17441	0.833889
81.0584	-6.17263	0.83005
81.0582	-6.17021	0.82658
81.0579	-6.16722	0.823585
81.0576	-6.16376	0.821155
81.0573	-6.15994	0.819365
81.057	-6.15586	0.818269
81.0567	-6.15165	0.8179
81.8171	-6.0858	0.818269
81.8167	-6.08173	0.819365
81.8164	-6.0779	0.821155
81.8162	-6.07444	0.823585
81.8159	-6.07146	0.82658
81.8157	-6.06903	0.83005
81.8156	-6.06725	0.833889
81.8155	-6.06616	0.83798
81.8155	-6.06579	0.8422
81.8155	-6.06616	0.846419
81.8156	-6.06725	0.850511
81.8157	-6.06903	0.85435
81.8159	-6.07146	0.85782
81.8162	-6.07444	0.860815
81.8164	-6.0779	0.863244
81.8167	-6.08173	0.865034
81.8171	-6.0858	0.866131
81.8174	-6.09001	0.8665
81.8178	-6.09422	0.866131
81.8181	-6.09829	0.865034
81.8184	-6.10212	0.863244
81.8187	-6.10558	0.860815
81.8189	-6.10856	0.85782
81.8191	-6.11099	0.85435
81.8193	-6.11277	0.850511
81.8194	-6.11386	0.846419
81.8194	-6.11423	0.8422
81.8194	-6.11386	0.83798
81.8193	-6.11277	0.833889
81.8191	-6.11099	0.83005
81.8189	-6.10856	0.82658
81.8187	-6.10558	0.823585
81.8184	-6.10212	0.821155
81.8181	-6.09829	0.819365
81.8178	-6.09422	0.818269
81.8174	-6.09001	0.8179

#	Triangle	101
35	36	71
0	36	35
0	37	36
1	37	0
1	38	37
2	38	1
2	39	38
3	39	2
3	40	39	4	40	3
4	41	40
5	41	4
5	42	41
6	42	5
6	43	42
7	43	6
7	44	43
8	44	7
8	45	44
9	45	8
9	46	45
10	46	9
10	47	46
11	47	10
11	48	47
12	48	11
12	49	48	13	49	12
13	50	49
14	50	13
14	51	50
15	51	14
15	52	51
16	52	15
16	53	52
17	53	16
17	54	53
18	54	17
18	55	54	19	55	18
19	56	55
20	56	19
20	57	56
21	57	20
21	58	57	22	58	21
22	59	58	23	59	22
23	60	59
24	60	23
24	61	60
25	61	24
25	62	61
26	62	25
26	63	62
27	63	26
27	64	63
28	64	27
28	65	64
29	65	28
29	66	65	30	66	29
30	67	66	31	67	30
31	68	67
32	68	31
32	69	68
33	69	32
33	70	69	34	70	33
34	71	70
35	71	34
7	9	8	26	25	27
6	9	7	27	25	24
6	10	9
5	10	6	28	24	23
5	11	10
4	11	5	29	23	22
4	12	11	29	22	30
3	12	4	30	22	21
3	13	12	30	21	31
2	13	3	2	14	13
1	14	2	1	15	14
0	15	1	0	16	15	33	18	34	33	19	18
35	16	0	35	17	16
34	17	35	34	18	17
32	19	33	32	20	19
31	20	32	31	21	20
28	23	29
27	24	28
45	43	44	62	63	61
46	43	45	61	63	64
46	42	43
47	42	46	60	64	65
47	41	42
48	41	47	59	65	66
48	40	41	59	66	58
49	40	48	58	66	67
49	39	40	58	67	57
50	39	49	50	38	39
51	38	50	51	37	38
52	37	51	52	36	37
53	36	52	53	71	36
54	71	53	54	70	71
55	70	54	55	69	70
56	69	55	56	68	69
57	68	56	57	67	68
60	65	59
61	64	60

#	Normal	101
-0.00703942	0.0868779	-0.996194
-0.00703744	0.0868551	-0.996196
-0.0209003	0.257948	-0.965933
-0.0209035	0.257985	-0.965923
-0.034132	0.421248	-0.906303
-0.0341309	0.421235	-0.906309
-0.0463258	0.571742	-0.819125
-0.0463211	0.571688	-0.819162
-0.0571059	0.704792	-0.707112
-0.0661532	0.816453	-0.57361
-0.0661581	0.816507	-0.573532
-0.0731928	0.903328	-0.422661
-0.073194	0.903341	-0.422633
-0.0780101	0.96278	-0.258786
-0.0780063	0.962742	-0.258925
-0.0804526	0.992934	-0.0872289
-0.080454	0.992944	-0.0871149
-0.0804532	0.992934	0.0872289
-0.0804534	0.992944	0.0871149
-0.0780093	0.96278	0.258786
-0.0780071	0.962742	0.258925
-0.073193	0.903328	0.422661
-0.0731939	0.903341	0.422633
-0.0661537	0.816453	0.57361
-0.0661576	0.816507	0.573532
-0.0571059	0.704792	0.707112
-0.0463254	0.571742	0.819125
-0.0463214	0.571688	0.819162
-0.0341319	0.421248	0.906303
-0.034131	0.421235	0.906309
-0.0209005	0.257948	0.965933
-0.0209033	0.257985	0.965923
-0.00703929	0.0868779	0.996194
-0.00703757	0.0868551	0.996196
0.00703757	-0.0868551	0.996196
0.00703929	-0.0868779	0.996194
0.0209033	-0.257985	0.965923
0.0341306	-0.421235	0.906309
0.0341273	-0.421191	0.90633
0.0463214	-0.571688	0.819162
0.0463254	-0.571742	0.819125
0.0571059	-0.704792	0.707112
0.0661532	-0.816453	0.57361
0.0731968	-0.903385	0.422538
0.073193	-0.903328	0.422661
0.0780071	-0.962742	0.258925
0.0780093	-0.96278	0.258786
0.0804545	-0.992957	0.0869671
0.0804541	-0.992934	0.0872289
0.0804559	-0.992957	-0.0869671
0.0804526	-0.992934	-0.0872289
0.0780063	-0.962742	-0.258925
0.0780101	-0.96278	-0.258786
0.0731976	-0.903385	-0.422538
0.0731922	-0.903328	-0.422661
0.0661532	-0.816453	-0.57361
0.0571059	-0.704792	-0.707112
0.0463211	-0.571688	-0.819162
0.0463258	-0.571742	-0.819125
0.0341309	-0.421235	-0.906309
0.0341271	-0.421191	-0.90633
0.0209033	-0.257985	-0.965923
0.00703744	-0.0868551	-0.996196
0.00703942	-0.0868779	-0.996194
-3.10294e-006	-2.63729e-007	-0
-9.22228e-006	-7.91187e-007	0
-1.81643e-005	-1.55833e-006	-0
-2.96651e-005	-2.3375e-006	0
-4.33675e-005	-3.41719e-006	-0
-5.88398e-005	-4.7461e-006	0
-7.56429e-005	-6.10147e-006	-0
-9.32609e-005	-7.56582e-006	0
-0.996725	-0.0808596	-0
-0.99671	-0.0810539	0
-0.996681	-0.0814033	0
-0.996779	-0.0802006	0
-0.996677	-0.0814558	0
-0.996825	-0.0796256	0
-0.996682	-0.0813929	0
-0.996709	-0.0810653	0
-4.33557e-005	-3.60704e-006	0
-1.81643e-005	-1.42847e-006	0
3.10706e-006	2.63729e-007	-0
9.22228e-006	7.25255e-007	0
1.81643e-005	1.42847e-006	-0
2.9657e-005	2.46736e-006	0
4.33557e-005	3.60704e-006	-0
5.88517e-005	4.7461e-006	0
7.56582e-005	6.10147e-006	-0
9.32609e-005	7.56582e-006	0
0.996725	0.0808596	-0
0.996709	0.0810653	0
0.996845	0.0793711	0
0.996624	0.0820974	0
0.996825	0.0796256	0
0.996677	0.0814558	0
0.996779	0.0802006	0
0.996681	0.0814033	0
0.99671	0.0810539	0
4.33557e-005	3.41719e-006	0
1.81643e-005	1.55833e-006	0

#	Mesh	0	End

