#	Mesh	0	Begin

#	Vertex	636
59.6102	6.20493	0.692
59.6102	6.184	0.692
59.633	6.18409	0.692
59.6329	6.20502	0.692
59.6325	6.20797	0.692
59.6314	6.21071	0.692
59.6295	6.21305	0.692
59.6272	6.21485	0.692
59.6244	6.21598	0.692
59.6215	6.21635	0.692
59.6185	6.21595	0.692
59.6158	6.21481	0.692
59.6135	6.21299	0.692
59.6117	6.21063	0.692
59.6105	6.20788	0.692
59.6329	6.20502	0.652
59.633	6.18409	0.652
59.6102	6.184	0.652
59.6102	6.20493	0.652
59.6105	6.20788	0.652
59.6117	6.21063	0.652
59.6135	6.21299	0.652
59.6158	6.21481	0.652
59.6185	6.21595	0.652
59.6215	6.21635	0.652
59.6244	6.21598	0.652
59.6272	6.21485	0.652
59.6295	6.21305	0.652
59.6314	6.21071	0.652
59.6325	6.20797	0.652
59.6102	6.1867	0.682162
59.633	6.18679	0.682162
59.6102	6.18761	0.672
59.633	6.1877	0.672
59.6102	6.1867	0.661838
59.633	6.18679	0.661838
59.6107	6.07693	0.652
59.6108	6.05599	0.652
59.6108	6.05599	0.692
59.6107	6.07693	0.692
59.6107	6.07422	0.682162
59.6107	6.07331	0.672
59.6107	6.07422	0.661838
59.6335	6.05608	0.652
59.6334	6.07702	0.652
59.6334	6.07431	0.661838
59.6334	6.0734	0.672
59.6334	6.07431	0.682162
59.6334	6.07702	0.692
59.6335	6.05608	0.692
59.6302	6.04802	0.652
59.6279	6.04621	0.652
59.6251	6.04506	0.652
59.6222	6.04466	0.652
59.6192	6.04504	0.652
59.6165	6.04616	0.652
59.6141	6.04796	0.652
59.6123	6.05031	0.652
59.6112	6.05305	0.652
59.6331	6.05313	0.652
59.632	6.05039	0.652
59.6251	6.04506	0.692
59.6279	6.04621	0.692
59.6302	6.04802	0.692
59.632	6.05039	0.692
59.6331	6.05313	0.692
59.6112	6.05305	0.692
59.6123	6.05031	0.692
59.6141	6.04796	0.692
59.6165	6.04616	0.692
59.6192	6.04504	0.692
59.6222	6.04466	0.692
59.6044	6.10186	0.721493
59.6045	6.08396	0.718473
59.6045	6.09758	0.728917
59.6045	6.09003	0.712411
59.6044	6.11565	0.727203
59.6046	6.07352	0.704861
59.6045	6.08094	0.700575
59.6046	6.07523	0.686792
59.6046	6.06695	0.68901
59.6046	6.07329	0.672
59.6046	6.06472	0.672
59.6046	6.07523	0.657208
59.6046	6.06695	0.65499
59.6045	6.08094	0.643425
59.6046	6.07352	0.639139
59.6045	6.09003	0.631589
59.6045	6.08396	0.625527
59.6044	6.10186	0.622507
59.6045	6.09758	0.615083
59.6044	6.11565	0.616797
59.6044	6.11343	0.608517
59.6043	6.13044	0.61485
59.6043	6.13044	0.606278
59.6043	6.14523	0.616797
59.6043	6.14745	0.608517
59.6042	6.15901	0.622507
59.6042	6.1633	0.615083
59.6042	6.17085	0.631589
59.6041	6.17691	0.625527
59.6041	6.17993	0.643425
59.6041	6.18735	0.639139
59.6041	6.19392	0.65499
59.6041	6.18564	0.657208
59.6041	6.19616	0.672
59.6041	6.18759	0.672
59.6041	6.19392	0.68901
59.6041	6.18564	0.686792
59.6041	6.18735	0.704861
59.6041	6.17993	0.700575
59.6041	6.17691	0.718473
59.6042	6.17085	0.712411
59.6042	6.1633	0.728917
59.6042	6.15901	0.721493
59.6043	6.14745	0.735483
59.6043	6.14523	0.727203
59.6043	6.13044	0.737722
59.6043	6.13044	0.72915
59.6044	6.11343	0.735483
59.6395	6.09772	0.728917
59.6395	6.0841	0.718473
59.6394	6.102	0.721493
59.6394	6.11579	0.727203
59.6394	6.11357	0.735483
59.6395	6.09017	0.712411
59.6396	6.07366	0.704861
59.6395	6.08108	0.700575
59.6396	6.07537	0.686792
59.6396	6.06709	0.68901
59.6396	6.07343	0.672
59.6396	6.06485	0.672
59.6396	6.07537	0.657208
59.6396	6.06709	0.65499
59.6395	6.08108	0.643425
59.6396	6.07366	0.639139
59.6395	6.09017	0.631589
59.6395	6.0841	0.625527
59.6394	6.102	0.622507
59.6395	6.09772	0.615083
59.6394	6.11579	0.616797
59.6394	6.11357	0.608517
59.6393	6.13058	0.61485
59.6393	6.13058	0.606278
59.6393	6.14537	0.616797
59.6393	6.14759	0.608517
59.6392	6.15915	0.622507
59.6392	6.16344	0.615083
59.6392	6.17099	0.631589
59.6391	6.17705	0.625527
59.6391	6.18007	0.643425
59.6391	6.18749	0.639139
59.6391	6.19406	0.65499
59.6391	6.18578	0.657208
59.6391	6.1963	0.672
59.6391	6.18773	0.672
59.6391	6.19406	0.68901
59.6391	6.18578	0.686792
59.6391	6.18749	0.704861
59.6391	6.18007	0.700575
59.6391	6.17705	0.718473
59.6392	6.17099	0.712411
59.6392	6.16344	0.728917
59.6392	6.15915	0.721493
59.6393	6.14759	0.735483
59.6393	6.14537	0.727203
59.6393	6.13058	0.737722
59.6393	6.13058	0.72915
59.6706	6.21647	0.692
59.6914	6.21817	0.692
59.6896	6.24084	0.692
59.6687	6.23915	0.692
59.6658	6.23853	0.692
59.6632	6.23717	0.692
59.661	6.23518	0.692
59.6594	6.23269	0.692
59.6585	6.22986	0.692
59.6583	6.22689	0.692
59.6589	6.22399	0.692
59.6603	6.22135	0.692
59.6623	6.21915	0.692
59.6648	6.21753	0.692
59.6676	6.21662	0.692
59.6687	6.23915	0.652
59.6896	6.24084	0.652
59.6914	6.21817	0.652
59.6706	6.21647	0.652
59.6676	6.21662	0.652
59.6648	6.21753	0.652
59.6623	6.21915	0.652
59.6603	6.22135	0.652
59.6589	6.22399	0.652
59.6583	6.22689	0.652
59.6585	6.22986	0.652
59.6594	6.23269	0.652
59.661	6.23518	0.652
59.6632	6.23717	0.652
59.6658	6.23853	0.652
59.6887	6.21795	0.682162
59.6869	6.24062	0.682162
59.6878	6.21787	0.672
59.686	6.24055	0.672
59.6887	6.21795	0.661838
59.6869	6.24062	0.661838
59.7982	6.22681	0.652
59.819	6.2285	0.652
59.819	6.2285	0.692
59.7982	6.22681	0.692
59.8009	6.22703	0.682162
59.8018	6.2271	0.672
59.8009	6.22703	0.661838
59.8172	6.25118	0.652
59.7963	6.24949	0.652
59.799	6.24971	0.661838
59.7999	6.24978	0.672
59.799	6.24971	0.682162
59.7963	6.24949	0.692
59.8172	6.25118	0.692
59.8255	6.24851	0.652
59.8275	6.24631	0.652
59.8288	6.24366	0.652
59.8295	6.24076	0.652
59.8293	6.23779	0.652
59.8284	6.23497	0.652
59.8268	6.23247	0.652
59.8246	6.23048	0.652
59.8219	6.22913	0.652
59.8202	6.25103	0.652
59.823	6.25012	0.652
59.8288	6.24366	0.692
59.8275	6.24631	0.692
59.8255	6.24851	0.692
59.823	6.25012	0.692
59.8202	6.25103	0.692
59.8219	6.22913	0.692
59.8246	6.23048	0.692
59.8268	6.23247	0.692
59.8284	6.23497	0.692
59.8293	6.23779	0.692
59.8295	6.24076	0.692
59.7738	6.21869	0.721493
59.7916	6.22014	0.718473
59.7781	6.21904	0.728917
59.7856	6.21965	0.712411
59.76	6.21758	0.727203
59.802	6.22098	0.704861
59.7946	6.22038	0.700575
59.8003	6.22084	0.686792
59.8086	6.22151	0.68901
59.8023	6.221	0.672
59.8108	6.22169	0.672
59.8003	6.22084	0.657208
59.8086	6.22151	0.65499
59.7946	6.22038	0.643425
59.802	6.22098	0.639139
59.7856	6.21965	0.631589
59.7916	6.22014	0.625527
59.7738	6.21869	0.622507
59.7781	6.21904	0.615083
59.76	6.21758	0.616797
59.7623	6.21776	0.608517
59.7453	6.21638	0.61485
59.7453	6.21638	0.606278
59.7306	6.21519	0.616797
59.7283	6.21501	0.608517
59.7168	6.21408	0.622507
59.7125	6.21373	0.615083
59.705	6.21312	0.631589
59.699	6.21263	0.625527
59.696	6.21239	0.643425
59.6886	6.21179	0.639139
59.682	6.21126	0.65499
59.6903	6.21193	0.657208
59.6798	6.21108	0.672
59.6883	6.21177	0.672
59.682	6.21126	0.68901
59.6903	6.21193	0.686792
59.6886	6.21179	0.704861
59.696	6.21239	0.700575
59.699	6.21263	0.718473
59.705	6.21312	0.712411
59.7125	6.21373	0.728917
59.7168	6.21408	0.721493
59.7283	6.21501	0.735483
59.7306	6.21519	0.727203
59.7453	6.21638	0.737722
59.7453	6.21638	0.72915
59.7623	6.21776	0.735483
59.7752	6.25392	0.728917
59.7888	6.25502	0.718473
59.771	6.25358	0.721493
59.7572	6.25246	0.727203
59.7594	6.25264	0.735483
59.7828	6.25453	0.712411
59.7992	6.25587	0.704861
59.7918	6.25527	0.700575
59.7975	6.25573	0.686792
59.8057	6.2564	0.68901
59.7994	6.25588	0.672
59.808	6.25658	0.672
59.7975	6.25573	0.657208
59.8057	6.2564	0.65499
59.7918	6.25527	0.643425
59.7992	6.25587	0.639139
59.7828	6.25453	0.631589
59.7888	6.25502	0.625527
59.771	6.25358	0.622507
59.7752	6.25392	0.615083
59.7572	6.25246	0.616797
59.7594	6.25264	0.608517
59.7425	6.25127	0.61485
59.7425	6.25127	0.606278
59.7277	6.25007	0.616797
59.7255	6.2499	0.608517
59.714	6.24896	0.622507
59.7097	6.24862	0.615083
59.7022	6.24801	0.631589
59.6961	6.24752	0.625527
59.6931	6.24727	0.643425
59.6857	6.24667	0.639139
59.6792	6.24614	0.65499
59.6874	6.24681	0.657208
59.677	6.24596	0.672
59.6855	6.24665	0.672
59.6792	6.24614	0.68901
59.6874	6.24681	0.686792
59.6857	6.24667	0.704861
59.6931	6.24727	0.700575
59.6961	6.24752	0.718473
59.7022	6.24801	0.712411
59.7097	6.24862	0.728917
59.714	6.24896	0.721493
59.7255	6.2499	0.735483
59.7277	6.25007	0.727203
59.7425	6.25127	0.737722
59.7425	6.25127	0.72915
59.69	5.97726	0.692
59.7108	5.97895	0.692
59.709	6.00162	0.692
59.6881	5.99993	0.692
59.6852	5.99931	0.692
59.6826	5.99796	0.692
59.6804	5.99596	0.692
59.6788	5.99347	0.692
59.6778	5.99064	0.692
59.6777	5.98768	0.692
59.6783	5.98477	0.692
59.6797	5.98213	0.692
59.6817	5.97993	0.692
59.6842	5.97832	0.692
59.687	5.97741	0.692
59.6881	5.99993	0.652
59.709	6.00162	0.652
59.7108	5.97895	0.652
59.69	5.97726	0.652
59.687	5.97741	0.652
59.6842	5.97832	0.652
59.6817	5.97993	0.652
59.6797	5.98213	0.652
59.6783	5.98477	0.652
59.6777	5.98768	0.652
59.6778	5.99064	0.652
59.6788	5.99347	0.652
59.6804	5.99596	0.652
59.6826	5.99796	0.652
59.6852	5.99931	0.652
59.7081	5.97873	0.682162
59.7063	6.00141	0.682162
59.7072	5.97866	0.672
59.7054	6.00133	0.672
59.7081	5.97873	0.661838
59.7063	6.00141	0.661838
59.8175	5.9876	0.652
59.8384	5.98929	0.652
59.8384	5.98929	0.692
59.8175	5.9876	0.692
59.8202	5.98781	0.682162
59.8211	5.98789	0.672
59.8202	5.98781	0.661838
59.8366	6.01196	0.652
59.8157	6.01027	0.652
59.8184	6.01049	0.661838
59.8193	6.01056	0.672
59.8184	6.01049	0.682162
59.8157	6.01027	0.692
59.8366	6.01196	0.692
59.8449	6.00929	0.652
59.8469	6.00709	0.652
59.8482	6.00445	0.652
59.8488	6.00154	0.652
59.8487	5.99858	0.652
59.8478	5.99575	0.652
59.8462	5.99326	0.652
59.844	5.99127	0.652
59.8413	5.98991	0.652
59.8395	6.01181	0.652
59.8424	6.0109	0.652
59.8482	6.00445	0.692
59.8469	6.00709	0.692
59.8449	6.00929	0.692
59.8424	6.0109	0.692
59.8395	6.01181	0.692
59.8413	5.98991	0.692
59.844	5.99127	0.692
59.8462	5.99326	0.692
59.8478	5.99575	0.692
59.8487	5.99858	0.692
59.8488	6.00154	0.692
59.7932	5.97948	0.721493
59.811	5.98092	0.718473
59.7974	5.97982	0.728917
59.805	5.98043	0.712411
59.7794	5.97836	0.727203
59.8214	5.98176	0.704861
59.814	5.98116	0.700575
59.8197	5.98163	0.686792
59.828	5.98229	0.68901
59.8216	5.98178	0.672
59.8302	5.98248	0.672
59.8197	5.98163	0.657208
59.828	5.98229	0.65499
59.814	5.98116	0.643425
59.8214	5.98176	0.639139
59.805	5.98043	0.631589
59.811	5.98092	0.625527
59.7932	5.97948	0.622507
59.7974	5.97982	0.615083
59.7794	5.97836	0.616797
59.7816	5.97854	0.608517
59.7647	5.97717	0.61485
59.7647	5.97717	0.606278
59.7499	5.97597	0.616797
59.7477	5.97579	0.608517
59.7362	5.97486	0.622507
59.7319	5.97451	0.615083
59.7244	5.9739	0.631589
59.7184	5.97341	0.625527
59.7153	5.97317	0.643425
59.7079	5.97257	0.639139
59.7014	5.97204	0.65499
59.7097	5.97271	0.657208
59.6992	5.97186	0.672
59.7077	5.97255	0.672
59.7014	5.97204	0.68901
59.7097	5.97271	0.686792
59.7079	5.97257	0.704861
59.7153	5.97317	0.700575
59.7184	5.97341	0.718473
59.7244	5.9739	0.712411
59.7319	5.97451	0.728917
59.7362	5.97486	0.721493
59.7477	5.97579	0.735483
59.7499	5.97597	0.727203
59.7647	5.97717	0.737722
59.7647	5.97717	0.72915
59.7816	5.97854	0.735483
59.7946	6.01471	0.728917
59.8082	6.01581	0.718473
59.7903	6.01436	0.721493
59.7766	6.01325	0.727203
59.7788	6.01343	0.735483
59.8021	6.01532	0.712411
59.8186	6.01665	0.704861
59.8112	6.01605	0.700575
59.8169	6.01651	0.686792
59.8251	6.01718	0.68901
59.8188	6.01667	0.672
59.8274	6.01736	0.672
59.8169	6.01651	0.657208
59.8251	6.01718	0.65499
59.8112	6.01605	0.643425
59.8186	6.01665	0.639139
59.8021	6.01532	0.631589
59.8082	6.01581	0.625527
59.7903	6.01436	0.622507
59.7946	6.01471	0.615083
59.7766	6.01325	0.616797
59.7788	6.01343	0.608517
59.7619	6.01205	0.61485
59.7619	6.01205	0.606278
59.7471	6.01086	0.616797
59.7449	6.01068	0.608517
59.7334	6.00975	0.622507
59.7291	6.0094	0.615083
59.7216	6.00879	0.631589
59.7155	6.0083	0.625527
59.7125	6.00806	0.643425
59.7051	6.00746	0.639139
59.6986	6.00693	0.65499
59.7068	6.0076	0.657208
59.6963	6.00675	0.672
59.7049	6.00744	0.672
59.6986	6.00693	0.68901
59.7068	6.0076	0.686792
59.7051	6.00746	0.704861
59.7125	6.00806	0.700575
59.7155	6.0083	0.718473
59.7216	6.00879	0.712411
59.7291	6.0094	0.728917
59.7334	6.00975	0.721493
59.7449	6.01068	0.735483
59.7471	6.01086	0.727203
59.7619	6.01205	0.737722
59.7619	6.01205	0.72915
59.7918	5.99692	0.721493
59.778	5.99581	0.727203
59.7633	5.99461	0.72915
59.7485	5.99342	0.727203
59.7348	5.9923	0.721493
59.723	5.99135	0.712411
59.7139	5.99061	0.700575
59.7111	5.99038	0.693683
59.7082	5.99015	0.686792
59.7063	5.99	0.672
59.7082	5.99015	0.657208
59.7111	5.99038	0.650317
59.7139	5.99061	0.643425
59.723	5.99135	0.631589
59.7348	5.9923	0.622507
59.7485	5.99342	0.616797
59.7633	5.99461	0.61485
59.778	5.99581	0.616797
59.7918	5.99692	0.622507
59.8035	5.99787	0.631589
59.8126	5.99861	0.643425
59.8183	5.99907	0.657208
59.8202	5.99923	0.672
59.8183	5.99907	0.686792
59.8126	5.99861	0.700575
59.8035	5.99787	0.712411
59.7439	6.23383	0.72915
59.7586	6.23502	0.727203
59.7724	6.23613	0.721493
59.7842	6.23709	0.712411
59.7932	6.23782	0.700575
59.7989	6.23828	0.686792
59.8008	6.23844	0.672
59.7989	6.23828	0.657208
59.7932	6.23782	0.643425
59.7842	6.23709	0.631589
59.7724	6.23613	0.622507
59.7586	6.23502	0.616797
59.7439	6.23383	0.61485
59.7291	6.23263	0.616797
59.7223	6.23208	0.619652
59.7154	6.23152	0.622507
59.7095	6.23104	0.627048
59.7036	6.23056	0.631589
59.6991	6.2302	0.637507
59.6946	6.22983	0.643425
59.6917	6.2296	0.650317
59.6889	6.22937	0.657208
59.6884	6.22933	0.660906
59.6879	6.22929	0.664604
59.6869	6.22921	0.672
59.6879	6.22929	0.679396
59.6884	6.22933	0.683094
59.6889	6.22937	0.686792
59.6917	6.2296	0.693683
59.6946	6.22983	0.700575
59.6991	6.2302	0.706493
59.7036	6.23056	0.712411
59.7095	6.23104	0.716952
59.7154	6.23152	0.721493
59.7223	6.23208	0.724348
59.7291	6.23263	0.727203
59.6914	6.18685	0.660937
59.6909	6.18739	0.666469
59.6931	6.18534	0.655814
59.6947	6.18383	0.65069
59.6997	6.17929	0.641732
59.7058	6.1737	0.634196
59.7126	6.16739	0.628038
59.72	6.16058	0.62316
59.7004	6.07466	0.661426
59.703	6.07749	0.651486
59.6995	6.07367	0.672
59.707	6.08183	0.64261
59.7179	6.09363	0.628662
59.7242	6.10054	0.62359
59.7121	6.08732	0.63499
59.7309	6.10785	0.619721
59.7027	6.1765	0.637964
59.7278	6.15343	0.619467
59.7358	6.14607	0.616884
59.744	6.13858	0.615356
59.7522	6.13103	0.61485
59.6903	6.18793	0.672
59.745	6.12319	0.615385
59.7379	6.11544	0.617001
59.7522	6.13103	0.72915
59.744	6.13858	0.728644
59.7358	6.14607	0.727116
59.7278	6.15343	0.724533
59.7058	6.1737	0.709804
59.72	6.16058	0.72084
59.7126	6.16739	0.715962
59.703	6.07749	0.692514
59.745	6.12319	0.728615
59.7379	6.11544	0.726999
59.7309	6.10785	0.724279
59.6947	6.18383	0.69331
59.6914	6.18685	0.683063
59.6997	6.17929	0.702268
59.7027	6.1765	0.706036
59.6931	6.18534	0.688186
59.6909	6.18739	0.677531
59.7179	6.09363	0.715338
59.7121	6.08732	0.70901
59.7242	6.10054	0.72041
59.707	6.08183	0.70139
59.7004	6.07466	0.682574
59.6222	6.13051	0.72915
59.6222	6.1453	0.727203
59.6221	6.15908	0.721493
59.6221	6.17092	0.712411
59.622	6.18	0.700575
59.622	6.18571	0.686792
59.622	6.18766	0.672
59.622	6.18571	0.657208
59.622	6.18	0.643425
59.6221	6.17092	0.631589
59.6221	6.15908	0.622507
59.6222	6.1453	0.616797
59.6222	6.13051	0.61485
59.6223	6.11572	0.616797
59.6223	6.10193	0.622507
59.6224	6.0901	0.631589
59.6224	6.08102	0.643425
59.6224	6.07531	0.657208
59.6224	6.07336	0.672
59.6224	6.07531	0.686792
59.6224	6.08102	0.700575
59.6224	6.0901	0.712411
59.6223	6.10193	0.721493
59.6223	6.11572	0.727203

#	Triangle	856
3	1	2	3	0	1	48	38	49	48	39	38	170	168	169	170	179	180	170	178	179	234	216	207	237	216	236	238	216	237	338	336	337	338	347	348	338	346	347	402	384	375	405	384	404	406	384	405
4	0	3	49	38	66
4	14	0	49	66	65
5	14	4	65	66	67
5	13	14	65	67	64
6	13	5	64	67	68
6	12	13	64	68	63
7	12	6	63	68	69
7	11	12	63	69	62
8	11	7	62	69	70
8	10	11	62	70	61
9	10	8	61	70	71
17	15	16	18	15	17	37	44	43	36	44	37	187	184	185	190	184	189	191	184	190	212	205	204	212	223	224	212	222	223	355	352	353	358	352	357	359	352	358	380	373	372	380	391	392	380	390	391
18	29	15	37	43	58
19	29	18	58	43	59
19	28	29	58	59	57
20	28	19	57	59	60
20	27	28	57	60	56
21	27	20	56	60	50
21	26	27	56	50	55
22	26	21	55	50	51
22	25	26	55	51	54
23	25	22	54	51	52
23	24	25	54	52	53
2	30	31	1	30	2
30	33	31
32	33	30
33	34	35
32	34	33
34	16	35	17	16	34
0	19	18	14	19	0
14	20	19	13	20	14
22	12	11	21	12	22
20	12	21	13	12	20
23	11	10	22	11	23
24	10	9	23	10	24
8	26	25	7	26	8
7	27	26	6	27	7
29	5	4	28	5	29
27	5	28	6	5	27
15	4	3	29	4	15
8	24	9	25	24	8
31	3	2
31	15	3
33	15	31
35	15	33
16	15	35
18	1	0
18	30	1
18	32	30
18	34	32
18	17	34
40	38	39
40	37	38
41	37	40
42	37	41
36	37	42
43	48	49
43	47	48
43	46	47
43	45	46
43	44	45
44	42	45	36	42	44
42	46	45	41	46	42
46	40	47	41	40	46
40	48	47	39	48	40
49	59	43	65	59	49
65	60	59	64	60	65
51	63	62	50	63	51
60	63	50	64	63	60
52	62	61	51	62	52
53	61	71	52	61	53
70	55	54	69	55	70
69	56	55	68	56	69
58	67	66	57	67	58
56	67	57	68	67	56
37	66	38	58	66	37
70	53	71	54	53	70
74	72	73
72	75	73
74	76	72
77	73	75
78	77	75
79	77	78
79	80	77
79	81	80
81	82	80
83	82	81
83	84	82
85	84	83
85	86	84
87	86	85
86	87	88
88	87	89
88	89	90
89	91	90
92	90	91
91	93	92
93	94	92	119	117	118
93	95	94	117	116	118
95	96	94
95	97	96
98	96	97
98	97	99
99	100	98
101	100	99
102	100	101
103	102	101
104	103	101
104	105	103
106	105	104
107	105	106
107	106	108
108	109	107
110	109	108
110	111	109
110	112	111
111	112	113
112	114	113
114	115	113
115	114	116
117	115	116
119	118	76
76	74	119
122	120	121
123	120	122
120	123	124
125	122	121
121	126	125
126	127	125
126	128	127
129	128	126
130	128	129
131	130	129
131	132	130
133	132	131
133	134	132
135	134	133
135	136	134
136	135	137
136	137	138
138	137	139
140	138	139
139	141	140
142	140	141
143	142	141	166	124	167
144	142	143	165	166	167
145	144	143
146	144	145
145	147	146
146	147	148
149	148	147
149	150	148
149	151	150
151	152	150
152	153	150
154	153	152
154	155	153
154	156	155
155	156	157
158	157	156
158	159	157
160	159	158
161	159	160
161	160	162
163	161	162
164	163	162
163	164	165
164	166	165
167	124	123
154	103	105	152	103	154
152	102	103	151	102	152
98	149	147	100	149	98
102	149	100	151	149	102
96	147	145	98	147	96
94	145	143	96	145	94
141	90	92	139	90	141
139	88	90	137	88	139
84	135	133
86	135	84
88	135	86
137	135	88
82	133	131
84	133	82
141	94	143	92	94	141
131	80	82
129	80	131
129	77	80
126	77	129
74	121	120	73	121	74
77	121	73
126	121	77
119	120	124	74	120	119
117	124	166	119	124	117
113	160	111	162	160	113
115	162	113	164	162	115
156	109	158	107	109	156
160	109	111	158	109	160
154	107	156	105	107	154
166	115	117	164	115	166
108	155	157
106	155	108
110	157	159
108	157	110
163	112	161
114	112	163
159	112	110	161	112	159
165	114	163
116	114	165
118	165	167	116	165	118
76	167	123
118	167	76
72	123	122
76	123	72
127	75	125	78	75	127
122	75	72	125	75	122
128	78	127	79	78	128
79	130	81	128	130	79
83	130	132	81	130	83
85	132	134	83	132	85
138	87	136	89	87	138
134	87	85	136	87	134
140	89	138
91	89	140
93	140	142
91	140	93
95	142	144	93	142	95
97	144	146
95	144	97
150	99	148	101	99	150
146	99	97
148	99	146
153	101	150
104	101	153
106	153	155
104	153	106
170	182	168	338	350	336
170	181	182	235	216	234	338	349	350	403	384	402
170	180	181	236	216	235	338	348	349	404	384	403
170	177	178	239	216	238	338	345	346	407	384	406
170	176	177	229	216	239	338	344	345	397	384	407
170	175	176	230	216	229	338	343	344	398	384	397
170	174	175	231	216	230	338	342	343	399	384	398
170	173	174	232	216	231	338	341	342	400	384	399
170	172	173	233	216	232	338	340	341	401	384	400
170	171	172	234	207	206	217	216	233	338	339	340	402	375	374	385	384	401
187	185	186	183	184	197	212	211	227	355	353	354	351	352	365	380	379	395
188	184	187	212	225	226	356	352	355	380	393	394
189	184	188	212	224	225	357	352	356	380	392	393
192	184	191	212	221	222	360	352	359	380	389	390
193	184	192	212	220	221	361	352	360	380	388	389
194	184	193	212	219	220	362	352	361	380	387	388
195	184	194	212	218	219	363	352	362	380	386	387
196	184	195	212	228	218	364	352	363	380	396	386
197	184	196	212	227	228	365	352	364	380	395	396
170	198	199	169	198	170
198	201	199	200	201	198	368	369	366
201	202	203	200	202	201	368	370	369
202	184	203	185	184	202
168	187	186	182	187	168
182	188	187	181	188	182
190	180	179	189	180	190	358	348	347	357	348	358
188	180	189	181	180	188
191	179	178	190	179	191
192	178	177	191	178	192
176	194	193	175	194	176	344	362	361	343	362	344
175	195	194	174	195	175	343	363	362	342	363	343
197	173	172	196	173	197	365	341	340	364	341	365
195	173	196	174	173	195	363	341	364	342	341	363
183	172	171	197	172	183
176	192	177	193	192	176	344	360	345	361	360	344
199	171	170
199	183	171
201	183	199
203	183	201
184	183	203
186	169	168	354	337	336
186	198	169	354	366	337
186	200	198	354	368	366
186	202	200	354	370	368
186	185	202	354	353	370	376	374	375
208	206	207
208	205	206
209	205	208
210	205	209
204	205	210
211	216	217	379	384	385
211	215	216	379	383	384
211	214	215	379	382	383
211	213	214	379	381	382
211	212	213	379	380	381
212	210	213
204	210	212
210	214	213
209	214	210
214	208	215
209	208	214
208	216	215
207	216	208
212	226	205	380	394	373
217	227	211	233	227	217
233	228	227	232	228	233
219	231	230	218	231	219	387	399	398	386	399	387
228	231	218	232	231	228
220	230	229	219	230	220
221	229	239	220	229	221
238	223	222	237	223	238
237	224	223	236	224	237	405	392	391	404	392	405
226	235	234	225	235	226	394	403	402	393	403	394
224	235	225	236	235	224	392	403	393	404	403	392
205	234	206	226	234	205
238	221	239	222	221	238	406	389	407	390	389	406
242	240	241
240	243	241	245	241	243
242	244	240
246	245	243	414	413	411
247	245	246
247	248	245
247	249	248
249	250	248
251	250	249	419	418	417
251	252	250
253	252	251
253	254	252	421	422	420
255	254	253	423	422	421
254	255	256	256	255	257
256	257	258
257	259	258
260	258	259
259	261	260
261	262	260	287	285	286
261	263	262	285	284	286
263	264	262
263	265	264
266	264	265
266	265	267	434	433	435
267	268	266
269	268	267
270	268	269
271	270	269	439	438	437
272	271	269
272	273	271
274	273	272	442	441	440
275	273	274
275	274	276
276	277	275
278	277	276
278	279	277
278	280	279
279	280	281
280	282	281	448	450	449
282	283	281
283	282	284
285	283	284
287	286	244
244	242	287
290	288	289
291	288	290
288	291	292
293	290	289
289	294	293
294	295	293
294	296	295	303	302	301
297	296	294	494	493	492
298	296	297
299	298	297
299	300	298	467	468	466
301	300	299
301	302	300
303	304	302
304	303	305
304	305	306
306	305	307
308	306	307
307	309	308
310	308	309
311	310	309	334	292	335
312	310	311	333	334	335
313	312	311
314	312	313	482	480	481
313	315	314
314	315	316
317	316	315
317	318	316
317	319	318
319	320	318	487	488	486
320	321	318
322	321	320
322	323	321	490	491	489
322	324	323
323	324	325	466	464	465
326	325	324
326	327	325
328	327	326
329	327	328
329	328	330
331	329	330
332	331	330
331	332	333	499	500	501
332	334	333
335	292	291
322	271	273
320	271	322
320	270	271	319	270	320	488	438	439	487	438	488
266	317	315
268	317	266
270	317	268	319	317	270
264	315	313	432	483	481
266	315	264
262	313	311	430	481	479
264	313	262	432	481	430
309	258	260	477	426	428
307	258	309
307	256	258	305	256	307
252	303	301	420	471	469
254	303	252	422	471	420
256	303	254	305	303	256
250	301	299
252	301	250
309	262	311	477	430	479
260	262	309
299	248	250
297	248	299
297	245	248	465	413	416
294	245	297	462	413	465
242	289	288	241	289	242
245	289	241	294	289	245
287	288	292
242	288	287
285	292	334	261	310	263	453	460	502
287	292	285
281	328	279
330	328	281
283	330	281
332	330	283	500	498	451
324	277	326	275	277	324	492	445	494	443	445	492
328	277	279	326	277	328
322	275	324
273	275	322
334	283	285	502	451	453	429	476	478	427	476	429
332	283	334
276	323	325	444	491	493
274	323	276	442	491	444
278	325	327	276	325	278
331	280	329
282	280	331
327	280	278	495	448	446
329	280	327	497	448	495
333	282	331
284	282	333
286	333	335	454	501	503
284	333	286	452	501	454
244	335	291	286	335	244
240	291	290
244	291	240
295	243	293
246	243	295
290	243	240	293	243	290	436	485	434	461	411	458
296	246	295
247	246	296
247	298	249	296	298	247	415	466	417	464	466	415
251	298	300	249	298	251	419	466	468	417	466	419
253	300	302
251	300	253
306	255	304	257	255	306	449	496	447	474	423	472
302	255	253
304	255	302
308	257	306
259	257	308
261	308	310	259	308	261
263	310	312
265	312	314
263	312	265
318	267	316	486	435	484
269	267	318	437	435	486
314	267	265
316	267	314
321	269	318	272	269	321
274	321	323	442	489	491
272	321	274	440	489	442
338	366	367	337	366	338
366	369	367
369	370	371
370	352	371	353	352	370
336	355	354	350	355	336
350	356	355	349	356	350
356	348	357	349	348	356
359	347	346	358	347	359
360	346	345	359	346	360
351	340	339	365	340	351
367	339	338
367	351	339
369	351	367
371	351	369
352	351	371
376	373	374
377	373	376
378	373	377
372	373	378
380	378	381
372	378	380
378	382	381
377	382	378
382	376	383
377	376	382
376	384	383
375	384	376
385	395	379	401	395	385
401	396	395	400	396	401
396	399	386	400	399	396
388	398	397	387	398	388
389	397	407	388	397	389
406	391	390	405	391	406
373	402	374	394	402	373
410	408	409
408	411	409
410	412	408
413	409	411
415	413	414
415	416	413
415	417	416
417	418	416
419	420	418
421	420	419
422	423	424
424	423	425
424	425	426
425	427	426
428	426	427
427	429	428
429	430	428	455	453	454
429	431	430	453	452	454
431	432	430
431	433	432
434	432	433
435	436	434
437	436	435
438	436	437
440	439	437
440	441	439
443	441	442
443	442	444
444	445	443
446	445	444
446	447	445
446	448	447
447	448	449
450	451	449
451	450	452
453	451	452
455	454	412
412	410	455
458	456	457
459	456	458
456	459	460
461	458	457
457	462	461
462	463	461
462	464	463
465	464	462
467	466	465
469	468	467
469	470	468
471	470	469
471	472	470
472	471	473
472	473	474
474	473	475
476	474	475
475	477	476
478	476	477
479	478	477	502	460	503
480	478	479	501	502	503
481	480	479
481	483	482
482	483	484
485	484	483
485	486	484
485	487	486
488	489	486
490	489	488
490	492	491
491	492	493
494	495	493
496	495	494
497	495	496
497	496	498
499	497	498
500	499	498
500	502	501
503	460	459
490	439	441
488	439	490
434	485	483
438	485	436	487	485	438
434	483	432
475	426	477
475	424	426	473	424	475
424	471	422	473	471	424
418	469	467
420	469	418
428	430	477
467	416	418
465	416	467
410	457	456	409	457	410
413	457	409	462	457	413
455	456	460
410	456	455
455	460	453
498	496	449
451	498	449
496	445	447	494	445	496
490	443	492
441	443	490
500	451	502
446	493	495	444	493	446
499	448	497	450	448	499
501	450	499	452	450	501
412	503	459	454	503	412
408	459	458	412	459	408
463	411	461	414	411	463
458	411	408
464	414	463	415	414	464
421	468	470	419	468	421
425	423	474
470	423	421	472	423	470
476	425	474	427	425	476
431	478	480
429	478	431
433	480	482	431	480	433
482	435	433	484	435	482
489	437	486	440	437	489
507	505	506	520	521	519
508	505	507
508	504	505
509	504	508	518	522	523
509	529	504	510	529	509	518	523	517
510	528	529
511	528	510
511	527	528
512	527	511
513	527	512	514	525	526
513	526	527	514	526	513
515	525	514
515	524	525
516	524	515
517	524	516
517	523	524
519	522	518
519	521	522
531	565	530	542	543	541
532	565	531
532	564	565
532	563	564
533	563	532	540	546	547	540	545	546
533	562	563	533	561	562	539	548	549	539	547	548	540	547	539
534	561	533
534	560	561	534	559	560
535	559	534
535	558	559
535	557	558
536	557	535
536	556	557
536	555	556
536	554	555
537	554	536
537	553	554
537	552	553
537	551	552
538	551	537
538	550	551
538	549	550
539	549	538
541	545	540
541	544	545	541	543	544
553	551	566
552	551	553	570	571	582	555	557	556	566	587	567	569	566	568	571	570	582	587	602	606	602	601	605	603	594	604
567	554	553
551	568	566
569	550	549
570	549	548
547	571	548
569	549	570
567	553	566
547	572	571
546	573	572
573	546	545
514	574	575
513	576	574
513	574	514
515	514	575
515	577	516
518	578	579
517	580	578
580	517	516
518	517	578
577	580	516
581	518	579
548	571	570
544	583	545
584	544	543
542	585	543
569	568	550
584	583	544
543	585	584
551	550	568
586	585	542
546	572	547
538	523	539	524	523	538
537	524	538
525	524	537
540	521	541
522	521	540
539	522	540	523	522	539
586	521	520
586	541	521
542	541	586
536	525	537	526	525	536
587	554	567
520	588	586
519	589	588
581	589	519
520	519	588
518	581	519
575	577	515
545	583	573
534	529	528	533	529	534
536	527	526	535	527	536
527	534	528
535	534	527
532	529	533	504	529	532
531	506	505
531	590	506
531	530	590
565	591	530
593	592	564
565	592	591
564	592	565
560	594	561
593	564	563
504	531	505
532	531	504
590	530	591
596	595	562
511	597	512
507	598	599
506	590	598
506	598	507
600	507	599
508	507	600
558	601	559
602	557	555
561	596	562
559	603	560
604	560	603
594	560	604
562	595	563
561	594	596
605	557	602
605	558	557
606	554	587
605	601	558
606	602	555
603	559	601
509	607	608
508	609	607
508	607	509
608	510	509
610	510	608
555	554	606
609	508	600
513	611	576
512	597	611
610	511	510
513	512	611
597	511	610
563	595	593
613	635	612	624	625	623
614	635	613	623	625	626
614	634	635	623	626	622
615	634	614	622	626	627
615	633	634	622	627	621
616	633	615
616	632	633
617	632	616
617	631	632
618	631	617	619	629	630
618	630	631	619	630	618
620	629	619
620	628	629
621	628	620
621	627	628
574	630	629
630	574	576
575	574	629
578	627	626
627	580	628
628	575	629
625	581	626
628	577	575
627	578	580
580	577	628
626	581	579
625	588	589
588	624	586
589	581	625
579	578	626
624	588	625
623	622	583
624	623	585
621	572	622
618	566	619
571	621	620
620	619	569
618	587	566
622	573	583
623	584	585
623	583	584
619	566	569
621	571	572
620	570	571
620	569	570
572	573	622
586	624	585
602	618	617
618	602	587
617	601	602
596	615	614
615	594	616
616	601	617
613	593	614
616	603	601
615	596	594
616	594	603
614	593	595
613	591	592
591	612	590
592	593	613
595	596	614
612	591	613
635	634	600
612	635	598
633	607	634
630	611	631
608	633	632
632	631	597
611	630	576
634	609	600
635	599	598
635	600	599
631	611	597
633	608	607
632	610	608
632	597	610
607	609	634
590	612	598

#	Normal	856
-0	0	1
-0	0	6.69754e-005
0	-0	6.4694e-005
-0	0	6.02784e-005
0	-0	5.40363e-005
-0	0	4.6409e-005
0	-0	3.79007e-005
-0	0	2.90791e-005
0	-0	2.05606e-005
-0	0	1.29271e-005
0	-0	6.69051e-006
-0	0	2.2823e-006
-0	0	-1
-0	0	-6.69754e-005
0	-0	-6.4694e-005
-0	0	-6.02784e-005
0	-0	-5.40363e-005
-0	0	-4.6409e-005
0	-0	-3.79007e-005
-0	0	-2.90791e-005
0	-0	-2.05606e-005
-0	0	-1.29271e-005
0	-0	-6.69051e-006
-0	0	-2.2823e-006
0.00382871	-0.964256	-0.264945
0.00395474	-0.995997	-0.089304
0.00397614	-0.996001	-0.0892565
0.00395474	-0.995997	0.089304
0.00397614	-0.996001	0.0892565
0.00382871	-0.964256	0.264945
-0.991829	0.127575	-0
-0.925429	0.378921	-0
-0.612037	0.790829	-0
-0.796035	0.60525	-0
-0.386015	0.922493	-0
-0.134555	0.990906	-0
0.379235	0.9253	0
0.605563	0.795798	0
0.922204	0.386704	-0
0.791032	0.611775	-0
0.990956	0.134189	-0
0.126625	0.991951	0
0.999992	0.00410463	-6.3357e-005
0.999992	0.00407045	0
0.999992	0.0040327	-2.28196e-005
0.999992	0.00408045	1.85382e-005
0.999992	0.00410463	6.3357e-005
-0.999992	-0.00410473	0
-9.78453e-005	-3.76709e-007	1.30444e-008
-0.999992	-0.00403245	2.30357e-005
-0.999992	-0.00408066	-1.87159e-005
-0.999992	-0.00410473	-6.33307e-005
-0.999992	-0.00391815	-0.000114595
-0.999993	-0.00385632	-0
-0.999993	-0.00378093	-4.5576e-005
-0.999992	-0.0038763	3.70291e-005
-0.999992	-0.00391815	0.000114595
0.999992	0.00391815	-0
9.78453e-005	3.38279e-007	2.36034e-008
0.999993	0.00378093	4.5576e-005
0.999992	0.0038763	-3.70291e-005
0.999992	0.00391815	-0.000114595
-0.00384941	0.964256	0.264945
-0.00397614	0.996001	0.0892565
-0.00397614	0.996001	-0.0892565
-0.00384941	0.964256	-0.264945
0.991995	-0.126281	-0
0.925453	-0.378863	-0
0.611401	-0.791321	-0
0.795975	-0.605329	-0
0.386483	-0.922297	-0
0.134555	-0.990906	-0
-0.378774	-0.925489	-0
-0.606197	-0.795315	-0
-0.922672	-0.385585	0
-0.790395	-0.612597	0
-0.99078	-0.13548	0
-0.126625	-0.991951	-0
-0.999992	-0.00390346	-0.000148959
-0.999992	-0.00391964	-5.30692e-005
-0.999992	-0.00390537	-0.000150058
-0.999992	-0.00397402	-0.000107442
-0.999992	-0.00410548	0.000179967
-0.999991	-0.00418923	3.48979e-005
-0.999993	-0.00375358	7.62312e-005
-0.999993	-0.00378211	-3.02651e-005
-0.999992	-0.00410113	-0.000149038
-0.999992	-0.00410113	-1.17331e-005
-0.999993	-0.00382372	0.000185556
-0.999993	-0.00380707	0.000123406
-0.999992	-0.00408589	-0.000213887
-0.999992	-0.00410548	-0.000179967
-0.999992	-0.00397402	0.000107442
-0.999992	-0.00391964	5.30692e-005
-0.999992	-0.00390346	0.000148959
-0.999992	-0.00390537	0.000150058
-0.999992	-0.00390078	0.000101736
-0.999991	-0.0042015	0.000182315
-0.999991	-0.00413362	-0
-0.999992	-0.00396128	-0
-0.999992	-0.00389082	-9.90681e-005
-0.999992	-0.00392292	-0.000107669
-0.999992	-0.00388551	-0.000138596
-0.999993	-0.00386369	-0.000125995
-0.999992	-0.00395212	-8.5545e-005
-0.999993	-0.00386847	-1.89534e-006
-0.999991	-0.00418011	5.06993e-005
-0.999992	-0.00408589	0.000213887
-0.999993	-0.00380707	-0.000123406
-0.999993	-0.00382372	-0.000185556
-0.999992	-0.00410113	1.17331e-005
-0.999992	-0.00410113	0.000149038
-0.999993	-0.00378211	3.02651e-005
-0.999993	-0.00375358	-7.62312e-005
-0.999991	-0.00418923	-3.48979e-005
-0.999991	-0.00418011	-5.06993e-005
-0.999993	-0.00386847	1.89534e-006
-0.999992	-0.00395212	8.5545e-005
-0.999993	-0.00386369	0.000125995
-0.999992	-0.00388551	0.000138596
-0.999992	-0.00392292	0.000107669
-0.999992	-0.00389082	9.90681e-005
-0.999991	-0.0042015	-0.000182315
-0.999992	-0.00390078	-0.000101736
0.999992	0.00390346	0.000148959
0.999991	0.00413418	0.000282165
0.999992	0.00407675	-0.000323096
0.999992	0.00391964	5.30692e-005
0.999993	0.00381156	-5.50146e-005
0.999993	0.00374068	9.99522e-005
0.999993	0.00376442	0.000141074
0.999993	0.00381304	0.000145688
0.999993	0.00378211	3.02651e-005
0.999993	0.00364545	-2.06147e-005
0.999993	0.00364545	-4.82563e-005
0.999993	0.00376429	3.62585e-005
0.999993	0.00380707	-0.000123406
0.999993	0.00377595	-0.00016105
0.999993	0.00374068	-9.99522e-005
0.999993	0.00381156	5.50146e-005
0.999992	0.00391964	-5.30692e-005
0.999992	0.00390346	-0.000148959
0.999991	0.00413418	-0.000282165
0.999992	0.00407675	0.000323096
0.999992	0.0040063	0.000341968
0.999991	0.00413362	-0
0.999992	0.00396128	-0
0.999992	0.00389082	9.90681e-005
0.999992	0.00392305	0.000107703
0.999992	0.00388543	0.000138803
0.999993	0.00386344	0.000126107
0.999992	0.00395212	8.5545e-005
0.999993	0.00386847	1.89534e-006
0.999991	0.00418011	-5.06993e-005
0.999992	0.00408589	-0.000213887
0.999993	0.0038069	0.000123611
0.999993	0.00382351	0.000185585
0.999992	0.00410113	-1.18685e-005
0.999992	0.00410113	-0.000149038
0.999993	0.00378186	-3.01729e-005
0.999993	0.00375338	7.61487e-005
0.999991	0.0041893	3.47782e-005
0.999991	0.00418011	5.06993e-005
0.999993	0.00386847	-1.89534e-006
0.999992	0.00395212	-8.5545e-005
0.999993	0.00386344	-0.000126107
0.999992	0.00388543	-0.000138803
0.999992	0.00392305	-0.000107703
0.999992	0.00389082	-9.90681e-005
0.999992	0.0040063	-0.000341968
-0.00395579	0.991438	-0.130517
-0.00368619	0.923867	-0.382696
-0.00242893	0.60876	-0.793351
-0.00316543	0.79335	-0.608758
-0.00152686	0.382675	-0.923882
-0.000520785	0.130524	-0.991445
0.00152686	-0.382675	-0.923882
0.00242893	-0.60876	-0.793351
0.00368623	-0.923877	-0.382673
0.00367371	-0.923867	-0.382696
0.00315472	-0.79335	-0.608758
0.00316538	-0.793337	-0.608775
0.00395624	-0.991438	-0.130516
0.00395579	-0.991438	-0.130517
0.0005208	-0.130528	-0.991445
0.00395624	-0.991438	0.130517
0.00395579	-0.991438	0.130516
0.00368619	-0.923867	0.382696
0.00367375	-0.923877	0.382673
0.00242893	-0.60876	0.793351
0.00316543	-0.79335	0.608758
0.00315466	-0.793337	0.608775
0.00152686	-0.382675	0.923882
0.0005208	-0.130528	0.991445
-0.00242893	0.60876	0.793351
-0.00152686	0.382675	0.923882
-0.00368619	0.923867	0.382696
-0.00316543	0.79335	0.608758
-0.00395579	0.991438	0.130517
-0.000520785	0.130524	0.991445
0.00394194	-0.991433	-0.130555
0.00395579	-0.991437	-0.130522
0.00368624	-0.923879	-0.382667
0.0036733	-0.923867	-0.382695
0.00242887	-0.608745	-0.793362
0.00242044	-0.608761	-0.79335
0.00316543	-0.793349	-0.608758
0.00152155	-0.382684	-0.923878
0.00152684	-0.382672	-0.923883
0.000520798	-0.130527	-0.991445
-0.000519035	0.130527	-0.991445
-0.000520815	0.130531	-0.991444
-0.00152689	0.382683	-0.923878
-0.00152168	0.382672	-0.923883
-0.00316543	0.793349	-0.608758
-0.00242893	0.608761	-0.79335
-0.00368619	0.923867	-0.382695
-0.00395579	0.991437	-0.130522
-0.00395579	0.991437	0.130522
-0.00368619	0.923867	0.382695
-0.00242893	0.608761	0.79335
-0.00316543	0.793349	0.608758
-0.00152689	0.382683	0.923878
-0.00152168	0.382672	0.923883
-0.000520798	0.130527	0.991445
-0.000519052	0.130532	0.991444
0.000520798	-0.130527	0.991445
0.00152155	-0.382684	0.923878
0.00152684	-0.382672	0.923883
0.00316543	-0.793349	0.608758
0.00242044	-0.608761	0.79335
0.00242887	-0.608745	0.793362
0.00368624	-0.923879	0.382667
0.0036733	-0.923867	0.382695
0.00395577	-0.991433	0.130555
0.00394196	-0.991438	0.130522
0	-0	7.50777e-005
0	-0	8.85215e-005
0	-0	9.80978e-005
0	-0	9.95592e-005
0	-0	9.07274e-005
0	-0	7.80139e-005
0	-0	6.22423e-005
0	-0	4.45386e-005
0	-0	2.60764e-005
0	-0	8.10738e-006
0	-0	-8.12097e-006
0	-0	-8.85215e-005
0	-0	-9.80978e-005
0	-0	-9.95592e-005
0	-0	-9.07274e-005
0	-0	-7.80139e-005
0	-0	-6.22423e-005
0	-0	-4.45386e-005
0	-0	-2.60764e-005
0.961094	0.0778147	-0.265035
0.992772	0.0803795	-0.0891196
0.992772	0.0803795	0.0891196
0.961094	0.0778147	0.265035
-0.0501673	-0.998741	-0
-0.306499	-0.951871	-0
-0.741575	-0.67087	0
-0.543067	-0.839689	0
-0.889776	-0.456397	0
-0.977605	-0.21045	0
-0.951857	0.306541	-0
-0.839658	0.543115	-0
-0.456273	0.88984	-0
-0.670707	0.741723	-0
-0.209933	0.977716	-0
-0.99875	0.0499868	-0
-0.0807676	0.996733	1.47798e-005
-0.0807756	0.996732	-0
-0.080721	0.996737	-3.31099e-005
-0.0807901	0.996731	2.69095e-005
-0.0807676	0.996733	-1.47798e-005
0.0807676	-0.996733	-0
7.90491e-006	-9.74804e-005	-3.04413e-009
0.080721	-0.996737	3.31099e-005
0.0807901	-0.996731	-2.69095e-005
0.0807676	-0.996733	1.47798e-005
0.0807445	-0.996735	8.39004e-006
0.080749	-0.996734	-0
0.0807825	-0.996732	2.03009e-005
0.0807401	-0.996735	-1.64993e-005
0.0807445	-0.996735	-8.39004e-006
-0.0807676	0.996733	-0
-7.90491e-006	9.76367e-005	3.56102e-009
-0.0807608	0.996734	-1.51123e-006
-0.0807577	0.996734	1.22713e-006
-0.0807676	0.996733	-1.72894e-005
-0.961178	-0.0779887	0.26468
-0.961094	-0.0778163	0.265035
-0.992725	-0.0805484	0.0894981
-0.992773	-0.0803795	0.0891157
-0.992725	-0.0805484	-0.0894981
-0.992773	-0.0803795	-0.0891157
-0.961178	-0.0779887	-0.26468
-0.961094	-0.0778163	-0.265035
0	-0	-7.50837e-005
0.0500032	0.998749	0
0.306647	0.951823	0
0.741575	0.67087	-0
0.542951	0.839764	-0
0.889811	0.45633	-0
0.977597	0.210484	-0
0.951473	-0.307733	-0
0.840258	-0.542187	-0
0.455739	-0.890113	-0
0.670707	-0.741723	-0
0.21036	-0.977624	-0
0.99875	-0.0499868	-0
0.0807734	-0.996732	2.63495e-005
0.0807664	-0.996733	-1.54669e-005
0.0807612	-0.996733	3.34205e-005
0.0807763	-0.996732	7.34191e-006
0.0807696	-0.996733	1.89553e-005
0.0807761	-0.996732	1.83365e-005
0.080779	-0.996732	7.58069e-006
0.0807822	-0.996732	6.38423e-006
0.0807822	-0.996732	-8.00385e-006
0.0807794	-0.996732	-6.01661e-006
0.0807753	-0.996732	-2.13281e-005
0.0807712	-0.996733	-1.62728e-005
0.0807763	-0.996732	-7.34191e-006
0.0807661	-0.996733	1.51509e-005
0.0807734	-0.996732	-2.63495e-005
0.0807612	-0.996733	-3.34205e-005
0.0807675	-0.996733	3.30399e-005
0.0807467	-0.996735	2.74373e-005
0.0807365	-0.996735	-0
0.0807831	-0.996732	-0
0.0807836	-0.996732	7.32557e-007
0.0807401	-0.996735	1.24103e-005
0.0807336	-0.996736	6.94465e-006
0.0807682	-0.996733	-1.31161e-005
0.0807846	-0.996732	-5.55876e-006
0.0807587	-0.996734	2.04531e-005
0.0807679	-0.996733	2.20036e-005
0.0807804	-0.996732	2.0932e-007
0.0807653	-0.996733	-1.81622e-005
0.0807621	-0.996733	-6.33304e-006
0.0807455	-0.996735	-1.81659e-005
0.0807455	-0.996735	8.52588e-006
0.0807646	-0.996733	1.56509e-005
0.0807624	-0.996733	7.28844e-006
0.080786	-0.996731	9.53782e-006
0.0807679	-0.996733	-2.20036e-005
0.0807587	-0.996734	-2.04531e-005
0.0807846	-0.996732	5.55876e-006
0.0807682	-0.996733	1.31161e-005
0.0807336	-0.996736	-6.94465e-006
0.0807401	-0.996735	-1.24103e-005
0.0807836	-0.996732	-7.32557e-007
0.0807467	-0.996735	-2.74373e-005
0.0807675	-0.996733	-3.30399e-005
-0.0807509	0.996734	3.09984e-006
-0.0807654	0.996733	1.15368e-005
-0.0807638	0.996733	-6.05572e-006
-0.0807439	0.996735	4.49136e-005
-0.0807367	0.996735	3.77458e-005
-0.0807657	0.996733	-2.58137e-005
-0.0807803	0.996732	-4.81468e-007
-0.0807809	0.996732	-4.18546e-007
-0.080779	0.996732	-7.58069e-006
-0.0807455	0.996735	-2.00855e-005
-0.0807455	0.996735	3.15798e-006
-0.0807746	0.996732	2.39342e-005
-0.0807808	0.996732	7.22017e-007
-0.0807657	0.996733	2.58137e-005
-0.0807367	0.996735	-3.77458e-005
-0.0807439	0.996735	-4.49136e-005
-0.0807509	0.996734	-3.09984e-006
-0.0807654	0.996733	-1.15368e-005
-0.0807638	0.996733	6.05572e-006
-0.0807515	0.996734	9.35692e-006
-0.080755	0.996734	-0
-0.0807618	0.996733	-0
-0.0807657	0.996733	-5.5322e-006
-0.0807718	0.996733	-3.89606e-006
-0.0807419	0.996735	2.09464e-005
-0.0807275	0.996736	1.26534e-005
-0.0807716	0.996733	-7.55869e-006
-0.0807738	0.996732	-5.36994e-006
-0.0807385	0.996735	5.88469e-007
-0.0807462	0.996735	1.39923e-005
-0.0807311	0.996736	3.23683e-005
-0.0807302	0.996736	2.90891e-005
-0.0807822	0.996732	-8.00385e-006
-0.0807822	0.996732	-2.22271e-005
-0.0807224	0.996737	1.05288e-007
-0.0807282	0.996736	-2.14898e-005
-0.0807519	0.996734	-2.37442e-005
-0.0807385	0.996735	-5.88469e-007
-0.0807738	0.996732	5.36994e-006
-0.0807716	0.996733	7.55869e-006
-0.0807275	0.996736	-1.26534e-005
-0.0807419	0.996735	-2.09464e-005
-0.0807718	0.996733	3.89606e-006
-0.0807657	0.996733	5.5322e-006
-0.0807515	0.996734	-9.35692e-006
-0.988195	-0.0800005	-0.130656
-0.988215	-0.0801128	-0.130433
-0.920885	-0.0746545	-0.38262
-0.606686	-0.049115	-0.793423
-0.606789	-0.0491913	-0.793339
-0.790767	-0.0641061	-0.608751
-0.381479	-0.0309259	-0.92386
-0.381403	-0.030877	-0.923893
-0.130083	-0.010531	-0.991447
-0.130111	-0.0105479	-0.991443
0.381479	0.0309258	-0.92386
0.381402	0.0308769	-0.923893
0.606796	0.0491239	-0.793338
0.920885	0.0746545	-0.38262
0.920813	0.0745456	-0.382813
0.790773	0.064018	-0.608753
0.988195	0.0800006	-0.130654
0.988215	0.0801129	-0.130431
0.130112	0.0105334	-0.991443
0.130082	0.0105455	-0.991447
0.988224	0.0800029	0.130431
0.988186	0.0801105	0.130654
0.920805	0.074648	0.382813
0.920893	0.0745521	0.38262
0.606796	0.0491239	0.793338
0.790773	0.064018	0.608753
0.381399	0.0309193	0.923893
0.381482	0.0308834	0.92386
0.130112	0.0105334	0.991443
0.130082	0.0105455	0.991447
-0.606789	-0.0491913	0.793339
-0.606686	-0.049115	0.793423
-0.381403	-0.030877	0.923893
-0.381479	-0.0309259	0.92386
-0.920885	-0.0746545	0.38262
-0.790767	-0.0641061	0.608751
-0.988215	-0.0801128	0.130433
-0.988195	-0.0800005	0.130656
-0.130112	-0.0105334	0.991443
-0.130082	-0.0105455	0.991447
0.988208	0.0800016	-0.130554
0.988233	0.0801143	-0.130298
0.920849	0.0745485	-0.382727
0.606792	0.0491916	-0.793337
0.606791	0.0491921	-0.793338
0.790696	0.0640118	-0.608853
0.790815	0.06411	-0.608689
0.381435	0.0309227	-0.923878
0.381436	0.0309223	-0.923878
0.130079	0.0105307	-0.991448
0.130111	0.0105479	-0.991443
-0.130113	-0.0105334	-0.991443
-0.381435	-0.0309223	-0.923878
-0.381347	-0.0308724	-0.923916
-0.790689	-0.0640998	-0.608853
-0.790822	-0.064022	-0.608689
-0.606791	-0.0491915	-0.793338
-0.920942	-0.074556	-0.382502
-0.920841	-0.074651	-0.382725
-0.988199	-0.0801116	-0.130554
-0.988199	-0.0801116	0.130554
-0.920942	-0.074556	0.382502
-0.920841	-0.074651	0.382725
-0.606791	-0.0491915	0.793338
-0.790822	-0.064022	0.608689
-0.790689	-0.0640998	0.608853
-0.381435	-0.0309223	0.923878
-0.381347	-0.0308724	0.923916
-0.130113	-0.0105334	0.991443
0.130077	0.0105451	0.991448
0.381435	0.0309227	0.923878
0.381436	0.0309223	0.923878
0.790815	0.06411	0.608689
0.790696	0.0640118	0.608853
0.606791	0.0491921	0.793338
0.606792	0.0491916	0.793337
0.920849	0.0745485	0.382727
0.988199	0.0801116	0.130554
0.988242	0.0800043	0.130298
0.961094	0.0778163	-0.265035
0.992773	0.0803812	-0.0891157
0.992773	0.0803812	0.0891157
0.961094	0.0778163	0.265035
-0.0500032	-0.998749	-0
-0.306647	-0.951823	-0
-0.542951	-0.839764	0
-0.889811	-0.45633	0
-0.977597	-0.210484	0
-0.21036	0.977624	-0
-0.0807295	0.996736	4.24979e-006
-0.0807317	0.996736	-0
-0.0807622	0.996733	1.84836e-005
-0.0807237	0.996737	-1.50231e-005
-0.0807295	0.996736	-4.24979e-006
0.0807756	-0.996732	-0
0.080721	-0.996737	-3.31099e-005
0.0807901	-0.996731	2.69095e-005
0.0807676	-0.996733	-1.47798e-005
-0.961178	-0.077987	0.26468
-0.961094	-0.0778147	0.265035
-0.992725	-0.0805467	0.0894981
-0.992772	-0.0803795	0.0891196
-0.992725	-0.0805467	-0.0894981
-0.992772	-0.0803795	-0.0891196
-0.961178	-0.077987	-0.26468
-0.961094	-0.0778147	-0.265035
0.0501673	0.998741	0
0.306499	0.951871	0
0.543067	0.839689	-0
0.889776	0.456397	-0
0.977875	0.209192	-0
0.951857	-0.306541	-0
0.210203	-0.977658	-0
0.0807408	-0.996735	-6.2834e-005
0.0807629	-0.996733	6.83092e-005
0.0807436	-0.996735	-6.44379e-005
0.0807912	-0.996731	3.99444e-005
0.080786	-0.996731	-9.53782e-006
0.0807234	-0.996737	-3.5836e-006
0.0807224	-0.996737	1.05288e-007
0.0807822	-0.996732	-2.22271e-005
0.0807302	-0.996736	2.90891e-005
0.0807311	-0.996736	3.23683e-005
0.0807912	-0.996731	-3.99444e-005
0.0807629	-0.996733	-6.83092e-005
0.0807408	-0.996735	6.2834e-005
0.0807436	-0.996735	6.44379e-005
0.0807399	-0.996735	2.56236e-005
0.0807784	-0.996732	3.59662e-005
0.080765	-0.996733	-0
0.0807503	-0.996734	-0
0.080756	-0.996734	8.13664e-006
0.0807718	-0.996733	3.89606e-006
0.0807582	-0.996734	-7.36314e-006
0.0807297	-0.996736	-3.07499e-005
0.0807135	-0.996737	-1.44075e-005
0.0807821	-0.996732	-2.77335e-006
0.0808095	-0.99673	3.55419e-005
0.0808113	-0.996729	2.87864e-005
0.0807455	-0.996735	-2.00855e-005
0.0808212	-0.996729	8.1866e-006
0.0808151	-0.996729	-1.46291e-005
0.0807696	-0.996733	-1.89553e-005
0.0807821	-0.996732	2.77335e-006
0.0807135	-0.996737	1.44075e-005
0.0807297	-0.996736	3.07499e-005
0.0807582	-0.996734	7.36314e-006
0.0807718	-0.996733	-3.89606e-006
0.080756	-0.996734	-8.13664e-006
0.0807784	-0.996732	-3.59662e-005
0.0807399	-0.996735	-2.56236e-005
-0.0807756	0.996732	1.74088e-005
-0.080737	0.996735	-4.91858e-006
-0.0807362	0.996736	-1.34586e-005
-0.0807786	0.996732	-5.11405e-007
-0.0807618	0.996733	-1.73426e-005
-0.080747	0.996735	1.525e-005
-0.0807519	0.996734	2.37442e-005
-0.0807282	0.996736	2.14898e-005
-0.0807455	0.996735	8.52588e-006
-0.0807254	0.996736	-1.11824e-005
-0.0807311	0.996736	-3.23683e-005
-0.0807462	0.996735	-1.39923e-005
-0.080747	0.996735	-1.525e-005
-0.0807618	0.996733	1.73426e-005
-0.0807786	0.996732	5.11405e-007
-0.0807756	0.996732	-1.74088e-005
-0.080737	0.996735	4.91858e-006
-0.0807362	0.996736	1.34586e-005
-0.0807832	0.996732	8.42421e-007
-0.0807835	0.996732	-0
-0.080729	0.996736	-0
-0.0807382	0.996735	-1.29347e-005
-0.0807884	0.996731	-1.76624e-005
-0.0807907	0.996731	-1.63395e-005
-0.0807167	0.996737	1.76414e-005
-0.0807285	0.996736	2.94821e-005
-0.0807528	0.996734	2.53695e-005
-0.0807753	0.996732	-2.13281e-005
-0.0807794	0.996732	-6.01661e-006
-0.0807822	0.996732	6.38423e-006
-0.080779	0.996732	7.58069e-006
-0.0807355	0.996736	4.75186e-006
-0.0807528	0.996734	-2.53695e-005
-0.0807285	0.996736	-2.94821e-005
-0.0807167	0.996737	-1.76414e-005
-0.0807907	0.996731	1.63395e-005
-0.0807884	0.996731	1.76624e-005
-0.0807382	0.996735	1.29347e-005
-0.0807832	0.996732	-8.42421e-007
-0.988195	-0.0800006	-0.130654
-0.988215	-0.0801129	-0.130431
-0.606687	-0.0491151	-0.793422
-0.790766	-0.064106	-0.608753
-0.381402	-0.0308769	-0.923893
0.381403	0.030877	-0.923893
0.606795	0.0491238	-0.793339
0.790774	0.0640181	-0.608751
0.988195	0.0800005	-0.130656
0.988215	0.0801128	-0.130433
0.130082	0.0105455	-0.991447
0.988224	0.0800029	0.130433
0.988186	0.0801105	0.130656
0.606795	0.0491238	0.793339
0.790774	0.0640181	0.608751
0.3814	0.0309194	0.923893
0.381483	0.0308834	0.92386
0.130082	0.0105455	0.991447
-0.606687	-0.0491151	0.793422
-0.381402	-0.0308769	0.923893
-0.790766	-0.064106	0.608753
-0.988215	-0.0801129	0.130431
-0.988195	-0.0800006	0.130654
-0.130082	-0.0105455	0.991447
0.92085	0.0745485	-0.382725
0.606791	0.0491915	-0.793338
0.381435	0.0309223	-0.923878
-0.130112	-0.0105334	-0.991443
-0.381439	-0.0308803	-0.923878
-0.790815	-0.06411	-0.608689
-0.606672	-0.0491146	-0.793434
-0.92084	-0.0746509	-0.382727
-0.92084	-0.0746509	0.382727
-0.606672	-0.0491146	0.793434
-0.790815	-0.06411	0.608689
-0.381439	-0.0308803	0.923878
0.130078	0.0105452	0.991448
0.130113	0.0105334	0.991443
0.381435	0.0309223	0.923878
0.606791	0.0491915	0.793338
0.92085	0.0745485	0.382725
4.65262e-006	-5.74251e-005	-2.53296e-009
0.080756	-0.996734	3.43169e-005
0.0807544	-0.996734	4.69217e-005
0.0807544	-0.996734	3.11386e-005
0.0807614	-0.996733	-2.20188e-005
0.0807592	-0.996734	-5.84759e-006
0.0807592	-0.996734	8.2758e-006
0.0807611	-0.996733	-1.99079e-005
0.0807628	-0.996733	6.77838e-006
0.0807628	-0.996733	-5.43693e-006
0.0807614	-0.996733	5.25163e-006
0.0807628	-0.996733	-6.77838e-006
0.0807611	-0.996733	1.99079e-005
0.0807592	-0.996734	-8.2758e-006
0.0807592	-0.996734	2.08052e-005
0.0807614	-0.996733	4.1671e-006
0.0807544	-0.996734	-3.8323e-005
0.080756	-0.996734	-5.09277e-005
-4.65262e-006	5.74251e-005	-1.18656e-008
-0.080756	0.996734	3.43169e-005
-0.0807684	0.996733	-5.96986e-005
-0.0807544	0.996734	0.000187416
-0.0807544	0.996734	3.11386e-005
-0.0807614	0.996733	-2.20189e-005
-0.0807614	0.996733	4.1671e-006
-0.0807592	0.996734	2.08053e-005
-0.0807592	0.996734	-1.46113e-005
-0.0807584	0.996734	-8.60325e-006
-0.0807628	0.996733	-7.73973e-005
-0.0807628	0.996733	-5.43693e-006
-0.0807446	0.996735	0.000132817
-0.0807656	0.996733	-8.1323e-005
-0.0807614	0.996733	-1.60764e-005
-0.0807614	0.996733	5.25163e-006
-0.0807599	0.996734	1.6267e-005
-0.0807555	0.996734	8.26525e-005
-0.0807628	0.996733	-0.000135228
-0.0807628	0.996733	1.61099e-005
-0.0807543	0.996734	8.09303e-005
-0.0807592	0.996734	8.2758e-006
-0.0807592	0.996734	-5.84759e-006
-0.0807544	0.996734	-3.8323e-005
-6.8217e-006	8.41687e-005	-2.16942e-008
-0.988838	-0.0713457	-0.130806
-1.8056e-009	-1.44448e-008	-3.91006e-010
-0.988584	-0.0756621	-0.130296
-0.955544	-0.0826792	-0.283019
-0.921739	-0.0640847	-0.382479
-0.791039	-0.0597015	-0.608845
-0.791182	-0.0578107	-0.608843
-0.889018	-0.0748874	-0.451707
-0.992407	-0.0744897	-0.0978771
-0.695398	-0.0591137	-0.716189
-0.57542	-0.0409936	-0.81683
-0.606964	-0.0470075	-0.793338
-0.959234	-0.0750842	-0.272456
-0.992416	-0.0804316	-0.0929541
-0.987807	-0.0848079	-0.130553
-0.920488	-0.0799823	-0.382498
-0.921052	-0.0731892	-0.3825
-0.590201	-0.0495936	-0.805732
-0.70778	-0.0555864	-0.704243
-0.790336	-0.0683628	-0.608847
-0.606472	-0.0530635	-0.793332
-0.809351	-0.0665232	-0.583545
-0.468379	-0.0369213	-0.882756
-0.797589	-0.0590683	-0.600303
-0.38184	-0.0247597	-0.923897
-0.381565	-0.0304225	-0.923841
-0.130526	-0.00541012	-0.99143
-0.955376	-0.0655385	-0.288029
-0.323888	-0.0206205	-0.945871
-0.19862	-0.0163362	-0.97994
-0.920805	-0.0761957	-0.382508
-0.0662885	-0.00537275	-0.997786
-0.607345	-0.042197	-0.793317
0.790818	0.064077	-0.608689
0.920845	0.0746126	-0.382725
0.920844	0.0746127	-0.382727
0.381436	0.0309064	-0.923878
0.381437	0.0309065	-0.923878
0.606793	0.0491662	-0.793338
0.130078	0.0105373	-0.991448
0.1301	0.0105415	-0.991445
0.130078	0.010543	-0.991448
0.988203	0.0800706	-0.130554
-0.992009	-0.080353	-0.0972657
-0.0682191	-0.00552627	-0.997655
-0.204295	-0.0161649	-0.978776
-0.337155	-0.0278006	-0.941038
-0.129807	-0.0142916	-0.991436
-0.381102	-0.0349972	-0.92387
-0.894854	-0.0768441	-0.439695
-0.456924	-0.0380708	-0.888691
0.790818	0.064077	0.608689
0.988203	0.0800706	0.130554
0.920844	0.0746125	0.382727
0.920844	0.0746128	0.382725
0.606793	0.0491662	0.793338
0.130078	0.0105397	0.991448
0.130117	0.0105405	0.991443
0.130078	0.010543	0.991448
-0.130526	-0.00541012	0.99143
-0.323888	-0.0206205	0.945871
-0.19862	-0.0163362	0.97994
-0.381565	-0.0304225	0.923841
-0.791182	-0.0578107	0.608843
-0.38184	-0.0247597	0.923897
0.381437	0.0309065	0.923878
0.381436	0.0309064	0.923878
-0.0662885	-0.00537275	0.997786
-0.57542	-0.0409936	0.81683
-0.920488	-0.0799823	0.382498
-0.204295	-0.0161649	0.978776
-0.0682191	-0.00552627	0.997655
-0.129807	-0.0142916	0.991436
-0.337155	-0.0278006	0.941038
-0.381102	-0.0349972	0.92387
-0.921739	-0.0640847	0.382479
-0.988838	-0.0713457	0.130806
-0.607345	-0.042197	0.793317
-0.791039	-0.0597015	0.608845
-0.797591	-0.0590681	0.6003
-0.797586	-0.0590679	0.600306
-0.606964	-0.0470075	0.793338
-0.695398	-0.0591137	0.716189
-0.955544	-0.0826792	0.283019
-0.920805	-0.0761957	0.382508
-0.992009	-0.080353	0.0972657
-0.955376	-0.0655385	0.288029
-0.992407	-0.0744897	0.0978771
-0.889018	-0.0748874	0.451707
-0.70778	-0.0555864	0.704243
-0.590201	-0.0495936	0.805732
-0.606472	-0.0530635	0.793332
-0.790336	-0.0683628	0.608847
-0.809351	-0.0665232	0.583545
-0.988584	-0.0756621	0.130296
-0.468379	-0.0369213	0.882756
-0.992416	-0.0804316	0.0929541
-0.959234	-0.0750842	0.272456
-0.921052	-0.0731892	0.3825
-0.987807	-0.0848079	0.130553
-0.894854	-0.0768441	0.439695
-0.456924	-0.0380708	0.888691
-5.76086e-005	-2.28209e-007	2.86102e-011
-0.999992	-0.00396135	1.49068e-005
-0.999992	-0.00396432	-7.71619e-006
-0.999992	-0.00396432	-5.15925e-006
-0.999992	-0.00396316	3.64816e-006
-0.999992	-0.00396316	0.000259258
-0.999992	-0.0039857	8.80613e-005
-0.999992	-0.0039857	-0.000233987
-0.999992	-0.00396266	-5.8956e-005
-0.999992	-0.00396266	6.49617e-006
-0.999992	-0.00396434	-6.27483e-006
-0.999992	-0.00396266	0.000224442
-0.999992	-0.0039857	4.94108e-005
-0.999992	-0.0039857	-0.000241964
-0.999992	-0.00396316	-7.07671e-005
-0.00119733	-0.991445	-0.130521
0.00397349	-0.995668	-0.0929
0.00671689	-0.962166	-0.272382
-0.0017695	-0.608772	-0.793343
-0.00149673	-0.793359	-0.608752
-0.00215118	-0.923875	-0.382688
-0.00283479	-0.382686	-0.923874
0.00446219	-0.89899	-0.437945
0.004709	-0.709953	-0.704233
0.00222504	-0.812249	-0.583306
0.0029651	-0.469759	-0.882789
0.00122792	-0.205003	-0.978761
0.00027275	-0.0684421	-0.997655
0.000841365	-0.33828	-0.941045
0.000472077	-0.5922	-0.805791
-0.00345339	-0.130542	-0.991437
-0.00611146	0.38265	-0.923873
-0.00453319	0.130515	-0.991436
-0.00735439	0.608734	-0.79334
-0.00931119	0.991402	-0.130521
-0.00741304	0.793324	-0.608754
-0.0103611	0.923821	-0.382684
-0.00396444	0.995254	-0.0972355
-0.00105807	0.458323	-0.888785
-0.000607862	0.199229	-0.979953
-0.00152274	0.329673	-0.944094
-0.000563031	0.958971	-0.283505
-0.000874976	0.697604	-0.716483
-0.00576135	0.800817	-0.598882
-0.00173385	0.891901	-0.452228
-0.00340498	0.579892	-0.814686
-0.000265118	0.0665269	-0.997785
-0.00931119	0.991402	0.130521
-0.00396444	0.995254	0.0972355
-0.000563031	0.958971	0.283505
-0.00735439	0.608734	0.79334
-0.00741304	0.793324	0.608754
-0.0103611	0.923821	0.382684
-0.00611146	0.38265	0.923873
-0.00173385	0.891901	0.452228
-0.000874976	0.697604	0.716483
-0.00576135	0.800817	0.598882
-0.00105807	0.458323	0.888785
-0.000607862	0.199229	0.979953
-0.000265118	0.0665269	0.997785
-0.00152274	0.329673	0.944094
-0.00340498	0.579892	0.814686
-0.00453319	0.130515	0.991436
-0.00283479	-0.382686	0.923874
-0.00345339	-0.130542	0.991437
-0.0017695	-0.608772	0.793343
-0.00119733	-0.991445	0.130521
-0.00149673	-0.793359	0.608752
-0.00215118	-0.923875	0.382688
0.00397349	-0.995668	0.0929
0.0029651	-0.469759	0.882789
0.00122792	-0.205003	0.978761
0.000841365	-0.33828	0.941045
0.00671689	-0.962166	0.272382
0.004709	-0.709953	0.704233
0.00222504	-0.812249	0.583306
0.00446219	-0.89899	0.437945
0.000472077	-0.5922	0.805791
0.00027275	-0.0684421	0.997655

#	Mesh	0	End

