#	Mesh	0	Begin

#	Vertex	72
74.419	-42.0413	0.726156
74.4097	-42.0421	0.723675
74.4011	-42.0428	0.719623
74.3932	-42.0434	0.714124
74.3865	-42.044	0.707345
74.381	-42.0444	0.699492
74.377	-42.0447	0.690803
74.3745	-42.0449	0.681543
74.3737	-42.045	0.671992
74.3745	-42.0449	0.662441
74.377	-42.0447	0.653181
74.381	-42.0444	0.644492
74.3865	-42.044	0.636639
74.3932	-42.0434	0.629859
74.4011	-42.0428	0.624361
74.4097	-42.0421	0.620309
74.419	-42.0413	0.617828
74.4285	-42.0406	0.616992
74.438	-42.0398	0.617828
74.4472	-42.039	0.620309
74.4559	-42.0383	0.624361
74.4637	-42.0377	0.629859
74.4705	-42.0372	0.636639
74.476	-42.0367	0.644492
74.48	-42.0364	0.653181
74.4825	-42.0362	0.662441
74.4833	-42.0361	0.671992
74.4825	-42.0362	0.681543
74.48	-42.0364	0.690803
74.476	-42.0367	0.699492
74.4705	-42.0372	0.707345
74.4637	-42.0377	0.714124
74.4559	-42.0383	0.719623
74.4472	-42.039	0.723675
74.438	-42.0398	0.726156
74.4285	-42.0406	0.726992
76.1455	-63.3648	0.726156
76.1362	-63.3656	0.723675
76.1276	-63.3663	0.719623
76.1197	-63.3669	0.714124
76.113	-63.3674	0.707345
76.1075	-63.3679	0.699492
76.1035	-63.3682	0.690803
76.101	-63.3684	0.681543
76.1002	-63.3685	0.671992
76.101	-63.3684	0.662441
76.1035	-63.3682	0.653181
76.1075	-63.3679	0.644492
76.113	-63.3674	0.636639
76.1197	-63.3669	0.629859
76.1276	-63.3663	0.624361
76.1362	-63.3656	0.620309
76.1455	-63.3648	0.617828
76.155	-63.364	0.616992
76.1645	-63.3633	0.617828
76.1737	-63.3625	0.620309
76.1824	-63.3618	0.624361
76.1902	-63.3612	0.629859
76.197	-63.3606	0.636639
76.2025	-63.3602	0.644492
76.2065	-63.3599	0.653181
76.209	-63.3597	0.662441
76.2098	-63.3596	0.671992
76.209	-63.3597	0.681543
76.2065	-63.3599	0.690803
76.2025	-63.3602	0.699492
76.197	-63.3606	0.707345
76.1902	-63.3612	0.714124
76.1824	-63.3618	0.719623
76.1737	-63.3625	0.723675
76.1645	-63.3633	0.726156
76.155	-63.364	0.726992

#	Triangle	77
35	36	71
0	36	35
0	37	36
1	37	0
1	38	37	2	38	1
2	39	38	3	39	2
3	40	39	4	40	3
4	41	40	5	41	4
5	42	41	6	42	5
6	43	42	7	43	6
7	44	43
8	44	7
8	45	44
9	45	8
9	46	45	10	46	9
10	47	46	11	47	10
11	48	47	12	48	11
12	49	48	13	49	12
13	50	49	14	50	13
14	51	50	15	51	14
15	52	51
16	52	15
16	53	52
17	53	16
17	54	53	18	54	17
18	55	54	19	55	18
19	56	55	20	56	19
20	57	56	21	57	20
21	58	57	22	58	21
22	59	58	23	59	22
23	60	59
24	60	23
24	61	60
25	61	24
25	62	61	26	62	25
26	63	62	27	63	26
27	64	63
28	64	27
28	65	64
29	65	28
29	66	65	30	66	29
30	67	66	31	67	30
31	68	67	32	68	31
32	69	68	33	69	32
33	70	69	34	70	33
34	71	70	35	71	34
7	9	8	26	25	27
6	9	7	27	25	24
6	10	9	27	24	28
5	10	6	5	11	10	28	23	29	28	24	23
4	11	5	4	12	11
3	12	4	3	13	12	30	21	31	30	22	21
2	13	3	2	14	13
1	14	2	1	15	14
0	15	1	0	16	15
35	16	0	35	17	16
34	17	35	34	18	17
33	18	34	33	19	18
32	19	33	32	20	19
31	20	32	31	21	20
29	22	30	29	23	22
45	43	44	62	63	61
46	43	45	61	63	64
46	42	43	61	64	60
47	42	46	47	41	42
48	41	47	48	40	41
49	40	48	49	39	40	58	67	57	58	66	67
50	39	49	50	38	39
51	38	50	51	37	38
52	37	51	52	36	37
53	36	52	53	71	36
54	71	53	54	70	71
55	70	54	55	69	70
56	69	55	56	68	69
57	68	56	57	67	68
59	66	58	59	65	66
60	65	59	60	64	65

#	Normal	77
-0.0868338	-0.00703065	0.996198
-0.0868367	-0.00703088	0.996198
-0.258072	-0.0208952	0.9659
-0.258064	-0.0208946	0.965902
-0.421107	-0.0340956	0.90637
-0.571674	-0.0462866	0.819174
-0.704759	-0.057062	0.707148
-0.816707	-0.066126	0.573251
-0.903325	-0.0731392	0.422675
-0.962691	-0.0779459	0.259134
-0.992986	-0.0803988	0.0866924
-0.992988	-0.080399	0.0866597
-0.992986	-0.0803987	-0.0866924
-0.992988	-0.080399	-0.0866597
-0.962691	-0.0779459	-0.259134
-0.903325	-0.0731392	-0.422675
-0.816707	-0.066126	-0.573251
-0.704759	-0.057062	-0.707148
-0.571674	-0.0462866	-0.819174
-0.421107	-0.0340956	-0.90637
-0.258072	-0.0208953	-0.9659
-0.258064	-0.0208946	-0.965902
-0.0868338	-0.00703065	-0.996198
-0.0868367	-0.00703088	-0.996198
0.086907	0.00703657	-0.996192
0.25787	0.0208789	-0.965954
0.421404	0.0341197	-0.906231
0.571689	0.0462878	-0.819163
0.704759	0.057062	-0.707148
0.816311	0.066094	-0.573819
0.903635	0.0731643	-0.422008
0.903325	0.0731389	-0.422675
0.962691	0.0779456	-0.259134
0.962893	0.0779623	-0.258376
0.992918	0.0803933	-0.0874658
0.992918	0.0803933	0.0874658
0.962691	0.0779459	0.259134
0.962893	0.0779619	0.258376
0.903635	0.073164	0.422008
0.903325	0.0731392	0.422675
0.816311	0.066094	0.573819
0.704759	0.057062	0.707148
0.571689	0.0462878	0.819163
0.421404	0.0341197	0.906231
0.25787	0.0208789	0.965954
0.086907	0.00703657	0.996192
-1.26845e-006	1.58183e-005	-0
-3.80534e-006	4.73056e-005	-0
-7.49505e-006	9.31737e-005	-0
-0.0809712	0.996716	-0
-0.0803386	0.996768	-0
-0.0806612	0.996742	-0
-0.0810696	0.996708	-0
-0.0804418	0.996759	-0
-0.0810198	0.996712	-0
-0.0805414	0.996751	-0
-0.0806071	0.996746	-0
-0.0805328	0.996752	-0
-0.0809608	0.996717	-0
-0.0805755	0.996749	-0
-0.0809302	0.99672	-0
1.34306e-006	-1.58183e-005	-0
3.80534e-006	-4.73056e-005	-0
7.49505e-006	-9.31737e-005	-0
0.0809712	-0.996716	-0
0.0803386	-0.996768	-0
0.0806612	-0.996742	-0
0.0810696	-0.996708	-0
0.0804418	-0.996759	-0
0.0806006	-0.996746	-0
0.0809476	-0.996718	-0
0.0806071	-0.996746	-0
0.0805328	-0.996752	-0
0.0809608	-0.996717	-0
0.0805755	-0.996749	-0
0.0809302	-0.99672	-0
0.0811271	-0.996704	-0

#	Mesh	0	End

