#	Mesh	0	Begin

#	Vertex	72
-319.61	115.051	4.79807
-319.613	115.038	4.79731
-319.619	115.025	4.79607
-319.627	115.014	4.79438
-319.636	115.004	4.7923
-319.647	114.996	4.78989
-319.66	114.99	4.78723
-319.673	114.986	4.78439
-319.686	114.985	4.78146
-319.7	114.986	4.77853
-319.713	114.99	4.77569
-319.725	114.996	4.77303
-319.736	115.004	4.77062
-319.746	115.014	4.76854
-319.753	115.025	4.76685
-319.759	115.038	4.76561
-319.763	115.051	4.76485
-319.764	115.065	4.76459
-319.763	115.079	4.76485
-319.759	115.092	4.76561
-319.753	115.105	4.76685
-319.746	115.116	4.76854
-319.736	115.126	4.77062
-319.725	115.134	4.77303
-319.713	115.139	4.77569
-319.7	115.143	4.77853
-319.686	115.144	4.78146
-319.673	115.143	4.78439
-319.66	115.139	4.78723
-319.647	115.134	4.78989
-319.636	115.126	4.7923
-319.627	115.116	4.79438
-319.619	115.105	4.79607
-319.613	115.092	4.79731
-319.61	115.079	4.79807
-319.608	115.065	4.79833
-319.574	115.051	4.63515
-319.578	115.038	4.63439
-319.584	115.025	4.63315
-319.591	115.014	4.63146
-319.601	115.004	4.62938
-319.612	114.996	4.62697
-319.624	114.99	4.62431
-319.637	114.986	4.62147
-319.651	114.985	4.61854
-319.664	114.986	4.61561
-319.677	114.99	4.61277
-319.69	114.996	4.61011
-319.701	115.004	4.6077
-319.71	115.014	4.60562
-319.718	115.025	4.60393
-319.724	115.038	4.60269
-319.727	115.051	4.60193
-319.729	115.065	4.60167
-319.727	115.079	4.60193
-319.724	115.092	4.60269
-319.718	115.105	4.60393
-319.71	115.116	4.60562
-319.701	115.126	4.6077
-319.69	115.134	4.61011
-319.677	115.139	4.61277
-319.664	115.143	4.61561
-319.651	115.144	4.61854
-319.637	115.143	4.62147
-319.624	115.139	4.62431
-319.612	115.134	4.62697
-319.601	115.126	4.62938
-319.591	115.116	4.63146
-319.584	115.105	4.63315
-319.578	115.092	4.63439
-319.574	115.079	4.63515
-319.573	115.065	4.63541

#	Triangle	116
35	36	71	0	36	35
0	37	36
1	37	0
1	38	37
2	38	1
2	39	38
3	39	2
3	40	39
4	40	3
4	41	40
5	41	4
5	42	41	6	42	5
6	43	42	7	43	6
7	44	43
8	44	7
8	45	44
9	45	8
9	46	45	10	46	9
10	47	46	11	47	10
11	48	47
12	48	11
12	49	48
13	49	12
13	50	49
14	50	13
14	51	50
15	51	14
15	52	51
16	52	15
16	53	52	17	53	16
17	54	53	18	54	17
18	55	54
19	55	18
19	56	55
20	56	19
20	57	56
21	57	20
21	58	57
22	58	21
22	59	58
23	59	22
23	60	59	24	60	23
24	61	60	25	61	24
25	62	61
26	62	25
26	63	62
27	63	26
27	64	63	28	64	27
28	65	64	29	65	28
29	66	65
30	66	29
30	67	66
31	67	30
31	68	67
32	68	31
32	69	68
33	69	32
33	70	69
34	70	33
34	71	70	35	71	34
7	9	8
6	9	7	27	25	24
6	10	9	27	24	28
5	10	6	28	24	23
5	11	10	28	23	29
4	11	5
4	12	11
3	12	4
3	13	12
2	13	3
2	14	13
1	14	2
1	15	14
0	15	1
0	16	15
35	16	0	34	18	17
35	17	16	34	17	35
33	18	34
33	19	18
32	19	33
32	20	19
31	20	32
31	21	20
30	21	31
30	22	21
29	22	30
29	23	22
26	25	27
45	43	44
46	43	45	61	63	64
46	42	43	61	64	60
47	42	46	60	64	65
47	41	42	60	65	59
48	41	47
48	40	41
49	40	48
49	39	40
50	39	49
50	38	39
51	38	50
51	37	38
52	37	51
52	36	37
53	36	52	54	70	71
53	71	36	54	71	53
55	70	54
55	69	70
56	69	55
56	68	69
57	68	56
57	67	68
58	67	57
58	66	67
59	66	58
59	65	66
62	63	61

#	Normal	116
0.973467	-0.0876641	0.211368
0.944003	-0.258544	0.204971
0.944005	-0.258537	0.204971
0.885004	-0.424078	0.19216
0.885862	-0.422276	0.192177
0.801097	-0.572749	0.173788
0.800053	-0.574228	0.173715
0.690316	-0.707812	0.149888
0.69142	-0.706711	0.149995
0.561381	-0.818548	0.121785
0.560345	-0.819274	0.121667
0.412954	-0.906327	0.0896645
0.252655	-0.966	0.0548587
0.085336	-0.99618	0.018529
0.0855277	-0.996163	0.0185541
-0.0855277	-0.996163	-0.0185541
-0.085336	-0.99618	-0.018529
-0.252655	-0.966	-0.0548587
-0.412954	-0.906327	-0.0896645
-0.560345	-0.819274	-0.121667
-0.561381	-0.818548	-0.121785
-0.69142	-0.706711	-0.149995
-0.690316	-0.707812	-0.149888
-0.800053	-0.574228	-0.173715
-0.801097	-0.572749	-0.173788
-0.885862	-0.422276	-0.192177
-0.885004	-0.424078	-0.19216
-0.944005	-0.258537	-0.204971
-0.944003	-0.258544	-0.204971
-0.973467	-0.0876641	-0.211368
-0.973467	0.0876641	-0.211368
-0.944042	0.258396	-0.204979
-0.94404	0.258403	-0.204978
-0.885729	0.422491	-0.192317
-0.88494	0.424294	-0.191977
-0.800085	0.574228	-0.173568
-0.801065	0.572749	-0.173935
-0.691668	0.706429	-0.150181
-0.690619	0.707531	-0.149821
-0.560368	0.819274	-0.121565
-0.561358	0.818548	-0.121887
-0.412954	0.906327	-0.0896645
-0.252655	0.966	-0.0548587
-0.0849767	0.996212	-0.0184509
-0.084793	0.996229	-0.0183947
0.084793	0.996229	0.0183947
0.0849767	0.996212	0.0184509
0.252655	0.966	0.0548587
0.412954	0.906327	0.0896645
0.561728	0.818282	0.121968
0.560376	0.819274	0.121527
0.69035	0.707812	0.149729
0.691668	0.706429	0.150181
0.801065	0.572749	0.173935
0.800085	0.574228	0.173568
0.88494	0.424294	0.191977
0.885729	0.422491	0.192317
0.94404	0.258403	0.204978
0.944042	0.258396	0.204979
0.973467	0.0876641	0.211368
-7.09356e-006	-8.49457e-008	3.26575e-005
-2.10061e-005	1.01807e-007	9.67083e-005
-0.212129	-0.00052194	0.977242
-0.212129	0.000221474	0.977242
-0.212097	-0.000151479	0.977249
-0.212097	-0.000118231	0.977249
-0.212178	0.000833831	0.977231
-0.212178	-0.000286535	0.977231
-0.21217	-0.00038191	0.977233
-0.21217	0.000248712	0.977233
-0.212177	0.000330384	0.977231
-0.212177	-7.90802e-005	0.977231
-0.212144	-0.00047066	0.977238
-0.212144	-6.90214e-005	0.977238
-0.212158	0.000100704	0.977235
-0.212158	0.000103287	0.977235
-0.212141	-0.000101709	0.977239
-0.212158	6.50106e-005	0.977235
-0.212144	-0.000104616	0.977238
-0.212144	9.51031e-005	0.977238
-0.212177	0.00048701	0.977231
-0.212177	-0.000253723	0.977231
-0.21217	-0.000335376	0.977233
-0.21217	0.000294634	0.977233
-0.212178	0.000389959	0.977231
-0.212178	-6.95266e-007	0.977231
-0.212097	-0.000952437	0.977248
-7.0478e-006	8.49457e-008	3.24468e-005
7.09356e-006	-8.49457e-008	-3.26575e-005
2.10061e-005	1.01807e-007	-9.67083e-005
0.212129	-0.00052194	-0.977242
0.212129	0.000221474	-0.977242
0.212097	-0.000151479	-0.977249
0.212097	-0.000118231	-0.977249
0.212178	0.000833831	-0.977231
0.212178	-0.000286535	-0.977231
0.21217	-0.00038191	-0.977233
0.21217	0.000248712	-0.977233
0.212177	0.000330384	-0.977231
0.212177	-7.90802e-005	-0.977231
0.212144	-0.00047066	-0.977238
0.212144	-6.90214e-005	-0.977238
0.212158	0.000100704	-0.977235
0.212158	0.000103287	-0.977235
0.212141	-0.000101709	-0.977239
0.212158	6.50106e-005	-0.977235
0.212144	-0.000104616	-0.977238
0.212144	9.51031e-005	-0.977238
0.212177	0.00048701	-0.977231
0.212177	-0.000253723	-0.977231
0.21217	-0.000335376	-0.977233
0.21217	0.000294634	-0.977233
0.212178	0.0003903	-0.977231
0.212178	-6.95192e-007	-0.977231
0.212097	-0.000951501	-0.977248
7.0478e-006	8.49457e-008	-3.24468e-005

#	Mesh	0	End

