#	Mesh	0	Begin

#	Vertex	232
81.2391	1.73622	1.66202
81.2406	1.73967	1.66202
81.241	1.74337	1.66202
81.2406	1.74706	1.66202
81.2391	1.75051	1.66202
81.2369	1.75347	1.66202
81.2339	1.75574	1.66202
81.2305	1.75717	1.66202
81.2267	1.75766	1.66202
81.2231	1.75717	1.66202
81.2196	1.75574	1.66202
81.2166	1.75347	1.66202
81.2144	1.75051	1.66202
81.213	1.74706	1.66202
81.2125	1.74337	1.66202
81.213	1.73967	1.66202
81.2144	1.73622	1.66202
81.2166	1.73326	1.66202
81.2196	1.73099	1.66202
81.2231	1.72956	1.66202
81.2267	1.72908	1.66202
81.2305	1.72956	1.66202
81.2339	1.73099	1.66202
81.2369	1.73326	1.66202
81.2391	1.75051	0.902107
81.2406	1.74706	0.902107
81.241	1.74337	0.902107
81.2406	1.73967	0.902107
81.2391	1.73622	0.902107
81.2369	1.73326	0.902107
81.2339	1.73099	0.902107
81.2305	1.72956	0.902107
81.2267	1.72908	0.902107
81.2231	1.72956	0.902107
81.2196	1.73099	0.902107
81.2166	1.73326	0.902107
81.2144	1.73622	0.902107
81.213	1.73967	0.902107
81.2125	1.74337	0.902107
81.213	1.74706	0.902107
81.2144	1.75051	0.902107
81.2166	1.75347	0.902107
81.2196	1.75574	0.902107
81.2231	1.75717	0.902107
81.2267	1.75766	0.902107
81.2305	1.75717	0.902107
81.2339	1.75574	0.902107
81.2369	1.75347	0.902107
81.2267	1.75766	1.0341
81.2295	1.75738	1.09009
81.2295	1.75738	1.00374
81.24	1.74883	1.58226
81.2408	1.74589	1.58041
81.2408	1.74604	1.49577
81.2381	1.75207	1.01139
81.24	1.74883	1.06819
81.24	1.74883	0.976399
81.2383	1.75184	1.12692
81.2322	1.75657	1.57628
81.2293	1.75743	1.58036
81.23	1.75727	1.36409
81.2267	1.75766	1.29809
81.2267	1.75766	1.39803
81.2267	1.75766	1.43008
81.241	1.74337	1.01807
81.2407	1.74637	1.02229
81.2407	1.74628	1.11009
81.2306	1.75713	1.23209
81.241	1.74337	1.20004
81.241	1.74337	1.13404
81.241	1.74337	1.0341
81.2381	1.75207	1.54924
81.234	1.75569	1.41088
81.2312	1.75695	1.48005
81.2355	1.7547	1.4838
81.2351	1.75499	1.57692
81.2322	1.75657	1.03401
81.2355	1.7547	0.996631
81.24	1.74883	1.48599
81.2375	1.75282	1.4261
81.241	1.74337	1.53002
81.2406	1.74708	1.39189
81.2324	1.75648	1.13552
81.2389	1.75085	1.23194
81.237	1.75337	1.22736
81.2355	1.7547	1.12719
81.2267	1.75766	1.01807
81.2267	1.75766	1.53002
81.236	1.75427	1.35682
81.2341	1.7556	1.22077
81.2267	1.75766	1.16609
81.2267	1.75766	1.20004
81.2267	1.75766	1.26603
81.2393	1.75013	1.40016
81.2335	1.75594	1.32315
81.241	1.74337	1.39803
81.241	1.74337	1.26603
81.2407	1.74668	1.30836
81.2403	1.74796	1.23318
81.2381	1.75207	1.33199
81.2397	1.74944	1.31183
81.2267	1.75766	1.13404
81.24	1.74869	1.15219
81.2213	1.75657	0.976399
81.2181	1.7547	1.01139
81.2181	1.7547	1.54924
81.2213	1.75657	1.48599
81.2173	1.75408	1.4261
81.2213	1.75657	1.06819
81.2237	1.75734	1.02229
81.2238	1.75736	1.11009
81.2144	1.7506	1.41088
81.2128	1.74665	1.36409
81.2132	1.74781	1.48005
81.2213	1.75657	1.58226
81.2242	1.75743	1.58041
81.2241	1.7574	1.49577
81.2136	1.74883	1.57628
81.2125	1.74337	1.0341
81.2127	1.74616	1.09009
81.2127	1.74615	1.00374
81.2193	1.75554	1.23194
81.2183	1.75487	1.12692
81.2168	1.75357	1.22736
81.2154	1.75207	0.996631
81.2125	1.74337	1.43008
81.2125	1.74337	1.29809
81.213	1.74719	1.23209
81.2127	1.74589	1.58036
81.2136	1.74883	1.03401
81.2136	1.74904	1.13552
81.223	1.75717	1.39189
81.2154	1.75207	1.4838
81.2151	1.75168	1.57692
81.2154	1.75207	1.12719
81.2125	1.74337	1.53002
81.2158	1.7526	1.35682
81.2145	1.75075	1.22077
81.2125	1.74337	1.16609
81.22	1.75595	1.40016
81.2142	1.75016	1.32315
81.2234	1.75727	1.30836
81.2222	1.7569	1.23318
81.2181	1.7547	1.33199
81.2207	1.7563	1.31183
81.2214	1.75663	1.15219
81.2125	1.74337	1.54605
81.2154	1.73467	1.23214
81.2136	1.73768	1.18804
81.2151	1.73507	1.12744
81.2136	1.7379	1.07813
81.2127	1.74059	1.12175
81.2154	1.73467	1.01488
81.2184	1.73175	0.987206
81.2213	1.73016	0.987841
81.2136	1.7379	0.981864
81.2128	1.74034	1.03
81.2154	1.73467	1.55273
81.2165	1.73337	1.33676
81.2181	1.73203	1.43694
81.2152	1.73489	1.4372
81.224	1.72935	1.47403
81.2213	1.73016	1.53011
81.2211	1.73025	1.4286
81.2128	1.74036	1.54183
81.2136	1.7379	1.49594
81.2136	1.7379	1.58772
81.2128	1.74045	1.45404
81.2171	1.73283	1.16896
81.2242	1.7293	0.98376
81.2223	1.72978	1.08407
81.22	1.7308	1.24097
81.2195	1.73103	1.15292
81.2225	1.72971	1.18324
81.2239	1.72936	1.2549
81.2181	1.73203	1.56749
81.2267	1.72908	1.0341
81.2267	1.72908	1.13404
81.224	1.72935	1.56038
81.2229	1.7296	1.33203
81.2267	1.72908	1.26603
81.2267	1.72908	1.29809
81.2267	1.72908	1.39803
81.2181	1.73203	1.08033
81.2194	1.73113	1.34335
81.2174	1.73253	1.25602
81.2267	1.72908	1.53002
81.2127	1.74063	1.21494
81.2132	1.73878	1.33094
81.2135	1.73804	1.41194
81.2146	1.7359	1.3489
81.2267	1.72908	1.43008
81.2267	1.72908	1.16609
81.2267	1.72908	1.54605
81.2355	1.73203	1.23214
81.2324	1.73026	1.18804
81.2351	1.73173	1.12744
81.2298	1.7294	1.54183
81.2297	1.72938	1.45404
81.2322	1.73016	1.49594
81.2322	1.73016	1.07813
81.2295	1.72935	1.12175
81.2384	1.73505	0.987206
81.24	1.7379	0.987841
81.2408	1.74054	1.2549
81.2393	1.73657	1.24097
81.2404	1.73916	1.18324
81.2322	1.73016	0.981864
81.2298	1.7294	1.03
81.24	1.7379	1.53011
81.2373	1.73371	1.16896
81.2381	1.73467	1.56749
81.2322	1.73016	1.58772
81.2355	1.73203	1.55273
81.2391	1.73615	1.15292
81.2403	1.73892	1.08407
81.2368	1.73316	1.33676
81.2381	1.73467	1.43694
81.2352	1.73186	1.4372
81.2355	1.73203	1.01488
81.2408	1.74058	1.56038
81.2405	1.73954	1.33203
81.2399	1.73769	1.4286
81.2408	1.74058	1.47403
81.2408	1.74084	0.98376
81.2381	1.73467	1.08033
81.239	1.73598	1.34335
81.2376	1.73405	1.25602
81.2295	1.72934	1.21494
81.2313	1.72983	1.33094
81.2321	1.73011	1.41194
81.2342	1.73118	1.3489

#	Triangle	417
15	13	14	2	3	1
16	13	15	1	3	4
16	12	13	1	4	0
17	12	16	0	4	5
17	11	12	0	5	23
18	11	17	23	5	6
18	10	11	23	6	22
19	10	18	22	6	7
19	9	10	22	7	21
20	9	19	20	8	9	21	8	20	21	7	8
39	37	38	26	27	25
40	37	39	25	27	28
40	36	37	25	28	24
41	36	40	24	28	29
41	35	36	24	29	47
42	35	41	47	29	30
42	34	35	47	30	46
43	34	42	46	30	31
43	33	34	46	31	45
44	33	43	44	32	33	45	32	44	45	31	32
50	48	49
53	51	52
56	54	55
25	24	56
55	54	57
7	58	59
63	61	62	48	44	86	90	48	101	92	62	61	62	87	63	14	135	146	182	180	181	186	182	191	180	177	192	20	186	193	125	146	135	176	192	177	181	191	182	192	181	180	96	69	68	191	193	186
60	61	63
66	64	65
3	51	4
61	60	67
56	65	25
66	70	64
66	69	70	68	69	66
4	71	5
73	72	60
75	74	58
58	7	6
76	46	45
54	47	77
79	71	78
80	52	2
51	71	4
81	78	53
47	54	24
67	82	49
84	83	57
59	8	7
54	77	85
50	44	48
82	76	49
73	58	74
73	63	87
72	74	88
79	88	74
89	88	84
91	67	90	92	67	91	92	61	67
79	78	93
78	51	53
74	75	71
77	47	46
26	25	65
85	57	54
77	46	76
76	85	77
88	89	94
82	89	85
78	81	93
97	95	96
85	84	57
68	98	96
89	84	85
83	99	100
75	58	6
87	59	73
75	6	5
5	71	75
76	82	85
89	67	94
76	50	49
82	67	89
49	48	90
90	67	49
3	52	51
78	71	51
3	2	52
53	52	80
53	80	95
95	81	53
100	97	98
99	93	100
63	73	60
94	67	60
50	76	45
45	44	50
100	81	97
79	93	99
99	88	79
74	71	79
93	81	100
98	83	100
102	83	98
84	99	83
99	84	88
72	88	94
94	60	72
72	73	74
81	95	97
96	98	97
58	73	59
87	8	59
24	54	56
55	65	56
66	65	55
26	65	64
55	102	66
66	102	98
102	55	57
57	83	102
98	68	66
103	43	42
41	104	42
107	105	106
108	103	104	106	105	114
103	109	43
110	86	109
113	111	112
116	114	115
9	114	10
117	13	12
120	118	119
123	121	122
124	104	41
126	125	112
126	112	127
13	117	128
129	40	39
87	115	8
127	130	119
105	11	10
114	105	10
108	104	122
110	48	86
110	101	48
91	90	110
90	101	110
128	14	13
131	106	116
133	132	117
104	124	134
120	38	118
130	129	119
113	117	132
113	125	135
111	132	136
107	136	132
137	136	123
126	127	138
107	106	139
106	114	116
132	133	105
124	41	40
44	43	109
134	122	104
124	40	129
129	134	124
136	137	140
130	137	134
106	131	139
141	62	92
134	123	122
91	142	92
137	123	134
121	143	144
133	117	12
135	128	113
133	12	11
11	105	133
129	130	134
137	127	140
129	120	119
130	127	137
119	118	138
138	127	119
9	115	114
9	8	115
116	115	87
116	87	62
62	131	116
144	141	142
143	139	144
125	113	112
140	127	112
120	129	39
39	38	120
144	131	141
107	139	143
143	136	107
132	105	107
139	131	144
142	121	144
145	121	142
123	143	121
143	123	136
111	136	140
140	112	111
111	113	132
131	62	141
92	142	141
117	113	128
128	135	14
42	104	103
108	109	103
110	109	108
44	109	86
108	145	110
110	145	142
145	108	122
122	121	145
142	91	110
149	147	148
151	150	148
152	36	35
154	153	34
37	155	156
17	16	157
160	158	159
163	161	162
164	14	146
152	150	155
166	164	165
165	164	167
166	16	15
154	34	33
168	147	149
154	169	170
172	171	168
160	159	157
18	162	19
37	36	155
174	171	173
18	17	175
151	118	156
177	170	176
171	172	173
166	157	16
157	175	17
178	20	19
161	178	162
169	32	176
179	180	182
183	153	154
163	159	184
180	179	174
185	184	158
35	153	152
38	37	156
149	183	168
165	160	157
164	146	167
162	175	159
157	159	175
175	162	18
186	178	161
159	158	184
151	187	138
126	187	188
165	167	189
158	190	147
190	160	189
185	147	168
33	169	154
170	183	154
183	152	153
153	35	34
184	171	179
162	159	163
163	184	179
182	161	179
163	179	161
161	182	186
36	152	155
150	156	155
150	151	156
38	156	118
150	149	148
138	118	151
148	147	188
148	187	151
126	188	125
148	188	187
187	126	138
149	150	152
152	183	149
183	172	168
158	147	185
172	183	170
170	173	172
173	170	177
174	177	180
185	168	171
171	184	185
178	186	20
178	19	162
33	32	169
176	170	169
164	15	14
165	157	166
166	15	164
167	146	125
167	125	188
188	189	167
188	190	189
189	160	165
188	147	190
158	160	190
179	171	174
173	177	174
196	194	195
199	197	198
201	200	195
203	202	28
206	204	205
31	207	208
0	209	1
210	194	196
197	20	193
211	0	23
212	197	199
23	22	213
212	22	21
205	214	206
203	28	27
69	215	70
218	216	217
213	218	217
219	200	207
214	205	210
31	30	207
212	213	22
220	2	1
95	221	96
219	30	29
201	176	208
23	213	211
209	222	223
223	220	209
215	203	224
64	224	26
225	202	203
222	217	226
96	221	204
227	226	216
29	202	219
32	31	208
196	225	210
199	218	213
197	193	198
209	211	217
213	217	211
211	209	0
80	220	223
217	216	226
201	228	192
181	228	229
199	198	230
216	231	194
231	218	230
227	194	210
27	224	203
215	225	203
225	219	202
202	29	28
226	205	221
209	217	222
222	226	221
95	223	221
222	221	223
223	95	80
30	219	207
200	208	207
200	201	208
32	208	176
200	196	195
201	192	176
195	194	229
195	228	201
229	191	181
195	229	228
228	181	192
196	200	219
219	225	196
225	214	210
216	194	227
214	225	215
215	206	214
206	215	69
204	69	96
227	210	205
205	226	227
80	2	220
220	1	209
27	26	224
70	215	224
197	21	20
199	213	212
212	21	197
198	193	191
198	191	229
229	230	198
229	231	230
230	218	199
229	194	231
216	218	231
221	205	204
206	69	204
70	224	64

#	Normal	417
-0	-0	3.6407e-006
-0	-0	1.05176e-005
-0	-0	2.03186e-005
-0	-0	3.24875e-005
-0	-0	4.59441e-005
-0	-0	5.98379e-005
-0	-0	7.32861e-005
-0	-0	8.52748e-005
-0	-0	9.5112e-005
-0	-0	1
-0	-0	-3.64076e-006
-0	-0	-1.05177e-005
-0	-0	-2.03185e-005
-0	-0	-3.24872e-005
-0	-0	-4.59441e-005
-0	-0	-5.98379e-005
-0	-0	-7.32865e-005
-0	-0	-8.52753e-005
-0	-0	-9.51116e-005
-0	-0	-1
0.0979621	0.99519	4.22052e-006
0.959381	0.282113	0.000158864
0.866699	0.498831	-0
0.923676	0.383172	-0.00164989
0.868845	0.495085	-0.000283334
0.280045	0.959987	-0.000960352
-0	-0	-0
0.1155	0.993307	0
0.994366	0.105998	-6.20125e-005
0.923681	0.38316	0.00153654
0.126129	0.992014	-0.000537187
0.951836	0.306606	0.000402338
4.66721e-005	4.8832e-006	-0
0.994571	0.10406	-0
0.794034	0.607873	0.00111648
0.385446	0.922729	-0.00125363
0.485333	0.874329	-0.000660435
0.382801	0.92383	0.00140923
0.382774	0.923842	-0.000915538
0.703375	0.710818	0.00119645
0.856588	0.515999	-0.00117515
0.995984	0.0895267	-0
0.872094	0.489337	-0.00123097
0.957349	0.288934	0.000717513
0.794046	0.607857	-0.00115179
0.305505	0.95219	-0.000574657
0.786924	0.61705	0.000805292
0.130339	0.991469	0.00130372
0.706731	0.707483	0
0.0979166	0.995195	0
0.294303	0.955712	0.000207878
0.467442	0.884023	-0.00148159
0.157262	0.987557	0
0.570602	0.821226	-0.000387783
0.688803	0.724948	0.000432134
0.622042	0.782983	-0.000797616
0.135226	0.990815	0
0.831705	0.555212	0.00246761
0.958041	0.28663	-0
0.698058	0.716041	0.000694814
0.60859	0.793484	-0.00129148
0.991261	0.131911	-0.000658859
0.713946	0.700201	0.000330419
0.508965	0.860786	0.00108659
0.499571	0.866273	-0
0.558597	0.829439	0.000514972
0.504495	0.863414	-0.00120122
0.928654	0.370946	-0.000999388
0.993125	0.117062	-0
0.713865	0.700282	-0.0014
0.98664	0.162918	-0
0.619233	0.785206	0.00115767
0.85833	0.513098	0.000936926
0.485404	0.874289	-0.00107868
0.132728	0.99115	-0.00223339
0.60859	0.793483	0.0013352
0.687528	0.726156	-0.00152326
0.506317	0.862347	-0.000312734
0.393389	0.919372	-0.000738546
0.2904	0.956905	4.05816e-006
0.399287	0.916825	0.00146235
0.098046	0.995182	0
0.120877	0.992667	0.00084696
0.95919	0.282759	-0.000959458
0.866707	0.498817	-0
0.99126	0.131915	0.0013223
0.995624	0.0934457	-0.000197665
0.995386	0.0959539	-0
0.991511	0.130016	-0.000942199
0.943805	0.330501	0.000997152
0.852489	0.522744	-0.000782804
0.142351	0.989815	0.00135842
0.361136	0.932513	0.000485702
0.284688	0.95862	0.000555828
0.130372	0.991465	-0.00090069
0.943247	0.332092	-0.000423593
0.824903	0.565273	0.0009309
0.718549	0.695476	-0.000822839
0.695656	0.718375	0.000885796
0.930272	0.36687	0.000742461
0.905306	0.424758	-0.00107183
0.904994	0.425424	0.000823851
0.788418	0.61514	-0.000887131
0.726931	0.68671	0.000668576
0.568304	0.822819	-0.000514506
0.36441	0.931238	0.000807915
0.464621	0.885506	0.00261642
0.991184	0.132489	0.000578586
0.9892	0.146552	-0.00234525
0.282272	0.959334	0.000785069
0.0885927	0.996068	9.21182e-007
0.872679	0.488293	0.00129064
0.954006	0.299786	0
0.954816	0.297199	0.000152386
0.994376	0.105912	-0
0.956547	0.291578	-0.000223161
0.95508	0.296348	-0.000522187
0.872628	0.488385	0.000169043
0.876795	0.480864	-0.00105858
0.988398	0.151877	0.001569
-0.382773	0.923841	-0.00166578
-0.60859	0.793484	-0.00111706
-0.51727	0.855822	-0.00114934
-0.500478	0.865749	-0
-0.304968	0.952363	0.000422217
-0.105961	0.99437	-0.000105547
-0.922894	0.385052	-0.00123314
-0.280582	0.95983	0.000195444
-0.382801	0.923829	0.00155234
-0.924421	0.381372	0.0013873
-0.995225	0.0976113	-1.79384e-006
-0.615542	0.788104	0.000833901
-0.710069	0.704131	0.00119642
-0.993274	0.115787	-0
-0.99198	0.126394	-0.000535277
-0.959651	0.281194	-0.00092812
-0.924416	0.381384	-0.000901885
-0.0887218	0.996056	9.21172e-007
-0.951399	0.30796	-0.000579789
-0.608591	0.793484	0.00108337
-0.49081	0.871266	-0.00125663
-0.496328	0.868135	-0.000314147
-4.8069e-006	4.65782e-005	-0
-0.102655	0.994717	-0
-1.01804e-005	9.86468e-005	-0
-9.61384e-006	9.31568e-005	-0
-0.99126	0.131915	0.00132473
-0.288304	0.957539	0.000675785
-0.87471	0.484647	-0.000655856
-0.706731	0.707483	-0
-0.995223	0.0976307	-0
-0.954975	0.296685	0.000207658
-0.884264	0.466986	-0.00146486
-0.987432	0.158046	-0
-0.820924	0.571037	-0.000384496
-0.724258	0.689529	0.000439322
-0.783223	0.62174	-0.000793887
-0.990783	0.135457	-0
-0.555406	0.831576	0.00239492
-0.286135	0.958189	-0
-0.715392	0.698723	0.000702546
-0.793034	0.609176	-0.00129881
-0.130643	0.991429	-0.000629221
-0.700233	0.713914	0.00029468
-0.861111	0.508415	0.00110628
-0.866699	0.498831	-0
-0.828822	0.559512	0.000495914
-0.864151	0.503231	-0.00122724
-0.371233	0.928539	-0.00106449
-0.116788	0.993157	-0
-0.700313	0.713835	-0.00141032
-0.162883	0.986645	-0
-0.785435	0.618943	0.00115387
-0.515412	0.856942	0.000888804
-0.874666	0.484724	-0.00110979
-0.991042	0.133529	-0.00223058
-0.793022	0.609192	0.00133235
-0.725573	0.688143	-0.00152672
-0.863031	0.505151	-0.000292337
-0.919338	0.393468	-0.000755326
-0.956231	0.292611	-5.37741e-006
-0.916839	0.399254	0.00139981
-0.995228	0.0975757	-0
-0.992672	0.12084	0.000862932
-0.281258	0.959632	-0.00097525
-0.13061	0.991433	0.00130485
-0.0920138	0.995758	-0.000164765
-0.0941072	0.995562	-0
-0.129517	0.991577	-0.000978225
-0.328828	0.944389	0.000952783
-0.524453	0.851439	-0.000724869
-0.989727	0.142967	0.001373
-0.932746	0.360534	0.000494016
-0.957856	0.287247	0.000513838
-0.991261	0.131911	-0.000950785
-0.330358	0.943855	-0.000412446
-0.565092	0.825027	0.000914867
-0.694495	0.719497	-0.000826191
-0.717702	0.696349	0.000891387
-0.366842	0.930283	0.000812592
-0.42509	0.90515	-0.00116154
-0.425797	0.904818	0.000848456
-0.613617	0.789603	-0.000870703
-0.685561	0.728015	0.000691188
-0.822397	0.568913	-0.000501475
-0.931404	0.363985	0.000833954
-0.885747	0.464161	0.00263695
-0.132042	0.991244	0.000571785
-0.146428	0.989218	-0.00235605
-0.959006	0.283386	0.000791415
-0.995991	0.0894579	-0
-0.489717	0.87188	0.00131909
-0.2978	0.954628	-0
-0.295711	0.955278	0.000122926
-0.105815	0.994386	-0
-0.291401	0.956601	-0.000165535
-0.296769	0.954949	-0.000503045
-0.488398	0.872621	0.000221621
-0.480818	0.87682	-0.00101491
-0.151599	0.988441	0.00160228
-0.865019	-0.501739	0.000534624
-0.955717	-0.294288	0.000157627
-0.793034	-0.609176	-0.00108865
-0.486419	-0.873725	0.00106094
-0.951924	-0.306335	0.000381452
-0.793034	-0.609176	0.0011234
-0.71388	-0.700266	0.00140042
-0.29474	-0.955577	-0.000230688
-0.994376	-0.105912	0
-0.866699	-0.498831	0
-0.954002	-0.2998	-0
-0.954811	-0.297212	-0.000152401
-0.92442	-0.381372	0.00160097
-0.382773	-0.923841	-0.00144345
-0.743764	-0.668442	-0.00044655
-0.281603	-0.959531	-0.000771311
-0.591733	-0.806133	0.000642491
-0.713961	-0.700186	-0.000331108
-0.382802	-0.92383	0.000938637
-0.924416	-0.381383	-0.00149156
-0.346542	-0.938032	0.00211026
-0.60857	-0.793499	0.00129199
-0.994229	-0.107278	-0.000302279
-0.157505	-0.987518	-0
-0.397677	-0.917525	-0.000565857
-0.873028	-0.487668	-0.00136524
-0.703375	-0.710818	-0.00119645
-0.130643	-0.991429	0.000896989
-0.289871	-0.957066	2.35196e-005
-0.088836	-0.996046	-0
-0.135226	-0.990815	-0
-0.48635	-0.873764	0.00065339
-0.50447	-0.863428	0.00120058
-0.106144	-0.994349	0.00171487
-0.622664	-0.782488	0.00124595
-0.687524	-0.72616	0.00152414
-0.991261	-0.131915	-0.000581509
-0.731978	-0.681326	-0.00170355
-0.868849	-0.495077	0.000282831
-0.994366	-0.105998	6.20126e-005
-0.500478	-0.865749	0
-0.706731	-0.707483	-0
-0.509724	-0.860338	-0.00106807
-0.0981666	-0.99517	6.06781e-006
-0.619212	-0.785223	-0.00115823
-0.99526	-0.0972517	-3.77037e-005
-0.988622	-0.150407	0.00179329
-0.956543	-0.291591	0.000223136
-0.786363	-0.617764	0.000832245
-0.877515	-0.479548	0.00127265
-0.728992	-0.684522	0.000415221
-0.279413	-0.960171	0.000949195
-0.467467	-0.884009	0.00151875
-0.698063	-0.716036	-0.000695784
-0.60859	-0.793483	-0.00133406
-0.394074	-0.919078	0.000764769
-0.506373	-0.862315	0.000272869
-0.400005	-0.916512	-0.00144471
-0.120877	-0.992667	-0.00084696
-0.306394	-0.951905	0.000581663
-0.098046	-0.995182	-0
-0.872391	-0.488807	0.00130144
-0.954099	-0.29949	-0
-0.955386	-0.295359	0.00022982
-0.994185	-0.107683	0
-0.873292	-0.487197	-0.000293316
-0.995201	-0.0978471	-0
-0.869416	-0.49408	0.00123435
-0.955085	-0.296333	5.92844e-005
-0.98664	-0.162918	0
-0.956734	-0.290962	-0.000586061
-0.995325	-0.0965852	0
-0.871349	-0.490663	-0.000553867
-0.714206	-0.699935	0.000604523
-0.590388	-0.807119	0.000957798
-0.7223	-0.691579	-0.000779259
-0.464567	-0.885534	-0.00269457
-0.404563	-0.91451	0.000246587
-0.153309	-0.988178	-0.000381995
-0.0994404	-0.995044	-9.20235e-007
-0.570103	-0.821573	-0.000650553
-0.569738	-0.821826	-0.000560133
-0.0982322	-0.995164	-0
-0.28395	-0.958839	-0.000549886
-0.130642	-0.991429	-0.00130069
-0.132987	-0.991115	0.00222827
-0.991261	-0.131915	0.000658968
-0.866707	-0.498817	0
-0.951833	-0.306616	-0.000402085
-0.994571	-0.10406	0
-0.99272	-0.120427	-0.00201344
-0.955074	-0.296366	0.000522451
-0.903098	-0.429434	-0.000866168
-0.872628	-0.488385	-0.000169043
-0.90052	-0.43481	-0.00192206
-0.79043	-0.612552	-0.000918011
-0.33553	-0.942028	-0.0014456
-0.167254	-0.985913	-0.00160464
0.5017	-0.865041	0.000537557
0.29615	-0.955142	-9.71115e-005
0.293142	-0.956069	0.000206977
0.874674	-0.484711	0.00102906
0.937925	-0.346832	0.00210792
0.30593	-0.952054	0.000399517
0.923681	-0.383161	0.000929083
0.667325	-0.744766	-0.000432977
0.105815	-0.994386	-0
0.794046	-0.607857	0.00133163
0.2978	-0.954628	-0
0.60857	-0.793499	0.00111751
0.382801	-0.923829	0.00162628
0.918039	-0.396491	-0.000490559
0.923676	-0.383172	-0.00142968
0.987431	-0.15805	-0
0.70031	-0.713838	0.00135578
0.700233	-0.713914	-0.000294679
0.499547	-0.866287	-0
0.806626	-0.591061	0.000714657
0.382773	-0.923841	-0.00151414
0.488663	-0.872472	-0.00133874
0.991261	-0.131915	0.000874549
0.990783	-0.135457	-0
0.608591	-0.793484	-0.00108337
0.10615	-0.99435	-0.000269031
0.710069	-0.704131	-0.00119642
0.955728	-0.294252	-0.00021287
0.957007	-0.290064	5.74066e-006
0.959009	-0.283375	-0.000791188
0.99599	-0.0894622	-0
0.87471	-0.484647	0.000655855
0.86406	-0.503387	0.00115139
0.994137	-0.108114	0.00161285
0.782695	-0.622404	0.00126907
0.725573	-0.688143	0.00152672
0.130372	-0.991465	-0.000572788
0.680595	-0.732658	-0.00172388
0.495392	-0.868669	0.000316689
0.105974	-0.994369	0.000114961
0.866707	-0.498817	-0
0.706731	-0.707483	-0
0.861421	-0.50789	-0.00104712
0.99495	-0.100375	1.98653e-006
0.78552	-0.618835	-0.0012179
0.0969362	-0.995291	-5.1933e-005
0.150053	-0.988676	0.00180189
0.292239	-0.956345	0.000163957
0.617738	-0.786384	0.000830697
0.478439	-0.87812	0.00125383
0.68414	-0.729351	0.000466065
0.959654	-0.281183	0.00092837
0.884269	-0.466976	0.00146532
0.715392	-0.698722	-0.000702545
0.794046	-0.607857	-0.00137861
0.918588	-0.395217	0.000742818
0.863032	-0.50515	0.000292941
0.916048	-0.401067	-0.00143983
0.992542	-0.121902	-0.000800323
0.951978	-0.306166	0.00061801
0.994954	-0.100336	-0
0.489732	-0.871872	0.00127707
0.298754	-0.95433	-0
0.293995	-0.955807	0.000264416
0.106511	-0.994312	-0
0.487613	-0.87306	-0.000264313
0.0977564	-0.99521	-0
0.494126	-0.86939	0.00122901
0.2967	-0.954971	3.55524e-005
0.162613	-0.98669	-0
0.291483	-0.956576	-0.000591812
0.096036	-0.995378	-9.20544e-007
0.491427	-0.870919	-0.000551811
0.699314	-0.714815	0.000594744
0.807411	-0.589989	0.000966353
0.691465	-0.72241	-0.00077367
0.885772	-0.464113	-0.0026921
0.915145	-0.403125	0.000291471
0.988022	-0.154313	-0.000340558
0.994802	-0.101824	-0
0.822547	-0.568697	-0.000622408
0.8227	-0.568475	-0.000567512
0.994947	-0.100397	-0
0.958757	-0.284225	-0.0005585
0.99126	-0.131915	-0.00132453
0.991042	-0.133534	0.00223049
0.130372	-0.991465	0.000622346
0.499571	-0.866273	-0
0.305343	-0.952242	-0.000444383
0.102383	-0.994745	-0
0.119138	-0.992876	-0.00206172
0.297918	-0.954591	0.000520048
0.429253	-0.903184	-0.000844236
0.487464	-0.873143	-0.000219701
0.434792	-0.900529	-0.00193073
0.6124	-0.790548	-0.000960728
0.941996	-0.335621	-0.00150859
0.985714	-0.168422	-0.00157789
4.04253e-005	-3.6311e-006	-0

#	Mesh	0	End

