#	Mesh	0	Begin

#	Vertex	228
63.9184	89.2265	1.66202
63.9189	89.2302	1.66202
63.9184	89.2339	1.66202
63.917	89.2373	1.66202
63.9147	89.2403	1.66202
63.9118	89.2426	1.66202
63.9083	89.244	1.66202
63.9046	89.2445	1.66202
63.9009	89.244	1.66202
63.8975	89.2426	1.66202
63.8945	89.2403	1.66202
63.8923	89.2373	1.66202
63.8908	89.2339	1.66202
63.8903	89.2302	1.66202
63.8908	89.2265	1.66202
63.8923	89.223	1.66202
63.8945	89.2201	1.66202
63.8975	89.2178	1.66202
63.9009	89.2164	1.66202
63.9046	89.2159	1.66202
63.9083	89.2164	1.66202
63.9118	89.2178	1.66202
63.9147	89.2201	1.66202
63.917	89.223	1.66202
63.917	89.223	0.948454
63.9147	89.2201	0.948454
63.9118	89.2178	0.948454
63.9083	89.2164	0.948454
63.9046	89.2159	0.948454
63.9009	89.2164	0.948454
63.8975	89.2178	0.948454
63.8945	89.2201	0.948454
63.8923	89.223	0.948454
63.8908	89.2265	0.948454
63.8903	89.2302	0.948454
63.8908	89.2339	0.948454
63.8923	89.2373	0.948454
63.8945	89.2403	0.948454
63.8975	89.2426	0.948454
63.9009	89.244	0.948454
63.9046	89.2445	0.948454
63.9083	89.244	0.948454
63.9118	89.2426	0.948454
63.9147	89.2403	0.948454
63.917	89.2373	0.948454
63.9184	89.2339	0.948454
63.9189	89.2302	0.948454
63.9184	89.2265	0.948454
63.9101	89.2434	1.02821
63.9189	89.2302	1.53002
63.9187	89.2327	1.58041
63.916	89.2389	1.04349
63.9179	89.2354	1.33961
63.9187	89.2325	1.34142
63.9184	89.2338	1.22944
63.916	89.2389	1.54924
63.9178	89.2357	1.58226
63.9101	89.2434	1.53375
63.9133	89.2415	1.44581
63.9094	89.2437	1.39624
63.9146	89.2404	1.34504
63.9161	89.2387	1.43542
63.9165	89.2381	1.3377
63.9186	89.2332	1.0671
63.9178	89.2357	1.02165
63.9187	89.2329	1.49577
63.9074	89.2442	1.57481
63.9133	89.2415	1.06123
63.9189	89.2302	1.06085
63.9186	89.2332	1.14922
63.9071	89.2443	1.03006
63.9046	89.2445	1.06085
63.9046	89.2445	1.08045
63.9133	89.2415	1.56698
63.9073	89.2442	1.1147
63.9151	89.2399	1.14714
63.9124	89.2422	1.24393
63.916	89.2389	1.2508
63.9073	89.2442	1.33877
63.9098	89.2435	1.30217
63.9046	89.2445	1.53002
63.9075	89.2442	1.4772
63.9046	89.2445	1.39803
63.9169	89.2376	1.17509
63.9175	89.2364	1.24916
63.9178	89.2357	1.48599
63.9127	89.242	1.14917
63.9101	89.2434	1.12448
63.9178	89.2357	1.11255
63.9121	89.2424	1.36343
63.9083	89.244	1.21858
63.9184	89.234	1.41562
63.9174	89.2365	1.40939
63.9189	89.2302	1.39803
63.9189	89.2302	1.30524
63.9189	89.2302	1.28563
63.9189	89.2302	1.21244
63.9189	89.2302	1.17324
63.9046	89.2445	1.17324
63.9046	89.2445	1.21244
63.9046	89.2445	1.28563
63.9046	89.2445	1.30524
63.9189	89.2302	1.08045
63.8994	89.2435	1.33961
63.9023	89.2443	1.34142
63.901	89.244	1.22944
63.8959	89.2415	1.04349
63.8933	89.2389	1.06123
63.8914	89.2357	1.02821
63.8992	89.2434	1.02165
63.9016	89.2442	1.0671
63.8903	89.2302	1.08045
63.8906	89.2327	1.03006
63.9021	89.2443	1.58041
63.8992	89.2434	1.58226
63.902	89.2442	1.49577
63.8933	89.2389	1.56698
63.8972	89.2424	1.17509
63.8984	89.243	1.24916
63.8906	89.2329	1.1147
63.8944	89.2401	1.34504
63.8961	89.2416	1.43542
63.8967	89.2421	1.3377
63.8906	89.2329	1.57481
63.8914	89.2357	1.53375
63.8933	89.2389	1.44581
63.8911	89.2349	1.39624
63.8959	89.2415	1.54924
63.8906	89.233	1.4772
63.8903	89.2302	1.39803
63.8903	89.2302	1.43723
63.8903	89.2302	1.53002
63.8949	89.2407	1.14714
63.8926	89.238	1.24393
63.8959	89.2415	1.2508
63.9016	89.2441	1.14922
63.8906	89.2329	1.33877
63.8913	89.2354	1.30217
63.8992	89.2434	1.48599
63.8929	89.2383	1.14917
63.8914	89.2357	1.12448
63.8992	89.2434	1.11255
63.8924	89.2377	1.36343
63.8908	89.2339	1.21858
63.9008	89.244	1.41562
63.8983	89.243	1.40939
63.8903	89.2302	1.21244
63.8903	89.2302	1.30523
63.8903	89.2302	1.32484
63.8903	89.2302	1.54962
63.8914	89.2247	1.01605
63.8933	89.2215	1.05377
63.8914	89.2247	1.10251
63.8911	89.2255	1.2391
63.8909	89.2263	1.38103
63.8959	89.2189	1.16466
63.8971	89.218	1.25084
63.8945	89.2201	1.2625
63.8959	89.2189	1.54924
63.8906	89.2276	1.03078
63.9046	89.2159	1.53002
63.9016	89.2162	1.53413
63.9018	89.2162	1.44237
63.8907	89.2272	1.54337
63.8914	89.2247	1.49792
63.8914	89.2247	1.58882
63.9018	89.2162	1.13327
63.8992	89.217	1.07672
63.9019	89.2162	1.03566
63.8941	89.2205	1.46333
63.8933	89.2215	1.56698
63.8906	89.2275	1.11598
63.9014	89.2163	1.32399
63.8969	89.2182	1.36655
63.8931	89.2218	1.17254
63.8992	89.217	1.58226
63.8959	89.2189	1.0425
63.8992	89.217	1.48599
63.8907	89.2272	1.46015
63.8999	89.2167	1.21423
63.9046	89.2159	1.08045
63.9046	89.2159	1.21244
63.8965	89.2184	1.4613
63.8922	89.2231	1.4284
63.9046	89.2159	1.30524
63.9046	89.2159	1.32484
63.9046	89.2159	1.39803
63.8925	89.2227	1.27223
63.8933	89.2215	1.35967
63.9046	89.2159	1.54962
63.8993	89.2169	1.39931
63.9046	89.2159	1.43723
63.8918	89.2239	1.34504
63.9101	89.217	1.01605
63.9133	89.2189	1.05377
63.9101	89.217	1.10251
63.9143	89.2197	1.46333
63.916	89.2215	1.54924
63.9133	89.2189	1.56698
63.9093	89.2167	1.2391
63.9085	89.2164	1.38103
63.913	89.2186	1.17254
63.9186	89.2274	1.13327
63.9178	89.2247	1.07672
63.9187	89.2274	1.03566
63.9178	89.2247	1.58226
63.9186	89.2272	1.53413
63.9186	89.2274	1.44237
63.9076	89.2162	1.54337
63.9101	89.217	1.49792
63.9101	89.217	1.58882
63.9072	89.2161	1.03078
63.9073	89.2161	1.11598
63.9178	89.2247	1.48599
63.916	89.2215	1.0425
63.9186	89.227	1.32399
63.9166	89.2224	1.36655
63.9168	89.2227	1.25084
63.9181	89.2254	1.21423
63.916	89.2215	1.16466
63.9147	89.2201	1.2625
63.9076	89.2162	1.46015
63.9164	89.2221	1.4613
63.9118	89.2178	1.4284
63.9121	89.218	1.27223
63.9133	89.2189	1.35967
63.9179	89.2249	1.39931
63.9109	89.2174	1.34504

#	Triangle	398
14	12	13	1	2	0
15	12	14	0	2	3
15	11	12	0	3	23
16	11	15	23	3	4
16	10	11	23	4	22
17	10	16	22	4	5
17	9	10	22	5	21
18	9	17	21	5	6
18	8	9	21	6	20
19	8	18	19	7	8	20	7	19	20	6	7
35	33	34	46	47	45
36	33	35	45	47	24
36	32	33	45	24	44
37	32	36	44	24	25
37	31	32	44	25	43
38	31	37	43	25	26
38	30	31	43	26	42
39	30	38	42	26	27
39	29	30	42	27	41
40	29	39	40	28	29	41	28	40	41	27	28
48	42	41
50	1	49
44	43	51
54	52	53
56	55	3
59	57	58
62	60	61
64	63	45
65	56	50
66	7	6
67	42	48
69	68	63
2	56	3
72	40	71	95	93	94	97	95	96	99	72	98	101	99	100	68	97	102	131	129	130	100	82	101	98	100	99	71	98	72	129	147	148	13	131	149	148	130	129	19	160	189	160	186	191	146	148	147	130	149	131	185	191	186	181	185	184	191	189	160	96	102	97
70	40	72
5	57	6
73	5	4
61	58	55
74	48	70
43	42	67
64	45	44
77	75	76
79	78	59
67	51	43
82	80	81
54	83	84
4	3	55
4	55	73
66	81	80
57	66	6
85	61	55
85	56	65
57	73	58	87	67	48
75	67	86
87	48	74
75	83	51
55	58	73
46	45	63
73	57	5
67	75	51
88	64	51	85	55	56
60	58	61
89	79	59
87	86	67
77	83	75
74	90	87
60	89	58
92	85	91
92	62	61
65	91	85
53	93	95
60	77	76
59	58	89
2	50	56
2	1	50
65	50	49
65	49	93
92	91	52
91	65	93
52	91	53
63	88	69
54	95	97
83	54	88
91	93	53
95	54	53
62	92	52
61	85	92
52	84	62
62	77	60
41	70	48
41	40	70
74	70	72
74	72	99
99	90	74
81	78	82
90	76	87
90	99	101
44	51	64
88	63	64
69	88	54
46	63	68
69	54	97
69	97	68
89	60	76
90	79	76
89	76	79
101	78	90
79	90	78
101	82	78
86	87	76
86	76	75
84	83	77
88	51	83
77	62	84
84	52	54
57	81	66
80	7	66
81	57	59
78	81	59
105	103	104
107	106	37
37	36	107
106	38	37
107	36	108
39	109	110
112	34	111
113	7	80
115	114	113
116	11	10
108	36	35
105	117	118
119	108	112
122	120	121
123	13	12
126	124	125
38	109	39
125	127	121
128	129	131
114	9	8
134	132	133
114	127	9
135	71	110
10	9	127
137	136	126
11	124	12
10	127	116
123	128	131
124	123	12
138	121	127
138	114	115
124	116	125	140	107	108
132	107	139
140	108	119
132	117	106
127	125	116
40	39	110
116	124	11
107	132	106
141	109	106	138	127	114
120	125	121
142	137	126
140	139	107
134	117	132
119	143	140
120	142	125
145	138	144
145	122	121
115	144	138
104	82	100
120	134	133
126	125	142
8	113	114
8	7	113
115	113	80
115	80	82
145	144	103
144	115	82
103	144	104
110	141	135
105	100	98
117	105	141
144	82	104
100	105	104
122	145	103
121	138	145
103	118	122
122	134	120
35	112	108
35	34	112
119	112	111
119	111	146
146	143	119
128	136	129
143	133	140
147	143	146
38	106	109
141	110	109
135	141	105
40	110	71
135	105	98
135	98	71
142	120	133
143	137	133
142	133	137
147	136	143
137	143	136
136	147	129
139	140	133
139	133	132
118	117	134
141	106	117
134	122	118
118	103	105
124	128	123
123	131	13
128	124	126
136	128	126
152	150	151	164	170	165
154	148	153
157	155	156
16	158	17
159	33	150
31	151	32
33	159	34
162	160	161
165	163	164
168	166	167
14	165	15
170	169	158
170	158	16
111	159	171
156	172	173
174	153	152
161	18	175
163	13	149
167	30	29
151	31	176
175	158	177	167	155	176
151	176	155
178	164	163
155	167	179
32	150	33
175	18	17
152	151	174
168	28	180
167	29	168
179	166	181
170	16	15
19	18	161
182	158	169
176	31	30
164	178	154
155	174	151
15	165	170
170	183	169
184	172	181	185	186	172
185	172	184
182	177	158
176	30	167
155	157	174
171	153	146
157	187	174
154	130	148
164	183	170
173	169	188
157	188	187
186	162	172
179	156	155
157	173	188
17	158	175
177	161	175
177	162	161
161	160	19
190	177	182
162	186	160
177	190	162
179	181	172
190	173	172
190	172	162
183	154	192
153	148	146
192	153	187
188	192	187
153	174	187
179	172	156
156	173	157
188	183	192
154	153	192
188	169	183
164	154	183
163	14	13
165	14	163
178	149	130
163	149	178
178	130	154
182	169	173
173	190	182
32	151	150
159	152	171
150	152	159
111	34	159
152	153	171
171	146	111
29	28	168
180	166	168
180	181	166
166	179	167
195	193	194	209	198	210
198	196	197
200	185	199
195	201	199
204	202	203
26	193	27
206	0	205
207	49	206
210	208	209
203	24	47
20	210	21
25	194	26
198	197	22
211	28	27
193	211	27
22	197	23
180	211	212
189	208	19
203	47	204
197	213	205	203	219	214
194	25	214
205	0	23
217	215	216
219	203	218
220	219	217
221	209	208
195	194	201
194	214	219
68	204	46
218	202	96
198	22	21
1	0	206
222	197	196
214	25	24
209	221	200
219	201	194
21	210	198
198	223	196
95	215	96	93	215	94
94	215	95
222	213	197
214	24	203
219	220	201
212	199	181
220	224	201
200	191	185
209	223	198
216	196	225
220	225	224
93	207	215
218	217	219
220	216	225
23	197	205
213	206	205
213	207	206
1	206	49
226	213	222
93	49	207
213	226	207
218	96	215
226	216	215
226	215	207
223	200	227
199	185	181
227	199	224
225	227	224
199	201	224
218	215	217
217	216	220
225	223	227
200	199	227
225	196	223
209	200	223
208	20	19
210	20	208
221	189	191
208	189	221
221	191	200
222	196	216
216	226	222
26	194	193
211	195	212
193	195	211
180	28	211
195	199	212
212	181	180
47	46	204
102	202	204
202	102	96
202	218	203
102	204	68

#	Normal	398
-0	-0	3.61252e-006
-0	-0	1.05486e-005
-0	-0	2.03731e-005
-0	-0	3.24295e-005
-0	-0	4.58694e-005
-0	-0	5.98433e-005
-0	-0	7.32832e-005
-0	-0	8.52715e-005
-0	-0	9.51229e-005
-0	-0	1
-0	-0	-3.61252e-006
-0	-0	-1.05486e-005
-0	-0	-2.03731e-005
-0	-0	-3.24295e-005
-0	-0	-4.58694e-005
-0	-0	-5.98433e-005
-0	-0	-7.32832e-005
-0	-0	-8.52715e-005
-0	-0	-9.51229e-005
-0	-0	-1
0.383276	0.923633	-0.00153712
0.99613	0.0878938	-0
0.793673	0.608343	-0.00127435
0.96459	0.263752	0.000708655
0.871618	0.490184	-0.00127321
0.484594	0.874739	-0.000771336
0.768936	0.639326	-0.000625711
0.952251	0.305317	0.000461264
0.95966	0.281164	0.00018308
0.129831	0.991535	0.00107988
0.490708	0.871323	0.00126327
0.994494	0.104795	4.47666e-005
0.923633	0.383276	0.00151835
-0	-0	-0
0.0864963	0.996252	0
0.383276	0.923633	0.000955824
0.607683	0.794179	0.00125802
0.711587	0.702598	-0.000255674
0.282001	0.959414	-0.000166377
0.607683	0.794179	-0.00106016
0.923632	0.383276	-0.00165445
0.676718	0.73624	0.00162879
0.269814	0.962912	-0.000426059
0.710644	0.70355	0.00120948
0.0988242	0.995105	-0
0.932168	0.362019	-0.0022525
0.793673	0.608343	0.00107392
0.702496	0.711687	-0.00120962
0.0973203	0.995253	-8.14197e-005
0.280464	0.959864	-0.000632513
0.867793	0.496925	0.000206969
0.95812	0.286366	-0
0.500417	0.865784	-0
0.6544	0.756148	0.000665544
0.286733	0.95801	-0
0.795394	0.606092	0.000625849
0.706582	0.707631	0
0.991553	0.129697	-0.000635132
0.508791	0.86089	-0.00108915
0.702619	0.711565	-0.00117327
0.866046	0.499964	-0
0.714675	0.699455	0.00141068
0.434981	0.900439	0.00050426
0.485064	0.874478	-0.00104084
0.803645	0.595109	-0.000801559
0.289047	0.957314	-0.000720419
0.608912	0.793237	-0.000924178
0.934475	0.356028	-0.000793768
0.855219	0.518266	0.000568029
0.957189	0.289463	0.000965582
0.996799	0.079948	-0
0.680587	0.732664	-0.00209607
0.453612	0.891196	0.00241535
0.959459	0.281847	-0.00099725
0.991553	0.129697	0.0013051
0.995842	0.0911022	-0.000161958
0.995651	0.0931603	-0
0.933131	0.359535	0.000845169
0.990284	0.139055	-0.00126825
0.964878	0.262696	-0.00109901
0.954427	0.298445	-5.11677e-005
0.991778	0.127971	-0
0.912343	0.409423	0.00161345
0.992161	0.124957	0.0018351
0.993996	0.109413	-0.00121822
0.888542	0.458794	-0.00113753
0.859394	0.511313	0.00137048
0.887966	0.459908	0.000878785
0.771121	0.636689	0.000800233
0.282654	0.959221	0.000963757
0.129831	0.991535	-0.00135055
0.0904789	0.995898	0.000200683
0.0930255	0.995664	0
0.127862	0.991792	0.000963537
0.095667	0.995413	0.000114032
0.398377	0.91722	0.00157814
0.129428	0.991589	0
0.870274	0.492566	0.00145719
0.954695	0.297587	0
0.956108	0.293013	-0.000446119
0.994484	0.104887	-0
0.993537	0.113504	0.000949905
0.994357	0.106082	-0
0.61459	0.788846	0.000309189
0.417689	0.908587	-0.00212582
0.451681	0.89218	-0.00026298
0.10589	0.994377	-0.00102358
0.283208	0.959058	0.000578152
0.0931603	0.995651	-0
0.480504	0.876992	-0.000406254
0.654334	0.756205	0.00053029
0.851013	0.525144	0.000961378
0.876583	0.48125	-0.00116128
0.850503	0.52597	-0.00074949
0.936205	0.351454	-0.0006526
0.29034	0.956923	7.91989e-005
0.0960083	0.995381	-0
0.282695	0.95921	0.000468196
0.260972	0.965346	-8.401e-005
-0.263727	0.964597	0.000665488
-0.702496	0.711687	0.00120962
-0.793673	0.608343	-0.00107392
-0.607683	0.794179	-0.00125802
-0.871618	0.490184	0.00127321
-0.304183	0.952614	0.000475376
-0.99613	0.0878938	-0
-0.0864963	0.996252	-0
-0.282001	0.959414	0.000166377
-0.793673	0.608343	0.00127435
-0.924003	0.382382	-0.00154103
-0.361599	0.932331	-0.00226039
-0.959652	0.28119	-0.000138835
-0.639244	0.769004	-0.00065041
-0.991418	0.130725	0.00111431
-0.875206	0.48375	-0.000790781
-0.383276	0.923632	-0.0016749
-0.702039	0.712138	-0.000230535
-0.995091	0.0989594	-0
-0.383276	0.923633	0.00153713
-0.736265	0.676691	0.00165476
-0.490708	0.871323	-0.00126327
-0.106076	0.994358	4.41439e-005
-0.607683	0.794179	0.00106016
-0.962424	0.27155	-0.000427868
-0.924004	0.382382	0.000958249
-0.710644	0.70355	-0.00120948
-0.995254	0.0973092	-8.92168e-005
-0.95962	0.281299	-0.00059919
-0.497324	0.867565	0.000210511
-0.286733	0.95801	-0
-0.866046	0.499964	-0
-0.756134	0.654417	0.00069931
-0.958487	0.285136	-0
-0.605707	0.795688	0.000602063
-0.706582	0.707631	-0
-0.129832	0.991536	-0.00060594
-0.86112	0.508401	-0.00109805
-0.71055	0.703646	-0.00118136
-0.500417	0.865784	-0
-0.69902	0.715101	0.00136589
-0.900789	0.434257	0.000482008
-0.874394	0.485216	-0.00100057
-0.595119	0.803637	-0.000771114
-0.957802	0.287429	-0.000714003
-0.792942	0.609296	-0.000970562
-0.354245	0.935152	-0.000817654
-0.518935	0.854814	0.000541018
-0.289601	0.957147	0.000892786
-0.0782576	0.996933	-0
-0.732664	0.680587	-0.00209606
-0.891593	0.452832	0.00238886
-0.282654	0.959221	-0.000963758
-0.129831	0.991535	0.00135055
-0.0904789	0.995898	-0.000200683
-0.0930255	0.995664	-0
-0.35798	0.933729	0.000927767
-0.140387	0.990096	-0.00131074
-0.262762	0.96486	-0.000985034
-0.297057	0.95486	-5.04658e-005
-0.128107	0.99176	-0
-0.409179	0.912453	0.00162271
-0.125646	0.992073	0.00193171
-0.108832	0.994059	-0.00126382
-0.46081	0.887498	-0.00112914
-0.511715	0.859154	0.00137632
-0.461912	0.886925	0.000869541
-0.636548	0.771236	0.000804225
-0.959467	0.281821	0.00095091
-0.991418	0.130725	-0.00133725
-0.995761	0.0919814	0.000206349
-0.995515	0.094603	-0
-0.991655	0.128914	0.0009479
-0.995408	0.0957249	0.000116665
-0.917298	0.398198	0.00161237
-0.991454	0.130455	-0
-0.493072	0.869987	0.00144576
-0.296209	0.955123	-0
-0.291346	0.956618	-0.000465256
-0.106167	0.994348	-0
-0.114379	0.993437	0.000900443
-0.107345	0.994222	-0
-0.788444	0.615107	0.000291013
-0.90864	0.417576	-0.00210397
-0.892617	0.450816	-0.000280579
-0.994339	0.106252	-0.0010527
-0.958602	0.284749	0.000561204
-0.995651	0.0931603	-0
-0.876829	0.480802	-0.00038494
-0.756194	0.654347	0.000557342
-0.525744	0.850642	0.000973806
-0.481519	0.876435	-0.0011719
-0.526565	0.850134	-0.000726995
-0.351278	0.936271	-0.000695469
-0.956905	0.290402	5.60088e-005
-0.995394	0.0958736	-0
-0.959159	0.282866	0.00043994
-0.964925	0.262527	-7.84956e-005
-0.865522	-0.500871	-0
-0.988728	-0.149722	-0.000860481
-0.616873	-0.787062	0.00103635
-0.609002	-0.793168	0.00108766
-0.958365	-0.285543	0.000982023
-0.793673	-0.608343	-0.00114992
-0.991382	-0.130997	-0.00127717
-0.107348	-0.994221	0.000304657
-0.954695	-0.297587	-0
-0.29034	-0.956923	-7.91988e-005
-0.924003	-0.382382	0.00171997
-0.703746	-0.71045	0.00115304
-0.711592	-0.702592	-0.00118303
-0.995766	-0.091929	9.34052e-005
-0.386277	-0.922383	0.000447173
-0.881209	-0.472726	0.000875185
-0.304252	-0.952591	-0.000434571
-0.994484	-0.104887	0
-0.383276	-0.923633	-0.000955823
-0.704992	-0.709214	0.00123304
-0.500417	-0.865784	-0
-0.70763	-0.706583	-0
-0.954637	-0.297773	1.10998e-005
-0.483688	-0.87524	0.00081525
-0.924002	-0.382382	-0.00186248
-0.383276	-0.923633	0.00153713
-0.868178	-0.496253	-0.000407511
-0.0960083	-0.995381	-0
-0.280464	-0.959864	0.000632513
-0.167956	-0.985791	0.00250596
-0.793673	-0.608343	0.00127435
-0.129832	-0.991536	0.000529341
-0.655832	-0.754907	-0.000681146
-0.609002	-0.793168	-0.00130426
-0.95691	-0.290386	0.000537077
-0.716432	-0.697657	0.000421858
-0.869699	-0.49358	-0.0014343
-0.800723	-0.599034	-0.00073899
-0.113751	-0.993509	-0
-7.19696e-006	-6.28585e-005	-0
-0.485064	-0.874478	0.00104084
-0.509078	-0.86072	0.00109401
-0.719077	-0.694929	-0.00156405
-0.987843	-0.155447	0.00174545
-0.782155	-0.623083	0.000859258
-0.9905	-0.137514	0
-0.876022	-0.48227	0.00115287
-0.676718	-0.73624	-0.00162879
-0.785555	-0.618791	-0.00101915
-0.104351	-0.99454	-0.000412289
-0.454368	-0.890811	-0.0021979
-0.680484	-0.73276	0.00199591
-0.490708	-0.871323	-0.00126327
-0.296447	-0.955049	0
-0.292582	-0.95624	-0.000214792
-0.107756	-0.994177	-0
-0.475614	-0.879654	-0.000272393
-0.0978429	-0.995202	-0
-0.286669	-0.95803	0.000182863
-0.169469	-0.985534	-0.00162815
-0.419558	-0.907721	-0.00378275
-0.288171	-0.957579	0.000278124
-0.92784	-0.372976	0.00125142
-0.986259	-0.165207	0
-0.900017	-0.435853	-0.00100648
-0.851529	-0.524306	0.000897372
-0.897974	-0.440047	-0.0014514
-0.40895	-0.912555	0.00201738
-0.620512	-0.784197	-0.00027067
-0.847009	-0.531578	-0.000756186
-0.932376	-0.361491	0.000364771
-0.811772	-0.583973	0.000977745
-0.915082	-0.403266	-0.00119022
-0.991383	-0.130997	0.000668453
-0.952559	-0.304354	-0.000403716
-0.994406	-0.105623	0
-0.99449	-0.104831	-2.69996e-005
-0.993172	-0.116648	-0.00146735
-0.655793	-0.754941	-0.000601014
-0.46384	-0.885919	0.000416431
-0.872508	-0.488598	0.00139551
-0.958383	-0.285485	-0.000199163
-0.959712	-0.280985	-0
-0.995931	-0.0901226	-0
-0.958702	-0.284412	-0.000441619
-0.995651	-0.0931603	0
-0.129831	-0.991535	-0.00107988
-0.0973203	-0.995253	8.14195e-005
-0.0988242	-0.995105	-0
-0.283907	-0.958852	-0.000406583
0.500417	-0.865784	-0
0.711464	-0.702721	0.00114495
0.149311	-0.98879	-0.000831461
0.472927	-0.881101	0.000837924
0.957041	-0.289953	-7.88706e-005
0.383276	-0.923632	-0.00181369
0.952245	-0.305336	-0.000392951
0.994366	-0.106002	0.000261506
0.296209	-0.955123	-0
0.923633	-0.383276	-0.000967496
0.383276	-0.923632	0.0016749
0.609002	-0.793168	-0.00116463
0.703646	-0.71055	-0.0011829
0.129831	-0.991535	-0.0012939
0.287187	-0.957874	0.00100649
0.793673	-0.608343	0.00107392
0.0911802	-0.995834	0.000140181
0.106167	-0.994348	-0
0.959957	-0.280145	0.00062882
0.865522	-0.500871	-0
0.710257	-0.703941	0.00123313
0.923633	-0.383276	0.0015559
0.922503	-0.38599	0.000447985
0.874772	-0.484534	0.000795797
0.786504	-0.617585	0.000987871
0.297146	-0.954832	5.57949e-005
0.495782	-0.868447	-0.000409282
0.70763	-0.706583	-0
0.995367	-0.0961435	-0
0.985923	-0.16718	0.00246949
0.609002	-0.793168	0.00129066
0.991518	-0.129966	0.000566835
0.756134	-0.654417	-0.00069931
0.793673	-0.608343	-0.00128778
0.290386	-0.95691	0.000537077
0.698623	-0.71549	0.000426259
0.493073	-0.869987	-0.00144576
0.599948	-0.800038	-0.000754527
0.99363	-0.112692	-0
6.2782e-005	-7.12039e-006	-0
0.87382	-0.486248	0.000990918
0.86049	-0.509466	0.00108505
0.695889	-0.718148	-0.00156667
0.154607	-0.987975	0.0017281
0.623291	-0.78199	0.000886501
0.137514	-0.9905	-0
0.481679	-0.876347	0.00116202
0.736215	-0.676745	-0.00160282
0.618876	-0.785488	-0.0010486
0.994586	-0.103913	-0.000384512
0.890535	-0.45491	-0.00224877
0.732786	-0.680456	0.00196928
0.871027	-0.491233	-0.00125331
0.95448	-0.298275	-0
0.955987	-0.293408	-0.000270345
0.994329	-0.106352	-0
0.878678	-0.477414	-0.000237319
0.995202	-0.0978429	-0
0.958229	-0.286003	0.000227587
0.985669	-0.168683	-0.0016337
0.907801	-0.419384	-0.003799
0.957905	-0.287084	0.000296091
0.372524	-0.928022	0.00125688
0.164264	-0.986416	-0
0.437279	-0.899325	-0.00100007
0.524419	-0.85146	0.000871739
0.441237	-0.897389	-0.00142009
0.912615	-0.408815	0.00202979
0.783735	-0.621096	-0.000272626
0.531578	-0.847009	-0.000756185
0.36144	-0.932395	0.000400073
0.58459	-0.811328	0.000998609
0.402759	-0.915305	-0.00118229
0.129832	-0.991536	0.00060594
0.304183	-0.952614	-0.000475376
0.105623	-0.994406	-0
0.106208	-0.994344	1.99427e-005
0.116648	-0.993172	-0.00146735
0.756217	-0.654321	-0.000503238
0.88544	-0.464753	0.000504101
0.488054	-0.872812	0.00140654
0.286042	-0.958217	-0.000156083
0.282514	-0.959263	-0
0.0884725	-0.996079	-0
0.284627	-0.958638	-0.000475732
0.0930255	-0.995664	-0
0.991518	-0.129966	-0.00107837
0.99524	-0.0974555	8.13094e-005
0.995091	-0.0989594	-0
0.959159	-0.282866	-0.00043994
5.39009e-005	-5.20634e-006	-0

#	Mesh	0	End

