#	Mesh	0	Begin

#	Vertex	230
74.0851	90.0503	1.66202
74.0856	90.054	1.66202
74.0851	90.0576	1.66202
74.0837	90.0611	1.66202
74.0814	90.0641	1.66202
74.0785	90.0663	1.66202
74.075	90.0678	1.66202
74.0713	90.0682	1.66202
74.0676	90.0678	1.66202
74.0642	90.0663	1.66202
74.0612	90.0641	1.66202
74.0589	90.0611	1.66202
74.0575	90.0576	1.66202
74.057	90.054	1.66202
74.0575	90.0503	1.66202
74.0589	90.0468	1.66202
74.0612	90.0439	1.66202
74.0642	90.0416	1.66202
74.0676	90.0401	1.66202
74.0713	90.0397	1.66202
74.075	90.0401	1.66202
74.0785	90.0416	1.66202
74.0814	90.0439	1.66202
74.0837	90.0468	1.66202
74.0837	90.0468	0.948097
74.0814	90.0439	0.948097
74.0785	90.0416	0.948097
74.075	90.0401	0.948097
74.0713	90.0397	0.948097
74.0676	90.0401	0.948097
74.0642	90.0416	0.948097
74.0612	90.0439	0.948097
74.0589	90.0468	0.948097
74.0575	90.0503	0.948097
74.057	90.054	0.948097
74.0575	90.0576	0.948097
74.0589	90.0611	0.948097
74.0612	90.0641	0.948097
74.0642	90.0663	0.948097
74.0676	90.0678	0.948097
74.0713	90.0682	0.948097
74.075	90.0678	0.948097
74.0785	90.0663	0.948097
74.0814	90.0641	0.948097
74.0837	90.0611	0.948097
74.0851	90.0576	0.948097
74.0856	90.054	0.948097
74.0851	90.0503	0.948097
74.0845	90.0594	1.02785
74.0761	90.0674	1.2139
74.08	90.0653	1.16442
74.0768	90.0672	1.07641
74.0741	90.068	1.03531
74.0741	90.068	1.13291
74.0826	90.0626	1.06087
74.0845	90.0594	1.12412
74.0847	90.059	1.19684
74.0854	90.0565	1.24968
74.0853	90.0567	1.16774
74.0768	90.0672	1.48599
74.0768	90.0672	1.58226
74.08	90.0653	1.54924
74.08	90.0653	1.04313
74.0856	90.054	1.08009
74.0853	90.057	1.07599
74.0853	90.057	1.54333
74.0845	90.0594	1.49787
74.0845	90.0594	1.58879
74.0745	90.0679	1.32385
74.0791	90.066	1.36648
74.0788	90.0661	1.24689
74.0713	90.0682	1.53002
74.0743	90.0679	1.53413
74.0741	90.068	1.44237
74.0828	90.0625	1.17468
74.0856	90.054	1.54953
74.0813	90.0642	1.2652
74.0826	90.0626	1.56698
74.0851	90.0576	1.38081
74.0856	90.054	1.43705
74.0856	90.054	1.39803
74.0856	90.054	1.32457
74.0832	90.0619	1.27558
74.0818	90.0637	1.46327
74.0713	90.0682	1.08009
74.0713	90.0682	1.21208
74.0794	90.0657	1.46129
74.0853	90.057	1.46112
74.0835	90.0614	1.43528
74.0826	90.0626	1.35955
74.0713	90.0682	1.30506
74.0713	90.0682	1.32457
74.0713	90.0682	1.39803
74.0842	90.0602	1.3612
74.0856	90.054	1.21208
74.0713	90.0682	1.54953
74.0766	90.0672	1.39932
74.0713	90.0682	1.43705
74.0846	90.0591	1.27062
74.0856	90.054	1.30506
74.0856	90.054	1.53002
74.0658	90.0672	1.01569
74.0626	90.0653	1.05342
74.0658	90.0672	1.10215
74.0616	90.0644	1.46327
74.06	90.0626	1.54924
74.0626	90.0653	1.56698
74.0667	90.0675	1.23874
74.0674	90.0677	1.38081
74.0629	90.0655	1.17218
74.0573	90.0567	1.03531
74.0581	90.0594	1.07641
74.0581	90.0594	1.58226
74.057	90.054	1.53002
74.0573	90.057	1.53413
74.0573	90.0567	1.44237
74.0683	90.0679	1.54333
74.0658	90.0672	1.49787
74.0658	90.0672	1.58879
74.0688	90.068	1.03043
74.0686	90.068	1.11562
74.0573	90.0568	1.13291
74.0683	90.0679	1.46
74.06	90.0626	1.04214
74.0581	90.0594	1.48599
74.0574	90.0572	1.32385
74.0593	90.0617	1.36648
74.0591	90.0615	1.25068
74.0578	90.0587	1.2139
74.06	90.0626	1.16442
74.0612	90.064	1.26227
74.057	90.054	1.06058
74.057	90.054	1.21208
74.0595	90.0621	1.46129
74.0642	90.0663	1.42835
74.057	90.054	1.28555
74.057	90.054	1.30506
74.057	90.054	1.39803
74.0638	90.0661	1.27215
74.0626	90.0653	1.35955
74.058	90.0592	1.39932
74.065	90.0668	1.34495
74.057	90.054	1.08009
74.057	90.054	1.17306
74.058	90.0488	1.33949
74.0572	90.0517	1.3414
74.0575	90.0503	1.2293
74.06	90.0452	1.04313
74.0626	90.0426	1.06087
74.0658	90.0408	1.02785
74.0581	90.0485	1.02132
74.0573	90.051	1.06678
74.0688	90.0399	1.02971
74.0713	90.0397	1.06058
74.0713	90.0397	1.08009
74.0572	90.0514	1.58041
74.0581	90.0485	1.58226
74.0573	90.0513	1.49577
74.0626	90.0426	1.56698
74.0591	90.0466	1.17484
74.0585	90.0477	1.24892
74.0686	90.0399	1.11434
74.0614	90.0437	1.34492
74.0599	90.0454	1.43543
74.0594	90.0461	1.33754
74.0686	90.0399	1.5748
74.0658	90.0408	1.53371
74.0626	90.0426	1.44569
74.0666	90.0405	1.39621
74.06	90.0452	1.54924
74.0713	90.0397	1.53002
74.0685	90.0399	1.47721
74.0713	90.0397	1.39803
74.0608	90.0442	1.14685
74.0635	90.042	1.24363
74.06	90.0452	1.25056
74.0573	90.0509	1.14899
74.0686	90.0399	1.33881
74.0661	90.0406	1.30202
74.0581	90.0485	1.48599
74.0632	90.0422	1.14882
74.0658	90.0408	1.12412
74.0581	90.0485	1.11224
74.0638	90.0418	1.36322
74.0676	90.0402	1.21822
74.0575	90.0501	1.41558
74.0585	90.0476	1.40927
74.0713	90.0397	1.17306
74.0713	90.0397	1.21208
74.0713	90.0397	1.28555
74.0713	90.0397	1.30506
74.0765	90.0406	1.33949
74.0736	90.0398	1.3414
74.0749	90.0401	1.2293
74.08	90.0426	1.04313
74.0826	90.0452	1.06087
74.0845	90.0485	1.02785
74.0768	90.0408	1.02132
74.0743	90.04	1.06678
74.0854	90.0514	1.02971
74.0738	90.0399	1.58041
74.0768	90.0408	1.58226
74.074	90.0399	1.49577
74.0826	90.0452	1.56698
74.0787	90.0417	1.17484
74.0776	90.0411	1.24892
74.0854	90.0513	1.11434
74.0816	90.044	1.34492
74.0799	90.0425	1.43543
74.0792	90.042	1.33754
74.0853	90.0512	1.5748
74.0845	90.0485	1.53371
74.0826	90.0452	1.44569
74.0848	90.0492	1.39621
74.08	90.0426	1.54924
74.0853	90.0511	1.47721
74.081	90.0435	1.14685
74.0833	90.0462	1.24363
74.08	90.0426	1.25056
74.0743	90.04	1.14899
74.0854	90.0513	1.33881
74.0846	90.0487	1.30202
74.0768	90.0408	1.48599
74.0831	90.0458	1.14882
74.0845	90.0485	1.12412
74.0768	90.0408	1.11224
74.0835	90.0465	1.36322
74.0851	90.0502	1.21822
74.0751	90.0402	1.41558
74.0777	90.0411	1.40927

#	Triangle	401
14	12	13	1	2	0
15	12	14	0	2	3
15	11	12	0	3	23
16	11	15	23	3	4
16	10	11	23	4	22
17	10	16	22	4	5
17	9	10	22	5	21
18	9	17	21	5	6
18	8	9	21	6	20
19	8	18	19	7	8	20	7	19	20	6	7
35	33	34	46	47	45
36	33	35	45	47	24
36	32	33	45	24	44
37	32	36	44	24	25
37	31	32	44	25	43
38	31	37	43	25	26
38	30	31	43	26	42
39	30	38	42	26	27
39	29	30	42	27	41
40	29	39	40	28	29	41	28	40	41	27	28
48	45	44
51	49	50
53	51	52
48	54	55	66	77	67
58	56	57
61	59	60	51	50	62
54	62	50
58	63	64
67	65	66
70	68	69
2	67	3
73	71	72
48	64	45
72	6	60
51	42	41
60	6	5
74	55	54
65	1	75
76	50	70
54	43	62
4	77	61
4	61	5
81	79	80	7	71	95	71	92	97	94	81	99	79	75	100	91	97	92	85	91	90	97	95	71	132	142	143	154	28	153	135	137	136	143	135	132	188	154	187	190	188	189	131	143	142	100	80	79	189	172	190	187	189	188	153	187	154	80	99	81	1	100	75
78	79	81
82	56	74
77	83	61
43	54	44
52	40	84
51	41	52
49	53	85
62	43	42
46	45	64
50	74	54
77	4	3
7	6	72
86	61	83
62	42	51
66	87	78
3	67	77
89	83	88
90	68	85	91	92	68
91	68	90
86	59	61
66	88	77
69	83	89
76	89	82
92	73	68
50	76	74
74	76	82
88	78	93
78	81	57
49	70	50
76	69	89
44	54	48
55	64	48
55	58	64
46	64	63
55	56	58
94	63	58
5	61	60
59	72	60
59	73	72
72	71	7
96	59	86
73	92	71
59	96	73
49	85	68
96	69	68
96	68	73
89	88	93
57	94	58
65	87	66
98	78	57
57	81	94
65	2	1
67	2	65
87	75	79
65	75	87
87	79	78
49	68	70
70	69	76
86	83	69
69	96	86
83	77	88
66	78	88
93	78	98
98	82	93
55	74	56
98	57	56
41	40	52
84	53	52
84	85	53
53	49	51
89	93	82
56	82	98
103	101	102	117	106	118
106	104	105
108	91	107
103	109	107
111	35	110
38	101	39
112	12	11
115	113	114
118	116	117
84	119	120
8	118	9
37	102	38
106	105	10
119	40	39
101	119	39
10	105	11
110	121	111
116	7	95
122	117	116
102	37	123
112	105	124	111	129	123
111	36	35
127	125	126
129	111	128
130	129	127
114	12	112
103	102	109
102	123	129
131	110	34
128	121	132
106	10	9
13	12	114
133	105	104
123	37	36
117	122	108
129	109	102
9	118	106
106	134	104
135	125	132	137	125	136
136	125	135
133	124	105
123	36	111
129	130	109
120	107	85
130	138	109
108	97	91
117	134	106
126	104	139
130	139	138
137	115	125
128	127	129
130	126	139
11	105	112
124	114	112
124	115	114
13	114	113
140	124	133
137	113	115
124	140	115
128	132	125
140	126	125
140	125	115
134	108	141
107	91	85
141	107	138
139	141	138
107	109	138
128	125	127
127	126	130
139	134	141
108	107	141
139	104	134
117	108	134
116	8	7
118	8	116
122	95	97
116	95	122
122	97	108
133	104	126
126	140	133
38	102	101
119	103	120
101	103	119
84	40	119
103	107	120
120	85	84
35	34	110
142	121	110
121	142	132
121	128	111
146	144	145
148	147	31
31	30	148
147	32	31
148	30	149
33	150	151
152	28	154
155	13	113
157	156	155
158	17	16
149	30	29
146	159	160
161	149	152
164	162	163
165	19	18
168	166	167
32	150	33
167	169	163
172	170	171
156	15	14
175	173	174
156	169	15
176	131	151
16	15	169
178	177	168
17	166	18
16	169	158
165	171	170
166	165	18
179	163	169
179	156	157
166	158	167	181	148	149
173	148	180
181	149	161
173	159	147
169	167	158
34	33	151
158	166	17
148	173	147
182	150	147	179	169	156
162	167	163
183	178	168
181	180	148
175	159	173
161	184	181
162	183	167
186	179	185
186	164	163
157	185	179
145	137	135
162	175	174
168	167	183
14	155	156
14	13	155
157	155	113
157	113	137
186	185	144
185	157	137
144	185	145
151	182	176
146	135	143
159	146	182
185	137	145
135	146	145
164	186	144
163	179	186
144	160	164
164	175	162
29	152	149
29	28	152
161	152	154
161	154	188
188	184	161
171	177	172
184	174	181
184	188	190
32	147	150
182	151	150
176	182	146
34	151	131
176	146	143
176	143	131
183	162	174
184	178	174
183	174	178
190	177	184
178	184	177
190	172	177
180	181	174
180	174	173
160	159	175
182	147	159
175	164	160
160	144	146
166	171	165
170	19	165
171	166	168
177	171	168
193	191	192
195	194	25
25	24	195
194	26	25
195	24	196
27	197	198
199	46	63
200	19	170
202	201	200
203	23	22
196	24	47
193	204	205
206	196	199
209	207	208
210	1	0
213	211	212
26	197	27
212	214	208
215	80	100
201	21	20
218	216	217
201	214	21
219	153	198
22	21	214
221	220	213
23	211	0
22	214	203
210	215	100
211	210	0
222	208	214
222	201	202
211	203	212	224	195	196
216	195	223
224	196	206
216	204	194
214	212	203
28	27	198
203	211	23
195	216	194
225	197	194	222	214	201
207	212	208
226	221	213
224	223	195
218	204	216
206	227	224
207	226	212
229	222	228
229	209	208
202	228	222
192	172	189
207	218	217
213	212	226
20	200	201
20	19	200
202	200	170
202	170	172
229	228	191
228	202	172
191	228	192
198	225	219
193	189	187
204	193	225
228	172	192
189	193	192
209	229	191
208	222	229
191	205	209
209	218	207
47	199	196
47	46	199
206	199	63
206	63	94	220	99	80
94	227	206
215	220	80
227	217	224
99	227	94
26	194	197
225	198	197
219	225	193
28	198	153
219	193	187
219	187	153
226	207	217
227	221	217
226	217	221
99	220	227
221	227	220
223	224	217
223	217	216
205	204	218
225	194	204
218	209	205
205	191	193
211	215	210
210	100	1
215	211	213
220	215	213
142	110	131

#	Normal	401
-0	-0	3.57983e-006
-0	-0	1.05663e-005
-0	-0	2.04289e-005
-0	-0	3.23737e-005
-0	-0	4.57727e-005
-0	-0	5.98202e-005
-0	-0	7.32832e-005
-0	-0	8.52715e-005
-0	-0	9.51229e-005
-0	-0	1
-0	-0	-3.57983e-006
-0	-0	-1.05663e-005
-0	-0	-2.04289e-005
-0	-0	-3.23737e-005
-0	-0	-4.57727e-005
-0	-0	-5.98202e-005
-0	-0	-7.32832e-005
-0	-0	-8.52715e-005
-0	-0	-9.51229e-005
-0	-0	-1
0.923633	0.383276	-0.0015559
0.484067	0.875031	0.000817777
0.289955	0.95704	-7.88853e-005
0.865522	0.500871	-0
0.962424	0.27155	0.000303835
0.500871	0.865522	0
0.707107	0.707107	0
0.994236	0.107217	-0.000300452
0.955123	0.296209	0
0.385059	0.922892	0.000465924
0.923632	0.383276	0.00169474
0.107217	0.994236	0.000300452
0.952553	0.304374	0.000416665
0.304374	0.952553	-0.000416665
0.383276	0.923633	-0.000967146
0.383276	0.923633	0.0015559
0.867298	0.49779	-0.000209611
0.994348	0.106167	-0
0.609799	0.792556	0.000943479
0.703167	0.711024	0.00116966
0.711024	0.703167	-0.00116966
0.609002	0.793168	0.00108766
-0	-0	-0
0.991778	0.127971	-0
0.879384	0.476112	-0.000926349
0.703287	0.710905	0.00113414
0.793168	0.609002	-0.00108766
0.0961435	0.995367	0
0.280139	0.959959	0.000628682
0.167945	0.985793	0.00249705
0.609002	0.793168	-0.00129065
0.991518	0.129966	-0.00053655
0.711636	0.702548	0.000231764
0.793168	0.609002	0.00129066
0.129966	0.991518	0.00053655
0.655823	0.754914	-0.000681005
0.509191	0.860653	0.00108002
0.956674	0.291162	0.000477458
0.869693	0.49359	-0.00143407
0.802022	0.597294	0.000796522
0.113615	0.993525	0
7.16419e-006	6.26486e-005	0
0.485581	0.874191	0.00103592
0.876286	0.48179	0.00118159
0.67762	0.735411	-0.0015868
0.771226	0.636561	-0.000802838
0.104293	0.994547	-0.000408592
0.714593	0.699539	-0.00138211
0.768139	0.640283	0.000615682
0.932198	0.361941	0.00225371
0.993387	0.114812	0.000863384
0.452411	0.891806	-0.00243702
0.681436	0.731875	0.00206811
0.871027	0.491233	0.00125331
0.954915	0.296881	0
0.956181	0.292776	0.00022781
0.994192	0.107619	-0
0.95957	0.281468	-0.00053195
0.995202	0.0978429	-0
0.491233	0.871027	-0.00125331
0.296881	0.954915	-0
0.292776	0.956181	-0.00022781
0.107619	0.994192	0
0.476147	0.879366	-0.000273745
0.0978429	0.995202	0
0.286669	0.95803	0.000182872
0.16948	0.985532	-0.00163116
0.417993	0.908443	-0.00370473
0.288324	0.957533	0.000287896
0.850272	0.526343	-0.000986112
0.99562	0.093493	-0.000275406
0.95486	0.297056	5.04059e-005
0.962014	0.272999	-0.000532835
0.995994	0.0894236	-0
0.991518	0.129966	0.000609207
0.952674	0.303995	-0.000464029
0.994222	0.107345	-0
0.994358	0.106077	-4.40914e-005
0.993441	0.114343	-0.000894162
0.40857	0.912725	0.00199331
0.615629	0.788036	-0.000332952
0.655743	0.754984	-0.000511122
0.462667	0.886532	0.000514045
0.793774	0.608213	-0.000621257
0.912335	0.409442	-0.00161137
0.936124	0.351669	0.00068907
0.886518	0.462694	-0.000879632
0.874666	0.484725	0.000838704
0.963375	0.268158	0.000129348
0.129966	0.991518	-0.00107825
0.0974554	0.99524	8.13235e-005
0.0989594	0.995091	-0
0.283479	0.958978	-0.000409152
0.849744	0.527195	0.000768204
0.886975	0.461817	-0.000267795
-0.499964	0.866046	-0
-0.712019	0.702159	0.0011544
-0.149091	0.988823	-0.000836013
-0.472719	0.881213	0.000822893
-0.959684	0.28108	0.00061439
-0.383276	0.923632	-0.00179154
-0.923633	0.383276	0.0015559
-0.994495	0.104787	0.00022255
-0.296209	0.955123	-0
-0.0912025	0.995832	0.000148511
-0.383276	0.923632	0.00165385
-0.609002	0.793168	-0.00116463
-0.704124	0.710076	-0.00119614
-0.129697	0.991553	-0.00129583
-0.287567	0.95776	0.00101215
-0.794179	0.607683	0.00106016
-0.956905	0.290403	-5.60191e-005
-0.106167	0.994348	-0
-0.297145	0.954832	5.57137e-005
-0.71081	0.703383	0.00124707
-0.865522	0.500871	-0
-0.923633	0.383276	-0.000967146
-0.922263	0.386562	0.000446034
-0.874528	0.484974	0.000773876
-0.786182	0.617995	0.000959959
-0.951936	0.306297	-0.000369253
-0.495311	0.868716	-0.00041107
-0.708154	0.706058	-0
-0.995394	0.0958736	-0
-0.986057	0.166387	0.00244048
-0.609002	0.793168	0.00129066
-0.991518	0.129966	0.00059712
-0.755102	0.655607	-0.000620412
-0.794179	0.607683	-0.00127128
-0.290026	0.957019	0.000561012
-0.699091	0.715032	0.000428415
-0.492576	0.870268	-0.00145696
-0.599944	0.800042	-0.000754174
-0.993795	0.111228	-0
-6.26482e-005	7.01172e-006	-0
-0.874603	0.484839	0.00108595
-0.860484	0.509476	0.00108482
-0.696373	0.717678	-0.00158328
-0.154528	0.987987	0.00171961
-0.622484	0.782632	0.000897414
-0.137243	0.990537	-0
-0.481081	0.876675	0.00117085
-0.736226	0.676734	-0.00160212
-0.617946	0.78622	-0.00105687
-0.994649	0.103315	-0.000346652
-0.890313	0.455344	-0.00227863
-0.732778	0.680464	0.00196257
-0.871027	0.491233	-0.00125331
-0.954044	0.299668	-0
-0.955793	0.294039	-0.000312864
-0.994463	0.105085	-0
-0.879942	0.475081	-0.000271066
-0.995202	0.0978429	-0
-0.95803	0.286669	0.000182872
-0.985801	0.16791	-0.0016541
-0.908096	0.418747	-0.00363445
-0.957213	0.289383	0.000355086
-0.372918	0.927863	0.0012515
-0.16413	0.986439	-0
-0.437936	0.899006	-0.00100989
-0.524538	0.851387	0.000846274
-0.441595	0.897213	-0.0013947
-0.912519	0.409029	0.00200054
-0.783497	0.621395	-0.000273422
-0.53157	0.847014	-0.000755709
-0.361826	0.932245	0.000392071
-0.584598	0.811322	0.000997919
-0.402893	0.915247	-0.00115573
-0.129697	0.991554	0.000602297
-0.30437	0.952554	-0.000486428
-0.105623	0.994406	-0
-0.106208	0.994344	1.99137e-005
-0.116569	0.993182	-0.00145555
-0.755125	0.65558	-0.000564204
-0.88673	0.462288	0.000477815
-0.487512	0.873115	0.00141754
-0.285793	0.958291	-0.000129488
-0.282862	0.959161	-0
-0.0883383	0.996091	-0
-0.284213	0.958761	-0.000486633
-0.0931603	0.995651	-0
-0.991518	0.129966	-0.00108989
-0.995254	0.0973092	8.92323e-005
-0.995091	0.0989594	-0
-0.959335	0.282269	-0.000470764
-0.96459	-0.263753	0.000674322
-0.711036	-0.703154	0.00116996
-0.609002	-0.793168	-0.00108766
-0.793403	-0.608695	-0.00128306
-0.490184	-0.871618	0.00127321
-0.952068	-0.305885	0.00041327
-0.0863634	-0.996264	-0
-0.996264	-0.0863634	0
-0.959308	-0.28236	0.000141014
-0.609002	-0.793168	0.00129066
-0.383276	-0.923633	-0.00151835
-0.932198	-0.361941	-0.0022537
-0.282345	-0.959313	-0.000167049
-0.768291	-0.640101	-0.00063267
-0.129697	-0.991553	0.00108126
-0.48419	-0.874963	-0.000768845
-0.923939	-0.382536	-0.00167429
-0.711638	-0.702547	-0.000231138
-0.0989594	-0.995091	-0
-0.923939	-0.382536	0.00153713
-0.676679	-0.736276	0.00165404
-0.871618	-0.490184	-0.00127321
-0.994628	-0.103513	4.53353e-005
-0.793403	-0.608696	0.00108126
-0.270044	-0.962848	-0.000435449
-0.383276	-0.923633	0.00094381
-0.703156	-0.711034	-0.00116937
-0.0973092	-0.995254	-8.92324e-005
-0.280778	-0.959772	-0.000636074
-0.868052	-0.496473	0.0002377
-0.95812	-0.286366	-0
-0.499964	-0.866046	0
-0.654392	-0.756155	0.000665406
-0.287102	-0.9579	-0
-0.796124	-0.605133	0.000610927
-0.707107	-0.707107	-0
-0.991518	-0.129966	-0.000674474
-0.508411	-0.861114	-0.00109783
-0.703084	-0.711106	-0.00119075
-0.866046	-0.499964	-0
-0.71459	-0.699542	0.00138089
-0.434277	-0.900779	0.000481491
-0.484549	-0.874763	-0.00104559
-0.804186	-0.594378	-0.000782439
-0.289156	-0.957282	-0.000638709
-0.609475	-0.792805	-0.000936048
-0.934974	-0.354715	-0.000810049
-0.855961	-0.51704	0.000578489
-0.957237	-0.289305	0.000916022
-0.996933	-0.0782576	0
-0.6806	-0.732652	-0.00209303
-0.453258	-0.891376	0.0024199
-0.959123	-0.282986	-0.000941788
-0.991517	-0.129966	0.00136099
-0.995896	-0.0905045	-0.00020899
-0.995651	-0.0931603	0
-0.933543	-0.358465	0.000918393
-0.990125	-0.140179	-0.00129938
-0.964871	-0.262723	-0.000998373
-0.953992	-0.299831	-5.18072e-005
-0.991778	-0.127971	0
-0.912335	-0.409442	0.00161137
-0.992084	-0.125559	0.00192761
-0.994066	-0.108768	-0.0012595
-0.888536	-0.458806	-0.00108815
-0.860006	-0.510282	0.00135333
-0.887971	-0.459898	0.000839071
-0.770464	-0.637483	0.000776626
-0.283002	-0.959119	0.000969122
-0.129697	-0.991553	-0.00135256
-0.0903449	-0.995911	0.000200935
-0.0928911	-0.995676	-0
-0.129818	-0.991537	0.00102292
-0.0957238	-0.995408	0.000116692
-0.396665	-0.917962	0.00161764
-0.13148	-0.991319	-0
-0.870268	-0.492576	0.00145696
-0.954265	-0.298963	-0
-0.955545	-0.294847	-0.000413721
-0.994618	-0.103606	0
-0.993631	-0.112675	0.00100348
-0.994491	-0.104818	0
-0.6151	-0.788449	0.000290773
-0.416443	-0.909159	-0.00216034
-0.450807	-0.892621	-0.000280401
-0.106652	-0.994296	-0.00107792
-0.282735	-0.959198	0.000509763
-0.0931603	-0.995651	-0
-0.479839	-0.877357	-0.000389571
-0.65434	-0.7562	0.000556948
-0.851014	-0.525142	0.00096123
-0.876582	-0.481251	-0.00116036
-0.850491	-0.525989	-0.000786776
-0.936124	-0.351669	-0.000689071
-0.290403	-0.956905	5.60192e-005
-0.0958736	-0.995394	-0
-0.282269	-0.959335	0.000470764
-0.260773	-0.9654	-7.64267e-005
0.263086	-0.964772	0.000665858
0.702198	-0.711981	0.00114289
0.79239	-0.610014	-0.00110878
0.609002	-0.793168	-0.00129065
0.871618	-0.490184	0.00127321
0.303995	-0.952674	0.000464028
0.995994	-0.0894236	-0
0.0866296	-0.996241	-0
0.281658	-0.959515	0.000165706
0.792389	-0.610014	0.00131572
0.923939	-0.382536	-0.00153713
0.361102	-0.932524	-0.00226946
0.960009	-0.279967	-0.000225176
0.639843	-0.768505	-0.000629991
0.991518	-0.129966	0.00108989
0.875464	-0.483284	-0.000812776
0.383276	-0.923632	-0.00169474
0.701534	-0.712636	-0.000229343
0.995091	-0.0989594	-0
0.383276	-0.923633	0.0015559
0.736276	-0.676679	0.00165404
0.491233	-0.871027	-0.00125331
0.106057	-0.99436	5.418e-005
0.609002	-0.793168	0.00108766
0.962522	-0.271202	-0.000349355
0.92394	-0.382536	0.000955479
0.709898	-0.704303	-0.0011432
0.995254	-0.0973092	-8.92324e-005
0.959684	-0.28108	-0.00061439
0.49779	-0.867298	0.000209611
0.286366	-0.95812	-0
0.866046	-0.499964	-0
0.756127	-0.654424	0.000732923
0.95812	-0.286366	-0
0.606289	-0.795244	0.000592373
0.706058	-0.708154	-0
0.129966	-0.991518	-0.000609206
0.861114	-0.508411	-0.00109783
0.70999	-0.704211	-0.00117057
0.500871	-0.865522	-0
0.698584	-0.715527	0.00134874
0.900403	-0.435056	0.000560671
0.874022	-0.485885	-0.000955434
0.595848	-0.803097	-0.000759102
0.957491	-0.288461	-0.000653014
0.793045	-0.609162	-0.00100402
0.353736	-0.935345	-0.000823144
0.519454	-0.854498	0.000555916
0.28921	-0.957265	0.000886413
0.0785239	-0.996912	-0
0.732652	-0.6806	-0.00209303
0.891726	-0.452571	0.00234932
0.282307	-0.959324	-0.000958406
0.129966	-0.991517	0.00134855
0.0906132	-0.995886	-0.000200431
0.0931603	-0.995651	-0
0.357544	-0.933896	0.000936362
0.140503	-0.990079	-0.00130834
0.262072	-0.965048	-0.000984275
0.296578	-0.955009	-2.1981e-005
0.128243	-0.991743	-0
0.408953	-0.912554	0.00162985
0.12584	-0.992049	0.00192171
0.109052	-0.994035	-0.00125601
0.460794	-0.887506	-0.00112893
0.51227	-0.858823	0.00138215
0.461924	-0.886919	0.000868452
0.637205	-0.770694	0.000784522
0.959802	-0.280676	0.000998283
0.991518	-0.129966	-0.00126607
0.995787	-0.0916999	0.000114932
0.995651	-0.0931603	-0
0.991535	-0.129834	0.00101299
0.995408	-0.0957238	0.000116693
0.917385	-0.397998	0.00164617
0.991319	-0.13148	-0
0.49359	-0.869693	0.00143407
0.296209	-0.955123	-0
0.290394	-0.956907	-0.000471366
0.106167	-0.994348	-0
0.114618	-0.993409	0.000892076
0.107619	-0.994192	-0
0.788449	-0.6151	0.000290773
0.908412	-0.418071	-0.00219364
0.891459	-0.453101	-0.000272885
0.994296	-0.106652	-0.00107791
0.959198	-0.282735	0.000509762
0.876303	-0.481761	-0.000379838
0.7562	-0.65434	0.000556948
0.526343	-0.850272	0.000986111
0.48179	-0.876286	-0.00118159
0.527182	-0.849752	-0.000741861
0.350826	-0.93644	-0.000700672
0.956905	-0.290403	5.60192e-005
0.995394	-0.0958736	-0
0.958978	-0.283479	0.000409152
0.964448	-0.264273	-8.05931e-005
-5.38076e-005	5.18261e-006	-0

#	Mesh	0	End

