#	Mesh	0	Begin

#	Vertex	824
73.1399	87.8218	0.911797
73.1385	87.839	0.911797
73.1158	87.8372	0.911797
73.1172	87.82	0.911797
73.1179	87.817	0.911797
73.1192	87.8144	0.911797
73.1212	87.8122	0.911797
73.1237	87.8106	0.911797
73.1265	87.8097	0.911797
73.1295	87.8095	0.911797
73.1324	87.8102	0.911797
73.135	87.8115	0.911797
73.1372	87.8135	0.911797
73.1389	87.816	0.911797
73.1398	87.8188	0.911797
73.1172	87.82	0.881797
73.1158	87.8372	0.881797
73.1385	87.839	0.881797
73.1399	87.8218	0.881797
73.1398	87.8188	0.881797
73.1389	87.816	0.881797
73.1372	87.8135	0.881797
73.135	87.8115	0.881797
73.1324	87.8102	0.881797
73.1295	87.8095	0.881797
73.1265	87.8097	0.881797
73.1237	87.8106	0.881797
73.1212	87.8122	0.881797
73.1192	87.8144	0.881797
73.1179	87.817	0.881797
73.1388	87.836	0.904559
73.1161	87.8342	0.904559
73.1388	87.835	0.896797
73.1162	87.8332	0.896797
73.1388	87.836	0.889036
73.1161	87.8342	0.889036
73.1343	87.8911	0.881797
73.1329	87.9084	0.881797
73.1329	87.9084	0.911797
73.1343	87.8911	0.911797
73.1341	87.8941	0.904559
73.134	87.8951	0.896797
73.1341	87.8941	0.889036
73.1102	87.9065	0.881797
73.1116	87.8893	0.881797
73.1114	87.8923	0.889036
73.1113	87.8933	0.896797
73.1114	87.8923	0.904559
73.1116	87.8893	0.911797
73.1102	87.9065	0.911797
73.1151	87.9168	0.881797
73.1177	87.9181	0.881797
73.1206	87.9188	0.881797
73.1236	87.9186	0.881797
73.1264	87.9177	0.881797
73.1289	87.9161	0.881797
73.1309	87.9139	0.881797
73.1323	87.9112	0.881797
73.1104	87.9095	0.881797
73.1113	87.9123	0.881797
73.1129	87.9148	0.881797
73.1236	87.9186	0.911797
73.1206	87.9188	0.911797
73.1177	87.9181	0.911797
73.1151	87.9168	0.911797
73.1129	87.9148	0.911797
73.1113	87.9123	0.911797
73.1104	87.9095	0.911797
73.1323	87.9112	0.911797
73.1309	87.9139	0.911797
73.1289	87.9161	0.911797
73.1264	87.9177	0.911797
73.1413	87.8806	0.922908
73.1405	87.89	0.921314
73.1411	87.8828	0.926824
73.1408	87.8868	0.918116
73.1419	87.8733	0.92592
73.1401	87.8955	0.914133
73.1404	87.8916	0.911872
73.1402	87.8946	0.904601
73.1398	87.8989	0.905771
73.1401	87.8956	0.896797
73.1397	87.9001	0.896797
73.1402	87.8946	0.888994
73.1398	87.8989	0.887823
73.1404	87.8916	0.881722
73.1401	87.8955	0.879461
73.1408	87.8868	0.875478
73.1405	87.89	0.87228
73.1413	87.8806	0.870687
73.1411	87.8828	0.86677
73.1419	87.8733	0.867674
73.1418	87.8745	0.863306
73.1425	87.8656	0.866647
73.1425	87.8656	0.862125
73.1431	87.8578	0.867674
73.1432	87.8566	0.863306
73.1437	87.8505	0.870687
73.1439	87.8483	0.86677
73.1442	87.8443	0.875478
73.1445	87.8411	0.87228
73.1446	87.8395	0.881722
73.1449	87.8356	0.879461
73.1452	87.8322	0.887823
73.1449	87.8365	0.888994
73.1453	87.831	0.896797
73.1449	87.8355	0.896797
73.1452	87.8322	0.905771
73.1449	87.8365	0.904601
73.1449	87.8356	0.914133
73.1446	87.8395	0.911872
73.1445	87.8411	0.921314
73.1442	87.8443	0.918116
73.1439	87.8483	0.926824
73.1437	87.8505	0.922908
73.1432	87.8566	0.930288
73.1431	87.8578	0.92592
73.1425	87.8656	0.93147
73.1425	87.8656	0.926947
73.1418	87.8745	0.930288
73.1062	87.88	0.926824
73.1056	87.8872	0.921314
73.1064	87.8778	0.922908
73.107	87.8705	0.92592
73.1069	87.8717	0.930288
73.1059	87.884	0.918116
73.1052	87.8927	0.914133
73.1055	87.8888	0.911872
73.1053	87.8918	0.904601
73.1049	87.8961	0.905771
73.1052	87.8928	0.896797
73.1048	87.8973	0.896797
73.1053	87.8918	0.888994
73.1049	87.8961	0.887823
73.1055	87.8888	0.881722
73.1052	87.8927	0.879461
73.1059	87.884	0.875478
73.1056	87.8872	0.87228
73.1064	87.8778	0.870687
73.1062	87.88	0.86677
73.107	87.8705	0.867674
73.1069	87.8717	0.863306
73.1076	87.8627	0.866647
73.1076	87.8627	0.862125
73.1083	87.855	0.867674
73.1084	87.8538	0.863306
73.1088	87.8477	0.870687
73.109	87.8455	0.86677
73.1093	87.8415	0.875478
73.1096	87.8383	0.87228
73.1097	87.8367	0.881722
73.11	87.8328	0.879461
73.1103	87.8294	0.887823
73.11	87.8337	0.888994
73.1104	87.8282	0.896797
73.1101	87.8327	0.896797
73.1103	87.8294	0.905771
73.11	87.8337	0.904601
73.11	87.8328	0.914133
73.1097	87.8367	0.911872
73.1096	87.8383	0.921314
73.1093	87.8415	0.918116
73.109	87.8455	0.926824
73.1088	87.8477	0.922908
73.1084	87.8538	0.930288
73.1083	87.855	0.92592
73.1076	87.8627	0.93147
73.1076	87.8627	0.926947
73.3791	87.8412	0.911797
73.3777	87.8584	0.911797
73.3551	87.8565	0.911797
73.3565	87.8393	0.911797
73.3571	87.8364	0.911797
73.3584	87.8338	0.911797
73.3604	87.8316	0.911797
73.3629	87.83	0.911797
73.3657	87.8291	0.911797
73.3687	87.8289	0.911797
73.3716	87.8295	0.911797
73.3743	87.8309	0.911797
73.3765	87.8329	0.911797
73.3781	87.8354	0.911797
73.379	87.8382	0.911797
73.3565	87.8393	0.881797
73.3551	87.8565	0.881797
73.3777	87.8584	0.881797
73.3791	87.8412	0.881797
73.379	87.8382	0.881797
73.3781	87.8354	0.881797
73.3765	87.8329	0.881797
73.3743	87.8309	0.881797
73.3716	87.8295	0.881797
73.3687	87.8289	0.881797
73.3657	87.8291	0.881797
73.3629	87.83	0.881797
73.3604	87.8316	0.881797
73.3584	87.8338	0.881797
73.3571	87.8364	0.881797
73.378	87.8554	0.904559
73.3553	87.8536	0.904559
73.3781	87.8544	0.896797
73.3554	87.8526	0.896797
73.378	87.8554	0.889036
73.3553	87.8536	0.889036
73.3735	87.9105	0.881797
73.3721	87.9277	0.881797
73.3721	87.9277	0.911797
73.3735	87.9105	0.911797
73.3733	87.9135	0.904559
73.3732	87.9145	0.896797
73.3733	87.9135	0.889036
73.3494	87.9259	0.881797
73.3508	87.9087	0.881797
73.3506	87.9117	0.889036
73.3505	87.9127	0.896797
73.3506	87.9117	0.904559
73.3508	87.9087	0.911797
73.3494	87.9259	0.911797
73.3543	87.9362	0.881797
73.357	87.9375	0.881797
73.3599	87.9381	0.881797
73.3628	87.938	0.881797
73.3656	87.9371	0.881797
73.3681	87.9355	0.881797
73.3701	87.9333	0.881797
73.3715	87.9306	0.881797
73.3496	87.9289	0.881797
73.3505	87.9317	0.881797
73.3521	87.9342	0.881797
73.3628	87.938	0.911797
73.3599	87.9381	0.911797
73.357	87.9375	0.911797
73.3543	87.9362	0.911797
73.3521	87.9342	0.911797
73.3505	87.9317	0.911797
73.3496	87.9289	0.911797
73.3715	87.9306	0.911797
73.3701	87.9333	0.911797
73.3681	87.9355	0.911797
73.3656	87.9371	0.911797
73.3805	87.9	0.922908
73.3798	87.9094	0.921314
73.3803	87.9022	0.926824
73.38	87.9062	0.918116
73.3811	87.8927	0.92592
73.3793	87.9149	0.914133
73.3796	87.911	0.911872
73.3794	87.914	0.904601
73.379	87.9183	0.905771
73.3793	87.915	0.896797
73.3789	87.9195	0.896797
73.3794	87.914	0.888994
73.379	87.9183	0.887823
73.3796	87.911	0.881722
73.3793	87.9149	0.879461
73.38	87.9062	0.875478
73.3798	87.9094	0.87228
73.3805	87.9	0.870687
73.3803	87.9022	0.86677
73.3811	87.8927	0.867674
73.381	87.8939	0.863306
73.3817	87.8849	0.866647
73.3817	87.8849	0.862125
73.3824	87.8772	0.867674
73.3825	87.876	0.863306
73.3829	87.8699	0.870687
73.3831	87.8677	0.86677
73.3835	87.8637	0.875478
73.3837	87.8605	0.87228
73.3838	87.8589	0.881722
73.3842	87.855	0.879461
73.3844	87.8516	0.887823
73.3841	87.8559	0.888994
73.3845	87.8504	0.896797
73.3842	87.8549	0.896797
73.3844	87.8516	0.905771
73.3841	87.8559	0.904601
73.3842	87.855	0.914133
73.3838	87.8589	0.911872
73.3837	87.8605	0.921314
73.3835	87.8637	0.918116
73.3831	87.8677	0.926824
73.3829	87.8699	0.922908
73.3825	87.876	0.930288
73.3824	87.8772	0.92592
73.3817	87.8849	0.93147
73.3817	87.8849	0.926947
73.381	87.8939	0.930288
73.3454	87.8994	0.926824
73.3449	87.9066	0.921314
73.3456	87.8971	0.922908
73.3462	87.8899	0.92592
73.3461	87.8911	0.930288
73.3451	87.9034	0.918116
73.3444	87.912	0.914133
73.3447	87.9081	0.911872
73.3445	87.9111	0.904601
73.3441	87.9155	0.905771
73.3444	87.9122	0.896797
73.344	87.9167	0.896797
73.3445	87.9111	0.888994
73.3441	87.9155	0.887823
73.3447	87.9081	0.881722
73.3444	87.912	0.879461
73.3451	87.9034	0.875478
73.3449	87.9066	0.87228
73.3456	87.8971	0.870687
73.3454	87.8994	0.86677
73.3462	87.8899	0.867674
73.3461	87.8911	0.863306
73.3468	87.8821	0.866647
73.3468	87.8821	0.862125
73.3475	87.8743	0.867674
73.3476	87.8732	0.863306
73.3481	87.8671	0.870687
73.3482	87.8648	0.86677
73.3486	87.8609	0.875478
73.3488	87.8577	0.87228
73.349	87.8561	0.881722
73.3493	87.8522	0.879461
73.3495	87.8487	0.887823
73.3492	87.8531	0.888994
73.3496	87.8476	0.896797
73.3493	87.8521	0.896797
73.3495	87.8487	0.905771
73.3492	87.8531	0.904601
73.3493	87.8522	0.914133
73.349	87.8561	0.911872
73.3488	87.8577	0.921314
73.3486	87.8609	0.918116
73.3482	87.8648	0.926824
73.3481	87.8671	0.922908
73.3476	87.8732	0.930288
73.3475	87.8743	0.92592
73.3468	87.8821	0.93147
73.3468	87.8821	0.926947
73.3261	87.7915	0.916797
73.3052	87.7898	0.916797
73.307	87.7672	0.916797
73.3279	87.7688	0.916797
73.3308	87.7695	0.916797
73.3334	87.7708	0.916797
73.3356	87.7728	0.916797
73.3373	87.7753	0.916797
73.3382	87.7781	0.916797
73.3383	87.7811	0.916797
73.3377	87.784	0.916797
73.3363	87.7866	0.916797
73.3344	87.7889	0.916797
73.3319	87.7905	0.916797
73.329	87.7914	0.916797
73.3279	87.7688	0.876797
73.307	87.7672	0.876797
73.3052	87.7898	0.876797
73.3261	87.7915	0.876797
73.329	87.7914	0.876797
73.3319	87.7905	0.876797
73.3344	87.7889	0.876797
73.3363	87.7866	0.876797
73.3377	87.784	0.876797
73.3383	87.7811	0.876797
73.3382	87.7781	0.876797
73.3373	87.7753	0.876797
73.3356	87.7728	0.876797
73.3334	87.7708	0.876797
73.3308	87.7695	0.876797
73.3079	87.79	0.906959
73.3097	87.7674	0.906959
73.3088	87.7901	0.896797
73.3106	87.7674	0.896797
73.3079	87.79	0.886635
73.3097	87.7674	0.886635
73.1985	87.7812	0.876797
73.1776	87.7795	0.876797
73.1776	87.7795	0.916797
73.1985	87.7812	0.916797
73.1958	87.781	0.906959
73.1949	87.7809	0.896797
73.1958	87.781	0.886635
73.1794	87.7568	0.876797
73.2003	87.7585	0.876797
73.1976	87.7583	0.886635
73.1967	87.7582	0.896797
73.1976	87.7583	0.906959
73.2003	87.7585	0.916797
73.1794	87.7568	0.916797
73.1712	87.7595	0.876797
73.1692	87.7617	0.876797
73.1678	87.7643	0.876797
73.1672	87.7672	0.876797
73.1673	87.7702	0.876797
73.1682	87.773	0.876797
73.1699	87.7755	0.876797
73.1721	87.7775	0.876797
73.1747	87.7789	0.876797
73.1765	87.757	0.876797
73.1736	87.7579	0.876797
73.1678	87.7643	0.916797
73.1692	87.7617	0.916797
73.1712	87.7595	0.916797
73.1736	87.7579	0.916797
73.1765	87.757	0.916797
73.1747	87.7789	0.916797
73.1721	87.7775	0.916797
73.1699	87.7755	0.916797
73.1682	87.773	0.916797
73.1673	87.7702	0.916797
73.1672	87.7672	0.916797
73.2229	87.7893	0.946291
73.205	87.7879	0.94327
73.2186	87.789	0.953715
73.2111	87.7883	0.937208
73.2366	87.7904	0.952
73.1946	87.787	0.929658
73.202	87.7876	0.925372
73.1963	87.7872	0.911589
73.1881	87.7865	0.913807
73.1944	87.787	0.896797
73.1858	87.7863	0.896797
73.1963	87.7872	0.882006
73.1881	87.7865	0.879787
73.202	87.7876	0.868222
73.1946	87.787	0.863936
73.2111	87.7883	0.856386
73.205	87.7879	0.850324
73.2229	87.7893	0.847304
73.2186	87.789	0.83988
73.2366	87.7904	0.841594
73.2344	87.7902	0.833314
73.2513	87.7916	0.839647
73.2513	87.7916	0.831075
73.2661	87.7928	0.841594
73.2683	87.793	0.833314
73.2798	87.7939	0.847304
73.2841	87.7943	0.83988
73.2916	87.7949	0.856386
73.2977	87.7954	0.850324
73.3007	87.7956	0.868222
73.3081	87.7962	0.863936
73.3146	87.7967	0.879787
73.3064	87.7961	0.882006
73.3168	87.7969	0.896797
73.3083	87.7962	0.896797
73.3146	87.7967	0.913807
73.3064	87.7961	0.911589
73.3081	87.7962	0.929658
73.3007	87.7956	0.925372
73.2977	87.7954	0.94327
73.2916	87.7949	0.937208
73.2841	87.7943	0.953715
73.2798	87.7939	0.946291
73.2683	87.793	0.96028
73.2661	87.7928	0.952
73.2513	87.7916	0.96252
73.2513	87.7916	0.953947
73.2344	87.7902	0.96028
73.2214	87.7541	0.953715
73.2078	87.753	0.94327
73.2257	87.7544	0.946291
73.2394	87.7555	0.952
73.2372	87.7554	0.96028
73.2139	87.7535	0.937208
73.1974	87.7521	0.929658
73.2048	87.7527	0.925372
73.1991	87.7523	0.911589
73.1909	87.7516	0.913807
73.1972	87.7521	0.896797
73.1887	87.7514	0.896797
73.1991	87.7523	0.882006
73.1909	87.7516	0.879787
73.2048	87.7527	0.868222
73.1974	87.7521	0.863936
73.2139	87.7535	0.856386
73.2078	87.753	0.850324
73.2257	87.7544	0.847304
73.2214	87.7541	0.83988
73.2394	87.7555	0.841594
73.2372	87.7554	0.833314
73.2542	87.7567	0.839647
73.2542	87.7567	0.831075
73.2689	87.7579	0.841594
73.2711	87.7581	0.833314
73.2826	87.759	0.847304
73.2869	87.7594	0.83988
73.2944	87.76	0.856386
73.3005	87.7605	0.850324
73.3035	87.7607	0.868222
73.3109	87.7613	0.863936
73.3174	87.7619	0.879787
73.3092	87.7612	0.882006
73.3197	87.762	0.896797
73.3111	87.7613	0.896797
73.3174	87.7619	0.913807
73.3092	87.7612	0.911589
73.3109	87.7613	0.929658
73.3035	87.7607	0.925372
73.3005	87.7605	0.94327
73.2944	87.76	0.937208
73.2869	87.7594	0.953715
73.2826	87.759	0.946291
73.2711	87.7581	0.96028
73.2689	87.7579	0.952
73.2542	87.7567	0.96252
73.2542	87.7567	0.953947
73.3099	87.9909	0.916797
73.289	87.9892	0.916797
73.2909	87.9665	0.916797
73.3118	87.9682	0.916797
73.3146	87.9688	0.916797
73.3173	87.9702	0.916797
73.3195	87.9722	0.916797
73.3211	87.9747	0.916797
73.322	87.9775	0.916797
73.3222	87.9804	0.916797
73.3215	87.9834	0.916797
73.3202	87.986	0.916797
73.3182	87.9882	0.916797
73.3157	87.9898	0.916797
73.3129	87.9907	0.916797
73.3118	87.9682	0.876797
73.2909	87.9665	0.876797
73.289	87.9892	0.876797
73.3099	87.9909	0.876797
73.3129	87.9907	0.876797
73.3157	87.9898	0.876797
73.3182	87.9882	0.876797
73.3202	87.986	0.876797
73.3215	87.9834	0.876797
73.3222	87.9804	0.876797
73.322	87.9775	0.876797
73.3211	87.9747	0.876797
73.3195	87.9722	0.876797
73.3173	87.9702	0.876797
73.3146	87.9688	0.876797
73.2917	87.9894	0.906959
73.2936	87.9667	0.906959
73.2926	87.9895	0.896797
73.2945	87.9668	0.896797
73.2917	87.9894	0.886635
73.2936	87.9667	0.886635
73.1823	87.9805	0.876797
73.1615	87.9788	0.876797
73.1615	87.9788	0.916797
73.1823	87.9805	0.916797
73.1796	87.9803	0.906959
73.1787	87.9802	0.896797
73.1796	87.9803	0.886635
73.1633	87.9562	0.876797
73.1842	87.9579	0.876797
73.1815	87.9576	0.886635
73.1806	87.9576	0.896797
73.1815	87.9576	0.906959
73.1842	87.9579	0.916797
73.1633	87.9562	0.916797
73.155	87.9588	0.876797
73.153	87.961	0.876797
73.1517	87.9637	0.876797
73.151	87.9666	0.876797
73.1512	87.9695	0.876797
73.1521	87.9724	0.876797
73.1537	87.9749	0.876797
73.1559	87.9769	0.876797
73.1585	87.9782	0.876797
73.1603	87.9563	0.876797
73.1575	87.9572	0.876797
73.1517	87.9637	0.916797
73.153	87.961	0.916797
73.155	87.9588	0.916797
73.1575	87.9572	0.916797
73.1603	87.9563	0.916797
73.1585	87.9782	0.916797
73.1559	87.9769	0.916797
73.1537	87.9749	0.916797
73.1521	87.9724	0.916797
73.1512	87.9695	0.916797
73.151	87.9666	0.916797
73.2067	87.9886	0.946291
73.1889	87.9872	0.94327
73.2024	87.9883	0.953715
73.1949	87.9877	0.937208
73.2204	87.9898	0.952
73.1785	87.9864	0.929658
73.1859	87.987	0.925372
73.1802	87.9865	0.911589
73.1719	87.9858	0.913807
73.1782	87.9863	0.896797
73.1697	87.9856	0.896797
73.1802	87.9865	0.882006
73.1719	87.9858	0.879787
73.1859	87.987	0.868222
73.1785	87.9864	0.863936
73.1949	87.9877	0.856386
73.1889	87.9872	0.850324
73.2067	87.9886	0.847304
73.2024	87.9883	0.83988
73.2204	87.9898	0.841594
73.2182	87.9896	0.833314
73.2352	87.991	0.839647
73.2352	87.991	0.831075
73.2499	87.9921	0.841594
73.2521	87.9923	0.833314
73.2637	87.9933	0.847304
73.2679	87.9936	0.83988
73.2755	87.9942	0.856386
73.2815	87.9947	0.850324
73.2845	87.995	0.868222
73.2919	87.9956	0.863936
73.2985	87.9961	0.879787
73.2902	87.9954	0.882006
73.3007	87.9963	0.896797
73.2921	87.9956	0.896797
73.2985	87.9961	0.913807
73.2902	87.9954	0.911589
73.2919	87.9956	0.929658
73.2845	87.995	0.925372
73.2815	87.9947	0.94327
73.2755	87.9942	0.937208
73.2679	87.9936	0.953715
73.2637	87.9933	0.946291
73.2521	87.9923	0.96028
73.2499	87.9921	0.952
73.2352	87.991	0.96252
73.2352	87.991	0.953947
73.2182	87.9896	0.96028
73.2053	87.9534	0.953715
73.1917	87.9523	0.94327
73.2095	87.9538	0.946291
73.2233	87.9549	0.952
73.2211	87.9547	0.96028
73.1977	87.9528	0.937208
73.1813	87.9515	0.929658
73.1887	87.9521	0.925372
73.183	87.9516	0.911589
73.1747	87.9509	0.913807
73.181	87.9515	0.896797
73.1725	87.9508	0.896797
73.183	87.9516	0.882006
73.1747	87.9509	0.879787
73.1887	87.9521	0.868222
73.1813	87.9515	0.863936
73.1977	87.9528	0.856386
73.1917	87.9523	0.850324
73.2095	87.9538	0.847304
73.2053	87.9534	0.83988
73.2233	87.9549	0.841594
73.2211	87.9547	0.833314
73.238	87.9561	0.839647
73.238	87.9561	0.831075
73.2528	87.9573	0.841594
73.255	87.9574	0.833314
73.2665	87.9584	0.847304
73.2708	87.9587	0.83988
73.2783	87.9593	0.856386
73.2843	87.9598	0.850324
73.2873	87.9601	0.868222
73.2947	87.9607	0.863936
73.3013	87.9612	0.879787
73.293	87.9605	0.882006
73.3035	87.9614	0.896797
73.295	87.9607	0.896797
73.3013	87.9612	0.913807
73.293	87.9605	0.911589
73.2947	87.9607	0.929658
73.2873	87.9601	0.925372
73.2843	87.9598	0.94327
73.2783	87.9593	0.937208
73.2708	87.9587	0.953715
73.2665	87.9584	0.946291
73.255	87.9574	0.96028
73.2528	87.9573	0.952
73.238	87.9561	0.96252
73.238	87.9561	0.953947
73.2081	87.9712	0.946291
73.2219	87.9723	0.952
73.2366	87.9735	0.953947
73.2513	87.9747	0.952
73.2651	87.9758	0.946291
73.2769	87.9768	0.937208
73.2859	87.9775	0.925372
73.2916	87.978	0.911589
73.2936	87.9781	0.896797
73.2916	87.978	0.882006
73.2859	87.9775	0.868222
73.2769	87.9768	0.856386
73.2651	87.9758	0.847304
73.2513	87.9747	0.841594
73.2366	87.9735	0.839647
73.2219	87.9723	0.841594
73.2081	87.9712	0.847304
73.1963	87.9703	0.856386
73.1873	87.9695	0.868222
73.1816	87.9691	0.882006
73.1796	87.9689	0.896797
73.1816	87.9691	0.911589
73.1873	87.9695	0.925372
73.1963	87.9703	0.937208
73.2528	87.7742	0.953947
73.238	87.773	0.952
73.2243	87.7719	0.946291
73.2125	87.7709	0.937208
73.2034	87.7702	0.925372
73.1977	87.7697	0.911589
73.1958	87.7696	0.896797
73.1977	87.7697	0.882006
73.2034	87.7702	0.868222
73.2125	87.7709	0.856386
73.2243	87.7719	0.847304
73.238	87.773	0.841594
73.2528	87.7742	0.839647
73.2675	87.7754	0.841594
73.2812	87.7765	0.847304
73.293	87.7774	0.856386
73.3021	87.7782	0.868222
73.3078	87.7786	0.882006
73.3097	87.7788	0.896797
73.3078	87.7786	0.911589
73.3021	87.7782	0.925372
73.293	87.7774	0.937208
73.2812	87.7765	0.946291
73.2675	87.7754	0.952
73.303	87.8502	0.886339
73.3035	87.8493	0.891568
73.3041	87.8484	0.896797
73.3001	87.8552	0.877353
73.2938	87.8725	0.867121
73.2952	87.8677	0.868931
73.2966	87.8628	0.870741
73.2964	87.9012	0.877362
73.2984	87.9066	0.886341
73.2992	87.9085	0.896797
73.2988	87.9075	0.891569
73.2941	87.8931	0.870743
73.2929	87.8831	0.867123
73.2935	87.8881	0.868933
73.2934	87.8778	0.867122
73.1964	87.8646	0.867123
73.191	87.8411	0.886341
73.1901	87.8392	0.896797
73.1906	87.8401	0.891569
73.1952	87.8546	0.870743
73.193	87.8465	0.877362
73.1958	87.8596	0.868933
73.196	87.8699	0.867122
73.1956	87.8752	0.867121
73.1942	87.88	0.868931
73.1928	87.8849	0.870741
73.1893	87.8925	0.877353
73.1864	87.8975	0.886339
73.1858	87.8984	0.891568
73.1853	87.8993	0.896797
73.191	87.8411	0.907253
73.1906	87.8401	0.902025
73.193	87.8465	0.916232
73.1956	87.8752	0.926473
73.196	87.8699	0.926473
73.1964	87.8646	0.926472
73.1958	87.8596	0.924662
73.1952	87.8546	0.922851
73.1893	87.8925	0.916241
73.1864	87.8975	0.907256
73.1858	87.8984	0.902026
73.1928	87.8849	0.922853
73.1942	87.88	0.924663
73.2938	87.8725	0.926473
73.303	87.8502	0.907256
73.3035	87.8493	0.902026
73.2966	87.8628	0.922853
73.3001	87.8552	0.916241
73.2952	87.8677	0.924663
73.2929	87.8831	0.926472
73.2935	87.8881	0.924662
73.2941	87.8931	0.922851
73.2934	87.8778	0.926473
73.2964	87.9012	0.916232
73.2984	87.9066	0.907253
73.2988	87.9075	0.902025
73.3643	87.8835	0.926947
73.3649	87.8758	0.92592
73.3655	87.8685	0.922908
73.366	87.8623	0.918116
73.3664	87.8575	0.911872
73.3666	87.8545	0.904601
73.3667	87.8535	0.896797
73.3666	87.8545	0.888994
73.3664	87.8575	0.881722
73.366	87.8623	0.875478
73.3655	87.8685	0.870687
73.3649	87.8758	0.867674
73.3643	87.8835	0.866647
73.3637	87.8913	0.867674
73.3631	87.8986	0.870687
73.3626	87.9048	0.875478
73.3622	87.9096	0.881722
73.3619	87.9126	0.888994
73.3619	87.9136	0.896797
73.3619	87.9126	0.904601
73.3622	87.9096	0.911872
73.3626	87.9048	0.918116
73.3631	87.8986	0.922908
73.3637	87.8913	0.92592
73.1263	87.8491	0.922908
73.1257	87.8564	0.92592
73.1251	87.8641	0.926947
73.1244	87.8719	0.92592
73.1239	87.8792	0.922908
73.1233	87.8854	0.918116
73.123	87.8902	0.911872
73.1227	87.8932	0.904601
73.1226	87.8942	0.896797
73.1227	87.8932	0.888994
73.123	87.8902	0.881722
73.1233	87.8854	0.875478
73.1239	87.8792	0.870687
73.1244	87.8719	0.867674
73.1251	87.8641	0.866647
73.1257	87.8564	0.867674
73.1263	87.8491	0.870687
73.1268	87.8429	0.875478
73.1272	87.8381	0.881722
73.1274	87.8351	0.888994
73.1275	87.8341	0.896797
73.1274	87.8351	0.904601
73.1272	87.8381	0.911872
73.1268	87.8429	0.918116

#	Triangle	927
3	1	2	3	0	1	48	38	49	48	39	38	171	169	170	171	168	169	216	206	217	216	207	206	338	336	337	338	347	348	338	346	347	402	384	375	405	384	404	406	384	405	506	504	505	506	515	516	506	514	515	570	552	543	573	552	572	574	552	573
4	0	3	49	38	68	172	168	171	217	206	236
4	14	0	49	68	67	172	182	168	217	236	235
5	14	4	67	68	69	173	182	172	235	236	237
5	13	14	67	69	66	173	181	182	235	237	234
6	13	5	66	69	70	174	181	173	234	237	238
6	12	13	66	70	65	174	180	181	234	238	233
7	12	6	65	70	71	175	180	174	233	238	239
7	11	12	65	71	64	175	179	180	233	239	232
8	11	7	64	71	61	176	179	175	232	239	229
8	10	11	64	61	63	176	178	179	232	229	231
9	10	8	63	61	62	177	178	176	231	229	230
18	16	17	18	15	16	36	43	37	36	44	43	186	184	185	186	183	184	204	211	205	204	212	211	355	352	353	358	352	357	359	352	358	380	373	372	380	391	392	380	390	391	523	520	521	526	520	525	527	520	526	548	541	540	548	559	560	548	558	559
19	15	18	37	43	58	187	183	186	205	211	226
19	29	15	37	58	57	187	197	183	205	226	225
20	29	19	57	58	59	188	197	187	225	226	227
20	28	29	57	59	56	188	196	197	225	227	224
21	28	20
21	27	28	56	60	55	189	195	196	224	228	223
22	27	21	55	60	50	190	195	189	223	228	218
22	26	27	55	50	54	190	194	195	223	218	222
23	26	22	54	50	51	191	194	190	222	218	219
23	25	26	54	51	53	191	193	194	222	219	221
24	25	23	53	51	52	192	193	191	221	219	220
2	30	31	1	30	2	169	198	170
30	33	31	200	201	198
32	33	30	198	201	199
33	34	35	200	202	201
32	34	33	201	202	203
34	16	35	17	16	34	185	184	202
0	19	18	14	19	0	168	187	186	182	187	168
14	20	19	13	20	14	182	188	187	181	188	182
22	12	11	21	12	22	190	180	179	189	180	190
20	12	21	13	12	20	188	180	189	181	180	188
23	11	10	22	11	23	191	179	178	190	179	191
24	10	9	23	10	24	192	178	177	191	178	192
8	26	25	7	26	8	176	194	193	175	194	176
7	27	26	6	27	7	175	195	194	174	195	175
29	5	4	28	5	29	197	173	172	196	173	197
27	5	28	6	5	27	195	173	196	174	173	195
15	4	3	29	4	15	183	172	171	197	172	183
8	24	9	25	24	8	176	192	177	193	192	176
31	3	2
31	15	3
33	15	31	201	183	199
35	15	33
16	15	35
18	1	0	186	169	168
18	30	1	186	198	169
18	32	30	186	200	198
18	34	32
18	17	34	40	38	39	186	185	202
40	37	38	208	205	206
41	37	40	209	205	208
42	37	41	210	205	209
36	37	42
43	48	49
43	47	48	123	120	122	125	122	121	126	127	125	126	128	127	130	128	129	131	132	130	133	134	132	135	136	134	136	137	138	140	138	139	142	140	141	144	142	143	146	144	145	146	147	148	149	150	148	152	153	150	154	155	153	155	156	157	158	159	157	161	159	160	163	161	162	163	164	165	165	166	167	167	124	123	211	215	216	291	288	290	293	290	289	294	295	293	294	296	295	298	296	297	299	300	298	301	302	300	303	304	302	304	305	306	308	306	307	310	308	309	312	310	311	314	312	313	314	315	316	317	318	316	320	321	318	322	323	321	323	324	325	326	327	325	329	327	328	331	329	330	331	332	333	333	334	335	335	292	291
43	46	47	211	214	215
43	45	46
43	44	45
44	42	45	212	210	213
36	42	44
42	46	45	210	214	213
41	46	42	209	214	210
46	40	47	214	208	215
41	40	46	209	208	214
47	39	48
40	39	47
56	59	60	189	196	188	224	227	228
49	58	43	67	58	49	217	226	211	235	226	217
67	59	58	66	59	67	235	227	226	234	227	235
50	65	64	60	65	50	218	233	232	228	233	218
59	65	60	66	65	59
51	64	63	50	64	51	219	232	231	218	232	219
52	63	62	51	63	52	220	231	230	219	231	220
61	54	53	71	54	61	229	222	221	239	222	229
71	55	54	70	55	71	239	223	222	238	223	239
57	69	68	56	69	57	225	237	236	224	237	225
55	69	56	70	69	55	223	237	224	238	237	223
37	68	38	57	68	37	205	236	206	225	236	205
61	52	62	53	52	61	229	220	230	221	220	229
74	72	73	77	73	75	79	80	77	81	82	80	83	84	82	85	86	84	86	87	88	88	89	90	92	90	91	93	94	92	95	96	94	98	96	97	99	100	98	102	100	101	103	102	101	104	105	103	107	105	106	108	109	107	110	111	109	111	112	113	114	115	113	117	115	116	119	117	118	76	74	119	242	240	241	245	241	243	247	248	245	249	250	248	251	252	250	253	254	252	254	255	256	256	257	258	260	258	259	261	262	260	263	264	262	266	264	265	267	268	266	270	268	269	271	270	269	272	273	271	275	273	274	276	277	275	278	279	277	279	280	281	282	283	281	285	283	284	287	285	286	244	242	287
72	75	73	74	76	72	78	77	75	79	77	78	79	81	80	83	82	81	85	84	83	87	86	85	88	87	89	89	91	90	91	93	92	93	95	94	95	97	96	98	97	99	101	100	99	104	103	101	106	105	104	107	106	108	110	109	108	110	112	111	112	114	113	115	114	116	117	116	118	119	118	76	240	243	241	242	244	240	246	245	243	247	245	246	247	249	248	251	250	249	253	252	251	255	254	253	256	255	257	257	259	258	259	261	260	261	263	262	263	265	264	266	265	267	269	268	267	272	271	269	274	273	272	275	274	276	278	277	276	278	280	279	280	282	281	283	282	284	285	284	286	287	286	244
122	120	121	120	123	124	121	126	125	129	128	126	131	130	129	133	132	131	135	134	133	136	135	137	138	137	139	139	141	140	143	142	141	145	144	143	145	147	146	149	148	147	149	151	150	151	152	150	154	153	152	154	156	155	158	157	156	160	159	158	161	160	162	164	163	162	164	166	165	166	124	167	290	288	289	288	291	292	289	294	293	297	296	294	299	298	297	301	300	299	303	302	301	304	303	305	306	305	307	307	309	308	311	310	309	313	312	311	313	315	314	317	316	315	317	319	318	319	320	318	322	321	320	322	324	323	326	325	324	328	327	326	329	328	330	332	331	330	332	334	333	334	292	335
154	103	105	320	271	322
152	103	154	322	271	273
152	102	103	151	102	152	319	270	320
98	149	147
100	149	98	266	317	315
102	149	100
151	149	102
96	147	145
98	147	96
94	145	143	96	145	94	262	313	311	264	313	262
139	92	141
90	92	139
139	88	90	137	88	139	307	256	258
133	86	135	84	86	133	252	254	301
88	135	86	137	135	88
131	84	133	82	84	131
141	94	143	309	262	311	260	262	309
92	94	141
131	80	82	129	80	131
129	77	80	126	77	129	297	245	248
74	121	120	73	121	74
77	121	73	126	121	77
119	120	124
74	120	119
117	124	166	285	292	334	287	292	285
119	124	117
162	115	164
113	115	162
162	111	113
160	111	162
156	109	158	107	109	156	324	277	326
111	158	109	279	326	277	328	326	279
160	158	111
154	107	156	273	275	322
105	107	154	322	275	324
166	115	117	164	115	166	334	283	285	332	283	334
108	155	157	274	323	276
106	155	108	276	323	325
110	157	159	278	325	327	276	325	278
108	157	110
161	114	112	329	282	280
163	114	161	331	282	329
159	112	110	327	280	278
161	112	159	329	280	327
118	165	167	116	165	118
116	163	165	114	163	116	282	331	284
122	76	123
72	76	122
75	122	125
72	122	75
128	78	127
79	78	128
75	127	78
125	127	75
130	79	128	298	247	296	249	247	298
81	79	130
118	123	76
167	123	118	286	291	244	335	291	286
83	130	132	251	298	300	249	298	251
81	130	83
85	132	134
83	132	85
134	87	85
136	87	134
136	89	87
138	89	136
89	140	91
138	140	89
142	91	140
93	91	142
146	95	144	97	95	146	265	263	314
99	146	148	267	314	316
97	146	99	265	314	267
153	101	150	321	269	318	272	269	321
104	101	153
99	150	101	267	318	269
148	150	99	316	318	267
155	104	153	274	272	323
106	104	155	323	272	321
93	144	95	142	144	93
170	198	199
202	184	203
199	171	170
199	183	171
203	183	201
184	183	203
186	202	200
208	206	207
204	205	210
211	216	217
211	213	214
211	212	213
204	210	212
215	207	216
208	207	215
227	233	228	234	233	227
320	270	271
268	317	266
270	317	268	319	317	270
264	315	313	266	315	264
307	260	309	258	260	307
305	256	307
301	254	303
256	303	254	305	303	256
299	252	301
250	252	299
299	248	250
297	248	299
294	245	297
242	289	288
241	289	242
245	289	241	294	289	245
287	288	292	242	288	287
330	283	332	281	283	330
330	279	281
328	279	330
275	277	324
286	333	335
284	333	286
284	331	333
290	244	291
240	244	290
243	290	293
240	290	243
296	246	295
247	246	296
243	295	246
293	295	243
253	300	302
251	300	253
302	255	253
304	255	302
304	257	255
306	257	304
257	308	259
306	308	257
310	259	308	261	259	310
314	263	312
261	312	263
310	312	261
338	350	336	506	518	504
338	349	350	403	384	402	571	552	570
338	348	349	404	384	403	506	516	517	572	552	571
338	345	346	407	384	406	506	513	514	575	552	574
338	344	345	397	384	407	506	512	513	565	552	575
338	343	344	398	384	397	506	511	512	566	552	565
338	342	343	399	384	398	506	510	511	567	552	566
338	341	342	506	509	510	568	552	567
338	340	341	401	384	400	506	508	509	569	552	568
338	339	340	402	375	374	385	384	401	506	507	508	570	543	542	553	552	569
355	353	354	351	352	365	380	379	395	523	521	522	519	520	533	548	547	563
356	352	355	380	393	394	548	561	562
357	352	356	380	392	393	525	520	524	548	560	561
360	352	359	380	389	390	528	520	527	548	557	558
361	352	360	380	388	389	529	520	528	548	556	557
362	352	361	380	387	388	530	520	529	548	555	556
363	352	362	380	386	387	531	520	530	548	554	555
364	352	363	532	520	531	548	564	554
365	352	364	380	395	396	533	520	532	548	563	564
338	366	367	337	366	338
366	369	367
368	369	366
369	370	371
368	370	369
370	352	371	353	352	370
336	355	354	350	355	336
350	356	355	349	356	350
358	348	347	357	348	358	526	516	515	525	516	526
356	348	357	349	348	356
359	347	346	358	347	359
360	346	345	359	346	360
344	362	361	343	362	344
343	363	362	342	363	343
365	341	340	364	341	365
363	341	364	342	341	363	531	509	532	510	509	531
351	340	339	365	340	351
344	360	345	361	360	344
367	339	338	547	548	549
367	351	339
369	351	367
371	351	369
352	351	371
354	337	336
354	366	337
354	368	366
354	370	368
354	353	370	544	542	543
376	374	375
376	373	374
377	373	376
378	373	377
372	373	378
379	384	385
379	383	384	547	551	552
379	382	383
379	381	382
379	380	381	535	507	506
380	378	381	372	378	380
378	382	381	545	550	546
377	382	378
382	376	383	545	544	550
377	376	382
376	384	383	375	384	376
380	394	373	548	562	541
380	396	386
400	384	399
385	395	379	401	395	385	553	563	547	569	563	553
401	396	395	400	396	401
387	399	398	386	399	387
396	399	386	400	399	396
388	398	397	387	398	388
389	397	407	388	397	389
406	391	390	405	391	406
405	392	391	404	392	405
394	403	402	393	403	394	562	571	570	561	571	562
392	403	393	404	403	392	560	571	561	572	571	560
373	402	374	394	402	373
406	389	407	390	389	406	574	557	575	558	557	574
410	408	409
408	411	409
410	412	408
413	409	411
414	413	411
415	413	414
415	416	413
415	417	416
417	418	416
419	418	417
419	420	418
421	420	419
421	422	420
423	422	421
422	423	424
424	423	425
424	425	426
425	427	426
428	426	427
427	429	428	595	597	596
429	430	428	455	453	454	597	598	596	623	621	622
429	431	430	453	452	454
431	432	430
431	433	432
434	432	433
434	433	435
435	436	434
437	436	435
438	436	437
439	438	437
440	439	437
440	441	439
442	441	440
443	441	442
443	442	444
444	445	443
446	445	444
446	447	445
446	448	447
447	448	449
448	450	449
450	451	449
451	450	452
453	451	452
455	454	412	623	622	580
412	410	455
458	456	457
459	456	458
456	459	460
461	458	457
457	462	461
462	463	461
462	464	463
465	464	462
466	464	465
467	466	465
467	468	466
469	468	467
469	470	468
471	470	469
471	472	470
472	471	473
472	473	474
474	473	475
476	474	475
475	477	476
478	476	477	646	644	645
479	478	477	502	460	503	647	646	645	670	628	671
480	478	479	501	502	503	648	646	647	669	670	671
481	480	479	649	648	647
482	480	481
481	483	482
482	483	484
485	484	483
485	486	484
485	487	486
487	488	486
488	489	486
490	489	488
490	491	489
490	492	491
491	492	493
494	493	492
494	495	493
496	495	494
497	495	496
497	496	498
499	497	498
500	499	498
499	500	501
500	502	501	668	670	669
503	460	459	671	628	627
490	439	441
488	439	490
488	438	439
487	438	488
434	485	483
436	485	434
438	485	436
487	485	438
432	483	481
434	483	432	600	651	649	602	651	600
430	481	479
432	481	430
477	426	428	475	426	477
475	424	426
473	424	475
420	471	469
422	471	420
424	471	422	473	471	424
418	469	467
420	469	418
477	430	479	428	430	477
467	416	418
465	416	467
465	413	416	630	581	633
462	413	465
410	457	456
409	457	410
413	457	409	462	457	413
455	456	460	410	456	455
453	460	502	455	460	453
449	496	447
498	496	449
451	498	449	619	666	617	668	666	619
500	498	451
492	445	494
443	445	492
496	445	447
494	445	496
490	443	492
441	443	490
502	451	453
500	451	502
444	491	493
442	491	444
446	493	495	444	493	446
499	448	497
450	448	499
495	448	446
497	448	495
501	450	499
452	450	501	669	618	667
454	501	503
452	501	454
412	503	459	454	503	412
408	459	458
412	459	408
463	411	461
414	411	463	631	579	629
458	411	408	629	579	626
461	411	458	626	579	576
464	414	463
415	414	464
415	466	417	632	634	583
464	466	415	583	634	585
419	466	468	585	634	587
417	466	419	587	634	636
421	468	470
419	468	421
474	423	472	593	591	642
425	423	474	642	591	640
470	423	421	640	591	638
472	423	470
476	425	474
427	425	476
429	476	478	427	476	429
431	478	480
429	478	431
433	480	482
431	480	433	601	648	650
486	435	484
437	435	486
482	435	433
484	435	482
489	437	486	440	437	489
442	489	491
440	489	442
506	517	518
524	520	523
506	534	535
505	534	506
534	537	535
536	537	534
537	538	539
536	538	537
538	520	539
521	520	538
504	523	522	518	523	504
518	524	523	517	524	518
524	516	525	517	516	524
527	515	514	526	515	527
528	514	513	527	514	528
512	530	529	511	530	512
511	531	530	510	531	511
533	509	508	532	509	533
519	508	507	533	508	519
512	528	513	529	528	512
535	519	507
537	519	535
539	519	537
520	519	539
522	505	504
522	534	505
522	536	534
522	538	536
522	521	538
544	541	542
545	541	544
546	541	545
540	541	546
547	552	553
547	550	551
547	549	550
548	546	549	540	546	548
546	550	549
550	544	551
544	552	551	543	552	544
569	564	563	568	564	569
555	567	566	554	567	555
564	567	554	568	567	564
556	566	565	555	566	556
557	565	575	556	565	557
574	559	558	573	559	574
573	560	559	572	560	573
541	570	542	562	570	541
578	576	577
576	579	577
578	580	576
581	577	579
582	581	579
583	581	582
583	584	581
583	585	584
585	586	584
587	586	585
587	588	586
589	588	587
589	590	588
591	590	589
590	591	592
592	591	593
592	593	594
593	595	594
596	594	595
597	599	598	621	620	622
599	600	598
599	601	600
602	600	601
602	601	603
603	604	602
605	604	603
606	604	605
607	606	605
608	607	605
608	609	607
610	609	608
611	609	610
611	610	612
612	613	611
614	613	612
614	615	613
614	616	615
615	616	617
616	618	617
618	619	617
619	618	620
621	619	620
580	578	623
626	624	625
627	624	626
624	627	628
629	626	625
625	630	629
630	631	629
630	632	631
633	632	630
634	632	633
635	634	633
635	636	634
637	636	635
637	638	636
639	638	637
639	640	638
640	639	641
640	641	642
642	641	643
644	642	643
643	645	644
650	648	649
649	651	650
650	651	652
653	652	651
653	654	652
653	655	654
655	656	654
656	657	654
658	657	656
658	659	657
658	660	659
659	660	661
662	661	660
662	663	661
664	663	662
665	663	664
665	664	666
667	665	666
668	667	666
667	668	669
658	607	609
656	607	658
656	606	607
655	606	656
602	653	651	604	653	602
606	653	604
655	653	606
598	649	647
600	649	598
645	594	596
643	594	645
643	592	594	641	592	643
588	639	637
590	639	588
592	639	590	641	639	592
586	637	635
588	637	586
645	598	647	596	598	645
635	584	586
633	584	635
633	581	584
578	625	624	577	625	578
581	625	577	630	625	581
623	624	628
578	624	623
621	628	670	623	628	621
617	664	615	666	664	617
660	613	662
611	613	660
664	613	615
662	613	664
658	611	660
609	611	658
670	619	621
668	619	670
612	659	661	610	659	612
614	661	663	612	661	614
667	616	665	618	616	667
663	616	614
665	616	663
620	618	669
622	669	671
620	669	622
580	671	627	622	671	580
576	627	626
580	627	576
582	579	631
632	582	631
583	582	632
589	636	638
587	636	589
638	591	589
644	593	642
595	593	644
597	644	646	595	644	597
599	646	648
597	646	599
599	648	601
654	603	652
605	603	654
650	603	601	652	603	650
657	605	654	608	605	657
610	657	659	608	657	610
675	673	674	686	687	685
676	673	675	685	687	688
676	672	673	685	688	684
677	672	676	684	688	689
677	695	672	684	689	683
678	695	677
678	694	695	682	690	691
679	694	678
679	693	694
680	693	679	681	691	692
680	692	693	681	692	680
682	691	681
683	690	682
683	689	690
697	719	696	708	709	707
698	719	697
698	718	719
699	718	698	706	710	711
699	717	718	706	711	705
700	717	699	705	711	712
700	716	717	705	712	704
701	716	700
701	715	716
702	715	701
702	714	715
703	714	702
703	713	714
704	713	703
704	712	713
707	710	706
707	709	710
720	714	713
722	720	721	726	724	725	728	729	730	732	731	733	724	732	734	736	737	738	735	739	741	743	735	742	745	743	744	749	747	748	737	750	751	755	753	754	757	755	756	759	749	760	753	761	762	764	722	765	763	766	768	771	769	770	769	763	772	729	774	775	732	724	734	763	769	772	735	743	742	753	755	754
714	720	722
713	723	720
723	713	712
711	683	724
711	684	683
710	684	711
712	724	726
723	712	726
711	724	712
684	709	685
710	709	684
682	681	727
681	728	727
680	729	728
681	680	728
682	727	731
683	682	732
682	731	732
683	732	724
685	708	686
709	708	685
706	689	688
705	689	706
708	687	686	707	687	708
687	706	688
707	706	687
704	735	705
702	736	703
702	737	736
740	739	704
703	736	740
703	740	704
704	739	735
705	735	743
690	743	745
689	705	743
690	689	743
691	746	747
690	746	691
691	747	692
692	747	749
745	746	690
750	702	701
702	750	737
701	752	750
752	701	700
699	753	755
699	672	695
698	672	699
700	755	757
752	700	757
699	755	700
672	697	673
698	697	672
694	693	758
693	759	758
692	749	759
693	692	759
694	758	761
695	694	753
694	761	753
695	753	699
673	696	674	697	696	673
718	677	676
717	677	718
696	675	674
719	675	696
675	718	676
719	718	675
716	763	717
714	764	715
714	722	764
767	766	716
715	764	767
715	767	716
716	766	763
677	717	763
678	769	771
677	763	769
678	677	769
679	773	774
678	773	679
679	774	680
680	774	729
771	773	678
777	799	776	788	789	787
778	799	777	787	789	790
778	798	799	787	790	786
779	798	778	786	790	791
779	797	798	786	791	785
780	797	779	785	791	792
780	796	797	785	792	784
781	796	780
781	795	796
782	795	781
782	794	795
783	794	782
783	793	794
784	793	783
784	792	793
792	728	793
790	731	791
727	792	791
787	786	725
793	730	794
730	729	794
730	793	728
792	727	728
727	791	731
783	721	720
790	733	731
733	789	732
722	721	782
788	724	732
725	786	726
786	785	726
783	720	784
723	785	784
787	724	788
787	725	724
789	733	790
723	726	785
720	723	784
789	788	732
783	782	721
782	781	765
777	776	763
777	768	778
778	768	766
799	798	770
765	781	764
729	775	794
780	764	781
782	765	722
767	764	780
779	778	766
768	777	763
767	779	766
780	779	767
776	769	763
770	798	771
798	797	771
795	774	796
773	797	796
799	769	776
799	770	769
773	771	797
774	773	796
795	794	775
795	775	774
803	801	802	814	815	813
804	801	803	813	815	816
804	800	801	813	816	812
805	800	804
805	823	800
806	823	805
806	822	823
807	822	806
807	821	822
808	821	807
808	820	821
809	820	808
809	819	820
810	819	809
810	818	819
811	818	810
811	817	818
812	817	811
812	816	817
809	808	748
809	748	747
745	811	746
815	741	816
813	744	743
810	747	746
813	812	744
809	747	810
816	741	739
746	811	810
811	745	812
744	812	745
743	814	813
814	743	735
741	815	735
749	748	808
815	814	735
736	818	740
740	817	739
738	737	820
738	819	736
816	739	817
740	818	817
818	736	819
820	819	738
821	820	751
757	823	752
801	756	755
822	750	752
821	750	822
801	800	756
821	751	750
803	762	804
823	757	800
757	756	800
803	802	753
737	751	820
752	823	822
804	762	761
755	802	801
802	755	753
762	803	753
759	806	758
758	805	761
760	749	808
760	807	759
804	761	805
758	806	805
806	759	807
808	807	760

#	Normal	927
-0	-0	1
-0	-0	6.70603e-005
-0	0	6.47709e-005
-0	-0	6.0257e-005
-0	0	5.39139e-005
-0	-0	4.64286e-005
-0	0	3.7991e-005
-0	-0	2.90323e-005
-0	0	2.05695e-005
-0	-0	1.29468e-005
-0	0	6.67145e-006
-0	-0	2.28198e-006
-0	-0	-1
-0	0	-6.70578e-005
-0	-0	-6.47734e-005
-0	0	-6.01614e-005
-0	-0	-5.40094e-005
-0	0	-4.65171e-005
-0	-0	-3.79025e-005
-0	0	-2.90801e-005
-0	-0	-2.05218e-005
-0	0	-1.29075e-005
-0	-0	-6.71075e-006
-0	0	-2.28198e-006
-0.0746418	0.921747	-0.380541
-0.0800282	0.988263	-0.130122
-0.08	0.988255	-0.130201
-0.0800282	0.988263	0.130122
-0.08	0.988255	0.130201
-0.0746418	0.921747	0.380541
8.90625e-005	-4.45313e-006	-0
8.46094e-005	-2.74219e-005	-0
5.97656e-005	-6.60938e-005	-0
7.5e-005	-4.82813e-005	-0
4.05469e-005	-7.92187e-005	-0
1.875e-005	-8.71875e-005	-0
-2.74219e-005	-8.48437e-005	-0
-4.82813e-005	-7.47656e-005	-0
-7.92187e-005	-4.07813e-005	0
-6.60938e-005	-5.97656e-005	0
-8.71875e-005	-1.875e-005	0
-4.45313e-006	-8.88281e-005	-0
-0.996752	-0.0805364	-0.000318884
-0.996765	-0.0803754	-0
-8.74249e-005	-7.13546e-006	5.37109e-008
-0.996783	-0.0801461	-0.000454123
-0.996752	-0.0805364	0.000318884
0.996715	0.0809859	-0
3.55172e-005	2.85683e-006	1.66626e-008
8.74249e-005	7.01827e-006	4.96216e-008
0.996703	0.0811304	-0.000419514
0.996715	0.0809859	-0.000133311
0.996721	0.0809186	0
8.76027e-005	7.01827e-006	-5.86548e-008
0.9967	0.0811691	0.000496119
0.996715	0.0809859	0.000133311
-0.996755	-0.0805001	0
-3.53394e-005	-2.80028e-006	3.08838e-008
-8.76027e-005	-7.13546e-006	-4.47388e-008
-0.99678	-0.0801843	0.000378444
-0.996755	-0.0805001	-0.000246987
0.074588	-0.921399	0.381392
0.0749317	-0.921723	0.380542
0.0800111	-0.988393	0.129144
0.0800377	-0.98838	0.129223
0.0800111	-0.988393	-0.129144
0.0800377	-0.98838	-0.129223
0.0749033	-0.921374	-0.381392
0.0746162	-0.921749	-0.380541
-0	-0	-4.63707e-005
-8.88281e-005	4.45313e-006	-0
-8.48437e-005	2.71875e-005	-0
-5.97656e-005	6.58594e-005	-0
-7.47656e-005	4.85156e-005	-0
-4.05469e-005	7.94531e-005	-0
-1.875e-005	8.69531e-005	-0
2.71875e-005	8.48437e-005	0
4.85156e-005	7.47656e-005	0
7.94531e-005	4.05469e-005	-0
6.58594e-005	5.97656e-005	-0
8.69531e-005	1.875e-005	-0
4.45313e-006	8.90625e-005	0
4.04686e-005	3.2974e-006	3.6499e-008
3.51843e-005	2.8592e-006	-1.33667e-008
-4.04256e-005	-3.25435e-006	1.48926e-008
0.0801252	-0.988285	-0.129894
0.0801067	-0.988278	-0.129962
0.0746395	-0.920829	-0.382757
0.0490178	-0.606408	-0.793641
0.0491999	-0.606844	-0.793297
0.0641103	-0.790753	-0.608769
0.0640988	-0.790788	-0.608725
0.0309473	-0.381712	-0.923763
0.030829	-0.381391	-0.923899
0.010547	-0.130089	-0.991446
-0.0309158	0.381409	-0.923889
-0.0309207	0.381384	-0.923899
-0.0491999	0.606844	-0.793297
-0.0746561	0.920828	-0.382757
-0.0641103	0.790753	-0.608769
-0.0801163	0.988174	-0.130739
-0.010547	0.130089	-0.991446
-0.0105454	0.130098	-0.991445
-0.0801163	0.988174	0.13074
-0.0746562	0.920829	0.382755
-0.0491995	0.60684	0.7933
-0.0641103	0.790753	0.608769
-0.0309158	0.381409	0.923889
-0.0309207	0.381384	0.923899
-0.010547	0.130089	0.991446
-0.0105454	0.130098	0.991445
0.0309473	-0.381712	0.923763
0.030829	-0.381391	0.923899
0.0490536	-0.606851	0.7933
0.0491633	-0.606392	0.793645
0.0746396	-0.92083	0.382755
0.0640961	-0.790754	0.608769
0.064113	-0.790787	0.608725
0.0801067	-0.988278	0.129963
0.0801252	-0.988285	0.129895
0.010547	-0.130089	0.991446
-0.0801011	0.988209	-0.130488
-0.0801198	0.988218	-0.13041
-0.0746667	0.920958	-0.382441
-0.0746478	0.920931	-0.382509
-0.0491682	0.606589	-0.793494
-0.0491823	0.606627	-0.793464
-0.0641238	0.79092	-0.608551
-0.0641064	0.790882	-0.608602
-0.0105535	0.13017	-0.991436
-0.0309169	0.381337	-0.923919
0.03091	-0.381338	-0.923919
0.0308534	-0.381693	-0.923774
0.0492209	-0.607103	-0.793097
0.0490333	-0.6066	-0.793494
0.0744452	-0.920976	-0.382441
0.0746361	-0.920581	-0.383353
0.0639336	-0.790935	-0.608551
0.0640821	-0.790405	-0.609224
0.0801189	-0.988207	-0.130488
0.080102	-0.988219	-0.13041
0.0105417	-0.130053	-0.991451
0.0105432	-0.130042	-0.991452
0.0801189	-0.988207	0.130488
0.080102	-0.988219	0.13041
0.0744452	-0.920976	0.382441
0.0746361	-0.920581	0.383353
0.0639336	-0.790935	0.608551
0.0640821	-0.790405	0.609224
0.0491791	-0.606588	0.793494
0.0490749	-0.607115	0.793097
0.0309388	-0.381693	0.923771
0.0308257	-0.381351	0.923916
0.0105408	-0.130042	0.991452
0.010544	-0.130053	0.991451
-0.0309175	0.381344	0.923916
-0.0491713	0.606627	0.793464
-0.0491791	0.606588	0.793494
-0.0746667	0.920958	0.382441
-0.0746478	0.920931	0.382509
-0.0641238	0.79092	0.608551
-0.0641064	0.790882	0.608602
-0.0801011	0.988209	0.130488
-0.0801198	0.988218	0.13041
-0.0105535	0.13017	0.991436
-0.0746185	0.921777	-0.380473
-0.0746185	0.921777	0.380473
-0.996751	-0.0805364	0.000756922
-0.996721	-0.0809186	-0
-0.996703	-0.0811304	0.000419514
-0.996751	-0.0805364	-0.000756922
0.996742	0.0806555	0.000521187
0.996751	0.0805364	0.000756922
0.996751	0.0805364	-0.000756922
-0.996718	-0.0809494	0
-0.996739	-0.0806939	0.000445027
-0.996718	-0.0809494	-6.10124e-005
0.0749596	-0.921749	0.380472
0.0749289	-0.921372	-0.381392
0.0746185	-0.921777	-0.380473
-7.47656e-005	4.82813e-005	-0
0.0746581	-0.920852	-0.382697
0.0491862	-0.606811	-0.793323
0.0640961	-0.790754	-0.608769
0.0309227	-0.381408	-0.923889
-0.0309227	0.381408	-0.923889
-0.0491862	0.606811	-0.793323
-0.0746415	0.920854	-0.382697
-0.0640961	0.790754	-0.608769
-0.0801155	0.988165	-0.130808
-0.0800984	0.988176	-0.130739
-0.0800984	0.988176	0.13074
-0.0801155	0.988165	0.130809
-0.0746416	0.920855	0.382695
-0.0491968	0.606806	0.793326
-0.0491886	0.606841	0.7933
-0.0640961	0.790754	0.608769
-0.0309227	0.381408	0.923889
0.0309227	-0.381408	0.923889
0.0491968	-0.606806	0.793326
0.0491886	-0.606841	0.7933
0.0746582	-0.920853	0.382695
-0.0105544	0.13018	-0.991434
-0.0105512	0.13017	-0.991436
-0.0309078	0.381309	-0.923931
0.0309169	-0.381337	-0.923919
0.0308603	-0.381693	-0.923774
0.0492068	-0.607065	-0.793127
0.0490473	-0.606637	-0.793464
0.0744618	-0.920975	-0.382441
0.0746384	-0.920609	-0.383285
0.0639447	-0.790895	-0.608601
0.064071	-0.790444	-0.609174
0.0744618	-0.920975	0.382441
0.0746384	-0.920609	0.383285
0.0639447	-0.790895	0.608601
0.064071	-0.790444	0.609174
0.0491713	-0.606627	0.793464
0.0490827	-0.607075	0.793127
0.0309457	-0.381692	0.923771
0.0308326	-0.381351	0.923916
0.0105432	-0.130042	0.991452
-0.0309083	0.381316	0.923928
-0.0105512	0.13017	0.991436
-0.0105544	0.13018	0.991434
-0	-0	7.5165e-005
-0	-0	8.84138e-005
-0	-0	9.82069e-005
-0	-0	9.96497e-005
-0	0	9.08194e-005
-0	0	7.7793e-005
-0	0	6.24399e-005
-0	0	4.45494e-005
-0	0	2.60248e-005
-0	0	8.1377e-006
-0	-0	-8.13043e-006
-0	-0	-8.84138e-005
-0	-0	-9.82069e-005
-0	-0	-9.96497e-005
-0	0	-9.08194e-005
-0	0	-7.7793e-005
-0	0	-6.24399e-005
-0	0	-4.45494e-005
-0	0	-2.60248e-005
-0.961092	-0.0778279	-0.265038
-0.992774	-0.0803934	-0.0890927
-0.99277	-0.0803655	-0.089154
-0.992774	-0.0803934	0.0890927
-0.99277	-0.0803655	0.089154
-0.961092	-0.0778279	0.265038
0.0499376	0.998752	0
0.308311	0.951285	0
0.741723	0.670707	-0
0.541289	0.840837	-0
0.890174	0.455621	-0
0.977648	0.210247	-0
0.951285	-0.308311	-0
0.840837	-0.541289	-0
0.455621	-0.890174	-0
0.670707	-0.741723	-0
0.210247	-0.977648	-0
0.998752	-0.0499376	-0
0.0806054	-0.996746	-7.94192e-005
0.0805627	-0.99675	-0
0.08112	-0.996704	0.000337952
0.080415	-0.996761	-0.000274681
0.0806054	-0.996746	7.94192e-005
-0.0809762	0.996716	-0
-7.92861e-006	9.74804e-005	-4.69971e-009
-0.0801365	0.996784	0.000516635
-0.0812143	0.996697	-0.000419852
-0.0809762	0.996716	2.28175e-005
-0.0805755	0.996749	-8.76841e-005
-0.0805283	0.996752	-0
-0.0812001	0.996698	0.000407568
-0.0803505	0.996767	-0.000330672
-0.0805755	0.996749	8.76841e-005
0.0809762	-0.996716	-0
7.92861e-006	-9.74804e-005	-4.69971e-009
0.0801365	-0.996784	0.000516635
0.0812143	-0.996697	-0.000419852
0.0809762	-0.996716	2.28175e-005
0.961092	0.0778279	0.265038
0.992768	0.080393	0.089154
0.99268	0.0807002	0.0898497
0.992768	0.080393	-0.089154
0.99268	0.0807002	-0.0898497
0.961092	0.0778279	-0.265038
-0	-0	-7.50162e-005
-0	-0	-4.44896e-005
-0	-0	4.44896e-005
-0.0499376	-0.998752	-0
-0.30754	-0.951535	-0
-0.741723	-0.670707	0
-0.542487	-0.840064	0
-0.890174	-0.455621	0
-0.977648	-0.210247	0
-0.952056	0.305924	-0
-0.839641	0.543142	-0
-0.455621	0.890174	-0
-0.670707	0.741723	-0
-0.210789	0.977532	-0
-0.998752	0.0499376	-0
-0.0808454	0.996726	0.000663253
-0.0806058	0.996746	-0.000761254
-0.0807969	0.99673	0.000691344
-0.0802677	0.996773	-0.000421806
-0.0807172	0.996737	0.000564175
-0.0809912	0.996715	8.81074e-005
-0.0810729	0.996708	8.03202e-005
-0.0811949	0.996698	-0.000376658
-0.0801798	0.99678	2.51081e-006
-0.0801798	0.99678	0.000511075
-0.0810626	0.996709	-0.000119221
-0.0810629	0.996709	-0.000117877
-0.0810106	0.996713	-5.44159e-005
-0.0807172	0.996737	-0.00056417
-0.0802677	0.996773	0.000421806
-0.0806058	0.996746	0.000761256
-0.0808454	0.996726	-0.000663254
-0.0807969	0.99673	-0.000691343
-0.0808586	0.996726	-3.9351e-005
-0.0808223	0.996729	-4.9101e-005
-0.0808405	0.996727	-0
-0.0807733	0.996732	-0
-0.0808104	0.996729	5.23021e-005
-0.0810677	0.996709	-1.68517e-005
-0.0807144	0.996737	-0.000309759
-0.080424	0.996761	-0.000141514
-0.0810033	0.996714	0.00012425
-0.081002	0.996714	0.000125558
-0.0809726	0.996716	0.000120574
-0.0807825	0.996732	0.000450823
-0.0802195	0.996777	-0.000232401
-0.0802852	0.996772	-0.000478228
-0.0811587	0.996701	0.000144974
-0.0811586	0.996701	0.000363115
-0.0801543	0.996782	-1.20271e-005
-0.0801116	0.996786	-0.000171949
-0.0809912	0.996715	-8.81074e-005
-0.0809726	0.996716	-0.000120575
-0.081002	0.996714	-0.000125558
-0.0810033	0.996714	-0.00012425
-0.080424	0.996761	0.000141513
-0.0807144	0.996737	0.00030976
-0.0810677	0.996709	1.68517e-005
-0.0808104	0.996729	-5.23021e-005
-0.0808223	0.996729	4.9101e-005
-0.0808586	0.996726	3.9351e-005
0.0806847	-0.99674	0.000292505
0.0809019	-0.996722	0.000418365
0.0808586	-0.996726	-3.9351e-005
0.0807906	-0.996731	-0.000337795
0.080992	-0.996715	-0.000135573
0.0809796	-0.996716	-0.000108308
0.0809699	-0.996717	-0.000125147
0.0801794	-0.99678	-0.000200149
0.0802381	-0.996776	1.92635e-005
0.0810849	-0.996707	0.000335587
0.081085	-0.996707	9.23909e-005
0.0803486	-0.996767	-0.000432964
0.0802765	-0.996773	-0.00016323
0.0807825	-0.996732	0.000450823
0.0809796	-0.996716	0.000108307
0.080992	-0.996715	0.000135573
0.0807906	-0.996731	0.000337796
0.0806847	-0.99674	-0.000292505
0.0809019	-0.996722	-0.000418365
0.0808586	-0.996726	3.9351e-005
0.0808223	-0.996729	4.9101e-005
0.0808405	-0.996727	-0
0.0808159	-0.996729	-0
0.0808461	-0.996727	-4.26974e-005
0.0805197	-0.996753	-0.00013042
0.0810318	-0.996711	-0.000555237
0.0814343	-0.996679	-0.000321989
0.0801958	-0.996779	0.000246225
0.0799651	-0.996798	1.49252e-005
0.080954	-0.996718	-0.000152776
0.0810106	-0.996713	-5.44159e-005
0.0810629	-0.996709	-0.000117877
0.0810722	-0.996708	-8.32557e-005
0.0802527	-0.996774	0.000501424
0.0802527	-0.996775	-2.47121e-005
0.0811949	-0.996698	-0.000376658
0.0810729	-0.996708	8.03202e-005
0.0809912	-0.996715	8.81074e-005
0.080954	-0.996718	0.000152777
0.0799651	-0.996798	-1.49252e-005
0.0801958	-0.996779	-0.000246224
0.0814343	-0.996679	0.000321988
0.0810318	-0.996711	0.000555238
0.0805197	-0.996753	0.00013042
0.0808461	-0.996727	4.26974e-005
0.0808223	-0.996729	-4.9101e-005
0.988241	0.0801038	-0.130239
0.988245	0.080122	-0.130203
0.920816	0.0746552	-0.382786
0.920804	0.0746375	-0.382817
0.606912	0.0492054	-0.793245
0.606687	0.0490403	-0.793426
0.79089	0.06393	-0.60861
0.790657	0.0640882	-0.608896
0.381327	0.0308307	-0.923926
0.38148	0.0309285	-0.92386
0.13011	0.0105487	-0.991443
0.130054	0.010515	-0.991451
-0.38148	-0.0309285	-0.92386
-0.606693	-0.0491877	-0.793413
-0.606676	-0.0491753	-0.793426
-0.920816	-0.0746552	-0.382786
-0.920804	-0.0746375	-0.382817
-0.790876	-0.0641059	-0.60861
-0.988183	-0.080099	-0.130685
-0.988186	-0.0801172	-0.130649
-0.13011	-0.0105487	-0.991443
-0.988188	-0.0800994	0.13065
-0.988181	-0.0801168	0.130686
-0.920803	-0.0746541	0.382817
-0.920817	-0.0746386	0.382786
-0.606678	-0.0491864	0.793425
-0.606696	-0.0491769	0.793411
-0.790876	-0.0641059	0.60861
-0.381477	-0.0309282	0.923861
-0.13011	-0.0105487	0.991443
0.60669	0.0490405	0.793425
0.606914	0.0492056	0.793243
0.381477	0.0309282	0.923861
0.381324	0.0308304	0.923927
0.920804	0.0746375	0.382817
0.920816	0.0746552	0.382786
0.79089	0.06393	0.60861
0.790657	0.0640882	0.608896
0.988245	0.080122	0.130203
0.988241	0.0801038	0.13024
0.130052	0.0105439	0.991451
0.130113	0.0105197	0.991443
-0.988162	-0.0800973	-0.130847
-0.988166	-0.0801156	-0.130805
-0.920934	-0.074648	-0.382502
-0.606778	-0.0491945	-0.793348
-0.606799	-0.0491852	-0.793332
-0.790687	-0.0640907	-0.608856
-0.790707	-0.0641066	-0.608829
-0.381351	-0.0309111	-0.923913
-0.381526	-0.0308468	-0.923843
-0.130107	-0.0105484	-0.991444
-0.130042	-0.010514	-0.991453
0.130107	0.0105484	-0.991444
0.38152	0.0309248	-0.923843
0.381534	0.0309329	-0.923837
0.790686	0.0641049	-0.608856
0.790708	0.0640923	-0.608829
0.606779	0.0491836	-0.793348
0.606798	0.0491962	-0.793332
0.92075	0.0746331	-0.382948
0.920951	0.0744432	-0.382502
0.98816	0.0801151	-0.130847
0.988252	0.0798834	-0.130292
0.988252	0.0798834	0.130292
0.98816	0.0801151	0.130847
0.92075	0.0746331	0.382948
0.920951	0.0744432	0.382502
0.606796	0.049196	0.793334
0.606776	0.0491834	0.79335
0.790709	0.0640924	0.608828
0.790688	0.064105	0.608854
0.381524	0.0309251	0.923842
0.381538	0.0309332	0.923835
0.130107	0.0105484	0.991444
-0.130109	-0.0105195	0.991444
-0.130039	-0.0105429	0.991453
-0.381354	-0.0309114	0.923912
-0.38153	-0.0308471	0.923842
-0.790708	-0.0641067	0.608828
-0.790689	-0.0640908	0.608854
-0.606796	-0.049185	0.793334
-0.606775	-0.0491943	0.79335
-0.920934	-0.074648	0.382502
-0.98816	-0.0801151	0.130847
-0.988167	-0.0800977	0.130805
-0	-0	8.85959e-005
-0	-0	-8.85959e-005
-0.961067	-0.0781302	-0.265038
-0.961288	-0.077817	-0.264329
-0.992748	-0.0807057	-0.0890926
-0.992708	-0.0803604	-0.0898498
-0.992748	-0.0807057	0.0890926
-0.992708	-0.0803604	0.0898498
-0.961067	-0.0781302	0.265038
-0.961288	-0.077817	0.264329
0.050069	0.998746	0
0.30754	0.951535	0
0.542487	0.840064	-0
0.889104	0.457705	-0
0.978186	0.207733	-0
0.952302	-0.305158	-0
0.840064	-0.542487	-0
0.456636	-0.889653	-0
0.208269	-0.978072	-0
0.998746	-0.050069	-0
0.0809885	-0.996715	-0
0.0816196	-0.996663	0.00038279
0.0808211	-0.996729	-0.000311127
0.0809762	-0.996716	-2.28175e-005
-0.0806054	0.996746	-0
-7.85175e-006	9.77929e-005	2.9541e-008
-0.0812001	0.996698	-0.000407568
-0.0803505	0.996767	0.000330672
-0.0806054	0.996746	-0.000143429
-0.0809885	0.996715	-0
-0.0801365	0.996784	-0.000516635
-0.0812143	0.996697	0.000419852
-0.0809762	0.996716	-2.28175e-005
0.0806054	-0.996746	-0
0.08112	-0.996704	-0.000337952
0.080415	-0.996761	0.000274681
0.961094	0.0778013	0.265038
0.992776	0.0803659	0.0890927
0.992776	0.0803659	-0.0890927
0.961094	0.0778013	-0.265038
-0.305924	-0.952056	-0
-0.743032	-0.669256	0
-0.543142	-0.839641	0
-0.889104	-0.457705	0
-0.977532	-0.210789	0
-0.951535	0.30754	-0
-0.840064	0.542487	-0
-0.210247	0.977648	-0
-0.0807166	0.996737	-0.00031104
-0.0808357	0.996727	0.000396722
-0.080865	0.996725	-0.000397001
-0.0810247	0.996712	0.000207208
-0.0809421	0.996719	2.59818e-005
-0.0809014	0.996722	9.66664e-005
-0.0811512	0.996702	7.28604e-005
-0.0811439	0.996702	0.000100163
-0.081085	0.996707	0.000122184
-0.081085	0.996707	-9.23909e-005
-0.0811362	0.996703	-0.00012896
-0.0811205	0.996704	-0.000187774
-0.0809606	0.996717	6.27488e-006
-0.0809421	0.996719	-2.59816e-005
-0.0810247	0.996712	-0.000207208
-0.0808357	0.996727	-0.000396723
-0.0807166	0.996737	0.000311041
-0.080865	0.996725	0.000397001
-0.0808228	0.996728	-4.89578e-005
-0.0802911	0.996771	-0
-0.0804053	0.996762	0.000161168
-0.0810265	0.996712	-5.7748e-006
-0.0807427	0.996735	-0.000241194
-0.0804689	0.996757	-8.28365e-005
-0.0810485	0.99671	0.00018334
-0.0810911	0.996707	0.000140625
-0.0808952	0.996723	0.000107493
-0.0809606	0.996717	-6.27488e-006
-0.0811205	0.996704	0.000187774
-0.0811362	0.996703	0.00012896
-0.081085	0.996707	9.23909e-005
-0.081085	0.996707	-0.000122184
-0.0811439	0.996702	-0.000100163
-0.0811512	0.996702	-7.28604e-005
-0.0809014	0.996722	-9.66664e-005
-0.0808952	0.996723	-0.000107493
-0.0810911	0.996707	-0.000140626
-0.0810485	0.99671	-0.00018334
-0.0804689	0.996757	8.28363e-005
-0.0807427	0.996735	0.000241195
-0.0810265	0.996712	5.7748e-006
-0.0804053	0.996762	-0.000161168
-0.0808228	0.996728	4.89578e-005
0.0807166	-0.996737	0.00031104
0.0804107	-0.996762	0.000133782
0.0803822	-0.996764	-0.000167383
0.0806508	-0.996742	0.000702458
0.0803001	-0.996771	0.00035081
0.0807172	-0.996737	-0.000564175
0.0809912	-0.996715	-8.81074e-005
0.0810729	-0.996708	-8.03202e-005
0.0811949	-0.996698	0.000376658
0.0802527	-0.996775	2.47121e-005
0.0802527	-0.996774	-0.000501424
0.0810722	-0.996708	8.32557e-005
0.0810629	-0.996709	0.000117877
0.0810106	-0.996713	5.44159e-005
0.0807172	-0.996737	0.00056417
0.0803001	-0.996771	-0.00035081
0.0806508	-0.996742	-0.00070246
0.0807166	-0.996737	-0.000311041
0.0804107	-0.996762	-0.000133782
0.0803822	-0.996764	0.000167383
0.0810677	-0.996709	1.68517e-005
0.0807144	-0.996737	0.000309759
0.080424	-0.996761	0.000141514
0.0810033	-0.996714	-0.00012425
0.081002	-0.996714	-0.000125558
0.0809726	-0.996716	-0.000120574
0.0807825	-0.996732	-0.000450823
0.0802765	-0.996773	0.00016323
0.0803486	-0.996767	0.000432964
0.081085	-0.996707	-9.23909e-005
0.0810849	-0.996707	-0.000335587
0.0802381	-0.996776	-1.92635e-005
0.0801794	-0.99678	0.000200149
0.0809699	-0.996717	0.000125147
0.0809726	-0.996716	0.000120575
0.081002	-0.996714	0.000125558
0.0810033	-0.996714	0.00012425
0.080424	-0.996761	-0.000141513
0.0807144	-0.996737	-0.00030976
0.0810677	-0.996709	-1.68517e-005
0.988186	0.0801172	-0.130649
0.988183	0.080099	-0.130685
0.920964	0.0746505	-0.38243
0.920832	0.0744503	-0.382786
0.606675	0.0491862	-0.793426
0.790656	0.0641025	-0.608896
0.790889	0.0639442	-0.60861
0.13011	0.0105463	-0.991443
0.130115	0.0105491	-0.991443
-0.381321	-0.0309086	-0.923926
-0.381333	-0.0309166	-0.923921
-0.606894	-0.0492039	-0.793258
-0.920819	-0.0744492	-0.382817
-0.920963	-0.0746671	-0.38243
-0.790656	-0.0641025	-0.608896
-0.988245	-0.080122	-0.130203
-0.988204	-0.0798973	-0.130649
-0.13011	-0.0105463	-0.991443
-0.988186	-0.0801172	0.13065
-0.988262	-0.0799021	0.130203
-0.920979	-0.0744622	0.38243
-0.606896	-0.0492041	0.793257
-0.790656	-0.0641025	0.608896
-0.38133	-0.0309095	0.923922
-0.381317	-0.0309153	0.923927
-0.13011	-0.0105463	0.991443
0.606678	0.0491864	0.793425
0.920832	0.0744503	0.382786
0.920964	0.0746505	0.38243
0.790656	0.0641025	0.608896
0.790889	0.0639442	0.60861
0.988183	0.080099	0.130686
0.988186	0.0801172	0.13065
0.130115	0.0105467	0.991443
0.13011	0.0105487	0.991443
-0.988233	-0.080121	-0.130292
-0.920749	-0.0746497	-0.382948
-0.606809	-0.0490612	-0.793332
-0.790938	-0.0641253	-0.608528
-0.790701	-0.063929	-0.608856
-0.381336	-0.0309168	-0.92392
-0.130107	-0.0105461	-0.991444
-0.130112	-0.0105488	-0.991443
0.130107	0.0105461	-0.991444
0.38135	0.030918	-0.923913
0.381336	0.0309099	-0.92392
0.790952	0.0639493	-0.608528
0.920949	0.0744597	-0.382502
0.920749	0.0746497	-0.382948
0.920949	0.0744597	0.382502
0.920749	0.0746497	0.382948
0.790953	0.0639494	0.608526
0.381354	0.0309183	0.923912
0.38134	0.0309102	0.923918
0.130107	0.0105461	0.991444
-0.130107	-0.0105484	0.991444
-0.130112	-0.0105465	0.991443
-0.381339	-0.0309171	0.923918
-0.790702	-0.0639291	0.608854
-0.790939	-0.0641254	0.608526
-0.606806	-0.0490609	0.793334
-0.920749	-0.0746497	0.382948
-0.988233	-0.080121	0.130292
-4.65533e-006	5.74157e-005	-1.69847e-017
-0.0808158	0.996729	-0.000847834
-0.080647	0.996743	0.000438806
-0.080647	0.996742	0.000707363
-0.0808055	0.99673	-0.000500196
-0.0808055	0.99673	7.9111e-005
-0.080818	0.996729	-1.61492e-005
-0.080818	0.996729	-6.19567e-005
-0.0808083	0.99673	1.21123e-005
-0.0808083	0.99673	-5.59112e-005
-0.0807938	0.996731	5.40095e-005
-0.0808083	0.99673	5.79145e-005
-0.080818	0.996729	-6.94932e-005
-0.0808055	0.99673	2.57747e-005
4.64011e-006	-5.74157e-005	1.15173e-007
0.0805534	-0.996749	0.00126202
0.0807938	-0.996731	-0.000569434
0.0807938	-0.996731	-0.000341966
0.0807172	-0.996737	0.000241809
0.0807172	-0.996737	9.37308e-005
0.0807396	-0.996735	-7.65268e-005
0.0807396	-0.996735	-2.93457e-005
0.080738	-0.996735	-1.70857e-005
0.080738	-0.996735	-4.66428e-005
0.0807204	-0.996737	8.69657e-005
0.0807204	-0.996737	4.43312e-005
0.080738	-0.996735	-8.92865e-005
0.080738	-0.996735	2.86767e-005
0.0807396	-0.996735	1.64175e-005
0.0807938	-0.996731	-0.000679984
0.0805534	-0.99675	0.00115178
0.988613	0.074395	-0.130804
-4.08535e-008	4.08535e-008	1.13525e-008
0.992483	0.0804054	-0.0922637
0.961928	0.0804939	-0.261181
0.921372	0.0690619	-0.382496
0.783936	0.0635026	-0.617585
0.606779	0.049152	-0.79335
0.606799	0.0491556	-0.793334
0.870376	0.07088	-0.487259
0.913119	0.0710953	-0.401447
0.79082	0.0624615	-0.608853
0.381356	0.0308917	-0.923912
0.381341	0.0308917	-0.923918
0.920289	0.0801442	-0.382942
0.962278	0.075399	-0.261413
0.992567	0.0804122	-0.0913484
0.987759	0.0857764	-0.13029
0.912482	0.0768133	-0.40184
0.790809	0.065719	-0.608525
0.870832	0.0702313	-0.486538
0.783902	0.0634926	-0.617629
0.130107	0.0105397	-0.991444
0.130113	0.0105398	-0.991443
-0.606777	-0.0491756	-0.79335
-0.606797	-0.0491792	-0.793334
-0.130107	-0.0105397	-0.991444
-0.381355	-0.0309065	-0.923912
-0.381525	-0.0309066	-0.923842
-0.790557	-0.0657096	-0.608853
-0.987767	-0.0856785	-0.13029
-0.992499	-0.0804157	-0.0920854
-0.912479	-0.0768199	-0.401847
-0.962498	-0.0753717	-0.260609
-0.920289	-0.0801523	-0.382941
-0.870824	-0.0702367	-0.486551
-0.783604	-0.0634685	-0.61801
-0.870376	-0.07088	-0.487259
-0.783792	-0.0635242	-0.617765
-0.79082	-0.0624615	-0.608853
-0.961946	-0.0804998	-0.261113
-0.921372	-0.0690619	-0.382496
-0.988682	-0.0743767	-0.130291
-0.99255	-0.0804198	-0.0915269
-0.913119	-0.0710953	-0.401447
-0.987767	-0.0856784	0.13029
-0.992499	-0.0804157	0.0920859
-0.962498	-0.0753716	0.260607
-0.920289	-0.0801523	0.382941
-0.783619	-0.0634733	0.617991
-0.606779	-0.0491777	0.793348
-0.6068	-0.0491775	0.793332
-0.870825	-0.0702364	0.48655
-0.912478	-0.0768194	0.40185
-0.790555	-0.0657091	0.608855
-0.381352	-0.0308926	0.923913
-0.38152	-0.0309199	0.923843
-0.921372	-0.0690619	0.382496
-0.961946	-0.0805	0.261111
-0.99255	-0.0804198	0.0915275
-0.988682	-0.0743768	0.130291
-0.913119	-0.0710953	0.401447
-0.790818	-0.0624614	0.608855
-0.870376	-0.07088	0.487259
-0.783791	-0.063524	0.617768
-0.130107	-0.0105397	0.991444
0.606781	0.0491541	0.793348
0.606802	0.0491539	0.793332
0.130107	0.0105397	0.991444
0.130113	0.0105398	0.991443
0.381352	0.0308926	0.923913
0.381338	0.0308902	0.92392
0.790818	0.0624614	0.608855
0.988613	0.0743951	0.130804
0.992483	0.0804054	0.0922642
0.913119	0.0710953	0.401447
0.961928	0.0804941	0.261179
0.921372	0.0690619	0.382496
0.870376	0.07088	0.487259
0.783935	0.0635025	0.617587
0.870832	0.070231	0.486538
0.783917	0.0634973	0.61761
0.790807	0.0657186	0.608527
0.962278	0.0753989	0.261412
0.920289	0.0801442	0.382942
0.987759	0.0857763	0.13029
0.992567	0.0804122	0.091349
0.912481	0.0768128	0.401843
1.598e-005	1.29221e-006	6.56738e-008
4.68501e-005	3.78848e-006	-5.06592e-009
9.05001e-005	7.31813e-006	-9.33838e-009
0.996746	0.0806001	0.000897128
0.99673	0.0808011	-0.000634246
0.99673	0.0808011	-0.000662728
0.996743	0.0806431	0.000541172
0.996743	0.0806431	-7.29784e-005
0.996734	0.0807474	-0.000867826
0.996735	0.0807474	0.000386616
0.996737	0.0807184	0.000607456
0.996737	0.0807185	-0.000390443
0.996734	0.0807474	-0.00061128
0.996735	0.0807474	0.000116296
0.996743	0.0806431	0.000911265
-0.0709635	0.920874	-0.383348
-0.0489195	0.606609	-0.793494
-0.0606656	0.791194	-0.608549
0.0276896	-0.381603	-0.923912
-0.0839265	0.987902	-0.130406
-0.0795365	0.981236	-0.175644
-0.0852307	0.980573	-0.176671
-0.0767507	0.86169	-0.501597
-0.05693	0.64179	-0.764764
0.073838	-0.981533	-0.17647
-0.0281621	0.344261	-0.938451
-0.0326969	0.344703	-0.938142
0.0795459	-0.981229	-0.175676
-0.0066603	-0.000395091	-0.999978
0.0275996	-0.343869	-0.938612
0.0493712	-0.606572	-0.793494
0.0783037	-0.920657	-0.382438
0.0675014	-0.790642	-0.608546
0.0137082	-0.129912	-0.991431
0.02324	-0.345516	-0.938125
-0.0341291	0.381433	-0.923766
0.047142	-0.642351	-0.764959
0.0629555	-0.862781	-0.501642
-0.00739054	0.130305	-0.991446
0.0762895	-0.988511	-0.130486
0.0762893	-0.988511	0.130486
0.0137091	-0.129912	0.991431
0.0276896	-0.381596	0.923914
0.0275996	-0.343869	0.938612
-0.0341288	0.381426	0.923769
0.0738378	-0.981533	0.176469
-0.0795365	0.981235	0.175646
0.0783033	-0.920657	0.382438
0.0795459	-0.981229	0.175678
0.0629554	-0.862783	0.50164
0.0493712	-0.606572	0.793494
0.0232408	-0.345516	0.938125
0.047142	-0.642351	0.764959
0.0675014	-0.790642	0.608546
-0.00666033	-0.00038935	0.999978
-0.0281629	0.344261	0.938451
-0.0489202	0.606609	0.793494
-0.0709639	0.920874	0.383348
-0.0606656	0.791194	0.608549
-0.00739054	0.130305	0.991446
-0.0326969	0.344703	0.938142
-0.0569299	0.641786	0.764767
-0.076751	0.861692	0.501594
-0.0839267	0.987902	0.130406
-0.0852308	0.980573	0.176671
-1.598e-005	-1.29221e-006	5.58472e-008
-4.68501e-005	-3.78848e-006	-5.06592e-009
-9.05236e-005	-7.34166e-006	-1.73096e-007
-0.996727	-0.0808367	0.000719446
-0.99673	-0.0808011	0.000990953
-0.99673	-0.0808011	-0.000662728
-0.996731	-0.0807918	-0.00059152
-0.996731	-0.0807918	-0.000221504
-0.996735	-0.0807474	0.000116296
-0.996735	-0.0807474	0.000386616
-0.996737	-0.0807184	0.000607456
-0.996737	-0.0807185	-0.000390443
-0.996734	-0.0807474	-0.00061128
-0.996735	-0.0807474	0.00020305
-0.996731	-0.0807918	-0.000134703
-0.996731	-0.0807917	0.000655539
-0.99673	-0.0808011	0.000584329
-0.99673	-0.0808011	-0.000765995
-0.996727	-0.0808367	-0.00103756
-0.0761679	0.98852	-0.130486
-0.073796	0.981791	-0.175043
-0.047142	0.642351	-0.764959
0.0340721	-0.381055	-0.923924
-0.0231815	0.34504	-0.938302
-0.0629816	0.862447	-0.502214
-0.0276896	0.381603	-0.923912
-0.078315	0.920305	-0.383282
0.0281653	-0.344262	-0.938451
-0.0675014	0.790642	-0.608546
-0.0493424	0.607054	-0.793127
-0.027601	0.344359	-0.938432
-0.0136883	0.129786	-0.991448
0.0066603	0.000395091	-0.999978
0.0326584	-0.3447	-0.938145
-0.0795172	0.980997	-0.17698
0.00739121	-0.130434	-0.991429
0.0767529	-0.861661	-0.501646
0.05693	-0.64179	-0.764764
0.0793942	-0.98099	-0.177075
0.0851902	-0.980852	-0.175133
0.048928	-0.606647	-0.793464
0.0606649	-0.791157	-0.608597
0.0709156	-0.921256	-0.382438
0.0839265	-0.987902	-0.130406
0.0839267	-0.987902	0.130406
0.0569299	-0.641786	0.764767
0.0326584	-0.3447	0.938145
0.0767533	-0.861663	0.501643
0.0709159	-0.921256	0.382438
0.0340718	-0.381049	0.923927
0.0851903	-0.980852	0.175133
-0.0276896	0.381596	0.923914
0.0489287	-0.606647	0.793464
0.0281661	-0.344262	0.938451
-0.0136891	0.129786	0.991448
0.0793942	-0.980989	0.177077
0.0606649	-0.791157	0.608597
-0.027601	0.344359	0.938432
0.00739121	-0.130434	0.991429
0.00666033	0.00038935	0.999978
-0.0231823	0.34504	0.938302
-0.0629815	0.862448	0.502211
-0.047142	0.642351	0.764959
-0.0795171	0.980997	0.176982
-0.0737958	0.981791	0.175043
-0.0493424	0.607054	0.793127
-0.0675014	0.790642	0.608546
-0.0783147	0.920305	0.383282
-0.0761678	0.98852	0.130486

#	Mesh	0	End

