#	Mesh	0	Begin

#	Vertex	24
61.0469	96.853	-2.42
61.1357	95.7566	-2.42
61.1357	95.7566	-2.81
61.0469	96.853	-2.81
57.7582	96.5868	-2.42
57.2598	96.5464	-2.42
50.3761	95.9891	-2.42
50.4456	95.1306	-2.42
49.8481	95.0822	-2.42
49.8674	94.8443	-2.42
60.1342	96.7791	-2.81
61.0312	96.8518	-2.91
61.0312	96.8518	-3.22
50.3761	95.9891	-3.22
61.1201	95.7554	-3.22
49.8693	94.8444	-3.22
49.8674	94.8443	-3.22
49.8481	95.0822	-3.22
49.85	95.0824	-3.22
50.4456	95.1306	-3.22
49.8674	94.8443	-2.429
61.1201	95.7554	-2.91
60.223	95.6827	-2.81
49.8481	95.0822	-2.429

#	Triangle	22
3	1	2	0	1	3
4	1	0	4	9	1	5	9	4	6	7	5	7	9	5	8	9	7
10	0	3
10	4	0
13	11	12	13	6	5
13	10	11
13	4	10
13	5	4
15	12	14	15	19	12	19	13	12	15	18	19	16	18	15	16	17	18	10	2	22	3	2	10
21	15	14	21	20	16
21	16	15
22	20	21
1	22	2
1	20	22
1	9	20
13	7	6	19	7	13
16	23	17	16	8	23	16	20	8	20	9	8
23	18	17
23	19	18
23	7	19	8	7	23
21	12	11	14	12	21
21	10	22	11	10	21

#	Normal	22
0.996738	0.080703	-0
-0	-0	1
-0.0807008	0.996738	-0
-0.0807022	0.996738	3.38371e-006
-0.0807031	0.996738	-0
-0.0807031	0.996738	-1.09433e-006
-0.080703	0.996738	-1.7823e-006
-0.0807034	0.996738	1.89866e-006
-0	0	-1
0.0807025	-0.996738	-0
0.0814903	-0.996219	-0.0301166
0.0807025	-0.996738	-3.94404e-006
0.0806978	-0.996739	-0
0.0807023	-0.996738	-1.05834e-005
0.0807023	-0.996738	-0
-0.996734	-0.0807608	0
-0.996738	-0.0807051	0
-0.0815273	0.996671	-0
-0.0807595	0.996734	1.86639e-006
-0.080762	0.996733	-0
0.996734	0.08076	0
0.110071	0.00891865	0.993884

#	Mesh	0	End

