#	Mesh	0	Begin

#	Vertex	76
79.0684	72.0697	-1.0865
79.0448	72.0689	-1.0865
79.0213	72.0701	-1.0865
78.998	72.0733	-1.0865
78.975	72.0785	-1.0865
78.9526	72.0858	-1.0865
78.9309	72.0949	-1.0865
78.9101	72.1059	-1.0865
78.8903	72.1187	-1.0865
78.8717	72.1332	-1.0865
78.8544	72.1492	-1.0865
78.8386	72.1666	-1.0865
78.8244	72.1854	-1.0865
78.8119	72.2054	-1.0865
78.8011	72.2263	-1.0865
78.7923	72.2482	-1.0865
78.7853	72.2707	-1.0865
78.7804	72.2937	-1.0865
78.7775	72.3171	-1.0865
78.7176	72.3122	-1.0865
78.7212	72.2837	-1.0865
78.7273	72.2555	-1.0865
78.7357	72.228	-1.0865
78.7466	72.2013	-1.0865
78.7597	72.1757	-1.0865
78.775	72.1513	-1.0865
78.7924	72.1284	-1.0865
78.8117	72.107	-1.0865
78.8328	72.0874	-1.0865
78.8556	72.0698	-1.0865
78.8797	72.0541	-1.0865
78.9052	72.0407	-1.0865
78.9317	72.0295	-1.0865
78.9591	72.0207	-1.0865
78.9872	72.0143	-1.0865
79.0157	72.0103	-1.0865
79.0445	72.0089	-1.0865
79.0732	72.0099	-1.0865
79.0684	72.0697	0.7756
79.0448	72.0689	0.7756
79.0213	72.0701	0.7756
78.998	72.0733	0.7756
78.975	72.0785	0.7756
78.9526	72.0858	0.7756
78.9309	72.0949	0.7756
78.9101	72.1059	0.7756
78.8903	72.1187	0.7756
78.8717	72.1332	0.7756
78.8544	72.1492	0.7756
78.8386	72.1666	0.7756
78.8244	72.1854	0.7756
78.8119	72.2054	0.7756
78.8011	72.2263	0.7756
78.7923	72.2482	0.7756
78.7853	72.2707	0.7756
78.7804	72.2937	0.7756
78.7775	72.3171	0.7756
78.7176	72.3122	0.7756
78.7212	72.2837	0.7756
78.7273	72.2555	0.7756
78.7357	72.228	0.7756
78.7466	72.2013	0.7756
78.7597	72.1757	0.7756
78.775	72.1513	0.7756
78.7924	72.1284	0.7756
78.8117	72.107	0.7756
78.8328	72.0874	0.7756
78.8556	72.0698	0.7756
78.8797	72.0541	0.7756
78.9052	72.0407	0.7756
78.9317	72.0295	0.7756
78.9591	72.0207	0.7756
78.9872	72.0143	0.7756
79.0157	72.0103	0.7756
79.0445	72.0089	0.7756
79.0732	72.0099	0.7756

#	Triangle	40
37	38	75	0	38	37
0	39	38	1	39	0
1	40	39	2	40	1
2	41	40	3	41	2
3	42	41	4	42	3
4	43	42	5	43	4
5	44	43	6	44	5
6	45	44	7	45	6
7	46	45	8	46	7
8	47	46	9	47	8
9	48	47	10	48	9
10	49	48	11	49	10
11	50	49	12	50	11
12	51	50	13	51	12
13	52	51	14	52	13
14	53	52	15	53	14
15	54	53	16	54	15
16	55	54	17	55	16
17	56	55	18	56	17
18	57	56	19	57	18
19	58	57	20	58	19
20	59	58	21	59	20
21	60	59	22	60	21
22	61	60	23	61	22
23	62	61	24	62	23
24	63	62	25	63	24
25	64	63	26	64	25
26	65	64	27	65	26
27	66	65	28	66	27
28	67	66	29	67	28
29	68	67	30	68	29
30	69	68	31	69	30
31	70	69	32	70	31
32	71	70	33	71	32
33	72	71	34	72	33
34	73	72	35	73	34
35	74	73	36	74	35
36	75	74	37	75	36
18	20	19	18	21	20	18	22	21	18	23	22	18	24	23	18	25	24	18	26	25	17	26	18	16	26	17	15	26	16	14	26	15	14	27	26	13	27	14	13	28	27	12	28	13	11	28	12	11	29	28	10	29	11	9	29	10	9	30	29	8	30	9	8	31	30	7	31	8	7	32	31	6	32	7	5	32	6	5	33	32	4	33	5	4	34	33	3	34	4	3	35	34	2	35	3	2	36	35	1	36	2	1	37	36	0	37	1
58	56	57	59	56	58	60	56	59	61	56	60	62	56	61	63	56	62	64	56	63	64	55	56	64	54	55	64	53	54	64	52	53	65	52	64	65	51	52	66	51	65	66	50	51	66	49	50	67	49	66	67	48	49	67	47	48	68	47	67	68	46	47	69	46	68	69	45	46	70	45	69	70	44	45	70	43	44	71	43	70	71	42	43	72	42	71	72	41	42	73	41	72	73	40	41	74	40	73	74	39	40	75	39	74	75	38	39

#	Normal	40
0.996736	0.0807285	-0
-0.0371466	0.99931	-0
0.0500865	0.998745	-0
0.136963	0.990576	-0
0.222582	0.974914	-0
0.306761	0.951787	-0
0.388709	0.92136	-0
0.4674	0.884046	-0
0.542701	0.839926	-0
0.613918	0.78937	-0
0.680248	0.732982	-0
0.741544	0.670905	-0
0.797286	0.603602	-0
0.846897	0.531757	-0
0.889938	0.456081	-0
0.926311	0.37676	-0
0.955635	0.294552	-0
0.977647	0.210254	-0
0.992273	0.124076	-0
-0.0807285	0.996736	-0
-0.992278	-0.124035	0
-0.977639	-0.210289	0
-0.955679	-0.29441	0
-0.926328	-0.376719	0
-0.889877	-0.456201	0
-0.846853	-0.531827	0
-0.797322	-0.603555	0
-0.741632	-0.670807	0
-0.680149	-0.733074	0
-0.613847	-0.789425	0
-0.542745	-0.839898	0
-0.467501	-0.883992	0
-0.388639	-0.92139	0
-0.306606	-0.951836	0
-0.222817	-0.97486	0
-0.136784	-0.990601	0
-0.0501947	-0.998739	0
0.0371823	-0.999308	-0
-0	-0	-1
-0	-0	1

#	Mesh	0	End

