#	Mesh	0	Begin

#	Vertex	72
6.20043	108.2	1.21286
6.20043	108.186	1.20906
6.20043	108.173	1.20287
6.20043	108.161	1.19445
6.20043	108.15	1.18408
6.20043	108.142	1.17207
6.20043	108.136	1.15878
6.20043	108.132	1.14461
6.20043	108.131	1.13
6.20043	108.132	1.11539
6.20043	108.136	1.10122
6.20043	108.142	1.08793
6.20043	108.15	1.07592
6.20043	108.161	1.06555
6.20043	108.173	1.05713
6.20043	108.186	1.05094
6.20043	108.2	1.04714
6.20043	108.215	1.04586
6.20043	108.229	1.04714
6.20043	108.244	1.05094
6.20043	108.257	1.05713
6.20043	108.269	1.06555
6.20044	108.279	1.07592
6.20044	108.288	1.08793
6.20044	108.294	1.10122
6.20044	108.298	1.11539
6.20044	108.299	1.13
6.20044	108.298	1.14461
6.20044	108.294	1.15878
6.20044	108.288	1.17207
6.20044	108.279	1.18408
6.20043	108.269	1.19445
6.20043	108.257	1.20287
6.20043	108.244	1.20906
6.20043	108.229	1.21286
6.20043	108.215	1.21414
13.8937	108.2	1.21286
13.8937	108.186	1.20906
13.8937	108.173	1.20287
13.8937	108.161	1.19445
13.8937	108.15	1.18408
13.8937	108.142	1.17207
13.8937	108.136	1.15878
13.8937	108.132	1.14461
13.8937	108.131	1.13
13.8937	108.132	1.11539
13.8937	108.136	1.10122
13.8937	108.142	1.08793
13.8937	108.15	1.07592
13.8937	108.161	1.06555
13.8937	108.173	1.05713
13.8937	108.186	1.05094
13.8937	108.2	1.04714
13.8937	108.215	1.04586
13.8937	108.229	1.04714
13.8937	108.244	1.05094
13.8937	108.257	1.05713
13.8937	108.269	1.06555
13.8937	108.279	1.07592
13.8937	108.288	1.08793
13.8937	108.294	1.10122
13.8937	108.298	1.11539
13.8937	108.299	1.13
13.8937	108.298	1.14461
13.8937	108.294	1.15878
13.8937	108.288	1.17207
13.8937	108.279	1.18408
13.8937	108.269	1.19445
13.8937	108.257	1.20287
13.8937	108.244	1.20906
13.8937	108.229	1.21286
13.8937	108.215	1.21414

#	Triangle	60
35	36	71	0	36	35
0	37	36
1	37	0
1	38	37
2	38	1
2	39	38
3	39	2
3	40	39
4	40	3
4	41	40	5	41	4
5	42	41	6	42	5
6	43	42	7	43	6
7	44	43	8	44	7
8	45	44	9	45	8
9	46	45	10	46	9
10	47	46	11	47	10
11	48	47	12	48	11
12	49	48
13	49	12
13	50	49
14	50	13
14	51	50
15	51	14
15	52	51
16	52	15
16	53	52	17	53	16
17	54	53	18	54	17
18	55	54
19	55	18
19	56	55
20	56	19
20	57	56
21	57	20
21	58	57
22	58	21
22	59	58	23	59	22
23	60	59	24	60	23
24	61	60	25	61	24
25	62	61
26	62	25
26	63	62
27	63	26
27	64	63	28	64	27
28	65	64	29	65	28
29	66	65	30	66	29
30	67	66
31	67	30
31	68	67
32	68	31
32	69	68
33	69	32
33	70	69
34	70	33
34	71	70	35	71	34
7	9	8	26	25	27
6	9	7	6	10	9	5	10	6	5	11	10	4	11	5	4	12	11	3	12	4	3	13	12	2	13	3	2	14	13	1	14	2	1	15	14	0	15	1	0	16	15	35	16	0	35	17	16	34	17	35	34	18	17	33	18	34	33	19	18	32	19	33	32	20	19	31	20	32	31	21	20	29	22	30	29	23	22	28	23	29	28	24	23	27	24	28	27	25	24
30	21	31	30	22	21
45	43	44	62	63	61
46	43	45	46	42	43	47	42	46	47	41	42	48	41	47	48	40	41	49	40	48	49	39	40	51	38	50	51	37	38	52	37	51	52	36	37	53	36	52	53	71	36	54	71	53	54	70	71	55	70	54	55	69	70	56	69	55	56	68	69	57	68	56	57	67	68	58	67	57	58	66	67	59	66	58	59	65	66	60	65	59	60	64	65	61	64	60	61	63	64
50	39	49	50	38	39

#	Normal	60
-8.85099e-008	-0.0871587	0.996194
-2.62738e-007	-0.258727	0.96595
-5.25747e-007	-0.25886	0.965915
-8.58491e-007	-0.422693	0.906273
-4.29038e-007	-0.422489	0.906368
-5.82407e-007	-0.573516	0.819194
-1.16532e-006	-0.573766	0.819019
-1.43637e-006	-0.707223	0.70699
-7.17917e-007	-0.706957	0.707257
-8.31789e-007	-0.819091	0.573664
-9.20434e-007	-0.906382	0.422459
-9.80883e-007	-0.965909	0.258883
-1.01162e-006	-0.996177	0.0873594
-1.01162e-006	-0.996177	-0.0873594
-9.80883e-007	-0.965909	-0.258883
-9.20434e-007	-0.906382	-0.422459
-8.31789e-007	-0.819091	-0.573664
-7.18187e-007	-0.707223	-0.70699
-1.43583e-006	-0.706957	-0.707257
-1.16481e-006	-0.573516	-0.819194
-5.82661e-007	-0.573766	-0.819019
-4.29246e-007	-0.422693	-0.906273
-8.58077e-007	-0.422489	-0.906368
-5.25476e-007	-0.258727	-0.96595
-2.62873e-007	-0.25886	-0.965915
-8.85099e-008	-0.0871587	-0.996194
8.85099e-008	0.0871587	-0.996194
2.62873e-007	0.25886	-0.965915
5.25476e-007	0.258727	-0.96595
8.58077e-007	0.422489	-0.906368
4.29246e-007	0.422693	-0.906273
5.82661e-007	0.573766	-0.819019
1.16481e-006	0.573516	-0.819194
1.43583e-006	0.706957	-0.707257
7.18187e-007	0.707223	-0.70699
8.31789e-007	0.819091	-0.573664
9.20434e-007	0.906382	-0.422459
9.80883e-007	0.965909	-0.258883
1.01167e-006	0.996223	-0.0868308
2.02324e-006	0.996177	-0.0873594
2.02333e-006	0.996223	0.0868308
1.01162e-006	0.996177	0.0873594
9.80883e-007	0.965909	0.258883
9.20434e-007	0.906382	0.422459
8.31789e-007	0.819091	0.573664
7.17917e-007	0.706957	0.707257
1.43637e-006	0.707223	0.70699
1.16532e-006	0.573766	0.819019
5.82407e-007	0.573516	0.819194
4.29038e-007	0.422489	0.906368
8.58491e-007	0.422693	0.906273
5.25747e-007	0.25886	0.965915
2.62738e-007	0.258727	0.96595
8.85099e-008	0.0871587	0.996194
-3.7439e-005	-0	-0
-1	-0	-0
-1	4.70987e-005	-0
3.7439e-005	-0	-0
1	-0	-0
1	-8.12744e-005	-0

#	Mesh	0	End

