#	Mesh	0	Begin

#	Vertex	20
83.1302	51.1166	-2.629
83.114	51.3159	-2.629
82.9147	51.2998	-2.629
82.9308	51.1004	-2.629
83.1302	51.1166	-11.386
82.9308	51.1004	-11.386
82.9147	51.2998	-11.386
83.114	51.3159	-11.386
83.1302	51.1166	-2.98222
83.114	51.3159	-2.98122
82.9152	51.2998	-2.98122
82.9152	51.2998	-11.2258
83.114	51.3159	-11.2258
82.9147	51.2998	-11.1187
82.9147	51.2998	-3.29383
82.9308	51.1004	-11.1191
82.9308	51.1004	-3.29514
83.1302	51.1166	-11.2258
82.9314	51.1005	-11.2258
82.9314	51.1005	-2.98222

#	Triangle	13
3	1	2	0	1	3	12	18	17	11	18	12
7	5	6	4	5	7
9	0	8	1	0	9	17	7	12	4	7	17
13	11	6	13	10	11	14	10	13	2	10	14
11	7	6
11	12	7
2	9	10
2	1	9
15	6	5	15	13	6	16	13	15	16	14	13	3	14	16	3	2	14
17	5	4	17	18	5	8	3	19	0	3	8
18	15	5	19	15	18	19	16	15	19	3	16
19	11	10	18	11	19
8	10	9	19	10	8

#	Normal	13
-0	-0	1
-0	-0	-1
0.996732	0.0807807	-0
-0.0794581	0.996838	-0
-0.0807629	0.996733	4.41753e-006
-0.0807664	0.996733	-0
-0.0807664	0.996733	-2.01519e-006
-0.0807629	0.996733	-0
-0.996735	-0.0807419	-0
0.0807598	-0.996734	-0
0.0806191	-0.996745	-0
0.996738	0.0807031	0
-0.000403825	0.00498357	-0.999988

#	Mesh	0	End

