#	Mesh	0	Begin

#	Vertex	16
83.7637	43.2973	-2.629
83.5644	43.2811	-2.629
83.5805	43.0818	-2.629
83.7799	43.0979	-2.629
83.7637	43.2973	-3.02144
83.5644	43.2811	-3.02144
83.5805	43.0818	-3.02244
83.7799	43.0979	-3.02244
83.7637	43.2973	-11.386
83.7799	43.0979	-11.386
83.5805	43.0818	-11.386
83.5644	43.2811	-11.386
83.7637	43.2973	-11.2258
83.5644	43.2811	-11.2258
83.5805	43.0818	-11.2258
83.7799	43.0979	-11.2258

#	Triangle	7
3	1	2	0	1	3	15	13	14	12	13	15
5	0	4	1	0	5	12	11	13	8	11	12
6	1	5	2	1	6	13	10	14	11	10	13
7	2	6	3	2	7	14	9	15	10	9	14
4	3	7	0	3	4	15	8	12	9	8	15
6	4	7	5	4	6
11	9	10	8	9	11

#	Normal	7
0	-0	1
-0.0807629	0.996733	-0
-0.996735	-0.0807419	0
0.0807598	-0.996734	-0
0.996732	0.0807807	-0
-0.000403791	0.00498357	-0.999988
0	-0	-1

#	Mesh	0	End

