#	Mesh	0	Begin

#	Vertex	40
66.1161	46.0818	2.545
66.0193	47.2779	2.545
65.1222	47.2052	2.545
65.2191	46.0092	2.545
66.1161	46.0818	-19.223
65.2191	46.0092	-19.223
65.1222	47.2052	-19.223
66.0193	47.2779	-19.223
66.1161	46.0818	1.44725
66.1161	46.0818	-2.99088
66.1161	46.0818	-3.59089
66.1161	46.0818	-12.8593
66.1	46.2809	-12.8593
66.1	46.2809	-16.7413
66.1161	46.0818	-16.7413
66.1161	46.0818	-18.192
66.0193	47.2779	-18.1896
66.0193	47.2779	-3.58496
66.0193	47.2779	-2.98495
66.0193	47.2779	1.45333
65.1222	47.2052	-18.1896
65.1222	47.2052	-3.58496
65.1222	47.2052	-2.98495
65.1222	47.2052	1.45333
65.2191	46.0092	-18.192
65.2191	46.0092	-16.7849
65.2031	46.206	-16.7849
65.2031	46.206	-12.8157
65.2191	46.0092	-12.8157
65.2191	46.0092	-3.59089
65.2191	46.0092	-2.99088
65.2191	46.0092	1.44725
65.299	46.0156	-12.8157
65.299	46.0156	-16.7849
66.1002	46.0805	-16.7413
66.1002	46.0805	-12.8593
65.283	46.2125	-12.8157
65.283	46.2125	-16.7849
66.0841	46.2796	-12.8593
66.0841	46.2796	-16.7413

#	Triangle	21
3	1	2	0	1	3	33	26	25	37	26	33	14	39	34	13	39	14
7	5	6	4	5	7	28	36	32	27	36	28	35	12	11	38	12	35
16	4	7	16	15	4	16	14	15	17	10	11	17	9	10	18	9	17	18	8	9	19	8	18	19	0	8	1	0	19
17	13	16	17	12	13
13	14	16
17	11	12
20	7	6	20	16	7	20	17	16	21	17	20	21	18	17	22	18	21	22	19	18	23	19	22	23	1	19	2	1	23
24	6	5	24	20	6	25	20	24	29	21	27	30	21	29	30	22	21	31	22	30	31	23	22	3	23	31	3	2	23
25	26	20
26	21	20	27	21	26
29	27	28
15	5	4	15	24	5	14	24	15	34	32	33	35	32	34	10	32	35	10	29	28	9	29	10	9	30	29	8	30	9	8	31	30	0	31	8	0	3	31
14	33	24
33	25	24
14	34	33
10	35	11
10	28	32
37	27	26	36	27	37
32	37	33	36	37	32
12	39	13	38	39	12
34	38	35	39	38	34

#	Normal	21
-0	-0	1
-0	-0	-1
0.996739	0.0806966	0
0.996739	0.0806963	0
0.996739	0.0806982	1.31713e-006
0.996739	0.0806982	-2.05681e-007
-0.0806986	0.996739	-0
-0.996738	-0.0806999	-0
-0.996738	-0.0807033	-2.92906e-006
-0.996739	-0.0806992	0
-0.996738	-0.0807033	-0
0.080699	-0.996739	-0
0.0807014	-0.996738	-1.53491e-006
0.0806746	-0.99674	-0
0.0808222	-0.996726	-0.00228758
0.0808224	-0.996729	-0
0.0806746	-0.99674	2.38662e-006
0.0807832	-0.996732	-0
-0.996734	-0.0807591	-0
0.0807438	-0.996735	-0
0.996732	0.080776	-0

#	Mesh	0	End

