#	Mesh	0	Begin

#	Vertex	28
97.662	-28.9818	1.562
97.6433	-28.9826	1.562
97.6339	-28.9826	1.562
97.6339	-28.9851	1.562
97.6433	-28.9852	1.562
97.6622	-28.9843	1.562
97.6715	-28.9835	1.562
97.6713	-28.9809	1.562
97.662	-28.9818	1.462
97.6433	-28.9826	1.462
97.6339	-28.9826	1.462
97.6328	-29.3826	1.462
97.6328	-29.3826	1.562
97.6328	-29.38	1.562
97.6328	-29.38	1.46454
97.6339	-28.9851	1.46454
97.6433	-28.9852	1.46454
97.6622	-28.9843	1.46454
97.6715	-28.9835	1.46454
97.7073	-29.3768	1.46454
97.7073	-29.3768	1.562
97.7076	-29.3793	1.562
97.7076	-29.3793	1.462
97.6713	-28.9809	1.462
97.6703	-29.3827	1.562
97.6703	-29.3827	1.462
97.6702	-29.3802	1.562
97.6702	-29.3802	1.46454

#	Triangle	20
4	2	3	4	1	2	5	7	0	6	7	5
4	0	1	5	0	4
9	0	8	1	0	9
10	1	9	2	1	10
12	14	11	15	2	10	12	13	14	3	2	15
14	10	11
14	15	10
16	3	15	4	3	16
17	4	16	5	4	17
18	5	17	6	5	18
7	18	23	19	21	22	7	6	18	20	21	19
18	22	23
18	19	22
23	0	7	8	0	23	27	20	19	26	20	27
25	21	24	22	21	25
14	26	27	13	26	14
11	24	12	25	24	11
27	15	14	27	16	15	27	17	16	27	18	17	19	18	27
9	11	10	9	25	11	8	25	9	23	25	8	22	25	23
24	13	12	24	26	13	24	20	26	21	20	24

#	Normal	20
-0	-0	2.39215e-005
-0	-0	4.75136e-005
-0.0440441	0.99903	-0
0.00292396	0.999996	-0
-0.999995	0.00307454	-0
-0.999996	0.0027539	0.000320774
-0.999996	0.00274977	-0.000324902
-0.00269709	-0.999996	0
0.0439773	-0.999033	-0
0.0906667	-0.995881	-0
0.995734	0.0922688	0
0.99588	0.0906637	-0.00161175
0.995882	0.0906431	0.00163249
-0.0906487	0.995883	-0
0.0906063	-0.995887	-0
0.0027737	0.999996	-0
-0.00271284	-0.999996	0
-0	-0	1
-0	-0	-1
-0	-0	9.51301e-005

#	Mesh	0	End

