#	Mesh	0	Begin

#	Vertex	144
65.3626	7.63347	0.855089
65.3563	7.60982	0.855088
65.3554	7.61006	0.861999
65.3617	7.6337	0.861999
65.3652	7.63278	0.848649
65.3588	7.60913	0.848649
65.3683	7.6066	0.838876
65.3629	7.60803	0.843119
65.3693	7.63168	0.843119
65.3746	7.63024	0.838876
65.3745	7.60493	0.836209
65.3808	7.62857	0.836209
65.3812	7.60313	0.835299
65.3875	7.62678	0.835299
65.3942	7.62499	0.836209
65.3878	7.60134	0.836208
65.4004	7.62332	0.838876
65.3941	7.59967	0.838876
65.4035	7.59714	0.848649
65.3994	7.59824	0.843119
65.4057	7.62189	0.843119
65.4098	7.62079	0.848649
65.4061	7.59645	0.855088
65.4124	7.6201	0.855089
65.407	7.59621	0.861999
65.4133	7.61986	0.861999
65.4124	7.6201	0.868909
65.4061	7.59645	0.868909
65.4098	7.62079	0.875349
65.4035	7.59714	0.875349
65.3941	7.59967	0.885122
65.3994	7.59824	0.880878
65.4057	7.62189	0.880879
65.4004	7.62332	0.885122
65.3878	7.60134	0.887789
65.3942	7.62499	0.887789
65.3812	7.60313	0.888699
65.3875	7.62678	0.888699
65.3808	7.62857	0.887789
65.3745	7.60493	0.887789
65.3746	7.63024	0.885122
65.3683	7.60659	0.885122
65.3588	7.60913	0.875349
65.3629	7.60803	0.880879
65.3693	7.63167	0.880879
65.3652	7.63277	0.875349
65.3563	7.60982	0.868909
65.3626	7.63347	0.86891
65.402	7.57942	0.846823
65.4049	7.57863	0.854143
65.4059	7.57836	0.861998
65.4049	7.57863	0.869854
65.402	7.57942	0.877173
65.3974	7.58067	0.883459
65.3913	7.5823	0.888282
65.3842	7.5842	0.891314
65.3766	7.58623	0.892349
65.369	7.58827	0.891314
65.362	7.59017	0.888282
65.3559	7.5918	0.883459
65.3512	7.59305	0.877174
65.3483	7.59383	0.869854
65.3473	7.5941	0.861999
65.3483	7.59383	0.854143
65.3512	7.59305	0.846824
65.3559	7.5918	0.840538
65.362	7.59017	0.835715
65.369	7.58827	0.832683
65.3766	7.58623	0.831648
65.3842	7.5842	0.832683
65.3913	7.5823	0.835715
65.3974	7.58067	0.840538
65.3958	7.5992	0.888283
65.4019	7.59757	0.883459
65.3888	7.6011	0.891315
65.4066	7.59632	0.877174
65.4095	7.59553	0.869854
65.4105	7.59527	0.861999
65.4095	7.59553	0.854143
65.4066	7.59632	0.846824
65.4019	7.59757	0.840538
65.3958	7.5992	0.835715
65.3888	7.6011	0.832683
65.3812	7.60313	0.831649
65.3736	7.60517	0.832683
65.3665	7.60707	0.835715
65.3604	7.6087	0.840538
65.3558	7.60995	0.846824
65.3529	7.61073	0.854144
65.3519	7.611	0.861999
65.3529	7.61073	0.869854
65.3558	7.60995	0.877174
65.3604	7.6087	0.88346
65.3665	7.60707	0.888283
65.3736	7.60517	0.891315
65.3812	7.60313	0.892349
65.3637	7.65128	0.854144
65.3592	7.63438	0.854144
65.3582	7.63465	0.861999
65.3627	7.65155	0.862
65.3667	7.6505	0.846825
65.3621	7.63359	0.846824
65.3729	7.63072	0.835715
65.3668	7.63234	0.840539
65.3713	7.64925	0.840539
65.3774	7.64762	0.835716
65.3799	7.62882	0.832683
65.3845	7.64572	0.832684
65.3875	7.62678	0.831649
65.3921	7.64368	0.831649
65.3996	7.64165	0.832683
65.3951	7.62475	0.832683
65.4067	7.63975	0.835715
65.4022	7.62285	0.835715
65.4129	7.61997	0.846824
65.4082	7.62122	0.840538
65.4128	7.63812	0.840539
65.4174	7.63687	0.846824
65.4158	7.61918	0.854144
65.4204	7.63608	0.854144
65.4168	7.61891	0.861999
65.4214	7.63581	0.861999
65.4204	7.63608	0.869854
65.4158	7.61918	0.869854
65.4174	7.63687	0.877174
65.4129	7.61997	0.877174
65.4022	7.62285	0.888283
65.4082	7.62122	0.88346
65.4128	7.63812	0.88346
65.4067	7.63975	0.888283
65.3951	7.62474	0.891315
65.3996	7.64165	0.891315
65.3875	7.62678	0.892349
65.3921	7.64368	0.892349
65.3845	7.64572	0.891315
65.3799	7.62882	0.891315
65.3774	7.64762	0.888283
65.3729	7.63071	0.888283
65.3621	7.63359	0.877174
65.3668	7.63234	0.88346
65.3713	7.64925	0.88346
65.3667	7.6505	0.877174
65.3592	7.63438	0.869854
65.3637	7.65128	0.869855

#	Triangle	147
3	1	2
0	1	3
0	5	1
4	5	0
9	7	8
6	7	9
5	8	7
4	8	5
11	6	9
10	6	11
13	10	11
12	10	13
13	15	12	14	15	13
14	17	15	16	17	14
21	19	20	18	19	21
17	20	19	16	20	17
23	18	21
22	18	23
25	22	23
24	22	25
25	27	24
26	27	25
26	29	27
28	29	26
33	31	32	30	31	33
29	32	31	28	32	29
35	30	33	34	30	35
37	34	35
36	34	37
37	39	36
38	39	37
38	41	39
40	41	38
45	43	44	42	43	45
41	44	43	40	44	41
47	42	45
46	42	47
3	46	47
2	46	3
63	61	62	50	51	49
64	61	63	49	51	52
64	60	61	49	52	48
65	60	64
65	59	60
66	59	65
66	58	59
67	58	66
67	57	58
68	57	67
68	56	57
69	56	68
69	55	56
70	55	69
70	54	55
71	54	70
71	53	54
48	53	71
48	52	53
30	72	73	72	34	74	73	75	31	76	27	75	77	24	76	78	22	77	79	18	78	19	79	80	17	80	81	81	82	15	83	12	82	84	10	83	84	85	6	86	7	85	86	87	5	87	88	5	89	1	88	89	90	2	91	46	90	92	42	91	43	92	93	94	41	93	94	95	39	95	74	36
34	72	30	31	30	73	75	29	31	75	27	29	24	27	76	77	22	24	78	18	22	79	19	18	19	80	17	15	17	81	12	15	82	10	12	83	6	10	84	6	85	7	86	5	7	88	1	5	89	2	1	2	90	46	91	42	46	43	42	92	41	43	93	41	94	39	39	95	36	36	74	34
89	63	62
88	63	89
99	97	98
96	97	99
88	64	63
87	64	88
96	101	97
100	101	96
85	65	86	66	65	85	105	103	104	102	103	105
64	86	65	101	104	103
87	86	64
100	104	101
84	66	85	107	102	105
67	66	84
106	102	107
83	67	84
68	67	83
109	106	107
108	106	109
83	69	68	109	111	108
82	69	83
110	111	109
82	70	69
81	70	82
110	113	111
112	113	110
79	71	80	117	115	116	114	115	117
48	71	79
70	80	71	113	116	115
81	80	70	112	116	113
78	48	79	118	114	119
49	48	78	119	114	117
77	49	78	50	49	77	120	118	121
121	118	119
77	51	50	121	123	120
76	51	77
122	123	121
76	52	51
75	52	76
122	125	123
124	125	122
72	53	73	54	53	72
129	127	128
126	127	129
52	73	53
75	73	52
125	128	127
124	128	125
74	54	72
55	54	74
131	126	129
130	126	131
95	55	74	56	55	95	132	130	133
133	130	131
95	57	56	133	135	132
94	57	95	134	135	133
94	58	57	134	137	135
93	58	94	136	137	134
91	59	92
60	59	91
141	139	140
138	139	141
58	92	59	137	140	139
93	92	58	136	140	137
90	60	91	142	138	143
61	60	90	143	138	141
90	62	61
89	62	90	143	98	142	99	98	143
16	113	115	113	14	111	115	114	20	118	23	114	120	25	118	123	26	120	125	28	123	32	125	127	33	127	126	126	130	35	132	37	130	135	38	132	135	137	40	139	44	137	139	138	45	138	142	45	98	47	142	98	97	3	101	0	97	103	4	101	8	103	102	106	9	102	106	108	11	108	111	13
14	113	16	20	16	115	114	21	20	114	23	21	25	23	118	120	26	25	123	28	26	125	32	28	32	127	33	35	33	126	37	35	130	38	37	132	40	38	135	40	137	44	139	45	44	142	47	45	98	3	47	3	97	0	101	4	0	8	4	103	9	8	102	9	106	11	11	108	13	13	111	14
107	110	109	133	131	134
105	110	107	134	131	129
105	112	110	134	129	136
104	112	105
104	116	112
100	116	104
100	117	116
96	117	100	141	124	122
96	119	117	141	122	143
99	119	96
99	121	119
143	121	99
143	122	121
140	124	141
140	128	124
136	128	140
136	129	128

#	Normal	147
-0.957583	0.256892	-0.130539
-0.95758	0.256896	-0.130557
-0.892418	0.239419	-0.38245
-0.892197	0.239507	-0.382912
-0.588005	0.157854	-0.793305
-0.588002	0.157852	-0.793307
-0.766248	0.205699	-0.60873
-0.76625	0.205702	-0.608726
-0.369634	0.0992367	-0.923863
-0.36947	0.0991337	-0.92394
-0.126039	0.0338283	-0.991448
-0.126101	0.0338659	-0.991439
0.126033	-0.0338169	-0.99145
0.369626	-0.099208	-0.923869
0.766252	-0.205683	-0.60873
0.588002	-0.157831	-0.793312
0.892198	-0.239496	-0.382915
0.892199	-0.239497	-0.382912
0.957609	-0.257059	-0.130025
0.957581	-0.256893	-0.130557
0.957582	-0.256897	0.130539
0.957609	-0.257057	0.130024
0.892197	-0.239502	0.382915
0.892202	-0.239508	0.3829
0.588001	-0.157855	0.793307
0.76625	-0.205702	0.608726
0.369632	-0.0992383	0.923863
0.126033	-0.0338477	0.991448
0.126042	-0.0338476	0.991447
-0.126108	0.0338396	0.991439
-0.126038	0.0337974	0.99145
-0.369457	0.0991015	0.923948
-0.369626	0.099208	0.923869
-0.766252	0.205683	0.60873
-0.588002	0.157831	0.793312
-0.892198	0.239496	0.382915
-0.89242	0.239408	0.382453
-0.957579	0.256892	0.130575
-0.957582	0.256888	0.130557
-4.20758e-006	-1.5649e-005	-4.86374e-010
-1.2354e-005	-4.60263e-005	-1.43051e-009
-2.38555e-005	-8.89159e-005	-1.43051e-009
-0.259093	-0.965852	-1.5539e-005
-0.25914	-0.96584	-2.19752e-005
-0.25926	-0.965808	-2.19744e-005
-0.25923	-0.965816	-1.79422e-005
-0.259268	-0.965805	-1.7942e-005
-0.259195	-0.965825	-8.04333e-006
-0.259234	-0.965814	-8.04324e-006
-0.259289	-0.9658	-1.55381e-005
-0.259231	-0.965815	-1.55384e-005
-0.259235	-0.965814	-1.60865e-005
-0.259254	-0.965809	-1.60864e-005
-0.259202	-0.965823	-8.97115e-006
-0.259237	-0.965814	-8.97107e-006
-0.259252	-0.96581	-1.09872e-005
-0.259357	-0.965782	-1.09869e-005
-0.25939	-0.965773	-1.55377e-005
7.43485e-006	2.7685e-005	4.56429e-009
6.5388e-006	2.43563e-005	5.1918e-009
-0.957615	0.256952	-0.130186
-0.957497	0.257149	-0.130669
-0.957556	0.256936	-0.130654
-0.957552	0.256943	-0.130669
-0.892202	0.239617	-0.38283
-0.892424	0.239463	-0.382409
-0.892417	0.239468	-0.382423
-0.89221	0.239612	-0.382816
-0.587994	0.157788	-0.793326
-0.766145	0.205589	-0.608896
-0.766139	0.205582	-0.608906
-0.766317	0.205806	-0.608607
-0.369577	0.0991823	-0.923891
-0.369578	0.099183	-0.923891
-0.369583	0.0991871	-0.923889
-0.126084	0.0338492	-0.991442
-0.126078	0.0338439	-0.991443
-0.126084	0.0338501	-0.991442
-0.126076	0.0338434	-0.991443
0.126078	-0.0338152	-0.991444
0.126076	-0.0338156	-0.991444
0.126009	-0.0338268	-0.991452
0.369572	-0.0991543	-0.923896
0.369586	-0.0991516	-0.923891
0.369551	-0.0992339	-0.923896
0.369748	-0.0991953	-0.923822
0.766141	-0.205564	-0.60891
0.766319	-0.205789	-0.60861
0.587996	-0.157761	-0.79333
0.587992	-0.157757	-0.793334
0.89237	-0.239644	-0.382423
0.892259	-0.239408	-0.38283
0.957555	-0.256932	-0.130669
0.957559	-0.257155	-0.130201
0.957554	-0.256936	0.130669
0.957554	-0.256943	0.130654
0.957558	-0.257158	0.130201
0.892261	-0.239426	0.382813
0.892368	-0.239655	0.38242
0.892373	-0.239656	0.382407
0.892262	-0.23942	0.382813
0.587989	-0.157787	0.79333
0.587981	-0.157785	0.793336
0.58799	-0.157783	0.79333
0.76636	-0.205647	0.608607
0.766102	-0.205749	0.608896
0.766138	-0.205587	0.608906
0.766147	-0.205584	0.608896
0.369578	-0.0991826	0.923891
0.369585	-0.0991814	0.923889
0.369747	-0.099225	0.923819
0.369563	-0.099261	0.923889
0.126078	-0.0338439	0.991443
0.126011	-0.0338551	0.991451
-0.126076	0.0338147	0.991444
-0.126078	0.0338162	0.991444
-0.369578	0.0991557	0.923894
-0.369573	0.0991516	0.923896
-0.766144	0.205563	0.608906
-0.766141	0.205564	0.60891
-0.766366	0.205623	0.608607
-0.766097	0.20573	0.60891
-0.587997	0.157759	0.79333
-0.587991	0.15776	0.793334
-0.892421	0.239452	0.382423
-0.892207	0.2396	0.38283
-0.957559	0.257155	0.130201
-0.957555	0.256932	0.130669
-7.4326e-006	-2.76854e-005	1.60027e-009
-6.53911e-006	-2.43566e-005	1.29509e-009
4.21196e-006	1.56945e-005	-4.24957e-009
1.23483e-005	4.60118e-005	1.90735e-010
2.38549e-005	8.88758e-005	2.31304e-008
0.259231	0.965815	-1.6235e-005
0.259235	0.965814	1.14803e-005
0.259235	0.965814	-0.000107661
0.259241	0.965813	-5.84183e-005
0.259241	0.965813	9.70435e-005
0.259226	0.965817	-2.59092e-005
0.259226	0.965817	4.10605e-005
0.259231	0.965815	8.70532e-005
0.259231	0.965815	-4.18585e-005
0.259226	0.965817	-8.78484e-005
0.259241	0.965813	0.000102687
0.259246	0.965811	0.000136901
0.259246	0.965811	-2.83782e-006
0.259231	0.965815	-0.000114012

#	Mesh	0	End

