#	Mesh	0	Begin

#	Vertex	20
-16.0385	-5.41371	3.38
-16.0385	114.069	3.38
20.0533	114.069	3.38
20.0533	106.929	3.38
29.4533	106.929	3.38
38.4483	106.629	3.38
48.8996	106.629	3.38
50.9895	80.8366	3.38
54.4983	64.7452	3.38
60.1788	-5.41371	3.38
-16.0385	-5.41371	2.58
-16.0385	114.069	2.58
20.0533	114.069	2.58
20.0533	106.929	2.58
29.4533	106.929	2.58
38.4483	106.629	2.58
48.8996	106.629	2.58
50.9895	80.8366	2.58
54.4983	64.7452	2.58
60.1788	-5.41371	2.58

#	Triangle	10
9	10	19	0	10	9
0	11	10	1	11	0
1	12	11	2	12	1	3	14	13	4	14	3	5	16	15	6	16	5
2	13	12	3	13	2
4	15	14	5	15	4
6	17	16	7	17	6
7	18	17	8	18	7
8	19	18	9	19	8
8	0	9	8	1	0	7	1	8	6	5	7	5	4	7	4	3	7	3	1	7	2	1	3
11	19	10	11	18	19	11	17	18	11	13	17	13	15	17	15	16	17	13	14	15	11	12	13

#	Normal	10
-0	-1	-0
-1	0	-0
-0	1	-0
1	0	0
0.0333151	0.999445	0
0.996733	0.0807612	0
0.977042	0.213049	0
0.996738	0.0807025	0
0	0	1
0	-0	-1

#	Mesh	0	End

