#	Mesh	0	Begin

#	Vertex	72
93.0643	67.9758	0.533708
93.051	67.9765	0.537294
93.0384	67.9772	0.543151
93.0271	67.9778	0.551099
93.0173	67.9783	0.560898
93.0094	67.9787	0.57225
93.0035	67.979	0.584809
92.9999	67.9792	0.598195
92.9987	67.9793	0.612
92.9999	67.9792	0.625805
93.0035	67.979	0.63919
93.0094	67.9787	0.65175
93.0173	67.9783	0.663101
93.0271	67.9778	0.6729
93.0384	67.9772	0.680849
93.051	67.9765	0.686705
93.0643	67.9758	0.690292
93.0781	67.9751	0.6915
93.0919	67.9743	0.690292
93.1053	67.9736	0.686705
93.1178	67.973	0.680849
93.1291	67.9724	0.6729
93.1389	67.9718	0.663101
93.1469	67.9714	0.65175
93.1527	67.9711	0.63919
93.1563	67.9709	0.625805
93.1575	67.9709	0.612
93.1563	67.9709	0.598195
93.1527	67.9711	0.584809
93.1469	67.9714	0.57225
93.1389	67.9718	0.560898
93.1291	67.9724	0.551099
93.1178	67.973	0.543151
93.1053	67.9736	0.537294
93.0919	67.9743	0.533708
93.0781	67.9751	0.5325
93.7455	80.7974	0.533708
93.7321	80.7981	0.537294
93.7196	80.7988	0.543151
93.7082	80.7994	0.551099
93.6984	80.7999	0.560898
93.6905	80.8003	0.57225
93.6847	80.8006	0.584809
93.6811	80.8008	0.598195
93.6799	80.8009	0.612
93.6811	80.8008	0.625805
93.6847	80.8006	0.63919
93.6905	80.8003	0.65175
93.6984	80.7999	0.663101
93.7082	80.7994	0.6729
93.7196	80.7988	0.680849
93.7321	80.7981	0.686705
93.7455	80.7974	0.690292
93.7593	80.7967	0.6915
93.773	80.7959	0.690292
93.7864	80.7952	0.686705
93.7989	80.7945	0.680849
93.8103	80.7939	0.6729
93.8201	80.7934	0.663101
93.828	80.793	0.65175
93.8339	80.7927	0.63919
93.8374	80.7925	0.625805
93.8386	80.7924	0.612
93.8374	80.7925	0.598195
93.8339	80.7927	0.584809
93.828	80.793	0.57225
93.8201	80.7934	0.560898
93.8103	80.7939	0.551099
93.7989	80.7945	0.543151
93.7864	80.7952	0.537294
93.773	80.7959	0.533708
93.7593	80.7967	0.5325

#	Triangle	70
35	36	71
0	36	35
0	37	36	1	37	0
1	38	37
2	38	1
2	39	38
3	39	2
3	40	39	4	40	3
4	41	40	5	41	4
5	42	41	6	42	5
6	43	42	7	43	6
7	44	43	8	44	7
8	45	44	9	45	8
9	46	45	10	46	9
10	47	46	11	47	10
11	48	47	12	48	11
12	49	48	13	49	12
13	50	49
14	50	13
14	51	50
15	51	14
15	52	51	16	52	15
16	53	52
17	53	16
17	54	53
18	54	17
18	55	54	19	55	18
19	56	55	20	56	19
20	57	56	21	57	20
21	58	57	22	58	21
22	59	58	23	59	22
23	60	59	24	60	23
24	61	60	25	61	24
25	62	61	26	62	25
26	63	62	27	63	26
27	64	63	28	64	27
28	65	64	29	65	28
29	66	65	30	66	29
30	67	66	31	67	30
31	68	67	32	68	31
32	69	68	33	69	32
33	70	69	34	70	33
34	71	70
35	71	34
7	9	8	26	25	27
6	9	7	27	25	24
6	10	9	27	24	28
5	10	6	5	11	10	28	23	29	28	24	23
4	11	5	4	12	11	29	22	30	29	23	22
3	12	4	3	13	12
2	13	3	2	14	13	31	20	32	31	21	20
1	14	2	1	15	14
0	15	1	0	16	15	33	18	34	33	19	18
35	16	0	35	17	16
34	17	35	34	18	17
32	19	33	32	20	19
30	21	31	30	22	21
45	43	44	62	63	61
46	43	45	61	63	64
46	42	43	61	64	60
47	42	46	47	41	42	60	65	59	60	64	65
48	41	47	48	40	41	59	66	58	59	65	66
49	40	48	49	39	40
50	39	49	50	38	39
51	38	50	51	37	38	56	69	55	56	68	69
52	37	51	52	36	37	55	70	54	55	69	70
53	36	52	53	71	36
54	71	53	54	70	71
57	68	56	57	67	68
58	67	57	58	66	67

#	Normal	70
-0.0870606	0.00462505	-0.996192
-0.0870118	0.00462251	-0.996197
-0.258447	0.01373	-0.965928
-0.422097	0.022424	-0.906273
-0.422086	0.0224234	-0.906279
-0.572745	0.0304272	-0.819168
-0.57276	0.0304279	-0.819159
-0.705978	0.0375052	-0.70724
-0.817991	0.0434559	-0.573587
-0.905154	0.0480864	-0.422355
-0.96449	0.0512387	-0.259101
-0.994811	0.0528495	-0.0869381
-0.994811	0.0528495	0.0869385
-0.96449	0.0512387	0.259101
-0.905155	0.0480865	0.422353
-0.81799	0.0434558	0.573589
-0.705978	0.0375052	0.70724
-0.572745	0.0304272	0.819168
-0.57276	0.0304279	0.819159
-0.422101	0.0224242	0.906271
-0.422089	0.0224236	0.906277
-0.258442	0.0137298	0.965929
-0.087065	0.00462534	0.996192
-0.0870162	0.00462269	0.996196
0.0870136	-0.00462256	0.996196
0.0870624	-0.0046252	0.996192
0.258442	-0.0137298	0.965929
0.422101	-0.0224242	0.906271
0.57276	-0.0304279	0.819159
0.705963	-0.0375044	0.707255
0.81799	-0.0434558	0.573589
0.905155	-0.0480865	0.422353
0.96449	-0.0512387	0.259101
0.994811	-0.0528495	0.0869385
0.994811	-0.0528495	-0.0869381
0.96449	-0.0512387	-0.259101
0.905154	-0.0480864	-0.422355
0.817991	-0.0434559	-0.573587
0.705963	-0.0375044	-0.707255
0.57276	-0.0304279	-0.819159
0.422097	-0.022424	-0.906273
0.258447	-0.01373	-0.965928
0.0870092	-0.00462238	-0.996197
0.087058	-0.00462492	-0.996193
-1.72563e-006	-3.32183e-005	-0
-5.17688e-006	-9.90079e-005	0
-0.0522163	-0.998636	-0
-0.0533996	-0.998573	0
-0.0530747	-0.998591	0
-0.0526007	-0.998616	0
-0.0529923	-0.998595	0
-0.0535058	-0.998568	0
-0.0531102	-0.998589	0
-0.0526182	-0.998615	0
-0.0532125	-0.998583	0
-0.0528854	-0.998601	0
-0.0533954	-0.998573	0
1.72563e-006	3.32183e-005	-0
5.17688e-006	9.90079e-005	0
0.0522163	0.998636	-0
0.0533996	0.998573	0
0.0530747	0.998591	0
0.0526007	0.998616	0
0.0536785	0.998558	0
0.0528854	0.998601	0
0.0531102	0.998589	0
0.052648	0.998613	0
0.0531824	0.998585	0
0.0529923	0.998595	0
0.0533954	0.998573	0

#	Mesh	0	End

