#	Mesh	0	Begin

#	Vertex	412
63.3641	92.5223	0.5895
63.3618	92.5504	0.5895
63.3942	92.553	0.5895
63.3965	92.5249	0.5895
63.3963	92.5207	0.5895
63.395	92.5166	0.5895
63.3927	92.5131	0.5895
63.3896	92.5102	0.5895
63.3858	92.5083	0.5895
63.3817	92.5074	0.5895
63.3774	92.5076	0.5895
63.3734	92.5089	0.5895
63.3698	92.5112	0.5895
63.367	92.5144	0.5895
63.365	92.5181	0.5895
63.3965	92.5249	0.6345
63.3942	92.553	0.6345
63.3618	92.5504	0.6345
63.3641	92.5223	0.6345
63.365	92.5181	0.6345
63.367	92.5144	0.6345
63.3698	92.5112	0.6345
63.3734	92.5089	0.6345
63.3774	92.5076	0.6345
63.3817	92.5074	0.6345
63.3858	92.5083	0.6345
63.3896	92.5102	0.6345
63.3927	92.5131	0.6345
63.395	92.5166	0.6345
63.3963	92.5207	0.6345
63.362	92.5481	0.600646
63.3944	92.5507	0.600646
63.3621	92.5473	0.612
63.3945	92.55	0.612
63.362	92.5481	0.623354
63.3944	92.5507	0.623354
63.3486	92.712	0.6345
63.3463	92.7401	0.6345
63.3463	92.7401	0.5895
63.3486	92.712	0.5895
63.3484	92.7143	0.600646
63.3484	92.7151	0.612
63.3484	92.7143	0.623354
63.3787	92.7427	0.6345
63.381	92.7146	0.6345
63.3808	92.7169	0.623354
63.3807	92.7177	0.612
63.3808	92.7169	0.600646
63.381	92.7146	0.5895
63.3787	92.7427	0.5895
63.3694	92.7561	0.6345
63.3654	92.7574	0.6345
63.3612	92.7576	0.6345
63.357	92.7567	0.6345
63.3533	92.7548	0.6345
63.3501	92.7519	0.6345
63.3478	92.7484	0.6345
63.3465	92.7443	0.6345
63.3778	92.7469	0.6345
63.3759	92.7507	0.6345
63.373	92.7538	0.6345
63.3612	92.7576	0.5895
63.3654	92.7574	0.5895
63.3694	92.7561	0.5895
63.373	92.7538	0.5895
63.3759	92.7507	0.5895
63.3778	92.7469	0.5895
63.3465	92.7443	0.5895
63.3478	92.7484	0.5895
63.3501	92.7519	0.5895
63.3533	92.7548	0.5895
63.357	92.7567	0.5895
63.3431	92.6724	0.539124
63.3409	92.6987	0.543571
63.3426	92.6787	0.528192
63.3416	92.6898	0.552497
63.3447	92.6522	0.530717
63.3397	92.714	0.563614
63.3406	92.7031	0.569925
63.3399	92.7115	0.59022
63.3389	92.7236	0.586953
63.3396	92.7143	0.612
63.3386	92.7269	0.612
63.3399	92.7115	0.633779
63.3389	92.7236	0.637046
63.3406	92.7031	0.654075
63.3397	92.714	0.660386
63.3416	92.6898	0.671503
63.3409	92.6987	0.680428
63.3431	92.6724	0.684876
63.3426	92.6787	0.695807
63.3447	92.6522	0.693283
63.3445	92.6554	0.705475
63.3465	92.6305	0.69615
63.3465	92.6305	0.708772
63.3483	92.6088	0.693283
63.3485	92.6055	0.705475
63.3499	92.5885	0.684876
63.3504	92.5822	0.695807
63.3514	92.5712	0.671503
63.3521	92.5623	0.680428
63.3524	92.5578	0.654075
63.3533	92.5469	0.660386
63.3541	92.5373	0.637046
63.3531	92.5495	0.633779
63.3544	92.534	0.612
63.3534	92.5466	0.612
63.3541	92.5373	0.586953
63.3531	92.5495	0.59022
63.3533	92.5469	0.563614
63.3524	92.5578	0.569925
63.3521	92.5623	0.543571
63.3514	92.5712	0.552497
63.3504	92.5822	0.528192
63.3499	92.5885	0.539124
63.3485	92.6055	0.518525
63.3483	92.6088	0.530717
63.3465	92.6305	0.515227
63.3465	92.6305	0.52785
63.3445	92.6554	0.518525
63.3924	92.6828	0.528192
63.3907	92.7028	0.543571
63.3929	92.6765	0.539124
63.3946	92.6563	0.530717
63.3943	92.6595	0.518525
63.3915	92.6939	0.552497
63.3895	92.7181	0.563614
63.3904	92.7072	0.569925
63.3897	92.7156	0.59022
63.3887	92.7277	0.586953
63.3895	92.7184	0.612
63.3884	92.731	0.612
63.3897	92.7156	0.633779
63.3887	92.7277	0.637046
63.3904	92.7072	0.654075
63.3895	92.7181	0.660386
63.3915	92.6939	0.671503
63.3907	92.7028	0.680428
63.3929	92.6765	0.684876
63.3924	92.6828	0.695807
63.3946	92.6563	0.693283
63.3943	92.6595	0.705475
63.3963	92.6345	0.69615
63.3963	92.6345	0.708772
63.3981	92.6128	0.693283
63.3984	92.6096	0.705475
63.3998	92.5926	0.684876
63.4003	92.5863	0.695807
63.4012	92.5752	0.671503
63.4019	92.5664	0.680428
63.4023	92.5619	0.654075
63.4032	92.551	0.660386
63.404	92.5414	0.637046
63.403	92.5535	0.633779
63.4042	92.5381	0.612
63.4032	92.5507	0.612
63.404	92.5414	0.586953
63.403	92.5535	0.59022
63.4032	92.551	0.563614
63.4023	92.5619	0.569925
63.4019	92.5664	0.543571
63.4012	92.5752	0.552497
63.4003	92.5863	0.528192
63.3998	92.5926	0.539124
63.3984	92.6096	0.518525
63.3981	92.6128	0.530717
63.3963	92.6345	0.515227
63.3963	92.6345	0.52785
63.0402	92.531	0.5895
63.0434	92.559	0.5895
63.0757	92.5552	0.5895
63.0725	92.5272	0.5895
63.0714	92.5231	0.5895
63.0694	92.5194	0.5895
63.0664	92.5164	0.5895
63.0628	92.5142	0.5895
63.0587	92.513	0.5895
63.0544	92.513	0.5895
63.0503	92.514	0.5895
63.0466	92.5161	0.5895
63.0436	92.519	0.5895
63.0414	92.5227	0.5895
63.0402	92.5267	0.5895
63.0725	92.5272	0.6345
63.0757	92.5552	0.6345
63.0434	92.559	0.6345
63.0402	92.531	0.6345
63.0402	92.5267	0.6345
63.0414	92.5227	0.6345
63.0436	92.519	0.6345
63.0466	92.5161	0.6345
63.0503	92.514	0.6345
63.0544	92.513	0.6345
63.0587	92.513	0.6345
63.0628	92.5142	0.6345
63.0664	92.5164	0.6345
63.0694	92.5194	0.6345
63.0714	92.5231	0.6345
63.0432	92.5567	0.600646
63.0755	92.553	0.600646
63.0431	92.5559	0.612
63.0754	92.5522	0.612
63.0432	92.5567	0.623354
63.0755	92.553	0.623354
63.0622	92.7201	0.6345
63.0654	92.7481	0.6345
63.0654	92.7481	0.5895
63.0622	92.7201	0.5895
63.0624	92.7224	0.600646
63.0625	92.7231	0.612
63.0624	92.7224	0.623354
63.0977	92.7443	0.6345
63.0944	92.7163	0.6345
63.0947	92.7186	0.623354
63.0948	92.7194	0.612
63.0947	92.7186	0.600646
63.0944	92.7163	0.5895
63.0977	92.7443	0.5895
63.0912	92.7592	0.6345
63.0875	92.7613	0.6345
63.0834	92.7623	0.6345
63.0792	92.7623	0.6345
63.0751	92.7611	0.6345
63.0715	92.7589	0.6345
63.0685	92.7559	0.6345
63.0664	92.7522	0.6345
63.0976	92.7486	0.6345
63.0965	92.7526	0.6345
63.0943	92.7563	0.6345
63.0834	92.7623	0.5895
63.0875	92.7613	0.5895
63.0912	92.7592	0.5895
63.0943	92.7563	0.5895
63.0965	92.7526	0.5895
63.0976	92.7486	0.5895
63.0664	92.7522	0.5895
63.0685	92.7559	0.5895
63.0715	92.7589	0.5895
63.0751	92.7611	0.5895
63.0792	92.7623	0.5895
63.049	92.6823	0.539124
63.052	92.7085	0.543571
63.0497	92.6886	0.528192
63.051	92.6996	0.552497
63.0466	92.6622	0.530717
63.0538	92.7238	0.563614
63.0525	92.7129	0.569925
63.0535	92.7213	0.59022
63.0549	92.7334	0.586953
63.0538	92.7241	0.612
63.0553	92.7367	0.612
63.0535	92.7213	0.633779
63.0549	92.7334	0.637046
63.0525	92.7129	0.654075
63.0538	92.7238	0.660386
63.051	92.6996	0.671503
63.052	92.7085	0.680428
63.049	92.6823	0.684876
63.0497	92.6886	0.695807
63.0466	92.6622	0.693283
63.047	92.6654	0.705475
63.0441	92.6405	0.69615
63.0441	92.6405	0.708772
63.0416	92.6189	0.693283
63.0412	92.6157	0.705475
63.0392	92.5987	0.684876
63.0385	92.5925	0.695807
63.0372	92.5814	0.671503
63.0362	92.5726	0.680428
63.0357	92.5681	0.654075
63.0344	92.5573	0.660386
63.0333	92.5477	0.637046
63.0347	92.5598	0.633779
63.0329	92.5444	0.612
63.0344	92.557	0.612
63.0333	92.5477	0.586953
63.0347	92.5598	0.59022
63.0344	92.5573	0.563614
63.0357	92.5681	0.569925
63.0362	92.5726	0.543571
63.0372	92.5814	0.552497
63.0385	92.5925	0.528192
63.0392	92.5987	0.539124
63.0412	92.6157	0.518525
63.0416	92.6189	0.530717
63.0441	92.6405	0.515227
63.0441	92.6405	0.52785
63.047	92.6654	0.518525
63.0994	92.6828	0.528192
63.1017	92.7027	0.543571
63.0986	92.6766	0.539124
63.0963	92.6564	0.530717
63.0967	92.6596	0.518525
63.1006	92.6939	0.552497
63.1034	92.718	0.563614
63.1022	92.7072	0.569925
63.1032	92.7155	0.59022
63.1046	92.7276	0.586953
63.1035	92.7184	0.612
63.1049	92.7309	0.612
63.1032	92.7155	0.633779
63.1046	92.7276	0.637046
63.1022	92.7072	0.654075
63.1034	92.718	0.660386
63.1006	92.6939	0.671503
63.1017	92.7027	0.680428
63.0986	92.6766	0.684876
63.0994	92.6828	0.695807
63.0963	92.6564	0.693283
63.0967	92.6596	0.705475
63.0938	92.6348	0.69615
63.0938	92.6348	0.708772
63.0913	92.6131	0.693283
63.0909	92.6099	0.705475
63.0889	92.593	0.684876
63.0882	92.5867	0.695807
63.0869	92.5757	0.671503
63.0859	92.5668	0.680428
63.0854	92.5624	0.654075
63.0841	92.5515	0.660386
63.083	92.5419	0.637046
63.0844	92.554	0.633779
63.0826	92.5386	0.612
63.0841	92.5512	0.612
63.083	92.5419	0.586953
63.0844	92.554	0.59022
63.0841	92.5515	0.563614
63.0854	92.5624	0.569925
63.0859	92.5668	0.543571
63.0869	92.5757	0.552497
63.0882	92.5867	0.528192
63.0889	92.593	0.539124
63.0909	92.6099	0.518525
63.0913	92.6131	0.530717
63.0938	92.6348	0.515227
63.0938	92.6348	0.52785
63.0714	92.6593	0.530717
63.0689	92.6377	0.52785
63.0664	92.616	0.530717
63.0641	92.5959	0.539124
63.0621	92.5785	0.552497
63.0605	92.5653	0.569925
63.0596	92.5569	0.59022
63.0592	92.5541	0.612
63.0596	92.5569	0.633779
63.0605	92.5653	0.654075
63.0621	92.5785	0.671503
63.0641	92.5959	0.684876
63.0664	92.616	0.693283
63.0689	92.6377	0.69615
63.0714	92.6593	0.693283
63.0738	92.6794	0.684876
63.0758	92.6968	0.671503
63.0773	92.71	0.654075
63.0783	92.7184	0.633779
63.0786	92.7212	0.612
63.0783	92.7184	0.59022
63.0773	92.71	0.569925
63.0758	92.6968	0.552497
63.0738	92.6794	0.539124
63.3714	92.6325	0.52785
63.3696	92.6542	0.530717
63.368	92.6744	0.539124
63.3666	92.6918	0.552497
63.3655	92.7051	0.569925
63.3648	92.7135	0.59022
63.3645	92.7164	0.612
63.3648	92.7135	0.633779
63.3655	92.7051	0.654075
63.3666	92.6918	0.671503
63.368	92.6744	0.684876
63.3696	92.6542	0.693283
63.3714	92.6325	0.69615
63.3732	92.6108	0.693283
63.3748	92.5906	0.684876
63.3763	92.5732	0.671503
63.3774	92.5599	0.654075
63.378	92.5515	0.633779
63.3783	92.5486	0.612
63.378	92.5515	0.59022
63.3774	92.5599	0.569925
63.3763	92.5732	0.552497
63.3748	92.5906	0.539124
63.3732	92.6108	0.530717
63.2187	92.5498	0.644096
63.1654	92.5453	0.612
63.2186	92.545	0.62787
63.2719	92.5434	0.612
63.2192	92.5763	0.678692
63.2189	92.5608	0.663137
63.2195	92.5953	0.689701
63.2199	92.6165	0.695415
63.2209	92.6788	0.678826
63.2212	92.6943	0.663312
63.2207	92.6641	0.687824
63.2202	92.6385	0.695444
63.2215	92.7101	0.628577
63.1738	92.7133	0.612
63.2214	92.7053	0.6443
63.2692	92.7117	0.612
63.2206	92.6597	0.534214
63.2215	92.7101	0.595422
63.2212	92.6943	0.560688
63.2214	92.7053	0.579699
63.2209	92.6788	0.545174
63.2192	92.5763	0.545308
63.2195	92.5953	0.534298
63.2186	92.545	0.59613
63.2187	92.5498	0.579903
63.2189	92.5608	0.560863
63.2202	92.6385	0.528555
63.2199	92.6165	0.528584

#	Triangle	613
2	0	1	2	14	0	2	13	14	2	12	13	2	11	12	2	10	11	2	9	10	2	8	9	2	7	8	3	7	2	38	48	39	38	49	48	67	49	38	68	49	67	68	66	49	69	66	68	170	168	169	170	182	168	170	181	182	170	180	181	170	179	180	170	178	179	170	177	178	170	176	177	170	175	176	170	174	175	206	216	207	206	217	216	235	217	206	235	234	217	236	234	235	236	233	234
3	6	7	71	63	64	239	231	238
3	5	6	61	63	71	239	230	231
3	4	5	61	62	63	229	230	239
18	16	17	19	16	18	20	16	19	21	16	20	22	16	21	23	16	22	24	16	23	25	16	24	26	16	25	26	15	16	44	37	36	43	37	44	43	57	37	43	56	57	58	56	43	58	55	56	187	184	185	188	184	187	189	184	188	190	184	189	191	184	190	192	184	191	193	184	192	194	184	193	195	184	194	211	204	212	211	205	204	226	205	211	226	225	205	227	225	226	227	224	225
27	15	26	50	53	60	219	222	218
28	15	27	50	52	53	219	221	222
29	15	28	51	52	50	220	221	219
2	30	31
1	30	2
30	33	31	32	33	30
33	34	35	32	34	33
34	16	35
17	16	34
14	18	0	19	18	14
14	20	19	13	20	14
11	21	12	22	21	11
20	12	21	13	12	20
10	22	11	23	22	10
23	9	24	10	9	23
7	25	8	26	25	7
7	27	26	6	27	7
4	28	5	29	28	4
27	5	28	6	5	27
3	29	4	15	29	3
9	25	24	8	25	9
31	3	2
31	15	3
33	15	31
35	15	33
16	15	35
18	1	0
18	30	1
18	32	30
18	34	32
18	17	34
40	38	39
40	37	38
41	37	40
42	37	41
36	37	42
43	48	49
43	47	48
43	46	47
43	45	46
43	44	45
44	42	45	36	42	44
42	46	45	41	46	42
46	40	47	41	40	46
40	48	47	39	48	40
59	55	58	228	224	227
59	54	55	228	223	224
60	54	59	218	223	228
60	53	54	218	222	223
69	65	66	237	233	236
70	65	69	237	232	233
70	64	65	238	232	237
71	64	70	238	231	232
66	43	49	58	43	66
66	59	58	65	59	66
63	60	64	50	60	63
59	64	60	65	64	59
62	50	63	51	50	62
51	61	52	62	61	51
70	53	71	54	53	70
70	55	54	69	55	70
67	56	68	57	56	67
55	68	56	69	68	55
38	57	67	37	57	38
61	53	52	71	53	61
74	72	73
72	75	73	77	73	75
74	76	72
78	77	75
79	77	78
79	80	77
79	81	80
81	82	80
83	82	81
83	84	82
85	84	83
85	86	84
87	86	85
86	87	88	88	87	89
88	89	90
89	91	90
92	90	91
91	93	92
93	94	92	119	117	118
93	95	94	117	116	118
95	96	94
95	97	96
98	96	97
98	97	99
99	100	98
101	100	99
102	100	101
103	102	101
104	103	101
104	105	103
106	105	104
107	105	106
107	106	108
108	109	107
110	109	108
110	111	109
110	112	111
111	112	113
112	114	113
114	115	113
115	114	116
117	115	116
119	118	76
76	74	119
122	120	121
123	120	122
120	123	124
125	122	121	121	126	125
126	127	125
126	128	127
129	128	126
130	128	129
131	130	129
131	132	130
133	132	131
133	134	132
135	134	133
135	136	134
136	135	137	136	137	138
138	137	139
140	138	139
139	141	140
142	140	141
143	142	141	166	124	167
144	142	143	165	166	167
145	144	143
146	144	145
145	147	146
146	147	148
149	148	147
149	150	148
149	151	150
151	152	150
152	153	150
154	153	152
154	155	153
154	156	155
155	156	157
158	157	156
158	159	157
160	159	158
161	159	160
161	160	162
163	161	162
164	163	162
163	164	165
164	166	165
167	124	123
154	103	105
152	103	154
152	102	103
151	102	152
98	149	147
100	149	98
102	149	100	151	149	102
96	147	145
98	147	96
94	145	143	96	145	94
90	141	139
92	141	90
88	139	137	90	139	88
133	86	135	84	86	133
131	84	133
82	84	131
88	135	86	137	135	88
141	94	143	92	94	141
131	80	82
129	80	131
129	77	80	126	77	129
74	121	120	73	121	74
77	121	73	126	121	77
119	120	124
74	120	119
117	124	166	119	124	117
160	113	162
111	113	160
113	164	162
115	164	113
156	109	158
107	109	156
111	158	109	160	158	111
156	105	107
154	105	156
164	117	166	115	117	164
108	155	157	106	155	108
110	157	159
108	157	110
163	112	161
114	112	163
159	112	110
161	112	159
165	114	163
116	114	165
118	165	167	116	165	118
167	76	118	123	76	167
128	78	127
79	78	128
78	125	127
75	125	78
130	79	128	81	79	130
123	72	76
122	72	123
122	75	72	125	75	122
83	130	132	81	130	83
85	132	134
83	132	85
138	87	136	89	87	138
134	87	85
136	87	134
140	89	138
91	89	140
93	140	142	91	140	93
95	142	144	93	142	95
97	144	146
95	144	97
155	104	153	106	104	155
99	146	148
97	146	99
99	150	101
148	150	99
101	153	104
150	153	101
170	173	174
170	172	173
170	171	172
187	185	186	183	184	197
196	184	195
197	184	196
170	198	199	169	198	170
198	201	199	200	201	198
201	202	203	200	202	201
202	184	203	185	184	202
182	186	168	187	186	182
182	188	187	181	188	182
179	189	180	190	189	179
188	180	189	181	180	188
178	190	179	191	190	178
191	177	192	178	177	191
175	193	176	194	193	175
175	195	194	174	195	175
172	196	173	197	196	172
195	173	196	174	173	195
171	197	172	183	197	171
177	193	192	176	193	177
199	171	170	211	212	213
199	183	171
201	183	199
203	183	201
184	183	203
186	169	168
186	198	169
186	200	198
186	202	200
186	185	202
208	206	207
208	205	206
209	205	208
210	205	209
204	205	210
211	216	217
211	215	216
211	214	215
211	213	214
212	210	213
204	210	212
210	214	213	209	214	210
214	208	215	209	208	214
208	216	215
207	216	208
234	211	217	226	211	234
234	227	226	233	227	234
231	228	232	218	228	231
227	232	228	233	232	227
230	218	231	219	218	230
219	229	220	230	229	219
238	221	239	222	221	238
238	223	222	237	223	238
235	224	236	225	224	235
223	236	224	237	236	223
206	225	235	205	225	206
229	221	220	239	221	229
242	240	241
240	243	241
242	244	240
245	241	243
246	245	243
247	245	246
247	248	245
247	249	248
249	250	248
251	250	249
251	252	250
253	252	251
253	254	252
255	254	253
254	255	256
256	255	257
256	257	258
257	259	258
260	258	259
259	261	260
261	262	260	287	285	286
261	263	262	285	284	286
263	264	262
263	265	264
266	264	265
266	265	267
267	268	266
269	268	267
270	268	269
271	270	269
272	271	269
272	273	271
274	273	272
275	273	274
275	274	276
276	277	275
278	277	276
278	279	277
278	280	279
279	280	281
280	282	281
282	283	281
283	282	284
285	283	284
287	286	244
244	242	287
290	288	289
291	288	290
288	291	292
293	290	289
289	294	293
294	295	293
294	296	295
297	296	294
298	296	297
299	298	297
299	300	298
301	300	299
301	302	300
303	302	301
303	304	302
304	303	305
304	305	306
306	305	307
308	306	307
307	309	308
310	308	309
311	310	309	334	292	335
312	310	311	333	334	335
313	312	311
314	312	313
313	315	314
314	315	316
317	316	315
317	318	316
317	319	318
319	320	318
320	321	318
322	321	320
322	323	321
322	324	323
323	324	325
326	325	324
326	327	325
328	327	326
329	327	328
329	328	330
331	329	330
332	331	330
331	332	333
332	334	333
335	292	291
322	271	273
320	271	322
320	270	271
319	270	320
266	317	315	268	317	266
270	317	268
319	317	270
264	315	313
266	315	264
262	313	311
264	313	262
258	309	307
260	309	258
256	307	305
258	307	256
301	254	303
252	254	301
299	252	301
250	252	299
256	303	254
305	303	256
309	262	311
260	262	309
299	248	250
297	248	299
297	245	248
294	245	297
242	289	288
241	289	242
245	289	241
294	289	245
287	288	292
242	288	287
285	292	334
287	292	285
328	281	330	279	281	328
281	332	330
283	332	281
324	277	326
275	277	324
279	326	277
328	326	279
324	273	275
322	273	324
332	285	334
283	285	332
276	323	325
274	323	276
278	325	327
276	325	278
331	280	329	282	280	331
327	280	278
329	280	327
333	282	331
284	282	333
286	333	335	284	333	286
335	244	286
291	244	335
296	246	295
247	246	296
246	293	295
243	293	246
298	247	296	249	247	298
291	240	244
290	240	291
290	243	240
293	243	290
251	298	300	249	298	251
253	300	302
251	300	253
306	255	304
257	255	306
302	255	253
304	255	302
308	257	306
259	257	308
261	308	310
259	308	261
263	310	312	261	310	263
265	312	314
263	312	265
323	272	321
274	272	323
267	314	316	265	314	267
267	318	269
316	318	267
269	321	272
318	321	269
338	336	337
339	336	338
339	359	336
340	359	339	347	351	352
340	358	359	347	352	346
341	358	340
341	357	358
342	357	341
342	356	357
343	356	342
343	355	356
344	355	343
344	354	355
345	354	344
345	353	354
346	353	345
346	352	353
348	351	347
348	350	351
349	350	348
361	383	360
362	383	361
362	382	383
363	382	362	370	374	375
363	381	382	370	375	369
364	381	363	369	375	376
364	380	381	369	376	368
365	380	364
365	379	380
366	379	365
366	378	379
367	378	366
367	377	378
368	377	367
368	376	377
371	374	370
371	373	374
372	373	371
345	344	384
343	385	344
384	344	386
387	377	386
347	346	388
345	389	346
346	389	388
390	348	347
348	391	349
389	376	375
345	384	389
347	388	390
392	352	351
348	390	391
352	393	353
394	370	392
390	374	373
349	391	395
355	396	397
384	377	376
396	355	354
398	354	353
395	372	371
395	350	349
391	373	372
387	386	385
388	375	374
373	391	390
388	374	390
367	366	396
372	395	391
389	384	376
389	375	388
377	387	378
399	397	396
394	351	350
398	396	354
385	386	344
366	399	396
392	370	369
398	367	396
353	393	398
393	392	369
352	392	393
393	368	398
393	369	368
371	370	394
371	394	395
395	394	350
398	368	367
377	384	386
351	394	392
336	359	400
355	401	356
364	402	403
359	358	404
355	397	401
406	405	339
356	403	357
408	379	407
358	357	402
381	409	405
401	403	356
410	337	336
342	408	407
342	385	343
342	341	408
338	406	339
409	341	340
340	339	405
337	411	338
405	409	340
397	399	401
399	366	401
401	366	365
385	342	407
387	407	379
365	364	403
362	404	363
380	408	409
400	362	361
402	404	358
362	400	404
364	363	402
403	402	357
361	360	410
382	406	383
404	400	359
381	380	409
405	382	381
360	411	410
411	360	383
387	385	407
383	406	411
379	378	387
382	405	406
410	411	337
380	379	408
400	410	336
409	408	341
361	410	400
401	365	403
363	404	402
411	406	338

#	Normal	613
-0	-0	-1
0	-0	-2.63937e-005
0	-0	-1.36957e-005
0	-0	-4.66537e-006
-0	-0	1
0	-0	2.63937e-005
0	-0	1.36957e-005
0	-0	4.66537e-006
-0.0800521	0.976282	0.201159
-0.0798072	0.976167	0.201815
-0.0815362	0.994382	0.0675032
-0.0815362	0.994382	-0.0675032
-0.0800521	0.976282	-0.201159
-0.0798072	0.976167	-0.201815
-0.977532	-0.210786	0
-0.889587	-0.456765	0
-0.541456	-0.840729	0
-0.740815	-0.671709	-0
-0.305711	-0.952124	0
-0.0497081	-0.998764	-0
0.456765	-0.889587	-0
0.671756	-0.740772	-0
0.952124	-0.305711	-0
0.840039	-0.542525	-0
0.998811	-0.0487449	-0
0.210095	-0.977681	-0
0.996673	0.0815081	-8.39463e-005
0.996676	0.0814721	-0
0.996675	0.0814828	8.20018e-006
0.996676	0.081469	-7.26318e-006
0.996673	0.0815081	8.39463e-005
-0.996663	-0.0816233	-0
-0.996664	-0.0816161	4.48716e-006
-0.996661	-0.0816472	-1.93613e-005
-0.996664	-0.0816146	1.7149e-005
-0.996663	-0.0816233	-3.01109e-006
-0.996675	-0.0814856	-3.14712e-005
-0.996676	-0.0814721	0
-0.996675	-0.0814828	8.20018e-006
-0.996676	-0.081469	-7.26318e-006
-0.996675	-0.0814856	3.14712e-005
0.996663	0.0816233	0
0.996664	0.0816161	4.48716e-006
0.996661	0.0816472	-1.93613e-005
0.996664	0.0816146	1.7149e-005
0.996663	0.0816233	-3.01109e-006
0.0798072	-0.976167	-0.201815
0.081298	-0.994401	-0.0675032
0.081298	-0.994401	0.0675032
0.0798072	-0.976167	0.201815
0	0	9.47286e-005
-0	-0	7.74187e-005
0	0	5.92832e-005
-0	-0	4.19733e-005
0	0	-9.47286e-005
-0	-0	-7.74187e-005
0	0	-5.92832e-005
-0	-0	-4.19733e-005
0.977532	0.210786	-0
0.889587	0.456765	-0
0.542755	0.839891	-0
0.740815	0.671709	0
0.305711	0.952124	-0
0.0478713	0.998854	0
-0.456765	0.889587	-0
-0.671756	0.740772	-0
-0.952124	0.305711	-0
-0.840039	0.542525	-0
-0.998807	0.0488347	-0
-0.210095	0.977681	-0
-0.996659	-0.0816752	2.21052e-005
-0.996658	-0.0816921	0.000122657
-0.996675	-0.0814771	0.000136885
-0.996669	-0.0815531	-0.000181126
-0.99668	-0.0814158	5.75936e-005
-0.996656	-0.0817115	2.9449e-005
-0.996655	-0.081726	-2.49849e-005
-0.99666	-0.081663	-1.44729e-006
-0.99666	-0.081663	3.32876e-005
-0.996656	-0.0817178	-5.79303e-006
-0.996659	-0.0816751	-0.000165433
-0.996674	-0.0814859	6.42754e-005
-0.996669	-0.0815531	0.000181126
-0.996658	-0.0816918	-0.00012305
-0.996659	-0.0816752	-2.21053e-005
-0.996675	-0.0814771	-0.000136885
-0.996674	-0.0814908	8.49495e-006
-0.996666	-0.0815866	3.41867e-005
-0.996667	-0.0815739	-0
-0.996664	-0.0816202	0
-0.996668	-0.0815633	-8.02208e-005
-0.996669	-0.0815489	-7.63471e-005
-0.996659	-0.0816707	2.47089e-005
-0.996662	-0.0816337	4.61868e-005
-0.996655	-0.0817261	8.85975e-005
-0.996659	-0.0816771	0.000137737
-0.996655	-0.0817203	0.000145048
-0.996651	-0.0817723	5.47197e-005
-0.996658	-0.0816819	-5.50436e-005
-0.99666	-0.0816674	-8.68418e-007
-0.99666	-0.081663	-3.99452e-006
-0.99666	-0.081663	1.44729e-006
-0.99666	-0.0816681	3.32896e-006
-0.99666	-0.0816645	-9.93934e-006
-0.996648	-0.0818058	3.55157e-006
-0.996655	-0.0817203	-0.000145048
-0.996659	-0.0816771	-0.000137737
-0.996655	-0.0817261	-8.85975e-005
-0.996662	-0.0816337	-4.61867e-005
-0.996659	-0.0816707	-2.47087e-005
-0.996669	-0.0815489	7.63468e-005
-0.996668	-0.0815633	8.02204e-005
-0.996666	-0.0815866	-3.41865e-005
-0.996674	-0.0814908	-8.49491e-006
0.996659	0.0816752	-2.21052e-005
0.996663	0.0816314	-4.75149e-005
0.996662	0.0816405	4.86521e-005
0.996658	0.0816921	-0.000122657
0.996656	0.08171	-0.000163034
0.996649	0.0817912	-2.18605e-005
0.996656	0.0817115	-2.9449e-005
0.996655	0.081726	2.49849e-005
0.996685	0.0813557	-0.000113374
0.996685	0.0813557	-7.37894e-005
0.996659	0.0816777	0.000155929
0.996655	0.0817213	-7.21685e-006
0.996651	0.0817723	5.47197e-005
0.996656	0.08171	0.000163034
0.996658	0.0816918	0.00012305
0.996659	0.0816752	2.21053e-005
0.996663	0.0816314	4.75152e-005
0.996662	0.0816405	-4.86523e-005
0.996666	0.0815866	-3.41867e-005
0.996667	0.0815739	-0
0.996664	0.0816202	0
0.996668	0.0815633	8.02208e-005
0.996681	0.081405	3.76322e-005
0.996672	0.0815172	-5.53893e-005
0.996667	0.0815775	-2.04147e-005
0.996651	0.081775	-0.000111055
0.996645	0.0818435	-4.24182e-005
0.996672	0.0815146	1.33246e-005
0.996672	0.0815201	2.27858e-005
0.996662	0.0816358	-0.000117634
0.996659	0.081674	2.54757e-005
0.996656	0.0817134	-2.66465e-006
0.996656	0.0817134	-2.02745e-005
0.99666	0.0816681	-3.32896e-006
0.99666	0.0816579	3.45437e-005
0.996675	0.0814772	5.17511e-005
0.996672	0.0815146	-1.33246e-005
0.996645	0.0818435	4.24182e-005
0.996651	0.081775	0.000111055
0.996667	0.0815775	2.04147e-005
0.996672	0.0815172	5.53891e-005
0.996681	0.081405	-3.76321e-005
0.996668	0.0815633	-8.02204e-005
0.996666	0.0815866	3.41865e-005
0.0810197	-0.988115	0.130629
0.0808691	-0.988168	0.130326
0.0753589	-0.920836	0.382598
0.0754934	-0.920716	0.382861
0.0496637	-0.606858	0.793257
0.049746	-0.606702	0.793372
0.0648322	-0.790693	0.608771
0.0312069	-0.381358	0.9239
0.031209	-0.381354	0.923902
0.0106464	-0.130102	0.991443
-0.031209	0.381354	0.923902
-0.0312069	0.381358	0.9239
-0.0496515	0.606709	0.793372
-0.0753589	0.920836	0.382598
-0.080866	0.98813	0.130617
-0.0808595	0.988128	0.130629
-0.0647091	0.790703	0.608771
-0.0106464	0.130102	0.991443
-0.0808595	0.988128	-0.130629
-0.080866	0.98813	-0.130617
-0.0753589	0.920837	-0.382597
-0.0496515	0.606709	-0.793372
-0.0647091	0.790703	-0.608771
-0.0312066	0.381354	-0.923902
-0.0312094	0.381358	-0.9239
-0.0106464	0.130102	-0.991443
0.0496637	-0.606858	-0.793257
0.049746	-0.606702	-0.793372
0.0312094	-0.381358	-0.9239
0.0312066	-0.381354	-0.923902
0.0754934	-0.920716	-0.38286
0.0753589	-0.920837	-0.382597
0.0648322	-0.790693	-0.608771
0.0808658	-0.988128	-0.130629
0.081023	-0.988155	-0.130326
0.0106464	-0.130102	-0.991443
-0.0808662	0.988132	0.130599
-0.0753551	0.920862	0.382537
-0.0753605	0.920856	0.38255
-0.0496444	0.606622	0.793439
-0.0497528	0.606785	0.793307
-0.0647053	0.790719	0.60875
-0.0647098	0.790712	0.608759
-0.0312747	0.381426	0.92387
-0.0312023	0.381301	0.923924
-0.0106475	0.130115	0.991442
0.0106437	-0.130069	0.991448
0.0753444	-0.920732	0.382852
0.0753507	-0.920737	0.38284
0.0647053	-0.790719	0.60875
0.0647098	-0.790712	0.608759
0.0808699	-0.988178	0.13025
0.0312129	-0.381431	0.92387
0.0312149	-0.381426	0.923872
0.0496583	-0.606793	0.793307
0.0808699	-0.988178	-0.13025
0.0753444	-0.920732	-0.382852
0.0753507	-0.920737	-0.38284
0.0496585	-0.606794	-0.793306
0.0647048	-0.790712	-0.608759
0.0647104	-0.790719	-0.60875
0.0312149	-0.381426	-0.923872
0.0312129	-0.381431	-0.92387
0.0106435	-0.130067	-0.991448
-0.0106472	0.130112	-0.991442
-0.0312747	0.381426	-0.92387
-0.0312023	0.381301	-0.923924
-0.0808662	0.988132	-0.130599
-0.0496445	0.606624	-0.793437
-0.049753	0.606787	-0.793306
-0.0647053	0.790719	-0.60875
-0.0647098	0.790712	-0.608759
-0.0753605	0.920856	-0.38255
-0.0753551	0.920862	-0.382537
0	-0	-8.64175e-005
0	-0	-5.04842e-005
0	-0	-1.55874e-005
-0	-0	1.55537e-005
0	-0	8.64175e-005
0	-0	5.04842e-005
0.113016	0.972882	0.20181
0.115125	0.991039	0.0677399
0.115125	0.991039	-0.0677399
0.113016	0.972882	-0.20181
-0.999891	-0.0147314	0
-0.961836	-0.273626	0
-0.695973	-0.718068	0
-0.858386	-0.513005	-0
-0.48619	-0.873853	0
-0.244918	-0.969544	-0
0.274478	-0.961593	-0
0.512326	-0.858791	-0
0.873243	-0.487284	-0
0.718068	-0.695973	-0
0.969817	-0.243834	-0
0.0147314	-0.999891	-0
0.993315	-0.115434	4.62338e-005
0.993317	-0.115414	-0
0.99333	-0.115304	8.49883e-005
0.993314	-0.115446	-7.52442e-005
0.993315	-0.115434	-4.62338e-005
-0.993315	0.115434	-0
-0.993328	0.115325	-6.88964e-005
-0.99333	0.115304	-8.49883e-005
-0.993314	0.115446	7.52442e-005
-0.993315	0.115434	4.62338e-005
-0.993315	0.115434	-0.00030188
-0.9933	0.115563	-0
-0.993311	0.115467	7.38222e-005
-0.993297	0.115591	-6.53585e-005
-0.993315	0.115434	0.00030188
0.993315	-0.115434	-0
0.993328	-0.115325	-6.88964e-005
0.99333	-0.115304	-8.49883e-005
0.993314	-0.115446	7.52442e-005
-0.113003	-0.972884	-0.20181
-0.113017	-0.97289	-0.201772
-0.115112	-0.99104	-0.0677399
-0.115112	-0.99104	0.0677399
-0.113003	-0.972884	0.20181
-0.113017	-0.97289	0.201772
0.999878	0.0156519	-0
0.961836	0.273626	-0
0.696434	0.717621	-0
0.858386	0.513005	0
0.48619	0.873853	-0
0.244918	0.969544	0
-0.274478	0.961593	-0
-0.511921	0.859033	-0
-0.873635	0.486582	-0
-0.718068	0.695973	-0
-0.969817	0.243834	-0
-0.0147314	0.999891	-0
-0.993312	0.115464	0.000160082
-0.993308	0.115495	-2.60907e-005
-0.993319	0.115405	0.000125874
-0.993317	0.115416	-0.000105578
-0.993321	0.115387	-4.13982e-005
-0.993322	0.115375	-6.29355e-005
-0.993289	0.11566	-3.56227e-005
-0.993287	0.11568	3.84143e-005
-0.993316	0.115423	-5.8106e-005
-0.993316	0.115423	-7.2483e-005
-0.99329	0.115647	8.77548e-005
-0.993293	0.115625	0.000167524
-0.993314	0.115442	-5.53082e-005
-0.993321	0.115387	4.13982e-005
-0.993317	0.115416	0.000105578
-0.993308	0.115495	2.60907e-005
-0.993312	0.115464	-0.000160082
-0.993319	0.115405	-0.000125875
-0.993322	0.115375	0.000189283
-0.993324	0.115357	0.000194061
-0.993316	0.115429	-0
-0.993306	0.115509	-0
-0.993301	0.115556	-6.64945e-005
-0.993308	0.115491	-8.40036e-005
-0.99333	0.115307	6.91325e-005
-0.993325	0.115351	9.4814e-005
-0.99333	0.115305	0.000116265
-0.993333	0.115281	9.2183e-005
-0.993314	0.115447	6.3891e-005
-0.993314	0.115442	5.53082e-005
-0.993293	0.115625	-0.000167524
-0.99329	0.115647	-8.77548e-005
-0.993316	0.115423	7.2483e-005
-0.993316	0.115423	5.8106e-005
-0.993287	0.11568	-3.84143e-005
-0.993289	0.11566	3.56227e-005
-0.993322	0.115375	6.29355e-005
-0.993314	0.115447	-6.3891e-005
-0.993333	0.115281	-9.2183e-005
-0.99333	0.115305	-0.000116265
-0.993325	0.115351	-9.48138e-005
-0.99333	0.115307	-6.91322e-005
-0.993308	0.115491	8.40032e-005
-0.993301	0.115556	6.64942e-005
-0.993324	0.115357	-0.000194059
-0.993322	0.115375	-0.000189282
0.993305	-0.115518	0.000163363
0.993323	-0.11537	0.000249641
0.993318	-0.115413	-0.000213136
0.993306	-0.11551	0.000112593
0.993298	-0.115582	3.99727e-005
0.99329	-0.115652	0.000194256
0.993279	-0.115748	2.73041e-005
0.993327	-0.115336	6.66141e-005
0.993322	-0.115375	-7.88298e-005
0.993316	-0.115423	-9.68111e-005
0.993316	-0.115423	7.2483e-005
0.993321	-0.115381	0.000102336
0.993321	-0.115387	0.000123232
0.99329	-0.11565	-0.000197483
0.99329	-0.115652	-0.000194256
0.993298	-0.115582	-3.99727e-005
0.993306	-0.11551	-0.000112593
0.993305	-0.115518	-0.000163364
0.993323	-0.11537	-0.000249642
0.993318	-0.115413	0.000213137
0.99331	-0.115479	0.000230897
0.99332	-0.115394	-0
0.993306	-0.115509	-0
0.993318	-0.115411	-0.000138642
0.993334	-0.11527	-0.000100489
0.993307	-0.1155	9.1291e-005
0.993308	-0.115495	9.39993e-005
0.993313	-0.115449	7.25885e-005
0.993315	-0.115439	8.20128e-005
0.993314	-0.115445	8.29583e-005
0.993309	-0.115491	3.47631e-006
0.993327	-0.115331	-0.000190751
0.99333	-0.11531	-0.000111728
0.993316	-0.115423	-3.108e-005
0.993316	-0.115423	9.68111e-005
0.993331	-0.115293	4.8263e-005
0.993331	-0.115301	7.58322e-005
0.993302	-0.11555	9.96384e-005
0.993314	-0.115445	-8.29583e-005
0.993315	-0.115439	-8.20128e-005
0.993313	-0.115449	-7.25885e-005
0.993308	-0.115495	-9.3999e-005
0.993307	-0.1155	-9.12906e-005
0.993334	-0.11527	0.000100488
0.993318	-0.115411	0.000138642
0.99331	-0.115479	-0.000230895
-0.114486	-0.984824	0.130443
-0.114476	-0.984822	0.13046
-0.106676	-0.917718	0.382641
-0.106521	-0.917627	0.382903
-0.0702997	-0.60473	0.793322
-0.0915985	-0.787945	0.608894
-0.0914872	-0.788116	0.608689
-0.0441205	-0.380076	0.923903
-0.0441961	-0.380183	0.923855
-0.0150745	-0.129674	0.991442
-0.0150484	-0.129634	0.991448
0.044192	0.380177	0.923858
0.0441246	0.380082	0.9239
0.0702997	0.60473	0.793322
0.0702933	0.604722	0.793329
0.106677	0.917724	0.382625
0.106684	0.917717	0.382641
0.114485	0.984821	0.13046
0.114477	0.984825	0.130443
0.0915924	0.787955	0.608883
0.0915985	0.787945	0.608894
0.0150699	0.129634	0.991447
0.0150544	0.129676	0.991442
0.114477	0.984825	-0.130443
0.114485	0.984821	-0.13046
0.106684	0.917717	-0.38264
0.106677	0.917725	-0.382625
0.0702943	0.604731	-0.793322
0.0702987	0.604721	-0.793329
0.0915995	0.787954	-0.608883
0.0915914	0.787946	-0.608894
0.0441364	0.380183	-0.923858
0.0441802	0.380075	-0.9239
0.0150699	0.129634	-0.991447
0.0150544	0.129676	-0.991442
-0.0702997	-0.60473	-0.793322
-0.0441829	-0.380068	-0.923903
-0.0441337	-0.38019	-0.923855
-0.106521	-0.917627	-0.382902
-0.106676	-0.917718	-0.38264
-0.0914691	-0.78796	-0.608894
-0.0916166	-0.788101	-0.608689
-0.114477	-0.984825	-0.130443
-0.114485	-0.984821	-0.13046
-0.0150745	-0.129674	-0.991442
-0.0150484	-0.129634	-0.991448
0.114329	0.98481	0.130682
0.114487	0.984838	0.130335
0.106686	0.917802	0.382436
0.106538	0.917701	0.38272
0.0701932	0.604679	0.79337
0.0916093	0.7881	0.608692
0.0914673	0.787945	0.608914
0.0441338	0.380191	0.923854
0.044181	0.380052	0.923909
0.015073	0.12966	0.991444
-0.0150733	-0.129663	0.991444
-0.0150718	-0.129661	0.991444
-0.10668	-0.917677	0.382738
-0.106672	-0.917685	0.38272
-0.0916164	-0.788099	0.608692
-0.0914744	-0.787944	0.608914
-0.114478	-0.984839	0.130335
-0.0441776	-0.380053	0.923909
-0.0441819	-0.38006	0.923906
-0.0703122	-0.604837	0.793239
-0.0701987	-0.604679	0.79337
-0.114478	-0.984839	-0.130335
-0.10668	-0.917677	-0.382738
-0.106672	-0.917685	-0.38272
-0.0701989	-0.604681	-0.793368
-0.0703124	-0.604839	-0.793237
-0.0915967	-0.78793	-0.608914
-0.0914941	-0.788114	-0.608692
-0.0441819	-0.38006	-0.923906
-0.0441776	-0.380053	-0.923909
-0.0150727	-0.129658	-0.991444
-0.0150718	-0.12966	-0.991444
0.0150727	0.129658	-0.991444
0.0441338	0.380191	-0.923854
0.044181	0.380052	-0.923909
0.114329	0.98481	-0.130682
0.114487	0.984838	-0.130335
0.0701934	0.604681	-0.793368
0.0916093	0.7881	-0.608692
0.0914673	0.787945	-0.608914
0.106538	0.917701	-0.38272
0.106686	0.917802	-0.382436
-0.993319	0.1154	-0.000519394
-0.993319	0.1154	0.000216572
-0.993319	0.115403	0.000238135
-0.993319	0.115403	-2.73633e-005
-0.993318	0.115409	1.93483e-005
-0.993318	0.115409	-0.000215943
-0.993315	0.115434	-2.58909e-005
-0.993315	0.115434	8.76426e-005
-0.993315	0.115436	0.000102719
-0.993315	0.115436	-2.9349e-005
-0.993317	0.11542	-0.000146768
-0.993317	0.11542	3.13867e-005
-0.993315	0.115436	0.000148806
-0.993315	0.115436	-8.84648e-005
-0.993315	0.115434	-0.000103541
-0.993315	0.115434	0.000196747
-0.993318	0.115409	6.69489e-006
-0.993319	0.115403	-0.000223424
-0.993319	0.1154	-0.000244987
-0.993319	0.1154	0.000519405
0.996665	0.0816056	-0.000111172
0.996665	0.0816056	1.48343e-005
0.996665	0.081601	4.98659e-005
0.996665	0.081601	-3.52518e-006
0.996665	0.0816002	2.49285e-006
0.996665	0.0816002	-7.85435e-005
0.996667	0.0815815	6.41309e-005
0.996667	0.0815815	6.53253e-005
0.996665	0.0816017	-8.83526e-005
0.996665	0.0816017	4.13725e-005
0.996664	0.0816086	-1.11899e-005
0.996664	0.0816086	-4.04635e-005
0.996665	0.0816017	1.21015e-005
0.996665	0.0816017	-5.69408e-005
0.996667	0.0815815	9.67293e-005
0.996665	0.081601	-2.59682e-005
0.996665	0.0816056	-6.1004e-005
0.996665	0.0816056	0.000111175
-0.0657703	-0.921653	0.382401
-0.0819489	-0.988041	0.130612
-0.0610724	-0.95622	0.286205
0.0324425	-0.978488	0.203737
-0.0449602	-0.607415	0.793111
-0.0571788	-0.791617	0.608336
-0.0423926	-0.707005	0.705937
-0.0300249	-0.38179	0.923761
-0.0133521	-0.129811	0.991449
0.0302191	-0.793065	0.608387
-0.0529693	-0.86537	0.498326
-0.0286242	-0.500642	0.865181
0.0354782	0.60834	0.792883
-0.0125616	-0.259897	0.965555
0.0476758	0.792428	0.6081
-0.019715	0.523539	0.851774
0.0170226	-0.382423	0.92383
0.00467142	-0.00139156	0.999988
0.0826707	0.995647	-0.0430486
0.0343963	-0.923429	0.382224
0.0620465	0.989506	0.130489
0.0562611	0.922347	0.382243
0.000550542	0.130975	0.991386
0.00390692	0.130949	0.991381
0.00893313	-0.130253	0.991441
-0.0170016	-0.999061	0.0398503
0.0242738	-0.608674	0.793049
0.00372749	-0.260173	0.965555
0.0115711	-0.501327	0.86518
-0.0283827	0.991099	0.130068
-0.0047161	-0.00123126	0.999988
0.0235005	-0.866667	0.498334
0.0183254	-0.708041	0.705933
0.0483552	-0.990265	0.130529
0.0167629	0.989251	0.145262
0.0214434	0.382721	0.923615
0.0658593	0.954304	0.291489
-0.0656858	-0.97684	0.203638
-0.0486569	0.997917	-0.0423544
-0.0147802	0.609276	0.79282
-0.0334031	0.955992	0.291486
0.062355	0.863452	0.500563
-0.0277833	0.70633	0.707338
0.0517868	0.704973	0.707341
-0.0329689	0.865073	0.500561
-0.0207048	0.793545	0.60816
-0.0084224	0.383192	0.92363
-0.0161846	0.285333	0.958292
0.0258758	0.284621	0.958291
-0.0248844	0.923678	0.38236
0.028537	-0.957743	0.286207
0.0374944	0.522563	0.851776
0.0205702	0.382815	-0.923596
0.0620465	0.989506	-0.130489
-0.0329689	0.865073	-0.500561
0.0354779	0.608338	-0.792884
0.0826707	0.995647	0.0430484
-0.0286246	-0.500642	-0.865181
0.0562611	0.922347	-0.382243
0.028537	-0.957743	-0.286207
0.0476758	0.792428	-0.6081
0.0183254	-0.708041	-0.705933
0.0658593	0.954304	-0.291489
0.0039069	0.130951	-0.991381
-0.0610724	-0.95622	-0.286205
-0.0819489	-0.988041	-0.130611
-0.0657703	-0.921653	-0.382401
-0.0300252	-0.38179	-0.923761
-0.0571788	-0.791617	-0.608336
-0.0449602	-0.607413	-0.793113
-0.0133521	-0.129814	-0.991448
-0.0423926	-0.707005	-0.705937
0.0167629	0.989251	-0.145261
-0.0486569	0.997917	0.0423543
-0.0283827	0.991099	-0.130068
-0.0656858	-0.97684	-0.203637
0.0324426	-0.978488	-0.203736
-0.0248844	0.923678	-0.38236
-0.01478	0.609274	-0.792822
0.0235005	-0.866667	-0.498334
-0.00754527	0.383256	-0.923611
0.0517868	0.704973	-0.707341
-0.0210299	0.499049	-0.866319
-0.0207048	0.793545	-0.60816
0.062355	0.863452	-0.500563
0.000550653	0.130978	-0.991385
0.017023	-0.382423	-0.92383
0.0379762	0.498045	-0.866319
0.0302191	-0.793065	-0.608387
0.0242739	-0.608673	-0.79305
-0.0047162	-0.00123404	-0.999988
0.00893302	-0.130255	-0.99144
-0.0170016	-0.999061	-0.0398502
0.00372759	-0.26017	-0.965556
0.0483553	-0.990265	-0.130529
0.0115714	-0.501327	-0.86518
0.00467144	-0.00139434	-0.999988
0.0343963	-0.923429	-0.382224
0.0219225	0.257165	-0.966119
-0.0529693	-0.86537	-0.498326
-0.013167	0.25776	-0.966119
-0.0334031	0.955992	-0.291486
-0.0277833	0.70633	-0.707338
-0.0125617	-0.259894	-0.965555

#	Mesh	0	End

