#	Mesh	0	Begin

#	Vertex	72
51.4132	5.86702	1.58416
51.4132	5.85776	1.58168
51.4132	5.84907	1.57763
51.4132	5.84122	1.57213
51.4132	5.83444	1.56535
51.4132	5.82894	1.5575
51.4132	5.82489	1.54881
51.4132	5.82241	1.53955
51.4132	5.82157	1.53
51.4132	5.82241	1.52045
51.4132	5.82489	1.51119
51.4132	5.82894	1.5025
51.4132	5.83444	1.49465
51.4132	5.84122	1.48787
51.4132	5.84907	1.48237
51.4132	5.85776	1.47832
51.4132	5.86702	1.47584
51.4131	5.87657	1.475
51.4131	5.88612	1.47584
51.4131	5.89538	1.47832
51.4131	5.90407	1.48237
51.4131	5.91192	1.48787
51.4131	5.9187	1.49465
51.413	5.9242	1.5025
51.413	5.92825	1.51119
51.413	5.93074	1.52045
51.413	5.93157	1.53
51.413	5.93074	1.53955
51.413	5.92825	1.54881
51.413	5.9242	1.5575
51.4131	5.9187	1.56535
51.4131	5.91192	1.57213
51.4131	5.90407	1.57763
51.4131	5.89538	1.58168
51.4131	5.88612	1.58416
51.4131	5.87657	1.585
59.6416	5.88255	1.58416
59.6416	5.87329	1.58168
59.6416	5.86461	1.57763
59.6416	5.85675	1.57213
59.6417	5.84997	1.56535
59.6417	5.84447	1.5575
59.6417	5.84042	1.54881
59.6417	5.83794	1.53955
59.6417	5.83711	1.53
59.6417	5.83794	1.52045
59.6417	5.84042	1.51119
59.6417	5.84447	1.5025
59.6417	5.84997	1.49465
59.6416	5.85675	1.48787
59.6416	5.86461	1.48237
59.6416	5.87329	1.47832
59.6416	5.88255	1.47584
59.6416	5.89211	1.475
59.6416	5.90166	1.47584
59.6415	5.91092	1.47832
59.6415	5.91961	1.48237
59.6415	5.92746	1.48787
59.6415	5.93424	1.49465
59.6415	5.93974	1.5025
59.6415	5.94379	1.51119
59.6415	5.94627	1.52045
59.6415	5.94711	1.53
59.6415	5.94627	1.53955
59.6415	5.94379	1.54881
59.6415	5.93974	1.5575
59.6415	5.93424	1.56535
59.6415	5.92746	1.57213
59.6415	5.91961	1.57763
59.6415	5.91092	1.58168
59.6416	5.90166	1.58416
59.6416	5.89211	1.585

#	Triangle	78
35	36	71	0	36	35
0	37	36
1	37	0
1	38	37
2	38	1
2	39	38	3	39	2
3	40	39
4	40	3
4	41	40
5	41	4
5	42	41	6	42	5
6	43	42
7	43	6
7	44	43	8	44	7
8	45	44	9	45	8
9	46	45
10	46	9
10	47	46	11	47	10
11	48	47
12	48	11
12	49	48
13	49	12
13	50	49	14	50	13
14	51	50
15	51	14
15	52	51
16	52	15
16	53	52	17	53	16
17	54	53	18	54	17
18	55	54	19	55	18
19	56	55
20	56	19
20	57	56
21	57	20
21	58	57	22	58	21
22	59	58	23	59	22
23	60	59
24	60	23
24	61	60
25	61	24
25	62	61
26	62	25
26	63	62
27	63	26
27	64	63
28	64	27
28	65	64
29	65	28
29	66	65	30	66	29
30	67	66	31	67	30
31	68	67
32	68	31
32	69	68
33	69	32
33	70	69	34	70	33
34	71	70	35	71	34
7	9	8	26	25	27
6	9	7	27	25	24
6	10	9	27	24	28
5	10	6	5	11	10	28	23	29	28	24	23
4	11	5	4	12	11	29	22	30	29	23	22
3	12	4	3	13	12	30	21	31	30	22	21
2	13	3	2	14	13	31	20	32	31	21	20
1	14	2	1	15	14	32	19	33	32	20	19
0	15	1	0	16	15	33	18	34	33	19	18
35	16	0	35	17	16	34	17	35	34	18	17
45	43	44	62	63	61
46	43	45	61	63	64
46	42	43	61	64	60
47	42	46	47	41	42	60	65	59	60	64	65
48	41	47	48	40	41
49	40	48	49	39	40	58	67	57	58	66	67
50	39	49	50	38	39	57	68	56	57	67	68
51	38	50	51	37	38	56	69	55	56	68	69
52	37	51	52	36	37	55	70	54	55	69	70
53	36	52	53	71	36
54	71	53	54	70	71
59	66	58	59	65	66

#	Normal	78
0.00016453	-0.087154	0.996195
0.000488606	-0.258822	0.965925
0.000488598	-0.25881	0.965928
0.000797847	-0.422619	0.906307
0.000797859	-0.422639	0.906298
0.00108277	-0.573561	0.819162
0.00133491	-0.707124	0.707088
0.00133491	-0.707099	0.707114
0.00154643	-0.819145	0.573584
0.00154643	-0.819169	0.57355
0.00171092	-0.906303	0.422626
0.00182347	-0.965921	0.25883
0.00182347	-0.965921	0.258829
0.00188062	-0.996194	0.0871426
0.00188062	-0.996194	-0.0871426
0.00182347	-0.965921	-0.25883
0.00182347	-0.965921	-0.258829
0.00171092	-0.906303	-0.422626
0.00154639	-0.819145	-0.573584
0.00154648	-0.819169	-0.57355
0.00133495	-0.707124	-0.707088
0.00133486	-0.707099	-0.707114
0.00108277	-0.573561	-0.819162
0.000797822	-0.422619	-0.906307
0.000797884	-0.422639	-0.906298
0.000488621	-0.258822	-0.965925
0.000488583	-0.25881	-0.965928
0.00016453	-0.087154	-0.996195
-0.000164538	0.0871585	-0.996194
-0.000488582	0.25881	-0.965928
-0.000797823	0.422619	-0.906307
-0.000797885	0.422639	-0.906298
-0.00108285	0.573585	-0.819145
-0.00108277	0.573561	-0.819162
-0.00133486	0.707099	-0.707114
-0.00154639	0.819145	-0.573585
-0.00171092	0.906303	-0.422626
-0.00171101	0.906322	-0.422584
-0.00182355	0.965934	-0.258782
-0.00182347	0.965921	-0.258829
-0.00188061	0.99619	-0.0871932
-0.00188068	0.996194	-0.0871434
-0.00188067	0.99619	0.0871932
-0.00188062	0.996194	0.0871434
-0.0018235	0.965934	0.258782
-0.00182353	0.965921	0.258829
-0.00171098	0.906303	0.422626
-0.00171096	0.906322	0.422584
-0.00154639	0.819145	0.573585
-0.00133486	0.707099	0.707114
-0.00108282	0.573585	0.819145
-0.00108281	0.573561	0.819162
-0.000797848	0.422619	0.906307
-0.00079786	0.422639	0.906298
-0.000488582	0.25881	0.965928
-0.000164538	0.0871585	0.996194
-1.59582e-005	-7.46145e-008	-0
-4.73989e-005	-7.46145e-008	-0
-9.33577e-005	-1.46962e-007	-0
-0.999998	-0.00192817	-0
-0.999998	-0.00213124	-0
-0.999999	-0.00172861	-0
-0.999998	-0.00198955	-0
-0.999998	-0.00179836	-0
-0.999999	-0.00168723	-0
-0.999998	-0.00204499	-0
1.59582e-005	-0	-0
4.73989e-005	1.49229e-007	-0
9.33577e-005	2.93924e-007	-0
0.999998	0.00192817	-0
0.999999	0.00142071	-0
0.999999	0.00172873	-0
0.999998	0.00198955	-0
0.999998	0.00179826	-0
0.999998	0.00210914	-0
0.999998	0.00204499	-0
0.999999	0.00163607	-0
0.999998	0.00213106	-0

#	Mesh	0	End

