#	Mesh	0	Begin

#	Vertex	12
94.4009	-183.244	-21.6916
94.4009	-183.244	-19.4905
89.3856	-183.65	-19.4905
89.3856	-183.65	-21.6916
94.4903	-184.348	-21.7279
94.4903	-184.348	-19.5268
85.1041	-185.108	-21.7279
85.1041	-185.108	-19.5268
85.0308	-184.203	-21.6982
85.0308	-184.203	-19.497
89.4018	-183.849	-21.6982
89.4018	-183.849	-19.497

#	Triangle	12
0	2	1	3	2	0
4	1	5	0	1	4
6	5	7	4	5	6
8	7	9	6	7	8
10	9	11	8	9	10
3	11	2	10	11	3
7	11	9	5	11	7	7	11	9	5	11	7
11	1	2	11	1	2
5	1	11	5	1	11
10	6	8	10	4	6
0	10	3
0	4	10

#	Normal	12
-0.080701	0.996738	-0
0.996738	0.0807018	-0
0.0807022	-0.996738	-0
-0.996738	-0.0807098	0
-0.0807035	0.996738	-0
-0.996738	-0.0807047	0
0.00264378	-0.0326523	0.999463
0.00264427	-0.0326594	0.999463
0.00264357	-0.0326536	0.999463
-0.00264378	0.0326523	-0.999463
-0.00264427	0.0326594	-0.999463
-0.00264357	0.0326536	-0.999463

#	Mesh	0	End

