#	Mesh	0	Begin

#	Vertex	16
92.4629	-33.4641	-19.4515
102.025	-32.6893	-19.4515
102.024	-32.6894	-18.3515
92.4628	-33.4641	-18.3515
92.3014	-31.4706	-19.4515
101.863	-30.6959	-19.4515
92.3012	-31.4706	-18.3515
101.863	-30.6959	-18.3515
92.3328	-31.8594	-18.3515
92.7725	-31.8238	-18.3515
92.8693	-33.0199	-18.3515
92.4297	-33.0555	-18.3515
92.4298	-33.0554	-19.373
92.3329	-31.8594	-19.373
92.8695	-33.0199	-19.3729
92.7726	-31.8238	-19.3729

#	Triangle	19
3	1	2
0	1	3
5	0	4	1	0	5
7	4	6	5	4	7
7	3	2	7	10	3	10	11	3	7	9	10	7	8	9	7	6	8
7	1	5	2	1	7
11	0	3
11	12	0
12	4	0
13	4	12
6	13	8
6	4	13
12	15	13	14	15	12
9	14	10
15	14	9
8	15	9
13	15	8
10	12	11
14	12	10

#	Normal	19
0.0807615	-0.996733	2.30601e-007
0.0807613	-0.996733	-1.5392e-006
-0	-0	-1
-0.0807613	0.996733	-2.30569e-007
-0	0	1
0.996733	0.0807617	0.000156743
-0.996733	-0.0807609	-0.000156887
-0.996734	-0.080749	-0.000161319
-0.996733	-0.0807617	-9.47083e-005
-0.996733	-0.0807619	-9.7371e-005
-0.996733	-0.0807626	-0.00016101
-0.996732	-0.0807738	-0.000156743
-0.000154457	-1.25151e-005	1
-0.996738	-0.0807032	-0.000153398
-0.996738	-0.0807031	-0.000153552
0.0806988	-0.996739	-9.96734e-007
0.0807046	-0.996738	1.52723e-006
-0.0807072	0.996738	2.28389e-006
-0.0806998	0.996738	-9.09325e-007

#	Mesh	0	End

