#	Mesh	0	Begin

#	Vertex	52
101.379	-104.534	-12.4147
101.379	-104.535	-11.8147
101.277	-104.522	-11.8146
101.277	-104.521	-12.4146
102.291	-104.653	-12.415
102.291	-104.654	-11.815
98.3806	-67.5575	-11.7536
98.3805	-67.5565	-12.3536
98.2864	-67.5834	-12.3536
98.2865	-67.5844	-11.7536
99.2657	-67.2875	-11.7533
99.2657	-67.2865	-12.3533
99.233	-67.574	-11.7537
99.3056	-68.4711	-11.7552
98.4085	-68.5437	-11.7552
98.3359	-67.6467	-11.7537
99.9645	-76.5355	-11.7685
100.037	-77.4325	-11.77
99.1401	-77.5052	-11.77
99.0675	-76.6082	-11.7685
100.686	-85.5153	-11.7834
100.758	-86.4124	-11.7849
99.8611	-86.485	-11.7849
99.7885	-85.5879	-11.7834
101.406	-94.4864	-11.7982
101.479	-95.3835	-11.7997
100.582	-95.4561	-11.7997
100.509	-94.559	-11.7982
102.138	-103.451	-11.813
102.21	-104.348	-11.8145
101.313	-104.421	-11.8145
101.241	-103.524	-11.813
99.3056	-68.4711	-12.3552
99.233	-67.574	-12.3537
98.3359	-67.6467	-12.3537
98.4085	-68.5437	-12.3552
100.037	-77.4325	-12.37
99.9645	-76.5355	-12.3685
99.0675	-76.6082	-12.3685
99.1401	-77.5052	-12.37
100.758	-86.4124	-12.3849
100.686	-85.5153	-12.3834
99.7885	-85.5879	-12.3834
99.8611	-86.485	-12.3849
101.479	-95.3835	-12.3997
101.406	-94.4864	-12.3982
100.509	-94.559	-12.3982
100.582	-95.4561	-12.3997
102.21	-104.348	-12.4145
102.138	-103.451	-12.413
101.241	-103.524	-12.413
101.313	-104.421	-12.4145

#	Triangle	77
3	1	2
0	1	3
5	0	4
1	0	5
9	7	8	6	7	9
11	6	10	7	6	11
6	12	10
12	5	10
9	12	6
2	15	9
15	12	9
2	14	15
13	5	12
2	19	14
19	13	14	19	16	13	18	20	17	23	20	18	27	21	22	27	24	21	31	25	26	31	28	25
16	5	13
17	5	16
2	18	19
20	5	17
2	23	18
2	22	23
21	5	20
2	27	22
24	5	21
2	26	27
25	5	24
2	31	26
28	5	25
2	30	31
29	5	28
2	29	30
2	1	29	1	5	29
10	4	11
5	4	10
4	33	11
33	7	11
33	8	7
33	34	8
34	3	8
35	3	34
4	32	33
32	38	35	37	38	32	41	42	39	40	46	43	45	46	40	44	50	47	49	50	44
38	3	35
4	37	32
4	36	37
39	3	38
4	41	36
41	39	36
42	3	39
43	3	42
4	40	41
46	3	43
4	45	40
47	3	46
4	44	45
50	3	47
4	49	44
51	3	50
4	48	49
48	3	51
4	0	48	0	3	48
8	2	9
3	2	8
33	13	12	32	13	33	41	21	20	40	21	41	49	29	28	48	29	49
34	12	15	33	12	34	46	24	27	45	24	46	50	28	31	49	28	50
15	35	34	14	35	15	51	31	30	50	31	51
14	32	35	13	32	14	30	48	51	29	48	30
37	17	16	36	17	37
38	16	19	37	16	38
39	19	18	38	19	39
18	36	39	17	36	18
42	20	23	41	20	42
43	23	22	42	23	43
22	40	43	21	40	22
45	25	24	44	25	45
47	27	26	46	27	47
26	44	47	25	44	26

#	Normal	77
-0.129206	-0.991617	-0.00160836
-0.129196	-0.991618	-0.00161005
-0.129206	-0.991616	-0.00160836
-0.129205	-0.991617	-0.00161005
-0.274447	0.961601	0.00161336
-0.291785	0.956483	0.00160722
0.000133097	-0.00164427	0.999999
0.000116532	-0.00164237	0.999999
0.000133359	-0.00163073	0.999999
0.000145698	-0.00164	0.999999
0.000133565	-0.00164962	0.999999
-0.000155801	-0.00166405	0.999999
0.000371949	-0.00162131	0.999999
0.000113828	-0.00164255	0.999999
0.000132852	-0.001641	0.999999
0.000165	-0.00163838	0.999999
-0.000283602	-0.0016755	0.999999
0.00052398	-0.00161008	0.999999
0.00016004	-0.00163877	0.999999
7.80295e-005	-0.00164536	0.999999
0.000436888	-0.00161714	0.999999
-0.000112867	-0.00166167	0.999999
0.000148555	-0.00163978	0.999999
0.000125959	-0.00164159	0.999999
5.3296e-005	-0.00164712	0.999999
0.000186657	-0.00163631	0.999999
0.000139926	-0.00164048	0.999999
0.000127517	-0.00164149	0.999999
0.000156174	-0.00163988	0.999999
0.000112637	-0.00164339	0.999999
0.000132066	-0.00163129	0.999999
0.000133314	-0.00163799	0.999999
0.996738	0.0807024	2.61872e-006
0.996738	0.0807026	-1.03593e-005
-0.000145569	0.00164002	-0.999999
-0.000132449	0.00163853	-0.999999
-0.00013266	0.00162828	-0.999999
-0.000132774	0.00163985	-0.999999
-0.000131018	0.00164122	-0.999999
-0.000718611	0.00159435	-0.999998
0.000319983	0.00167842	-0.999999
-0.000132852	0.001641	-0.999999
-0.000104677	0.0016433	-0.999999
-0.000187324	0.00163656	-0.999999
-0.00036075	0.00162221	-0.999999
-0.000511431	0.0016111	-0.999999
-0.000136457	0.00164078	-0.999999
-0.000131878	0.00164115	-0.999999
-5.63725e-005	0.0016471	-0.999999
-0.00042209	0.00161834	-0.999999
0.000101276	0.00166073	-0.999999
-0.00012818	0.00164142	-0.999999
-0.000135446	0.00164083	-0.999999
-3.65378e-005	0.00164848	-0.999999
-0.000197202	0.00163546	-0.999999
-0.000125442	0.00164166	-0.999999
-0.000139277	0.00164053	-0.999999
-0.000116895	0.00164197	-0.999999
-0.000147558	0.00163948	-0.999999
-0.000133413	0.00164793	-0.999999
-0.000132581	0.00164345	-0.999999
-0.996738	-0.0807026	-2.61905e-006
-0.996738	-0.0807024	1.03596e-005
-0.996738	-0.0807026	0
0.0807033	-0.996738	-0
0.996739	0.0806947	0
-0.080694	0.996739	-0
-0.996734	-0.080755	0
0.0807637	-0.996733	-0
0.996733	0.0807644	-0
-0.0807557	0.996734	-0
0.0806947	-0.996739	-0
0.996739	0.080694	-0
-0.0807026	0.996738	-0
-0.996739	-0.080694	0
0.996738	0.0807033	-0
-0.0806947	0.996739	-0

#	Mesh	0	End

