#	Mesh	0	Begin

#	Vertex	56
87.7858	64.8394	-11.093
86.9301	75.4008	-11.0701
86.1331	75.3316	-11.0701
86.2613	73.7491	-11.0735
86.4403	73.7636	-11.0735
86.4565	73.5643	-11.074
86.2775	73.5498	-11.074
86.5916	69.6729	-11.0824
86.7822	69.6884	-11.0824
86.7984	69.489	-11.0828
86.6077	69.4736	-11.0828
86.9552	65.1848	-11.0921
87.1459	65.2003	-11.0921
87.162	65.0009	-11.0925
86.9714	64.9855	-11.0925
86.9885	64.7748	-11.093
86.9885	64.7748	-11.793
86.9714	64.9855	-11.386
86.9552	65.1848	-11.386
86.6077	69.4736	-11.386
86.5961	69.6171	-11.386
86.5961	69.6171	-11.7825
86.9301	75.4008	-11.7701
87.7858	64.8394	-11.793
86.7809	69.6321	-11.7825
86.7647	69.8314	-11.7821
86.58	69.8164	-11.7821
86.1352	75.3054	-11.7702
86.3212	75.3204	-11.7702
86.319	75.3478	-11.7701
87.1678	72.4675	-11.4849
87.1678	72.4675	-11.0849
87.1274	72.9659	-11.0849
87.1274	72.9659	-11.4849
86.3704	72.4029	-11.0862
86.33	72.9012	-11.0862
86.3704	72.4029	-11.4862
86.33	72.9012	-11.4862
86.319	75.3478	-11.386
86.1331	75.3316	-11.386
86.4565	73.5643	-11.386
86.4403	73.7636	-11.386
86.2613	73.7491	-11.386
86.2775	73.5498	-11.386
86.3212	75.3204	-11.386
86.1352	75.3054	-11.386
86.58	69.8164	-11.386
86.7639	69.8313	-11.386
86.7647	69.8314	-11.386
86.7764	69.6879	-11.386
86.5916	69.6729	-11.386
86.7809	69.6321	-11.386
86.7984	69.489	-11.386
86.7822	69.6884	-11.386
87.162	65.0009	-11.386
87.1459	65.2003	-11.386

#	Triangle	65
2	4	1
4	0	1	7	5	6	7	8	5	11	12	9
3	4	2
5	0	4
8	0	5	11	9	10	12	0	9
9	0	8
13	0	12
15	13	14	15	0	13
15	17	16	15	14	17
17	18	16
18	21	16
18	19	21
19	20	21	51	25	24	8	52	9	53	52	8	12	54	13	55	54	12
18	10	19	11	10	18
23	29	22
23	28	29
23	27	28	25	26	27	23	21	24	23	16	21
23	25	27
23	24	25
0	31	1
31	32	1
32	22	1	32	33	22
33	23	22
30	23	33
0	30	31	0	23	30
31	35	32	34	35	31
34	30	36	31	30	34
37	32	35	33	32	37
38	22	29	38	1	22
2	38	39
2	1	38
23	15	16	0	15	23
33	36	30	37	36	33
43	41	42	40	41	43	52	20	19	52	51	20	52	49	51	52	53	49	17	55	18	54	55	17
4	40	5	41	40	4
3	41	4	42	41	3
5	43	6	40	43	5
39	44	45	38	44	39	47	50	46	47	49	50	48	49	47
27	44	28	45	44	27
28	38	29	44	38	28
20	24	21	51	24	20
51	49	25
49	48	25
25	46	26
25	47	46
25	48	47
9	19	10	52	19	9
49	7	50
49	8	7
53	8	49
39	3	2	26	46	36
45	3	39
27	3	45	42	3	27
26	37	27
37	42	27
37	43	42
43	35	6	37	35	43
35	7	6
34	7	35
26	36	37
36	7	34
46	7	36
50	7	46
13	17	14	54	17	13
11	55	12	18	55	11

#	Normal	65
0.000174701	-0.00215364	0.999998
0.000174101	-0.00215346	0.999998
0.000179716	-0.00215266	0.999998
0.000206432	-0.00214859	0.999998
0.000174992	-0.00215338	0.999998
0.000154024	-0.00215772	0.999998
0.000175849	-0.00215105	0.999998
0.000174679	-0.00215568	0.999998
-0.996732	-0.0807796	-0
-0.996735	-0.0807419	-1.96443e-005
-0.996733	-0.080762	7.36309e-007
-0.996733	-0.0807614	7.63406e-006
-0.996732	-0.0807824	0
-0.996733	-0.0807614	0
-0.000174151	0.00215355	-0.999998
1.41021e-006	0.00217806	-0.999998
-0.000174496	0.00215348	-0.999998
-0.000176398	0.00215318	-0.999998
-0.000154302	0.0021577	-0.999998
0.996733	0.0807618	-0.000410195
0.996732	0.0807498	0.00195262
0.996733	0.0807618	0
0.996733	0.080761	-7.00716e-006
0.996734	0.08075	0.000283841
0.996733	0.0807614	0
0.00161944	0.000131198	-0.999999
-0.0807621	0.996733	-0
0.0807613	-0.996733	-0
-0.0864779	0.996254	-0
-0.0864995	0.996252	-0
-0.086483	0.996253	9.82215e-006
0.0807573	-0.996734	-0
-0.00161946	-0.0001312	0.999999
-0	-0	1
-0.996738	-0.0807047	-0
0.0806874	-0.996739	-0
-0.0806909	0.996739	-0
0	-0	-1
-0.0807653	0.996733	-0
-0.996749	-0.0805712	0
-0.0807435	0.996735	-0
-0.996733	-0.0807709	5.76743e-006
-0.996731	-0.0807867	0
0.0807468	-0.996735	-0
0.0807613	-0.996733	6.79617e-006
0.0774367	-0.996997	-0
-0.0807874	0.996731	-0
0.0807435	-0.996735	-0
0.0807468	-0.996735	2.03884e-006
0.0808515	-0.996726	-0
-0.996733	-0.080762	0
-0.996747	-0.0805931	0.000860845
-0.996733	-0.0807648	0
-0.996733	-0.0807622	-1.76826e-006
-0.996734	-0.0807593	2.242e-005
-0.996735	-0.0807435	-0.000112342
-0.996734	-0.0807607	0
-0.996733	-0.080761	1.38065e-005
-0.996726	-0.0807649	-0.00385826
-0.996733	-0.0807655	3.35858e-005
-0.996734	-0.0807602	0
-0.996733	-0.0807622	-1.39958e-005
-0.996736	-0.0807328	-0
-0.0807671	0.996733	-0
0.0807501	-0.996734	-0

#	Mesh	0	End

