#	Mesh	0	Begin

#	Vertex	10
59.5928	35.3988	-11.1455
58.2764	51.6454	-11.1143
59.1735	51.7181	-11.1143
60.4899	35.4715	-11.1455
59.1734	51.7194	-11.8142
60.4899	35.4715	-11.8455
58.2763	51.6467	-11.8142
59.5928	35.3988	-11.8455
58.2764	51.6454	-11.8143
59.1735	51.7181	-11.8143

#	Triangle	6
0	2	1	3	2	0
9	3	5	2	3	9
8	5	7	9	5	8
1	7	0	8	7	1
5	0	7	3	0	5
8	2	9	1	2	8

#	Normal	6
0.00015484	-0.00191093	0.999998
0.996733	0.0807611	-0
-0.000154832	0.00191093	-0.999998
-0.996733	-0.0807611	-0
0.0807593	-0.996734	-0
-0.0807637	0.996733	-0

#	Mesh	0	End

