#	Mesh	0	Begin

#	Vertex	10
57.4395	28.6103	-11.173
66.9984	29.3848	-11.1564
67.0388	28.8865	-11.1564
57.4799	28.112	-11.173
57.4395	28.6103	-11.573
66.9991	29.3849	-11.5564
57.4799	28.112	-11.573
67.0394	28.8865	-11.5564
67.0059	29.3011	-11.5564
67.0052	29.3011	-11.1564

#	Triangle	8
0	2	1	3	2	0
4	1	5
0	1	4
5	6	4	7	6	5
3	7	2
6	7	3
8	1	9	5	1	8
6	0	4	3	0	6

#	Normal	8
-0.00172757	-0.000139958	0.999998
-0.0807612	0.996733	2.33064e-006
-0.0807611	0.996733	-0
0.00172765	0.000139978	-0.999998
0.0807612	-0.996733	-7.53383e-007
0.0807612	-0.996733	-0
0.996731	0.0807721	0.00172457
-0.996734	-0.0807578	0

#	Mesh	0	End

