#	Mesh	0	Begin

#	Vertex	50
64.0795	22.1225	-11.1755
65.3959	5.87577	-11.2055
66.2929	5.94846	-11.2055
64.9765	22.1952	-11.1755
66.1974	6.50909	-11.2045
66.2135	6.30974	-11.2048
66.0142	6.29359	-11.2048
65.998	6.49294	-11.2045
65.8337	10.9944	-11.1962
65.8499	10.795	-11.1965
65.6505	10.7789	-11.1965
65.6344	10.9782	-11.1962
65.4542	15.679	-11.1875
65.4703	15.4797	-11.1879
65.271	15.4635	-11.1879
65.2548	15.6629	-11.1875
65.0832	20.2637	-11.1791
65.0994	20.0644	-11.1794
64.9	20.0482	-11.1794
64.8839	20.2476	-11.1791
66.2929	5.94846	-11.9055
64.9765	22.1952	-11.8755
65.3959	5.87577	-11.9055
64.0795	22.1225	-11.8755
65.7845	9.65505	-11.8986
65.8007	9.4557	-11.899
66	9.47184	-11.899
65.9839	9.67119	-11.8986
65.8007	9.4557	-11.386
65.7845	9.65505	-11.386
65.9839	9.67119	-11.386
66	9.47184	-11.386
66.0142	6.29359	-11.386
66.2135	6.30974	-11.386
66.2135	6.31061	-11.386
66.1974	6.50909	-11.386
66.1972	6.50907	-11.386
65.998	6.49294	-11.386
65.6505	10.7789	-11.386
65.8499	10.795	-11.386
65.8337	10.9944	-11.386
65.6344	10.9782	-11.386
65.271	15.4635	-11.386
65.4703	15.4797	-11.386
65.4542	15.679	-11.386
65.2548	15.6629	-11.386
64.9	20.0482	-11.386
65.0994	20.0644	-11.386
65.0832	20.2637	-11.386
64.8839	20.2476	-11.386

#	Triangle	45
3	5	2	3	16	17
5	6	2	6	1	2	3	19	16	3	0	19
6	0	1	14	0	8	19	0	18
7	0	6
3	4	5
4	0	7	9	10	4	8	0	11	13	14	8	12	0	15	17	18	12
3	9	4
10	0	4
11	0	10
3	8	9
3	13	8
15	0	14
3	12	13
3	17	12
18	0	12
21	2	20	3	2	21	18	49	19	46	49	18
22	26	20	27	23	21	22	25	26	22	23	25
26	27	20
27	21	20
24	23	27
25	23	24
22	0	23	1	0	22	16	47	17	48	47	16
2	22	20	1	22	2	19	48	16	49	48	19
23	3	21	0	3	23
31	29	30	28	29	31
24	28	25	29	28	24
25	31	26	28	31	25
26	30	27	31	30	26
27	29	24	30	29	27
35	33	34
35	32	33	37	32	36	41	39	40	38	39	41	45	43	44	42	43	45	49	47	48	46	47	49
36	32	35
34	4	35
33	4	34
5	4	33	8	39	9	40	39	8
7	35	4	11	40	8	41	40	11	15	44	12	45	44	15
7	36	35
7	37	36
6	37	7	32	37	6
5	32	6	33	32	5	13	42	14	43	42	13
10	41	11	38	41	10
9	38	10	39	38	9
12	43	13	44	43	12
14	45	15	42	45	14
17	46	18	47	46	17

#	Normal	45
0.000153299	-0.0018341	0.999998
0.000148695	-0.00183511	0.999998
0.00014828	-0.0018345	0.999998
0.000140321	-0.00183548	0.999998
0.000256502	-0.00182606	0.999998
0.000148642	-0.00183446	0.999998
0.00015146	-0.00183424	0.999998
0.00014745	-0.00183462	0.999998
0.000142445	-0.00183531	0.999998
0.00022761	-0.0018284	0.999998
0.000156463	-0.00183385	0.999998
0.000144724	-0.00183512	0.999998
0.000199716	-0.00183067	0.999998
0.000130199	-0.00183576	0.999998
0.000150264	-0.00183406	0.999998
0.996733	0.0807614	-0
-0.000148633	0.0018344	-0.999998
4.00599e-005	0.00185008	-0.999998
-0.00012027	0.00183677	-0.999998
-0.000148532	0.00183451	-0.999998
-0.000143052	0.00183526	-0.999998
-0.996733	-0.0807611	0
0.080761	-0.996733	-0
-0.0807619	0.996733	-0
-0	-0	-1
0.996738	0.0807031	-0
-0.0807015	0.996738	-0
-0.996738	-0.0807031	0
0.0807015	-0.996738	-0
-0	-0	8.07114e-008
-0	0	1
-0	0	4.22367e-005
-0.996732	-0.0807831	0
-0.996769	-0.0803216	-0.000507873
-0.996732	-0.0807811	-0
0.0807629	-0.996733	-0
3.19118e-006	-3.82942e-005	9.69543e-008
0.0807605	-0.996734	-0
0.996732	0.0807811	0
-0.0807629	0.996733	-0
0.996735	0.0807423	0
-0.0807598	0.996734	-0
-0.996733	-0.0807617	-0
0.996733	0.0807617	0
-0.0807613	0.996733	-0

#	Mesh	0	End

