#	Mesh	0	Begin

#	Vertex	35
73.1331	-5.73574	-11.243
73.1331	-5.73522	-11.943
72.3357	-5.79982	-11.943
72.3358	-5.80035	-11.243
72.6414	-9.57296	-11.2459
72.8369	-9.55713	-11.2459
72.8531	-9.75648	-11.246
72.6576	-9.77231	-11.246
73.0048	-14.0581	-11.2493
73.2001	-14.0423	-11.2493
73.2162	-14.2416	-11.2494
73.021	-14.2574	-11.2494
73.1384	-15.706	-11.2505
73.9357	-15.6414	-11.2505
72.6799	-10.0475	-11.9462
72.6799	-10.0475	-11.386
72.696	-10.2468	-11.386
72.696	-10.2468	-11.9464
73.1384	-15.706	-11.9505
73.021	-14.2574	-11.386
73.0048	-14.0581	-11.386
72.6576	-9.77231	-11.386
72.6414	-9.57296	-11.386
73.9357	-15.6414	-11.9505
72.8877	-10.2313	-11.9464
72.8716	-10.032	-11.9462
72.8716	-10.032	-11.386
72.8852	-10.2005	-11.386
72.8877	-10.2313	-11.386
72.7031	-10.2463	-11.386
73.2162	-14.2416	-11.386
73.2161	-14.2398	-11.386
73.2001	-14.0423	-11.386
72.8531	-9.75648	-11.386
72.8369	-9.55713	-11.386

#	Triangle	39
3	1	2
0	1	3
4	0	3	4	5	0	5	13	0	8	6	7	8	9	6	12	10	11	12	13	10
6	13	5
9	13	6
10	13	9
14	3	2
14	22	3
22	4	3
14	21	22
21	8	7
14	15	21	19	12	11	18	12	19
15	8	21
16	8	15
17	8	16	20	8	17
18	20	17
18	19	20
23	2	1	25	14	2	23	17	24	23	18	17
23	25	2
23	24	25
23	0	13
1	0	23
23	12	18	13	12	23
26	16	15	26	29	16	26	27	29	27	28	29
25	15	14	26	15	25
29	17	16
29	24	17
28	24	29
28	25	24
28	27	25
27	26	25
30	20	19	30	31	20	31	32	20	21	34	22	33	34	21
8	32	9	20	32	8
10	19	11	30	19	10
31	9	32
30	9	31
10	9	30	5	33	6	34	33	5
4	34	5	22	34	4
6	21	7	33	21	6

#	Normal	39
-0.0807607	0.996733	0.0007556
-0.0807615	0.996733	0.000754699
6.09491e-005	-0.000752215	1
3.9072e-005	-0.000756149	1
6.20075e-005	-0.000751929	1
5.57752e-005	-0.000754796	1
-0.996733	-0.0807612	5.96055e-006
-0.996733	-0.0807617	8.80318e-006
-0.996733	-0.0807614	-0
-0.996735	-0.0807423	-7.72234e-006
-0.996734	-0.0807608	0
-0.996734	-0.0807579	-0
-0.996734	-0.0807579	9.02203e-005
-0.996732	-0.0807811	-0.000594361
-0.996734	-0.0807599	0
-0.996734	-0.0807601	-1.12601e-006
-0.996732	-0.0807811	6.06463e-005
-6.09444e-005	0.000752164	-1
-6.16276e-005	0.000752053	-1
-4.07487e-005	0.000756014	-1
0.996733	0.0807614	-0
0.996733	0.080761	5.16353e-006
0.0807601	-0.996734	-0
-0	-0	-1
0.0807624	-0.996733	-0
-0.0807312	0.996736	-0
-0.0807624	0.996733	3.97955e-007
-0.0807636	0.996733	-0
-0.996732	-0.0807811	-0
-0.996731	-0.0807938	-4.55262e-006
-0.996732	-0.0807788	0
0	-0	1
0.0807033	-0.996738	-0
-0.0807047	0.996738	-0
-0.996738	-0.0807113	0
-0.996808	-0.0798287	-0.00128299
-0.996738	-0.0807031	-0
0.0807014	-0.996738	-0
-0.0806997	0.996738	-0

#	Mesh	0	End

