#	Mesh	0	Begin

#	Vertex	33
93.374	-4.0966	-11.243
93.3738	-4.0945	-11.943
92.5764	-4.15911	-11.943
92.5766	-4.16121	-11.243
92.8822	-7.93292	-11.2544
93.0706	-7.91767	-11.2544
93.0867	-8.11701	-11.255
92.8984	-8.13227	-11.255
93.2456	-12.4182	-11.268
93.4338	-12.403	-11.268
93.4499	-12.6023	-11.2686
93.2618	-12.6176	-11.2686
93.3388	-13.5676	-11.2715
94.1362	-13.503	-11.2715
92.9187	-8.38278	-11.9558
92.9187	-8.38278	-11.386
92.9348	-8.58213	-11.386
92.9348	-8.58213	-11.9564
93.3388	-13.5676	-11.9715
93.2618	-12.6176	-11.386
93.2456	-12.4182	-11.386
92.8984	-8.13227	-11.386
92.8822	-7.93292	-11.386
94.1362	-13.503	-11.9715
93.1166	-8.56741	-11.9564
93.1004	-8.36806	-11.9558
93.1004	-8.36806	-11.386
93.1166	-8.56741	-11.386
93.0867	-8.11701	-11.386
93.0706	-7.91767	-11.386
93.4499	-12.6023	-11.386
93.4416	-12.4996	-11.386
93.4338	-12.403	-11.386

#	Triangle	36
3	1	2
0	1	3
13	11	12	13	10	11	9	7	8	5	0	3	13	0	5
9	6	7	5	3	4	13	6	9
13	9	10
13	5	6
14	3	2
14	22	3
22	4	3
14	21	22
21	8	7
14	15	21
15	8	21
16	8	15
17	8	16	20	8	17
18	20	17
18	19	20
19	12	11	18	12	19
1	14	2	24	23	18	1	23	25
1	25	14	24	18	17
25	23	24
23	0	13
1	0	23
13	18	23	12	18	13
15	27	16	26	27	15
24	26	25	27	26	24	5	28	6	29	28	5
25	15	14	26	15	25
17	27	24	16	27	17
21	29	22	28	29	21	30	20	19	30	31	20	31	32	20
4	29	5	22	29	4
6	21	7	28	21	6
8	32	9	20	32	8
10	19	11	30	19	10
31	9	32
30	9	31
10	9	30

#	Normal	36
-0.0807607	0.996729	0.00301573
-0.0807611	0.996729	0.00301518
0.000243596	-0.00300636	0.999995
0.000243398	-0.00300615	0.999995
0.000248814	-0.00300239	0.999995
0.000228949	-0.0030089	0.999995
-0.996733	-0.0807612	1.98827e-006
-0.996734	-0.0807598	-6.07303e-006
-0.996734	-0.08076	-0
-0.996732	-0.0807811	1.08725e-005
-0.996733	-0.0807613	0
-0.996734	-0.0807566	-0
-0.996734	-0.0807566	0.000174271
-0.996732	-0.0807811	-0.00067131
-0.996734	-0.0807606	0
-0.996734	-0.0807609	-2.13214e-006
-0.996735	-0.0807423	-3.88977e-005
-0.996733	-0.0807661	0
-0.000243554	0.00300589	-0.999995
-0.000243378	0.00300587	-0.999995
-0.000230084	0.00300881	-0.999995
0.996733	0.0807613	-0
0.996734	0.0807606	9.16255e-006
0.0807621	-0.996733	-0
0	-0	-1
-0.996738	-0.0807031	0
0.0807036	-0.996738	-0
-0.0807051	0.996738	-0
-0	-0	1
0.0807011	-0.996738	-0
-0.0807026	0.996738	-0
0.0807636	-0.996733	-0
-0.0807603	0.996734	-0
-0.996727	-0.0808391	0
-0.996736	-0.0807266	-9.27555e-005
-0.996732	-0.0807811	-0

#	Mesh	0	End

