#	Mesh	0	Begin

#	Vertex	42
61.1354	-22.7657	-11.2605
61.095	-22.2674	-11.2605
61.095	-22.2674	-11.6605
61.1354	-22.7657	-11.6605
101.409	-19.5026	-11.2605
101.409	-19.5026	-11.6605
101.368	-19.0042	-11.6605
101.368	-19.0042	-11.2605
92.701	-19.7064	-11.6605
91.8556	-19.7749	-11.6605
90.8589	-19.8557	-11.6605
90.0135	-19.9242	-11.6605
72.4872	-21.3443	-11.6605
71.6161	-21.4149	-11.6605
70.6194	-21.4956	-11.6605
69.7483	-21.5662	-11.6605
94.0557	-20.0983	-11.6605
94.0514	-20.0449	-11.6605
93.8521	-20.0611	-11.6605
93.8564	-20.1145	-11.6605
92.7504	-20.2041	-11.6605
91.896	-20.2733	-11.6605
90.8993	-20.3541	-11.6605
90.0449	-20.4233	-11.6605
88.9278	-20.5138	-11.6605
88.923	-20.455	-11.6605
88.7236	-20.4711	-11.6605
88.7284	-20.53	-11.6605
72.5365	-21.8419	-11.6605
71.6565	-21.9132	-11.6605
70.6598	-21.994	-11.6605
69.7797	-22.0653	-11.6605
88.7284	-20.53	-11.386
88.9278	-20.5138	-11.386
93.8564	-20.1145	-11.386
94.0557	-20.0983	-11.386
88.7236	-20.4711	-11.386
88.9226	-20.455	-11.386
88.923	-20.455	-11.386
88.7241	-20.4761	-11.386
93.8521	-20.0611	-11.386
94.0514	-20.0449	-11.386

#	Triangle	37
3	1	2	0	1	3
7	5	6	4	5	7
7	0	4	1	0	7
1	15	2	1	7	6
1	14	15
1	13	14
1	12	13
1	11	12
1	10	11	1	8	9
1	9	10
1	6	8
16	6	5	16	17	6	17	8	6	18	8	17	19	8	18	20	8	19	21	8	20	21	9	8	22	9	21	22	10	9	23	10	22	23	11	10	23	25	11	25	12	11	24	25	23	26	12	25	27	12	26	28	12	27	29	12	28	29	13	12	30	13	29	30	14	13	31	14	30	31	15	14	31	2	15	3	2	31	32	37	33	32	39	37	39	36	37	34	41	35	40	41	34
4	16	5	4	35	16	34	33	24	32	28	27	32	0	3
34	20	19
34	21	20
34	22	21
34	23	22
34	24	23
32	29	28
32	30	29
32	31	30
32	3	31
4	34	35
4	33	34
4	32	33
4	0	32
33	37	38
36	27	26
36	39	27
39	32	27
24	38	25	33	38	24
38	26	25
38	37	26
37	36	26
18	34	19	40	34	18
16	41	17	35	41	16
17	40	18	41	40	17

#	Normal	37
-0.996734	-0.0807581	0
0.996733	0.0807658	0
-0	0	1
-0.0807613	0.996733	-0
-0.0807607	0.996734	1.35813e-005
-0.0807616	0.996733	-8.48972e-006
-0.0807607	0.996734	1.5891e-005
-0.0807612	0.996733	2.43863e-006
-0.0807615	0.996733	-1.69915e-005
-0.0807616	0.996733	-3.08193e-005
-0.080761	0.996733	1.9084e-005
-0	0	-1
0.0807614	-0.996733	-0
0.0807601	-0.996734	-0
0.080762	-0.996733	-7.75664e-006
0.0807616	-0.996733	-5.4319e-006
0.0807612	-0.996733	-9.82825e-007
0.0807615	-0.996733	-4.7112e-006
0.0807605	-0.996734	4.16094e-005
0.0807616	-0.996733	-2.9286e-005
0.0807605	-0.996734	4.57486e-005
0.0807611	-0.996733	4.23175e-006
0.0807598	-0.996734	9.64569e-005
0.0807612	-0.996733	6.6654e-006
0.0807598	-0.996734	0.000155056
0.0807612	-0.996733	9.14034e-006
-0	-0	-2.40651e-005
0.996738	0.0807022	0
0.996674	0.0814891	-0.00016984
0.996744	0.0806296	-0
-0.996737	-0.0807182	0
0.0807015	-0.996738	-0
0.0814591	-0.996677	-0.000553824
0.0807	-0.996738	-0
0.996744	0.0806289	-0
-0.996741	-0.0806641	0
0.0806433	-0.996743	-0

#	Mesh	0	End

