#	Mesh	0	Begin

#	Vertex	8
89.8864	-44.124	-18.371
89.9092	-44.4059	-18.3716
91.1199	-42.9817	-18.3664
91.097	-42.6998	-18.3658
89.8864	-44.124	-17.0245
89.9092	-44.4059	-17.0251
91.1199	-42.9817	-17.0199
91.097	-42.6998	-17.0193

#	Triangle	7
3	4	7	0	4	3
0	5	4	1	5	0
1	6	5	2	6	1
2	7	6	3	7	2
3	1	0
2	1	3
4	6	7	5	6	4

#	Normal	7
-0.761906	0.647688	-0
-0.996733	-0.0807651	0
0.761906	-0.647688	-0
0.996733	0.0807651	-0
0.00179283	0.00211974	-0.999996
0.00180174	0.00211354	-0.999996
-0.00180027	-0.00211342	0.999996

#	Mesh	0	End

