#	Mesh	0	Begin

#	Vertex	8
95.8683	-128.522	-18.5347
94.2847	-114.331	-18.5047
94.2847	-114.331	-17.1474
95.8683	-128.522	-17.1761
95.6695	-128.544	-18.5347
95.6695	-128.544	-17.1761
94.0858	-114.353	-17.1474
94.0858	-114.353	-18.5047

#	Triangle	8
3	1	2	0	1	3
7	5	6	4	5	7
4	3	5	0	3	4
7	0	4
1	0	7
5	2	6
3	2	5
6	1	7	2	1	6

#	Normal	8
0.993831	0.110909	0
-0.993831	-0.110909	0
0.110937	-0.993827	-0
-0.000233797	0.00209446	-0.999998
-0.000235846	0.0020942	-0.999998
0.000225253	-0.00199604	0.999998
0.000222837	-0.00199628	0.999998
-0.107305	0.994226	-0

#	Mesh	0	End

