#	Mesh	0	Begin

#	Vertex	10
92.9749	-73.5721	-18.438
92.4482	-74.1917	-18.4404
92.4482	-74.1917	-17.0849
92.9749	-73.5721	-17.0826
92.9977	-73.854	-18.4386
92.9977	-73.854	-18.4218
92.9977	-73.854	-17.0832
92.471	-74.4736	-17.0855
92.471	-74.4736	-18.423
92.471	-74.4736	-18.441

#	Triangle	8
3	1	2	0	1	3
4	8	9	5	8	4	5	7	8	6	7	5
0	5	4	3	5	0	3	6	5
8	1	9	8	2	1	7	2	8
9	0	4
1	0	9
6	2	7
3	2	6

#	Normal	8
-0.761907	0.647686	-0
0.761907	-0.647686	-0
0.996733	0.0807662	-0
-0.996733	-0.0807662	-0
0.00191617	0.00225447	-0.999996
0.001927	0.00224842	-0.999996
-0.00184364	-0.00215853	0.999996
-0.00183958	-0.00216513	0.999996

#	Mesh	0	End

