#	Mesh	0	Begin

#	Vertex	12
94.5882	80.7613	-20.3441
93.9614	69.3336	-20.3441
93.9614	69.3336	-19.242
93.8838	67.9185	-19.244
93.8838	67.9185	3.55644
94.5882	80.7613	3.62008
95.4901	80.773	-20.3441
95.4901	80.773	3.62038
94.7858	67.9303	3.55674
94.7858	67.9303	-19.2439
94.8601	69.2844	-19.242
94.8601	69.2844	-20.3441

#	Triangle	11
2	0	1	2	5	0	4	5	2
4	2	3
7	11	6	7	10	11	7	8	10
10	8	9
6	5	7	0	5	6
8	3	9	4	3	8
11	0	6	1	0	11
10	1	11	2	1	10
9	2	10
3	2	9
7	4	8	5	4	7

#	Normal	11
-0.9985	0.0547601	-0
-0.9985	0.0547608	-0
0.9985	-0.0547599	-0
0.998499	-0.0547626	-0
-0.0130083	0.999915	-0
0.0130083	-0.999915	-0
-0	0	-1
-0.054757	-0.9985	-0
7.37357e-005	0.00134458	-0.999999
7.56034e-005	0.00134567	-0.999999
-0.000270814	-0.00494023	0.999988

#	Mesh	0	End

