#	Mesh	0	Begin

#	Vertex	16
88.2599	12.7599	-16.885
88.2599	12.7599	-13.3967
88.2438	12.9592	-13.3967
88.2438	12.9592	-16.885
86.2304	12.7962	-13.3967
86.2304	12.7962	-16.885
86.7188	12.8358	-14.475
87.8153	12.9245	-14.475
87.8153	12.9245	-16.575
86.7188	12.8358	-16.575
86.2466	12.5969	-13.3967
86.2466	12.5969	-16.885
87.8314	12.7252	-14.475
86.735	12.6364	-14.475
86.735	12.6364	-16.575
87.8314	12.7252	-16.575

#	Triangle	12
0	2	1	3	2	0	13	9	6	14	9	13
4	9	5	4	6	9
9	3	5
9	8	3	8	2	3	7	2	8	4	2	7
4	7	6
5	10	4	11	10	5	15	7	8	12	7	15
1	15	0	15	11	0	1	12	15	1	13	12
15	14	11
14	10	11	13	10	14
1	10	13
0	5	3	11	5	0	12	6	7	13	6	12
2	10	1	4	10	2	14	8	9	15	8	14

#	Normal	12
0.996738	0.0807031	-0
-0.0807012	0.996738	-0
-0.0807025	0.996738	2.09835e-006
-0.080703	0.996738	-1.76415e-007
-0.080703	0.996738	-8.12682e-007
-0.996738	-0.0807031	0
0.0807028	-0.996738	-0
0.080703	-0.996738	-2.82692e-006
0.0807012	-0.996738	-0
0.0807025	-0.996738	6.03233e-007
-0	-0	-1
-0	0	1

#	Mesh	0	End

