COMPONENT 10018=IfcWallStandardCase
#	Mesh	0	Begin

#	Vertex	16
-296.827	92.8298	-2.74653
-296.827	92.8298	2.58
-296.827	107.165	2.58
-296.827	107.165	-2.74653
-296.827	105.884	-0.17
-296.827	104.784	-0.17
-296.827	104.784	-2.27
-296.827	105.884	-2.27
-297.027	107.165	2.58
-297.027	107.165	-2.74653
-297.027	92.8304	2.58
-297.027	92.8304	-2.74653
-297.027	104.784	-0.17
-297.027	105.884	-0.17
-297.027	105.884	-2.27
-297.027	104.784	-2.27

#	Triangle	7
2	7	3	7	0	3	7	6	0	6	1	0	2	4	7	5	1	6	2	5	4	2	1	5
3	8	2	9	8	3	15	5	6	12	5	15
10	15	11	15	9	11	15	14	9	14	8	9	10	12	15	13	8	14	10	13	12	10	8	13
11	1	10	0	1	11
0	9	3	11	9	0	12	4	5	13	4	12
2	10	1	8	10	2	14	6	7	15	6	14
13	7	4	14	7	13

#	Normal	7
1	0	0
-0	1	-0
-1	0	-0
-0.00261718	-0.999997	0
-0	0	-1
0	0	1
0	-1	-0

#	Mesh	0	End


COMPONENTFINISH

COMPONENT 10090=IfcWallStandardCase
#	Mesh	0	Begin

#	Vertex	16
-294.818	123.019	0.81
-294.818	123.019	6.142
-295.018	123.019	6.142
-295.018	123.019	0.81
-295.018	122.171	6.142
-295.018	122.852	2.91
-295.018	122.852	0.81
-294.818	121.653	0.81
-295.011	122.152	0.81
-294.818	122.152	2.91
-295.011	122.152	2.91
-295.018	122.171	2.91
-294.818	121.653	6.142
-294.818	122.852	2.91
-294.818	122.152	0.81
-294.818	122.852	0.81

#	Triangle	9
0	2	1	3	2	0	14	10	9	8	10	14
5	3	6	5	2	3	4	5	11	4	2	5
12	8	7	12	10	8
12	11	10
12	4	11
1	15	0	1	13	15	9	7	14	9	12	7	1	9	13	1	12	9
14	7	8	6	0	15	3	0	6	9	5	13	9	11	5	9	10	11
2	12	1	4	12	2
15	5	6	13	5	15

#	Normal	9
-0	1	-0
-1	0	-0
-0.932817	-0.360352	-0
-0.932873	-0.360207	2.57442e-005
-0.932819	-0.360346	0
1	0	0
-0	-0	-1
-0	-0	1
-0	-1	0

#	Mesh	0	End


COMPONENTFINISH

COMPONENT 101650=IfcSlab
#	Mesh	0	Begin

#	Vertex	8
72.7341	-91.0605	0.325
72.4868	-88.0053	0.325
66.9187	-88.4565	0.325
67.1662	-91.5114	0.325
72.7341	-91.0605	0.625
72.4868	-88.0053	0.625
66.9187	-88.4565	0.625
67.1662	-91.5114	0.625

#	Triangle	6
3	4	7	0	4	3
0	5	4	1	5	0
1	6	5	2	6	1
2	7	6	3	7	2
3	1	0	2	1	3
4	6	7	5	6	4

#	Normal	6
0.0807028	-0.996738	-0
0.996738	0.080701	-0
-0.0807616	0.996733	-0
-0.996734	-0.0807606	0
-0	0	-1
0	-0	1

#	Mesh	0	End


COMPONENTFINISH

COMPONENT 10168=IfcWallStandardCase
#	Mesh	0	Begin

#	Vertex	10
-293.213	117.498	0.81
-293.213	117.498	6.142
-293.35	117.851	6.142
-293.35	117.851	0.81
-293.536	117.779	6.142
-293.536	117.779	0.81
-293.338	117.264	6.142
-293.338	117.264	0.81
-293.213	117.264	6.142
-293.213	117.264	0.81

#	Triangle	7
0	2	1	3	2	0
3	4	2	5	4	3
5	6	4	7	6	5
7	8	6	9	8	7
9	1	8	0	1	9
0	5	3	0	7	5	9	7	0
6	2	4	6	1	2	6	8	1

#	Normal	7
0.932805	0.360381	-0
-0.360353	0.932816	-0
-0.932815	-0.360355	0
-0	-1	-0
1	-0	-0
-0	-0	-1
-0	-0	1

#	Mesh	0	End


COMPONENTFINISH

COMPONENT 10337=IfcWallStandardCase
#	Mesh	0	Begin

#	Vertex	16
-293.413	117.46	0.81
-293.213	116.164	0.81
-293.338	117.264	0.81
-293.413	117.264	2.91
-293.338	117.264	2.91
-293.213	116.164	2.91
-293.213	116.943	2.91
-293.213	116.943	6.142
-293.413	117.46	6.142
-293.413	114.46	0.81
-293.413	116.164	2.91
-293.413	117.264	0.81
-293.413	114.46	6.142
-293.213	114.46	6.142
-293.213	114.46	0.81
-293.413	116.164	0.81

#	Triangle	9
8	2	0	8	4	2
8	6	4
8	7	6
12	15	9	12	10	15	3	0	11	3	8	0	12	3	10	12	8	3
9	13	12	14	13	9	11	4	3	2	4	11
5	14	1	5	13	14	7	5	6	7	13	5
1	9	15	14	9	1	11	0	2	6	3	4	6	10	3	5	10	6
8	13	7	12	13	8
15	5	1	10	5	15

#	Normal	9
0.932831	0.360314	0
0.932811	0.360366	-3.63374e-006
0.932819	0.360346	-0
-1	0	-0
-0	-1	-0
1	0	0
-0	-0	-1
-0	-0	1
-0	1	-0

#	Mesh	0	End


COMPONENTFINISH

COMPONENT 10392=IfcWallStandardCase
#	Mesh	0	Begin

#	Vertex	8
75.6039	-42.5928	-16.885
74.8655	-33.4728	-16.885
74.6662	-33.489	-16.885
75.4046	-42.6089	-16.885
75.6039	-42.5928	-11.386
74.8655	-33.4728	-11.386
74.6662	-33.489	-11.386
75.4046	-42.6089	-11.386

#	Triangle	6
3	4	7	0	4	3
0	5	4	1	5	0
1	6	5	2	6	1
2	7	6	3	7	2
3	1	0	2	1	3
4	6	7	5	6	4

#	Normal	6
0.0807015	-0.996738	-0
0.996738	0.0807026	-0
-0.0807015	0.996738	-0
-0.996738	-0.0807026	0
-0	0	-1
0	-0	1

#	Mesh	0	End


COMPONENTFINISH

COMPONENT 10423=IfcWallStandardCase
#	Mesh	0	Begin

#	Vertex	8
-294.427	107.429	-2.42
-294.427	107.229	-2.42
-293.413	107.229	-2.42
-293.413	107.429	-2.42
-294.427	107.229	2.58
-294.427	107.429	2.58
-293.413	107.429	2.58
-293.413	107.229	2.58

#	Triangle	6
0	4	5	1	4	0
1	7	4	2	7	1
2	6	7	3	6	2
3	5	6	0	5	3
0	2	1	3	2	0
4	6	5	7	6	4

#	Normal	6
-1	-0	0
-0	-1	-0
1	-0	-0
-0	1	-0
0	-0	-1
-0	-0	1

#	Mesh	0	End


COMPONENTFINISH

COMPONENT 10457=IfcWallStandardCase
#	Mesh	0	Begin

#	Vertex	8
75.2992	-38.8286	-16.885
75.7138	-38.795	-16.885
75.6976	-38.5957	-16.885
75.283	-38.6292	-16.885
75.2992	-38.8286	-11.386
75.7138	-38.795	-11.386
75.6976	-38.5957	-11.386
75.283	-38.6292	-11.386

#	Triangle	6
3	4	7	0	4	3
0	5	4	1	5	0
1	6	5	2	6	1
2	7	6	3	7	2
3	1	0	2	1	3
4	6	7	5	6	4

#	Normal	6
-0.996738	-0.0807031	0
0.0806951	-0.996739	-0
0.996738	0.0807031	-0
-0.0806951	0.996739	-0
0	-0	-1
-0	-0	1

#	Mesh	0	End


COMPONENTFINISH

COMPONENT 10513=IfcWallStandardCase
#	Mesh	0	Begin

#	Vertex	16
-294.427	101.869	-2.42
-294.427	101.869	2.58
-294.227	101.869	2.58
-294.227	101.869	-2.42
-294.227	107.229	2.58
-294.227	107.229	-2.42
-294.227	106.134	-0.17
-294.227	105.034	-0.17
-294.227	105.034	-2.27
-294.227	106.134	-2.27
-294.427	107.229	2.58
-294.427	107.229	-2.42
-294.427	105.034	-0.17
-294.427	106.134	-0.17
-294.427	106.134	-2.27
-294.427	105.034	-2.27

#	Triangle	6
0	2	1	3	2	0	13	9	6	14	9	13
4	9	5	9	3	5	9	8	3	8	2	3	4	6	9	7	2	8	4	7	6	4	2	7
5	10	4	11	10	5	15	7	8	12	7	15
1	15	0	15	11	0	15	14	11	14	10	11	1	12	15	13	10	14	1	13	12	1	10	13
0	5	3	11	5	0	12	6	7	13	6	12
2	10	1	4	10	2	14	8	9	15	8	14

#	Normal	6
-0	-1	-0
1	0	0
-0	1	-0
-1	0	-0
-0	-0	-1
-0	-0	1

#	Mesh	0	End


COMPONENTFINISH

COMPONENT 10522=IfcWallStandardCase
#	Mesh	0	Begin

#	Vertex	8
71.5552	-37.433	-16.885
74.9632	-37.1571	-16.885
74.947	-36.9577	-16.885
71.5391	-37.2336	-16.885
71.5552	-37.433	-11.386
74.9632	-37.1571	-11.386
74.947	-36.9577	-11.386
71.5391	-37.2336	-11.386

#	Triangle	6
3	4	7	0	4	3
0	5	4	1	5	0
1	6	5	2	6	1
2	7	6	3	7	2
3	1	0	2	1	3
4	6	7	5	6	4

#	Normal	6
-0.996738	-0.0807031	0
0.0806995	-0.996738	-0
0.996738	0.0807031	-0
-0.0806995	0.996738	-0
0	-0	-1
-0	-0	1

#	Mesh	0	End


COMPONENTFINISH

COMPONENT 10576=IfcWallStandardCase
#	Mesh	0	Begin

#	Vertex	8
-296.827	101.869	-2.42
-294.427	101.869	-2.42
-294.427	102.069	-2.42
-296.827	102.069	-2.42
-296.827	101.869	3.38
-294.427	101.869	3.38
-294.427	102.069	3.38
-296.827	102.069	3.38

#	Triangle	6
3	4	7	0	4	3
0	5	4	1	5	0
1	6	5	2	6	1
2	7	6	3	7	2
3	1	0	2	1	3
4	6	7	5	6	4

#	Normal	6
-1	-0	0
-0	-1	-0
1	-0	-0
-0	1	-0
0	-0	-1
-0	-0	1

#	Mesh	0	End


COMPONENTFINISH

COMPONENT 10662=IfcWallStandardCase
#	Mesh	0	Begin

#	Vertex	24
-285.727	107.219	-2.42
-285.727	107.219	2.58
-285.727	107.419	2.58
-285.727	107.419	-2.42
-293.213	107.419	2.58
-293.213	107.419	-2.42
-291.422	107.419	-0.17
-290.322	107.419	-0.17
-290.322	107.419	-2.27
-291.422	107.419	-2.27
-286.822	107.419	-0.17
-286.122	107.419	-0.17
-286.122	107.419	-2.27
-286.822	107.419	-2.27
-293.213	107.219	2.58
-293.213	107.219	-2.42
-290.322	107.219	-0.17
-291.422	107.219	-0.17
-291.422	107.219	-2.27
-290.322	107.219	-2.27
-286.122	107.219	-0.17
-286.822	107.219	-0.17
-286.822	107.219	-2.27
-286.122	107.219	-2.27

#	Triangle	6
0	2	1	3	2	0	9	17	18	6	17	9	13	21	22	10	21	13
4	9	5	9	3	5	9	8	3	8	13	3	13	12	3	12	2	3	4	6	9	7	13	8	7	10	13	11	2	12	4	7	6	4	10	7	4	11	10	4	2	11
5	14	4	15	14	5	7	19	16	8	19	7	11	23	20	12	23	11
1	23	0	23	15	0	23	22	15	22	19	15	19	18	15	18	14	15	1	20	23	21	19	22	21	16	19	17	14	18	1	21	20	1	16	21	1	17	16	1	14	17
0	5	3	15	5	0	6	16	17	7	16	6	10	20	21	11	20	10
2	14	1	4	14	2	8	18	19	9	18	8	12	22	23	13	22	12

#	Normal	6
1	-0	-0
-0	1	-0
-1	-0	0
-0	-1	-0
-0	0	-1
0	0	1

#	Mesh	0	End


COMPONENTFINISH

COMPONENT 10725=IfcWallStandardCase
#	Mesh	0	Begin

#	Vertex	8
-289.327	113.965	-2.42
-289.327	107.419	-2.42
-289.127	107.419	-2.42
-289.127	113.965	-2.42
-289.327	113.965	6.142
-289.327	107.419	6.142
-289.127	107.419	6.142
-289.127	113.965	6.142

#	Triangle	6
3	4	7	0	4	3
0	5	4	1	5	0
1	6	5	2	6	1
2	7	6	3	7	2
3	1	0	2	1	3
4	6	7	5	6	4

#	Normal	6
-0	1	-0
-1	-0	0
-0	-1	-0
1	-0	-0
-0	-0	-1
-0	-0	1

#	Mesh	0	End


COMPONENTFINISH

COMPONENT 10789=IfcWallStandardCase
#	Mesh	0	Begin

#	Vertex	8
-285.927	109.426	-2.42
-285.927	107.419	-2.42
-285.727	107.419	-2.42
-285.727	109.426	-2.42
-285.927	109.426	3.38
-285.927	107.419	3.38
-285.727	107.419	3.38
-285.727	109.426	3.38

#	Triangle	6
3	4	7	0	4	3
0	5	4	1	5	0
1	6	5	2	6	1
2	7	6	3	7	2
3	1	0	2	1	3
4	6	7	5	6	4

#	Normal	6
-0	1	-0
-1	-0	0
-0	-1	-0
1	-0	-0
-0	-0	-1
-0	-0	1

#	Mesh	0	End


COMPONENTFINISH

COMPONENT 10852=IfcWallStandardCase
#	Mesh	0	Begin

#	Vertex	16
-274.027	109.419	-2.42
-274.027	109.419	6.142
-273.827	109.419	6.142
-273.827	109.419	-2.42
-273.827	113.965	6.142
-273.827	113.965	-2.42
-273.827	113.705	-0.17
-273.827	112.605	-0.17
-273.827	112.605	-2.27
-273.827	113.705	-2.27
-274.027	113.965	6.142
-274.027	113.965	-2.42
-274.027	112.605	-0.17
-274.027	113.705	-0.17
-274.027	113.705	-2.27
-274.027	112.605	-2.27

#	Triangle	6
0	2	1	3	2	0	13	9	6	14	9	13
4	9	5	9	3	5	9	8	3	8	2	3	4	6	9	7	2	8	4	7	6	4	2	7
5	10	4	11	10	5	15	7	8	12	7	15
1	15	0	15	11	0	15	14	11	14	10	11	1	12	15	13	10	14	1	13	12	1	10	13
0	5	3	11	5	0	12	6	7	13	6	12
2	10	1	4	10	2	14	8	9	15	8	14

#	Normal	6
-0	-1	-0
1	0	0
-0	1	-0
-1	0	-0
-0	-0	-1
-0	-0	1

#	Mesh	0	End


COMPONENTFINISH

COMPONENT 10865=IfcBeam
#	Mesh	0	Begin

#	Vertex	16
-33.419	99.3145	-9.07
-33.419	99.3145	-8.87
-33.4974	98.418	-9.07
-42.6051	99.2148	-9.07
-42.5658	100.115	-9.07
-42.5658	100.115	-8.87
-33.297	100.709	-9.07
-33.297	100.709	-7.67
-33.419	99.3145	-7.67
-42.5047	101.515	-9.07
-42.5658	100.115	-7.67
-42.5047	101.515	-7.67
-42.5047	101.515	-8.87
-33.297	100.709	-8.87
-33.2185	101.606	-9.07
-42.4654	102.415	-9.07

#	Triangle	13
2	0	1	13	6	14
4	2	3	0	2	4	9	0	4	6	0	9	15	6	9	14	6	15
3	1	5
2	1	3
5	0	4	1	0	5	12	6	9	12	7	6	11	7	12
5	4	3
0	7	8	6	7	0
8	4	0	8	5	4	8	10	5	9	13	12	6	13	9
10	7	11	8	7	10
5	9	4	5	12	9	10	12	5	10	11	12
12	14	15
13	14	12
15	9	12

#	Normal	13
0.996195	-0.0871568	-0
-0	-0	-1
-0.0189067	-0.216105	0.976187
-0.0189067	-0.216104	0.976187
0.0871557	0.996195	0
-0.999048	0.0436216	-0
0.996195	-0.0871541	-0
-0.0871557	-0.996195	-0
-0	-0	1
-0.999048	0.0436192	-0
0.0189067	0.216105	0.976187
0.0189067	0.216104	0.976187
-0.999048	0.0436173	-0

#	Mesh	0	End


COMPONENTFINISH

COMPONENT 108942=IfcWallStandardCase
#	Mesh	0	Begin

#	Vertex	8
97.4258	-52.7522	-3.337
94.2864	-53.0064	-3.337
94.3025	-53.2058	-3.337
97.4419	-52.9516	-3.337
97.4258	-52.7522	2.563
94.2864	-53.0064	2.563
94.3025	-53.2058	2.563
97.4419	-52.9516	2.563

#	Triangle	6
3	4	7	0	4	3
0	5	4	1	5	0
1	6	5	2	6	1
2	7	6	3	7	2
3	1	0	2	1	3
4	6	7	5	6	4

#	Normal	6
0.996738	0.0807031	-0
-0.0807018	0.996738	-0
-0.996738	-0.0807031	0
0.0807018	-0.996738	-0
-0	-0	-1
-0	0	1

#	Mesh	0	End


COMPONENTFINISH

COMPONENT 10916=IfcWallStandardCase
#	Mesh	0	Begin

#	Vertex	8
-268.327	109.619	-2.42
-273.827	109.619	-2.42
-273.827	109.419	-2.42
-268.327	109.419	-2.42
-268.327	109.619	6.142
-273.827	109.619	6.142
-273.827	109.419	6.142
-268.327	109.419	6.142

#	Triangle	6
3	4	7	0	4	3
0	5	4	1	5	0
1	6	5	2	6	1
2	7	6	3	7	2
3	1	0	2	1	3
4	6	7	5	6	4

#	Normal	6
1	-0	-0
-0	1	-0
-1	-0	0
-0	-1	-0
-0	0	-1
0	0	1

#	Mesh	0	End


COMPONENTFINISH

COMPONENT 109675=IfcWallStandardCase
#	Mesh	0	Begin

#	Vertex	8
106.481	-87.0772	0.65
106.456	-86.7782	0.65
101.971	-87.1413	0.65
101.995	-87.4404	0.65
106.481	-87.0772	7.69
106.456	-86.7782	7.69
101.971	-87.1413	7.69
101.995	-87.4404	7.69

#	Triangle	6
3	4	7	0	4	3
0	5	4	1	5	0
1	6	5	2	6	1
2	7	6	3	7	2
3	1	0	2	1	3
4	6	7	5	6	4

#	Normal	6
0.0807023	-0.996738	-0
0.99674	0.0806788	-0
-0.0807019	0.996738	-0
-0.996734	-0.0807564	0
-0	0	-1
0	-0	1

#	Mesh	0	End


COMPONENTFINISH

COMPONENT 10977=IfcWallStandardCase
#	Mesh	0	Begin

#	Vertex	8
68.8409	-44.0435	-16.885
68.6432	-41.601	-16.885
68.4438	-41.6171	-16.885
68.6416	-44.0596	-16.885
68.8409	-44.0435	-11.386
68.6432	-41.601	-11.386
68.4438	-41.6171	-11.386
68.6416	-44.0596	-11.386

#	Triangle	6
3	4	7	0	4	3
0	5	4	1	5	0
1	6	5	2	6	1
2	7	6	3	7	2
3	1	0	2	1	3
4	6	7	5	6	4

#	Normal	6
0.0807047	-0.996738	-0
0.996739	0.0806985	-0
-0.0806853	0.99674	-0
-0.996739	-0.0806983	0
-0	0	-1
0	-0	1

#	Mesh	0	End


COMPONENTFINISH

COMPONENT 10980=IfcWallStandardCase
#	Mesh	0	Begin

#	Vertex	16
-271.627	109.619	-2.42
-271.627	109.619	6.142
-271.427	109.619	6.142
-271.427	109.619	-2.42
-271.427	113.965	6.142
-271.427	113.965	-2.42
-271.427	111.774	-0.17
-271.427	110.674	-0.17
-271.427	110.674	-2.27
-271.427	111.774	-2.27
-271.627	113.965	6.142
-271.627	113.965	-2.42
-271.627	110.674	-0.17
-271.627	111.774	-0.17
-271.627	111.774	-2.27
-271.627	110.674	-2.27

#	Triangle	6
0	2	1	3	2	0	13	9	6	14	9	13
4	9	5	9	3	5	9	8	3	8	2	3	4	6	9	7	2	8	4	7	6	4	2	7
5	10	4	11	10	5	15	7	8	12	7	15
1	15	0	15	11	0	15	14	11	14	10	11	1	12	15	13	10	14	1	13	12	1	10	13
0	5	3	11	5	0	12	6	7	13	6	12
2	10	1	4	10	2	14	8	9	15	8	14

#	Normal	6
-0	-1	-0
1	0	0
-0	1	-0
-1	0	-0
-0	-0	-1
-0	-0	1

#	Mesh	0	End


COMPONENTFINISH

COMPONENT 1102=IfcBeam
#	Mesh	0	Begin

#	Vertex	8
-114.946	105.215	-10.07
-114.946	105.215	-11.47
-114.946	106.615	-11.47
-114.946	106.615	-10.07
-106.986	105.215	-10.07
-106.986	105.215	-11.47
-106.986	106.615	-11.47
-106.986	106.615	-10.07

#	Triangle	6
3	4	7	0	4	3
0	5	4	1	5	0
1	6	5	2	6	1
2	7	6	3	7	2
3	1	0	2	1	3
4	6	7	5	6	4

#	Normal	6
-0	-0	1
0	-1	-0
-0	-0	-1
-0	1	-0
-1	-0	-0
1	-0	-0

#	Mesh	0	End


COMPONENTFINISH

COMPONENT 11044=IfcWallStandardCase
#	Mesh	0	Begin

#	Vertex	16
-268.527	92.7917	-2.42
-268.527	92.7917	3.38
-268.327	92.7917	3.38
-268.327	92.7917	-2.42
-268.327	107.41	3.38
-268.327	107.41	-2.42
-268.327	100.364	-0.17
-268.327	99.1638	-0.17
-268.327	99.1638	-2.27
-268.327	100.364	-2.27
-268.527	107.41	3.38
-268.527	107.41	-2.42
-268.527	99.1638	-0.17
-268.527	100.364	-0.17
-268.527	100.364	-2.27
-268.527	99.1638	-2.27

#	Triangle	6
0	2	1	3	2	0	13	9	6	14	9	13
4	9	5	9	3	5	9	8	3	8	2	3	4	6	9	7	2	8	4	7	6	4	2	7
5	10	4	11	10	5	15	7	8	12	7	15
1	15	0	15	11	0	15	14	11	14	10	11	1	12	15	13	10	14	1	13	12	1	10	13
0	5	3	11	5	0	12	6	7	13	6	12
2	10	1	4	10	2	14	8	9	15	8	14

#	Normal	6
-0	-1	-0
1	0	0
-0	1	-0
-1	0	-0
-0	-0	-1
-0	-0	1

#	Mesh	0	End


COMPONENTFINISH

COMPONENT 11107=IfcWallStandardCase
#	Mesh	0	Begin

#	Vertex	24
-259.627	98.5148	-2.42
-259.627	98.5148	3.38
-259.627	98.7148	3.38
-259.627	98.7148	-2.42
-268.327	98.7148	3.38
-268.327	98.7148	-2.42
-261.022	98.7148	-0.17
-260.022	98.7148	-0.17
-260.022	98.7148	-2.27
-261.022	98.7148	-2.27
-265.342	98.7148	-0.17
-264.342	98.7148	-0.17
-264.342	98.7148	-2.27
-265.342	98.7148	-2.27
-268.327	98.5148	3.38
-268.327	98.5148	-2.42
-260.022	98.5148	-0.17
-261.022	98.5148	-0.17
-261.022	98.5148	-2.27
-260.022	98.5148	-2.27
-264.342	98.5148	-0.17
-265.342	98.5148	-0.17
-265.342	98.5148	-2.27
-264.342	98.5148	-2.27

#	Triangle	6
0	2	1	3	2	0	9	17	18	6	17	9	13	21	22	10	21	13
4	13	5	13	3	5	13	12	3	12	9	3	9	8	3	8	2	3	4	10	13	11	9	12	11	6	9	7	2	8	4	11	10	4	6	11	4	7	6	4	2	7
5	14	4	15	14	5	7	19	16	8	19	7	11	23	20	12	23	11
1	19	0	19	15	0	19	18	15	18	23	15	23	22	15	22	14	15	1	16	19	17	23	18	17	20	23	21	14	22	1	17	16	1	20	17	1	21	20	1	14	21
0	5	3	15	5	0	6	16	17	7	16	6	10	20	21	11	20	10
2	14	1	4	14	2	8	18	19	9	18	8	12	22	23	13	22	12

#	Normal	6
1	-0	-0
-0	1	-0
-1	-0	0
-0	-1	-0
-0	0	-1
0	0	1

#	Mesh	0	End


COMPONENTFINISH

COMPONENT 11163=IfcBeam
#	Mesh	0	Begin

#	Vertex	10
-215.807	99.3148	-10.07
-224.512	99.3148	-10.07
-224.512	100.715	-10.07
-215.807	100.715	-10.07
-224.512	100.715	-11.47
-215.807	100.715	-11.47
-224.512	99.3148	-11.47
-215.807	99.3148	-11.47
-215.868	100.715	-11.47
-215.868	100.715	-10.07

#	Triangle	6
0	2	1	9	2	0
9	4	2	8	4	9
8	6	4	7	6	8
7	1	6	0	1	7
2	6	1	4	6	2
8	0	7	9	0	8

#	Normal	6
-0	-0	1
0	1	0
-0	-0	-1
-0	-1	0
-1	-0	-0
0.999048	0.0436192	-0

#	Mesh	0	End


COMPONENTFINISH

COMPONENT 11170=IfcWallStandardCase
#	Mesh	0	Begin

#	Vertex	8
-259.827	100.169	-2.42
-259.827	98.7148	-2.42
-259.627	98.7148	-2.42
-259.627	100.169	-2.42
-259.827	100.169	3.38
-259.827	98.7148	3.38
-259.627	98.7148	3.38
-259.627	100.169	3.38

#	Triangle	6
3	4	7	0	4	3
0	5	4	1	5	0
1	6	5	2	6	1
2	7	6	3	7	2
3	1	0	2	1	3
4	6	7	5	6	4

#	Normal	6
-0	1	-0
-1	-0	0
-0	-1	-0
1	-0	-0
-0	-0	-1
-0	-0	1

#	Mesh	0	End


COMPONENTFINISH

COMPONENT 11233=IfcWallStandardCase
#	Mesh	0	Begin

#	Vertex	8
-257.727	100.169	-2.42
-259.627	100.169	-2.42
-259.627	99.9688	-2.42
-257.727	99.9688	-2.42
-257.727	100.169	3.38
-259.627	100.169	3.38
-259.627	99.9688	3.38
-257.727	99.9688	3.38

#	Triangle	6
3	4	7	0	4	3
0	5	4	1	5	0
1	6	5	2	6	1
2	7	6	3	7	2
3	1	0	2	1	3
4	6	7	5	6	4

#	Normal	6
1	-0	-0
-0	1	-0
-1	-0	0
-0	-1	-0
-0	0	-1
0	0	1

#	Mesh	0	End


COMPONENTFINISH

COMPONENT 11296=IfcWallStandardCase
#	TMesh	10457=IfcWallStandardCase
0.0849776	-1.0514	2.77358e-013	0	-1.0514	-0.0849776	7.8075e-010	0	7.7819e-010	6.31743e-011	1.05483	0	-304.745	176.283	15.3905	1

COMPONENTFINISH

COMPONENT 11359=IfcWallStandardCase
#	Mesh	0	Begin

#	Vertex	16
-252.627	100.219	-2.42
-252.627	100.219	3.38
-252.627	100.419	3.38
-252.627	100.419	-2.42
-257.527	100.419	3.38
-257.527	100.419	-2.42
-256.422	100.419	-0.17
-255.422	100.419	-0.17
-255.422	100.419	-2.27
-256.422	100.419	-2.27
-257.527	100.219	3.38
-257.527	100.219	-2.42
-255.422	100.219	-0.17
-256.422	100.219	-0.17
-256.422	100.219	-2.27
-255.422	100.219	-2.27

#	Triangle	6
0	2	1	3	2	0	9	13	14	6	13	9
4	9	5	9	3	5	9	8	3	8	2	3	4	6	9	7	2	8	4	7	6	4	2	7
5	10	4	11	10	5	7	15	12	8	15	7
1	15	0	15	11	0	15	14	11	14	10	11	1	12	15	13	10	14	1	13	12	1	10	13
0	5	3	11	5	0	6	12	13	7	12	6
2	10	1	4	10	2	8	14	15	9	14	8

#	Normal	6
1	-0	-0
-0	1	-0
-1	-0	0
-0	-1	-0
-0	0	-1
0	0	1

#	Mesh	0	End


COMPONENTFINISH

COMPONENT 11368=IfcWallStandardCase
#	Mesh	0	Begin

#	Vertex	8
76.0027	-128.697	-17.1703
75.6389	-124.206	-17.1703
75.4395	-124.222	-17.1703
75.8034	-128.713	-17.1703
76.0027	-128.697	-10.2703
75.6389	-124.206	-10.2703
75.4395	-124.222	-10.2703
75.8034	-128.713	-10.2703

#	Triangle	6
3	4	7	0	4	3
0	5	4	1	5	0
1	6	5	2	6	1
2	7	6	3	7	2
3	1	0	2	1	3
4	6	7	5	6	4

#	Normal	6
0.0807792	-0.996732	-0
0.996734	0.0807608	-0
-0.0807404	0.996735	-0
-0.996734	-0.0807607	0
-0	0	-1
0	-0	1

#	Mesh	0	End


COMPONENTFINISH

COMPONENT 11422=IfcWallStandardCase
#	Mesh	0	Begin

#	Vertex	8
-252.627	99.6188	-2.42
-252.627	100.219	-2.42
-252.827	100.219	-2.42
-252.827	99.6188	-2.42
-252.627	99.6188	3.38
-252.627	100.219	3.38
-252.827	100.219	3.38
-252.827	99.6188	3.38

#	Triangle	6
3	4	7	0	4	3
0	5	4	1	5	0
1	6	5	2	6	1
2	7	6	3	7	2
3	1	0	2	1	3
4	6	7	5	6	4

#	Normal	6
-0	-1	-0
1	-0	-0
-0	1	-0
-1	-0	0
-0	-0	-1
-0	-0	1

#	Mesh	0	End


COMPONENTFINISH

COMPONENT 11485=IfcWallStandardCase
#	Mesh	0	Begin

#	Vertex	16
-250.927	99.6188	-2.42
-250.927	99.6188	3.38
-250.927	99.8188	3.38
-250.927	99.8188	-2.42
-252.627	99.8188	3.38
-252.627	99.8188	-2.42
-252.427	99.8188	-0.17
-251.327	99.8188	-0.17
-251.327	99.8188	-2.27
-252.427	99.8188	-2.27
-252.627	99.6188	3.38
-252.627	99.6188	-2.42
-251.327	99.6188	-0.17
-252.427	99.6188	-0.17
-252.427	99.6188	-2.27
-251.327	99.6188	-2.27

#	Triangle	6
0	2	1	3	2	0	13	9	6	14	9	13
4	9	5	9	3	5	9	8	3	8	2	3	4	6	9	7	2	8	4	7	6	4	2	7
5	10	4	11	10	5	15	7	8	12	7	15
1	15	0	15	11	0	15	14	11	14	10	11	1	12	15	13	10	14	1	13	12	1	10	13
0	5	3	11	5	0	12	6	7	13	6	12
2	10	1	4	10	2	14	8	9	15	8	14

#	Normal	6
1	-0	-0
-0	1	-0
-1	-0	0
-0	-1	-0
-0	0	-1
0	0	1

#	Mesh	0	End


COMPONENTFINISH

COMPONENT 11548=IfcWallStandardCase
#	TMesh	11422=IfcWallStandardCase
-1	5.81645e-009	0	0	-5.81645e-009	-1	0	0	0	0	1	0	-503.754	200.038	8.9407e-008	1

COMPONENTFINISH

COMPONENT 11611=IfcWallStandardCase
#	Mesh	0	Begin

#	Vertex	16
-246.727	100.219	-2.42
-246.727	100.219	3.38
-246.727	100.419	3.38
-246.727	100.419	-2.42
-250.927	100.419	3.38
-250.927	100.419	-2.42
-248.122	100.419	-0.17
-247.122	100.419	-0.17
-247.122	100.419	-2.27
-248.122	100.419	-2.27
-250.927	100.219	3.38
-250.927	100.219	-2.42
-247.122	100.219	-0.17
-248.122	100.219	-0.17
-248.122	100.219	-2.27
-247.122	100.219	-2.27

#	Triangle	6
0	2	1	3	2	0	9	13	14	6	13	9
4	9	5	9	3	5	9	8	3	8	2	3	4	6	9	7	2	8	4	7	6	4	2	7
5	10	4	11	10	5	7	15	12	8	15	7
1	15	0	15	11	0	15	14	11	14	10	11	1	12	15	13	10	14	1	13	12	1	10	13
0	5	3	11	5	0	6	12	13	7	12	6
2	10	1	4	10	2	8	14	15	9	14	8

#	Normal	6
1	-0	-0
-0	1	-0
-1	-0	0
-0	-1	-0
-0	0	-1
0	0	1

#	Mesh	0	End


COMPONENTFINISH

COMPONENT 11643=IfcWallStandardCase
#	Mesh	0	Begin

#	Vertex	8
78.2921	-115.465	-16.885
78.6793	-120.248	-16.885
78.8787	-120.232	-16.885
78.4914	-115.449	-16.885
78.2921	-115.465	-11.6775
78.6793	-120.248	-11.6775
78.8787	-120.232	-11.6775
78.4914	-115.449	-11.6775

#	Triangle	6
3	4	7	0	4	3
0	5	4	1	5	0
1	6	5	2	6	1
2	7	6	3	7	2
3	1	0	2	1	3
4	6	7	5	6	4

#	Normal	6
-0.0807015	0.996738	-0
-0.996738	-0.0807037	0
0.0807047	-0.996738	-0
0.996738	0.0807021	-0
-0	-0	-1
-0	-0	1

#	Mesh	0	End


COMPONENTFINISH

COMPONENT 11674=IfcWallStandardCase
#	Mesh	0	Begin

#	Vertex	16
-246.927	92.7917	-2.42
-246.927	92.7917	3.38
-246.727	92.7917	3.38
-246.727	92.7917	-2.42
-246.727	100.219	3.38
-246.727	100.219	-2.42
-246.727	98.0188	-0.17
-246.727	97.0188	-0.17
-246.727	97.0188	-2.27
-246.727	98.0188	-2.27
-246.927	100.219	3.38
-246.927	100.219	-2.42
-246.927	97.0188	-0.17
-246.927	98.0188	-0.17
-246.927	98.0188	-2.27
-246.927	97.0188	-2.27

#	Triangle	6
0	2	1	3	2	0	9	13	14	6	13	9
4	9	5	9	3	5	9	8	3	8	2	3	4	6	9	7	2	8	4	7	6	4	2	7
5	10	4	11	10	5	7	15	12	8	15	7
1	15	0	15	11	0	15	14	11	14	10	11	1	12	15	13	10	14	1	13	12	1	10	13
0	5	3	11	5	0	6	12	13	7	12	6
2	10	1	4	10	2	8	14	15	9	14	8

#	Normal	6
-0	-1	-0
1	0	0
-0	1	-0
-1	0	-0
-0	-0	-1
-0	-0	1

#	Mesh	0	End


COMPONENTFINISH

COMPONENT 11737=IfcWallStandardCase
#	Mesh	0	Begin

#	Vertex	8
-263.927	92.7917	-2.42
-263.927	98.5148	-2.42
-264.127	98.5148	-2.42
-264.127	92.7917	-2.42
-263.927	92.7917	3.38
-263.927	98.5148	3.38
-264.127	98.5148	3.38
-264.127	92.7917	3.38

#	Triangle	6
3	4	7	0	4	3
0	5	4	1	5	0
1	6	5	2	6	1
2	7	6	3	7	2
3	1	0	2	1	3
4	6	7	5	6	4

#	Normal	6
-0	-1	-0
1	-0	-0
-0	1	-0
-1	-0	0
-0	-0	-1
-0	-0	1

#	Mesh	0	End


COMPONENTFINISH

COMPONENT 11799=IfcWallStandardCase
#	Mesh	0	Begin

#	Vertex	8
82.8229	-104.814	-16.885
74.1261	-105.518	-16.885
74.1423	-105.718	-16.885
82.839	-105.014	-16.885
82.8229	-104.814	-11.386
74.1261	-105.518	-11.386
74.1423	-105.718	-11.386
82.839	-105.014	-11.386

#	Triangle	6
3	4	7	0	4	3
0	5	4	1	5	0
1	6	5	2	6	1
2	7	6	3	7	2
3	1	0	2	1	3
4	6	7	5	6	4

#	Normal	6
0.996738	0.0807047	-0
-0.0807026	0.996738	-0
-0.996738	-0.0807047	0
0.0807026	-0.996738	-0
-0	-0	-1
-0	0	1

#	Mesh	0	End


COMPONENTFINISH

COMPONENT 11800=IfcWallStandardCase
#	TMesh	11737=IfcWallStandardCase
1	0	0	0	0	1	0	0	0	0	1	0	4.30002	0	2.98023e-008	1

COMPONENTFINISH

COMPONENT 11863=IfcWallStandardCase
#	Mesh	0	Begin

#	Vertex	16
-261.827	100.519	-2.42
-261.827	100.519	3.38
-261.827	100.719	3.38
-261.827	100.719	-2.42
-268.327	100.719	3.38
-268.327	100.719	-2.42
-266.012	100.719	-0.17
-265.012	100.719	-0.17
-265.012	100.719	-2.27
-266.012	100.719	-2.27
-268.327	100.519	3.38
-268.327	100.519	-2.42
-265.012	100.519	-0.17
-266.012	100.519	-0.17
-266.012	100.519	-2.27
-265.012	100.519	-2.27

#	Triangle	6
0	2	1	3	2	0	9	13	14	6	13	9
4	9	5	9	3	5	9	8	3	8	2	3	4	6	9	7	2	8	4	7	6	4	2	7
5	10	4	11	10	5	7	15	12	8	15	7
1	15	0	15	11	0	15	14	11	14	10	11	1	12	15	13	10	14	1	13	12	1	10	13
0	5	3	11	5	0	6	12	13	7	12	6
2	10	1	4	10	2	8	14	15	9	14	8

#	Normal	6
1	-0	-0
-0	1	-0
-1	-0	0
-0	-1	-0
-0	0	-1
0	0	1

#	Mesh	0	End


COMPONENTFINISH

COMPONENT 11949=IfcWallStandardCase
#	Mesh	0	Begin

#	Vertex	16
-261.827	114.169	-2.42
-261.827	114.169	2.58
-262.027	114.169	2.58
-262.027	114.169	-2.42
-262.027	100.719	2.58
-262.027	100.719	-2.42
-262.027	110.364	-0.07
-262.027	111.864	-0.07
-262.027	111.864	-2.27
-262.027	110.364	-2.27
-261.827	100.719	2.58
-261.827	100.719	-2.42
-261.827	111.864	-0.07
-261.827	110.364	-0.07
-261.827	110.364	-2.27
-261.827	111.864	-2.27

#	Triangle	6
0	2	1	3	2	0	13	9	6	14	9	13
4	9	5	9	3	5	9	8	3	8	2	3	4	6	9	7	2	8	4	7	6	4	2	7
5	10	4	11	10	5	15	7	8	12	7	15
1	15	0	15	11	0	15	14	11	14	10	11	1	12	15	13	10	14	1	13	12	1	10	13
0	5	3	11	5	0	12	6	7	13	6	12
2	10	1	4	10	2	14	8	9	15	8	14

#	Normal	6
-0	1	-0
-1	0	-0
-0	-1	-0
1	0	0
-0	-0	-1
-0	-0	1

#	Mesh	0	End


COMPONENTFINISH

COMPONENT 12029=IfcWallStandardCase
#	Mesh	0	Begin

#	Vertex	8
-266.378	114.169	-2.42
-266.378	113.969	-2.42
-262.027	113.969	-2.42
-262.027	114.169	-2.42
-266.378	113.969	2.58
-266.378	114.169	2.58
-262.027	114.169	2.58
-262.027	113.969	2.58

#	Triangle	6
0	4	5	1	4	0
1	7	4	2	7	1
2	6	7	3	6	2
3	5	6	0	5	3
0	2	1	3	2	0
4	6	5	7	6	4

#	Normal	6
-1	-0	0
-0	-1	-0
1	-0	-0
-0	1	-0
0	-0	-1
-0	-0	1

#	Mesh	0	End


COMPONENTFINISH

COMPONENT 12059=IfcWallStandardCase
#	Mesh	0	Begin

#	Vertex	8
79.2405	-69.1862	-16.885
73.0413	-69.6882	-16.885
73.0574	-69.8875	-16.885
79.2566	-69.3856	-16.885
79.2405	-69.1862	-11.386
73.0413	-69.6882	-11.386
73.0574	-69.8875	-11.386
79.2566	-69.3856	-11.386

#	Triangle	6
3	4	7	0	4	3
0	5	4	1	5	0
1	6	5	2	6	1
2	7	6	3	7	2
3	1	0	2	1	3
4	6	7	5	6	4

#	Normal	6
0.996738	0.0807047	-0
-0.0807027	0.996738	-0
-0.996738	-0.0807047	0
0.0807027	-0.996738	-0
-0	-0	-1
-0	0	1

#	Mesh	0	End


COMPONENTFINISH

COMPONENT 12072=IfcBeam
#	Mesh	0	Begin

#	Vertex	10
-295.948	99.5969	-10.07
-303.797	101.41	-10.07
-303.638	102.81	-10.07
-295.633	100.961	-10.07
-303.638	102.81	-11.47
-295.633	100.961	-11.47
-303.797	101.41	-11.47
-295.948	99.5969	-11.47
-295.681	100.972	-11.47
-295.681	100.972	-10.07

#	Triangle	6
0	2	1	9	2	0
9	4	2	8	4	9
8	6	4	7	6	8
1	7	0	6	7	1
6	2	4	1	2	6
8	0	7	9	0	8

#	Normal	6
-0	-0	1
0.225029	0.974352	0
-0	-0	-1
-0.225029	-0.974352	-0
-0.993568	0.11324	-0
0.981621	-0.190843	-0

#	Mesh	0	End


COMPONENTFINISH

COMPONENT 12113=IfcWallStandardCase
#	Mesh	0	Begin

#	Vertex	8
-259.827	112.469	-2.42
-259.627	112.469	-2.42
-259.627	118.069	-2.42
-259.827	118.069	-2.42
-259.627	112.469	2.58
-259.827	112.469	2.58
-259.827	118.069	2.58
-259.627	118.069	2.58

#	Triangle	6
0	4	5	1	4	0
1	7	4	2	7	1
2	6	7	3	6	2
3	5	6	0	5	3
0	2	1	3	2	0
4	6	5	7	6	4

#	Normal	6
-0	-1	-0
1	-0	-0
-0	1	-0
-1	-0	0
-0	-0	-1
-0	-0	1

#	Mesh	0	End


COMPONENTFINISH

COMPONENT 12189=IfcWallStandardCase
#	Mesh	0	Begin

#	Vertex	8
73.1112	-42.7946	-16.885
73.6681	-49.6727	-16.885
73.8674	-49.6565	-16.885
73.3105	-42.7785	-16.885
73.1112	-42.7946	-11.386
73.6681	-49.6727	-11.386
73.8674	-49.6565	-11.386
73.3105	-42.7785	-11.386

#	Triangle	6
3	4	7	0	4	3
0	5	4	1	5	0
1	6	5	2	6	1
2	7	6	3	7	2
3	1	0	2	1	3
4	6	7	5	6	4

#	Normal	6
-0.0806853	0.99674	-0
-0.996739	-0.0806986	0
0.0807015	-0.996738	-0
0.996738	0.0806998	-0
-0	-0	-1
-0	-0	1

#	Mesh	0	End


COMPONENTFINISH

COMPONENT 12193=IfcWallStandardCase
#	Mesh	0	Begin

#	Vertex	16
-261.827	112.669	-2.42
-261.827	112.669	2.58
-261.827	112.469	2.58
-261.827	112.469	-2.42
-259.827	112.469	2.58
-259.827	112.469	-2.42
-260.022	112.469	-0.17
-261.522	112.469	-0.17
-261.522	112.469	-2.27
-260.022	112.469	-2.27
-259.827	112.669	2.58
-259.827	112.669	-2.42
-261.522	112.669	-0.17
-260.022	112.669	-0.17
-260.022	112.669	-2.27
-261.522	112.669	-2.27

#	Triangle	6
0	2	1	3	2	0	9	13	14	6	13	9
4	9	5	9	3	5	9	8	3	8	2	3	4	6	9	7	2	8	4	7	6	4	2	7
5	10	4	11	10	5	7	15	12	8	15	7
1	15	0	15	11	0	15	14	11	14	10	11	1	12	15	13	10	14	1	13	12	1	10	13
0	5	3	11	5	0	6	12	13	7	12	6
2	10	1	4	10	2	8	14	15	9	14	8

#	Normal	6
-1	-0	0
-0	-1	-0
1	-0	-0
-0	1	-0
0	-0	-1
-0	-0	1

#	Mesh	0	End


COMPONENTFINISH

COMPONENT 12291=IfcWallStandardCase
#	Mesh	0	Begin

#	Vertex	56
-233.527	112.469	-2.42
-233.527	112.469	2.58
-233.527	112.669	2.58
-233.527	112.669	-2.42
-259.627	112.669	2.58
-259.627	112.669	-2.42
-259.132	112.669	-0.17
-257.932	112.669	-0.17
-257.932	112.669	-2.27
-259.132	112.669	-2.27
-250.732	112.669	-0.17
-249.232	112.669	-0.17
-249.232	112.669	-2.27
-250.732	112.669	-2.27
-252.322	112.669	-0.17
-251.322	112.669	-0.17
-251.322	112.669	-2.27
-252.322	112.669	-2.27
-243.572	112.669	-0.17
-242.572	112.669	-0.17
-242.572	112.669	-2.27
-243.572	112.669	-2.27
-239.371	112.669	-0.17
-238.371	112.669	-0.17
-238.371	112.669	-2.27
-239.371	112.669	-2.27
-237.781	112.669	-0.17
-236.781	112.669	-0.17
-236.781	112.669	-2.27
-237.781	112.669	-2.27
-259.627	112.469	2.58
-259.627	112.469	-2.42
-257.932	112.469	-0.17
-259.132	112.469	-0.17
-259.132	112.469	-2.27
-257.932	112.469	-2.27
-249.232	112.469	-0.17
-250.732	112.469	-0.17
-250.732	112.469	-2.27
-249.232	112.469	-2.27
-251.322	112.469	-0.17
-252.322	112.469	-0.17
-252.322	112.469	-2.27
-251.322	112.469	-2.27
-242.572	112.469	-0.17
-243.572	112.469	-0.17
-243.572	112.469	-2.27
-242.572	112.469	-2.27
-238.371	112.469	-0.17
-239.371	112.469	-0.17
-239.371	112.469	-2.27
-238.371	112.469	-2.27
-236.781	112.469	-0.17
-237.781	112.469	-0.17
-237.781	112.469	-2.27
-236.781	112.469	-2.27

#	Triangle	6
0	2	1	3	2	0	9	33	34	6	33	9	13	37	38	10	37	13	41	17	14	42	17	41	45	21	18	46	21	45	49	25	22	50	25	49	53	29	26	54	29	53
4	9	5	9	3	5	9	8	3	8	17	3	17	16	3	16	13	3	13	12	3	12	21	3	21	20	3	20	25	3	25	24	3	24	29	3	29	28	3	28	2	3	4	6	9	7	17	8	7	14	17	15	13	16	15	10	13	11	21	12	11	18	21	19	25	20	19	22	25	23	29	24	23	26	29	27	2	28	4	7	6	4	14	7	4	15	14	4	10	15	4	11	10	4	18	11	4	19	18	4	22	19	4	23	22	4	26	23	4	27	26	4	2	27
5	30	4	31	30	5	7	35	32	8	35	7	11	39	36	12	39	11	43	15	16	40	15	43	47	19	20	44	19	47	51	23	24	48	23	51	55	27	28	52	27	55
1	55	0	55	31	0	55	54	31	54	51	31	51	50	31	50	47	31	47	46	31	46	39	31	39	38	31	38	43	31	43	42	31	42	35	31	35	34	31	34	30	31	1	52	55	53	51	54	53	48	51	49	47	50	49	44	47	45	39	46	45	36	39	37	43	38	37	40	43	41	35	42	41	32	35	33	30	34	1	53	52	1	48	53	1	49	48	1	44	49	1	45	44	1	36	45	1	37	36	1	40	37	1	41	40	1	32	41	1	33	32	1	30	33
0	5	3	31	5	0	6	32	33	7	32	6	10	36	37	11	36	10	40	14	15	41	14	40	44	18	19	45	18	44	48	22	23	49	22	48	52	26	27	53	26	52
2	30	1	4	30	2	8	34	35	9	34	8	12	38	39	13	38	12	42	16	17	43	16	42	46	20	21	47	20	46	50	24	25	51	24	50	54	28	29	55	28	54

#	Normal	6
1	-0	-0
-0	1	-0
-1	-0	0
-0	-1	-0
-0	0	-1
0	0	1

#	Mesh	0	End


COMPONENTFINISH

COMPONENT 12338=IfcBeam
#	Mesh	0	Begin

#	Vertex	8
-304.779	106.51	-10.69
-304.779	106.51	-12.09
-304.779	105.11	-12.09
-304.779	105.11	-10.69
-320.719	106.51	-10.69
-320.719	106.51	-12.09
-320.719	105.11	-12.09
-320.719	105.11	-10.69

#	Triangle	6
3	4	7	0	4	3
0	5	4	1	5	0
1	6	5	2	6	1
2	7	6	3	7	2
3	1	0	2	1	3
4	6	7	5	6	4

#	Normal	6
-0	-0	1
0	1	0
-0	-0	-1
-0	-1	0
1	-0	-0
-1	-0	-0

#	Mesh	0	End


COMPONENTFINISH

COMPONENT 12379=IfcWallStandardCase
#	TMesh	11643=IfcWallStandardCase
1.03584	-4.67292e-010	0.0838667	0	0.0838667	-3.44315e-010	-1.03584	0	4.93554e-010	1.03923	-3.05481e-010	0	-305.146	130.211	-128.583	1

COMPONENTFINISH

COMPONENT 12459=IfcWallStandardCase
#	TMesh	11643=IfcWallStandardCase
-1.03584	-5.92821e-010	0.0838667	0	-0.0838667	2.58483e-010	-1.03584	0	5.70027e-010	-1.03923	-3.05481e-010	0	-166.558	100.527	-128.583	1

COMPONENTFINISH

COMPONENT 12539=IfcWallStandardCase
#	TMesh	11643=IfcWallStandardCase
-1.03584	-5.92819e-010	0.0838664	0	-0.0838664	2.58482e-010	-1.03584	0	5.70025e-010	-1.03923	-3.0548e-010	0	-170.758	100.528	-128.583	1

COMPONENTFINISH

COMPONENT 12590=IfcWallStandardCase
#	Mesh	0	Begin

#	Vertex	8
93.1222	-47.2409	-16.885
96.9089	-46.9344	-16.885
96.8928	-46.735	-16.885
93.106	-47.0416	-16.885
93.1222	-47.2409	-11.386
96.9089	-46.9344	-11.386
96.8928	-46.735	-11.386
93.106	-47.0416	-11.386

#	Triangle	6
3	4	7	0	4	3
0	5	4	1	5	0
1	6	5	2	6	1
2	7	6	3	7	2
3	1	0	2	1	3
4	6	7	5	6	4

#	Normal	6
-0.996741	-0.0806643	0
0.0806988	-0.996739	-0
0.996738	0.0807031	-0
-0.0806989	0.996739	-0
0	-0	-1
-0	-0	1

#	Mesh	0	End


COMPONENTFINISH

COMPONENT 12623=IfcWallStandardCase
#	TMesh	11643=IfcWallStandardCase
-1.03584	-5.92821e-010	0.0838667	0	-0.0838667	2.58483e-010	-1.03584	0	5.70027e-010	-1.03923	-3.05481e-010	0	-175.508	100.527	-128.583	1

COMPONENTFINISH

COMPONENT 12711=IfcWallStandardCase
#	Mesh	0	Begin

#	Vertex	16
-251.127	114.869	-2.42
-251.127	114.869	2.58
-251.127	114.669	2.58
-251.127	114.669	-2.42
-247.127	114.669	2.58
-247.127	114.669	-2.42
-248.432	114.669	-0.17
-249.932	114.669	-0.17
-249.932	114.669	-2.27
-248.432	114.669	-2.27
-247.127	114.869	2.58
-247.127	114.869	-2.42
-249.932	114.869	-0.17
-248.432	114.869	-0.17
-248.432	114.869	-2.27
-249.932	114.869	-2.27

#	Triangle	6
0	2	1	3	2	0	13	9	6	14	9	13
4	9	5	9	3	5	9	8	3	8	2	3	4	6	9	7	2	8	4	7	6	4	2	7
5	10	4	11	10	5	15	7	8	12	7	15
1	15	0	15	11	0	15	14	11	14	10	11	1	12	15	13	10	14	1	13	12	1	10	13
0	5	3	11	5	0	12	6	7	13	6	12
2	10	1	4	10	2	14	8	9	15	8	14

#	Normal	6
-1	-0	0
-0	-1	-0
1	-0	-0
-0	1	-0
0	-0	-1
-0	-0	1

#	Mesh	0	End


COMPONENTFINISH

COMPONENT 12793=IfcWallStandardCase
#	TMesh	109675=IfcWallStandardCase
-0.0573253	0.708104	0	0	0.708104	0.0573253	0	0	0	0	-0.710421	0	-183.37	47.6599	3.04245	1

COMPONENTFINISH

COMPONENT 12877=IfcWallStandardCase
#	Mesh	0	Begin

#	Vertex	8
-251.127	112.669	-3.11347
-250.927	112.669	-3.11347
-250.927	114.476	-3.11347
-251.127	114.476	-3.11347
-250.927	112.669	2.58
-251.127	112.669	2.58
-251.127	114.476	2.58
-250.927	114.476	2.58

#	Triangle	6
0	4	5	1	4	0
1	7	4	2	7	1
2	6	7	3	6	2
3	5	6	0	5	3
0	2	1	3	2	0
4	6	5	7	6	4

#	Normal	6
-0	-1	-0
1	-0	-0
-0	1	-0
-1	-0	0
-0	-0	-1
-0	-0	1

#	Mesh	0	End


COMPONENTFINISH

COMPONENT 12963=IfcWallStandardCase
#	TMesh	12113=IfcWallStandardCase
1	-9.51543e-010	0	0	9.51543e-010	1	0	0	0	0	1	0	28.3	0	0	1

COMPONENTFINISH

COMPONENT 1301=IfcBeam
#	Mesh	0	Begin

#	Vertex	8
-69.3178	105.215	-10.07
-69.3178	105.215	-11.47
-69.3178	106.615	-11.47
-69.3178	106.615	-10.07
-52.1178	105.215	-10.07
-52.1178	105.215	-11.47
-52.1178	106.615	-11.47
-52.1178	106.615	-10.07

#	Triangle	6
3	4	7	0	4	3
0	5	4	1	5	0
1	6	5	2	6	1
2	7	6	3	7	2
3	1	0	2	1	3
4	6	7	5	6	4

#	Normal	6
-0	-0	1
0	-1	-0
-0	-0	-1
-0	1	-0
-1	-0	-0
1	-0	-0

#	Mesh	0	End


COMPONENTFINISH

COMPONENT 13051=IfcWallStandardCase
#	Mesh	0	Begin

#	Vertex	32
-206.407	112.469	-2.42
-206.407	112.469	2.58
-206.407	112.669	2.58
-206.407	112.669	-2.42
-231.327	112.669	2.58
-231.327	112.669	-2.42
-226.222	112.669	-0.17
-225.222	112.669	-0.17
-225.222	112.669	-2.27
-226.222	112.669	-2.27
-218.132	112.669	-0.17
-217.132	112.669	-0.17
-217.132	112.669	-2.27
-218.132	112.669	-2.27
-219.722	112.669	-0.17
-218.722	112.669	-0.17
-218.722	112.669	-2.27
-219.722	112.669	-2.27
-231.327	112.469	2.58
-231.327	112.469	-2.42
-225.222	112.469	-0.17
-226.222	112.469	-0.17
-226.222	112.469	-2.27
-225.222	112.469	-2.27
-217.132	112.469	-0.17
-218.132	112.469	-0.17
-218.132	112.469	-2.27
-217.132	112.469	-2.27
-218.722	112.469	-0.17
-219.722	112.469	-0.17
-219.722	112.469	-2.27
-218.722	112.469	-2.27

#	Triangle	6
0	2	1	3	2	0	21	9	6	22	9	21	25	13	10	26	13	25	17	29	30	14	29	17
4	9	5	9	3	5	9	8	3	8	17	3	17	16	3	16	13	3	13	12	3	12	2	3	4	6	9	7	17	8	7	14	17	15	13	16	15	10	13	11	2	12	4	7	6	4	14	7	4	15	14	4	10	15	4	11	10	4	2	11
5	18	4	19	18	5	23	7	8	20	7	23	27	11	12	24	11	27	15	31	28	16	31	15
1	27	0	27	19	0	27	26	19	26	31	19	31	30	19	30	23	19	23	22	19	22	18	19	1	24	27	25	31	26	25	28	31	29	23	30	29	20	23	21	18	22	1	25	24	1	28	25	1	29	28	1	20	29	1	21	20	1	18	21
0	5	3	19	5	0	20	6	7	21	6	20	24	10	11	25	10	24	14	28	29	15	28	14
2	18	1	4	18	2	22	8	9	23	8	22	26	12	13	27	12	26	16	30	31	17	30	16

#	Normal	6
1	-0	-0
-0	1	-0
-1	-0	0
-0	-1	-0
-0	0	-1
0	0	1

#	Mesh	0	End


COMPONENTFINISH

COMPONENT 13114=IfcWallStandardCase
#	Mesh	0	Begin

#	Vertex	24
-206.207	114.269	-2.42
-206.207	114.269	3.38
-206.407	114.269	3.38
-206.407	114.269	-2.42
-206.407	110.469	3.38
-206.407	110.469	-2.42
-206.407	110.624	-0.17
-206.407	112.124	-0.17
-206.407	112.124	-2.27
-206.407	110.624	-2.27
-206.407	112.869	-0.17
-206.407	113.869	-0.17
-206.407	113.869	-2.27
-206.407	112.869	-2.27
-206.207	110.469	3.38
-206.207	110.469	-2.42
-206.207	112.124	-0.17
-206.207	110.624	-0.17
-206.207	110.624	-2.27
-206.207	112.124	-2.27
-206.207	113.869	-0.17
-206.207	112.869	-0.17
-206.207	112.869	-2.27
-206.207	113.869	-2.27

#	Triangle	6
0	2	1	3	2	0	9	17	18	6	17	9	13	21	22	10	21	13
4	9	5	9	3	5	9	8	3	8	13	3	13	12	3	12	2	3	4	6	9	7	13	8	7	10	13	11	2	12	4	7	6	4	10	7	4	11	10	4	2	11
5	14	4	15	14	5	7	19	16	8	19	7	11	23	20	12	23	11
1	23	0	23	15	0	23	22	15	22	19	15	19	18	15	18	14	15	1	20	23	21	19	22	21	16	19	17	14	18	1	21	20	1	16	21	1	17	16	1	14	17
0	5	3	15	5	0	6	16	17	7	16	6	10	20	21	11	20	10
2	14	1	4	14	2	8	18	19	9	18	8	12	22	23	13	22	12

#	Normal	6
-0	1	-0
-1	0	-0
-0	-1	-0
1	0	0
-0	-0	-1
-0	-0	1

#	Mesh	0	End


COMPONENTFINISH

COMPONENT 13177=IfcWallStandardCase
#	Mesh	0	Begin

#	Vertex	8
-205.026	114.269	-2.42
-206.207	114.269	-2.42
-206.207	114.069	-2.42
-205.026	114.069	-2.42
-205.026	114.269	3.38
-206.207	114.269	3.38
-206.207	114.069	3.38
-205.026	114.069	3.38

#	Triangle	6
3	4	7	0	4	3
0	5	4	1	5	0
1	6	5	2	6	1
2	7	6	3	7	2
3	1	0	2	1	3
4	6	7	5	6	4

#	Normal	6
1	-0	-0
-0	1	-0
-1	-0	0
-0	-1	-0
-0	0	-1
0	0	1

#	Mesh	0	End


COMPONENTFINISH

COMPONENT 13240=IfcWallStandardCase
#	Mesh	0	Begin

#	Vertex	16
-205.026	118.069	-2.42
-205.026	118.069	3.38
-205.226	118.069	3.38
-205.226	118.069	-2.42
-205.226	114.269	3.38
-205.226	114.269	-2.42
-205.226	114.869	0.13
-205.226	115.869	0.13
-205.226	115.869	-1.37
-205.226	114.869	-1.37
-205.026	114.269	3.38
-205.026	114.269	-2.42
-205.026	115.869	0.13
-205.026	114.869	0.13
-205.026	114.869	-1.37
-205.026	115.869	-1.37

#	Triangle	6
0	2	1	3	2	0	13	9	6	14	9	13
4	9	5	9	3	5	9	8	3	8	2	3	4	6	9	7	2	8	4	7	6	4	2	7
5	10	4	11	10	5	15	7	8	12	7	15
1	15	0	15	11	0	15	14	11	14	10	11	1	12	15	13	10	14	1	13	12	1	10	13
0	5	3	11	5	0	12	6	7	13	6	12
2	10	1	4	10	2	14	8	9	15	8	14

#	Normal	6
-0	1	-0
-1	0	-0
-0	-1	-0
1	0	0
-0	-0	-1
-0	-0	1

#	Mesh	0	End


COMPONENTFINISH

COMPONENT 13320=IfcWallStandardCase
#	Mesh	0	Begin

#	Vertex	8
-264.827	100.719	-2.42
-264.627	100.719	-2.42
-264.627	109.419	-2.42
-264.827	109.419	-2.42
-264.627	100.719	2.58
-264.827	100.719	2.58
-264.827	109.419	2.58
-264.627	109.419	2.58

#	Triangle	6
0	4	5	1	4	0
1	7	4	2	7	1
2	6	7	3	6	2
3	5	6	0	5	3
0	2	1	3	2	0
4	6	5	7	6	4

#	Normal	6
-0	-1	-0
1	-0	-0
-0	1	-0
-1	-0	0
-0	-0	-1
-0	-0	1

#	Mesh	0	End


COMPONENTFINISH

COMPONENT 13406=IfcWallStandardCase
#	TMesh	10392=IfcWallStandardCase
-0.910367	-0.0737081	0	0	-0.0737081	0.910367	0	0	0	0	0.913346	0	-194.131	146.453	12.9906	1

COMPONENTFINISH

COMPONENT 13469=IfcWallStandardCase
#	Mesh	0	Begin

#	Vertex	32
-243.632	102.099	-2.42
-243.632	102.099	3.38
-243.632	102.299	3.38
-243.632	102.299	-2.42
-259.627	102.299	3.38
-259.627	102.299	-2.42
-256.322	102.299	-0.17
-255.322	102.299	-0.17
-255.322	102.299	-2.27
-256.322	102.299	-2.27
-253.322	102.299	-0.17
-252.322	102.299	-0.17
-252.322	102.299	-2.27
-253.322	102.299	-2.27
-251.732	102.299	-0.17
-250.732	102.299	-0.17
-250.732	102.299	-2.27
-251.732	102.299	-2.27
-259.627	102.099	3.38
-259.627	102.099	-2.42
-255.322	102.099	-0.17
-256.322	102.099	-0.17
-256.322	102.099	-2.27
-255.322	102.099	-2.27
-252.322	102.099	-0.17
-253.322	102.099	-0.17
-253.322	102.099	-2.27
-252.322	102.099	-2.27
-250.732	102.099	-0.17
-251.732	102.099	-0.17
-251.732	102.099	-2.27
-250.732	102.099	-2.27

#	Triangle	6
0	2	1	3	2	0	21	9	6	22	9	21	25	13	10	26	13	25	29	17	14	30	17	29
4	9	5	9	3	5	9	8	3	8	13	3	13	12	3	12	17	3	17	16	3	16	2	3	4	6	9	7	13	8	7	10	13	11	17	12	11	14	17	15	2	16	4	7	6	4	10	7	4	11	10	4	14	11	4	15	14	4	2	15
5	18	4	19	18	5	23	7	8	20	7	23	27	11	12	24	11	27	31	15	16	28	15	31
1	31	0	31	19	0	31	30	19	30	27	19	27	26	19	26	23	19	23	22	19	22	18	19	1	28	31	29	27	30	29	24	27	25	23	26	25	20	23	21	18	22	1	29	28	1	24	29	1	25	24	1	20	25	1	21	20	1	18	21
0	5	3	19	5	0	20	6	7	21	6	20	24	10	11	25	10	24	28	14	15	29	14	28
2	18	1	4	18	2	22	8	9	23	8	22	26	12	13	27	12	26	30	16	17	31	16	30

#	Normal	6
1	-0	-0
-0	1	-0
-1	-0	0
-0	-1	-0
-0	0	-1
0	0	1

#	Mesh	0	End


COMPONENTFINISH

COMPONENT 13532=IfcWallStandardCase
#	Mesh	0	Begin

#	Vertex	8
-230.027	106.919	-2.42
-230.027	102.309	-2.42
-229.827	102.309	-2.42
-229.827	106.919	-2.42
-230.027	106.919	3.38
-230.027	102.309	3.38
-229.827	102.309	3.38
-229.827	106.919	3.38

#	Triangle	6
3	4	7	0	4	3
0	5	4	1	5	0
1	6	5	2	6	1
2	7	6	3	7	2
3	1	0	2	1	3
4	6	7	5	6	4

#	Normal	6
-0	1	-0
-1	-0	0
-0	-1	-0
1	-0	-0
-0	-0	-1
-0	-0	1

#	Mesh	0	End


COMPONENTFINISH

COMPONENT 13595=IfcWallStandardCase
#	Mesh	0	Begin

#	Vertex	8
-224.027	107.119	-2.42
-233.527	107.119	-2.42
-233.527	106.919	-2.42
-224.027	106.919	-2.42
-224.027	107.119	3.38
-233.527	107.119	3.38
-233.527	106.919	3.38
-224.027	106.919	3.38

#	Triangle	6
3	4	7	0	4	3
0	5	4	1	5	0
1	6	5	2	6	1
2	7	6	3	7	2
3	1	0	2	1	3
4	6	7	5	6	4

#	Normal	6
1	-0	-0
-0	1	-0
-1	-0	0
-0	-1	-0
-0	0	-1
0	0	1

#	Mesh	0	End


COMPONENTFINISH

COMPONENT 13675=IfcWallStandardCase
#	TMesh	11643=IfcWallStandardCase
0.956345	0.0774303	5.47324e-010	0	0.0774303	-0.956345	-2.38645e-010	0	-5.2628e-010	-2.82036e-010	0.959475	0	-293.758	-14.1697	13.7825	1

COMPONENTFINISH

COMPONENT 13738=IfcWallStandardCase
#	TMesh	11485=IfcWallStandardCase
1	1.06147e-006	1.11312e-005	0	-1.06145e-006	1	-1.91071e-006	0	-1.11312e-005	1.9107e-006	1	0	22.8003	3.00039	0.00299966	1

COMPONENTFINISH

COMPONENT 13801=IfcWallStandardCase
#	Mesh	0	Begin

#	Vertex	8
-228.127	102.119	-2.42
-228.127	102.619	-2.42
-228.327	102.619	-2.42
-228.327	102.119	-2.42
-228.127	102.119	3.38
-228.127	102.619	3.38
-228.327	102.619	3.38
-228.327	102.119	3.38

#	Triangle	6
3	4	7	0	4	3
0	5	4	1	5	0
1	6	5	2	6	1
2	7	6	3	7	2
3	1	0	2	1	3
4	6	7	5	6	4

#	Normal	6
-0	-1	-0
1	-0	-0
-0	1	-0
-1	-0	0
-0	-0	-1
-0	-0	1

#	Mesh	0	End


COMPONENTFINISH

COMPONENT 13864=IfcWallStandardCase
#	TMesh	10576=IfcWallStandardCase
1	-1.30256e-009	0	0	-1.30256e-009	-1	0	0	0	0	1	0	68.7	204.188	0	1

COMPONENTFINISH

COMPONENT 13927=IfcWallStandardCase
#	Mesh	0	Begin

#	Vertex	8
-225.927	102.619	-2.42
-225.927	102.319	-2.42
-225.727	102.319	-2.42
-225.727	102.619	-2.42
-225.927	102.619	3.38
-225.927	102.319	3.38
-225.727	102.319	3.38
-225.727	102.619	3.38

#	Triangle	6
3	4	7	0	4	3
0	5	4	1	5	0
1	6	5	2	6	1
2	7	6	3	7	2
3	1	0	2	1	3
4	6	7	5	6	4

#	Normal	6
-0	1	-0
-1	-0	0
-0	-1	-0
1	-0	-0
-0	-0	-1
-0	-0	1

#	Mesh	0	End


COMPONENTFINISH

COMPONENT 13985=IfcWallStandardCase
#	Mesh	0	Begin

#	Vertex	8
94.4135	-117.479	-16.885
94.8621	-121.452	-11.8639
94.8621	-121.452	-16.885
95.0616	-121.436	-11.8639
95.0616	-121.436	-16.885
94.6122	-117.456	-11.8559
94.6122	-117.456	-16.885
94.4135	-117.479	-11.8559

#	Triangle	7
7	2	1	0	2	7
1	4	3	2	4	1
3	6	5	4	6	3
5	0	7	6	0	5
0	4	2	6	4	0
5	1	3
7	1	5

#	Normal	7
-0.993687	-0.112191	-0
0.0807026	-0.996738	-0
0.993687	0.112191	0
-0.112189	0.993687	-0
0	-0	-1
0.000161592	-0.00199579	0.999998
0.000161449	-0.0019958	0.999998

#	Mesh	0	End


COMPONENTFINISH

COMPONENT 13990=IfcWallStandardCase
#	TMesh	11485=IfcWallStandardCase
-1	1.06067e-006	-3.98606e-006	0	1.06068e-006	1	-1.91072e-006	0	-3.98606e-006	1.91072e-006	1	0	-476.854	3.00048	-0.000811338	1

COMPONENTFINISH

COMPONENT 14053=IfcWallStandardCase
#	Mesh	0	Begin

#	Vertex	8
-224.027	102.119	-2.42
-224.027	106.319	-2.42
-224.227	106.319	-2.42
-224.227	102.119	-2.42
-224.027	102.119	3.38
-224.027	106.319	3.38
-224.227	106.319	3.38
-224.227	102.119	3.38

#	Triangle	6
3	4	7	0	4	3
0	5	4	1	5	0
1	6	5	2	6	1
2	7	6	3	7	2
3	1	0	2	1	3
4	6	7	5	6	4

#	Normal	6
-0	-1	-0
1	-0	-0
-0	1	-0
-1	-0	0
-0	-0	-1
-0	-0	1

#	Mesh	0	End


COMPONENTFINISH

COMPONENT 14116=IfcWallStandardCase
#	Mesh	0	Begin

#	Vertex	16
-217.927	102.119	-2.42
-217.927	102.119	3.38
-217.927	102.319	3.38
-217.927	102.319	-2.42
-224.027	102.319	3.38
-224.027	102.319	-2.42
-219.522	102.319	-0.17
-218.322	102.319	-0.17
-218.322	102.319	-2.27
-219.522	102.319	-2.27
-224.027	102.119	3.38
-224.027	102.119	-2.42
-218.322	102.119	-0.17
-219.522	102.119	-0.17
-219.522	102.119	-2.27
-218.322	102.119	-2.27

#	Triangle	6
0	2	1	3	2	0	9	13	14	6	13	9
4	9	5	9	3	5	9	8	3	8	2	3	4	6	9	7	2	8	4	7	6	4	2	7
5	10	4	11	10	5	7	15	12	8	15	7
1	15	0	15	11	0	15	14	11	14	10	11	1	12	15	13	10	14	1	13	12	1	10	13
0	5	3	11	5	0	6	12	13	7	12	6
2	10	1	4	10	2	8	14	15	9	14	8

#	Normal	6
1	-0	-0
-0	1	-0
-1	-0	0
-0	-1	-0
-0	0	-1
0	0	1

#	Mesh	0	End


COMPONENTFINISH

COMPONENT 14198=IfcWallStandardCase
#	Mesh	0	Begin

#	Vertex	8
-217.927	110.469	-2.42
-218.127	110.469	-2.42
-218.127	102.319	-2.42
-217.927	102.319	-2.42
-218.127	110.469	2.58
-217.927	110.469	2.58
-217.927	102.319	2.58
-218.127	102.319	2.58

#	Triangle	6
0	4	5	1	4	0
1	7	4	2	7	1
2	6	7	3	6	2
3	5	6	0	5	3
0	2	1	3	2	0
4	6	5	7	6	4

#	Normal	6
-0	1	-0
-1	-0	0
-0	-1	-0
1	-0	-0
-0	-0	-1
-0	-0	1

#	Mesh	0	End


COMPONENTFINISH

COMPONENT 14280=IfcWallStandardCase
#	Mesh	0	Begin

#	Vertex	24
-233.727	110.469	-2.42
-233.727	110.469	2.58
-233.727	110.269	2.58
-233.727	110.269	-2.42
-218.127	110.269	2.58
-218.127	110.269	-2.42
-218.322	110.269	-0.17
-219.322	110.269	-0.17
-219.322	110.269	-2.27
-218.322	110.269	-2.27
-224.422	110.269	-0.17
-225.522	110.269	-0.17
-225.522	110.269	-2.27
-224.422	110.269	-2.27
-218.127	110.469	2.58
-218.127	110.469	-2.42
-219.322	110.469	-0.17
-218.322	110.469	-0.17
-218.322	110.469	-2.27
-219.322	110.469	-2.27
-225.522	110.469	-0.17
-224.422	110.469	-0.17
-224.422	110.469	-2.27
-225.522	110.469	-2.27

#	Triangle	6
0	2	1	3	2	0	9	17	18	6	17	9	21	13	10	22	13	21
4	9	5	9	3	5	9	8	3	8	13	3	13	12	3	12	2	3	4	6	9	7	13	8	7	10	13	11	2	12	4	7	6	4	10	7	4	11	10	4	2	11
5	14	4	15	14	5	7	19	16	8	19	7	23	11	12	20	11	23
1	23	0	23	15	0	23	22	15	22	19	15	19	18	15	18	14	15	1	20	23	21	19	22	21	16	19	17	14	18	1	21	20	1	16	21	1	17	16	1	14	17
0	5	3	15	5	0	6	16	17	7	16	6	20	10	11	21	10	20
2	14	1	4	14	2	8	18	19	9	18	8	22	12	13	23	12	22

#	Normal	6
-1	-0	0
-0	-1	-0
1	-0	-0
-0	1	-0
0	-0	-1
-0	-0	1

#	Mesh	0	End


COMPONENTFINISH

COMPONENT 14366=IfcWallStandardCase
#	Mesh	0	Begin

#	Vertex	8
-233.727	106.919	-2.42
-233.527	106.919	-2.42
-233.527	110.269	-2.42
-233.727	110.269	-2.42
-233.527	106.919	2.58
-233.727	106.919	2.58
-233.727	110.269	2.58
-233.527	110.269	2.58

#	Triangle	6
0	4	5	1	4	0
1	7	4	2	7	1
2	6	7	3	6	2
3	5	6	0	5	3
0	2	1	3	2	0
4	6	5	7	6	4

#	Normal	6
-0	-1	-0
1	-0	-0
-0	1	-0
-1	-0	0
-0	-0	-1
-0	-0	1

#	Mesh	0	End


COMPONENTFINISH

COMPONENT 14429=IfcWallStandardCase
#	TMesh	12590=IfcWallStandardCase
-0.0851219	1.0515	-3.81245e-011	0	1.0515	0.0851219	-5.23626e-010	0	5.18842e-010	8.0251e-011	1.05494	0	-176.132	8.4136	15.3921	1

COMPONENTFINISH

COMPONENT 14455=IfcWallStandardCase
#	Mesh	0	Begin

#	Vertex	8
89.9965	-66.566	-16.885
90.1383	-68.3182	-16.885
90.3377	-68.302	-16.885
90.1958	-66.5498	-16.885
89.9965	-66.566	-11.386
90.1383	-68.3182	-11.386
90.3377	-68.302	-11.386
90.1958	-66.5498	-11.386

#	Triangle	6
3	4	7	0	4	3
0	5	4	1	5	0
1	6	5	2	6	1
2	7	6	3	7	2
3	1	0	2	1	3
4	6	7	5	6	4

#	Normal	6
-0.0807047	0.996738	-0
-0.996738	-0.0807002	0
0.0807015	-0.996738	-0
0.996738	0.0807047	-0
-0	-0	-1
-0	-0	1

#	Mesh	0	End


COMPONENTFINISH

COMPONENT 14515=IfcWallStandardCase
#	Mesh	0	Begin

#	Vertex	24
-247.927	110.269	-2.42
-247.927	110.269	2.58
-247.927	110.469	2.58
-247.927	110.469	-2.42
-259.627	110.469	2.58
-259.627	110.469	-2.42
-259.432	110.469	-0.17
-258.432	110.469	-0.17
-258.432	110.469	-2.27
-259.432	110.469	-2.27
-254.732	110.469	-0.17
-253.232	110.469	-0.17
-253.232	110.469	-2.27
-254.732	110.469	-2.27
-259.627	110.269	2.58
-259.627	110.269	-2.42
-258.432	110.269	-0.17
-259.432	110.269	-0.17
-259.432	110.269	-2.27
-258.432	110.269	-2.27
-253.232	110.269	-0.17
-254.732	110.269	-0.17
-254.732	110.269	-2.27
-253.232	110.269	-2.27

#	Triangle	6
0	2	1	3	2	0	9	17	18	6	17	9	13	21	22	10	21	13
4	9	5	9	3	5	9	8	3	8	13	3	13	12	3	12	2	3	4	6	9	7	13	8	7	10	13	11	2	12	4	7	6	4	10	7	4	11	10	4	2	11
5	14	4	15	14	5	7	19	16	8	19	7	11	23	20	12	23	11
1	23	0	23	15	0	23	22	15	22	19	15	19	18	15	18	14	15	1	20	23	21	19	22	21	16	19	17	14	18	1	21	20	1	16	21	1	17	16	1	14	17
0	5	3	15	5	0	6	16	17	7	16	6	10	20	21	11	20	10
2	14	1	4	14	2	8	18	19	9	18	8	12	22	23	13	22	12

#	Normal	6
1	-0	-0
-0	1	-0
-1	-0	0
-0	-1	-0
-0	0	-1
0	0	1

#	Mesh	0	End


COMPONENTFINISH

COMPONENT 14585=IfcWallStandardCase
#	Mesh	0	Begin

#	Vertex	8
89.2612	-57.4856	-16.885
89.6856	-62.7284	-16.885
89.885	-62.7122	-16.885
89.4605	-57.4695	-16.885
89.2612	-57.4856	-11.386
89.6856	-62.7284	-11.386
89.885	-62.7122	-11.386
89.4605	-57.4695	-11.386

#	Triangle	6
3	4	7	0	4	3
0	5	4	1	5	0
1	6	5	2	6	1
2	7	6	3	7	2
3	1	0	2	1	3
4	6	7	5	6	4

#	Normal	6
-0.0807015	0.996738	-0
-0.996739	-0.0806989	0
0.0807015	-0.996738	-0
0.996739	0.0806989	-0
-0	-0	-1
-0	-0	1

#	Mesh	0	End


COMPONENTFINISH

COMPONENT 14595=IfcWallStandardCase
#	TMesh	11799=IfcWallStandardCase
-0.0735426	-0.908497	0	0	0.908497	-0.0735426	0	0	0	0	0.911469	0	-133.921	169.849	12.9641	1

COMPONENTFINISH

COMPONENT 14658=IfcWallStandardCase
#	Mesh	0	Begin

#	Vertex	8
-241.427	102.309	-2.42
-241.427	110.269	-2.42
-241.627	110.269	-2.42
-241.627	102.309	-2.42
-241.427	102.309	3.38
-241.427	110.269	3.38
-241.627	110.269	3.38
-241.627	102.309	3.38

#	Triangle	6
3	4	7	0	4	3
0	5	4	1	5	0
1	6	5	2	6	1
2	7	6	3	7	2
3	1	0	2	1	3
4	6	7	5	6	4

#	Normal	6
-0	-1	-0
1	-0	-0
-0	1	-0
-1	-0	0
-0	-0	-1
-0	-0	1

#	Mesh	0	End


COMPONENTFINISH

COMPONENT 14721=IfcWallStandardCase
#	TMesh	14585=IfcWallStandardCase
-8.05729e-009	-1.09301	0.0884895	0	1.01497e-007	-0.0884895	-1.09301	0	1.09659	1.5929e-010	1.01816e-007	0	-222.926	199.005	-73.1352	1

COMPONENTFINISH

COMPONENT 14805=IfcWallStandardCase
#	TMesh	11799=IfcWallStandardCase
-0.0736088	0.909315	0	0	0.909315	0.0736088	0	0	0	0	0.91229	0	-146.53	42.6671	12.9757	1

COMPONENTFINISH

COMPONENT 1482328=IfcWallStandardCase
#	Mesh	0	Begin

#	Vertex	8
93.1389	-36.3543	-3.337
92.7723	-31.8289	-3.337
92.5729	-31.8451	-3.337
92.9396	-36.3704	-3.337
93.1389	-36.3543	2.563
92.7723	-31.8289	2.563
92.5729	-31.8451	2.563
92.9396	-36.3704	2.563

#	Triangle	6
3	4	7	0	4	3
0	5	4	1	5	0
1	6	5	2	6	1
2	7	6	3	7	2
3	1	0	2	1	3
4	6	7	5	6	4

#	Normal	6
0.0807629	-0.996733	-0
0.996733	0.080761	-0
-0.0807598	0.996734	-0
-0.996733	-0.0807627	0
-0	0	-1
0	-0	1

#	Mesh	0	End


COMPONENTFINISH

COMPONENT 14845=IfcWallStandardCase
#	Mesh	0	Begin

#	Vertex	8
88.041	-42.4149	-16.885
88.5268	-48.4157	-16.885
88.7262	-48.3996	-16.885
88.2403	-42.3987	-16.885
88.041	-42.4149	-11.386
88.5268	-48.4157	-11.386
88.7262	-48.3996	-11.386
88.2403	-42.3987	-11.386

#	Triangle	6
3	4	7	0	4	3
0	5	4	1	5	0
1	6	5	2	6	1
2	7	6	3	7	2
3	1	0	2	1	3
4	6	7	5	6	4

#	Normal	6
-0.0807047	0.996738	-0
-0.996739	-0.0806986	0
0.0807015	-0.996738	-0
0.996738	0.0806999	-0
-0	-0	-1
-0	-0	1

#	Mesh	0	End


COMPONENTFINISH

COMPONENT 14885=IfcWallStandardCase
#	TMesh	11799=IfcWallStandardCase
-0.0736088	0.909315	0	0	0.909315	0.0736088	0	0	0	0	0.91229	0	-153.53	42.6671	12.9757	1

COMPONENTFINISH

COMPONENT 14948=IfcWallStandardCase
#	TMesh	1482328=IfcWallStandardCase
0.0796327	-0.982862	-9.37537e-010	0	-0.982862	-0.0796327	3.29185e-008	0	-3.28867e-008	-1.72391e-009	-0.986082	0	-298.287	194.218	0.0983874	1

COMPONENTFINISH

COMPONENT 15011=IfcWallStandardCase
#	Mesh	0	Begin

#	Vertex	8
-248.127	108.019	-2.42
-254.927	108.019	-2.42
-254.927	107.819	-2.42
-248.127	107.819	-2.42
-248.127	108.019	3.38
-254.927	108.019	3.38
-254.927	107.819	3.38
-248.127	107.819	3.38

#	Triangle	6
3	4	7	0	4	3
0	5	4	1	5	0
1	6	5	2	6	1
2	7	6	3	7	2
3	1	0	2	1	3
4	6	7	5	6	4

#	Normal	6
1	-0	-0
-0	1	-0
-1	-0	0
-0	-1	-0
-0	0	-1
0	0	1

#	Mesh	0	End


COMPONENTFINISH

COMPONENT 15091=IfcWallStandardCase
#	TMesh	14845=IfcWallStandardCase
-0.91049	0.0737161	4.33043e-010	0	-0.0737161	-0.91049	2.18514e-010	0	4.49265e-010	1.82856e-010	0.913469	0	-174.902	57.2009	12.9923	1

COMPONENTFINISH

COMPONENT 15175=IfcWallStandardCase
#	TMesh	11643=IfcWallStandardCase
-1.03584	-5.92821e-010	0.0838667	0	-0.0838667	2.58483e-010	-1.03584	0	5.70027e-010	-1.03923	-3.05481e-010	0	-153.409	100.527	-128.583	1

COMPONENTFINISH

COMPONENT 15255=IfcWallStandardCase
#	TMesh	11643=IfcWallStandardCase
-1.03584	-5.92821e-010	0.0838667	0	-0.0838667	2.58483e-010	-1.03584	0	5.70027e-010	-1.03923	-3.05481e-010	0	-146.909	100.527	-128.583	1

COMPONENTFINISH

COMPONENT 15271=IfcWallStandardCase
#	Mesh	0	Begin

#	Vertex	8
71.5287	-42.7221	-16.885
71.4198	-41.3762	-16.885
71.2204	-41.3923	-16.885
71.3294	-42.7382	-16.885
71.5287	-42.7221	-11.386
71.4198	-41.3762	-11.386
71.2204	-41.3923	-11.386
71.3294	-42.7382	-11.386

#	Triangle	6
3	4	7	0	4	3
0	5	4	1	5	0
1	6	5	2	6	1
2	7	6	3	7	2
3	1	0	2	1	3
4	6	7	5	6	4

#	Normal	6
0.0807015	-0.996738	-0
0.996738	0.0807043	-0
-0.0807047	0.996738	-0
-0.996739	-0.0806986	0
-0	0	-1
0	-0	1

#	Mesh	0	End


COMPONENTFINISH

COMPONENT 1529=IfcBeam
#	Mesh	0	Begin

#	Vertex	16
-161.038	101.515	-9.07
-161.038	101.515	-8.87
-161.038	102.415	-9.07
-179.937	101.515	-9.07
-179.937	101.515	-8.87
-179.937	102.415	-9.07
-161.038	100.115	-9.07
-161.038	100.115	-7.67
-161.038	101.515	-7.67
-179.937	100.115	-9.07
-179.937	100.115	-7.67
-179.937	101.515	-7.67
-161.038	99.2148	-9.07
-161.038	100.115	-8.87
-179.937	99.2148	-9.07
-179.937	100.115	-8.87

#	Triangle	8
2	3	5	0	3	2	0	9	3	6	9	0	6	14	9	12	14	6
0	4	3	1	4	0	6	10	9	7	10	6
1	5	4	2	5	1
2	1	0	0	7	6	8	7	0	13	12	6
3	4	5	9	11	3	10	11	9	9	14	15
7	11	10	8	11	7
8	3	11	0	3	8	13	9	15	6	9	13
12	15	14	13	15	12

#	Normal	8
-0	-0	-1
-0	-1	0
0	0.21693	0.976187
1	-0	-0
-1	-0	0
-0	-0	1
0	1	0
-0	-0.21693	0.976187

#	Mesh	0	End


COMPONENTFINISH

COMPONENT 15318=IfcWallStandardCase
#	Mesh	0	Begin

#	Vertex	16
-208.726	112.669	-2.42
-208.726	112.669	3.38
-208.526	112.669	3.38
-208.526	112.669	-2.42
-208.526	118.069	3.38
-208.526	118.069	-2.42
-208.526	117.609	-0.17
-208.526	116.609	-0.17
-208.526	116.609	-2.27
-208.526	117.609	-2.27
-208.726	118.069	3.38
-208.726	118.069	-2.42
-208.726	116.609	-0.17
-208.726	117.609	-0.17
-208.726	117.609	-2.27
-208.726	116.609	-2.27

#	Triangle	6
0	2	1	3	2	0	13	9	6	14	9	13
4	9	5	9	3	5	9	8	3	8	2	3	4	6	9	7	2	8	4	7	6	4	2	7
5	10	4	11	10	5	15	7	8	12	7	15
1	15	0	15	11	0	15	14	11	14	10	11	1	12	15	13	10	14	1	13	12	1	10	13
0	5	3	11	5	0	12	6	7	13	6	12
2	10	1	4	10	2	14	8	9	15	8	14

#	Normal	6
-0	-1	-0
1	0	0
-0	1	-0
-1	0	-0
-0	-0	-1
-0	-0	1

#	Mesh	0	End


COMPONENTFINISH

COMPONENT 15381=IfcWallStandardCase
#	Mesh	0	Begin

#	Vertex	8
-255.027	92.7917	-2.42
-255.027	100.219	-2.42
-255.227	100.219	-2.42
-255.227	92.7917	-2.42
-255.027	92.7917	3.38
-255.027	100.219	3.38
-255.227	100.219	3.38
-255.227	92.7917	3.38

#	Triangle	6
3	4	7	0	4	3
0	5	4	1	5	0
1	6	5	2	6	1
2	7	6	3	7	2
3	1	0	2	1	3
4	6	7	5	6	4

#	Normal	6
-0	-1	-0
1	-0	-0
-0	1	-0
-1	-0	0
-0	-0	-1
-0	-0	1

#	Mesh	0	End


COMPONENTFINISH

COMPONENT 15444=IfcWallStandardCase
#	TMesh	15011=IfcWallStandardCase
0	1.00231	0	0	-1.00231	0	0	0	0	0	1.00231	0	-142.859	348.313	-0.00110731	1

COMPONENTFINISH

COMPONENT 15466=IfcWallStandardCase
#	Mesh	0	Begin

#	Vertex	8
69.5288	-48.6086	-16.885
69.2701	-45.4133	-16.885
69.0708	-45.4294	-16.885
69.3295	-48.6247	-16.885
69.5288	-48.6086	-11.386
69.2701	-45.4133	-11.386
69.0708	-45.4294	-11.386
69.3295	-48.6247	-11.386

#	Triangle	6
3	4	7	0	4	3
0	5	4	1	5	0
1	6	5	2	6	1
2	7	6	3	7	2
3	1	0	2	1	3
4	6	7	5	6	4

#	Normal	6
0.0807015	-0.996738	-0
0.996738	0.0806997	-0
-0.0807015	0.996738	-0
-0.996738	-0.0806997	0
-0	0	-1
0	-0	1

#	Mesh	0	End


COMPONENTFINISH

COMPONENT 15507=IfcWallStandardCase
#	Mesh	0	Begin

#	Vertex	8
-246.927	98.4188	-2.42
-250.127	98.4188	-2.42
-250.127	98.2188	-2.42
-246.927	98.2188	-2.42
-246.927	98.4188	3.38
-250.127	98.4188	3.38
-250.127	98.2188	3.38
-246.927	98.2188	3.38

#	Triangle	6
3	4	7	0	4	3
0	5	4	1	5	0
1	6	5	2	6	1
2	7	6	3	7	2
3	1	0	2	1	3
4	6	7	5	6	4

#	Normal	6
1	-0	-0
-0	1	-0
-1	-0	0
-0	-1	-0
-0	0	-1
0	0	1

#	Mesh	0	End


COMPONENTFINISH

COMPONENT 15570=IfcWallStandardCase
#	Mesh	0	Begin

#	Vertex	8
-245.027	96.8188	-2.42
-246.727	96.8188	-2.42
-246.727	96.6188	-2.42
-245.027	96.6188	-2.42
-245.027	96.8188	3.38
-246.727	96.8188	3.38
-246.727	96.6188	3.38
-245.027	96.6188	3.38

#	Triangle	6
3	4	7	0	4	3
0	5	4	1	5	0
1	6	5	2	6	1
2	7	6	3	7	2
3	1	0	2	1	3
4	6	7	5	6	4

#	Normal	6
1	-0	-0
-0	1	-0
-1	-0	0
-0	-1	-0
-0	0	-1
0	0	1

#	Mesh	0	End


COMPONENTFINISH

COMPONENT 15629=IfcBeam
#	TMesh	12338=IfcBeam
-2.55057e-009	1.34859	-1.40207e-009	0	1.34859	2.55057e-009	-2.65172e-018	0	0	-1.40207e-009	-1.34859	0	-461.959	525.331	-18.1804	1

COMPONENTFINISH

COMPONENT 15633=IfcWallStandardCase
#	TMesh	10522=IfcWallStandardCase
-0.0850666	1.05076	1.31389e-011	0	1.05076	0.0850666	2.6115e-010	0	-2.59238e-010	-3.41692e-011	1.05419	0	-199.813	24.814	15.3815	1

COMPONENTFINISH

COMPONENT 15696=IfcWallStandardCase
#	Mesh	0	Begin

#	Vertex	16
-238.627	100.219	-2.42
-238.627	100.219	3.38
-238.627	100.419	3.38
-238.627	100.419	-2.42
-245.027	100.419	3.38
-245.027	100.419	-2.42
-244.812	100.419	-0.17
-243.812	100.419	-0.17
-243.812	100.419	-2.27
-244.812	100.419	-2.27
-245.027	100.219	3.38
-245.027	100.219	-2.42
-243.812	100.219	-0.17
-244.812	100.219	-0.17
-244.812	100.219	-2.27
-243.812	100.219	-2.27

#	Triangle	6
0	2	1	3	2	0	13	9	6	14	9	13
4	9	5	9	3	5	9	8	3	8	2	3	4	6	9	7	2	8	4	7	6	4	2	7
5	10	4	11	10	5	15	7	8	12	7	15
1	15	0	15	11	0	15	14	11	14	10	11	1	12	15	13	10	14	1	13	12	1	10	13
0	5	3	11	5	0	12	6	7	13	6	12
2	10	1	4	10	2	14	8	9	15	8	14

#	Normal	6
1	-0	-0
-0	1	-0
-1	-0	0
-0	-1	-0
-0	0	-1
0	0	1

#	Mesh	0	End


COMPONENTFINISH

COMPONENT 15727=IfcBeam
#	Mesh	0	Begin

#	Vertex	8
-320.79	114.276	-2.42
-320.79	114.276	-3.62
-320.79	116.526	-3.62
-320.79	116.526	-2.42
-305.126	114.276	-2.42
-305.126	114.276	-3.62
-305.126	116.526	-3.62
-305.126	116.526	-2.42

#	Triangle	6
3	4	7	0	4	3
0	5	4	1	5	0
1	6	5	2	6	1
2	7	6	3	7	2
3	1	0	2	1	3
4	6	7	5	6	4

#	Normal	6
-0	-0	1
0	-1	-0
-0	-0	-1
-0	1	-0
-1	-0	-0
1	-0	-0

#	Mesh	0	End


COMPONENTFINISH

COMPONENT 15759=IfcWallStandardCase
#	TMesh	15381=IfcWallStandardCase
1	0	0	0	0	-1	0	0	0	0	1	0	12.8	193.011	-5.96046e-008	1

COMPONENTFINISH

COMPONENT 15822=IfcWallStandardCase
#	Mesh	0	Begin

#	Vertex	8
-238.427	100.019	-2.42
-238.427	100.419	-2.42
-238.627	100.419	-2.42
-238.627	100.019	-2.42
-238.427	100.019	3.38
-238.427	100.419	3.38
-238.627	100.419	3.38
-238.627	100.019	3.38

#	Triangle	6
3	4	7	0	4	3
0	5	4	1	5	0
1	6	5	2	6	1
2	7	6	3	7	2
3	1	0	2	1	3
4	6	7	5	6	4

#	Normal	6
-0	-1	-0
1	-0	-0
-0	1	-0
-1	-0	0
-0	-0	-1
-0	-0	1

#	Mesh	0	End


COMPONENTFINISH

COMPONENT 15885=IfcWallStandardCase
#	Mesh	0	Begin

#	Vertex	16
-235.147	100.019	-2.42
-235.147	100.019	3.38
-235.147	100.219	3.38
-235.147	100.219	-2.42
-238.427	100.219	3.38
-238.427	100.219	-2.42
-238.227	100.219	-0.17
-236.727	100.219	-0.17
-236.727	100.219	-2.27
-238.227	100.219	-2.27
-238.427	100.019	3.38
-238.427	100.019	-2.42
-236.727	100.019	-0.17
-238.227	100.019	-0.17
-238.227	100.019	-2.27
-236.727	100.019	-2.27

#	Triangle	6
0	2	1	3	2	0	13	9	6	14	9	13
4	9	5	9	3	5	9	8	3	8	2	3	4	6	9	7	2	8	4	7	6	4	2	7
5	10	4	11	10	5	15	7	8	12	7	15
1	15	0	15	11	0	15	14	11	14	10	11	1	12	15	13	10	14	1	13	12	1	10	13
0	5	3	11	5	0	12	6	7	13	6	12
2	10	1	4	10	2	14	8	9	15	8	14

#	Normal	6
1	-0	-0
-0	1	-0
-1	-0	0
-0	-1	-0
-0	0	-1
0	0	1

#	Mesh	0	End


COMPONENTFINISH

COMPONENT 15948=IfcWallStandardCase
#	TMesh	11422=IfcWallStandardCase
1	0	0	0	0	1	0	0	0	0	1	0	17.68	0	0	1

COMPONENTFINISH

COMPONENT 15954=IfcBeam
#	TMesh	1301=IfcBeam
8.07089e-010	0.497418	8.15897e-010	0	0.000146151	8.15659e-010	-0.497418	0	-0.497418	8.07329e-010	-0.000146151	0	-315.962	140.201	49.9124	1

COMPONENTFINISH

COMPONENT 16011=IfcWallStandardCase
#	Mesh	0	Begin

#	Vertex	24
-231.027	99.6188	-2.42
-231.027	99.6188	3.38
-231.027	99.8188	3.38
-231.027	99.8188	-2.42
-234.947	99.8188	3.38
-234.947	99.8188	-2.42
-234.737	99.8188	-0.17
-233.937	99.8188	-0.17
-233.937	99.8188	-2.27
-234.737	99.8188	-2.27
-232.522	99.8188	-0.17
-231.422	99.8188	-0.17
-231.422	99.8188	-2.27
-232.522	99.8188	-2.27
-234.947	99.6188	3.38
-234.947	99.6188	-2.42
-233.937	99.6188	-0.17
-234.737	99.6188	-0.17
-234.737	99.6188	-2.27
-233.937	99.6188	-2.27
-231.422	99.6188	-0.17
-232.522	99.6188	-0.17
-232.522	99.6188	-2.27
-231.422	99.6188	-2.27

#	Triangle	6
0	2	1	3	2	0	17	9	6	18	9	17	21	13	10	22	13	21
4	9	5	9	3	5	9	8	3	8	13	3	13	12	3	12	2	3	4	6	9	7	13	8	7	10	13	11	2	12	4	7	6	4	10	7	4	11	10	4	2	11
5	14	4	15	14	5	19	7	8	16	7	19	23	11	12	20	11	23
1	23	0	23	15	0	23	22	15	22	19	15	19	18	15	18	14	15	1	20	23	21	19	22	21	16	19	17	14	18	1	21	20	1	16	21	1	17	16	1	14	17
0	5	3	15	5	0	16	6	7	17	6	16	20	10	11	21	10	20
2	14	1	4	14	2	18	8	9	19	8	18	22	12	13	23	12	22

#	Normal	6
1	-0	-0
-0	1	-0
-1	-0	0
-0	-1	-0
-0	0	-1
0	0	1

#	Mesh	0	End


COMPONENTFINISH

COMPONENT 16071=IfcBeam
#	Mesh	0	Begin

#	Vertex	8
-305.216	114.276	-3.12
-305.216	114.276	-2.42
-306.116	114.276	-2.42
-306.116	114.276	-3.12
-305.216	105.721	-3.12
-305.216	105.721	-2.42
-306.116	105.721	-2.42
-306.116	105.721	-3.12

#	Triangle	6
3	4	7	0	4	3
0	5	4	1	5	0
1	6	5	2	6	1
2	7	6	3	7	2
3	1	0	2	1	3
4	6	7	5	6	4

#	Normal	6
0	-0	-1
1	-0	-0
0	0	1
-1	-0	-0
-0	1	-0
-0	-1	0

#	Mesh	0	End


COMPONENTFINISH

COMPONENT 16074=IfcWallStandardCase
#	TMesh	11422=IfcWallStandardCase
-1	0	0	0	0	-1	0	0	0	0	1	0	-483.854	200.038	5.96046e-008	1

COMPONENTFINISH

COMPONENT 1611=IfcBeam
#	Mesh	0	Begin

#	Vertex	8
-168.558	100.115	-10.07
-168.558	100.115	-11.47
-168.558	101.515	-11.47
-168.558	101.515	-10.07
-134.338	100.115	-10.07
-134.338	100.115	-11.47
-134.338	101.515	-11.47
-134.338	101.515	-10.07

#	Triangle	6
3	4	7	0	4	3
0	5	4	1	5	0
1	6	5	2	6	1
2	7	6	3	7	2
3	1	0	2	1	3
4	6	7	5	6	4

#	Normal	6
-0	-0	1
0	-1	-0
-0	-0	-1
-0	1	-0
-1	-0	-0
1	-0	-0

#	Mesh	0	End


COMPONENTFINISH

COMPONENT 16137=IfcWallStandardCase
#	TMesh	10576=IfcWallStandardCase
-1	0	0	0	0	-1	0	0	0	0	1	0	-525.454	202.288	0	1

COMPONENTFINISH

COMPONENT 16169=IfcBeam
#	Mesh	0	Begin

#	Vertex	8
-306.116	112.033	-2.42
-306.116	112.033	-2.82
-306.116	111.633	-2.82
-306.116	111.633	-2.42
-310.239	112.033	-2.42
-310.239	112.033	-2.82
-310.239	111.633	-2.82
-310.239	111.633	-2.42

#	Triangle	6
3	4	7	0	4	3
0	5	4	1	5	0
1	6	5	2	6	1
2	7	6	3	7	2
3	1	0	2	1	3
4	6	7	5	6	4

#	Normal	6
-0	-0	1
0	1	0
-0	-0	-1
-0	-1	0
1	-0	-0
-1	-0	-0

#	Mesh	0	End


COMPONENTFINISH

COMPONENT 16200=IfcWallStandardCase
#	TMesh	15822=IfcWallStandardCase
-1	0	0	0	0	1	0	0	0	0	1	0	-467.054	-7.62939e-006	0	1

COMPONENTFINISH

COMPONENT 16263=IfcWallStandardCase
#	Mesh	0	Begin

#	Vertex	16
-226.527	100.019	-2.42
-226.527	100.019	3.38
-226.527	100.219	3.38
-226.527	100.219	-2.42
-228.427	100.219	3.38
-228.427	100.219	-2.42
-228.272	100.219	-0.17
-226.772	100.219	-0.17
-226.772	100.219	-2.27
-228.272	100.219	-2.27
-228.427	100.019	3.38
-228.427	100.019	-2.42
-226.772	100.019	-0.17
-228.272	100.019	-0.17
-228.272	100.019	-2.27
-226.772	100.019	-2.27

#	Triangle	6
0	2	1	3	2	0	13	9	6	14	9	13
4	9	5	9	3	5	9	8	3	8	2	3	4	6	9	7	2	8	4	7	6	4	2	7
5	10	4	11	10	5	15	7	8	12	7	15
1	15	0	15	11	0	15	14	11	14	10	11	1	12	15	13	10	14	1	13	12	1	10	13
0	5	3	11	5	0	12	6	7	13	6	12
2	10	1	4	10	2	14	8	9	15	8	14

#	Normal	6
1	-0	-0
-0	1	-0
-1	-0	0
-0	-1	-0
-0	0	-1
0	0	1

#	Mesh	0	End


COMPONENTFINISH

COMPONENT 16317=IfcBeam
#	Mesh	0	Begin

#	Vertex	12
-305.216	112.015	-2.42
-305.216	111.615	-2.42
-303.82	111.615	-2.42
-303.82	112.015	-2.42
-305.216	112.015	-2.82
-303.82	112.015	-2.47028
-303.044	112.015	-2.47028
-303.044	112.015	-2.82
-305.216	111.615	-2.82
-303.044	111.615	-2.82
-303.044	111.615	-2.47028
-303.82	111.615	-2.47028

#	Triangle	6
3	1	2	0	1	3	6	11	10	5	11	6
0	7	4	0	5	7	5	6	7	0	3	5
9	4	7	8	4	9
10	8	9	10	11	8	11	1	8	2	1	11
8	0	4	1	0	8
2	5	3	11	5	2	9	6	10	7	6	9

#	Normal	6
0	0	1
-0	1	-0
-0	0	-1
-0	-1	-0
-1	-0	-0
1	-0	-0

#	Mesh	0	End


COMPONENTFINISH

COMPONENT 16326=IfcWallStandardCase
#	TMesh	15822=IfcWallStandardCase
-1	0	0	0	0	1	0	0	0	0	1	0	-464.954	-7.62939e-006	0	1

COMPONENTFINISH

COMPONENT 16389=IfcWallStandardCase
#	TMesh	15466=IfcWallStandardCase
0.0852315	-1.05273	1.45663e-009	0	-1.05273	-0.0852315	5.41015e-011	0	-6.36228e-011	1.45624e-009	1.05617	0	-280.032	169.265	15.4095	1

COMPONENTFINISH

COMPONENT 16452=IfcWallStandardCase
#	TMesh	15822=IfcWallStandardCase
-1	-1.55217e-008	0	0	-1.55217e-008	1	0	0	0	0	1	0	-461.354	-1.52588e-005	0	1

COMPONENTFINISH

COMPONENT 16484=IfcBeam
#	TMesh	16317=IfcBeam
1	2.3469e-006	0	0	-2.3469e-006	1	8.28273e-005	0	9.31323e-010	-8.28273e-005	1	0	0.000274658	-4.90452	-0.00926113	1

COMPONENTFINISH

COMPONENT 16515=IfcWallStandardCase
#	TMesh	16263=IfcWallStandardCase
0.999904	-3.34732e-007	0.00962911	0	3.34745e-007	0.999951	2.54204e-010	0	-0.00962911	2.96927e-009	0.999904	0	5.67599	0.00487518	2.19038	1

COMPONENTFINISH

COMPONENT 16578=IfcWallStandardCase
#	TMesh	12189=IfcWallStandardCase
-1.04677	0.0847548	0	0	-0.0847548	-1.04677	0	0	0	0	1.0502	0	-147.718	41.7891	15.3251	1

COMPONENTFINISH

COMPONENT 1663394=IfcWallStandardCase
#	Mesh	0	Begin

#	Vertex	8
73.4927	-136.726	1.0479
73.1691	-132.732	1.0479
72.7704	-132.764	1.0479
73.094	-136.758	1.0479
73.4927	-136.726	5.05061
73.1691	-132.732	5.05061
72.7704	-132.764	5.05061
73.094	-136.758	5.05061

#	Triangle	6
3	4	7	0	4	3
0	5	4	1	5	0
1	6	5	2	6	1
2	7	6	3	7	2
3	1	0	2	1	3
4	6	7	5	6	4

#	Normal	6
0.0807419	-0.996735	-0
0.996733	0.0807611	-0
-0.0807807	0.996732	-0
-0.996733	-0.0807614	0
-0	0	-1
0	-0	1

#	Mesh	0	End


COMPONENTFINISH

COMPONENT 16641=IfcWallStandardCase
#	TMesh	15822=IfcWallStandardCase
-1	0	0	0	0	1	0	0	0	0	1	0	-459.254	-7.62939e-006	0	1

COMPONENTFINISH

COMPONENT 16701=IfcBeam
#	TMesh	12338=IfcBeam
1.07694e-009	-0.569423	-5.01506e-017	0	-0.569423	-1.07694e-009	2.65167e-008	0	-2.65167e-008	0	-0.569423	0	-245.485	-79.9189	-9.25573	1

COMPONENTFINISH

COMPONENT 16704=IfcWallStandardCase
#	Mesh	0	Begin

#	Vertex	24
-215.327	100.219	-2.42
-215.327	100.219	3.38
-215.327	100.419	3.38
-215.327	100.419	-2.42
-220.627	100.419	3.38
-220.627	100.419	-2.42
-220.432	100.419	-0.17
-219.432	100.419	-0.17
-219.432	100.419	-2.27
-220.432	100.419	-2.27
-217.612	100.419	-0.17
-216.412	100.419	-0.17
-216.412	100.419	-2.27
-217.612	100.419	-2.27
-220.627	100.219	3.38
-220.627	100.219	-2.42
-219.432	100.219	-0.17
-220.432	100.219	-0.17
-220.432	100.219	-2.27
-219.432	100.219	-2.27
-216.412	100.219	-0.17
-217.612	100.219	-0.17
-217.612	100.219	-2.27
-216.412	100.219	-2.27

#	Triangle	6
0	2	1	3	2	0	17	9	6	18	9	17	21	13	10	22	13	21
4	9	5	9	3	5	9	8	3	8	13	3	13	12	3	12	2	3	4	6	9	7	13	8	7	10	13	11	2	12	4	7	6	4	10	7	4	11	10	4	2	11
5	14	4	15	14	5	19	7	8	16	7	19	23	11	12	20	11	23
1	23	0	23	15	0	23	22	15	22	19	15	19	18	15	18	14	15	1	20	23	21	19	22	21	16	19	17	14	18	1	21	20	1	16	21	1	17	16	1	14	17
0	5	3	15	5	0	16	6	7	17	6	16	20	10	11	21	10	20
2	14	1	4	14	2	18	8	9	19	8	18	22	12	13	23	12	22

#	Normal	6
1	-0	-0
-0	1	-0
-1	-0	0
-0	-1	-0
-0	0	-1
0	0	1

#	Mesh	0	End


COMPONENTFINISH

COMPONENT 16767=IfcWallStandardCase
#	TMesh	15381=IfcWallStandardCase
1	0	0	0	0	-1	0	0	0	0	1	0	37.4	193.011	-5.96046e-008	1

COMPONENTFINISH

COMPONENT 16780=IfcBeam
#	TMesh	12338=IfcBeam
9.68781e-010	-0.512235	0	0	-0.512235	-9.68781e-010	0	0	0	0	-0.512235	0	-258.973	-62.487	-8.60436	1

COMPONENTFINISH

COMPONENT 16830=IfcWallStandardCase
#	Mesh	0	Begin

#	Vertex	8
-215.527	101.219	-2.42
-215.527	100.419	-2.42
-215.327	100.419	-2.42
-215.327	101.219	-2.42
-215.527	101.219	3.38
-215.527	100.419	3.38
-215.327	100.419	3.38
-215.327	101.219	3.38

#	Triangle	6
3	4	7	0	4	3
0	5	4	1	5	0
1	6	5	2	6	1
2	7	6	3	7	2
3	1	0	2	1	3
4	6	7	5	6	4

#	Normal	6
-0	1	-0
-1	-0	0
-0	-1	-0
1	-0	-0
-0	-0	-1
-0	-0	1

#	Mesh	0	End


COMPONENTFINISH

COMPONENT 16859=IfcBeam
#	Mesh	0	Begin

#	Vertex	8
-312.823	97.8048	-2.42
-312.823	97.8048	-2.82
-312.823	98.2048	-2.82
-312.823	98.2048	-2.42
-306.186	97.8048	-2.42
-306.186	97.8048	-2.82
-306.186	98.2048	-2.82
-306.186	98.2048	-2.42

#	Triangle	6
3	4	7	0	4	3
0	5	4	1	5	0
1	6	5	2	6	1
2	7	6	3	7	2
3	1	0	2	1	3
4	6	7	5	6	4

#	Normal	6
-0	-0	1
0	-1	-0
-0	-0	-1
-0	1	-0
-1	-0	-0
1	-0	-0

#	Mesh	0	End


COMPONENTFINISH

COMPONENT 16893=IfcWallStandardCase
#	Mesh	0	Begin

#	Vertex	8
-205.027	101.219	-2.42
-215.327	101.219	-2.42
-215.327	101.019	-2.42
-205.027	101.019	-2.42
-205.027	101.219	3.38
-215.327	101.219	3.38
-215.327	101.019	3.38
-205.027	101.019	3.38

#	Triangle	6
3	4	7	0	4	3
0	5	4	1	5	0
1	6	5	2	6	1
2	7	6	3	7	2
3	1	0	2	1	3
4	6	7	5	6	4

#	Normal	6
1	-0	-0
-0	1	-0
-1	-0	0
-0	-1	-0
-0	0	-1
0	0	1

#	Mesh	0	End


COMPONENTFINISH

COMPONENT 16956=IfcWallStandardCase
#	Mesh	0	Begin

#	Vertex	16
-205.227	92.7917	-2.42
-205.227	92.7917	3.38
-205.027	92.7917	3.38
-205.027	92.7917	-2.42
-205.027	101.019	3.38
-205.027	101.019	-2.42
-205.027	100.424	-0.17
-205.027	99.3238	-0.17
-205.027	99.3238	-2.27
-205.027	100.424	-2.27
-205.227	101.019	3.38
-205.227	101.019	-2.42
-205.227	99.3238	-0.17
-205.227	100.424	-0.17
-205.227	100.424	-2.27
-205.227	99.3238	-2.27

#	Triangle	6
0	2	1	3	2	0	13	9	6	14	9	13
4	9	5	9	3	5	9	8	3	8	2	3	4	6	9	7	2	8	4	7	6	4	2	7
5	10	4	11	10	5	15	7	8	12	7	15
1	15	0	15	11	0	15	14	11	14	10	11	1	12	15	13	10	14	1	13	12	1	10	13
0	5	3	11	5	0	12	6	7	13	6	12
2	10	1	4	10	2	14	8	9	15	8	14

#	Normal	6
-0	-1	-0
1	0	0
-0	1	-0
-1	0	-0
-0	-0	-1
-0	-0	1

#	Mesh	0	End


COMPONENTFINISH

COMPONENT 16967=IfcBeam
#	Mesh	0	Begin

#	Vertex	10
-303.815	106.221	-2.42
-303.815	92.7648	-2.42
-304.215	92.7648	-2.42
-304.215	106.221	-2.42
-304.215	92.7648	-3.22
-304.215	106.221	-3.22
-303.815	92.7648	-3.22
-303.815	106.221	-3.22
-304.215	105.221	-3.22
-304.215	105.221	-2.42

#	Triangle	6
0	2	1	9	2	0
9	4	2	8	4	9
8	6	4	7	6	8
7	1	6	0	1	7
2	6	1	4	6	2
8	0	7	9	0	8

#	Normal	6
0	0	1
-1	-0	-0
0	-0	-1
1	-0	-0
0	-1	-0
-0.928477	0.371391	-0

#	Mesh	0	End


COMPONENTFINISH

COMPONENT 17019=IfcWallStandardCase
#	Mesh	0	Begin

#	Vertex	16
-210.927	92.7917	-2.42
-210.927	92.7917	3.38
-210.727	92.7917	3.38
-210.727	92.7917	-2.42
-210.727	101.019	3.38
-210.727	101.019	-2.42
-210.727	100.824	-0.17
-210.727	99.7238	-0.17
-210.727	99.7238	-2.27
-210.727	100.824	-2.27
-210.927	101.019	3.38
-210.927	101.019	-2.42
-210.927	99.7238	-0.17
-210.927	100.824	-0.17
-210.927	100.824	-2.27
-210.927	99.7238	-2.27

#	Triangle	6
0	2	1	3	2	0	9	13	14	6	13	9
4	9	5	9	3	5	9	8	3	8	2	3	4	6	9	7	2	8	4	7	6	4	2	7
5	10	4	11	10	5	7	15	12	8	15	7
1	15	0	15	11	0	15	14	11	14	10	11	1	12	15	13	10	14	1	13	12	1	10	13
0	5	3	11	5	0	6	12	13	7	12	6
2	10	1	4	10	2	8	14	15	9	14	8

#	Normal	6
-0	-1	-0
1	0	0
-0	1	-0
-1	0	-0
-0	-0	-1
-0	-0	1

#	Mesh	0	End


COMPONENTFINISH

COMPONENT 1704135=IfcWallStandardCase
#	Mesh	0	Begin

#	Vertex	8
63.8648	93.6649	-3.03358
63.8648	93.6649	2.73
63.6139	96.7644	2.73
63.6139	96.7644	-3.03358
63.4145	96.7483	2.73
63.4145	96.7483	-3.03358
63.6644	93.6627	2.73
63.6644	93.6627	-3.03358

#	Triangle	6
0	2	1	3	2	0
3	4	2	5	4	3
5	6	4	7	6	5
7	1	6	0	1	7
0	5	3	7	5	0
2	6	1	4	6	2

#	Normal	6
0.996738	0.0807022	-0
-0.0807031	0.996738	-0
-0.996738	-0.0807033	0
0.010989	-0.99994	-0
-0	-0	-1
-0	0	1

#	Mesh	0	End


COMPONENTFINISH

COMPONENT 17082=IfcWallStandardCase
#	TMesh	12189=IfcWallStandardCase
-1.04677	0.0847548	0	0	-0.0847548	-1.04677	0	0	0	0	1.0502	0	-153.418	41.7891	15.3251	1

COMPONENTFINISH

COMPONENT 17084=IfcBeam
#	TMesh	12338=IfcBeam
0.9773	1.84835e-009	-1.93304e-009	0	1.84835e-009	-0.9773	-3.65592e-018	0	-1.93304e-009	0	-0.9773	0	-7.35391	196.253	-14.1514	1

COMPONENTFINISH

COMPONENT 17145=IfcWallStandardCase
#	Mesh	0	Begin

#	Vertex	16
-236.527	92.7917	-2.42
-236.527	92.7917	3.38
-236.327	92.7917	3.38
-236.327	92.7917	-2.42
-236.327	100.019	3.38
-236.327	100.019	-2.42
-236.327	97.2937	-0.17
-236.327	96.2937	-0.17
-236.327	96.2937	-2.27
-236.327	97.2937	-2.27
-236.527	100.019	3.38
-236.527	100.019	-2.42
-236.527	96.2937	-0.17
-236.527	97.2937	-0.17
-236.527	97.2937	-2.27
-236.527	96.2937	-2.27

#	Triangle	6
0	2	1	3	2	0	9	13	14	6	13	9
4	9	5	9	3	5	9	8	3	8	2	3	4	6	9	7	2	8	4	7	6	4	2	7
5	10	4	11	10	5	7	15	12	8	15	7
1	15	0	15	11	0	15	14	11	14	10	11	1	12	15	13	10	14	1	13	12	1	10	13
0	5	3	11	5	0	6	12	13	7	12	6
2	10	1	4	10	2	8	14	15	9	14	8

#	Normal	6
-0	-1	-0
1	0	0
-0	1	-0
-1	0	-0
-0	-0	-1
-0	-0	1

#	Mesh	0	End


COMPONENTFINISH

COMPONENT 17208=IfcWallStandardCase
#	TMesh	15011=IfcWallStandardCase
0	1.00231	0	0	-1.00231	0	0	0	0	0	-1.00231	0	-125.459	348.313	0.961107	1

COMPONENTFINISH

COMPONENT 17215=IfcBeam
#	Mesh	0	Begin

#	Vertex	10
-301.016	101.474	-3.12
-301.016	92.7648	-3.12
-300.516	92.7648	-3.12
-300.516	101.474	-3.12
-301.016	101.474	-2.42
-301.016	92.7648	-2.42
-300.516	101.474	-2.42
-300.516	92.7648	-2.42
-300.516	101.349	-2.42
-300.516	101.349	-3.12

#	Triangle	6
0	2	1	9	2	0
1	4	0	5	4	1
8	5	7	4	5	8
9	7	2	8	7	9
2	5	1	7	5	2
8	0	4	9	0	8

#	Normal	6
0	-0	-1
-1	-0	-0
0	0	1
1	-0	-0
-0	-1	0
0.242008	0.970274	0

#	Mesh	0	End


COMPONENTFINISH

COMPONENT 17271=IfcWallStandardCase
#	TMesh	10977=IfcWallStandardCase
0.0851943	-1.05228	4.80998e-010	0	-1.05228	-0.0851943	-9.50754e-012	0	-4.82921e-011	4.78662e-010	1.05572	0	-285.944	166.201	15.4031	1

COMPONENTFINISH

COMPONENT 17334=IfcWallStandardCase
#	TMesh	1704135=IfcWallStandardCase
1.00502	0.0815231	-1.13514e-010	0	0.0815231	-1.00502	3.70727e-012	0	-1.12843e-010	-1.28728e-011	-1.00833	0	-295.848	199.194	0.326946	1

COMPONENTFINISH

COMPONENT 17397=IfcWallStandardCase
#	TMesh	12189=IfcWallStandardCase
-1.04877	-0.0849168	0	0	-0.0849168	1.04877	0	0	0	0	1.05221	0	-143.079	161.365	15.3535	1

COMPONENTFINISH

COMPONENT 17460=IfcWallStandardCase
#	Mesh	0	Begin

#	Vertex	32
-205.026	103.019	-2.42
-205.026	103.019	3.38
-205.026	103.219	3.38
-205.026	103.219	-2.42
-216.127	103.219	3.38
-216.127	103.219	-2.42
-208.311	103.219	-0.17
-207.211	103.219	-0.17
-207.211	103.219	-2.27
-208.311	103.219	-2.27
-215.932	103.219	-0.17
-214.932	103.219	-0.17
-214.932	103.219	-2.27
-215.932	103.219	-2.27
-211.192	103.219	-0.17
-210.192	103.219	-0.17
-210.192	103.219	-2.27
-211.192	103.219	-2.27
-216.127	103.019	3.38
-216.127	103.019	-2.42
-207.211	103.019	-0.17
-208.311	103.019	-0.17
-208.311	103.019	-2.27
-207.211	103.019	-2.27
-214.932	103.019	-0.17
-215.932	103.019	-0.17
-215.932	103.019	-2.27
-214.932	103.019	-2.27
-210.192	103.019	-0.17
-211.192	103.019	-0.17
-211.192	103.019	-2.27
-210.192	103.019	-2.27

#	Triangle	6
0	2	1	3	2	0	21	9	6	22	9	21	25	13	10	26	13	25	17	29	30	14	29	17
4	13	5	13	3	5	13	12	3	12	17	3	17	16	3	16	9	3	9	8	3	8	2	3	4	10	13	11	17	12	11	14	17	15	9	16	15	6	9	7	2	8	4	11	10	4	14	11	4	15	14	4	6	15	4	7	6	4	2	7
5	18	4	19	18	5	23	7	8	20	7	23	27	11	12	24	11	27	15	31	28	16	31	15
1	23	0	23	19	0	23	22	19	22	31	19	31	30	19	30	27	19	27	26	19	26	18	19	1	20	23	21	31	22	21	28	31	29	27	30	29	24	27	25	18	26	1	21	20	1	28	21	1	29	28	1	24	29	1	25	24	1	18	25
0	5	3	19	5	0	20	6	7	21	6	20	24	10	11	25	10	24	14	28	29	15	28	14
2	18	1	4	18	2	22	8	9	23	8	22	26	12	13	27	12	26	16	30	31	17	30	16

#	Normal	6
1	-0	-0
-0	1	-0
-1	-0	0
-0	-1	-0
-0	0	-1
0	0	1

#	Mesh	0	End


COMPONENTFINISH

COMPONENT 17523=IfcWallStandardCase
#	TMesh	12189=IfcWallStandardCase
1.04877	0.0849168	0	0	0.0849168	-1.04877	0	0	0	0	1.05221	0	-278.274	52.1233	15.3535	1

COMPONENTFINISH

COMPONENT 17586=IfcWallStandardCase
#	Mesh	0	Begin

#	Vertex	24
-213.782	110.469	-2.42
-213.782	110.469	3.38
-213.782	110.269	3.38
-213.782	110.269	-2.42
-205.226	110.269	3.38
-205.226	110.269	-2.42
-207.231	110.269	-0.17
-208.331	110.269	-0.17
-208.331	110.269	-2.27
-207.231	110.269	-2.27
-212.387	110.269	-0.17
-213.387	110.269	-0.17
-213.387	110.269	-2.27
-212.387	110.269	-2.27
-205.226	110.469	3.38
-205.226	110.469	-2.42
-208.331	110.469	-0.17
-207.231	110.469	-0.17
-207.231	110.469	-2.27
-208.331	110.469	-2.27
-213.387	110.469	-0.17
-212.387	110.469	-0.17
-212.387	110.469	-2.27
-213.387	110.469	-2.27

#	Triangle	6
0	2	1	3	2	0	17	9	6	18	9	17	21	13	10	22	13	21
4	9	5	9	3	5	9	8	3	8	13	3	13	12	3	12	2	3	4	6	9	7	13	8	7	10	13	11	2	12	4	7	6	4	10	7	4	11	10	4	2	11
5	14	4	15	14	5	19	7	8	16	7	19	23	11	12	20	11	23
1	23	0	23	15	0	23	22	15	22	19	15	19	18	15	18	14	15	1	20	23	21	19	22	21	16	19	17	14	18	1	21	20	1	16	21	1	17	16	1	14	17
0	5	3	15	5	0	16	6	7	17	6	16	20	10	11	21	10	20
2	14	1	4	14	2	18	8	9	19	8	18	22	12	13	23	12	22

#	Normal	6
-1	-0	0
-0	-1	-0
1	-0	-0
-0	1	-0
0	-0	-1
-0	-0	1

#	Mesh	0	End


COMPONENTFINISH

COMPONENT 1762266=IfcBeam
#	Mesh	0	Begin

#	Vertex	8
81.9757	95.9666	-19.203
81.9757	95.9666	-20.303
81.8143	97.9601	-20.303
81.8143	97.9601	-19.203
93.2388	96.8786	-19.203
93.2388	96.8786	-20.303
93.0774	98.872	-20.303
93.0774	98.872	-19.203

#	Triangle	6
3	4	7	0	4	3
0	5	4	1	5	0
1	6	5	2	6	1
2	7	6	3	7	2
3	1	0	2	1	3
4	6	7	5	6	4

#	Normal	6
-0	-0	1
0.0807024	-0.996738	-0
-0	0	-1
-0.0807024	0.996738	-0
-0.996738	-0.0807031	-0
0.996738	0.0807031	0

#	Mesh	0	End


COMPONENTFINISH

COMPONENT 17649=IfcWallStandardCase
#	Mesh	0	Begin

#	Vertex	8
-213.582	106.321	-2.42
-213.582	110.269	-2.42
-213.782	110.269	-2.42
-213.782	106.321	-2.42
-213.582	106.321	3.38
-213.582	110.269	3.38
-213.782	110.269	3.38
-213.782	106.321	3.38

#	Triangle	6
3	4	7	0	4	3
0	5	4	1	5	0
1	6	5	2	6	1
2	7	6	3	7	2
3	1	0	2	1	3
4	6	7	5	6	4

#	Normal	6
-0	-1	-0
1	-0	-0
-0	1	-0
-1	-0	0
-0	-0	-1
-0	-0	1

#	Mesh	0	End


COMPONENTFINISH

COMPONENT 17673=IfcBeam
#	TMesh	17215=IfcBeam
1.00444	3.47504e-005	0	0	3.47504e-005	-1.00444	0	0	0	0	1.00444	0	1.32922	207.947	0.0122852	1

COMPONENTFINISH

COMPONENT 17712=IfcWallStandardCase
#	Mesh	0	Begin

#	Vertex	8
-216.127	106.321	-2.42
-213.782	106.321	-2.42
-213.782	106.521	-2.42
-216.127	106.521	-2.42
-216.127	106.321	3.38
-213.782	106.321	3.38
-213.782	106.521	3.38
-216.127	106.521	3.38

#	Triangle	6
3	4	7	0	4	3
0	5	4	1	5	0
1	6	5	2	6	1
2	7	6	3	7	2
3	1	0	2	1	3
4	6	7	5	6	4

#	Normal	6
-1	-0	0
-0	-1	-0
1	-0	-0
-0	1	-0
0	-0	-1
-0	-0	1

#	Mesh	0	End


COMPONENTFINISH

COMPONENT 1773125=IfcBeam
#	Mesh	0	Begin

#	Vertex	8
55.3771	107.371	-9.158
55.3771	107.371	-9.958
55.8755	107.411	-9.958
55.8755	107.411	-9.158
55.7809	102.388	-9.158
55.7809	102.388	-9.958
56.2793	102.428	-9.958
56.2793	102.428	-9.158

#	Triangle	6
3	4	7	0	4	3
0	5	4	1	5	0
1	6	5	2	6	1
2	7	6	3	7	2
3	1	0	2	1	3
4	6	7	5	6	4

#	Normal	6
-0	0	1
-0.996733	-0.0807611	-0
0	-0	-1
0.996733	0.0807612	-0
-0.08075	0.996734	-0
0.0807655	-0.996733	-0

#	Mesh	0	End


COMPONENTFINISH

COMPONENT 17775=IfcWallStandardCase
#	Mesh	0	Begin

#	Vertex	8
-205.226	106.521	-2.42
-213.582	106.521	-2.42
-213.582	106.321	-2.42
-205.226	106.321	-2.42
-205.226	106.521	3.38
-213.582	106.521	3.38
-213.582	106.321	3.38
-205.226	106.321	3.38

#	Triangle	6
3	4	7	0	4	3
0	5	4	1	5	0
1	6	5	2	6	1
2	7	6	3	7	2
3	1	0	2	1	3
4	6	7	5	6	4

#	Normal	6
1	-0	-0
-0	1	-0
-1	-0	0
-0	-1	-0
-0	0	-1
0	0	1

#	Mesh	0	End


COMPONENTFINISH

COMPONENT 17823=IfcBeam
#	Mesh	0	Begin

#	Vertex	10
-297.816	106.329	-3.12
-297.816	114.765	-3.12
-298.316	114.765	-3.12
-298.316	106.329	-3.12
-297.816	106.329	-2.42
-297.816	114.765	-2.42
-298.316	106.329	-2.42
-298.316	114.765	-2.42
-297.816	106.383	-2.42
-297.816	106.383	-3.12

#	Triangle	6
9	2	1	3	2	9
8	1	5	9	1	8
6	5	7	8	5	6
7	3	6	2	3	7
2	5	1	7	5	2
6	9	8	3	9	6

#	Normal	6
-0	0	-1
1	-0	-0
-0	-0	1
-1	-0	-0
-0	1	-0
0.106838	-0.994276	-0

#	Mesh	0	End


COMPONENTFINISH

COMPONENT 17838=IfcWallStandardCase
#	TMesh	108942=IfcWallStandardCase
0.0793733	0.980259	-1.68244e-011	0	-0.980259	0.0793733	-5.28211e-010	0	5.2513e-010	-5.94001e-011	-0.983467	0	-272.149	15.0034	0.0993982	1

COMPONENTFINISH

COMPONENT 1785842=IfcBeam
#	Mesh	0	Begin

#	Vertex	8
67.1747	-8.22369	-11.643
67.1747	-8.22369	-11.243
67.1343	-7.72532	-11.243
67.1343	-7.72532	-11.643
60.457	-8.768	-11.643
60.457	-8.768	-11.243
60.4166	-8.26963	-11.243
60.4166	-8.26963	-11.643

#	Triangle	6
3	4	7	0	4	3
0	5	4	1	5	0
1	6	5	2	6	1
2	7	6	3	7	2
3	1	0	2	1	3
4	6	7	5	6	4

#	Normal	6
-0	-0	-1
0.0807612	-0.996733	-0
0	-0	1
-0.0807613	0.996733	-0
0.996733	0.0807656	-0
-0.996733	-0.0807657	0

#	Mesh	0	End


COMPONENTFINISH

COMPONENT 1789053=IfcBeam
#	Mesh	0	Begin

#	Vertex	10
95.2437	-33.7426	-11.2905
94.9206	-29.7548	-11.283
95.419	-29.7145	-11.283
95.7421	-33.7022	-11.2905
95.2436	-33.7418	-11.6905
94.9206	-29.7548	-11.683
95.742	-33.7014	-11.6905
95.419	-29.7145	-11.683
95.2436	-33.7418	-11.2905
95.742	-33.7014	-11.2905

#	Triangle	6
8	2	1	9	2	8
4	1	5	8	1	4
5	6	4	7	6	5
9	7	2	6	7	9
5	2	7	1	2	5
6	8	4	9	8	6

#	Normal	6
0.000151426	-0.00186885	0.999998
-0.996734	-0.0807608	0
-0.000151419	0.00186885	-0.999998
0.996734	0.0807608	0
-0.0807616	0.996733	-0
0.0807578	-0.996734	-0

#	Mesh	0	End


COMPONENTFINISH

COMPONENT 1789239=IfcBeam
#	Mesh	0	Begin

#	Vertex	8
102.249	-35.3213	-11.293
102.249	-35.3213	-11.693
102.29	-35.8197	-11.693
102.29	-35.8197	-11.293
93.1841	-36.0559	-11.293
93.1841	-36.0559	-11.693
93.2244	-36.5542	-11.693
93.2244	-36.5542	-11.293

#	Triangle	6
3	4	7	0	4	3
0	5	4	1	5	0
1	6	5	2	6	1
2	7	6	3	7	2
3	1	0	2	1	3
4	6	7	5	6	4

#	Normal	6
0	-0	1
-0.0807613	0.996733	-0
-0	-0	-1
0.0807613	-0.996733	-0
0.996734	0.08075	0
-0.996733	-0.0807655	-0

#	Mesh	0	End


COMPONENTFINISH

COMPONENT 17901=IfcWallStandardCase
#	TMesh	108942=IfcWallStandardCase
-0.0793733	0.980259	-1.68244e-011	0	0.980259	0.0793733	-5.28211e-010	0	-5.2513e-010	-5.94001e-011	-0.983467	0	-149.084	15.0034	0.0993982	1

COMPONENTFINISH

COMPONENT 17902=IfcBeam
#	TMesh	1102=IfcBeam
-0.27717	8.80858e-010	-8.80858e-010	0	-8.80858e-010	-0.27717	-9.75316e-012	0	8.80858e-010	9.75315e-012	-0.27717	0	-330.173	138.921	-5.60512	1

COMPONENTFINISH

COMPONENT 1794306=IfcBeam
#	Mesh	0	Begin

#	Vertex	8
97.0583	-140.443	-11.507
97.0583	-140.443	-11.907
97.0987	-140.942	-11.907
97.0987	-140.942	-11.507
91.2315	-140.916	-11.507
91.2315	-140.916	-11.907
91.2719	-141.414	-11.907
91.2719	-141.414	-11.507

#	Triangle	6
3	4	7	0	4	3
0	5	4	1	5	0
1	6	5	2	6	1
2	7	6	3	7	2
3	1	0	2	1	3
4	6	7	5	6	4

#	Normal	6
0	-0	1
-0.0807589	0.996734	-0
-0	-0	-1
0.0807614	-0.996733	-0
0.996733	0.0807668	0
-0.996734	-0.0807487	-0

#	Mesh	0	End


COMPONENTFINISH

COMPONENT 1795421=IfcWallStandardCase
#	Mesh	0	Begin

#	Vertex	8
-301.627	112.918	-2.42
-311.127	112.918	-2.42
-311.127	112.718	-2.42
-301.627	112.718	-2.42
-301.627	112.918	6.142
-311.127	112.918	6.142
-311.127	112.718	6.142
-301.627	112.718	6.142

#	Triangle	6
3	4	7	0	4	3
0	5	4	1	5	0
1	6	5	2	6	1
2	7	6	3	7	2
3	1	0	2	1	3
4	6	7	5	6	4

#	Normal	6
1	-0	-0
-0	1	-0
-1	-0	0
-0	-1	-0
-0	0	-1
0	0	1

#	Mesh	0	End


COMPONENTFINISH

COMPONENT 1795485=IfcWallStandardCase
#	Mesh	0	Begin

#	Vertex	8
-320.027	127.669	6.01567
-320.027	134.069	6.01567
-320.627	134.069	6.01567
-320.627	127.669	6.01567
-320.027	127.669	8.66167
-320.027	134.069	8.66167
-320.627	134.069	8.66167
-320.627	127.669	8.66167

#	Triangle	6
3	4	7	0	4	3
0	5	4	1	5	0
1	6	5	2	6	1
2	7	6	3	7	2
3	1	0	2	1	3
4	6	7	5	6	4

#	Normal	6
-0	-1	-0
1	-0	-0
-0	1	-0
-1	-0	0
-0	-0	-1
-0	-0	1

#	Mesh	0	End


COMPONENTFINISH

COMPONENT 1795550=IfcWallStandardCase
#	TMesh	1795485=IfcWallStandardCase
1	5.27036e-017	4.48742e-009	0	-5.27036e-017	1	0	0	-4.48742e-009	0	1	0	4.70001	-1.52588e-005	4.76837e-007	1

COMPONENTFINISH

COMPONENT 1795576=IfcBeam
#	Mesh	0	Begin

#	Vertex	8
68.6041	-58.4752	-11.523
68.6041	-58.4752	-11.923
69.1025	-58.4348	-11.923
69.1025	-58.4348	-11.523
68.7484	-60.2566	-11.523
68.7484	-60.2566	-11.923
69.2468	-60.2162	-11.923
69.2468	-60.2162	-11.523

#	Triangle	6
3	4	7	0	4	3
0	5	4	1	5	0
1	6	5	2	6	1
2	7	6	3	7	2
3	1	0	2	1	3
4	6	7	5	6	4

#	Normal	6
-0	0	1
-0.996733	-0.0807619	-0
0	-0	-1
0.996733	0.0807619	-0
-0.0807655	0.996733	-0
0.0807655	-0.996733	-0

#	Mesh	0	End


COMPONENTFINISH

COMPONENT 1795615=IfcWallStandardCase
#	Mesh	0	Begin

#	Vertex	8
-315.927	134.069	5.94527
-320.027	134.069	5.94527
-320.027	133.569	5.94527
-315.927	133.569	5.94527
-315.927	134.069	8.66167
-320.027	134.069	8.66167
-320.027	133.569	8.66167
-315.927	133.569	8.66167

#	Triangle	6
3	4	7	0	4	3
0	5	4	1	5	0
1	6	5	2	6	1
2	7	6	3	7	2
3	1	0	2	1	3
4	6	7	5	6	4

#	Normal	6
1	-0	-0
-0	1	-0
-1	-0	0
-0	-1	-0
-0	0	-1
0	0	1

#	Mesh	0	End


COMPONENTFINISH

COMPONENT 1795680=IfcWallStandardCase
#	TMesh	1795615=IfcWallStandardCase
0.999031	0	0	0	0	-0.999031	0	0	0	0	0.999031	0	-0.308167	261.608	0.0114431	1

COMPONENTFINISH

COMPONENT 1795745=IfcWallStandardCase
#	Mesh	0	Begin

#	Vertex	8
-306.127	134.069	6.01567
-311.327	134.069	6.01567
-311.327	133.569	6.01567
-306.127	133.569	6.01567
-306.127	134.069	8.66167
-311.327	134.069	8.66167
-311.327	133.569	8.66167
-306.127	133.569	8.66167

#	Triangle	6
3	4	7	0	4	3
0	5	4	1	5	0
1	6	5	2	6	1
2	7	6	3	7	2
3	1	0	2	1	3
4	6	7	5	6	4

#	Normal	6
1	-0	-0
-0	1	-0
-1	-0	0
-0	-1	-0
-0	0	-1
0	0	1

#	Mesh	0	End


COMPONENTFINISH

COMPONENT 1795810=IfcWallStandardCase
#	TMesh	1795745=IfcWallStandardCase
-1	0	1.1898e-008	0	0	1	0	0	-1.1898e-008	0	-1	0	-617.454	-5.90001	14.6773	1

COMPONENTFINISH

COMPONENT 1795875=IfcWallStandardCase
#	Mesh	0	Begin

#	Vertex	8
-310.727	128.169	6.01567
-310.727	133.569	6.01567
-311.327	133.569	6.01567
-311.327	128.169	6.01567
-310.727	128.169	8.66167
-310.727	133.569	8.66167
-311.327	133.569	8.66167
-311.327	128.169	8.66167

#	Triangle	6
3	4	7	0	4	3
0	5	4	1	5	0
1	6	5	2	6	1
2	7	6	3	7	2
3	1	0	2	1	3
4	6	7	5	6	4

#	Normal	6
-0	-1	-0
1	-0	-0
-0	1	-0
-1	-0	0
-0	-0	-1
-0	-0	1

#	Mesh	0	End


COMPONENTFINISH

COMPONENT 1795940=IfcWallStandardCase
#	TMesh	1795875=IfcWallStandardCase
1	-2.06961e-009	0	0	-2.06961e-009	-1	0	0	0	0	-1	0	4.59995	261.738	14.6773	1

COMPONENTFINISH

COMPONENT 1796005=IfcWallStandardCase
#	Mesh	0	Begin

#	Vertex	8
-297.127	134.069	6.01567
-302.127	134.069	6.01567
-302.127	133.469	6.01567
-297.127	133.469	6.01567
-297.127	134.069	8.66167
-302.127	134.069	8.66167
-302.127	133.469	8.66167
-297.127	133.469	8.66167

#	Triangle	6
3	4	7	0	4	3
0	5	4	1	5	0
1	6	5	2	6	1
2	7	6	3	7	2
3	1	0	2	1	3
4	6	7	5	6	4

#	Normal	6
1	-0	-0
-0	1	-0
-1	-0	0
-0	-1	-0
-0	0	-1
0	0	1

#	Mesh	0	End


COMPONENTFINISH

COMPONENT 1796070=IfcWallStandardCase
#	TMesh	1796005=IfcWallStandardCase
1	0	0	0	0	1	0	0	0	0	1	0	0	-5.89999	0	1

COMPONENTFINISH

COMPONENT 1796135=IfcWallStandardCase
#	Mesh	0	Begin

#	Vertex	8
-301.627	128.169	6.01567
-301.627	133.469	6.01567
-302.127	133.469	6.01567
-302.127	128.169	6.01567
-301.627	128.169	8.66167
-301.627	133.469	8.66167
-302.127	133.469	8.66167
-302.127	128.169	8.66167

#	Triangle	6
3	4	7	0	4	3
0	5	4	1	5	0
1	6	5	2	6	1
2	7	6	3	7	2
3	1	0	2	1	3
4	6	7	5	6	4

#	Normal	6
-0	-1	-0
1	-0	-0
-0	1	-0
-1	-0	0
-0	-0	-1
-0	-0	1

#	Mesh	0	End


COMPONENTFINISH

COMPONENT 1796200=IfcWallStandardCase
#	TMesh	1796135=IfcWallStandardCase
-1	0	0	0	0	1	0	0	0	0	1	0	-599.254	0	0	1

COMPONENTFINISH

COMPONENT 1796265=IfcWallStandardCase
#	Mesh	0	Begin

#	Vertex	8
-284.826	134.069	6.01567
-287.927	134.069	6.01567
-287.927	133.569	6.01567
-284.826	133.569	6.01567
-284.826	134.069	8.66167
-287.927	134.069	8.66167
-287.927	133.569	8.66167
-284.826	133.569	8.66167

#	Triangle	6
3	4	7	0	4	3
0	5	4	1	5	0
1	6	5	2	6	1
2	7	6	3	7	2
3	1	0	2	1	3
4	6	7	5	6	4

#	Normal	6
1	-0	-0
-0	1	-0
-1	-0	0
-0	-1	-0
-0	0	-1
0	0	1

#	Mesh	0	End


COMPONENTFINISH

COMPONENT 1796330=IfcWallStandardCase
#	Mesh	0	Begin

#	Vertex	8
-284.826	127.669	6.01567
-284.826	133.569	6.01567
-285.326	133.569	6.01567
-285.326	127.669	6.01567
-284.826	127.669	8.66167
-284.826	133.569	8.66167
-285.326	133.569	8.66167
-285.326	127.669	8.66167

#	Triangle	6
3	4	7	0	4	3
0	5	4	1	5	0
1	6	5	2	6	1
2	7	6	3	7	2
3	1	0	2	1	3
4	6	7	5	6	4

#	Normal	6
-0	-1	-0
1	-0	-0
-0	1	-0
-1	-0	0
-0	-0	-1
-0	-0	1

#	Mesh	0	End


COMPONENTFINISH

COMPONENT 1796395=IfcWallStandardCase
#	Mesh	0	Begin

#	Vertex	8
-287.927	127.669	6.01567
-285.326	127.669	6.01567
-285.326	128.169	6.01567
-287.927	128.169	6.01567
-287.927	127.669	8.66167
-285.326	127.669	8.66167
-285.326	128.169	8.66167
-287.927	128.169	8.66167

#	Triangle	6
3	4	7	0	4	3
0	5	4	1	5	0
1	6	5	2	6	1
2	7	6	3	7	2
3	1	0	2	1	3
4	6	7	5	6	4

#	Normal	6
-1	-0	0
-0	-1	-0
1	-0	-0
-0	1	-0
0	-0	-1
-0	-0	1

#	Mesh	0	End


COMPONENTFINISH

COMPONENT 1796460=IfcWallStandardCase
#	Mesh	0	Begin

#	Vertex	8
-287.927	133.569	6.01567
-287.927	128.169	6.01567
-287.427	128.169	6.01567
-287.427	133.569	6.01567
-287.927	133.569	8.66167
-287.927	128.169	8.66167
-287.427	128.169	8.66167
-287.427	133.569	8.66167

#	Triangle	6
3	4	7	0	4	3
0	5	4	1	5	0
1	6	5	2	6	1
2	7	6	3	7	2
3	1	0	2	1	3
4	6	7	5	6	4

#	Normal	6
-0	1	-0
-1	-0	0
-0	-1	-0
1	-0	-0
-0	-0	-1
-0	-0	1

#	Mesh	0	End


COMPONENTFINISH

COMPONENT 17964=IfcWallStandardCase
#	TMesh	11368=IfcWallStandardCase
-0.835342	-0.0676786	7.27978e-010	0	-0.0676786	0.835342	-7.22086e-009	0	1.42484e-010	7.25607e-009	0.838079	0	-153.932	219.157	11.9787	1

COMPONENTFINISH

COMPONENT 17981=IfcBeam
#	TMesh	1102=IfcBeam
-0.276163	0	-8.77657e-010	0	-8.77657e-010	0	0.276163	0	0	0.276163	0	0	-330.062	114.114	-31.8698	1

COMPONENTFINISH

COMPONENT 18079=IfcBeam
#	TMesh	1102=IfcBeam
0.27717	-6.88541e-019	-8.80858e-010	0	8.80857e-010	0.000216577	0.27717	0	-6.88291e-013	0.27717	-0.000216577	0	-268.661	115.977	-31.9788	1

COMPONENTFINISH

COMPONENT 1809892=IfcBeam
#	Mesh	0	Begin

#	Vertex	10
63.3028	100.837	-2.42
63.7805	94.9375	-2.41
63.2822	94.8972	-2.41
62.8045	100.797	-2.42
63.2822	94.8965	-2.81
62.8045	100.796	-2.82
63.7806	94.9369	-2.81
63.3029	100.837	-2.82
63.7805	94.9375	-2.81
63.2822	94.8972	-2.81

#	Triangle	8
0	2	1	3	2	0
9	3	5
2	3	9
8	5	7	9	5	8
1	7	0
8	7	1
0	5	3	7	5	0
8	2	9	1	2	8

#	Normal	8
-0.000136396	0.00168459	0.999999
-0.996738	-0.0807027	8.58792e-007
-0.996738	-0.0807027	-0
0.000136398	-0.00168462	-0.999999
0.996738	0.0807027	-8.58693e-007
0.996738	0.0807027	-0
-0.0807027	0.996737	-0.00170471
0.0807028	-0.996738	-0

#	Mesh	0	End


COMPONENTFINISH

COMPONENT 1810353=IfcBeam
#	Mesh	0	Begin

#	Vertex	8
78.3957	114.477	-2.415
78.3957	114.477	-2.815
78.8951	114.453	-2.815
78.8951	114.453	-2.415
77.906	104.295	-2.415
77.906	104.295	-2.815
78.4055	104.271	-2.815
78.4055	104.271	-2.415

#	Triangle	6
3	4	7	0	4	3
0	5	4	1	5	0
1	6	5	2	6	1
2	7	6	3	7	2
3	1	0	2	1	3
4	6	7	5	6	4

#	Normal	6
0	-0	1
-0.998846	0.0480354	-0
-0	-0	-1
0.998846	-0.0480355	-0
0.0480469	0.998845	0
-0.0480313	-0.998846	-0

#	Mesh	0	End


COMPONENTFINISH

COMPONENT 18210=IfcBeam
#	Mesh	0	Begin

#	Vertex	10
-302.544	105.821	-3.12
-302.544	114.765	-3.12
-303.044	114.765	-3.12
-303.044	105.821	-3.12
-303.044	114.765	-2.42
-303.044	105.821	-2.42
-302.544	114.765	-2.42
-302.544	105.821	-2.42
-302.544	105.875	-2.42
-302.544	105.875	-3.12

#	Triangle	6
9	2	1	3	2	9
3	4	2	5	4	3
5	6	4	8	6	5
8	1	6	9	1	8
2	6	1	4	6	2
5	9	8	3	9	5

#	Normal	6
-0	0	-1
-1	-0	-0
-0	-0	1
1	-0	-0
-0	1	-0
0.106823	-0.994278	-0

#	Mesh	0	End


COMPONENTFINISH

COMPONENT 18289=IfcBeam
#	TMesh	1102=IfcBeam
-0.273158	0	0	0	0	-0.273158	0	0	0	0	-0.273158	0	-329.743	126.996	-5.56191	1

COMPONENTFINISH

COMPONENT 1830233=IfcBeam
#	Mesh	0	Begin

#	Vertex	8
86.6413	-161.071	-3.644
86.6413	-161.071	-4.344
86.5848	-160.374	-4.344
86.5848	-160.374	-3.644
92.8128	-160.572	-3.644
92.8128	-160.572	-4.344
92.7563	-159.874	-4.344
92.7563	-159.874	-3.644

#	Triangle	6
3	4	7	0	4	3
0	5	4	1	5	0
1	6	5	2	6	1
2	7	6	3	7	2
3	1	0	2	1	3
4	6	7	5	6	4

#	Normal	6
-0	-0	1
0.0807026	-0.996738	-0
-0	0	-1
-0.0807026	0.996738	-0
-0.996738	-0.0807029	-0
0.996738	0.0807029	0

#	Mesh	0	End


COMPONENTFINISH

COMPONENT 18368=IfcBeam
#	TMesh	1102=IfcBeam
-0.273157	0	0	0	0	-0.273156	0.000750991	0	0	-0.000750991	-0.273156	0	-329.743	125.388	-5.64144	1

COMPONENTFINISH

COMPONENT 18447=IfcBeam
#	TMesh	1102=IfcBeam
0.273157	0	0	0	0	0	-0.273157	0	0	0.273157	0	0	-269.121	98.8067	26.3115	1

COMPONENTFINISH

COMPONENT 18526=IfcBeam
#	TMesh	1102=IfcBeam
-0.273158	0	0	0	0	-0.273158	0	0	0	0	-0.273158	0	-329.743	122.896	-5.56191	1

COMPONENTFINISH

COMPONENT 18638=IfcBeam
#	TMesh	1809892=IfcBeam
2.95714e-005	0.109155	1.3481	0	-0.00065391	-1.3481	0.109155	0	-1.35251	0.000654165	-2.32993e-005	0	-301.574	221.786	-98.7774	1

COMPONENTFINISH

COMPONENT 18755=IfcBeam
#	Mesh	0	Begin

#	Vertex	8
-274.522	114.765	-3.12
-274.522	114.765	-2.42
-275.022	114.765	-2.42
-275.022	114.765	-3.12
-274.522	107.61	-3.12
-274.522	107.61	-2.42
-275.022	107.61	-2.42
-275.022	107.61	-3.12

#	Triangle	6
3	4	7	0	4	3
0	5	4	1	5	0
1	6	5	2	6	1
2	7	6	3	7	2
3	1	0	2	1	3
4	6	7	5	6	4

#	Normal	6
0	-0	-1
1	-0	-0
0	0	1
-1	-0	-0
-0	1	-0
-0	-1	0

#	Mesh	0	End


COMPONENTFINISH

COMPONENT 187=IfcSlab
#	Mesh	0	Begin

#	Vertex	8
-271.572	104.149	-2.27
-271.572	104.249	-2.27
-271.512	104.249	-2.27
-271.512	104.149	-2.27
-271.572	104.149	-2.82
-271.572	104.249	-2.82
-271.512	104.249	-2.82
-271.512	104.149	-2.82

#	Triangle	6
3	4	7	0	4	3
0	5	4	1	5	0
1	6	5	2	6	1
2	7	6	3	7	2
3	1	0	2	1	3
4	6	7	5	6	4

#	Normal	6
-0	-1	-0
-1	0	-0
-0	1	-0
1	0	0
-0	-0	1
-0	-0	-1

#	Mesh	0	End


COMPONENTFINISH

COMPONENT 18872=IfcBeam
#	TMesh	18755=IfcBeam
1	0	0	0	0	1	0	0	0	0	1	0	4.79999	-7.62939e-006	2.38419e-007	1

COMPONENTFINISH

COMPONENT 18909=IfcSlab
#	Mesh	0	Begin

#	Vertex	28
-303.818	107.115	-2.27
-303.818	107.115	-2.82
-303.818	92.7648	-2.82
-303.818	92.7648	-2.27
-320.718	92.7648	-2.82
-320.718	92.7648	-2.27
-320.718	115.719	-2.82
-320.718	115.719	-2.27
-305.937	115.719	-2.82
-305.937	115.719	-2.27
-305.937	113.965	-2.82
-305.937	113.965	-2.27
-303.818	113.965	-2.82
-303.818	113.965	-2.27
-303.818	111.615	-2.82
-303.818	111.615	-2.27
-310.222	111.615	-2.82
-310.222	111.615	-2.27
-310.222	107.115	-2.82
-310.222	107.115	-2.27
-312.823	93.63	-2.27
-306.167	93.63	-2.27
-306.167	97.8048	-2.27
-312.823	97.8048	-2.27
-306.167	93.63	-2.82
-312.823	93.63	-2.82
-312.823	97.8048	-2.82
-306.167	97.8048	-2.82

#	Triangle	6
0	2	1	3	2	0	9	10	8	11	10	9	13	14	12	15	14	13	17	18	16	19	18	17	23	25	26	20	25	23
3	4	2	5	4	3	15	16	14	17	16	15	22	26	27	23	26	22
5	6	4	7	6	5	21	27	24	22	27	21
7	8	6	9	8	7	11	12	10	13	12	11	19	1	18	0	1	19	20	24	25	21	24	20
3	20	5	20	7	5	20	23	7	23	19	7	19	17	7	17	9	7	3	21	20	22	19	23	22	0	19	15	11	17	11	9	17	3	22	21	3	0	22	15	13	11
8	16	6	16	4	6	16	26	4	26	25	4	25	2	4	16	18	26	18	27	26	24	2	25	8	10	16	10	14	16	1	27	18	1	24	27	1	2	24	12	14	10

#	Normal	6
1	0	0
-0	-1	-0
-1	0	-0
-0	1	-0
-0	-0	1
-0	-0	-1

#	Mesh	0	End


COMPONENTFINISH

