COMPONENT 3047769=IfcFlowSegment
#	TMesh	1206330=IfcFlowSegment
0	-0.535498	0	0	0.46374	0	-0.267774	0	-0.267774	0	-0.46374	0	-31.4339	93.3242	24.6865	1

COMPONENTFINISH

COMPONENT 3047857=IfcFlowFitting
#	TMesh	2368880=IfcFlowFitting
-0.999934	-0.00168131	-0.000131089	0	-0.00168131	0.999934	-5.88596e-007	0	0.00013109	-3.61353e-007	-0.999936	0	33.4902	0.0360184	-7.13702	1

COMPONENTFINISH

COMPONENT 3048062=IfcFlowFitting
#	TMesh	2387496=IfcFlowFitting
-0.0405449	0.500408	-2.70102e-005	0	0.500408	0.0405449	5.91576e-006	0	8.07643e-006	-2.64444e-005	-0.502047	0	39.6921	73.3166	-6.36155	1

COMPONENTFINISH

COMPONENT 3048154=IfcFlowFitting
#	TMesh	2365390=IfcFlowFitting
-0.866027	0.500031	-0.000470407	0	0.500031	0.866027	-4.8451e-005	0	0.000383151	-0.000277173	-1.00002	0	-36.9339	2.40328	-6.72481	1

COMPONENTFINISH

COMPONENT 3048351=IfcFlowFitting
#	Mesh	0	Begin

#	Vertex	18
13.6622	104.745	-3.4
13.6622	103.685	-3.4
13.6622	103.685	-2.94
13.6622	104.745	-2.94
14.6945	103.715	-3.37
13.6652	103.715	-3.37
13.6652	104.716	-3.37
14.342	105.048	-3.37
14.6945	105.048	-3.37
13.6652	104.716	-2.97
14.342	105.048	-2.97
14.6945	105.048	-2.97
13.6652	103.715	-2.97
14.6945	103.715	-2.97
13.6652	104.745	-3.4
13.6652	104.745	-2.94
13.6652	103.685	-2.94
13.6652	103.685	-3.4

#	Triangle	7
3	1	2	0	1	3
5	8	4	5	7	8	5	6	7	14	1	0	17	1	14
10	6	9	7	6	10
10	13	11	10	12	13	9	12	10	16	3	2	15	3	16
4	12	5	13	12	4	17	2	1	16	2	17
4	11	13	8	11	4	17	12	16	12	15	16	12	9	15	9	14	15	17	5	12	6	14	9	17	6	5	17	14	6
11	7	10	8	7	11	15	0	3	14	0	15

#	Normal	7
-1	-0	-0
-0	-0	-1
-0.440288	0.897856	-0
-0	-0	1
-0	-1	0
1	-0	-0
0	1	0

#	Mesh	0	End


COMPONENTFINISH

COMPONENT 3056244=IfcFlowController
#	TMesh	1987888=IfcFlowController
-0.00174512	-0.998709	-0.00375955	0	0.998713	-0.00173484	-0.0027325	0	0.00272591	-0.00376431	0.998707	0	-82.58	115.213	1.78305	1

COMPONENTFINISH

COMPONENT 3057463=IfcFlowFitting
#	Mesh	0	Begin

#	Vertex	144
22.4587	100.445	-5.1597
22.4612	100.444	-5.1597
22.4711	100.461	-5.19838
22.4638	100.464	-5.19838
22.456	100.445	-5.1597
22.456	100.465	-5.19838
22.465	100.44	-5.1597
22.4661	100.437	-5.1597
22.4852	100.443	-5.19838
22.4822	100.45	-5.19838
22.4634	100.442	-5.1597
22.4774	100.456	-5.19838
22.4862	100.435	-5.19838
22.4664	100.435	-5.1597
22.4822	100.42	-5.19838
22.4852	100.427	-5.19838
22.4661	100.432	-5.1597
22.465	100.43	-5.1597
22.4612	100.426	-5.1597
22.4711	100.409	-5.19838
22.4774	100.413	-5.19838
22.4634	100.427	-5.1597
22.4587	100.425	-5.1597
22.4638	100.406	-5.19838
22.456	100.405	-5.19838
22.456	100.424	-5.1597
22.4533	100.425	-5.1597
22.4507	100.426	-5.1597
22.4408	100.409	-5.19838
22.4481	100.406	-5.19838
22.4469	100.43	-5.1597
22.4459	100.432	-5.1597
22.4268	100.427	-5.19838
22.4298	100.42	-5.19838
22.4486	100.427	-5.1597
22.4346	100.413	-5.19838
22.4257	100.435	-5.19838
22.4455	100.435	-5.1597
22.4298	100.45	-5.19838
22.4268	100.443	-5.19838
22.4459	100.437	-5.1597
22.4469	100.44	-5.1597
22.4507	100.444	-5.1597
22.4408	100.461	-5.19838
22.4346	100.456	-5.19838
22.4486	100.442	-5.1597
22.4533	100.445	-5.1597
22.4481	100.464	-5.19838
22.4674	100.438	-5.15
22.4662	100.441	-5.15
22.4643	100.443	-5.15
22.4619	100.445	-5.15
22.459	100.446	-5.15
22.456	100.447	-5.15
22.4529	100.446	-5.15
22.4501	100.445	-5.15
22.4476	100.443	-5.15
22.4458	100.441	-5.15
22.4446	100.438	-5.15
22.4442	100.435	-5.15
22.4446	100.432	-5.15
22.4458	100.429	-5.15
22.4476	100.426	-5.15
22.4501	100.425	-5.15
22.4529	100.423	-5.15
22.456	100.423	-5.15
22.459	100.423	-5.15
22.4619	100.425	-5.15
22.4643	100.426	-5.15
22.4662	100.429	-5.15
22.4674	100.432	-5.15
22.4678	100.435	-5.15
22.4458	100.441	-5.1597
22.4476	100.443	-5.1597
22.4446	100.438	-5.1597
22.4501	100.445	-5.1597
22.4529	100.446	-5.1597
22.456	100.447	-5.1597
22.459	100.446	-5.1597
22.4619	100.445	-5.1597
22.4643	100.443	-5.1597
22.4662	100.441	-5.1597
22.4674	100.438	-5.1597
22.4678	100.435	-5.1597
22.4674	100.432	-5.1597
22.4662	100.429	-5.1597
22.4643	100.426	-5.1597
22.4619	100.425	-5.1597
22.459	100.423	-5.1597
22.456	100.423	-5.1597
22.4529	100.423	-5.1597
22.4501	100.425	-5.1597
22.4476	100.426	-5.1597
22.4458	100.429	-5.1597
22.4446	100.432	-5.1597
22.4442	100.435	-5.1597
22.4855	100.452	-5.19838
22.48	100.459	-5.19838
22.4889	100.444	-5.19838
22.473	100.464	-5.19838
22.4648	100.468	-5.19838
22.456	100.469	-5.19838
22.4472	100.468	-5.19838
22.4389	100.464	-5.19838
22.4319	100.459	-5.19838
22.4265	100.452	-5.19838
22.4231	100.444	-5.19838
22.4219	100.435	-5.19838
22.4231	100.426	-5.19838
22.4265	100.418	-5.19838
22.4319	100.411	-5.19838
22.4389	100.405	-5.19838
22.4472	100.402	-5.19838
22.456	100.401	-5.19838
22.4648	100.402	-5.19838
22.473	100.405	-5.19838
22.48	100.411	-5.19838
22.4855	100.418	-5.19838
22.4889	100.426	-5.19838
22.49	100.435	-5.19838
22.4219	100.435	-5.21748
22.4231	100.444	-5.21748
22.4265	100.452	-5.21748
22.4319	100.459	-5.21748
22.4389	100.464	-5.21748
22.4472	100.468	-5.21748
22.456	100.469	-5.21748
22.4648	100.468	-5.21748
22.473	100.464	-5.21748
22.48	100.459	-5.21748
22.4855	100.452	-5.21748
22.4889	100.444	-5.21748
22.49	100.435	-5.21748
22.4889	100.426	-5.21748
22.4855	100.418	-5.21748
22.48	100.411	-5.21748
22.473	100.405	-5.21748
22.4648	100.402	-5.21748
22.456	100.401	-5.21748
22.4472	100.402	-5.21748
22.4389	100.405	-5.21748
22.4319	100.411	-5.21748
22.4265	100.418	-5.21748
22.4231	100.426	-5.21748

#	Triangle	114
3	1	2
0	1	3
5	0	3
4	0	5
9	7	8
6	7	9
11	6	9
10	6	11
2	10	11
1	10	2
13	8	7
12	8	13
17	15	16
14	15	17
16	12	13
15	12	16
21	19	20
18	19	21
20	17	21
14	17	20
23	18	22
19	18	23
25	23	22
24	23	25
29	27	28
26	27	29
24	26	29
25	26	24
33	31	32
30	31	33
35	30	33
34	30	35
28	34	35
27	34	28
37	32	31
36	32	37
41	39	40
38	39	41
40	36	37
39	36	40
45	43	44
42	43	45
44	41	45
38	41	44
47	42	46
43	42	47
4	47	46
5	47	4
66	64	65	53	54	52
67	64	66	52	54	55
67	63	64	52	55	51
68	63	67	51	55	56
68	62	63	51	56	50
69	62	68	50	56	57
69	61	62	50	57	49
70	61	69	49	57	58
70	60	61	49	58	48
71	60	70	48	58	59
71	59	60	48	59	71
41	72	73	40	72	41	72	40	74	45	41	73	73	75	45	75	42	45	75	46	42	76	46	75	4	46	76	77	4	76	77	0	4	78	0	77	78	1	0	79	1	78	79	10	1	10	79	80	10	80	6	6	80	81	7	6	81	81	82	7	13	7	82	83	13	82	16	13	83	84	16	83	17	16	84	84	85	17	17	85	21	86	21	85	86	18	21	86	87	18	87	88	18	88	22	18	89	22	88	89	25	22	89	90	25	25	90	26	91	26	90	91	27	26	92	27	91	34	27	92	34	92	93	30	34	93	94	30	93	30	94	31	94	95	31	95	74	37	31	95	37	37	74	40
89	66	65	88	66	89
88	67	66	87	67	88
85	68	86	69	68	85
67	86	68	87	86	67
84	69	85	70	69	84
83	70	84	71	70	83
83	48	71	82	48	83
82	49	48	81	49	82
79	50	80	51	50	79
49	80	50	81	80	49
78	51	79	52	51	78
77	52	78	53	52	77
77	54	53	76	54	77
76	55	54	75	55	76
72	56	73	57	56	72
55	73	56	75	73	55
74	57	72	58	57	74
95	58	74	59	58	95
95	60	59	94	60	95
94	61	60	93	61	94
91	62	92	63	62	91
61	92	62	93	92	61
90	63	91	64	63	90
89	64	90	65	64	89
9	96	97	96	8	98	100	3	99	103	43	102	38	104	105	105	106	39	107	36	106	108	32	107	108	109	33	110	111	28	111	112	28	113	29	112	113	114	24	116	19	115	20	116	117	118	14	117	118	119	15	119	98	12
8	96	9	11	9	97	99	2	11	99	3	2	5	3	100	101	47	5	102	43	47	103	44	43	44	104	38	39	38	105	36	39	106	32	36	107	33	32	108	33	109	35	110	28	35	112	29	28	113	24	29	24	114	23	115	19	23	20	19	116	14	20	117	14	118	15	15	119	12	12	98	8
97	99	11	101	5	100	102	47	101	44	103	104	110	35	109	115	23	114
133	131	132	120	121	143
134	131	133	143	121	122
134	130	131	135	130	134	135	129	130	136	129	135	136	128	129	137	128	136	137	127	128	138	127	137	138	126	127	139	126	138	139	125	126	140	125	139	140	124	125	141	124	140	141	123	124	142	123	141	142	122	123	143	122	142
138	114	113	137	114	138
137	115	114	136	115	137
134	116	135	117	116	134
115	135	116	136	135	115
133	117	134	118	117	133
132	118	133	119	118	132
132	98	119	131	98	132
131	96	98	130	96	131
128	97	129	99	97	128
96	129	97	130	129	96
127	99	128	100	99	127
126	100	127	101	100	126
126	102	101	125	102	126
125	103	102	124	103	125
122	104	123	105	104	122
103	123	104	124	123	103
121	105	122	106	105	121
120	106	121	107	106	120
120	108	107	143	108	120
143	109	108	142	109	143
110	140	111	141	140	110
109	141	110	142	141	109
113	139	138	112	139	113
139	111	140	112	111	139

#	Normal	114
0.340681	0.82412	0.452507
0.339742	0.824449	0.452615
0.116441	0.884115	0.452529
0.117446	0.884038	0.452419
0.823817	0.341346	0.452557
0.824159	0.340635	0.452471
0.707543	0.542788	0.452508
0.707542	0.54279	0.452508
0.543196	0.707213	0.452536
0.5436	0.706936	0.452482
0.884025	0.116891	0.452589
0.884145	0.116254	0.452518
0.824099	-0.340611	0.452598
0.823838	-0.341355	0.452512
0.884078	-0.116898	0.452484
0.884127	-0.116251	0.452555
0.542652	-0.707654	0.452499
0.541959	-0.708126	0.45259
0.707542	-0.54279	0.452508
0.707543	-0.542788	0.452508
0.341946	-0.823605	0.45249
0.341426	-0.823788	0.45255
0.114934	-0.884354	0.452448
0.116435	-0.884072	0.452615
-0.341346	-0.823816	0.452559
-0.341946	-0.823605	0.45249
-0.11647	-0.88411	0.452531
-0.115	-0.884221	0.452691
-0.823906	-0.341162	0.452534
-0.823903	-0.341167	0.452535
-0.707429	-0.542921	0.452527
-0.707542	-0.54279	0.452508
-0.542756	-0.707569	0.452506
-0.541953	-0.708117	0.452612
-0.884142	-0.116267	0.45252
-0.884104	-0.116469	0.452542
-0.823904	0.341168	0.452534
-0.823906	0.341162	0.452535
-0.884126	0.116265	0.452553
-0.88411	0.11647	0.452531
-0.5433	0.707128	0.452543
-0.543594	0.706927	0.452504
-0.707542	0.54279	0.452508
-0.707429	0.542921	0.452527
-0.339742	0.824449	0.452615
-0.340601	0.824148	0.452516
-0.117518	0.883943	0.452587
-0.116474	0.88414	0.452471
0	-0	2.43343e-006
0	-0	7.20485e-006
0	-0	1.39189e-005
0	-0	2.21228e-005
0	-0	3.12891e-005
0	-0	4.08062e-005
0	-0	4.99809e-005
0	-0	5.81247e-005
0	-0	6.48231e-005
0	-0	6.96314e-005
0	-0	7.20894e-005
-0	0	-4.12059e-006
3.86492e-006	-2.96311e-005	-0
1.14432e-005	-2.76039e-005	-0
2.372e-005	-1.82068e-005	-0
1.81879e-005	-2.37011e-005	-0
2.75849e-005	-1.14243e-005	-0
2.96311e-005	-3.90281e-006	-0
2.96311e-005	3.90281e-006	-0
2.75849e-005	1.14243e-005	-0
1.81879e-005	2.37011e-005	-0
2.372e-005	1.82068e-005	0
1.14432e-005	2.76039e-005	-0
3.9407e-006	2.96311e-005	-0
-3.9407e-006	2.96121e-005	-0
-1.14432e-005	2.76039e-005	-0
-2.372e-005	1.81879e-005	-0
-1.81879e-005	2.372e-005	-0
-2.75849e-005	1.14243e-005	-0
-2.96311e-005	3.90281e-006	-0
-2.96311e-005	-3.90281e-006	0
-2.75849e-005	-1.14243e-005	0
-1.81879e-005	-2.372e-005	0
-2.372e-005	-1.81879e-005	-0
-1.14432e-005	-2.76039e-005	0
-3.86492e-006	-2.96121e-005	0
-0	-0	3.34879e-005
-0	-0	2.97539e-005
0	-0	3.35045e-005
-0	0	-2.04478e-005
-0	-0	-5.99663e-005
-0	0	-1
0.130091	-0.991502	-0
0.383102	-0.923706	-0
0.793521	-0.608542	-0
0.608372	-0.793652	-0
0.923829	-0.382805	-0
0.991445	-0.130523	-0
0.991445	0.130523	-0
0.923829	0.382805	-0
0.608925	0.793228	-0
0.793521	0.608542	0
0.382352	0.924017	-0
0.130955	0.991388	-0
-0.130955	0.991388	-0
-0.382429	0.923985	-0
-0.793415	0.608681	-0
-0.608925	0.793228	-0
-0.923907	0.382617	-0
-0.991445	0.130523	-0
-0.991445	-0.130523	0
-0.923907	-0.382617	0
-0.608372	-0.793652	-0
-0.793415	-0.608681	-0
-0.130091	-0.991502	-0
-0.38318	-0.923674	0

#	Mesh	0	End


COMPONENTFINISH

COMPONENT 3057563=IfcFlowController
#	TMesh	2126980=IfcFlowController
-0.00110157	-0.999065	0.000819723	0	-4.80775e-005	0.000819776	0.999066	0	-0.999066	0.00110157	-4.89815e-005	0	15.9192	101.722	-107.489	1

COMPONENTFINISH

COMPONENT 3058782=IfcFlowFitting
#	Mesh	0	Begin

#	Vertex	144
22.4606	104.372	-5.1642
22.4649	104.37	-5.1642
22.4711	104.381	-5.1992
22.4638	104.384	-5.1992
22.456	104.373	-5.1642
22.456	104.385	-5.1992
22.4715	104.364	-5.1642
22.4733	104.359	-5.1642
22.4852	104.363	-5.1992
22.4822	104.37	-5.1992
22.4687	104.367	-5.1642
22.4774	104.376	-5.1992
22.4862	104.355	-5.1992
22.4739	104.355	-5.1642
22.4852	104.347	-5.1992
22.4733	104.35	-5.1642
22.4715	104.346	-5.1642
22.4822	104.34	-5.1992
22.4774	104.333	-5.1992
22.4687	104.342	-5.1642
22.4649	104.339	-5.1642
22.4711	104.329	-5.1992
22.4606	104.337	-5.1642
22.4638	104.326	-5.1992
22.456	104.325	-5.1992
22.456	104.337	-5.1642
22.4513	104.337	-5.1642
22.447	104.339	-5.1642
22.4408	104.329	-5.1992
22.4481	104.326	-5.1992
22.4404	104.346	-5.1642
22.4386	104.35	-5.1642
22.4268	104.347	-5.1992
22.4298	104.34	-5.1992
22.4433	104.342	-5.1642
22.4346	104.333	-5.1992
22.4257	104.355	-5.1992
22.438	104.355	-5.1642
22.4268	104.363	-5.1992
22.4386	104.359	-5.1642
22.4404	104.364	-5.1642
22.4298	104.37	-5.1992
22.4346	104.376	-5.1992
22.4433	104.367	-5.1642
22.447	104.37	-5.1642
22.4408	104.381	-5.1992
22.4513	104.372	-5.1642
22.4481	104.384	-5.1992
22.476	104.36	-5.15
22.4739	104.365	-5.15
22.4706	104.369	-5.15
22.4663	104.373	-5.15
22.4613	104.375	-5.15
22.456	104.375	-5.15
22.4506	104.375	-5.15
22.4456	104.373	-5.15
22.4413	104.369	-5.15
22.438	104.365	-5.15
22.436	104.36	-5.15
22.4353	104.355	-5.15
22.436	104.349	-5.15
22.438	104.344	-5.15
22.4413	104.34	-5.15
22.4456	104.337	-5.15
22.4506	104.335	-5.15
22.456	104.334	-5.15
22.4613	104.335	-5.15
22.4663	104.337	-5.15
22.4706	104.34	-5.15
22.4739	104.344	-5.15
22.476	104.349	-5.15
22.4767	104.355	-5.15
22.438	104.365	-5.1642
22.4413	104.369	-5.1642
22.436	104.36	-5.1642
22.4456	104.373	-5.1642
22.4506	104.375	-5.1642
22.456	104.375	-5.1642
22.4613	104.375	-5.1642
22.4663	104.373	-5.1642
22.4706	104.369	-5.1642
22.4739	104.365	-5.1642
22.476	104.36	-5.1642
22.4767	104.355	-5.1642
22.476	104.349	-5.1642
22.4739	104.344	-5.1642
22.4706	104.34	-5.1642
22.4663	104.337	-5.1642
22.4613	104.335	-5.1642
22.456	104.334	-5.1642
22.4506	104.335	-5.1642
22.4456	104.337	-5.1642
22.4413	104.34	-5.1642
22.438	104.344	-5.1642
22.436	104.349	-5.1642
22.4353	104.355	-5.1642
22.4855	104.372	-5.1992
22.48	104.379	-5.1992
22.4889	104.364	-5.1992
22.473	104.384	-5.1992
22.4648	104.388	-5.1992
22.456	104.389	-5.1992
22.4472	104.388	-5.1992
22.4389	104.384	-5.1992
22.4319	104.379	-5.1992
22.4265	104.372	-5.1992
22.4231	104.364	-5.1992
22.4219	104.355	-5.1992
22.4231	104.346	-5.1992
22.4265	104.338	-5.1992
22.4319	104.331	-5.1992
22.4389	104.325	-5.1992
22.4472	104.322	-5.1992
22.456	104.321	-5.1992
22.4648	104.322	-5.1992
22.473	104.325	-5.1992
22.48	104.331	-5.1992
22.4855	104.338	-5.1992
22.4889	104.346	-5.1992
22.49	104.355	-5.1992
22.4219	104.355	-5.2183
22.4231	104.364	-5.2183
22.4265	104.372	-5.2183
22.4319	104.379	-5.2183
22.4389	104.384	-5.2183
22.4472	104.388	-5.2183
22.456	104.389	-5.2183
22.4648	104.388	-5.2183
22.473	104.384	-5.2183
22.48	104.379	-5.2183
22.4855	104.372	-5.2183
22.4889	104.364	-5.2183
22.49	104.355	-5.2183
22.4889	104.346	-5.2183
22.4855	104.338	-5.2183
22.48	104.331	-5.2183
22.473	104.325	-5.2183
22.4648	104.322	-5.2183
22.456	104.321	-5.2183
22.4472	104.322	-5.2183
22.4389	104.325	-5.2183
22.4319	104.331	-5.2183
22.4265	104.338	-5.2183
22.4231	104.346	-5.2183

#	Triangle	110
3	1	2
0	1	3
5	0	3
4	0	5
9	7	8
6	7	9
11	6	9
10	6	11
2	10	11
1	10	2
13	8	7
12	8	13
15	12	13
14	12	15
15	17	14
16	17	15
21	19	20
18	19	21
18	16	19
17	16	18
23	20	22
21	20	23
25	23	22
24	23	25
29	27	28
26	27	29
24	26	29
25	26	24
33	31	32
30	31	33
35	30	33
34	30	35
28	34	35
27	34	28
37	32	31
36	32	37
39	36	37
38	36	39
39	41	38
40	41	39
45	43	44
42	43	45
42	40	43
41	40	42
47	44	46
45	44	47
4	47	46
5	47	4
66	64	65	53	54	52
67	64	66	52	54	55
67	63	64	52	55	51
68	63	67	51	55	56
68	62	63	51	56	50
69	62	68	69	61	62	70	61	69	70	60	61	71	60	70	71	59	60	48	59	71	48	58	59	49	58	48	49	57	58	50	57	49	50	56	57
40	72	73	72	39	74	73	75	43	76	46	75	77	4	76	78	0	77	79	1	78	10	79	80	6	80	81	81	82	7	83	13	82	84	15	83	84	85	16	86	19	85	86	87	20	87	88	20	89	22	88	89	90	25	91	26	90	92	27	91	34	92	93	94	30	93	94	95	31	95	74	37
39	72	40	43	40	73	75	44	43	75	46	44	4	46	76	77	0	4	78	1	0	79	10	1	10	80	6	7	6	81	13	7	82	15	13	83	16	15	84	16	85	19	86	20	19	88	22	20	89	25	22	25	90	26	91	27	26	34	27	92	30	34	93	30	94	31	31	95	37	37	74	39
89	66	65	88	66	89
88	67	66	87	67	88
85	68	86	69	68	85
67	86	68	87	86	67
84	69	85	70	69	84
83	70	84	71	70	83
83	48	71	82	48	83
82	49	48	81	49	82
79	50	80	51	50	79
49	80	50	81	80	49
78	51	79	52	51	78
77	52	78	53	52	77
77	54	53	76	54	77
76	55	54	75	55	76
72	56	73	57	56	72
55	73	56	75	73	55
74	57	72	58	57	74
95	58	74	59	58	95
95	60	59	94	60	95
94	61	60	93	61	94
91	62	92	63	62	91
61	92	62	93	92	61
90	63	91	64	63	90
90	65	64	89	65	90
9	96	97	96	8	98	100	3	99	103	45	102	41	104	105	105	106	38	107	36	106	108	32	107	108	109	33	110	111	28	111	112	28	113	29	112	113	114	24	116	21	115	18	116	117	118	17	117	118	119	14	119	98	12
8	96	9	11	9	97	99	2	11	99	3	2	5	3	100	101	47	5	102	45	47	103	42	45	42	104	41	38	41	105	36	38	106	32	36	107	33	32	108	33	109	35	110	28	35	112	29	28	113	24	29	24	114	23	115	21	23	18	21	116	17	18	117	17	118	14	14	119	12	12	98	8
97	99	11	101	5	100	102	47	101	42	103	104	110	35	109	115	23	114
133	131	132	120	121	143
134	131	133	143	121	122
134	130	131	135	130	134	135	129	130	136	129	135	136	128	129	137	128	136	137	127	128	138	127	137	138	126	127	139	126	138	139	125	126	140	125	139	140	124	125	141	124	140	141	123	124	142	123	141	142	122	123	143	122	142
138	114	113	137	114	138
137	115	114	136	115	137
134	116	135	117	116	134
115	135	116	136	135	115
133	117	134	118	117	133
132	118	133	119	118	132
132	98	119	131	98	132
131	96	98	130	96	131
128	97	129	99	97	128
96	129	97	130	129	96
127	99	128	100	99	127
126	100	127	101	100	126
126	102	101	125	102	126
125	103	102	124	103	125
122	104	123	105	104	122
103	123	104	124	123	103
121	105	122	106	105	121
120	106	121	107	106	120
120	108	107	143	108	120
143	109	108	142	109	143
110	140	111	141	140	110
109	141	110	142	141	109
113	139	138	112	139	113
139	111	140	112	111	139

#	Normal	110
0.360754	0.872678	0.329073
0.361964	0.872255	0.328868
0.123312	0.936285	0.328884
0.122797	0.936323	0.328967
0.872412	0.361481	0.328983
0.872284	0.361746	0.32903
0.749251	0.574784	0.329009
0.749382	0.574631	0.328976
0.575227	0.748915	0.328999
0.574799	0.749207	0.329082
0.936266	0.123131	0.329005
0.936271	0.123107	0.329001
0.936244	-0.123335	0.328992
0.936261	-0.123106	0.329028
0.872388	-0.361471	0.329055
0.872522	-0.361193	0.329005
0.575831	-0.748502	0.328881
0.574614	-0.749334	0.329117
0.748756	-0.57536	0.32913
0.749251	-0.574784	0.329009
0.360589	-0.872736	0.329101
0.36157	-0.872393	0.328935
0.122793	-0.936295	0.32905
0.123301	-0.936199	0.329132
-0.361486	-0.872422	0.328949
-0.360589	-0.872736	0.329101
-0.123334	-0.936216	0.329072
-0.122839	-0.936253	0.329151
-0.872468	-0.361271	0.329063
-0.872666	-0.360859	0.32899
-0.74914	-0.574932	0.329001
-0.748562	-0.575604	0.329143
-0.574725	-0.749245	0.329123
-0.575825	-0.748494	0.32891
-0.936228	-0.123333	0.329038
-0.936228	-0.123335	0.329038
-0.936252	0.123129	0.329047
-0.936236	0.123337	0.329013
-0.872491	0.36128	0.328992
-0.872428	0.361412	0.329015
-0.574793	0.749199	0.32911
-0.575338	0.748827	0.329004
-0.749189	0.574876	0.328989
-0.74914	0.574932	0.329001
-0.361964	0.872255	0.328868
-0.360669	0.872708	0.329087
-0.122852	0.936352	0.328865
-0.12334	0.93626	0.328945
0	-0	7.53387e-006
0	-0	2.21831e-005
0	-0	4.28579e-005
0	-0	6.80874e-005
0	-0	9.62886e-005
0	-0	1
-0	0	-1.47341e-005
-0	0	-1.277e-005
9.98451e-006	-7.60764e-005	-0
2.93988e-005	-7.09178e-005	-0
6.07946e-005	-4.67053e-005	-0
4.67053e-005	-6.08778e-005	-0
7.1001e-005	-2.93711e-005	-0
7.59932e-005	-1.00122e-005	-0
7.61042e-005	1.00122e-005	-0
7.089e-005	2.93711e-005	-0
4.67053e-005	6.08778e-005	-0
6.09055e-005	4.67053e-005	0
2.93988e-005	7.09178e-005	-0
9.98451e-006	7.60764e-005	-0
-9.98451e-006	7.60764e-005	-0
-2.93988e-005	7.089e-005	-0
-6.09055e-005	4.67053e-005	-0
-4.67053e-005	6.08778e-005	-0
-7.089e-005	2.93711e-005	-0
-7.61042e-005	1.00122e-005	-0
-7.59932e-005	-1.00122e-005	0
-7.1001e-005	-2.93711e-005	0
-4.67053e-005	-6.08778e-005	0
-6.07946e-005	-4.67053e-005	-0
-2.93988e-005	-7.089e-005	0
-9.98451e-006	-7.60764e-005	0
-0	-0	3.34879e-005
-0	-0	2.97539e-005
0	-0	3.35045e-005
-0	0	-2.04478e-005
-0	-0	-5.99663e-005
-0	0	-1
0.130091	-0.991502	-0
0.383102	-0.923706	-0
0.793521	-0.608542	-0
0.608372	-0.793652	-0
0.923829	-0.382805	-0
0.991445	-0.130523	-0
0.991445	0.130523	-0
0.923829	0.382805	-0
0.608925	0.793228	-0
0.793521	0.608542	0
0.382352	0.924017	-0
0.130955	0.991388	-0
-0.130955	0.991388	-0
-0.382429	0.923985	-0
-0.793415	0.608681	-0
-0.608925	0.793228	-0
-0.923907	0.382617	-0
-0.991445	0.130523	-0
-0.991445	-0.130523	0
-0.923907	-0.382617	0
-0.608372	-0.793652	-0
-0.793415	-0.608681	-0
-0.130091	-0.991502	-0
-0.38318	-0.923674	0

#	Mesh	0	End


COMPONENTFINISH

COMPONENT 3058889=IfcFlowSegment
#	TMesh	106663=IfcFlowSegment
-0.252981	-0.000135759	0.0205126	0	-0.0205125	-1.10071e-005	-0.252981	0	-0.000136205	0.253811	7.3968e-010	0	32.8881	96.9704	9.62368	1

COMPONENTFINISH

COMPONENT 3058971=IfcFlowSegment
#	TMesh	106663=IfcFlowSegment
0.253458	0.000410355	0.0205513	0	0.0205512	3.32737e-005	-0.253458	0	0.000411702	-0.25429	-6.76541e-010	0	-21.3601	97.2322	9.65239	1

COMPONENTFINISH

COMPONENT 3059046=IfcFlowController
#	TMesh	2126980=IfcFlowController
-0.998641	0.0303827	-0.000172069	0	-0.000161716	0.000342921	0.999103	0	0.0303828	0.998641	-0.000337844	0	5.45781	103.693	-107.437	1

COMPONENTFINISH

COMPONENT 3059115=IfcFlowFitting
#	TMesh	3058782=IfcFlowFitting
0.00805755	0.999933	4.919e-005	0	0.999889	-0.00805673	-0.00939693	0	0.00939622	-0.000124905	0.999922	0	-96.6777	75.5004	1.03911	1

COMPONENTFINISH

COMPONENT 3059214=IfcFlowController
#	TMesh	1987888=IfcFlowController
0.998349	0.00522799	0.0247843	0	0.00530335	-0.998652	-0.00297181	0	-0.0247683	-0.00310245	0.998358	0	-11.5575	202.091	1.44816	1

COMPONENTFINISH

COMPONENT 3059283=IfcFlowFitting
#	TMesh	3057463=IfcFlowFitting
0.999672	0.00390081	0.000193256	0	0.00390113	-0.999671	-0.00170055	0	-0.000186618	-0.00170129	0.999679	0	-19.0637	197.42	0.224755	1

COMPONENTFINISH

COMPONENT 3069032=IfcFlowSegment
#	TMesh	1545135=IfcFlowSegment
-0.125279	-0.178254	-1.93747e-010	0	0.178254	-0.125279	3.76091e-009	0	3.1884e-009	-2.00402e-009	-0.217875	0	-39.6618	123.106	-3.89781	1

COMPONENTFINISH

COMPONENT 3069238=IfcFlowFitting
#	TMesh	1845944=IfcFlowFitting
-0.955806	0.0401629	-0.000862569	0	-0.0401642	-0.955805	0.00153928	0	-0.000797186	0.00157411	0.956648	0	-278.284	220.387	0.0874405	1

COMPONENTFINISH

COMPONENT 3069317=IfcFlowFitting
#	TMesh	1821120=IfcFlowFitting
-1.0003	-1.40416e-005	-4.64097e-005	0	-1.4073e-005	1.0003	7.57948e-005	0	-4.64208e-005	-7.57948e-005	1.0003	0	-271.236	5.67411	-3.7199	1

COMPONENTFINISH

COMPONENT 3069397=IfcFlowSegment
#	TMesh	180875=IfcFlowSegment
0	0.24989	0	0	-0.24989	0	0	0	0	0	-0.24989	0	-5.17922	128.234	-2.83762	1

COMPONENTFINISH

COMPONENT 3069455=IfcFlowFitting
#	TMesh	1845944=IfcFlowFitting
0.955766	-0.0397228	-0.000840545	0	0.0397241	0.955765	0.00156688	0	0.00077476	-0.00160042	0.95659	0	229.836	-6.41318	0.0902283	1

COMPONENTFINISH

COMPONENT 3069544=IfcFlowSegment
#	TMesh	1214240=IfcFlowSegment
0.180579	-1.48105e-009	0.180562	0	1.86854e-009	0.255365	2.25906e-010	0	-0.180562	1.16145e-009	0.180579	0	-29.6594	81.266	-6.5534	1

COMPONENTFINISH

COMPONENT 3069602=IfcFlowFitting
#	TMesh	2392758=IfcFlowFitting
5.0804e-005	0.498264	-0.000118908	0	-0.352439	-4.81183e-005	-0.352214	0	-0.352214	0.00012002	0.352439	0	15.6504	116.115	35.6164	1

COMPONENTFINISH

COMPONENT 3069670=IfcFlowFitting
#	TMesh	2392758=IfcFlowFitting
-5.09752e-005	0.498278	0.000118745	0	0.352445	-4.78831e-005	0.352226	0	0.352226	0.000120025	-0.352445	0	-65.6628	116.115	-42.3577	1

COMPONENTFINISH

COMPONENT 3072910=IfcFlowSegment
#	Mesh	0	Begin

#	Vertex	72
21.8455	104.912	-4.81377
21.8455	104.92	-4.81177
21.8455	104.927	-4.80849
21.8455	104.933	-4.80405
21.8455	104.938	-4.79857
21.8455	104.943	-4.79223
21.8455	104.946	-4.7852
21.8455	104.948	-4.77772
21.8455	104.949	-4.77
21.8455	104.948	-4.76228
21.8455	104.946	-4.7548
21.8455	104.943	-4.74777
21.8455	104.938	-4.74143
21.8455	104.933	-4.73595
21.8455	104.927	-4.73151
21.8455	104.92	-4.72823
21.8455	104.912	-4.72623
21.8455	104.904	-4.72555
21.8455	104.897	-4.72623
21.8455	104.889	-4.72823
21.8455	104.882	-4.73151
21.8455	104.876	-4.73595
21.8455	104.87	-4.74143
21.8455	104.866	-4.74777
21.8455	104.863	-4.7548
21.8455	104.861	-4.76228
21.8455	104.86	-4.77
21.8455	104.861	-4.77772
21.8455	104.863	-4.7852
21.8455	104.866	-4.79223
21.8455	104.87	-4.79857
21.8455	104.876	-4.80405
21.8455	104.882	-4.80849
21.8455	104.889	-4.81177
21.8455	104.897	-4.81377
21.8455	104.904	-4.81445
24.059	104.912	-4.81377
24.059	104.92	-4.81177
24.059	104.927	-4.80849
24.059	104.933	-4.80405
24.059	104.938	-4.79857
24.059	104.943	-4.79223
24.059	104.946	-4.7852
24.059	104.948	-4.77772
24.059	104.949	-4.77
24.059	104.948	-4.76228
24.059	104.946	-4.7548
24.059	104.943	-4.74777
24.059	104.938	-4.74143
24.059	104.933	-4.73595
24.059	104.927	-4.73151
24.059	104.92	-4.72823
24.059	104.912	-4.72623
24.059	104.904	-4.72555
24.059	104.897	-4.72623
24.059	104.889	-4.72823
24.059	104.882	-4.73151
24.059	104.876	-4.73595
24.059	104.87	-4.74143
24.059	104.866	-4.74777
24.059	104.863	-4.7548
24.059	104.861	-4.76228
24.059	104.86	-4.77
24.059	104.861	-4.77772
24.059	104.863	-4.7852
24.059	104.866	-4.79223
24.059	104.87	-4.79857
24.059	104.876	-4.80405
24.059	104.882	-4.80849
24.059	104.889	-4.81177
24.059	104.897	-4.81377
24.059	104.904	-4.81445

#	Triangle	46
35	36	71	0	36	35
0	37	36	1	37	0
1	38	37	2	38	1
2	39	38	3	39	2
3	40	39	4	40	3
4	41	40	5	41	4
5	42	41	6	42	5
6	43	42	7	43	6
7	44	43	8	44	7
8	45	44	9	45	8
9	46	45	10	46	9
10	47	46	11	47	10
11	48	47	12	48	11
12	49	48	13	49	12
13	50	49	14	50	13
14	51	50	15	51	14
15	52	51	16	52	15
16	53	52	17	53	16
17	54	53	18	54	17
18	55	54	19	55	18
19	56	55	20	56	19
20	57	56	21	57	20
21	58	57	22	58	21
22	59	58	23	59	22
23	60	59	24	60	23
24	61	60	25	61	24
25	62	61	26	62	25
26	63	62	27	63	26
27	64	63	28	64	27
28	65	64	29	65	28
29	66	65	30	66	29
30	67	66	31	67	30
31	68	67	32	68	31
32	69	68	33	69	32
33	70	69	34	70	33
34	71	70	35	71	34
7	9	8	26	25	27
6	9	7	27	25	24
6	10	9	27	24	28
5	10	6	28	24	23
5	11	10	4	11	5	4	12	11	3	12	4	3	13	12	2	13	3	2	14	13	1	14	2	1	15	14	0	15	1	0	16	15	35	16	0	35	17	16	34	17	35	34	18	17	33	18	34	33	19	18	32	19	33	32	20	19	31	20	32	31	21	20	30	21	31	30	22	21	29	22	30	29	23	22	28	23	29
45	43	44	62	63	61
46	43	45	61	63	64
46	42	43	61	64	60
47	42	46	60	64	65
47	41	42	48	41	47	48	40	41	49	40	48	49	39	40	50	39	49	50	38	39	51	38	50	51	37	38	52	37	51	52	36	37	53	36	52	53	71	36	54	71	53	54	70	71	55	70	54	55	69	70	56	69	55	56	68	69	57	68	56	57	67	68	58	67	57	58	66	67	59	66	58	59	65	66	60	65	59

#	Normal	46
-0	0.0871544	-0.996195
-0	0.258812	-0.965928
-0	0.422599	-0.906317
-0	0.573742	-0.819036
-0	0.707264	-0.706949
-0	0.819072	-0.573691
-0	0.906367	-0.422492
-0	0.965845	-0.259121
-0	0.996233	-0.0867166
-0	0.996233	0.0867166
-0	0.965845	0.259121
-0	0.906367	0.422492
-0	0.819072	0.573691
-0	0.707264	0.706949
-0	0.573742	0.819036
-0	0.422599	0.906317
-0	0.258812	0.965928
-0	0.0871544	0.996195
-0	-0.0871544	0.996195
-0	-0.258812	0.965928
-0	-0.422599	0.906317
-0	-0.573742	0.819036
-0	-0.70676	0.707453
-0	-0.819072	0.573691
-0	-0.906367	0.422492
-0	-0.966097	0.25818
-0	-0.996145	0.0877173
0	-0.996145	-0.0877173
0	-0.966097	-0.25818
0	-0.906367	-0.422492
0	-0.819072	-0.573691
0	-0.70676	-0.707453
0	-0.573742	-0.819036
0	-0.422599	-0.906317
0	-0.258812	-0.965928
0	-0.0871544	-0.996195
-1.03721e-005	-0	0
-3.09956e-005	-0	-0
-6.10481e-005	-0	0
-9.95298e-005	-0	-0
-1	-0	0
1.03721e-005	-0	0
3.09956e-005	-0	-0
6.10481e-005	-0	0
9.95298e-005	-0	-0
1	-0	0

#	Mesh	0	End


COMPONENTFINISH

COMPONENT 3072999=IfcFlowSegment
#	Mesh	0	Begin

#	Vertex	72
24.2249	104.912	-4.41377
24.2249	104.92	-4.41177
24.2249	104.927	-4.40849
24.2249	104.933	-4.40405
24.2249	104.938	-4.39857
24.2249	104.943	-4.39223
24.2249	104.946	-4.3852
24.2249	104.948	-4.37772
24.2249	104.949	-4.37
24.2249	104.948	-4.36228
24.2249	104.946	-4.3548
24.2249	104.943	-4.34777
24.2249	104.938	-4.34143
24.2249	104.933	-4.33595
24.2249	104.927	-4.33151
24.2249	104.92	-4.32823
24.2249	104.912	-4.32623
24.2249	104.904	-4.32555
24.2249	104.897	-4.32623
24.2249	104.889	-4.32823
24.2249	104.882	-4.33151
24.2249	104.876	-4.33595
24.2249	104.87	-4.34143
24.2249	104.866	-4.34777
24.2249	104.863	-4.3548
24.2249	104.861	-4.36228
24.2249	104.86	-4.37
24.2249	104.861	-4.37772
24.2249	104.863	-4.3852
24.2249	104.866	-4.39223
24.2249	104.87	-4.39857
24.2249	104.876	-4.40405
24.2249	104.882	-4.40849
24.2249	104.889	-4.41177
24.2249	104.897	-4.41377
24.2249	104.904	-4.41445
51.6957	104.912	-4.41377
51.6957	104.92	-4.41177
51.6957	104.927	-4.40849
51.6957	104.933	-4.40405
51.6957	104.938	-4.39857
51.6957	104.943	-4.39223
51.6957	104.946	-4.3852
51.6957	104.948	-4.37772
51.6957	104.949	-4.37
51.6957	104.948	-4.36228
51.6957	104.946	-4.3548
51.6957	104.943	-4.34777
51.6957	104.938	-4.34143
51.6957	104.933	-4.33595
51.6957	104.927	-4.33151
51.6957	104.92	-4.32823
51.6957	104.912	-4.32623
51.6957	104.904	-4.32555
51.6957	104.897	-4.32623
51.6957	104.889	-4.32823
51.6957	104.882	-4.33151
51.6957	104.876	-4.33595
51.6957	104.87	-4.34143
51.6957	104.866	-4.34777
51.6957	104.863	-4.3548
51.6957	104.861	-4.36228
51.6957	104.86	-4.37
51.6957	104.861	-4.37772
51.6957	104.863	-4.3852
51.6957	104.866	-4.39223
51.6957	104.87	-4.39857
51.6957	104.876	-4.40405
51.6957	104.882	-4.40849
51.6957	104.889	-4.41177
51.6957	104.897	-4.41377
51.6957	104.904	-4.41445

#	Triangle	46
35	36	71	0	36	35
0	37	36	1	37	0
1	38	37	2	38	1
2	39	38	3	39	2
3	40	39	4	40	3
4	41	40	5	41	4
5	42	41	6	42	5
6	43	42	7	43	6
7	44	43	8	44	7
8	45	44	9	45	8
9	46	45	10	46	9
10	47	46	11	47	10
11	48	47	12	48	11
12	49	48	13	49	12
13	50	49	14	50	13
14	51	50	15	51	14
15	52	51	16	52	15
16	53	52	17	53	16
17	54	53	18	54	17
18	55	54	19	55	18
19	56	55	20	56	19
20	57	56	21	57	20
21	58	57	22	58	21
22	59	58	23	59	22
23	60	59	24	60	23
24	61	60	25	61	24
25	62	61	26	62	25
26	63	62	27	63	26
27	64	63	28	64	27
28	65	64	29	65	28
29	66	65	30	66	29
30	67	66	31	67	30
31	68	67	32	68	31
32	69	68	33	69	32
33	70	69	34	70	33
34	71	70	35	71	34
7	9	8	26	25	27
6	9	7	27	25	24
6	10	9	27	24	28
5	10	6	28	24	23
5	11	10	4	11	5	4	12	11	3	12	4	3	13	12	2	13	3	2	14	13	1	14	2	1	15	14	0	15	1	0	16	15	35	16	0	35	17	16	34	17	35	34	18	17	33	18	34	33	19	18	32	19	33	32	20	19	31	20	32	31	21	20	30	21	31	30	22	21	29	22	30	29	23	22	28	23	29
45	43	44	62	63	61
46	43	45	61	63	64
46	42	43	61	64	60
47	42	46	60	64	65
47	41	42	48	41	47	48	40	41	49	40	48	49	39	40	50	39	49	50	38	39	51	38	50	51	37	38	52	37	51	52	36	37	53	36	52	53	71	36	54	71	53	54	70	71	55	70	54	55	69	70	56	69	55	56	68	69	57	68	56	57	67	68	58	67	57	58	66	67	59	66	58	59	65	66	60	65	59

#	Normal	46
-0	0.0871544	-0.996195
-0	0.258812	-0.965928
-0	0.422599	-0.906317
-0	0.573742	-0.819036
-0	0.707264	-0.706949
-0	0.819072	-0.573691
-0	0.906367	-0.422492
-0	0.965845	-0.259121
-0	0.996233	-0.0867166
-0	0.996233	0.0867166
-0	0.965845	0.259121
-0	0.906367	0.422492
-0	0.819072	0.573691
-0	0.707264	0.706949
-0	0.573742	0.819036
-0	0.422599	0.906317
-0	0.258812	0.965928
-0	0.0871544	0.996195
-0	-0.0871544	0.996195
-0	-0.258812	0.965928
-0	-0.422599	0.906317
-0	-0.573742	0.819036
-0	-0.70676	0.707453
-0	-0.819072	0.573691
-0	-0.906367	0.422492
-0	-0.966097	0.25818
-0	-0.996145	0.0877173
0	-0.996145	-0.0877173
0	-0.966097	-0.25818
0	-0.906367	-0.422492
0	-0.819072	-0.573691
0	-0.70676	-0.707453
0	-0.573742	-0.819036
0	-0.422599	-0.906317
0	-0.258812	-0.965928
0	-0.0871544	-0.996195
-1.03721e-005	-0	0
-3.09956e-005	-0	-0
-6.10481e-005	-0	0
-9.95298e-005	-0	-0
-1	-0	0
1.03721e-005	-0	0
3.09956e-005	-0	-0
6.10481e-005	-0	0
9.95298e-005	-0	-0
1	-0	0

#	Mesh	0	End


COMPONENTFINISH

COMPONENT 3073088=IfcFlowSegment
#	TMesh	1340995=IfcFlowSegment
0.273375	-0.000113187	3.39043e-009	0	3.38921e-009	-2.93928e-009	-0.273375	0	0.000113187	0.273375	-2.93788e-009	0	21.5275	106.1	22.1529	1

COMPONENTFINISH

COMPONENT 3073167=IfcFlowFitting
#	TMesh	1258887=IfcFlowFitting
1.00088	0.00180436	0.00252578	0	-0.00252941	0.00200877	1.00088	0	0.00179929	-1.00088	0.00201332	0	2.63415	99.8804	-109.412	1

COMPONENTFINISH

COMPONENT 3073273=IfcFlowFitting
#	TMesh	1258887=IfcFlowFitting
0.00253549	0.00159653	1.00072	0	1.00071	0.00355102	-0.00254124	0	-0.00355506	1.00071	-0.00158752	0	-80.9103	109.271	-26.2882	1

COMPONENTFINISH

COMPONENT 370215=IfcColumn
#	Mesh	0	Begin

#	Vertex	31
-14.8276	97.7188	2.58
-15.5502	97.7188	2.58
-15.7666	97.7188	2.58
-15.9666	97.7188	2.58
-16.2276	97.7188	2.58
-16.2276	96.9188	2.58
-15.5502	96.9188	2.58
-14.8276	96.9188	2.58
-14.8276	97.1188	2.58
-14.8276	96.9188	-8.84433
-16.2276	96.9188	-8.84433
-16.2276	97.7083	-8.84433
-14.8276	97.7083	-8.84433
-14.8276	97.7188	1.38
-14.8276	97.7188	-7.47
-16.2276	97.7188	-7.47
-16.2276	97.7188	1.38
-16.2276	97.7083	-7.47
-16.2276	96.9188	-7.47
-16.2276	97.1174	-7.47
-16.2276	97.1174	-2.82
-16.2276	96.9188	-2.82
-16.2276	96.9188	1.38
-16.0464	96.9188	-2.82
-14.8276	96.9188	-2.82
-14.8276	96.9188	1.38
-14.8276	97.1174	-2.82
-14.8276	97.1174	-7.47
-14.8276	96.9188	-7.47
-14.8276	97.7083	-7.47
-16.0464	97.1174	-2.82

#	Triangle	6
6	4	5	6	3	4	6	2	3	6	1	2	7	1	6	7	8	1	8	0	1	28	19	18	27	19	28
12	10	11	9	10	12	23	26	24	30	26	23	14	17	15	29	17	14	21	30	23	20	30	21
16	14	15	16	13	14	4	13	16	4	3	13	3	2	13	2	1	13	1	0	13	11	29	12	17	29	11
18	11	10	18	19	11	19	17	11	20	17	19	20	15	17	20	16	15	22	20	21	22	16	20	5	16	22	5	4	16
25	23	24	25	21	23	25	22	21	7	22	25	7	6	22	6	5	22	26	19	27	26	30	19	30	20	19	18	9	28	10	9	18
29	9	12	29	27	9	27	28	9	13	29	14	13	27	29	13	26	27	13	24	26	13	25	24	0	25	13	0	8	25	8	7	25

#	Normal	6
-0	-0	1
-0	-0	-1
-0	1	-0
-1	0	-0
-0	-1	-0
1	0	0

#	Mesh	0	End


COMPONENTFINISH

COMPONENT 3727=IfcFlowSegment
#	TMesh	159630=IfcFlowSegment
-0.853962	0	4.8103e-010	0	0	-0.853962	0	0	-4.8103e-010	0	-0.853962	0	-161.496	187.301	-1.85106	1

COMPONENTFINISH

COMPONENT 3792=IfcFlowSegment
#	TMesh	1209038=IfcFlowSegment
-1.50415	0	-8.57107e-009	0	0	-1.50415	0	0	8.57107e-009	0	-1.50415	0	27.7171	238.857	-1.00013	1

COMPONENTFINISH

COMPONENT 3850=IfcFlowFitting
#	TMesh	3043197=IfcFlowFitting
-0.000402613	0.999819	-4.29899e-006	0	-0.999819	-0.000402708	-2.3745e-005	0	-2.37525e-005	4.29153e-006	0.999819	0	78.4903	350.693	-0.499197	1

COMPONENTFINISH

COMPONENT 4291=IfcFlowSegment
#	TMesh	158756=IfcFlowSegment
0.344997	0	0	0	0	0.344997	0	0	0	0	-0.344997	0	12.7246	71.2614	-4.06791	1

COMPONENTFINISH

COMPONENT 4624=IfcFlowSegment
#	Mesh	0	Begin

#	Vertex	8
-25.3801	106.749	-3.67
-46.1554	106.749	-3.67
-46.1554	106.549	-3.67
-25.3801	106.549	-3.67
-25.3801	106.749	-3.57
-46.1554	106.749	-3.57
-46.1554	106.549	-3.57
-25.3801	106.549	-3.57

#	Triangle	6
3	4	7	0	4	3
0	5	4	1	5	0
1	6	5	2	6	1
2	7	6	3	7	2
3	1	0	2	1	3
4	6	7	5	6	4

#	Normal	6
1	-0	-0
-0	1	-0
-1	-0	0
-0	-1	-0
-0	0	-1
0	0	1

#	Mesh	0	End


COMPONENTFINISH

COMPONENT 47469=IfcColumn
#	Mesh	0	Begin

#	Vertex	24
-24.0385	108.02	3.38
-24.0985	108.02	3.38
-24.4372	108.02	3.38
-25.0385	108.02	3.38
-25.0385	107.22	3.38
-24.6551	107.22	3.38
-24.0986	107.22	3.38
-24.0385	107.22	3.38
-24.0385	108.02	-9.07
-24.0385	107.22	-9.07
-25.0385	107.22	-9.07
-25.0385	107.243	-9.07
-24.9998	107.411	-9.07
-25.0385	107.42	-9.07
-25.0385	108.02	-9.07
-24.0385	108.02	-2.42
-24.0385	108.02	-7.47
-25.0385	108.02	1.38
-25.0385	108.02	2.58
-25.0385	107.42	-7.47
-25.0385	107.243	-7.47
-25.0385	107.22	1.38
-25.0385	107.22	2.58
-24.9998	107.411	-7.47

#	Triangle	8
5	3	4	5	2	3	6	2	5	6	1	2	7	1	6	7	0	1
8	13	14	8	12	13	12	10	11	12	9	10	8	9	12	20	19	23
17	8	14	17	16	8	17	15	16	17	0	15	18	0	17	3	2	18	2	1	18	1	0	18
21	11	10	21	20	11	19	14	13	19	17	14	21	19	20	21	17	19	22	17	21	22	18	17	4	18	22	4	3	18
7	10	9	7	21	10	7	22	21	7	6	22	6	5	22	5	4	22
16	9	8	16	7	9	15	7	16	0	7	15
13	23	19	12	23	13
20	12	11	23	12	20

#	Normal	8
-0	-0	1
-0	-0	-1
-0	1	-0
-1	0	-0
-0	-1	-0
1	0	0
-0.223344	-0.97474	0
-0.974773	0.2232	-0

#	Mesh	0	End


COMPONENTFINISH

COMPONENT 47652=IfcColumn
#	Mesh	0	Begin

#	Vertex	28
-24.0385	97.7264	3.38
-25.0385	97.7264	3.38
-25.0385	96.9264	3.38
-24.0385	96.9264	3.38
-24.0385	96.9264	-9.07
-25.0385	96.9264	-9.07
-25.0385	97.7083	-9.07
-24.0385	97.7083	-9.07
-24.0385	97.7264	2.58
-24.0385	97.7264	1.38
-24.0385	97.7264	-7.47
-25.0385	97.7264	-7.47
-25.0385	97.7264	1.38
-25.0385	97.7264	2.58
-25.0385	97.7083	-7.47
-25.0385	96.9264	-7.47
-25.0385	97.1174	-7.47
-25.0385	97.1174	-2.82
-25.0385	96.9264	-2.82
-25.0385	96.9264	1.38
-25.0385	96.9264	2.58
-24.0385	96.9264	-2.82
-24.0385	96.9264	1.38
-24.0385	96.9264	2.58
-24.0385	97.1174	-2.82
-24.0385	97.1174	-7.47
-24.0385	96.9264	-7.47
-24.0385	97.7083	-7.47

#	Triangle	6
3	1	2	0	1	3	26	16	15	25	16	26
7	5	6	4	5	7	10	14	11	27	14	10	18	24	21	17	24	18
12	10	11	12	9	10	13	9	12	13	8	9	1	8	13	1	0	8	6	27	7	14	27	6
15	6	5	15	16	6	16	14	6	17	14	16	17	11	14	17	12	11	19	17	18	19	12	17	20	12	19	20	13	12	2	13	20	2	1	13
22	18	21	22	19	18	23	19	22	23	20	19	3	20	23	3	2	20	24	16	25	17	16	24	15	4	26	5	4	15
27	4	7	27	25	4	25	26	4	9	27	10	9	25	27	9	24	25	9	21	24	9	22	21	8	22	9	8	23	22	0	23	8	0	3	23

#	Normal	6
-0	-0	1
-0	-0	-1
-0	1	-0
-1	0	-0
-0	-1	-0
1	0	0

#	Mesh	0	End


COMPONENTFINISH

COMPONENT 47847=IfcColumn
#	Mesh	0	Begin

#	Vertex	30
-15.0385	108.017	3.38
-16.0385	108.017	3.38
-16.0385	107.217	3.38
-15.9986	107.217	3.38
-15.0986	107.217	3.38
-15.0385	107.217	3.38
-16.0385	108.017	-9.07
-15.0385	108.017	-9.07
-15.0385	107.415	-9.07
-16.0385	107.415	-9.07
-15.0385	108.017	2.58
-15.0385	108.017	1.38
-15.0385	108.017	-2.42
-15.0385	108.017	-2.82
-15.0385	108.017	-7.47
-15.7666	108.017	-2.42
-15.7666	108.017	2.58
-15.9666	108.017	2.58
-15.9666	108.017	-2.42
-16.0385	107.415	-7.47
-16.0385	107.217	-7.47
-15.0385	107.217	-7.47
-15.0385	107.217	1.38
-15.0385	107.217	2.58
-15.7666	107.217	2.58
-15.7666	107.217	-2.42
-15.9209	107.217	-2.42
-15.9666	107.217	-2.42
-15.9666	107.217	2.58
-15.0385	107.415	-7.47

#	Triangle	6
3	1	2	3	0	1	4	0	3	5	0	4	26	18	27	26	15	18	25	15	26
9	7	8	6	7	9	17	24	28	16	24	17	20	29	21	19	29	20
1	18	6	18	7	6	18	14	7	18	13	14	18	15	13	15	12	13	1	17	18	16	12	15	16	11	12	16	10	11	1	16	17	1	10	16	1	0	10
19	6	9	19	1	6	2	19	20	2	1	19	24	15	25	16	15	24
22	20	21	22	25	20	25	26	20	26	27	20	27	2	20	22	24	25	28	2	27	23	24	22	5	24	23	5	28	24	5	4	28	4	3	28	3	2	28	8	19	9	29	19	8
14	8	7	14	29	8	13	29	14	13	21	29	13	22	21	12	22	13	11	22	12	10	22	11	10	23	22	0	23	10	0	5	23	18	28	27	17	28	18

#	Normal	6
-0	-0	1
-0	-0	-1
-0	1	-0
-1	0	-0
-0	-1	-0
1	0	0

#	Mesh	0	End


COMPONENTFINISH

COMPONENT 48060=IfcColumn
#	Mesh	0	Begin

#	Vertex	38
-6.03848	108.019	3.38
-7.03848	108.019	3.38
-7.03848	107.219	3.38
-6.03848	107.219	3.38
-7.03848	108.019	-9.07
-6.03848	108.019	-9.07
-6.03848	107.415	-9.07
-7.03848	107.415	-9.07
-6.03848	108.019	2.58
-6.03848	108.019	1.38
-6.03848	108.019	-2.82
-6.03848	108.019	-3.42
-7.03848	108.019	-3.42
-7.03848	108.019	-2.82
-7.03848	108.019	1.38
-7.03848	108.019	2.58
-6.2385	108.019	-7.47
-6.2385	108.019	-2.82
-6.4385	108.019	-2.82
-6.4385	108.019	-7.47
-7.03848	107.415	-7.47
-7.03848	107.219	-7.47
-7.03848	107.219	-3.42
-7.03848	107.219	-2.82
-7.03848	107.219	1.38
-7.03848	107.219	2.58
-6.4385	107.219	-7.47
-6.4385	107.219	-2.82
-6.2385	107.219	-2.82
-6.2385	107.219	-7.47
-6.03848	107.219	-7.47
-6.03848	107.219	-3.42
-6.03848	107.219	-2.82
-6.03848	107.219	1.38
-6.03848	107.219	2.58
-6.03848	107.415	-7.47
-6.2385	107.415	-7.47
-6.4385	107.415	-7.47

#	Triangle	6
3	1	2	0	1	3	36	19	37	16	19	36
7	5	6	4	5	7	18	28	27	17	28	18	29	35	30	36	35	29	21	37	26	20	37	21
12	19	4	19	5	4	19	16	5	16	11	5	12	18	19	17	11	16	13	18	12	17	10	11	14	18	13	14	17	18	14	10	17	14	9	10	15	9	14	15	8	9	1	8	15	1	0	8
20	4	7	20	12	4	22	20	21	22	12	20	23	12	22	23	13	12	24	13	23	24	14	13	25	14	24	25	15	14	2	15	25	2	1	15	28	36	29	28	16	36	28	17	16
31	29	30	31	28	29	27	21	26	27	22	21	32	28	31	27	23	22	33	28	32	33	27	28	33	23	27	33	24	23	34	24	33	34	25	24	3	25	34	3	2	25	6	20	7	6	37	20	6	36	37	6	35	36
11	6	5	11	35	6	11	30	35	11	31	30	10	31	11	10	32	31	9	32	10	9	33	32	8	33	9	8	34	33	0	34	8	0	3	34	18	37	19	18	26	37	18	27	26

#	Normal	6
-0	-0	1
-0	-0	-1
-0	1	-0
-1	0	-0
-0	-1	-0
1	0	0

#	Mesh	0	End


COMPONENTFINISH

COMPONENT 48277=IfcColumn
#	Mesh	0	Begin

#	Vertex	36
-6.03848	97.7176	3.38
-7.03848	97.7176	3.38
-7.03848	96.9176	3.38
-6.03848	96.9176	3.38
-6.03848	96.9176	-9.07
-7.03848	96.9176	-9.07
-7.03848	97.7083	-9.07
-6.03848	97.7083	-9.07
-6.03848	97.7176	-2.82
-6.03848	97.7176	-3.42
-6.03848	97.7176	-7.47
-6.2385	97.7176	-7.47
-6.2385	97.7176	-2.82
-6.4385	97.7176	-2.82
-6.4385	97.7176	-7.47
-7.03848	97.7176	-7.47
-7.03848	97.7176	-3.42
-7.03848	97.7176	-2.82
-7.03848	97.7083	-7.47
-7.03848	96.9176	-3.42
-7.03848	96.9176	-2.82
-7.03848	96.9258	-2.82
-7.03848	96.9258	-7.47
-7.03848	97.1258	-7.47
-7.03848	97.1258	-2.82
-6.03848	96.9176	-3.42
-6.03848	96.9176	-2.82
-6.03848	97.7083	-7.47
-6.2385	96.9258	-7.47
-6.2385	96.9258	-2.82
-6.4385	97.1258	-7.47
-6.4385	97.1258	-2.82
-6.2385	97.1258	-7.47
-6.2385	97.7083	-7.47
-6.4385	97.7083	-7.47
-6.2385	97.1258	-2.82

#	Triangle	6
3	1	2	0	1	3	28	23	22	28	30	23	28	34	30	28	32	34	32	33	34
7	5	6	4	5	7	31	21	24	31	29	21	12	31	13	12	35	31	35	29	31	10	33	11	27	33	10	14	18	15	34	18	14
16	14	15	16	13	14	12	10	11	12	9	10	17	13	16	12	8	9	1	13	17	1	12	13	1	8	12	1	0	8	29	22	21	28	22	29	18	7	6	18	34	7	34	33	7	33	27	7
19	22	5	22	6	5	22	23	6	23	18	6	19	21	22	24	18	23	24	15	18	24	16	15	20	21	19	24	17	16	2	21	20	2	24	21	2	17	24	2	1	17	29	32	28	29	33	32	29	11	33	29	35	11	35	12	11
25	5	4	25	19	5	26	19	25	26	20	19	3	20	26	3	2	20	31	23	30	24	23	31
27	4	7	27	25	4	9	27	10	9	25	27	8	25	9	8	26	25	0	26	8	0	3	26	13	34	14	13	30	34	13	31	30

#	Normal	6
-0	-0	1
-0	-0	-1
-0	1	-0
-1	0	-0
-0	-1	-0
1	0	0

#	Mesh	0	End


COMPONENTFINISH

COMPONENT 48466=IfcColumn
#	Mesh	0	Begin

#	Vertex	26
2.95152	96.9178	3.38
1.95152	96.9178	3.38
1.95152	96.1178	3.38
2.95152	96.1178	3.38
2.95152	96.9178	-9.07
2.95152	96.1178	-9.07
1.95152	96.1178	-9.07
1.95152	96.9178	-9.07
2.95152	96.9178	2.58
2.75345	96.9178	2.58
2.75345	96.9178	-2.42
2.95152	96.9178	-2.42
1.95152	96.9178	-3.42
1.95152	96.9178	-2.82
1.95152	96.1178	-7.47
1.95152	96.3148	-7.47
1.95152	96.3148	-2.82
1.95152	96.1178	-2.82
2.95152	96.1178	-2.82
2.95152	96.3148	-2.82
2.95152	96.3148	-7.47
2.95152	96.1178	-7.47
2.95152	96.7178	-2.42
2.95152	96.7178	2.58
2.75345	96.7178	2.58
2.75345	96.7178	-2.42

#	Triangle	6
3	1	2	0	1	3	11	25	22	10	25	11	21	15	14	20	15	21
7	5	6	4	5	7	17	19	18	16	19	17	23	9	8	24	9	23
12	4	7	12	11	4	13	11	12	1	10	13	10	11	13	1	9	10	1	8	9	1	0	8	22	24	23	25	24	22
14	7	6	14	15	7	15	12	7	16	12	15	16	13	12	2	16	17	2	13	16	2	1	13
18	2	17	3	2	18	16	20	19	15	20	16	14	5	21	6	5	14
11	20	4	20	5	4	20	21	5	11	19	20	11	18	19	11	22	18	22	3	18	23	3	22	0	23	8	0	3	23	9	25	10	24	25	9

#	Normal	6
-0	-0	1
0	-0	-1
-0	1	-0
-1	0	-0
-0	-1	0
1	0	0

#	Mesh	0	End


COMPONENTFINISH

COMPONENT 48635=IfcColumn
#	Mesh	0	Begin

#	Vertex	30
2.96152	108.019	3.38
1.96152	108.019	3.38
1.96152	107.219	3.38
2.96152	107.219	3.38
1.96152	108.019	-9.07
2.96152	108.019	-9.07
2.96152	107.415	-9.07
1.96152	107.415	-9.07
2.96152	108.019	2.58
2.96152	108.019	1.38
2.96152	108.019	-2.82
2.96152	108.019	-3.42
1.96152	108.019	-7.47
1.96152	108.019	-3.42
1.96152	108.019	-2.82
1.96152	108.019	1.38
1.96152	108.019	2.58
1.96152	107.415	-7.47
1.96152	107.219	-7.47
1.96152	107.219	-3.42
1.96152	107.219	-2.82
1.96152	107.219	1.38
1.96152	107.219	2.58
2.96152	107.219	-7.47
2.96152	107.219	-3.42
2.96152	107.219	-2.82
2.96152	107.219	1.38
2.96152	107.219	2.58
2.96152	107.226	-7.47
2.96152	107.415	-7.47

#	Triangle	6
3	1	2	0	1	3
7	5	6	4	5	7	29	18	17	29	28	18	28	23	18
12	5	4	12	11	5	13	11	12	14	11	13	14	10	11	15	10	14	15	9	10	16	9	15	16	8	9	1	8	16	1	0	8
17	4	7	17	12	4	19	17	18	19	12	17	19	13	12	20	13	19	20	14	13	21	14	20	21	15	14	22	15	21	22	16	15	2	16	22	2	1	16
24	18	23	24	19	18	25	19	24	25	20	19	26	20	25	26	21	20	27	21	26	27	22	21	3	22	27	3	2	22	6	17	7	29	17	6
11	6	5	11	29	6	11	28	29	11	23	28	11	24	23	10	24	11	10	25	24	9	25	10	9	26	25	8	26	9	8	27	26	0	27	8	0	3	27

#	Normal	6
-0	-0	1
-0	-0	-1
-0	1	-0
-1	0	-0
-0	-1	-0
1	0	0

#	Mesh	0	End


COMPONENTFINISH

COMPONENT 48796=IfcColumn
#	Mesh	0	Begin

#	Vertex	22
2.96152	96.9178	3.38
1.96152	96.9178	3.38
1.96152	96.1178	3.38
2.96152	96.1178	3.38
2.96152	96.9178	-9.07
2.96152	96.1178	-9.07
1.96152	96.1178	-9.07
1.96152	96.9178	-9.07
2.96152	96.9178	2.58
2.96152	96.9178	1.38
2.96152	96.9178	-2.82
2.96152	96.9178	-3.42
1.96152	96.1178	-7.47
1.96152	96.3148	-7.47
1.96152	96.3148	-2.82
1.96152	96.1178	-2.82
2.96152	96.1178	-2.82
2.96152	96.1178	1.38
2.96152	96.1178	2.58
2.96152	96.3148	-2.82
2.96152	96.3148	-7.47
2.96152	96.1178	-7.47

#	Triangle	6
3	1	2	0	1	3	21	13	12	20	13	21
7	5	6	4	5	7	15	19	16	14	19	15
1	4	7	1	11	4	1	10	11	1	9	10	1	8	9	1	0	8
12	7	6	12	13	7	13	1	7	14	1	13	2	14	15	2	1	14
17	15	16	17	2	15	18	2	17	3	2	18	14	20	19	13	20	14	12	5	21	6	5	12
11	5	4	11	20	5	20	21	5	11	19	20	10	19	11	9	19	10	9	16	19	9	17	16	8	17	9	8	18	17	0	18	8	0	3	18

#	Normal	6
-0	-0	1
0	-0	-1
-0	1	-0
-1	0	-0
-0	-1	-0
1	0	0

#	Mesh	0	End


COMPONENTFINISH

COMPONENT 48979=IfcColumn
#	Mesh	0	Begin

#	Vertex	27
11.9615	108.019	3.38
10.9615	108.019	3.38
10.9615	107.615	3.38
10.9615	107.219	3.38
11.9615	107.219	3.38
10.9615	108.019	-9.07
11.9615	108.019	-9.07
11.9615	107.415	-9.07
10.9615	107.415	-9.07
11.9615	108.019	-2.82
10.9615	108.019	-2.82
10.9615	107.819	-2.82
10.9615	107.819	-7.47
10.9615	108.019	-7.47
10.9615	107.415	-7.47
10.9615	107.219	-7.47
10.9615	107.219	-3.42
10.9615	107.219	-2.82
10.9615	107.219	-2.42
10.9615	107.219	2.58
11.9615	107.219	-7.47
11.9615	107.219	-3.42
11.9615	107.219	-2.82
11.9615	107.415	-7.47
11.9615	108.019	-7.47
11.9615	107.819	-7.47
11.9615	107.819	-2.82

#	Triangle	6
4	2	3	4	1	2	4	0	1	13	25	24	12	25	13
8	6	7	5	6	8	10	26	11	9	26	10	15	23	20	14	23	15
10	0	9	1	0	10	26	12	11	25	12	26	24	5	13	6	5	24
14	5	8	14	12	5	12	13	5	16	14	15	16	12	14	16	11	12	17	11	16	18	11	17	18	10	11	18	1	10	19	1	18	3	2	19	2	1	19
21	15	20	21	16	15	22	16	21	22	17	16	4	17	22	4	18	17	4	19	18	4	3	19	7	14	8	23	14	7
24	7	6	24	25	7	25	23	7	26	23	25	26	20	23	26	21	20	26	22	21	0	26	9	0	22	26	0	4	22

#	Normal	6
-0	-0	1
-0	-0	-1
-0	1	-0
-1	0	-0
-0	-1	-0
1	0	0

#	Mesh	0	End


COMPONENTFINISH

COMPONENT 49152=IfcColumn
#	Mesh	0	Begin

#	Vertex	32
20.9615	108.019	5.1
20.8615	108.019	5.1
20.0615	108.019	5.1
19.9615	108.019	5.1
19.9615	107.219	5.1
20.9615	107.219	5.1
19.9615	108.019	-9.07
20.9615	108.019	-9.07
20.9615	107.415	-9.07
19.9615	107.415	-9.07
20.9615	108.019	4.58
20.9615	108.019	3.38
20.9615	108.019	-2.82
20.9615	108.019	-3.42
20.9615	108.019	-7.47
19.9615	108.019	-3.42
19.9615	108.019	-2.82
19.9615	108.019	3.38
19.9615	108.019	4.58
19.9615	107.415	-7.47
19.9615	107.219	-7.47
19.9615	107.219	-3.42
19.9615	107.219	-2.82
19.9615	107.219	2.58
19.9615	107.219	3.38
19.9615	107.219	4.58
20.9615	107.219	-7.47
20.9615	107.219	-3.42
20.9615	107.219	-2.82
20.9615	107.219	3.38
20.9615	107.219	4.58
20.9615	107.415	-7.47

#	Triangle	6
5	3	4	5	2	3	5	1	2	5	0	1
9	7	8	6	7	9	20	31	26	19	31	20
15	7	6	15	14	7	15	13	14	16	13	15	16	12	13	17	12	16	17	11	12	18	11	17	18	10	11	3	10	18	3	2	10	2	1	10	1	0	10
19	6	9	19	15	6	21	19	20	21	15	19	22	15	21	22	16	15	23	16	22	23	17	16	24	17	23	25	17	24	25	18	17	4	18	25	4	3	18
27	20	26	27	21	20	28	21	27	28	22	21	29	22	28	29	23	22	29	24	23	30	24	29	30	25	24	5	25	30	5	4	25	8	19	9	31	19	8
14	8	7	14	31	8	13	31	14	13	26	31	13	27	26	12	27	13	12	28	27	11	28	12	11	29	28	10	29	11	10	30	29	0	30	10	0	5	30

#	Normal	6
-0	-0	1
-0	-0	-1
-0	1	-0
-1	0	-0
-0	-1	-0
1	0	0

#	Mesh	0	End


COMPONENTFINISH

COMPONENT 49232=IfcColumn
#	TMesh	2711271=IfcColumn
-1	0	0	0	0	-1	-1.54454e-009	0	0	-1.54454e-009	1	0	-49.437	210.978	4.76837e-007	1

COMPONENTFINISH

COMPONENT 49306=IfcColumn
#	TMesh	1766233=IfcColumn
0.0349868	0.729249	1.86785e-012	0	-0.729249	0.0349868	-2.61528e-009	0	-2.61236e-009	1.23462e-010	0.730088	0	92.1975	48.6302	-1.03595	1

COMPONENTFINISH

COMPONENT 892390=IfcFlowSegment
#	TMesh	145883=IfcFlowSegment
-0.999622	-3.57551e-010	3.50914e-011	0	-3.57551e-010	0.999622	2.47364e-007	0	3.50915e-011	-2.47364e-007	0.999622	0	-236.42	-4.06023	0.238562	1

COMPONENTFINISH

COMPONENT 892484=IfcFlowFitting
#	TMesh	1250573=IfcFlowFitting
1	-2.11537e-008	-3.30439e-008	0	2.11537e-008	1	-3.48166e-013	0	3.30439e-008	3.48166e-013	1	0	-0.140503	7.62939e-006	-9.53674e-007	1

COMPONENTFINISH

COMPONENT 895815=IfcFlowSegment
#	TMesh	164853=IfcFlowSegment
0	0.665807	0	0	0.665807	0	0	0	0	0	0.665807	0	-79.2808	202.468	-1.12662	1

COMPONENTFINISH

COMPONENT 895880=IfcFlowSegment
#	TMesh	162675=IfcFlowSegment
0	-0.737455	2.38715e-009	0	-0.737455	0	0	0	0	2.38715e-009	0.737455	0	68.2137	-9.70913	-5.32559	1

COMPONENTFINISH

COMPONENT 895945=IfcFlowSegment
#	TMesh	160274=IfcFlowSegment
0	0.846887	1.04822e-009	0	0.846887	0	0	0	0	-1.04822e-009	0.846887	0	-118.475	226.081	-5.35043	1

COMPONENTFINISH

COMPONENT 896010=IfcFlowSegment
#	TMesh	1205504=IfcFlowSegment
0	0.428728	0	0	0.428728	0	0	0	0	0	-0.428728	0	-35.6963	107.355	-3.48554	1

COMPONENTFINISH

COMPONENT 948599=IfcFlowSegment
#	TMesh	123593=IfcFlowSegment
1	4.18905e-005	1.78084e-009	0	-4.18905e-005	1	-3.38053e-010	0	-1.78086e-009	3.37978e-010	1	0	53.2044	3.47144	-1.90735e-006	1

COMPONENTFINISH

COMPONENT 948870=IfcFlowSegment
#	TMesh	1041082=IfcFlowSegment
-3.06776e-008	2.19073	-0.0485434	0	9.52371e-009	-0.0485434	-2.19073	0	2.19127	3.08811e-008	8.84177e-009	0	22.1746	14.9704	150.262	1

COMPONENTFINISH

COMPONENT 948960=IfcFlowSegment
#	TMesh	2983705=IfcFlowSegment
-0.706629	0.0572589	-9.80985e-005	0	-0.0572589	-0.706629	-7.94955e-006	0	9.84201e-005	5.13461e-010	-0.708945	0	91.6152	167.883	-3.72486	1

COMPONENTFINISH

COMPONENT 949050=IfcFlowSegment
#	TMesh	1713150=IfcFlowSegment
0.000180703	0.828217	6.54122e-010	0	-0.828217	0.000180703	-6.23641e-010	0	6.23783e-010	6.53986e-010	-0.828217	0	88.3208	43.9122	-9.80135	1

COMPONENTFINISH

COMPONENT 949128=IfcFlowFitting
#	TMesh	123935=IfcFlowFitting
-0.0314105	0.999263	0.000407457	0	0.998966	0.0313912	0.0243667	0	-0.0243418	-0.00117266	0.99946	0	-86.4229	316.402	-7.19374	1

COMPONENTFINISH

COMPONENT 951948=IfcFlowSegment
#	Mesh	0	Begin

#	Vertex	72
19.6679	101.195	-8.73404
19.674	101.195	-8.73569
19.6798	101.195	-8.73838
19.685	101.195	-8.74203
19.6895	101.195	-8.74653
19.6931	101.195	-8.75174
19.6958	101.195	-8.75751
19.6975	101.195	-8.76366
19.698	101.195	-8.77
19.6975	101.195	-8.77634
19.6958	101.195	-8.78249
19.6931	101.195	-8.78826
19.6895	101.195	-8.79347
19.685	101.195	-8.79797
19.6798	101.195	-8.80162
19.674	101.195	-8.80431
19.6679	101.195	-8.80596
19.6615	101.195	-8.80651
19.6552	101.195	-8.80596
19.649	101.195	-8.80431
19.6433	101.195	-8.80162
19.6381	101.195	-8.79797
19.6336	101.195	-8.79347
19.6299	101.195	-8.78826
19.6272	101.195	-8.78249
19.6256	101.195	-8.77634
19.625	101.195	-8.77
19.6256	101.195	-8.76366
19.6272	101.195	-8.75751
19.6299	101.195	-8.75174
19.6336	101.195	-8.74653
19.6381	101.195	-8.74203
19.6433	101.195	-8.73838
19.649	101.195	-8.73569
19.6552	101.195	-8.73404
19.6615	101.195	-8.73349
19.6679	107.801	-8.73404
19.674	107.801	-8.73569
19.6798	107.801	-8.73838
19.685	107.801	-8.74203
19.6895	107.801	-8.74653
19.6931	107.801	-8.75174
19.6958	107.801	-8.75751
19.6975	107.801	-8.76366
19.698	107.801	-8.77
19.6975	107.801	-8.77634
19.6958	107.801	-8.78249
19.6931	107.801	-8.78826
19.6895	107.801	-8.79347
19.685	107.801	-8.79797
19.6798	107.801	-8.80162
19.674	107.801	-8.80431
19.6679	107.801	-8.80596
19.6615	107.801	-8.80651
19.6552	107.801	-8.80596
19.649	107.801	-8.80431
19.6433	107.801	-8.80162
19.6381	107.801	-8.79797
19.6336	107.801	-8.79347
19.6299	107.801	-8.78826
19.6272	107.801	-8.78249
19.6256	107.801	-8.77634
19.625	107.801	-8.77
19.6256	107.801	-8.76366
19.6272	107.801	-8.75751
19.6299	107.801	-8.75174
19.6336	107.801	-8.74653
19.6381	107.801	-8.74203
19.6433	107.801	-8.73838
19.649	107.801	-8.73569
19.6552	107.801	-8.73404
19.6615	107.801	-8.73349

#	Triangle	48
35	36	71	0	36	35
0	37	36	1	37	0
1	38	37	2	38	1
2	39	38	3	39	2
3	40	39	4	40	3
4	41	40	5	41	4
5	42	41	6	42	5
6	43	42	7	43	6
7	44	43	8	44	7
8	45	44	9	45	8
9	46	45	10	46	9
10	47	46	11	47	10
11	48	47	12	48	11
12	49	48	13	49	12
13	50	49	14	50	13
14	51	50	15	51	14
15	52	51	16	52	15
16	53	52	17	53	16
17	54	53	18	54	17
18	55	54	19	55	18
19	56	55	20	56	19
20	57	56	21	57	20
21	58	57	22	58	21
22	59	58	23	59	22
23	60	59	24	60	23
24	61	60	25	61	24
25	62	61	26	62	25
26	63	62	27	63	26
27	64	63	28	64	27
28	65	64	29	65	28
29	66	65	30	66	29
30	67	66	31	67	30
31	68	67	32	68	31
32	69	68	33	69	32
33	70	69	34	70	33
34	71	70	35	71	34
7	9	8	26	25	27
6	9	7	27	25	24
6	10	9	27	24	28
5	10	6	28	24	23
5	11	10	28	23	29
4	11	5	4	12	11	3	12	4	3	13	12	2	13	3	2	14	13	1	14	2	1	15	14	0	15	1	0	16	15	35	16	0	35	17	16	34	17	35	34	18	17	33	18	34	33	19	18	32	19	33	32	20	19	31	20	32	31	21	20	30	21	31	30	22	21	29	22	30	29	23	22
45	43	44	62	63	61
46	43	45	61	63	64
46	42	43	61	64	60
47	42	46	60	64	65
47	41	42	60	65	59
48	41	47	48	40	41	49	40	48	49	39	40	50	39	49	50	38	39	51	38	50	51	37	38	52	37	51	52	36	37	53	36	52	53	71	36	54	71	53	54	70	71	55	70	54	55	69	70	56	69	55	56	68	69	57	68	56	57	67	68	58	67	57	58	66	67	59	66	58	59	65	66

#	Normal	48
0.0871327	-0	0.996197
0.258895	-0	0.965906
0.422499	-0	0.906363
0.573709	-0	0.819059
0.707107	-0	0.707107
0.819181	-0	0.573534
0.906309	-0	0.422617
0.965888	-0	0.258961
0.996194	-0	0.0871593
0.996194	-0	-0.0871593
0.965888	-0	-0.258961
0.906309	-0	-0.422617
0.819181	-0	-0.573534
0.707107	-0	-0.707107
0.573709	-0	-0.819059
0.422499	-0	-0.906363
0.258895	-0	-0.965906
0.0871327	-0	-0.996197
-0.0871593	0	-0.996194
-0.258895	0	-0.965906
-0.422499	0	-0.906363
-0.573709	0	-0.819059
-0.707107	0	-0.707107
-0.819181	0	-0.573534
-0.906191	0	-0.422869
-0.965964	0	-0.258675
-0.996194	0	-0.0871593
-0.996194	-0	0.0871593
-0.965964	-0	0.258675
-0.906191	-0	0.422869
-0.819181	-0	0.573534
-0.707107	-0	0.707107
-0.573709	-0	0.819059
-0.422499	-0	0.906363
-0.258895	-0	0.965906
-0.0871593	-0	0.996194
-0	-7.03326e-006	-0
-0	-2.09017e-005	-0
-0	-4.11723e-005	-0
-0	-6.71733e-005	-0
-0	-9.81966e-005	-0
-0	-1	-0
-0	7.03326e-006	-0
-0	2.09017e-005	-0
-0	4.11723e-005	-0
-0	6.71733e-005	-0
-0	9.81966e-005	-0
-0	1	-0

#	Mesh	0	End


COMPONENTFINISH

COMPONENT 952041=IfcFlowSegment
#	Mesh	0	Begin

#	Vertex	72
19.7265	101.029	-8.85286
19.7265	101.044	-8.84906
19.7265	101.057	-8.84287
19.7265	101.069	-8.83445
19.7265	101.079	-8.82408
19.7265	101.088	-8.81207
19.7265	101.094	-8.79878
19.7265	101.098	-8.78461
19.7265	101.099	-8.77
19.7265	101.098	-8.75539
19.7265	101.094	-8.74122
19.7265	101.088	-8.72793
19.7265	101.079	-8.71592
19.7265	101.069	-8.70555
19.7265	101.057	-8.69713
19.7265	101.044	-8.69094
19.7265	101.029	-8.68714
19.7265	101.015	-8.68586
19.7265	101	-8.68714
19.7265	100.986	-8.69094
19.7265	100.973	-8.69713
19.7265	100.961	-8.70555
19.7265	100.95	-8.71592
19.7265	100.942	-8.72793
19.7265	100.936	-8.74122
19.7265	100.932	-8.75539
19.7265	100.931	-8.77
19.7265	100.932	-8.78461
19.7265	100.936	-8.79878
19.7265	100.942	-8.81207
19.7265	100.95	-8.82408
19.7265	100.961	-8.83445
19.7265	100.973	-8.84287
19.7265	100.986	-8.84906
19.7265	101	-8.85286
19.7265	101.015	-8.85414
24.6102	101.029	-8.85286
24.6102	101.044	-8.84906
24.6102	101.057	-8.84287
24.6102	101.069	-8.83445
24.6102	101.079	-8.82408
24.6102	101.088	-8.81207
24.6102	101.094	-8.79878
24.6102	101.098	-8.78461
24.6102	101.099	-8.77
24.6102	101.098	-8.75539
24.6102	101.094	-8.74122
24.6102	101.088	-8.72793
24.6102	101.079	-8.71592
24.6102	101.069	-8.70555
24.6102	101.057	-8.69713
24.6102	101.044	-8.69094
24.6102	101.029	-8.68714
24.6102	101.015	-8.68586
24.6102	101	-8.68714
24.6102	100.986	-8.69094
24.6102	100.973	-8.69713
24.6102	100.961	-8.70555
24.6102	100.95	-8.71592
24.6102	100.942	-8.72793
24.6102	100.936	-8.74122
24.6102	100.932	-8.75539
24.6102	100.931	-8.77
24.6102	100.932	-8.78461
24.6102	100.936	-8.79878
24.6102	100.942	-8.81207
24.6102	100.95	-8.82408
24.6102	100.961	-8.83445
24.6102	100.973	-8.84287
24.6102	100.986	-8.84906
24.6102	101	-8.85286
24.6102	101.015	-8.85414

#	Triangle	40
35	36	71	0	36	35
0	37	36	1	37	0
1	38	37	2	38	1
2	39	38	3	39	2
3	40	39	4	40	3
4	41	40	5	41	4
5	42	41	6	42	5
6	43	42	7	43	6
7	44	43	8	44	7
8	45	44	9	45	8
9	46	45	10	46	9
10	47	46	11	47	10
11	48	47	12	48	11
12	49	48	13	49	12
13	50	49	14	50	13
14	51	50	15	51	14
15	52	51	16	52	15
16	53	52	17	53	16
17	54	53	18	54	17
18	55	54	19	55	18
19	56	55	20	56	19
20	57	56	21	57	20
21	58	57	22	58	21
22	59	58	23	59	22
23	60	59	24	60	23
24	61	60	25	61	24
25	62	61	26	62	25
26	63	62	27	63	26
27	64	63	28	64	27
28	65	64	29	65	28
29	66	65	30	66	29
30	67	66	31	67	30
31	68	67	32	68	31
32	69	68	33	69	32
33	70	69	34	70	33
34	71	70	35	71	34
7	9	8	26	25	27
6	9	7	6	10	9	5	10	6	5	11	10	4	11	5	4	12	11	3	12	4	3	13	12	2	13	3	2	14	13	1	14	2	1	15	14	0	15	1	0	16	15	35	16	0	35	17	16	34	17	35	34	18	17	33	18	34	33	19	18	32	19	33	32	20	19	31	20	32	31	21	20	30	21	31	30	22	21	29	22	30	29	23	22	28	23	29	28	24	23	27	24	28	27	25	24
45	43	44	62	63	61
46	43	45	46	42	43	47	42	46	47	41	42	48	41	47	48	40	41	49	40	48	49	39	40	50	39	49	50	38	39	51	38	50	51	37	38	52	37	51	52	36	37	53	36	52	53	71	36	54	71	53	54	70	71	55	70	54	55	69	70	56	69	55	56	68	69	57	68	56	57	67	68	58	67	57	58	66	67	59	66	58	59	65	66	60	65	59	60	64	65	61	64	60	61	63	64

#	Normal	40
-0	0.087167	-0.996194
-0	0.258727	-0.96595
-0	0.4227	-0.90627
-0	0.573516	-0.819194
-0	0.707207	-0.707007
-0	0.81911	-0.573637
-0	0.906382	-0.422459
-0	0.965907	-0.258889
-0	0.996177	-0.0873594
-0	0.996177	0.0873594
-0	0.965907	0.258889
-0	0.906382	0.422459
-0	0.81911	0.573637
-0	0.707207	0.707007
-0	0.573516	0.819194
-0	0.4227	0.90627
-0	0.258727	0.96595
-0	0.087167	0.996194
-0	-0.087167	0.996194
-0	-0.25886	0.965915
-0	-0.4227	0.90627
-0	-0.573516	0.819194
-0	-0.70694	0.707273
-0	-0.81936	0.573279
-0	-0.906178	0.422896
-0	-0.965907	0.258889
-0	-0.996223	0.0868308
0	-0.996223	-0.0868308
0	-0.965907	-0.258889
0	-0.906178	-0.422896
0	-0.81936	-0.573279
0	-0.70694	-0.707273
0	-0.573516	-0.819194
0	-0.4227	-0.90627
0	-0.25886	-0.965915
0	-0.087167	-0.996194
-3.7439e-005	-0	0
-1	-0	-0
3.7439e-005	-0	0
1	-0	-0

#	Mesh	0	End


COMPONENTFINISH

COMPONENT 952118=IfcFlowFitting
#	TMesh	1255991=IfcFlowFitting
-0.99986	0.000187691	5.10414e-008	0	0.000187691	0.99986	-7.35822e-006	0	-5.24226e-008	-7.35821e-006	-0.99986	0	43.7993	-7.18928	-7.98931	1

COMPONENTFINISH

COMPONENT 952390=IfcFlowSegment
#	TMesh	951948=IfcFlowSegment
-1	3.85072e-010	0.000159346	0	3.85072e-010	1	-6.63999e-014	0	0.000159346	5.04006e-015	1	0	12.3245	-9.91821e-005	-0.00312233	1

COMPONENTFINISH

COMPONENT 952477=IfcFlowSegment
#	Mesh	0	Begin

#	Vertex	72
-7.27348	101.029	-8.85286
-7.27348	101.044	-8.84906
-7.27348	101.057	-8.84287
-7.27348	101.069	-8.83445
-7.27348	101.079	-8.82408
-7.27348	101.088	-8.81207
-7.27348	101.094	-8.79878
-7.27348	101.098	-8.78461
-7.27348	101.099	-8.77
-7.27348	101.098	-8.75539
-7.27348	101.094	-8.74122
-7.27348	101.088	-8.72793
-7.27348	101.079	-8.71592
-7.27348	101.069	-8.70555
-7.27348	101.057	-8.69713
-7.27348	101.044	-8.69094
-7.27348	101.029	-8.68714
-7.27348	101.015	-8.68586
-7.27348	101	-8.68714
-7.27348	100.986	-8.69094
-7.27348	100.973	-8.69713
-7.27348	100.961	-8.70555
-7.27348	100.95	-8.71592
-7.27348	100.942	-8.72793
-7.27348	100.936	-8.74122
-7.27348	100.932	-8.75539
-7.27348	100.931	-8.77
-7.27348	100.932	-8.78461
-7.27348	100.936	-8.79878
-7.27348	100.942	-8.81207
-7.27348	100.95	-8.82408
-7.27348	100.961	-8.83445
-7.27348	100.973	-8.84287
-7.27348	100.986	-8.84906
-7.27348	101	-8.85286
-7.27348	101.015	-8.85414
19.5965	101.029	-8.85286
19.5965	101.044	-8.84906
19.5965	101.057	-8.84287
19.5965	101.069	-8.83445
19.5965	101.079	-8.82408
19.5965	101.088	-8.81207
19.5965	101.094	-8.79878
19.5965	101.098	-8.78461
19.5965	101.099	-8.77
19.5965	101.098	-8.75539
19.5965	101.094	-8.74122
19.5965	101.088	-8.72793
19.5965	101.079	-8.71592
19.5965	101.069	-8.70555
19.5965	101.057	-8.69713
19.5965	101.044	-8.69094
19.5965	101.029	-8.68714
19.5965	101.015	-8.68586
19.5965	101	-8.68714
19.5965	100.986	-8.69094
19.5965	100.973	-8.69713
19.5965	100.961	-8.70555
19.5965	100.95	-8.71592
19.5965	100.942	-8.72793
19.5965	100.936	-8.74122
19.5965	100.932	-8.75539
19.5965	100.931	-8.77
19.5965	100.932	-8.78461
19.5965	100.936	-8.79878
19.5965	100.942	-8.81207
19.5965	100.95	-8.82408
19.5965	100.961	-8.83445
19.5965	100.973	-8.84287
19.5965	100.986	-8.84906
19.5965	101	-8.85286
19.5965	101.015	-8.85414

#	Triangle	40
35	36	71	0	36	35
0	37	36	1	37	0
1	38	37	2	38	1
2	39	38	3	39	2
3	40	39	4	40	3
4	41	40	5	41	4
5	42	41	6	42	5
6	43	42	7	43	6
7	44	43	8	44	7
8	45	44	9	45	8
9	46	45	10	46	9
10	47	46	11	47	10
11	48	47	12	48	11
12	49	48	13	49	12
13	50	49	14	50	13
14	51	50	15	51	14
15	52	51	16	52	15
16	53	52	17	53	16
17	54	53	18	54	17
18	55	54	19	55	18
19	56	55	20	56	19
20	57	56	21	57	20
21	58	57	22	58	21
22	59	58	23	59	22
23	60	59	24	60	23
24	61	60	25	61	24
25	62	61	26	62	25
26	63	62	27	63	26
27	64	63	28	64	27
28	65	64	29	65	28
29	66	65	30	66	29
30	67	66	31	67	30
31	68	67	32	68	31
32	69	68	33	69	32
33	70	69	34	70	33
34	71	70	35	71	34
7	9	8	26	25	27
6	9	7	6	10	9	5	10	6	5	11	10	4	11	5	4	12	11	3	12	4	3	13	12	2	13	3	2	14	13	1	14	2	1	15	14	0	15	1	0	16	15	35	16	0	35	17	16	34	17	35	34	18	17	33	18	34	33	19	18	32	19	33	32	20	19	31	20	32	31	21	20	30	21	31	30	22	21	29	22	30	29	23	22	28	23	29	28	24	23	27	24	28	27	25	24
45	43	44	62	63	61
46	43	45	46	42	43	47	42	46	47	41	42	48	41	47	48	40	41	49	40	48	49	39	40	50	39	49	50	38	39	51	38	50	51	37	38	52	37	51	52	36	37	53	36	52	53	71	36	54	71	53	54	70	71	55	70	54	55	69	70	56	69	55	56	68	69	57	68	56	57	67	68	58	67	57	58	66	67	59	66	58	59	65	66	60	65	59	60	64	65	61	64	60	61	63	64

#	Normal	40
-0	0.087167	-0.996194
-0	0.258727	-0.96595
-0	0.4227	-0.90627
-0	0.573516	-0.819194
-0	0.707207	-0.707007
-0	0.81911	-0.573637
-0	0.906382	-0.422459
-0	0.965907	-0.258889
-0	0.996177	-0.0873594
-0	0.996177	0.0873594
-0	0.965907	0.258889
-0	0.906382	0.422459
-0	0.81911	0.573637
-0	0.707207	0.707007
-0	0.573516	0.819194
-0	0.4227	0.90627
-0	0.258727	0.96595
-0	0.087167	0.996194
-0	-0.087167	0.996194
-0	-0.25886	0.965915
-0	-0.4227	0.90627
-0	-0.573516	0.819194
-0	-0.70694	0.707273
-0	-0.81936	0.573279
-0	-0.906178	0.422896
-0	-0.965907	0.258889
-0	-0.996223	0.0868308
0	-0.996223	-0.0868308
0	-0.965907	-0.258889
0	-0.906178	-0.422896
0	-0.81936	-0.573279
0	-0.70694	-0.707273
0	-0.573516	-0.819194
0	-0.4227	-0.90627
0	-0.25886	-0.965915
0	-0.087167	-0.996194
-3.7439e-005	-0	0
-1	-0	-0
3.7439e-005	-0	0
1	-0	-0

#	Mesh	0	End


COMPONENTFINISH

COMPONENT 952554=IfcFlowFitting
#	TMesh	1255991=IfcFlowFitting
-0.99986	7.06448e-005	-1.03142e-008	0	7.06448e-005	0.99986	1.03009e-005	0	-1.1042e-008	-1.03009e-005	0.99986	0	16.812	-7.18645	-9.55101	1

COMPONENTFINISH

COMPONENT 952646=IfcFlowSegment
#	TMesh	152559=IfcFlowSegment
3.49375e-010	-0.00155723	2.30219	0	-2.30219	-1.22253e-010	3.49293e-010	0	1.22016e-010	-2.30219	-0.00155723	0	221.847	79.5656	491.294	1

COMPONENTFINISH

COMPONENT 953701=IfcFlowFitting
#	TMesh	2241810=IfcFlowFitting
2.12884e-007	-0.998694	0.00243351	0	-0.000147307	0.00243351	0.998694	0	0.998697	5.71823e-007	0.000147306	0	21.8944	-193.786	-138.621	1

COMPONENTFINISH

COMPONENT 954240=IfcFlowFitting
#	TMesh	124805=IfcFlowFitting
-0.000961121	-0.0155705	0.99998	0	0.000196356	0.999981	0.0155708	0	1.0001	-0.000211296	0.000957947	0	27.2787	-5.71211	205.629	1

COMPONENTFINISH

COMPONENT 954414=IfcFlowFitting
#	TMesh	123935=IfcFlowFitting
-0.0106607	-1.00175	0.0317563	0	-0.0251158	-0.0314811	-1.0015	0	-1.00194	0.0114478	0.0247669	0	24.8489	-111.564	106.552	1

COMPONENTFINISH

COMPONENT 955855=IfcFlowSegment
#	TMesh	1205792=IfcFlowSegment
0.435442	-0.116683	-1.37099e-009	0	-0.116683	-0.435442	-5.8532e-009	0	-1.90736e-010	-6.00859e-009	0.450804	0	31.8754	137.308	-4.74989	1

COMPONENTFINISH

COMPONENT 955953=IfcFlowSegment
#	TMesh	1214240=IfcFlowSegment
-0.935185	0.250562	7.26293e-009	0	0.250562	0.935185	-1.89179e-008	0	1.19114e-008	1.63937e-008	0.968169	0	-0.779085	-0.328888	0.270451	1

COMPONENTFINISH

COMPONENT 956143=IfcFlowFitting
#	TMesh	1213951=IfcFlowFitting
-0.965926	0.258815	-1.10766e-009	0	0.258815	0.965926	-1.09046e-007	0	2.7153e-008	1.05617e-007	0.999999	0	-3.77458	-0.727394	0.300009	1

COMPONENTFINISH

COMPONENT 956241=IfcFlowSegment
#	TMesh	179736=IfcFlowSegment
0	1.06304	-1.47326e-008	0	1.06304	0	0	0	0	-1.47326e-008	-1.06304	0	-75.6255	149.052	-2.51128	1

COMPONENTFINISH

COMPONENT 956337=IfcFlowSegment
#	TMesh	1205792=IfcFlowSegment
-0.207184	0	0	0	0	0	0.207184	0	0	-0.207184	0	0	-13.2786	99.3169	-23.1276	1

COMPONENTFINISH

COMPONENT 956428=IfcFlowFitting
#	TMesh	1213951=IfcFlowFitting
-0.999998	1.05053e-005	4.98153e-008	0	-1.05053e-005	-0.999998	4.15275e-007	0	-4.98196e-008	-4.15275e-007	-0.999998	0	20.1556	195.709	-7.64004	1

COMPONENTFINISH

COMPONENT 956690=IfcFlowFitting
#	Mesh	0	Begin

#	Vertex	20
-11.4785	98.7148	-3.47
-11.4785	98.7148	-3.87
-10.691	98.7148	-3.87
-10.691	98.7148	-3.47
-11.4785	98.8723	-3.47
-10.8485	98.8723	-3.47
-10.8485	98.8723	-3.87
-11.4785	98.8723	-3.87
-11.686	97.9148	-3.47
-10.641	97.9148	-3.47
-10.641	98.7148	-3.47
-11.686	98.7148	-3.47
-11.686	97.9148	-3.87
-11.686	98.7148	-3.87
-10.641	98.7148	-3.87
-10.641	97.9148	-3.87
-11.986	98.3148	-3.55
-11.986	98.3148	-3.87
-11.986	97.9148	-3.87
-11.986	97.9148	-3.55

#	Triangle	9
3	1	2	0	1	3	15	8	12	9	8	15	18	8	19	12	8	18
7	5	6	4	5	7	13	10	14	11	10	13
3	4	0	5	4	3	11	9	10	8	9	11
2	5	3	6	5	2
1	6	2	7	6	1	15	13	14	12	13	15	17	12	18	13	12	17
0	7	1	4	7	0	12	11	13	8	11	12	19	17	18	16	17	19
14	9	15	10	9	14	13	8	12	11	8	13
16	13	17	11	13	16
19	11	16	8	11	19

#	Normal	9
-0	-1	-0
-0	1	-0
-0	-0	1
0.707107	0.707107	-0
-0	0	-1
-1	0	-0
1	-0	-0
-0.8	0.6	-0
-0.257663	-0	0.966235

#	Mesh	0	End


COMPONENTFINISH

COMPONENT 956790=IfcFlowSegment
#	TMesh	1216129=IfcFlowSegment
-0.879121	-5.49378e-009	0	0	5.49378e-009	-0.879121	0	0	0	0	0.879121	0	18.5809	186.336	-4.95901	1

COMPONENTFINISH

COMPONENT 956889=IfcFlowSegment
#	TMesh	1206330=IfcFlowSegment
0.120818	0.451268	3.97115e-009	0	-0.451268	0.120818	-1.37243e-009	0	2.35276e-009	3.4811e-009	-0.467161	0	65.4862	95.6356	-2.66838	1

COMPONENTFINISH

COMPONENT 956981=IfcFlowFitting
#	TMesh	1213951=IfcFlowFitting
-0.965944	0.258816	-1.47934e-008	0	0.258816	0.965944	-1.62892e-007	0	2.78689e-008	1.6117e-007	1.00002	0	9.18883	0.0422745	0.400081	1

COMPONENTFINISH

COMPONENT 957079=IfcFlowSegment
#	TMesh	158556=IfcFlowSegment
0.843541	-1.77895e-009	-6.30125e-010	0	-1.77895e-009	-0.843541	0	0	6.30125e-010	-1.32887e-018	0.843541	0	149.185	191.971	-4.96674	1

COMPONENTFINISH

COMPONENT 957171=IfcFlowFitting
#	TMesh	1213951=IfcFlowFitting
0.965917	-0.258821	1.75226e-008	0	-0.258821	-0.965917	2.36139e-007	0	-4.41925e-008	-2.32627e-007	-0.999992	0	25.4154	197.356	-7.53999	1

COMPONENTFINISH

COMPONENT 957271=IfcFlowSegment
#	TMesh	1214240=IfcFlowSegment
-0.953292	0.255408	2.42483e-009	0	0.255408	0.953292	-1.13542e-008	0	5.28063e-009	1.03399e-008	0.986914	0	-0.912826	-1.22845	0.846741	1

COMPONENTFINISH

COMPONENT 957368=IfcFlowSegment
#	TMesh	183332=IfcFlowSegment
-5.92271e-010	0.502516	0	0	0.502516	5.92271e-010	0	0	0	0	-0.502516	0	-41.2688	127.584	-2.50165	1

COMPONENTFINISH

COMPONENT 957718=IfcFlowFitting
#	Mesh	0	Begin

#	Vertex	26
-9.5535	99.7148	-2.97
-9.5535	99.7148	-3.37
-8.9235	99.7148	-3.37
-8.9235	99.7148	-2.97
-9.5535	99.8723	-2.97
-8.9235	99.8723	-2.97
-8.9235	99.8723	-3.37
-9.5535	99.8723	-3.37
-10.061	99.3148	-3.05
-10.061	99.3148	-3.37
-10.061	98.9148	-3.37
-10.061	98.9148	-3.05
-9.761	99.7148	-2.97
-9.761	98.9148	-2.97
-9.761	98.9148	-3.37
-9.761	99.7148	-3.37
-8.716	98.9148	-2.97
-8.716	99.7148	-2.97
-8.716	99.7148	-3.37
-8.716	98.9148	-3.37
-8.766	99.7148	-2.97
-8.766	99.7148	-3.37
-8.416	99.7148	-2.97
-8.416	98.9148	-2.97
-8.416	98.9148	-3.37
-8.416	99.7148	-3.37

#	Triangle	9
3	1	2	0	1	3	10	13	11	14	13	10	19	13	14	16	13	19	21	3	2	20	3	21	23	19	24	16	19	23
7	5	6	4	5	7	15	17	18	12	17	15	25	17	22	18	17	25
3	4	0	5	4	3	12	16	17	13	16	12	5	3	20	22	16	23	17	16	22
2	5	3	6	5	2	15	13	14	12	13	15	18	16	19	17	16	18	25	23	24	22	23	25
1	6	2	7	6	1	9	14	10	15	14	9	19	15	18	14	15	19	21	2	6	24	18	25	19	18	24
0	7	1	4	7	0	11	9	10	8	9	11	14	12	15	13	12	14	2	5	6	3	5	2	16	18	19	17	18	16
8	15	9	12	15	8
11	12	8	13	12	11
6	20	21	5	20	6

#	Normal	9
-0	-1	-0
-0	1	-0
-0	-0	1
1	-0	-0
-0	-0	-1
-1	0	-0
-0.8	0.6	-0
-0.257663	-0	0.966235
0.707107	0.707107	-0

#	Mesh	0	End


COMPONENTFINISH

COMPONENT 965279=IfcFlowSegment
#	TMesh	171688=IfcFlowSegment
-0.805972	0	0	0	0	0.805972	0	0	0	0	0.805972	0	-155.524	17.5075	-4.92702	1

COMPONENTFINISH

COMPONENT 965376=IfcFlowSegment
#	TMesh	157671=IfcFlowSegment
-0.637308	0.367939	-3.36198e-010	0	0.367939	0.637308	-1.13062e-008	0	5.3618e-009	9.95959e-009	0.735895	0	-171.665	105.981	-4.82208	1

COMPONENTFINISH

COMPONENT 965471=IfcFlowSegment
#	TMesh	1210204=IfcFlowSegment
-0.162385	0.364713	1.04327e-008	0	0.364713	0.162385	-2.34315e-008	0	-2.56491e-008	0	-0.399229	0	17.5768	76.1747	-2.75935	1

COMPONENTFINISH

COMPONENT 965569=IfcFlowSegment
#	TMesh	1821562=IfcFlowSegment
3.82488	-2.20989	1.55318	0	2.34251	4.05442	-8.42955e-008	0	1.34485	-0.777009	-4.41739	0	643.048	-858.948	361.057	1

COMPONENTFINISH

COMPONENT 965759=IfcFlowFitting
#	TMesh	2365390=IfcFlowFitting
0.865966	-0.499938	0.000469719	0	-0.499938	-0.865966	4.87136e-005	0	-0.000382438	0.000277037	0.999917	0	54.6232	206.018	-0.0153544	1

COMPONENTFINISH

COMPONENT 965857=IfcFlowSegment
#	TMesh	1206330=IfcFlowSegment
0	-0.552246	0	0	0.552246	0	-9.81711e-009	0	-9.81711e-009	0	-0.552246	0	-33.5533	92.2636	-2.60416	1

COMPONENTFINISH

COMPONENT 965952=IfcFlowSegment
#	TMesh	1205792=IfcFlowSegment
-0.552725	0	0	0	0	-0.552725	0	0	0	0	0.552725	0	14.6026	154.244	-4.52621	1

COMPONENTFINISH

COMPONENT 966047=IfcFlowSegment
#	TMesh	178559=IfcFlowSegment
0	-1.70113	0	0	1.70113	0	-8.86367e-010	0	8.86367e-010	0	1.70113	0	-132.948	-59.9447	-5.42423	1

COMPONENTFINISH

COMPONENT 966146=IfcFlowSegment
#	TMesh	1545135=IfcFlowSegment
-1.01486	0	0	0	0	1.01486	0	0	0	0	-1.01486	0	39.3757	3.91535	-7.19283	1

COMPONENTFINISH

COMPONENT 966243=IfcFlowSegment
#	TMesh	1206330=IfcFlowSegment
-0.278281	-0.481814	1.54277e-009	0	-0.481814	0.278281	5.03663e-009	0	-5.13304e-009	1.18309e-009	-0.556404	0	63.731	67.687	-2.49593	1

COMPONENTFINISH

COMPONENT 966340=IfcFlowSegment
#	TMesh	1205792=IfcFlowSegment
-0.549717	0	4.71848e-005	0	0	0.549717	0	0	4.71848e-005	0	0.549717	0	16.6601	53.7284	-4.52041	1

COMPONENTFINISH

COMPONENT 966436=IfcFlowSegment
#	TMesh	1209738=IfcFlowSegment
0.400093	0	0	0	0	0.400093	-2.57644e-009	0	0	2.57644e-009	0.400093	0	-1.74951	99.0619	-4.38219	1

COMPONENTFINISH

COMPONENT 966531=IfcFlowSegment
#	TMesh	1205792=IfcFlowSegment
0	0	0.324658	0	-0.324658	0	0	0	0	0.324658	0	0	54.462	97.8105	-0.555609	1

COMPONENTFINISH

COMPONENT 966626=IfcFlowSegment
#	TMesh	1216129=IfcFlowSegment
8.14257e-009	1.30298	0	0	1.30298	-8.14257e-009	0	0	0	0	1.30298	0	-106.395	101.571	-5.67871	1

COMPONENTFINISH

COMPONENT 966776=IfcFlowFitting
#	TMesh	2177496=IfcFlowFitting
0.986997	-0.0652171	0.0304494	0	0.0653222	0.987457	-0.00241857	0	-0.0302235	0.00442205	0.989147	0	-68.3904	85.0402	-0.963274	1

COMPONENTFINISH

COMPONENT 966876=IfcFlowSegment
#	TMesh	1688653=IfcFlowSegment
0	-1.24986	0	0	1.24986	0	0	0	0	0	1.24986	0	-112.217	-249.216	-5.4073	1

COMPONENTFINISH

COMPONENT 966971=IfcFlowSegment
#	TMesh	1214240=IfcFlowSegment
1.38337e-016	-1.52628	-7.50125e-009	0	1.52628	2.19004e-017	2.36913e-008	0	2.36913e-008	7.50125e-009	-1.52628	0	-129.994	133.178	-9.73196	1

COMPONENTFINISH

COMPONENT 967067=IfcFlowSegment
#	TMesh	1207288=IfcFlowSegment
0.172994	0	0	0	0	-5.22856e-010	-0.172994	0	0	0.172994	-5.22856e-010	0	-18.1043	106.935	16.1647	1

COMPONENTFINISH

COMPONENT 967216=IfcFlowFitting
#	TMesh	176543=IfcFlowFitting
0.561415	-0.00663244	-4.07573e-008	0	0.00663244	0.561415	1.06042e-007	0	-3.95018e-008	1.06516e-007	-0.561454	0	6.03384	43.2419	-2.08641	1

COMPONENTFINISH

COMPONENT 967315=IfcFlowSegment
#	TMesh	1215190=IfcFlowSegment
0	-4.4406e-008	-1.41198	0	0	-1.41198	4.4406e-008	0	-1.41198	0	0	0	-21.7718	266.443	-17.5911	1

COMPONENTFINISH

COMPONENT 967410=IfcFlowSegment
#	TMesh	1897305=IfcFlowSegment
-0.789031	1.15227e-009	0	0	0	0	0.789031	0	-1.15227e-009	-0.789031	0	0	51.4296	99.5506	-79.9888	1

COMPONENTFINISH

COMPONENT 967673=IfcFlowFitting
#	TMesh	2187773=IfcFlowFitting
0.0427426	0.509457	0.000731479	0	-0.509453	0.0427453	-0.00219249	0	0.00224597	0.000545609	-0.511242	0	-0.287437	55.2277	-10.0024	1

COMPONENTFINISH

COMPONENT 967787=IfcFlowSegment
#	TMesh	162675=IfcFlowSegment
-1.53186e-009	0	-0.691556	0	0	-0.691556	0	0	-0.691556	0	1.53186e-009	0	21.964	173.061	-106.868	1

COMPONENTFINISH

COMPONENT 967967=IfcFlowFitting
#	TMesh	1208753=IfcFlowFitting
7.38204e-005	3.47142e-006	0.790419	0	-0.790419	3.48011e-006	7.38204e-005	0	-3.47979e-006	-0.790419	3.47175e-006	0	97.0112	99.552	-34.1011	1

COMPONENTFINISH

COMPONENT 968068=IfcFlowSegment
#	TMesh	1320=IfcFlowSegment
0	1.90119	0	0	0	0	1.90119	0	1.90119	0	0	0	20.1825	479.025	-212.705	1

COMPONENTFINISH

COMPONENT 968164=IfcFlowSegment
#	TMesh	1896642=IfcFlowSegment
-0.616122	0	0	0	0	0	0.616122	0	0	0.616122	0	0	21.6312	96.8725	-62.731	1

COMPONENTFINISH

COMPONENT 968531=IfcFlowSegment
#	TMesh	1208848=IfcFlowSegment
-1.09442	0	0	0	0	5.31374e-009	-1.09442	0	0	-1.09442	-5.31374e-009	0	66.3056	99.1203	108.702	1

COMPONENTFINISH

COMPONENT 968619=IfcFlowFitting
#	TMesh	1207467=IfcFlowFitting
-7.86347e-007	4.02927e-005	-0.627354	0	-8.02326e-007	-0.627354	-4.02927e-005	0	-0.627354	8.02275e-007	7.86399e-007	0	25.1827	167.781	-1.34743	1

COMPONENTFINISH

COMPONENT 982356=IfcFlowSegment
#	TMesh	1897124=IfcFlowSegment
0.84832	0	0	0	0	-0.84832	0	0	0	0	0.84832	0	-46.9646	185.702	-5.74675	1

COMPONENTFINISH

