#	Mesh	0	Begin

#	Vertex	72
76.2817	62.7575	0.9133
76.2793	62.7569	0.9133
76.277	62.7558	0.9133
76.275	62.7544	0.9133
76.2732	62.7526	0.9133
76.2718	62.7506	0.9133
76.2707	62.7483	0.9133
76.2701	62.7459	0.9133
76.2699	62.7435	0.9133
76.2701	62.741	0.9133
76.2707	62.7386	0.9133
76.2718	62.7363	0.9133
76.2732	62.7343	0.9133
76.275	62.7325	0.9133
76.277	62.7311	0.9133
76.2793	62.73	0.9133
76.2817	62.7294	0.9133
76.2842	62.7292	0.9133
76.2866	62.7294	0.9133
76.2891	62.73	0.9133
76.2913	62.7311	0.9133
76.2934	62.7325	0.9133
76.2951	62.7343	0.9133
76.2965	62.7363	0.9133
76.2976	62.7386	0.9133
76.2982	62.741	0.9133
76.2985	62.7435	0.9133
76.2982	62.7459	0.9133
76.2976	62.7483	0.9133
76.2965	62.7506	0.9133
76.2951	62.7526	0.9133
76.2934	62.7544	0.9133
76.2913	62.7558	0.9133
76.2891	62.7569	0.9133
76.2866	62.7575	0.9133
76.2842	62.7577	0.9133
76.2817	62.7575	1.66202
76.2793	62.7569	1.66202
76.277	62.7558	1.66202
76.275	62.7544	1.66202
76.2732	62.7526	1.66202
76.2718	62.7506	1.66202
76.2707	62.7483	1.66202
76.2701	62.7459	1.66202
76.2699	62.7435	1.66202
76.2701	62.741	1.66202
76.2707	62.7386	1.66202
76.2718	62.7363	1.66202
76.2732	62.7343	1.66202
76.275	62.7325	1.66202
76.277	62.7311	1.66202
76.2793	62.73	1.66202
76.2817	62.7294	1.66202
76.2842	62.7292	1.66202
76.2866	62.7294	1.66202
76.2891	62.73	1.66202
76.2913	62.7311	1.66202
76.2934	62.7325	1.66202
76.2951	62.7343	1.66202
76.2965	62.7363	1.66202
76.2976	62.7386	1.66202
76.2982	62.741	1.66202
76.2985	62.7435	1.66202
76.2982	62.7459	1.66202
76.2976	62.7483	1.66202
76.2965	62.7506	1.66202
76.2951	62.7526	1.66202
76.2934	62.7544	1.66202
76.2913	62.7558	1.66202
76.2891	62.7569	1.66202
76.2866	62.7575	1.66202
76.2842	62.7577	1.66202

#	Triangle	70
35	36	71	0	36	35
0	37	36	1	37	0
1	38	37	2	38	1
2	39	38	3	39	2
3	40	39	4	40	3
4	41	40	5	41	4
5	42	41	6	42	5
6	43	42	7	43	6
7	44	43	8	44	7
8	45	44	9	45	8
9	46	45	10	46	9
10	47	46	11	47	10
11	48	47	12	48	11
12	49	48	13	49	12
13	50	49	14	50	13
14	51	50	15	51	14
15	52	51	16	52	15
16	53	52	17	53	16
17	54	53	18	54	17
18	55	54	19	55	18
19	56	55	20	56	19
20	57	56	21	57	20
21	58	57	22	58	21
22	59	58	23	59	22
23	60	59	24	60	23
24	61	60	25	61	24
25	62	61	26	62	25
26	63	62	27	63	26
27	64	63	28	64	27
28	65	64	29	65	28
29	66	65	30	66	29
30	67	66	31	67	30
31	68	67	32	68	31
32	69	68	33	69	32
33	70	69	34	70	33
34	71	70	35	71	34
7	9	8	26	25	27
6	9	7	27	25	24
6	10	9	27	24	28
5	10	6	28	24	23
5	11	10	28	23	29
4	11	5	29	23	22
4	12	11	29	22	30
3	12	4	30	22	21
3	13	12	30	21	31
2	13	3	31	21	20
2	14	13	31	20	32
1	14	2	32	20	19
1	15	14	32	19	33
0	15	1	33	19	18
0	16	15	33	18	34
35	16	0	34	18	17
35	17	16	34	17	35
45	43	44	62	63	61
46	43	45	61	63	64
46	42	43	61	64	60
47	42	46	60	64	65
47	41	42	60	65	59
48	41	47	59	65	66
48	40	41	59	66	58
49	40	48	58	66	67
49	39	40	58	67	57
50	39	49	57	67	68
50	38	39	57	68	56
51	38	50	56	68	69
51	37	38	56	69	55
52	37	51	55	69	70
52	36	37	55	70	54
53	36	52	54	70	71
53	71	36	54	71	53

#	Normal	70
-0.0879855	0.996122	-0
-0.258736	0.965948	-0
-0.421941	0.906623	-0
-0.574094	0.81879	-0
-0.706323	0.707889	-0
-0.81879	0.574094	-0
-0.907223	0.42065	-0
-0.965555	0.260198	-0
-0.996146	0.087711	-0
-0.996134	-0.087848	0
-0.965555	-0.260198	0
-0.907223	-0.42065	0
-0.81879	-0.574094	0
-0.706323	-0.707889	0
-0.574094	-0.81879	0
-0.421941	-0.906623	0
-0.258736	-0.965948	0
-0.0879855	-0.996122	0
0.087711	-0.996146	-0
0.258736	-0.965948	-0
0.421941	-0.906623	-0
0.574094	-0.81879	-0
0.706323	-0.707889	-0
0.81879	-0.574094	-0
0.907223	-0.42065	-0
0.965555	-0.260198	-0
0.996134	-0.087848	-0
0.996146	0.087711	-0
0.965555	0.260198	-0
0.907223	0.42065	-0
0.81879	0.574094	-0
0.706323	0.707889	-0
0.574094	0.81879	-0
0.421941	0.906623	-0
0.258736	0.965948	-0
0.087711	0.996146	-0
-0	-0	-1.08606e-006
-0	-0	-3.21939e-006
-0	-0	-6.34e-006
-0	-0	-1.02357e-005
-0	-0	-1.4963e-005
-0	-0	-2.04345e-005
-0	-0	-2.62649e-005
-0	-0	-3.24365e-005
-0	-0	-3.86575e-005
-0	-0	-4.46443e-005
-0	-0	-5.04748e-005
-0	-0	-5.58897e-005
-0	-0	-6.06346e-005
-0	-0	-6.4621e-005
-0	-0	-6.77228e-005
-0	-0	-6.97017e-005
-0	-0	-7.07852e-005
-0	-0	1.08606e-006
-0	-0	3.21939e-006
-0	-0	6.34e-006
-0	-0	1.02357e-005
-0	-0	1.4963e-005
-0	-0	2.04345e-005
-0	-0	2.62649e-005
-0	-0	3.24365e-005
-0	-0	3.86575e-005
-0	-0	4.46443e-005
-0	-0	5.04748e-005
-0	-0	5.58897e-005
-0	-0	6.06346e-005
-0	-0	6.4621e-005
-0	-0	6.77228e-005
-0	-0	6.97017e-005
-0	-0	7.07852e-005

#	Mesh	0	End

