#	Mesh	0	Begin

#	Vertex	16
102.011	-104.362	-16.885
102.011	-104.362	-11.386
101.811	-104.379	-11.386
101.811	-104.379	-16.885
102.285	-110.222	-11.386
102.285	-110.222	-16.885
101.918	-105.7	-14.735
101.83	-104.604	-14.735
101.83	-104.604	-16.835
101.918	-105.7	-16.835
102.484	-110.206	-11.386
102.484	-110.206	-16.885
102.029	-104.588	-14.735
102.118	-105.684	-14.735
102.118	-105.684	-16.835
102.029	-104.588	-16.835

#	Triangle	17
0	2	1	3	2	0	9	13	14	6	13	9
4	9	5	4	6	9
9	3	5
9	8	3
8	2	3	7	2	8
4	7	6
4	2	7
5	10	4	11	10	5
1	15	0	1	12	15
15	11	0
15	14	11
14	10	11	13	10	14
1	13	12
1	10	13
0	5	3	11	5	0	6	12	13	7	12	6
2	10	1	4	10	2	8	14	15	9	14	8
7	15	12	8	15	7

#	Normal	17
-0.0807047	0.996738	-0
-0.996738	-0.0806998	-0
-0.996738	-0.0806993	-5.04304e-005
-0.996738	-0.0807035	-0.000163566
-0.996741	-0.0806675	0
-0.996738	-0.0807035	-5.02466e-006
-0.996738	-0.0806993	2.15388e-006
0.0807047	-0.996738	-0
0.996738	0.0807018	0
0.996738	0.0806993	-1.14736e-005
0.996739	0.0806965	0.000305724
0.996738	0.0806998	-0
0.996739	0.0806965	3.61385e-007
0.996738	0.0806993	-7.52917e-007
-0	-0	-1
-0	-0	1
0.0807015	-0.996738	-0

#	Mesh	0	End

