#	Mesh	0	Begin

#	Vertex	24
77.9941	-115.441	-20.704
77.9941	-115.441	-19.604
66.9495	-116.344	-19.604
66.9495	-116.344	-20.704
79.1718	-129.839	-20.7403
79.1718	-129.839	-19.6403
76.816	-130.031	-20.7403
76.816	-130.031	-19.6403
76.7022	-128.64	-20.7368
76.7022	-128.64	-19.6368
76.2154	-128.68	-20.7368
76.2154	-128.68	-19.6368
76.1576	-127.974	-20.735
76.1576	-127.974	-19.635
67.955	-128.638	-20.735
67.955	-128.638	-19.635
67.955	-128.638	-20.735
76.1576	-127.974	-20.735
76.2154	-128.68	-20.7368
76.7022	-128.64	-20.7368
76.816	-130.031	-20.7403
79.1718	-129.839	-20.7403
77.9941	-115.441	-20.704
66.9495	-116.344	-20.704

#	Triangle	15
22	2	1	23	2	22
21	1	5	22	1	21
20	5	7	21	5	20
19	7	9	20	7	19
18	9	11	19	9	18
17	11	13	18	11	17
16	13	15	17	13	16
23	15	2	16	15	23
15	1	2	13	1	15	11	1	13	5	1	7	15	1	2	13	1	15	11	1	13	5	1	7
9	1	11	9	1	11
7	1	9	7	1	9
22	16	23	22	17	16	22	18	17
22	19	18
22	20	19
22	21	20

#	Normal	15
-0.0815206	0.996672	-0
0.996672	0.0815202	-0
0.081519	-0.996672	-0
-0.996671	-0.0815239	0
0.08153	-0.996671	-0
-0.996672	-0.0815172	0
0.0807032	-0.996738	-0
-0.996672	-0.0815209	0
0.000202686	-0.00250398	0.999997
0.000200802	-0.00250377	0.999997
0.000206432	-0.00250432	0.999997
-0.000202874	0.00250413	-0.999997
-0.000200802	0.00250377	-0.999997
-0.000206432	0.00250432	-0.999997
-0.000202317	0.00250399	-0.999997

#	Mesh	0	End

