#	Mesh	0	Begin

#	Vertex	30
99.3681	-67.6484	-11.7536
99.3676	-67.6475	-12.3536
99.4065	-67.6996	-12.3537
99.4069	-67.7005	-11.7537
99.2421	-67.6868	-11.7536
99.242	-67.6858	-12.3536
94.3054	-60.2538	-11.7395
94.3049	-60.2529	-12.3395
94.207	-60.2823	-12.3395
94.2075	-60.2831	-11.7395
95.1867	-59.9895	-11.7398
95.1863	-59.9887	-12.3398
96.6746	-63.4594	-12.3458
96.675	-63.4603	-11.7458
95.9772	-63.5168	-11.7453
95.9768	-63.516	-12.3453
96.8012	-65.0224	-12.348
96.8017	-65.0232	-11.748
98.353	-67.8577	-11.7531
98.3359	-67.6467	-11.7528
99.233	-67.574	-11.7534
99.233	-67.574	-12.3534
98.3359	-67.6467	-12.3528
98.353	-67.8577	-12.3531
93.5437	-57.6162	-11.7353
93.5432	-57.6154	-12.3353
93.8284	-57.5077	-12.3354
93.8289	-57.5085	-11.7354
93.8085	-57.4713	-11.7353
93.8081	-57.4704	-12.3353

#	Triangle	42
3	1	2	0	1	3
5	0	4
1	0	5
9	7	8	6	7	9
11	6	10
7	6	11
15	13	14
12	13	15
17	12	16	13	12	17
19	17	18
19	13	17	13	9	14
13	6	9
20	13	19
13	10	6
20	10	13
0	20	4
0	10	20
3	10	0
14	8	15
9	8	14
4	21	5
20	21	4
22	20	19	21	20	22
23	19	18	22	19	23
2	10	3	11	10	2
7	15	8
11	15	7	21	22	16
2	12	11
12	15	11
2	1	12
1	16	12
1	21	16
22	23	16
1	5	21
18	16	23	17	16	18
27	25	26
24	25	27
24	29	25
28	29	24
26	28	27	29	28	26
25	29	26
24	27	28

#	Normal	42
-0.801842	-0.597536	-0.000219166
0.291817	-0.956473	-0.00154494
0.291798	-0.956479	-0.00154051
-0.287207	0.957867	0.0015452
-0.287224	0.957862	0.00153897
-0.28722	0.957863	0.0015452
0.0807585	-0.996733	-0.00143669
0.0807641	-0.996732	-0.00144318
-0.996733	-0.0807588	0.000641279
0.000761637	-0.00138229	0.999999
0.000756722	-0.00138516	0.999999
0.000762942	-0.00138047	0.999999
0.000757675	-0.00138479	0.999999
0.000757532	-0.00138447	0.999999
0.000759652	-0.00138356	0.999999
0.000755878	-0.00138502	0.999999
0.000755448	-0.0013858	0.999999
0.000753827	-0.00138668	0.999999
-0.877216	-0.480096	-1.51141e-007
-0.877216	-0.480096	-3.27756e-006
-0.996738	-0.0807112	2.62142e-006
-0.996736	-0.080725	-0
0.0807033	-0.996738	-0
0.996738	0.0807089	-0
0.877216	0.480096	1.5124e-007
-0.000763271	0.00138157	-0.999999
-0.000757537	0.0013845	-0.999999
-0.000756756	0.00138508	-0.999999
-0.000758723	0.00138424	-0.999999
-0.000751013	0.00138878	-0.999999
-0.000757744	0.00138445	-0.999999
-0.000747022	0.00139493	-0.999999
-0.000761987	0.00138226	-0.999999
-0.000755262	0.00137984	-0.999999
-0.877215	-0.480098	-0
0.353326	-0.935499	-0.00155802
0.353346	-0.935491	-0.00156872
-0.480092	0.877217	0.00158528
-0.480113	0.877205	0.00157331
0.877163	0.480193	3.26051e-007
-0.000762416	0.00139307	-0.999999
0.000762449	-0.00139306	0.999999

#	Mesh	0	End

