#	Mesh	0	Begin

#	Vertex	69
82.0287	53.5699	-11.1143
83.3451	37.3234	-11.1455
84.2421	37.396	-11.1455
82.9257	53.6426	-11.1143
83.114	51.3159	-11.1187
83.1302	51.1166	-11.1191
82.9308	51.1004	-11.1191
82.9147	51.2998	-11.1187
83.2386	47.2678	-11.1265
83.438	47.284	-11.1265
83.4541	47.0846	-11.1269
83.2548	47.0685	-11.1269
83.5644	43.2811	-11.1341
83.7637	43.2973	-11.1341
83.7799	43.0979	-11.1345
83.5805	43.0818	-11.1345
83.8874	39.2945	-11.1418
84.0867	39.3106	-11.1418
84.1029	39.1113	-11.1422
83.9035	39.0951	-11.1422
84.2421	37.396	-11.8455
83.312	48.8759	-11.8234
83.312	48.8759	-11.386
83.2958	49.0753	-11.386
83.2958	49.0753	-11.823
82.9257	53.6426	-11.8143
83.3451	37.3234	-11.8455
82.0287	53.5699	-11.8143
83.0938	49.0589	-11.823
83.1099	48.8596	-11.8234
83.4223	47.4825	-11.8261
83.4061	47.6818	-11.8257
83.2068	47.6657	-11.8257
83.2229	47.4664	-11.8261
83.1099	48.8596	-11.386
83.0938	49.0589	-11.386
83.0949	49.059	-11.386
83.2942	49.0752	-11.386
83.3114	48.8759	-11.386
83.3093	48.8757	-11.386
83.3089	48.8757	-11.386
83.4061	47.6818	-11.386
83.4223	47.4825	-11.386
83.2229	47.4664	-11.386
83.2068	47.6657	-11.386
82.9308	51.1004	-11.386
83.1302	51.1166	-11.386
83.114	51.3159	-11.386
82.9147	51.2998	-11.386
83.1302	51.1166	-11.2258
83.114	51.3159	-11.2258
83.4541	47.0846	-11.386
83.438	47.284	-11.386
83.2386	47.2678	-11.386
83.2548	47.0685	-11.386
83.438	47.284	-11.2258
83.4541	47.0846	-11.2258
83.7799	43.0979	-11.386
83.7637	43.2973	-11.386
83.5644	43.2811	-11.386
83.5805	43.0818	-11.386
83.7637	43.2973	-11.2258
83.5644	43.2811	-11.2258
83.5805	43.0818	-11.2258
83.7799	43.0979	-11.2258
84.1029	39.1113	-11.386
84.0867	39.3106	-11.386
83.8874	39.2945	-11.386
83.9035	39.0951	-11.386

#	Triangle	52
3	18	2
18	1	2	18	19	1	19	0	1	14	16	17	14	15	16	10	12	13	10	11	12	9	0	8	5	6	9	4	0	7	3	0	4
3	17	18
16	0	19
3	14	17
15	0	16
3	13	14
12	0	15
3	5	13
5	10	13
11	0	12
8	0	11
5	9	10
6	0	9
7	0	6
3	4	5
21	2	20	21	22	2	25	23	24	25	3	23
22	3	2
23	3	22
26	30	20	28	25	24	28	27	25	32	29	31	26	33	30	26	27	29
30	31	20
31	21	20
31	29	21
33	29	32
26	29	33
29	27	28
26	0	27	1	0	26
2	26	20	1	26	2
27	3	25	0	3	27
38	23	22	38	37	23	39	37	38	39	36	37	34	36	40	34	35	36	44	42	43	41	42	44
40	36	39
28	34	29	35	34	28	32	43	33	44	43	32
29	22	21
29	38	22
29	39	38
29	40	39
29	34	40
37	24	23
37	28	24
36	28	37	7	50	4	7	47	50	7	48	47	12	61	13	12	58	61	12	62	58	62	59	58
35	28	36
30	41	31	42	41	30
31	44	32	41	44	31
33	42	30	43	42	33
48	46	47	45	46	48	54	52	53	51	52	54	60	58	59	57	58	60	68	66	67	65	66	68
46	50	47	49	50	46	49	4	50	5	4	49	57	61	58	64	61	57	64	13	61	14	13	64
6	48	7	45	48	6	62	60	59	62	63	60	12	63	62	12	15	63
45	49	46	45	5	49	45	6	5	60	64	57	60	14	64	60	63	14	63	15	14
8	55	9	8	52	55	8	53	52	16	66	17	67	66	16
11	53	8	54	53	11	19	67	16	68	67	19
54	56	51	54	10	56	54	11	10	18	68	19	65	68	18
51	55	52	56	55	51	56	9	55	10	9	56	17	65	18	66	65	17

#	Normal	52
-0.0016292	-0.00205548	0.999997
0.00015481	-0.00191066	0.999998
4.9597e-006	4.11942e-007	-5.2847e-006
0.000119648	-0.00191552	0.999998
0.00557277	-0.00147202	0.999983
0.000152911	-0.00191119	0.999998
-6.57465e-006	-7.09015e-007	9.17388e-005
0.000201565	-0.00190399	0.999998
0.00307538	-0.00167439	0.999994
0.000317148	-0.00189787	0.999998
0.00015234	-0.00191134	0.999998
0.000183635	-0.00190544	0.999998
-0.00459165	-0.00229225	0.999987
0.000153668	-0.00191123	0.999998
0.000165473	-0.00190692	0.999998
-1.51849e-006	-2.20306e-007	5.0637e-005
0.996733	0.0807614	-0
0.996733	0.0807616	8.56441e-006
0.996732	0.0807807	-0.000329897
-0.00015483	0.00191092	-0.999998
0.00545404	0.00236679	-0.999982
-0.000349094	0.00189516	-0.999998
-0.000154769	0.00191049	-0.999998
5.14194e-007	1.19331e-007	-4.03581e-005
-0.000153325	0.00191093	-0.999998
-0.000143585	0.0019136	-0.999998
-0.996733	-0.0807611	0
0.0807593	-0.996734	-0
-0.0807644	0.996733	-0
-0	0	-1
-0	0	-6.45706e-005
0.996738	0.0807031	-0
-0.0807455	0.996735	-0
-0.0787024	0.996898	-0.000949756
-0.079967	0.996797	-0.00036367
-0.0850563	0.996374	0.00197141
-0.0807528	0.996734	-0
0.079351	-0.996847	-0
0.0807517	-0.996734	5.06509e-006
0.0807629	-0.996733	-1.05443e-007
0.0807216	-0.996737	-0
-0.996738	-0.0807031	0
0.0807015	-0.996738	-0
-0.0807015	0.996738	-0
-0	-0	1
-0.996732	-0.0807807	0
0.996735	0.0807419	0
-0.0807598	0.996734	-0
0.0807598	-0.996734	-0
0.996732	0.0807807	0
-0.0807629	0.996733	-0
-0.996735	-0.0807419	0

#	Mesh	0	End

