#	Mesh	0	Begin

#	Vertex	26
62.6478	-35.6691	-11.323
68.9728	-35.1566	-11.2969
69.2238	-35.1363	-11.2958
72.2067	-34.8946	-11.2835
72.1904	-34.6934	-11.2835
71.7559	-34.7285	-11.2853
71.6915	-33.933	-11.2853
62.5694	-34.6722	-11.323
62.6231	-35.3356	-11.323
62.6208	-35.3358	-11.323
62.567	-34.6724	-11.523
62.5694	-34.6722	-11.523
71.6915	-33.933	-11.6825
70.7305	-34.0109	-11.6825
71.6275	-33.9382	-11.7825
71.6275	-33.9382	-11.9856
62.567	-34.6724	-12.023
62.6478	-35.6691	-12.023
71.7083	-34.935	-11.9856
71.7083	-34.935	-11.7845
70.8112	-35.0076	-11.6845
72.2067	-34.8946	-11.6845
62.6208	-35.3358	-11.523
62.6231	-35.3356	-11.523
71.7559	-34.7285	-11.6841
72.1904	-34.6934	-11.6841

#	Triangle	34
5	3	4
5	2	3
7	5	6
7	2	5	7	8	1	8	0	1
7	1	2
9	0	8
12	7	6	11	7	13
13	7	12
15	13	14
16	13	15
16	11	13
16	10	11
18	16	15	17	16	18
2	21	3
2	20	21
20	18	19
20	17	18
2	17	20
1	17	2
0	17	1
10	23	11	22	23	10
7	23	8	11	23	7
8	22	9	23	22	8
17	10	16
17	22	10
17	9	22	17	0	9
12	20	13
24	20	12
25	20	24	21	20	25
19	15	14	18	15	19
14	20	19	13	20	14
4	21	25	3	21	4
6	24	12	5	24	6
25	5	4	24	5	25

#	Normal	34
-0.00410629	-0.000332578	0.999992
-0.00410556	-0.000330585	0.999992
-0.00410524	-0.000332375	0.999992
-0.00410524	-0.000332556	0.999992
-0.00410468	-0.000324548	0.999992
-0.00417436	-0.00033825	0.999991
-0.0807612	0.996733	-0
-0.0807598	0.996734	3.38385e-005
-0.0807637	0.996733	-0
-0.0807614	0.996733	6.76236e-006
-0.0807613	0.996733	3.53141e-006
-0.0800102	0.996794	-0
0.00410528	0.000332652	-0.999992
0.0807616	-0.996733	-0
0.080762	-0.996733	2.99949e-006
0.0807637	-0.996733	-0
0.0807614	-0.996733	-6.90911e-006
0.0807611	-0.996733	-7.09475e-007
0.0807527	-0.996734	7.59504e-005
0.0807613	-0.996733	-0
-0	-0	1
-0.996735	-0.0807421	-0
-0.080411	0.996762	-0
-0.996733	-0.0807616	0
-0.996734	-0.0807596	-4.0735e-006
-0.996733	-0.0807657	0
-0.000161125	0.00198859	-0.999998
-0.000160423	0.00198802	-0.999998
-0.000161165	0.00199053	-0.999998
0.996733	0.0807655	0
0.11023	0.00694259	0.993882
0.996736	0.0807281	0
0.996738	0.0806996	0
-0.0807018	0.996738	-0

#	Mesh	0	End

