#	Mesh	0	Begin

#	Vertex	18
74.5574	-49.3101	-11.5022
75.1154	-56.1971	-11.5035
75.3646	-56.1769	-11.5035
75.3287	-55.6782	-11.5034
75.5734	-55.6584	-11.5034
75.0961	-49.7681	-11.5023
74.8427	-49.7886	-11.5023
74.8066	-49.2899	-11.5022
75.0961	-49.7681	-11.9023
75.5734	-55.6584	-11.9034
74.5978	-49.8085	-11.9023
75.075	-55.6988	-11.9034
74.5574	-49.3101	-11.5078
74.5978	-49.8085	-11.5078
74.5978	-49.8085	-11.7141
74.5978	-49.8085	-11.7386
75.075	-55.6988	-11.5088
75.1154	-56.1971	-11.5088

#	Triangle	23
3	1	2	7	0	6
3	0	1
5	3	4	5	6	3
6	0	3
9	5	4	8	5	9
11	8	9	10	8	11
1	16	17
0	16	1
16	10	11	13	14	16	14	15	16	15	10	16
0	13	16
0	12	13
7	13	12
6	13	7
10	5	8
10	6	5
10	15	6	15	14	6	14	13	6
17	3	2
16	3	17
3	9	4
3	11	9
16	11	3
12	0	7
17	2	1

#	Normal	23
1.51404e-005	-0.000186887	1
1.6974e-005	-0.000187641	1
1.52277e-005	-0.000187935	1
1.3091e-005	-0.000188111	1
0.996733	0.0807612	-0
-1.52269e-005	0.000187935	-1
-0.996734	-0.08075	-0
-0.996733	-0.0807605	-0.00101146
-0.996733	-0.0807613	-0
-0.996733	-0.0807612	-0.000386098
-0.996733	-0.0807655	-0
0.0223232	0.00180885	-0.999749
0.0223255	0.00180793	-0.999749
-0.0807655	0.996733	-0
-0.0807664	0.996733	1.04444e-006
-0.0807647	0.996733	-0
0.0209071	0.00169315	-0.99978
0.0209058	0.00169367	-0.99978
0.080762	-0.996733	-0
0.0807578	-0.996734	-2.63443e-006
0.0807536	-0.996734	-0
-0.0807643	0.996733	-0
0.0807487	-0.996734	-0

#	Mesh	0	End

