#	Mesh	0	Begin

#	Vertex	30
74.4801	-56.7502	-11.523
74.3994	-55.7535	-11.523
74.4036	-55.7532	-11.7254
74.4057	-55.753	-11.8246
74.414	-55.7523	-12.2228
74.4948	-56.7491	-12.2228
74.4865	-56.7497	-11.8265
74.4844	-56.7499	-11.7273
78.8842	-56.3934	-11.4303
78.8706	-56.225	-11.4303
79.0699	-56.2089	-11.4261
79.0835	-56.3772	-11.4261
84.0953	-55.9712	-11.3206
84.0145	-54.9744	-11.3206
79.0846	-55.3739	-11.4244
78.8126	-55.3959	-11.4301
75.3287	-55.6782	-11.5034
75.075	-55.6988	-11.5088
84.0145	-54.9744	-11.7196
82.6191	-55.0875	-11.7196
83.5162	-55.0148	-11.8196
83.5162	-55.0148	-12.0313
83.5969	-56.0115	-12.0313
79.0835	-56.3772	-12.1263
79.0699	-56.2089	-12.1263
78.8706	-56.225	-12.1305
78.8842	-56.3934	-12.1305
84.0953	-55.9712	-11.7216
82.6998	-56.0842	-11.7216
83.5969	-56.0115	-11.8216

#	Triangle	44
6	4	5
6	3	4
7	3	6
7	2	3
0	2	7
0	1	2
14	12	13
14	11	12
15	10	14
10	11	14
15	9	10
16	9	15	16	8	9	16	0	8	1	0	17
17	0	16
3	21	4
3	20	21	16	15	2
3	19	20
19	13	18
3	13	19
2	13	3
1	17	2
17	16	2
15	14	2
14	13	2
22	4	21	25	5	4	26	5	25
22	24	4
24	25	4
22	23	24
0	26	8
0	7	26
7	6	26
6	5	26
18	12	27	13	12	18	29	21	20	22	21	29
19	27	28
18	27	19
20	28	29
19	28	20
26	9	8	25	9	26
11	24	23	10	24	11
10	25	24	9	25	10
11	27	12
11	28	27
28	22	29
28	23	22
11	23	28

#	Normal	44
-0.996514	-0.08074	-0.0209767
-0.996515	-0.0807392	-0.0209746
-0.996515	-0.0807393	-0.0209371
-0.996513	-0.0807467	-0.0210145
-0.996514	-0.0807468	-0.0209824
-0.996514	-0.0807477	-0.0209871
-0.0209075	-0.0016938	0.99978
-0.0209076	-0.00169468	0.99978
-0.0209068	-0.00169483	0.99978
-0.020916	-0.00169467	0.99978
-0.0209038	-0.00169388	0.99978
-0.0209078	-0.00169416	0.99978
-0.0209057	-0.00169518	0.99978
-0.0807614	0.996733	2.46706e-006
-0.0807615	0.996733	-0
-0.0807615	0.996733	2.58855e-005
-0.080762	0.996733	-0
-0.0807611	0.996733	-3.09451e-006
-0.0807611	0.996733	-4.14876e-006
-0.0807647	0.996733	3.15709e-006
-0.0807529	0.996734	-3.36157e-005
-0.0807754	0.996732	0.000217031
-0.0807606	0.996734	-1.51695e-005
0.0209075	0.0016938	-0.99978
0.0209075	0.00169325	-0.99978
0.0209082	0.00170012	-0.99978
0.0209075	0.00169398	-0.99978
0.0807617	-0.996733	-0
0.0807607	-0.996734	-6.82718e-006
0.0807611	-0.996733	-2.21088e-006
0.0807612	-0.996733	-6.18853e-007
0.996738	0.0807031	-0
-0.000159803	0.00198087	-0.999998
-0.00016042	0.00197984	-0.999998
0.110231	0.00694448	0.993882
0.110232	0.0069436	0.993882
0.996734	0.0807563	-0
-0.996734	-0.0807581	-0
0.0807435	-0.996735	-0
0.0807612	-0.996733	-0
0.080762	-0.996733	1.41316e-005
0.0807644	-0.996733	-0
0.0807617	-0.996733	-7.71385e-006
0.0807609	-0.996734	-0

#	Mesh	0	End

