#	Mesh	0	Begin

#	Vertex	54
70.1252	-15.3965	-11.6454
71.1219	-15.3157	-11.6454
71.1218	-15.3145	-12.2454
70.1251	-15.3953	-12.2454
72.1457	-40.3327	-11.6953
72.1456	-40.3315	-12.2953
73.1423	-40.2508	-12.2953
73.1424	-40.252	-11.6953
70.1294	-15.4482	-11.6455
71.1261	-15.3674	-11.6455
71.1261	-15.3674	-12.0505
71.2069	-16.3642	-12.0505
71.2069	-16.3642	-11.6475
71.6161	-21.4149	-11.6576
71.6161	-21.4149	-11.6605
71.6565	-21.9132	-11.6605
71.6565	-21.9132	-11.6586
71.1847	-16.7267	-12.2482
71.0878	-15.5306	-12.2458
70.1908	-15.6032	-12.2458
70.2876	-16.7993	-12.2482
71.9266	-25.6853	-12.2661
71.8298	-24.4892	-12.2638
70.9327	-24.5618	-12.2638
71.0296	-25.7579	-12.2661
72.6529	-34.6559	-12.2841
72.5561	-33.4598	-12.2817
71.659	-33.5325	-12.2817
71.7559	-34.7285	-12.2841
70.6598	-21.994	-11.6586
70.6598	-21.994	-11.6605
70.6194	-21.4956	-11.6605
70.6194	-21.4956	-11.6576
70.2101	-16.4449	-11.6475
70.2101	-16.4449	-12.0505
70.1294	-15.4482	-12.0505
71.1556	-16.3683	-11.6475
71.1847	-16.7267	-11.6482
70.2876	-16.7993	-11.6482
70.2586	-16.441	-11.6475
71.8298	-24.4892	-11.6638
71.9266	-25.6853	-11.6661
71.0296	-25.7579	-11.6661
70.9327	-24.5618	-11.6638
72.5561	-33.4598	-11.6817
72.6529	-34.6559	-11.6841
72.1904	-34.6934	-11.6841
71.7559	-34.7285	-11.6841
71.6915	-33.933	-11.6825
71.659	-33.5325	-11.6817
70.2586	-16.441	-12.0505
70.1908	-15.6032	-12.0505
71.0878	-15.5306	-12.0505
71.1556	-16.3683	-12.0505

#	Triangle	72
3	1	2
0	1	3
7	5	6	4	5	7
9	0	8	1	0	9
1	10	2
10	6	2
10	11	6
11	7	6
1	9	10
12	14	11	12	13	14
14	7	11
15	7	14
16	7	15
6	18	2	23	5	20
18	19	2	19	3	2
19	5	3
20	5	19
6	17	18
17	23	20	22	23	17	21	27	24	28	5	27	25	5	28	6	5	25
6	22	17
24	5	23
6	21	22
27	5	24
6	26	21
26	27	21
6	25	26
4	3	5
4	34	3
34	35	3
35	0	3
8	0	35
4	31	34
31	33	34	32	33	31
4	30	31
4	29	30
32	39	33	32	37	38	32	13	37	43	16	29	4	49	42	49	44	41	4	46	47	4	45	46	4	7	45
32	38	39
37	12	36
37	13	12
4	43	29
43	40	16	49	41	42
40	7	16
4	42	43
41	7	40
44	7	41
4	48	49
45	7	44
4	47	48
8	10	9	35	10	8
50	35	34	50	51	35	51	10	35	52	10	51	11	52	53	11	10	52	15	31	30	14	31	15
50	33	39	34	33	50
32	14	13	31	14	32
16	30	29	15	30	16
37	53	17	37	36	53
53	18	17
53	52	18
19	52	51	18	52	19
51	20	19	24	43	42	23	43	24
51	50	20
50	38	20	39	38	50
38	17	20	37	17	38
36	11	53	12	11	36
22	41	40	21	41	22
23	40	43	22	40	23	27	44	49	26	44	27
42	21	24	41	21	42
26	45	44	25	45	26
49	28	27
49	48	28
48	47	28
46	28	47
46	25	28
45	25	46

#	Normal	72
-0.0807615	0.996731	0.00199505
-0.0807605	0.996732	0.00199343
0.0807615	-0.996731	-0.00199181
0.000161182	-0.00198928	0.999998
0.996739	0.0806989	4.76427e-006
0.996733	0.080761	2.17357e-005
0.996733	0.0807656	-0.000445801
0.996733	0.080761	4.6257e-006
0.996736	0.080736	-0
0.996734	0.0807605	0
0.996733	0.0807611	7.4866e-006
0.99673	0.0807653	-0.00242541
0.996733	0.080761	0
-0.000166033	0.00198762	-0.999998
-0.000160865	0.00198681	-0.999998
-0.000158052	0.00198827	-0.999998
-0.000202067	0.00198479	-0.999998
-0.00012569	0.00199098	-0.999998
-0.000160968	0.00198806	-0.999998
-1.80184e-005	0.00199994	-0.999998
-0.000183971	0.00198626	-0.999998
-0.000123883	0.00199112	-0.999998
-0.000141083	0.00198954	-0.999998
-0.000149025	0.00198902	-0.999998
-0.000162041	0.00198797	-0.999998
-0.000289453	0.0019769	-0.999998
-0.996733	-0.0807611	-4.6258e-006
-0.996734	-0.0807609	2.90141e-006
-0.996733	-0.0807656	-2.25792e-005
-0.996738	-0.0806999	-4.63493e-006
-0.996736	-0.080736	-0
-0.996733	-0.0807611	-7.68411e-006
-0.996734	-0.0807605	0
-0.99673	-0.0807653	0.00242541
-0.996733	-0.080761	0
0.000161083	-0.00198813	0.999998
0.000360652	-0.00197389	0.999998
0.000161196	-0.00198975	0.999998
0.000149794	-0.00198905	0.999998
0.000154706	-0.00198854	0.999998
0.000162054	-0.00198813	0.999998
0.00014838	-0.00198905	0.999998
0.00017544	-0.00198695	0.999998
0.000112026	-0.00199208	0.999998
0.000187479	-0.00198578	0.999998
0.000198609	-0.00198536	0.999998
0.000152142	-0.00198883	0.999998
0.000155237	-0.00198844	0.999998
0.0807607	-0.996734	-0
0	-0	1
-0.0807576	0.996734	-0
0.0807616	-0.996733	-0
-0.0807616	0.996733	-0
-0.996739	-0.0806982	-0
-0.996738	-0.0807032	9.18768e-006
-0.996738	-0.0807053	0
0.0807022	-0.996738	-0
0.996738	0.0807031	0
0.996738	0.0807002	1.78324e-005
0.996738	0.08071	-0
-0.0807033	0.996738	-0
-0.080749	0.996734	-0
-0.996738	-0.0807031	0
0.080699	-0.996739	-0
-0.080699	0.996739	-0
-0.996739	-0.0806966	0
0.996739	0.0806966	0
0.996739	0.0806908	1.16111e-005
0.996738	0.0806996	-0
-0.0807018	0.996738	-0
-0.080699	0.996739	-2.07158e-006
-0.0806963	0.996739	-0

#	Mesh	0	End

