#	Mesh	0	Begin

#	Vertex	191
-17.7249	89.7447	0.768815
-17.7419	89.7448	0.761757
-17.7602	89.7449	0.75935
-17.7785	89.7449	0.761757
-17.7955	89.745	0.768815
-17.8102	89.7451	0.780043
-17.8214	89.7451	0.794675
-17.8285	89.7451	0.811714
-17.8309	89.7451	0.83
-17.8285	89.7451	0.848286
-17.8214	89.7451	0.865325
-17.8102	89.7451	0.879957
-17.7955	89.745	0.891185
-17.7785	89.7449	0.898243
-17.7602	89.7449	0.90065
-17.7419	89.7448	0.898243
-17.7249	89.7447	0.891185
-17.7103	89.7447	0.879957
-17.699	89.7446	0.865325
-17.692	89.7446	0.848286
-17.6896	89.7446	0.83
-17.692	89.7446	0.811714
-17.699	89.7446	0.794675
-17.7103	89.7447	0.780043
-17.6337	89.6179	0.75935
-17.6337	89.6361	0.761757
-17.6337	89.6532	0.768815
-17.6337	89.6678	0.780043
-17.6337	89.679	0.794675
-17.6337	89.6861	0.811714
-17.6337	89.6885	0.83
-17.6337	89.6861	0.848286
-17.6337	89.679	0.865325
-17.6337	89.6678	0.879957
-17.6337	89.6532	0.891185
-17.6337	89.6361	0.898243
-17.6337	89.6179	0.90065
-17.6337	89.5996	0.898243
-17.6337	89.5825	0.891185
-17.6337	89.5679	0.879957
-17.6337	89.5567	0.865325
-17.6337	89.5496	0.848286
-17.6337	89.5472	0.83
-17.6337	89.5496	0.811714
-17.6337	89.5567	0.794675
-17.6337	89.5679	0.780043
-17.6337	89.5825	0.768815
-17.6337	89.5996	0.761757
-17.816	89.7121	0.86941
-17.8024	89.7017	0.882311
-17.829	89.7276	0.83
-17.8261	89.7011	0.83
-17.7887	89.6244	0.84304
-17.7881	89.6218	0.83
-17.7725	89.6061	0.843274
-17.8235	89.7055	0.851914
-17.7516	89.7126	0.900509
-17.7313	89.7043	0.897466
-17.7343	89.7276	0.896259
-17.8002	89.6437	0.849004
-17.8116	89.6593	0.83
-17.7999	89.6406	0.83
-17.8152	89.6728	0.846837
-17.8085	89.6755	0.865049
-17.7033	89.5699	0.865049
-17.735	89.5783	0.849004
-17.7056	89.5636	0.849182
-17.6627	89.6879	0.861847
-17.7453	89.6397	0.895485
-17.7225	89.6315	0.898543
-17.7338	89.6535	0.90011
-17.7027	89.5783	0.876305
-17.6667	89.5622	0.86941
-17.6577	89.6918	0.846353
-17.7704	89.714	0.899342
-17.6771	89.5759	0.882311
-17.7879	89.7109	0.893356
-17.788	89.6809	0.888044
-17.7703	89.6254	0.874797
-17.7534	89.6252	0.886499
-17.7861	89.6552	0.879886
-17.682	89.7093	0.852863
-17.6934	89.7253	0.860185
-17.6854	89.7231	0.83
-17.7345	89.5862	0.865493
-17.6742	89.6469	0.897466
-17.6981	89.6397	0.900557
-17.6659	89.6266	0.900509
-17.7168	89.718	0.888679
-17.7094	89.6874	0.89307
-17.7044	89.701	0.885574
-17.662	89.6617	0.888833
-17.702	89.7169	0.87683
-17.7543	89.5899	0.84304
-17.7382	89.5786	0.83
-17.6678	89.5903	0.893356
-17.739	89.6819	0.90053
-17.6647	89.6078	0.899342
-17.6867	89.7031	0.868295
-17.7517	89.5925	0.855648
-17.6986	89.5595	0.83
-17.6733	89.5548	0.851914
-17.7133	89.6651	0.899199
-17.6509	89.6438	0.896259
-17.6757	89.6743	0.884595
-17.659	89.6755	0.876486
-17.6777	89.5522	0.83
-17.6513	89.5492	0.83
-17.6552	89.6928	0.83
-17.6733	89.7049	0.83
-17.8188	89.6802	0.83
-17.6891	89.6664	0.893546
-17.7252	89.6137	0.8925
-17.6995	89.6151	0.898192
-17.8001	89.676	0.876305
-17.7923	89.6442	0.865493
-17.7699	89.6535	0.890098
-17.6978	89.599	0.892827
-17.6977	89.587	0.88576
-17.749	89.6037	0.873928
-17.6884	89.6896	0.880803
-17.6951	89.6525	0.898814
-17.7632	89.6792	0.898192
-17.7216	89.6844	0.897738
-17.7861	89.627	0.855648
-17.7569	89.5904	0.83
-17.7235	89.5924	0.879886
-17.7685	89.6101	0.860528
-17.7195	89.5668	0.83
-17.7725	89.6061	0.83
-17.7167	89.7176	0.771279
-17.7325	89.7099	0.762813
-17.78	89.6669	0.771094
-17.764	89.6713	0.763147
-17.7658	89.6387	0.77368
-17.7521	89.7179	0.759545
-17.8168	89.7246	0.789198
-17.7458	89.6867	0.759352
-17.8241	89.7102	0.807458
-17.8149	89.6763	0.807713
-17.682	89.7093	0.807137
-17.6695	89.5749	0.776999
-17.6813	89.5922	0.767494
-17.6539	89.5896	0.765826
-17.7159	89.6903	0.765198
-17.7068	89.6977	0.771614
-17.7835	89.6209	0.809383
-17.6686	89.6457	0.762813
-17.7041	89.7281	0.784714
-17.7701	89.7109	0.760742
-17.7681	89.6105	0.798292
-17.7475	89.604	0.784651
-17.7373	89.5882	0.794139
-17.8033	89.7092	0.776999
-17.7995	89.645	0.806987
-17.7862	89.6335	0.796178
-17.6816	89.6963	0.790625
-17.6929	89.717	0.794856
-17.6677	89.6081	0.760742
-17.7885	89.7248	0.765826
-17.7861	89.6974	0.767494
-17.7922	89.6636	0.781469
-17.8139	89.697	0.792334
-17.7333	89.6105	0.771958
-17.7073	89.6144	0.763147
-17.7082	89.6006	0.768836
-17.6605	89.6871	0.798545
-17.8008	89.66	0.79381
-17.6574	89.6917	0.813836
-17.6707	89.6793	0.781867
-17.7616	89.597	0.813211
-17.6499	89.674	0.78476
-17.6906	89.6872	0.776243
-17.6987	89.7071	0.781791
-17.6607	89.6261	0.759545
-17.6542	89.5613	0.789198
-17.7411	89.6375	0.76392
-17.6609	89.6615	0.771279
-17.7268	89.653	0.759459
-17.7219	89.6777	0.76117
-17.7338	89.579	0.806987
-17.7124	89.5736	0.795177
-17.7025	89.5635	0.807713
-17.7151	89.5862	0.781469
-17.6686	89.5541	0.807458
-17.7716	89.6267	0.785359
-17.7	89.6783	0.767508
-17.698	89.6571	0.761708
-17.6819	89.5644	0.792334
-17.6918	89.6325	0.759352
-17.6808	89.6712	0.771427

#	Triangle	352
3	1	2	14	15	13
4	1	3
4	0	1
5	0	4
5	23	0
6	23	5	11	17	18
6	22	23	11	18	10
7	22	6	10	18	19
7	21	22	10	19	9
8	21	7
8	20	21
9	20	8
9	19	20
12	17	11
12	16	17
13	16	12
13	15	16
25	47	24	36	37	35
26	47	25	26	46	47	27	46	26	27	45	46	28	45	27	28	44	45	29	44	28	29	43	44	30	43	29	30	42	43	31	42	30	31	41	42	32	41	31	32	40	41	33	40	32	33	39	40	34	39	33	34	38	39	35	38	34	35	37	38
49	11	48
8	51	9
50	51	8	42	106	107
54	52	53
9	55	10
51	55	9
58	56	57
11	10	48
61	59	60
63	55	62
66	64	65
12	11	49
31	67	32
70	68	69
72	71	64
67	31	73
14	13	74
38	75	39
58	16	15
76	12	49
76	49	77
80	78	79
82	81	19
20	19	83
81	83	19
84	65	64
87	85	86
90	88	89
91	34	33
17	88	92
65	93	94
95	75	38
96	57	56
36	97	37
81	82	98
65	99	93
101	66	100
70	86	102
87	36	35
87	35	103
40	101	41
72	75	71
72	40	39
81	98	67
66	101	64
105	104	91
41	106	42
88	17	16
40	72	101
88	57	89
73	30	108
18	17	92
109	81	73
18	82	19
83	81	109
62	110	60
33	105	91
67	73	81
111	85	91
37	95	38
13	12	76
113	69	112
103	91	85
34	103	35
114	49	48
63	48	55
31	30	73
115	63	59
56	15	14
77	80	116
118	95	117
119	79	78
105	33	32
111	120	89
121	86	85
113	97	87
14	74	56
96	122	70
77	49	114
122	74	76
37	97	95
117	113	112
16	58	88
89	57	123
105	32	67
67	120	105
10	55	48
114	48	63
39	75	72
64	101	72
102	121	111
120	92	90
36	87	97
117	97	113
13	76	74
122	56	74
96	102	123
86	113	87
68	122	116
69	86	70
56	122	96
70	102	96
124	52	54
114	115	80
84	64	71
54	125	93
104	111	91
89	102	111
79	116	80
77	122	76
79	68	116
116	122	77
112	68	79
70	122	68
112	79	126
97	117	95
117	112	126
118	126	71
82	18	92
120	98	92
82	92	98
120	67	98
68	112	69
113	86	69
115	59	124
127	78	115
126	119	84
84	99	65
101	106	41
124	54	127
34	91	103
85	87	103
15	56	58
57	88	58
60	59	62
110	55	51
101	100	106
109	73	108
63	115	114
80	77	114
80	115	78
127	99	119
126	79	119
78	127	119
75	118	71
126	84	71
75	95	118
117	126	118
104	105	120
120	111	104
57	96	123
123	102	89
92	88	90
90	89	120
85	111	121
121	102	86
52	124	59
53	52	61
94	128	65
124	127	115
59	61	52
129	54	53
125	54	129
84	119	99
127	54	99
99	54	93
125	94	93
59	63	62
55	110	62
66	65	128
128	100	66
131	0	130
134	132	133
135	2	1
6	5	136
137	135	131
0	131	1
21	20	83
110	138	139
140	21	83
143	141	142
145	144	130
146	129	53
26	25	147
23	22	148
136	138	6
2	149	3
7	138	50
152	150	151
4	153	5
130	0	23
146	154	155
157	140	156
24	47	158
6	138	7
153	4	159
133	160	149
153	161	162
159	4	3
165	163	164
166	29	28
83	109	140
161	155	167
29	166	168
166	169	156
30	29	168
157	21	140
94	125	170
171	28	27
156	172	173
141	46	45
47	143	158
147	25	174
44	175	45
24	174	25
176	164	163
177	27	26
179	178	137
143	47	46
182	180	181
61	60	154
176	163	134
166	28	171
146	170	129
159	149	160
183	142	141
177	26	147
106	184	107
161	185	155
179	186	187
175	184	188
184	44	43
189	158	164
181	188	182
179	137	131
190	186	172
109	108	168
138	162	139
144	145	186
184	182	188
156	169	172
30	168	108
45	175	141
188	183	141
142	164	158
189	174	158
163	165	183
178	164	176
107	184	43
182	184	100
160	161	153
162	136	153
2	135	149
133	137	178
149	137	133
134	133	176
162	167	139
107	43	42
23	148	130
145	173	172
190	147	187
169	171	177
163	183	151
134	151	185
151	134	163
132	134	161
1	131	135
137	149	135
24	158	174
189	147	174
110	139	60
128	180	182
154	146	61
138	110	51
186	190	187
133	178	176
179	187	178
189	164	178
187	147	189
189	178	187
152	183	181
185	151	150
150	155	185
185	161	134
150	146	155
167	155	154
154	139	167
167	162	161
170	146	150
61	146	53
150	152	170
94	180	128
180	152	181
181	183	188
170	152	180
151	183	152
173	157	156
156	140	166
173	148	157
22	21	157
168	166	140
140	109	168
51	50	138
7	50	8
22	157	148
173	130	148
27	177	171
169	166	171
177	190	169
186	145	172
172	169	190
147	190	177
144	186	179
130	173	145
144	179	131
131	130	144
46	141	143
142	158	143
44	184	175
188	141	175
3	149	159
160	153	159
5	153	136
162	138	136
139	154	60
180	94	170
165	164	142
142	183	165
132	161	160
160	133	132
106	100	184
182	100	128
129	170	125

#	Normal	352
3.76148e-007	8.80375e-005	2.77615e-019
0.00427255	0.999991	0.000352569
0.00409153	0.999991	-0.00102243
0.00409153	0.999992	0.000461677
0.00406596	0.999992	0.00026747
0.00406596	0.999992	-8.3915e-005
0.00408603	0.999992	6.85175e-005
0.00408603	0.999992	-0.000141327
0.00412132	0.999991	0.000126708
0.00412132	0.999992	0.00011553
0.00409147	0.999992	-0.000111162
0.00409147	0.999992	-0.000111599
0.00412132	0.999992	0.00011509
0.00406596	0.999992	-0.000428354
0.00409153	0.999992	-0.000234147
0.00409153	0.999992	8.44583e-005
0.00427255	0.99999	0.00145946
8.80375e-005	0	-0
1	0	-0
-0.720519	-0.0920144	0.687303
-0.985722	-0.107288	0.129773
-0	-0	-4.01001e-008
-0.746627	-0.657237	0.102899
-0.920854	-0.0814071	0.381315
-0.983849	-0.111463	0.14006
0.178028	0.0733895	0.981285
-0.792313	-0.0538301	0.607735
-0.845858	-0.528485	0.0722997
-0.885962	-0.279757	0.369875
-0.413006	-0.82551	0.384654
-0.607567	-0.0660933	0.791514
0.231209	0.898907	0.372167
-0.18964	-0.16646	0.96764
-0.232985	-0.774072	0.588668
0.198097	0.934242	0.296562
-0.130525	0.0011131	0.991444
-0.0684961	-0.607313	0.791504
0.382129	0.0629545	0.921962
-0.573207	-0.076495	0.815832
-0.539287	-0.145663	0.829429
-0.524081	-0.405183	0.74911
0.772702	0.291785	0.563731
0.973393	0.190049	0.12801
0.961141	0.275019	0.0239405
-0.418884	-0.814098	0.402218
0.0733443	0.177427	0.981397
0.538406	0.246548	0.805812
0.116035	0.604631	0.788009
0.626766	0.099219	0.772865
-0.532082	-0.84357	0.0726551
-0.0787645	-0.572902	0.81583
0.178131	0.0736526	0.981246
0.000586495	-0.130557	0.991441
0.821329	0.397356	0.4093
-0.557936	-0.783634	0.273177
-0.270884	-0.956719	0.106354
0.0104306	0.0594403	0.998177
0.03126	0.130438	0.990963
-0.00343287	0.242853	0.970057
-0.0852816	-0.920427	0.381498
-0.216423	-0.751707	0.622975
-0.0569696	-0.792092	0.607738
0.561031	0.694809	0.449984
-0.273798	-0.880645	0.386651
0.315999	0.59137	0.741907
-0.111319	-0.98529	0.129657
0.605374	0.109543	0.788367
-0.0987965	-0.902648	0.418887
0.347556	0.215523	0.912554
0.194873	0.976769	0.0891457
0.782755	0.165049	0.600045
0.596325	0.799321	0.0740446
0.911027	0.166837	0.377088
0.814909	0.541522	0.206584
-0.943431	-0.326606	0.0571451
0.0953769	0.650221	0.753735
0.606499	0.702869	0.371663
0.219519	0.350683	0.910403
-0.0284332	-0.382537	0.923503
-0.382648	-0.0269192	0.923502
-0.191706	-0.290877	0.937358
0.103793	0.436617	0.89364
0.0644833	0.381895	0.921953
-0.752495	-0.213207	0.623133
-0.861242	-0.231348	0.452483
0.21959	0.967253	0.127284
-0.815768	-0.415473	0.402373
0.130597	0.0307209	0.990959
-0.530731	-0.291234	0.795931
-0.160449	-0.50012	0.850962
-0.493249	-0.513664	0.702036
0.157168	0.78352	0.601161
0.424178	0.426331	0.798946
0.0939409	0.112906	0.989155
-0.0466596	-0.06477	0.996809
-0.0632813	-0.0213523	0.997767
-0.0924587	-0.0314223	0.995221
-0.627076	-0.230356	0.744118
-0.307562	-0.0949422	0.94678
-0.0500964	-0.315622	0.947562
-0.187196	-0.32783	0.926005
0.415424	0.04066	0.908719
0.314187	0.16612	0.934714
0.163749	0.773103	0.612779
0.428737	0.740675	0.517286
-0.90291	-0.0951639	0.419163
-0.775108	-0.229806	0.588555
-0.0948611	-0.720156	0.687296
-0.234883	-0.8604	0.452263
0.206377	0.267177	0.941289
0.495196	0.361518	0.789991
-0.0216148	-0.0631817	0.997768
-0.0995483	-0.323743	0.940893
-0.315839	-0.0488424	0.947555
-0.064976	-0.0463878	0.996808
0.138728	0.134951	0.981093
-0.0365421	-0.0938965	0.994911
-0.320862	-0.20867	0.923853
-0.0496147	-0.0964302	0.994102
-0.0918238	-0.0369392	0.99509
0.0477249	-0.00611564	0.998842
-0.722487	-0.633724	0.276418
-0.710109	-0.375548	0.595575
-0.374801	-0.734052	0.566296
-0.66028	-0.743943	0.102856
0.234162	0.527834	0.816431
0.210993	0.224595	0.951335
-0.517546	-0.396001	0.758505
-0.384162	-0.160183	0.909264
-0.375641	-0.327529	0.866959
-0.38403	-0.186109	0.90437
-0.329992	-0.357241	0.873776
-0.200577	-0.157134	0.966994
-0.366952	-0.493607	0.788479
-0.105487	-0.30535	0.946379
-0.280448	-0.503851	0.816997
-0.29505	-0.619182	0.727708
0.856003	0.117111	0.503532
0.703351	0.432433	0.564179
0.700321	0.421844	0.575846
0.520945	0.54268	0.658873
-0.22686	-0.283734	0.931681
-0.0507669	-0.0930489	0.994366
-0.774854	-0.50128	0.385123
-0.675493	-0.544965	0.496711
-0.436229	-0.655333	0.616639
-0.504329	-0.772934	0.385
-0.115609	-0.983344	0.140246
-0.701016	-0.641084	0.31239
0.0468588	0.408507	0.911552
0.074125	0.177731	0.981283
0.242812	-0.00441354	0.970063
0.441762	0.102461	0.891262
-0.881428	-0.443098	0.163553
-0.930196	-0.322231	0.175792
-0.325986	-0.928868	0.175892
0.551793	0.822905	0.135471
-0.735669	-0.371793	0.566181
-0.606566	-0.280427	0.743935
-0.644132	-0.446695	0.620933
-0.55811	-0.666829	0.493814
-0.408193	-0.523065	0.748185
-0.57907	-0.592468	0.560053
-0.230487	-0.651117	0.723134
-0.378439	-0.708549	0.595602
-0.151044	-0.537002	0.829948
-0.289262	-0.485394	0.825058
0.350741	0.490494	0.797745
0.293826	0.453863	0.841234
0.146576	0.0850184	0.985539
0.303541	0.202849	0.930976
0.608391	0.311602	0.729907
0.460381	0.29304	0.83796
0.140061	0.296831	0.944603
0.0989306	0.111701	0.988805
-0.785773	-0.554849	0.273318
-0.845867	-0.528403	0.0727961
-0.531723	-0.843802	0.0725902
-0.661034	-0.538599	0.522441
-0.845732	-0.528682	0.0723351
-0.708517	-0.705693	0.000832328
-0.708561	-0.705649	0.000832328
-0.535958	-0.680889	0.499138
-0.643981	-0.698354	0.312393
-0.636687	-0.719919	0.276307
-0.532007	-0.843606	0.0727796
-0.836402	-0.404434	0.369953
-0.962256	-0.255934	0.0925249
-0.439704	-0.881786	0.170625
-0.330051	-0.940453	0.0813317
0.450408	0.054714	-0.891145
-0.368547	-0.266908	-0.890468
0.130597	0.0323714	-0.990907
-0.793323	-0.0141708	-0.608637
0.181984	0.042664	-0.982375
0.38185	0.0749513	-0.92118
0.973393	0.190049	-0.12801
-0.957365	-0.261585	-0.122582
0.961141	0.275019	-0.0239405
-0.101098	-0.530778	-0.841459
0.44592	0.20754	-0.870679
-0.702599	-0.699799	-0.128982
0.0764623	0.381571	-0.921172
0.787762	0.120749	-0.604029
-0.899697	-0.0860671	-0.427945
-0.13054	-0.00251044	-0.99144
-0.985987	-0.10618	-0.12867
-0.548661	-0.661499	-0.511263
-0.608134	-0.0487249	-0.792338
0.605301	0.110673	-0.788266
-0.7597	-0.542117	-0.359116
0.778198	0.501701	-0.377762
-0.00304241	-0.130556	-0.991436
-0.921811	-0.0673899	-0.381737
-0.553727	-0.0691583	-0.829821
-0.310632	-0.105536	-0.944653
-0.70179	-0.237332	-0.671688
-0.382674	0.00406916	-0.923875
-0.252426	-0.356059	-0.899724
0.216182	0.902094	-0.373486
0.814909	0.541522	-0.206584
-0.677322	-0.426816	-0.599219
0.190967	0.927846	-0.320366
0.499079	0.628996	-0.596058
0.217736	0.967665	-0.127338
0.798176	0.294065	-0.525777
-0.524907	-0.832347	-0.177964
0.122941	0.787362	-0.604109
0.615819	0.431566	-0.65918
-0.0511094	-0.607947	-0.792331
-0.045776	-0.296937	-0.953799
0.0170975	0.171621	-0.985015
-0.0172676	-0.793262	-0.608636
0.0328954	0.130431	-0.990911
-0.255537	-0.343887	-0.903572
0.113107	0.604836	-0.788277
0.0947498	0.0501866	-0.994235
0.00262397	-0.38269	-0.923873
-0.408014	-0.838797	-0.360476
-0.842547	-0.526416	-0.114022
-0.357627	-0.36091	-0.861305
0.140302	0.76934	-0.623242
-0.726233	-0.679817	-0.102152
-0.325465	-0.0864708	-0.941592
-0.221333	-0.58054	-0.783572
0.0565167	0.450148	-0.891163
-0.111432	-0.985504	-0.127922
-0.657992	-0.43166	-0.617022
0.259121	0.276679	-0.925367
-0.150276	-0.872555	-0.464828
-0.0712211	-0.921447	-0.381921
-0.081801	-0.13677	-0.98722
-0.296329	-0.842037	-0.450735
0.108061	0.0860844	-0.99041
0.337563	0.455411	-0.823804
0.552168	0.823464	-0.130448
-0.888154	-0.244741	-0.388952
0.364151	0.314367	-0.87668
-0.248301	-0.887133	-0.389027
0.429016	0.616763	-0.659961
0.19482	0.976504	-0.0921102
-0.0803967	-0.715393	-0.694081
-0.240286	-0.700924	-0.671541
-0.10683	-0.31025	-0.944633
-0.00686226	-0.0635189	-0.997957
-0.309816	-0.538196	-0.783811
-0.131601	-0.159916	-0.978319
-0.11029	-0.985518	-0.128805
-0.265431	-0.956311	-0.122535
-0.581617	-0.218925	-0.78345
-0.753061	-0.153559	-0.63978
-0.0566998	-0.024366	-0.998094
-0.13763	-0.0806257	-0.987197
-0.137119	-0.0812356	-0.987218
-0.365087	-0.267498	-0.891715
-0.824884	-0.310205	-0.472588
-0.111187	-0.985305	-0.129659
0.704379	0.0608132	-0.707214
0.486736	0.410709	-0.770977
0.186156	0.393217	-0.900404
0.259969	0.594013	-0.761292
-0.384597	-0.571155	-0.725167
-0.477116	-0.484049	-0.733524
-0.452566	-0.477326	-0.753222
-0.551936	-0.346978	-0.758269
0.171688	0.0164177	-0.985015
-0.0635466	-0.00659479	-0.997957
-0.0245974	-0.0566039	-0.998094
0.043437	0.18183	-0.98237
-0.939433	-0.325222	-0.108153
-0.432426	-0.88025	-0.195365
-0.820524	-0.558891	-0.119926
-0.924181	-0.320148	-0.208316
0.28986	0.27702	-0.916101
-0.162002	-0.131984	-0.977924
0.0699921	0.0552419	-0.996017
-0.0826777	-0.13603	-0.987249
0.0819805	0.115668	-0.989899
0.0618379	0.110782	-0.991919
-0.394011	-0.714631	-0.577977
-0.568502	-0.586017	-0.577399
-0.64584	-0.557849	-0.521244
-0.586968	-0.40115	-0.70324
-0.694991	-0.586896	-0.415379
-0.76427	-0.461433	-0.450522
-0.8352	-0.401652	-0.375655
-0.743776	-0.286795	-0.603776
-0.675558	-0.667396	-0.313376
-0.836169	-0.522344	-0.167268
-0.572603	-0.715029	-0.401072
-0.529654	-0.840519	-0.113998
-0.439038	-0.781971	-0.442455
-0.279433	-0.734245	-0.618709
-0.561248	-0.737088	-0.376433
-0.419377	-0.651094	-0.632613
0.62237	0.4678	-0.627549
0.499106	0.686354	-0.528972
0.781655	0.281702	-0.556471
0.905706	0.197993	-0.374826
0.606363	0.717834	-0.342109
0.593124	0.801854	-0.0723413
-0.985978	-0.107282	-0.127817
-0.985717	-0.107339	-0.129773
0.744635	0.160549	-0.647875
0.593983	0.261178	-0.760901
0.062599	0.706066	-0.705374
0.280804	0.794069	-0.539077
0.286886	0.600161	-0.746662
0.453447	0.335005	-0.825928
0.408816	0.484201	-0.773575
0.184645	0.392679	-0.900949
0.268673	0.174045	-0.947377
0.600366	0.286597	-0.746607
0.31195	0.150619	-0.938084
0.379164	0.212265	-0.900654
-0.0712999	-0.55354	-0.829765
-0.0878902	-0.32511	-0.941583
-0.0896504	-0.899443	-0.427744
-0.156713	-0.752532	-0.639638
-0.297205	-0.044602	-0.953771
-0.531288	-0.0987886	-0.841412
-0.715719	-0.0775999	-0.694064
-0.873136	-0.146623	-0.464903
-0.881976	-0.428809	-0.195552
-0.558184	-0.821111	-0.119194
-0.161405	-0.368492	-0.915512
-0.221388	-0.580413	-0.78365
-0.599381	-0.211033	-0.772145
-0.395903	-0.185258	-0.899411
-0.323885	-0.922881	-0.2083
-0.329209	-0.938053	-0.108068
-0.706488	-0.703584	-0.0764506

#	Mesh	0	End

