#	Mesh	0	Begin

#	Vertex	72
72.9405	-64.0069	-13.7421
72.9408	-64.0109	-13.7432
72.9411	-64.0148	-13.745
72.9414	-64.0182	-13.7474
72.9416	-64.0212	-13.7504
72.9418	-64.0236	-13.7538
72.942	-64.0254	-13.7577
72.942	-64.0265	-13.7618
72.9421	-64.0269	-13.766
72.942	-64.0265	-13.7702
72.942	-64.0254	-13.7743
72.9418	-64.0236	-13.7782
72.9416	-64.0212	-13.7816
72.9414	-64.0182	-13.7846
72.9411	-64.0148	-13.787
72.9408	-64.0109	-13.7888
72.9405	-64.0069	-13.7899
72.9401	-64.0027	-13.7903
72.9398	-63.9985	-13.7899
72.9394	-63.9944	-13.7888
72.9391	-63.9906	-13.787
72.9389	-63.9871	-13.7846
72.9386	-63.9841	-13.7816
72.9384	-63.9817	-13.7782
72.9383	-63.9799	-13.7743
72.9382	-63.9788	-13.7702
72.9382	-63.9784	-13.766
72.9382	-63.9788	-13.7618
72.9383	-63.9799	-13.7577
72.9384	-63.9817	-13.7538
72.9386	-63.9841	-13.7504
72.9389	-63.9871	-13.7474
72.9391	-63.9906	-13.745
72.9394	-63.9944	-13.7432
72.9398	-63.9985	-13.7421
72.9401	-64.0027	-13.7417
79.189	-63.5009	-13.7421
79.1893	-63.505	-13.7432
79.1897	-63.5088	-13.745
79.1899	-63.5123	-13.7474
79.1902	-63.5153	-13.7504
79.1904	-63.5177	-13.7538
79.1905	-63.5195	-13.7577
79.1906	-63.5206	-13.7618
79.1906	-63.521	-13.766
79.1906	-63.5206	-13.7702
79.1905	-63.5195	-13.7743
79.1904	-63.5177	-13.7782
79.1902	-63.5153	-13.7816
79.1899	-63.5123	-13.7846
79.1897	-63.5088	-13.787
79.1893	-63.505	-13.7888
79.189	-63.5009	-13.7899
79.1887	-63.4967	-13.7903
79.1883	-63.4925	-13.7899
79.188	-63.4885	-13.7888
79.1877	-63.4846	-13.787
79.1874	-63.4812	-13.7846
79.1872	-63.4782	-13.7816
79.187	-63.4758	-13.7782
79.1868	-63.474	-13.7743
79.1867	-63.4729	-13.7702
79.1867	-63.4725	-13.766
79.1867	-63.4729	-13.7618
79.1868	-63.474	-13.7577
79.187	-63.4758	-13.7538
79.1872	-63.4782	-13.7504
79.1874	-63.4812	-13.7474
79.1877	-63.4846	-13.745
79.188	-63.4885	-13.7432
79.1883	-63.4925	-13.7421
79.1887	-63.4967	-13.7417

#	Triangle	101
35	36	71
0	36	35
0	37	36
1	37	0
1	38	37
2	38	1
2	39	38
3	39	2
3	40	39	4	40	3
4	41	40	5	41	4
5	42	41
6	42	5
6	43	42
7	43	6
7	44	43
8	44	7
8	45	44
9	45	8
9	46	45
10	46	9
10	47	46
11	47	10
11	48	47	12	48	11
12	49	48	13	49	12
13	50	49
14	50	13
14	51	50
15	51	14
15	52	51
16	52	15
16	53	52
17	53	16
17	54	53
18	54	17
18	55	54
19	55	18
19	56	55
20	56	19
20	57	56	21	57	20
21	58	57
22	58	21
22	59	58	23	59	22
23	60	59
24	60	23
24	61	60
25	61	24
25	62	61
26	62	25
26	63	62
27	63	26
27	64	63
28	64	27
28	65	64
29	65	28
29	66	65	30	66	29
30	67	66
31	67	30
31	68	67	32	68	31
32	69	68
33	69	32
33	70	69
34	70	33
34	71	70
35	71	34
7	9	8	26	25	27
6	9	7	27	25	24
6	10	9
5	10	6	28	24	23
5	11	10
4	11	5	29	23	22
4	12	11	29	22	30
3	12	4	30	22	21
3	13	12
2	13	3	2	14	13
1	14	2	1	15	14
0	15	1	0	16	15
35	16	0	35	17	16
34	17	35	34	18	17
33	18	34	33	19	18
32	19	33	32	20	19
31	20	32	31	21	20
30	21	31
28	23	29
27	24	28
45	43	44	62	63	61
46	43	45	61	63	64
46	42	43	61	64	60
47	42	46	60	64	65
47	41	42
48	41	47	59	65	66
48	40	41	59	66	58
49	40	48	58	66	67
49	39	40	58	67	57
50	39	49	50	38	39	57	68	56	57	67	68
51	38	50	51	37	38
52	37	51	52	36	37
53	36	52	53	71	36
54	71	53	54	70	71
55	70	54	55	69	70
56	69	55	56	68	69
60	65	59

#	Normal	101
0.00703081	-0.0868356	0.996198
0.00703184	-0.0868485	0.996197
0.0208775	-0.257852	0.965959
0.0208745	-0.257815	0.965969
0.0341064	-0.421239	0.906308
0.0341391	-0.421647	0.906117
0.0462897	-0.571717	0.819144
0.0462552	-0.571287	0.819446
0.0570743	-0.70491	0.706997
0.0661059	-0.816457	0.57361
0.0731371	-0.903299	0.422732
0.0731326	-0.903242	0.422855
0.0779494	-0.962733	0.258979
0.0779674	-0.962961	0.258121
0.0803961	-0.992959	0.0869996
0.0803903	-0.992879	0.0879117
0.0803968	-0.992959	-0.0869996
0.0803897	-0.992879	-0.0879117
0.0779488	-0.962733	-0.258979
0.0779679	-0.962961	-0.258121
0.0731372	-0.903299	-0.422732
0.0731325	-0.903242	-0.422855
0.0661059	-0.816457	-0.57361
0.0570743	-0.70491	-0.706997
0.0462901	-0.571717	-0.819144
0.0462549	-0.571287	-0.819446
0.0341061	-0.421239	-0.906308
0.0341394	-0.421647	-0.906117
0.0208775	-0.257852	-0.965959
0.0208745	-0.257815	-0.965969
0.0070308	-0.0868356	-0.996198
0.00703185	-0.0868485	-0.996197
-0.00703829	0.0869281	-0.99619
-0.00703075	0.0868356	-0.996198
-0.0208743	0.257815	-0.965969
-0.0208773	0.257852	-0.965959
-0.0341107	0.421295	-0.906282
-0.0341347	0.42159	-0.906144
-0.0462901	0.571717	-0.819144
-0.0570743	0.70491	-0.706997
-0.0570367	0.704452	-0.707456
-0.0661054	0.816457	-0.57361
-0.073132	0.903242	-0.422855
-0.0731656	0.903649	-0.421977
-0.0779494	0.962733	-0.258979
-0.0779463	0.962695	-0.259117
-0.0803967	0.992959	-0.0869996
-0.0803978	0.992972	-0.0868519
-0.0803968	0.992959	0.0869996
-0.0803977	0.992972	0.0868519
-0.0779493	0.962733	0.258979
-0.0779464	0.962695	0.259117
-0.0731326	0.903242	0.422855
-0.073165	0.903649	0.421977
-0.0661054	0.816457	0.57361
-0.0570738	0.70491	0.706997
-0.0570372	0.704452	0.707456
-0.0462901	0.571717	0.819144
-0.0341109	0.421295	0.906282
-0.0341345	0.42159	0.906144
-0.0208743	0.257815	0.965969
-0.0208773	0.257852	0.965959
-0.00703823	0.0869281	0.99619
-0.00703081	0.0868356	0.996198
-3.13183e-006	-2.63733e-007	-0
-9.19769e-006	-7.25266e-007	-0
-1.81165e-005	-1.42854e-006	-0
-2.96747e-005	-2.46748e-006	-0
-4.33807e-005	-3.60715e-006	-0
-5.88535e-005	-4.74625e-006	-0
-7.56599e-005	-6.10161e-006	-0
-9.32326e-005	-7.56599e-006	-0
-0.996723	-0.0808859	-0
-0.996714	-0.0809971	-0
-0.996841	-0.0794215	-0
-0.996624	-0.0820974	-0
-0.996827	-0.0795981	-0
-0.996678	-0.0814371	-0
-0.996779	-0.0802006	-0
-0.996678	-0.0814446	-0
-0.996707	-0.081088	-0
-0.996732	-0.0807809	-0
-4.32858e-005	-3.4173e-006	-0
-1.81815e-005	-1.55841e-006	-0
3.09886e-006	2.63733e-007	-0
9.23065e-006	7.25266e-007	-0
1.81815e-005	1.42854e-006	-0
2.96747e-005	2.33762e-006	-0
4.33807e-005	3.4173e-006	-0
5.88535e-005	4.74625e-006	-0
7.56599e-005	6.10161e-006	-0
9.32326e-005	7.56599e-006	-0
0.996723	0.0808859	-0
0.996707	0.081088	-0
0.996685	0.081362	-0
0.996779	0.0802006	-0
0.996678	0.0814371	-0
0.996821	0.0796716	-0
0.996624	0.0820974	-0
0.996848	0.0793409	-0
4.33807e-005	3.60715e-006	-0

#	Mesh	0	End

