#	Mesh	0	Begin

#	Vertex	72
72.0637	-65.0533	-13.7128
72.0547	-65.054	-13.7153
72.0462	-65.0547	-13.7192
72.0385	-65.0553	-13.7246
72.0319	-65.0559	-13.7313
72.0265	-65.0563	-13.739
72.0225	-65.0566	-13.7475
72.0201	-65.0568	-13.7566
72.0193	-65.0569	-13.766
72.0201	-65.0568	-13.7754
72.0225	-65.0566	-13.7845
72.0265	-65.0563	-13.793
72.0319	-65.0559	-13.8007
72.0385	-65.0553	-13.8074
72.0462	-65.0547	-13.8128
72.0547	-65.054	-13.8167
72.0637	-65.0533	-13.8192
72.0731	-65.0525	-13.82
72.0824	-65.0518	-13.8192
72.0915	-65.0511	-13.8167
72.1	-65.0504	-13.8128
72.1077	-65.0497	-13.8074
72.1143	-65.0492	-13.8007
72.1197	-65.0488	-13.793
72.1237	-65.0484	-13.7845
72.1261	-65.0482	-13.7754
72.1269	-65.0482	-13.766
72.1261	-65.0482	-13.7566
72.1237	-65.0484	-13.7475
72.1197	-65.0488	-13.739
72.1143	-65.0492	-13.7313
72.1077	-65.0497	-13.7246
72.1	-65.0504	-13.7192
72.0915	-65.0511	-13.7153
72.0824	-65.0518	-13.7128
72.0731	-65.0525	-13.712
73.4789	-82.5313	-13.7128
73.4698	-82.532	-13.7153
73.4613	-82.5327	-13.7192
73.4536	-82.5333	-13.7246
73.447	-82.5339	-13.7313
73.4416	-82.5343	-13.739
73.4376	-82.5346	-13.7475
73.4352	-82.5348	-13.7566
73.4344	-82.5349	-13.766
73.4352	-82.5348	-13.7754
73.4376	-82.5346	-13.7845
73.4416	-82.5343	-13.793
73.447	-82.5339	-13.8007
73.4536	-82.5333	-13.8074
73.4613	-82.5327	-13.8128
73.4698	-82.532	-13.8167
73.4789	-82.5313	-13.8192
73.4882	-82.5305	-13.82
73.4976	-82.5298	-13.8192
73.5066	-82.529	-13.8167
73.5151	-82.5283	-13.8128
73.5228	-82.5277	-13.8074
73.5295	-82.5272	-13.8007
73.5348	-82.5268	-13.793
73.5388	-82.5264	-13.7845
73.5412	-82.5262	-13.7754
73.542	-82.5262	-13.766
73.5412	-82.5262	-13.7566
73.5388	-82.5264	-13.7475
73.5348	-82.5268	-13.739
73.5295	-82.5272	-13.7313
73.5228	-82.5277	-13.7246
73.5151	-82.5283	-13.7192
73.5066	-82.529	-13.7153
73.4976	-82.5298	-13.7128
73.4882	-82.5305	-13.712

#	Triangle	80
35	36	71
0	36	35
0	37	36	1	37	0
1	38	37	2	38	1
2	39	38
3	39	2
3	40	39
4	40	3
4	41	40	5	41	4
5	42	41	6	42	5
6	43	42	7	43	6
7	44	43
8	44	7
8	45	44
9	45	8
9	46	45	10	46	9
10	47	46	11	47	10
11	48	47	12	48	11
12	49	48
13	49	12
13	50	49
14	50	13
14	51	50	15	51	14
15	52	51	16	52	15
16	53	52
17	53	16
17	54	53	18	54	17
18	55	54	19	55	18
19	56	55	20	56	19
20	57	56	21	57	20
21	58	57
22	58	21
22	59	58
23	59	22
23	60	59	24	60	23
24	61	60
25	61	24
25	62	61
26	62	25
26	63	62
27	63	26
27	64	63
28	64	27
28	65	64	29	65	28
29	66	65
30	66	29
30	67	66
31	67	30
31	68	67	32	68	31
32	69	68	33	69	32
33	70	69	34	70	33
34	71	70	35	71	34
7	9	8	26	25	27
6	9	7	27	25	24
6	10	9	27	24	28
5	10	6	5	11	10
4	11	5	4	12	11	29	22	30	29	23	22
3	12	4	3	13	12	30	21	31	30	22	21
2	13	3	2	14	13
1	14	2	1	15	14	32	19	33	32	20	19
0	15	1	0	16	15	33	18	34	33	19	18
35	16	0	35	17	16
34	17	35	34	18	17
31	20	32	31	21	20
28	23	29	28	24	23
45	43	44	62	63	61
46	43	45	61	63	64
46	42	43
47	42	46	47	41	42
48	41	47	48	40	41
49	40	48	49	39	40
50	39	49	50	38	39
51	38	50	51	37	38	56	69	55	56	68	69
52	37	51	52	36	37	55	70	54	55	69	70
53	36	52	53	71	36	54	71	53	54	70	71
57	68	56	57	67	68
58	67	57	58	66	67
59	66	58	59	65	66
60	65	59	60	64	65
61	64	60

#	Normal	80
-0.0868879	-0.00703502	0.996193
-0.0868908	-0.00703525	0.996193
-0.258002	-0.0208895	0.965919
-0.421009	-0.0340877	0.906416
-0.571652	-0.0462847	0.819189
-0.571621	-0.0462822	0.819212
-0.704832	-0.0570678	0.707075
-0.704848	-0.0570692	0.707059
-0.816415	-0.0661024	0.57367
-0.903527	-0.0731555	0.422241
-0.962739	-0.0779497	0.258956
-0.992918	-0.0803932	0.0874651
-0.992921	-0.0803934	0.0874318
-0.992918	-0.0803932	-0.0874651
-0.992921	-0.0803935	-0.0874318
-0.962739	-0.0779497	-0.258956
-0.903527	-0.0731555	-0.422241
-0.816415	-0.0661024	-0.57367
-0.704832	-0.0570678	-0.707075
-0.704848	-0.0570692	-0.707059
-0.571652	-0.0462848	-0.819189
-0.571621	-0.0462822	-0.819212
-0.421009	-0.0340877	-0.906416
-0.258002	-0.0208895	-0.965919
-0.0868879	-0.00703501	-0.996193
-0.0868908	-0.00703525	-0.996193
0.0868879	0.00703502	-0.996193
0.258002	0.0208895	-0.965919
0.421009	0.0340877	-0.906416
0.572008	0.0463136	-0.818939
0.704419	0.0570345	-0.707489
0.704848	0.0570695	-0.707059
0.816834	0.0661367	-0.573069
0.816415	0.0661024	-0.57367
0.903211	0.0731299	-0.422921
0.962722	0.0779483	-0.259019
0.962739	0.0779497	-0.258956
0.992996	0.0803995	-0.0865776
0.992993	0.0803993	-0.0866108
0.992996	0.0803995	0.0865776
0.992993	0.0803993	0.0866108
0.962722	0.0779483	0.259019
0.962739	0.0779497	0.258956
0.903211	0.0731299	0.422921
0.816834	0.0661363	0.573069
0.816415	0.0661027	0.57367
0.704419	0.0570348	0.707489
0.704848	0.0570692	0.707059
0.572008	0.0463136	0.818939
0.421009	0.0340877	0.906416
0.258002	0.0208895	0.965919
0.0868879	0.00703502	0.996193
-1.24538e-006	1.53841e-005	-0
-3.66287e-006	4.55661e-005	-0
-7.21436e-006	8.97466e-005	-0
-0.0806047	0.996746	-0
-0.0810101	0.996713	-0
-0.0804218	0.996761	-0
-0.0810334	0.996711	-0
-0.0805455	0.996751	-0
-0.0807697	0.996733	-0
-0.0804243	0.996761	-0
-0.0808382	0.996727	-0
-0.0811153	0.996705	-0
-0.0804471	0.996759	-0
1.31863e-006	-1.53841e-005	-0
3.66287e-006	-4.55661e-005	-0
7.21436e-006	-8.97466e-005	-0
0.0806047	-0.996746	-0
0.0810101	-0.996713	-0
0.081005	-0.996714	-0
0.0800271	-0.996793	-0
0.0805455	-0.996751	-0
0.0807697	-0.996733	-0
0.0808382	-0.996727	-0
0.0811153	-0.996705	-0
0.0809103	-0.996721	-0
0.0796876	-0.99682	-0
0.0804471	-0.996759	-0
7.50293e-006	-8.97466e-005	-0

#	Mesh	0	End

