#	Mesh	0	Begin

#	Vertex	12
68.9542	-106.237	-11.8293
68.9542	-106.237	-13.3101
68.7549	-106.253	-13.3101
68.7549	-106.253	-11.8293
53.6005	83.3929	-11.4456
52.8263	92.9551	-9.825
52.8263	92.9551	-12.9104
52.627	92.9389	-9.825
52.627	92.9389	-12.9104
53.4012	83.3768	-11.4456
53.4012	83.3768	-9.825
53.6005	83.3929	-9.825

#	Triangle	10
0	2	1	3	2	0
6	0	1	5	4	6	5	11	4
4	0	6
6	7	5	8	7	6
3	8	2	9	7	8	10	7	9
3	9	8
10	5	7	11	5	10
6	2	8	1	2	6
0	9	3	4	9	0
4	10	9	11	10	4

#	Normal	10
0.0807015	-0.996738	-0
0.996738	0.0807025	-0
0.996738	0.0807025	-1.17805e-006
-0.0807031	0.996738	-0
-0.996738	-0.0807025	-0
-0.996738	-0.0807025	1.31033e-006
-0	-0	1
-0.000161406	0.00199347	-0.999998
0.00016275	-0.00201012	0.999998
0.0807031	-0.996738	-0

#	Mesh	0	End

