#	Mesh	0	Begin

#	Vertex	12
61.8567	93.1039	-16.665
61.8567	93.1039	-19.2049
61.8405	93.3033	-19.2049
61.8405	93.3033	-16.665
63.3383	93.2239	-16.665
63.3383	93.2239	-19.205
63.3222	93.4232	-16.665
63.3222	93.4232	-19.205
63.3222	93.4232	-16.685
63.3383	93.2239	-16.685
61.8567	93.1039	-16.6849
61.8405	93.3033	-16.6849

#	Triangle	6
10	2	1	11	2	10
9	1	5	10	1	9
8	5	7	9	5	8
11	7	2	8	7	11
5	2	7	1	2	5
8	10	9	11	10	8

#	Normal	6
-0.996738	-0.0807047	-0
0.0807017	-0.996738	-0
0.996738	0.0807047	0
-0.0807017	0.996738	-0
-6.67919e-005	-5.40806e-006	-1
6.54823e-005	5.30202e-006	1

#	Mesh	0	End

