#	Mesh	0	Begin

#	Vertex	8
64.8482	88.9675	-19.2111
64.8064	89.3735	-19.2102
64.2998	90.0911	-19.2081
64.0683	90.0724	-19.2079
64.8482	88.9675	-16.7454
64.8064	89.3735	-16.7445
64.2998	90.0911	-16.7424
64.0683	90.0724	-16.7421

#	Triangle	8
3	4	7	0	4	3
0	5	4	1	5	0
1	6	5	2	6	1
2	7	6	3	7	2
3	1	0
2	1	3
4	6	7
5	6	4

#	Normal	8
-0.816984	-0.57666	0
0.99475	0.102333	-0
0.816984	0.57666	-0
-0.0807062	0.996738	-0
-0.00136488	0.00194264	-0.999997
-0.0013713	0.00193586	-0.999997
0.00137147	-0.00193798	0.999997
0.00136115	-0.00194302	0.999997

#	Mesh	0	End

