#	Mesh	0	Begin

#	Vertex	8
59.2946	79.9131	-19.2111
59.1225	79.5603	-19.2118
59.8307	70.8132	-19.2297
60.0576	70.4892	-19.2304
59.2946	79.9131	-16.7525
59.1225	79.5603	-16.7532
59.8307	70.8132	-16.7711
60.0576	70.4892	-16.7718

#	Triangle	8
3	4	7	0	4	3
0	5	4	1	5	0
1	6	5	2	6	1
2	7	6	3	7	2
3	1	0
2	1	3
4	6	7
5	6	4

#	Normal	8
0.996738	0.0807024	-0
-0.898794	0.438372	-0
-0.996738	-0.0807027	0
-0.81915	-0.573579	0
-0.000159242	0.00203723	-0.999998
-0.000164445	0.0020367	-0.999998
0.000164259	-0.00203683	0.999998
0.000169166	-0.00203654	0.999998

#	Mesh	0	End

