#	Mesh	0	Begin

#	Vertex	10
60.2324	70.2396	-19.2386
59.8307	70.8132	-19.237
59.8307	70.8132	-19.2297
59.8307	70.8132	-16.7732
60.2324	70.2396	-16.7748
60.2324	70.2396	-19.231
60.2643	69.8453	-19.2393
60.2643	69.8453	-16.7756
59.8627	70.4189	-16.774
59.8627	70.4189	-19.2378

#	Triangle	6
1	5	0	2	5	1	2	4	5	3	4	2
9	7	8	6	7	9
0	7	6	5	7	0	4	7	5
8	1	9	8	2	1	8	3	2
9	0	6	1	0	9
7	3	8	4	3	7

#	Normal	6
0.819151	0.573578	-0
-0.819151	-0.573578	0
0.996738	0.080708	-0
-0.996738	-0.080708	-0
-0.00126342	0.00179494	-0.999998
0.00133536	-0.001908	0.999997

#	Mesh	0	End

