#	Mesh	0	Begin

#	Vertex	14
76.7699	-44.0888	-18.385
78.193	-45.2986	-18.3905
78.193	-45.2986	-18.3597
78.193	-45.2986	-17.0473
77.9894	-45.1255	-17.0473
77.9894	-45.1255	-17.0271
76.7699	-44.0888	-17.0225
76.7699	-44.0888	-18.3605
76.7471	-43.8069	-18.3844
76.7471	-43.8069	-17.022
77.9666	-44.8436	-17.0265
77.9666	-44.8436	-17.0473
78.1702	-45.0167	-17.0473
78.1702	-45.0167	-18.3899

#	Triangle	14
2	0	1	2	7	0	2	6	7
3	4	2
4	6	2
5	6	4
8	12	13
9	11	8	9	10	11
11	12	8
7	8	0	7	9	8	6	9	7
13	2	1	12	2	13	12	3	2
10	4	11	5	4	10
12	4	3	11	4	12
13	0	8
1	0	13
9	5	10	6	5	9

#	Normal	14
-0.647693	-0.761902	-0
-0.647704	-0.761892	-0
-0.647691	-0.761903	3.39036e-006
-0.647691	-0.761903	-0
0.64769	0.761904	-0
0.647692	0.761902	0
0.647681	0.761912	1.74599e-005
-0.996733	-0.0807651	-0
0.99674	0.0806861	-0
0.996737	0.0807146	0
0	0	1
-0.0022548	0.00191647	-0.999996
-0.00225461	0.00191675	-0.999996
0.00216357	-0.00184095	0.999996

#	Mesh	0	End

