#	Mesh	0	Begin

#	Vertex	10
84.0327	30.5754	-16.8562
84.0327	30.5754	-18.2155
83.8333	30.5592	-18.2155
83.8333	30.5592	-16.8562
81.589	60.7566	-16.7954
81.589	60.7566	-18.2155
81.3896	60.7405	-16.7954
81.3896	60.7405	-18.2155
81.589	60.7566	-18.156
81.3896	60.7405	-18.156

#	Triangle	6
0	2	1	3	2	0
1	4	0	8	4	1
8	6	4	9	6	8
9	3	6	2	3	9
6	0	4	3	0	6
8	2	9	1	2	8

#	Normal	6
0.0807015	-0.996738	-0
0.996738	0.0807028	-0
-0.0807047	0.996738	-0
-0.996738	-0.0807025	0
0.000162046	-0.00200133	0.999998
-0.000158454	0.00195697	-0.999998

#	Mesh	0	End

