#	Mesh	0	Begin

#	Vertex	24
80.8144	64.6168	-12.186
80.8144	64.6168	-12.746
79.9572	64.5473	-12.746
79.9572	64.5473	-12.186
80.8147	64.6138	-12.186
79.9575	64.5443	-12.186
79.9575	64.5443	-12.746
80.8147	64.6138	-12.746
80.7848	64.6114	-12.216
80.7848	64.6114	-12.716
79.9874	64.5468	-12.716
79.9874	64.5468	-12.216
80.8211	64.1628	-12.086
79.5752	64.0619	-12.086
79.5752	64.0619	-12.716
80.8211	64.1628	-12.716
80.851	64.1653	-12.056
80.851	64.1653	-12.746
79.5453	64.0595	-12.746
79.5453	64.0595	-12.056
80.8512	64.1623	-12.056
79.5455	64.0565	-12.056
79.5455	64.0565	-12.746
80.8512	64.1623	-12.746

#	Triangle	14
3	1	2	0	1	3
7	5	6	4	5	7
7	0	4	1	0	7	23	16	20	17	16	23
6	1	7	2	1	6	9	14	10	15	14	9	22	17	23	18	17	22
5	2	6	3	2	5
4	3	5	0	3	4	20	19	21	16	19	20
11	9	10	8	9	11
15	13	14	12	13	15
8	15	9	12	15	8
10	13	11	14	13	10
11	12	8	13	12	11
19	17	18	16	17	19
23	21	22	20	21	23
21	18	22	19	18	21

#	Normal	14
-0.080759	0.996734	-0
0.0807635	-0.996733	-0
0.996732	0.0807809	-0
-0	0	-1
-0.99674	-0.0806761	-0
0	-0	1
-0.0807621	0.996733	-0
0.0807627	-0.996733	-0
0.996733	0.0807637	0
-0.761905	0.647688	-0
-0.0224146	0.276632	0.960714
-0.0807611	0.996733	-0
0.0807611	-0.996733	-0
-0.996732	-0.0807809	-0

#	Mesh	0	End

