#	Mesh	0	Begin

#	Vertex	24
90.3113	-50.3835	-12.801
90.3083	-50.3837	-12.801
90.3382	-50.7525	-12.801
90.3412	-50.7523	-12.801
90.3113	-50.3835	-12.431
90.3083	-50.3837	-12.431
90.3382	-50.7525	-12.431
90.3412	-50.7523	-12.431
90.1918	-50.7393	-12.396
90.3362	-50.7276	-12.456
90.3362	-50.7276	-12.776
90.1918	-50.7393	-12.716
90.166	-50.4203	-12.396
90.3103	-50.4086	-12.456
90.3103	-50.4086	-12.776
90.166	-50.4203	-12.716
90.1639	-50.3954	-12.741
90.1609	-50.3956	-12.741
90.1908	-50.7644	-12.741
90.1938	-50.7642	-12.741
90.1639	-50.3954	-12.371
90.1609	-50.3956	-12.371
90.1908	-50.7644	-12.371
90.1938	-50.7642	-12.371

#	Triangle	16
3	4	7	0	4	3	19	20	23	16	20	19
0	5	4	1	5	0
1	6	5	2	6	1	17	22	21	18	22	17
2	7	6	3	7	2
3	1	0	2	1	3	19	17	16	18	17	19
4	6	7	5	6	4	20	22	23	21	22	20
11	12	15	8	12	11
8	13	12
9	13	8
9	14	13	10	14	9
10	15	14
11	15	10
11	9	8	10	9	11
12	14	15	13	14	12
16	21	20	17	21	16
18	23	22	19	23	18

#	Normal	16
0.996733	0.0807648	-0
-0.0808859	0.996723	-0
-0.996733	-0.0807648	0
0.0808859	-0.996723	-0
-0	-0	-1
-0	0	1
-0.996735	-0.0807379	0
0.381444	0.0308979	0.923875
0.381426	0.0309057	0.923883
0.996733	0.0807621	0
-0.381444	-0.0309072	-0.923875
-0.381427	-0.0308965	-0.923883
0.0807645	-0.996733	-0
-0.0807688	0.996733	-0
-0.0806761	0.99674	-0
0.0806761	-0.99674	-0

#	Mesh	0	End

