#	Mesh	0	Begin

#	Vertex	40
99.9575	-120.333	-12.7667
99.9548	-120.333	-12.768
100.108	-120.321	-13.1045
100.111	-120.321	-13.1032
99.9874	-120.702	-12.7667
99.9847	-120.702	-12.768
100.138	-120.69	-13.1045
100.141	-120.689	-13.1032
100.167	-120.316	-13.091
100.17	-120.316	-13.091
100.17	-120.316	-12.721
100.167	-120.316	-12.721
100.197	-120.685	-13.091
100.2	-120.685	-13.091
100.2	-120.685	-12.721
100.197	-120.685	-12.721
99.9699	-120.357	-12.7895
100.103	-120.346	-13.0805
100.115	-120.345	-13.0753
100.128	-120.344	-13.0713
100.142	-120.343	-13.0683
100.155	-120.342	-13.0666
100.169	-120.341	-13.066
100.169	-120.341	-12.746
100.128	-120.344	-12.7478
100.087	-120.348	-12.753
100.047	-120.351	-12.7618
100.008	-120.354	-12.774
99.9957	-120.676	-12.7895
100.128	-120.665	-13.0805
100.141	-120.664	-13.0753
100.154	-120.663	-13.0713
100.167	-120.662	-13.0683
100.181	-120.661	-13.0666
100.195	-120.66	-13.066
100.195	-120.66	-12.746
100.154	-120.663	-12.7478
100.113	-120.667	-12.753
100.073	-120.67	-12.7618
100.034	-120.673	-12.774

#	Triangle	53
3	4	7	0	4	3
0	5	4
1	5	0
1	6	5
2	6	1
2	7	6	3	7	2
3	1	0	2	1	3
4	6	7
5	6	4
11	12	15	8	12	11
8	13	12	9	13	8
9	14	13	10	14	9
10	15	14	11	15	10
11	9	8	10	9	11
12	14	15	13	14	12
27	28	39
16	28	27
16	29	28
17	29	16
17	30	29
18	30	17
18	31	30
19	31	18
19	32	31
20	32	19
20	33	32
21	33	20
21	34	33	22	34	21
22	35	34	23	35	22
23	36	35	24	36	23
24	37	36	25	37	24
25	38	37	26	38	25
26	39	38	27	39	26
27	17	16
26	17	27
25	17	26
24	17	25
23	17	24
22	21	23
21	20	23
20	19	23
19	18	23
18	17	23
29	39	28
29	38	39
29	37	38
29	36	37
29	35	36
29	30	35
30	31	35
31	32	35
32	33	35
33	34	35

#	Normal	53
0.906504	0.0734536	0.415759
-0.414376	-0.0335767	0.909486
-0.414456	-0.0335825	0.90945
-0.906503	-0.073452	-0.41576
-0.906504	-0.0734536	-0.415759
0.414456	0.0335832	-0.90945
-0.0802956	0.996771	0.000208572
0.0802956	-0.996771	-0.000208572
0.0826575	-0.996578	0.000851613
-0.996733	-0.0807648	-0
0	-0	-1
0.996733	0.0807648	-0
-0	0	1
-0.0806761	0.99674	-0
0.0806761	-0.99674	-0
-0.375152	-0.0303974	0.926465
-0.375219	-0.0303936	0.926438
-0.906505	-0.073429	-0.415761
-0.906512	-0.0734518	-0.415741
0.375046	0.0303888	-0.926508
0.37503	0.0303868	-0.926514
0.294822	0.0238879	-0.955254
0.294835	0.0238895	-0.95525
0.212035	0.0171805	-0.977111
0.212026	0.0171793	-0.977113
0.127839	0.0103582	-0.991741
0.127845	0.0103589	-0.99174
0.0427284	0.00346214	-0.999081
0.996733	0.0807621	-0
-0.042721	-0.00346154	0.999081
-0.127889	-0.0103625	0.991734
-0.212029	-0.01718	0.977112
-0.294671	-0.0238762	0.955301
-0.0807539	0.996734	-3.4198e-006
-0.0806829	0.99674	1.86536e-005
-0.080825	0.996728	-6.21315e-006
-0.0807947	0.996731	-4.78561e-006
-0.0807645	0.996733	-7.09575e-006
-0.080969	0.996717	-0
-0.0803809	0.996764	-2.52134e-005
-0.0810257	0.996712	2.95901e-005
-0.080517	0.996753	-3.42962e-005
-0.0811403	0.996703	6.7888e-005
0.0807393	-0.996735	-1.13199e-006
0.0806829	-0.99674	-1.86536e-005
0.080825	-0.996728	6.21315e-006
0.0807947	-0.996731	4.78561e-006
0.0807645	-0.996733	7.09575e-006
0.0804762	-0.996757	6.46283e-005
0.0811335	-0.996703	-4.31178e-005
0.0804304	-0.99676	4.51645e-005
0.0809545	-0.996718	6.19049e-007
0.080969	-0.996717	-0

#	Mesh	0	End

