#	Mesh	0	Begin

#	Vertex	24
75.9027	-70.8215	-13.091
75.9027	-70.8215	-13.391
75.8478	-70.1437	-13.391
75.8478	-70.1437	-13.091
75.8997	-70.8217	-13.091
75.8448	-70.1439	-13.091
75.8448	-70.1439	-13.391
75.8997	-70.8217	-13.391
75.8977	-70.7968	-13.116
75.8977	-70.7968	-13.366
75.8468	-70.1689	-13.366
75.8468	-70.1689	-13.116
75.5258	-70.9122	-12.736
75.4612	-70.1148	-12.736
75.4612	-70.1148	-13.366
75.5258	-70.9122	-13.366
75.5282	-70.9421	-12.706
75.5282	-70.9421	-13.396
75.4587	-70.0849	-13.396
75.4587	-70.0849	-12.706
75.5252	-70.9423	-12.706
75.4557	-70.0852	-12.706
75.4557	-70.0852	-13.396
75.5252	-70.9423	-13.396

#	Triangle	15
3	1	2	0	1	3
7	5	6	4	5	7
7	0	4	1	0	7
6	1	7	2	1	6	9	14	10	15	14	9	22	17	23	18	17	22
5	2	6	3	2	5	21	18	22	19	18	21
4	3	5	0	3	4	20	19	21	16	19	20
11	9	10	8	9	11
15	13	14	12	13	15
8	15	9	12	15	8
10	13	11	14	13	10
11	12	8
13	12	11
19	17	18	16	17	19
23	21	22	20	21	23
23	16	20	17	16	23

#	Normal	15
0.996734	0.0807557	0
-0.996733	-0.0807671	0
0.0808859	-0.996723	-0
0	-0	-1
-0.0806761	0.99674	-0
-0	-0	1
0.996734	0.0807546	0
-0.996733	-0.0807613	0
0.296399	-0.955064	-0
0.138778	0.990324	-0
0.704801	0.0571024	0.707103
0.704796	0.0571068	0.707108
0.996734	0.0807598	0
-0.996734	-0.0807598	0
0.0806761	-0.99674	-0

#	Mesh	0	End

