#	Mesh	0	Begin

#	Vertex	63
93.5958	-41.9905	2.096
93.4989	-40.7944	2.096
92.6019	-40.867	2.096
92.6987	-42.0631	2.096
93.5958	-41.9905	-19.373
92.6987	-42.0631	-19.373
92.6019	-40.867	-19.373
93.4989	-40.7944	-19.373
93.5958	-41.9905	-3.41171
93.5958	-41.9905	-3.45046
93.4989	-40.7944	-3.44446
93.4989	-40.7944	-3.40615
92.6019	-40.867	-3.44446
92.6019	-40.867	-3.40615
92.6177	-41.0629	-3.44544
92.6177	-41.0629	-11.386
92.6305	-41.2209	-11.386
92.6305	-41.2209	-16.885
92.6144	-41.0216	-16.885
92.6144	-41.0216	-11.386
92.6019	-40.867	-11.386
92.6019	-40.867	-11.6968
92.6019	-40.867	-12.2968
92.6019	-40.867	-18.3684
92.6987	-42.0631	-18.3708
92.6987	-42.0631	-12.2992
92.6987	-42.0631	-11.6992
92.6987	-42.0631	-4.01171
92.6987	-42.0631	-3.4117
93.5958	-41.9905	-18.3708
93.5958	-41.9905	-12.2992
93.5958	-41.9905	-11.6992
93.5958	-41.9905	-11.386
93.4044	-42.006	-11.386
93.4044	-42.006	-3.45046
92.9022	-42.0467	-11.386
92.9022	-42.0467	-13.885
92.7029	-42.0628	-13.885
92.7029	-42.0628	-11.386
92.6347	-41.2206	-11.386
92.6347	-41.2206	-13.885
92.7344	-41.2125	-13.885
92.8341	-41.2044	-13.885
92.8341	-41.2044	-11.386
93.3362	-41.1638	-11.386
93.5276	-41.1483	-11.386
93.5276	-41.1483	-16.885
92.7344	-41.2125	-16.885
93.5115	-40.9489	-11.386
92.8179	-41.0051	-11.386
92.7182	-41.0132	-16.885
93.5115	-40.9489	-16.885
93.5276	-41.1483	-16.885
93.5115	-40.9489	-16.885
93.3362	-41.1638	-11.386
93.3234	-41.0058	-11.386
93.3234	-41.0058	-3.44544
93.5115	-40.9489	-11.386
93.4989	-40.7944	-11.386
93.4989	-40.7944	-18.3684
93.4989	-40.7944	-12.2968
93.4989	-40.7944	-11.6968
93.5276	-41.1483	-11.386

#	Triangle	39
3	1	2	0	1	3	17	50	18	47	50	17	47	53	50	52	53	47	19	58	20	49	58	19	57	58	49	37	41	40	36	41	37	36	42	41	44	32	62	33	32	44
7	5	6	4	5	7	55	16	15	55	39	16	55	43	39	43	38	39	43	35	38	55	44	43
10	8	9	11	8	10	11	0	8	1	0	11	59	4	7	59	29	4
13	10	12	13	11	10	13	1	11	2	1	13	23	7	6	23	59	7	23	60	59	22	60	23	22	61	60	21	61	22	21	58	61	20	58	21
24	6	5	24	23	6	28	13	12	3	13	28	3	2	13
25	17	24	25	16	17	26	16	25	27	16	26	42	35	43	36	35	42
17	23	24	17	18	23
18	22	23	19	22	18	19	21	22	19	20	21
27	15	16
27	14	15	28	14	27
28	12	14
29	5	4	29	24	5	30	24	29	0	28	8	0	3	28
30	36	24
36	37	24	34	38	35
37	25	24	38	25	37	38	26	25	38	27	26
30	35	36	31	35	30	32	33	31	33	35	31	34	35	33	8	34	9
34	27	38	34	28	27
8	28	34
16	40	17	16	39	40
40	47	17
40	46	47
40	41	46	41	42	46
42	45	46
43	45	42
44	45	43
48	50	51
48	18	50
48	49	18
49	19	18
38	40	39	37	40	38	52	30	29	45	30	52	45	31	30	45	32	31
56	54	55
56	33	54
56	34	33
10	14	12
10	56	14	10	34	56
10	9	34
59	52	29	51	52	59
60	51	59	60	57	51	61	57	60	58	57	61
15	56	55	14	56	15

#	Normal	39
-0	-0	1
-0	-0	-1
0.996738	0.0807031	-0
-0.0807033	0.996738	-0
-0.996738	-0.0807031	-0
-0.996738	-0.0807065	-0
-0.996738	-0.0807031	-1.93943e-006
-0.99674	-0.0806846	0
-0.996739	-0.0806895	1.95862e-006
-0.996738	-0.0807038	0
-0.996738	-0.0807001	0.000111703
0.0807033	-0.996738	-0
0.0806996	-0.996738	5.47225e-007
0.0807047	-0.996738	3.15402e-007
0.081041	-0.996711	-0
0.0807009	-0.996738	-0
0.080704	-0.996738	-1.92235e-007
0.0807033	-0.996738	-1.07312e-005
-0.081041	0.996711	-0
-0.0807182	0.996737	-4.52626e-007
-0.0806965	0.996739	2.7516e-007
-0.0807047	0.996738	-2.18978e-006
-0.0806983	0.996739	-7.0804e-007
-0.0807009	0.996738	-0
0	-0	2.8233e-006
0.0807013	-0.996738	-7.08039e-007
0.0807182	-0.996737	-3.15978e-006
0.0806953	-0.996739	6.07863e-007
0.0807116	-0.996737	-0
0.996738	0.0807065	0
0.996733	0.0807676	0
0.996733	0.080762	1.11694e-007
0.996733	0.0807629	-0
-0.000403531	0.00498387	-0.999987
-0.00040345	0.0049836	-0.999988
-0.000403501	0.00498363	-0.999988
0.996738	0.0807031	1.93943e-006
0.99674	0.0806846	0
-0.0807603	0.996734	-0

#	Mesh	0	End

