#	Mesh	0	Begin

#	Vertex	78
78.2922	-115.466	1.741
79.1892	-115.394	1.741
79.1889	-115.39	1.741
79.1732	-115.391	1.741
79.157	-115.192	1.741
79.1728	-115.19	1.741
79.1474	-114.877	1.741
79.0924	-114.198	1.741
78.3839	-114.255	1.741
78.3846	-114.264	1.741
78.196	-114.279	1.741
78.2639	-115.117	1.741
79.1892	-115.394	-19.473
78.2922	-115.466	-19.473
78.2588	-115.054	-19.473
78.2444	-114.877	-19.473
78.1953	-114.27	-19.473
79.0924	-114.198	-19.473
79.127	-114.625	-19.473
79.1415	-114.804	-19.473
79.0924	-114.198	-18.5142
79.0924	-114.198	-4.40004
79.0924	-114.198	-4.39938
79.0924	-114.198	-3.80004
79.0924	-114.198	-3.79938
79.0924	-114.198	0.646077
79.1728	-115.19	-3.337
79.1889	-115.39	-3.337
79.1892	-115.394	1.73655
79.1892	-115.394	0.636539
79.1892	-115.394	-3.80482
79.1892	-115.394	-4.40482
79.1892	-115.394	-11.4492
79.1892	-115.394	-11.8436
79.1892	-115.394	-12.4436
79.1892	-115.394	-18.516
79.173	-115.193	-11.386
79.173	-115.193	-16.885
79.1891	-115.393	-16.885
79.1891	-115.393	-11.386
78.1953	-114.27	-18.5136
78.1953	-114.27	-12.4405
78.1953	-114.27	-11.8405
78.1953	-114.27	-4.39938
78.1953	-114.27	-4.39828
78.1953	-114.27	-3.79938
78.1953	-114.27	-3.79827
78.1953	-114.27	-3.337
78.3839	-114.255	-3.337
78.8707	-114.216	-3.80446
78.8707	-114.216	-11.386
79.0683	-114.2	-11.386
79.0683	-114.2	-3.80446
78.2922	-115.466	-18.516
78.2922	-115.466	-11.8995
78.2922	-115.466	-11.8428
78.2922	-115.466	-4.40482
78.2922	-115.466	-3.80482
78.2922	-115.466	0.63654
78.2922	-115.466	1.73655
78.196	-114.279	-3.337
78.2759	-115.266	-16.885
78.2759	-115.266	-10.2457
78.2921	-115.465	-10.2461
78.2921	-115.465	-16.885
78.4753	-115.25	-16.885
78.4753	-115.25	-10.2457
78.4914	-115.449	-16.885
78.9095	-114.287	-3.80483
78.9095	-114.287	-11.386
78.4914	-115.449	-10.2461
79.1746	-115.394	-16.885
79.1746	-115.394	-11.386
79.1585	-115.194	-11.386
79.1585	-115.194	-16.885
79.1732	-115.391	-3.337
79.157	-115.192	-3.337
78.3846	-114.264	-3.337

#	Triangle	63
11	9	10	0	9	11	1	3	0	3	9	0	9	7	8	3	4	9	4	7	9	4	6	7	4	5	6	65	64	67	61	64	65	51	50	69	37	71	38	74	71	37	26	75	27	76	75	26	60	48	47	77	48	60
1	2	3
17	15	16	17	14	15	17	13	14	17	18	13	18	19	13	19	12	13	39	73	36	72	73	39
20	18	17
20	19	18
20	12	19
20	35	12	21	30	31	22	30	21	23	30	22
20	37	35
37	38	35
38	34	35	39	34	38	39	33	34	39	32	33	39	31	32
21	37	20	21	36	37
21	39	36
21	31	39
23	26	30
26	27	30
27	29	30	2	29	27	2	28	29
24	26	23	25	26	24	25	5	26
7	6	25
6	5	25
2	1	28
40	17	16	40	20	17	40	50	20	45	24	23
50	51	20
51	21	20	52	21	51	52	23	22
41	50	40	42	50	41	43	50	42	43	49	50	44	49	43	45	49	44
52	22	21
45	52	49
45	23	52
45	48	24
48	25	24	8	25	48	8	7	25
46	48	45	47	48	46
53	14	13
53	15	14
53	16	15
53	40	16	57	43	56	57	44	43	57	45	44	58	45	57	58	46	45
54	64	53	54	63	64	56	63	55
64	40	53
64	61	40
61	41	40	62	41	61	62	42	41	62	43	42
55	63	54
56	62	63
56	43	62
58	60	46
60	47	46
58	10	60	59	10	58
0	11	59
11	10	59
35	13	12	35	53	13	34	53	35	34	54	53	33	54	34	33	55	54	32	55	33	32	56	55	31	56	32	30	56	31	30	57	56	29	57	30	29	58	57	28	58	29	28	59	58	1	59	28	1	0	59
66	61	65	62	61	66
49	69	50	68	69	49
51	68	52	69	68	51
70	65	67	66	65	70
38	72	39	71	72	38
36	74	37	73	74	36
73	71	74	72	71	73
27	3	2	75	3	27
5	76	26	4	76	5
3	76	4	75	76	3
62	70	63
66	70	62
52	68	49
48	9	8	77	9	48
10	77	60	9	77	10
63	67	64	70	67	63

#	Normal	63
-0	-0	1
-0	-0	6.30665e-005
-0	-0	-1
0.996738	0.0807096	0
0.996741	0.0806669	1.91692e-005
0.996738	0.0807094	-7.92668e-006
0.996738	0.0807031	-0
0.996738	0.0807031	2.34252e-006
0.996738	0.0807047	2.14763e-006
0.996501	0.0835775	-0
0.996738	0.0806993	0
0.996738	0.0807047	-7.72177e-007
0.996738	0.0807031	-5.02034e-007
0.996738	0.0807031	-5.56532e-006
0.996738	0.0807047	-6.24302e-006
0.996797	0.0799778	-0
0.996738	0.0807057	0
0.996738	0.0807008	0
0.996737	0.0807163	9.67874e-006
1.77558e-005	1.42463e-006	-0
-0.0807033	0.996738	-0
-0.0806709	0.996741	5.22586e-007
-0.0808245	0.996728	-0
-0.0807084	0.996738	-0
-1.29509e-006	1.5971e-005	-0
-0.0806699	0.996728	0.00501631
-0.0807038	0.996738	-0.000661657
-0.0807033	0.996738	-4.80288e-006
-0.0807002	0.996738	-0
-0.080715	0.996737	-0
-0.996738	-0.0807083	-0
-0.996737	-0.0807121	-1.66058e-006
-0.996739	-0.080697	7.71326e-006
-0.996738	-0.0807031	0
-0.996501	-0.0835775	-0
-0.996738	-0.0807031	-2.14881e-006
-0.996738	-0.0807047	-3.31236e-006
-0.996738	-0.0806993	0
-6.86155e-005	-5.75484e-006	-0
-0.996738	-0.0807047	5.9968e-007
-0.996738	-0.0807031	6.5392e-007
-0.996736	-0.0807326	-7.99514e-006
-0.99677	-0.0803127	0
-0.996738	-0.080706	0
-0.996738	-0.0807094	-0
-0.996738	-0.0807046	-0.000382515
0.0807033	-0.996738	-0
0.080689	-0.996739	-0
0.877248	0.480037	0
-0.480104	0.877212	-0
-0.996738	-0.0807047	-0
-0.0810898	0.996707	-0
0.0805563	-0.99675	-0
0.996738	0.0807015	0
-0.0808692	0.996725	-0
0.0807893	-0.996731	-0
0.996732	0.0807823	0
-0.00016601	0.0019902	-0.999998
-0.000161538	0.00199546	-0.999998
-0.000403163	0.00498134	-0.999988
-0.996698	-0.0811992	0
-0.0807117	0.996737	-0
-0.080689	0.996739	-0

#	Mesh	0	End

