#	Mesh	0	Begin

#	Vertex	69
89.2934	-114.574	1.741
89.2922	-114.559	1.741
89.2269	-113.752	1.741
89.1966	-113.378	1.741
88.2995	-113.451	1.741
88.347	-114.037	1.741
88.3854	-114.511	1.741
88.3964	-114.647	1.741
89.2934	-114.574	-19.473
88.3964	-114.647	-19.473
88.3706	-114.329	-19.473
88.3488	-114.059	-19.473
88.3267	-113.786	-19.473
88.2995	-113.451	-19.473
89.1966	-113.378	-19.473
89.2238	-113.715	-19.473
89.2458	-113.986	-19.473
89.268	-114.26	-19.473
89.2934	-114.574	-3.80177
89.2934	-114.574	-4.40178
89.2934	-114.574	-11.8635
89.2934	-114.574	-12.4635
89.2934	-114.574	-18.515
89.1966	-113.378	-18.5148
89.1966	-113.378	-18.5144
89.1966	-113.378	-12.427
89.1966	-113.378	-12.1624
89.1966	-113.378	-11.827
89.1966	-113.378	-11.4624
89.1966	-113.378	-4.39967
89.1966	-113.378	-4.39389
89.1966	-113.378	-3.79966
89.1966	-113.378	-3.79389
89.1966	-113.378	0.644734
89.1966	-113.378	0.651511
88.2995	-113.451	-18.5148
88.2995	-113.451	-18.5144
88.2995	-113.451	-12.4269
88.2995	-113.451	-11.8269
88.2995	-113.451	-4.39664
88.2995	-113.451	-4.39508
88.2995	-113.451	-3.79663
88.2995	-113.451	-3.79508
88.2995	-113.451	0.646689
88.2995	-113.451	0.651067
88.3094	-113.45	-3.80446
88.3094	-113.45	-11.386
88.4006	-113.443	-11.386
88.4006	-113.443	-3.80446
88.3964	-114.647	-18.515
88.3964	-114.647	-12.4635
88.3964	-114.647	-11.8661
88.3964	-114.647	-11.8635
88.3964	-114.647	-11.8272
88.3964	-114.647	-11.5196
88.3964	-114.647	-4.40178
88.3964	-114.647	-3.8424
88.3964	-114.647	-3.80249
88.3964	-114.647	-3.80177
88.6957	-114.623	-18.6812
88.6957	-114.623	-11.386
88.9948	-114.599	-11.386
88.9948	-114.599	-18.6812
88.604	-113.491	-18.6812
88.604	-113.491	-11.386
88.903	-113.466	-11.386
88.903	-113.466	-18.6812
88.3422	-113.49	-3.80467
88.3422	-113.49	-11.386

#	Triangle	38
5	3	4	6	3	5	7	3	6	0	1	7	1	2	7	2	3	7	62	63	59	66	63	62	47	46	68
14	12	13	14	11	12	14	10	11	14	9	10	14	15	9	15	16	9	16	17	9	17	8	9	60	65	61	64	65	60
23	15	14
23	16	15
23	17	16
23	8	17
23	22	8	23	21	22	24	21	23	25	21	24	25	20	21	26	20	25	27	20	26	27	19	20	28	19	27	29	19	28	29	18	19	30	18	29	31	18	30	31	0	18	32	0	31	33	0	32	34	0	33
3	2	34
2	1	34
1	0	34
35	14	13	35	23	14	36	23	35	36	24	23	36	25	24	37	25	36	37	26	25	38	26	37	38	27	26	38	28	27	41	32	31	42	32	41	43	32	42	43	33	32	43	34	33	44	34	43	4	34	44	4	3	34
39	46	38	39	45	46	41	45	40
46	28	38
46	47	28
47	29	28	48	29	47	48	30	29	48	31	30
40	45	39
45	31	48
41	31	45
49	10	9
49	11	10
49	12	11
49	13	12
49	35	13	50	35	49	50	36	35	50	37	36	51	37	50	51	38	37	52	38	51	53	38	52	54	38	53	54	39	38	55	39	54	56	39	55	56	40	39	56	41	40	57	41	56	58	41	57	7	41	58	7	42	41	7	43	42	7	44	43
7	6	44
6	5	44
5	4	44
22	9	8	19	60	61	18	55	19	18	56	55	18	57	56	18	58	57	0	58	18	0	7	58
22	62	9
62	59	9
59	49	9	60	49	59	60	50	49	60	51	50	60	52	51	60	53	52	60	54	53	60	55	54
22	61	62	21	61	22	20	61	21	19	61	20
19	55	60
59	64	60	63	64	59
61	66	62	65	66	61
65	63	66	64	63	65
45	68	46	67	68	45
47	67	48	68	67	47
48	67	45

#	Normal	38
-0	-0	1
-0	-0	-1
0.996739	0.0806891	0
0.996738	0.0807027	-4.80227e-006
0.99674	0.0806868	5.32657e-006
0.996738	0.0807081	-1.4405e-005
0.996739	0.0806966	-0
0.996739	0.0806962	0
0.996739	0.0806949	-4.64951e-007
0.99673	0.0808021	0.000116569
-0.0807026	0.996738	-0
-0.0809002	0.996722	-0
-0.0807008	0.996738	-4.51477e-006
-0.0806852	0.99674	0.000177612
-0.0807021	0.996738	-0
-1.2534e-006	1.54423e-005	-0
-0.0806849	0.996736	-0.00282599
-0.0807017	0.996738	0.000252954
-0.996739	-0.0806968	-0
-0.996738	-0.0806999	-1.03437e-006
-0.996737	-0.0807192	-1.30004e-005
-0.996739	-0.0806986	5.62291e-006
-0.996738	-0.0807031	0
-0.996737	-0.080719	-1.75766e-005
-0.996738	-0.0807002	8.13363e-007
-0.996738	-0.0807017	0
0.0807033	-0.996738	-0
0.0806782	-0.99674	2.36709e-005
0.0807026	-0.996738	5.09848e-006
0.080716	-0.996737	-0
0.0806913	-0.996739	-0
0.0807033	-0.996738	-5.47898e-007
0.996734	0.0807607	-0
-0.996733	-0.0807664	-0
0.0807564	-0.996734	-0
0.775049	0.631901	0
-0.631825	0.775111	-0
-0.00040326	0.00498165	-0.999988

#	Mesh	0	End

