#	Mesh	0	Begin

#	Vertex	52
89.9794	-123.047	1.721
89.8825	-121.851	1.721
88.9855	-121.923	1.721
89.0823	-123.119	1.721
89.9794	-123.047	-19.473
89.0823	-123.119	-19.473
88.9855	-121.923	-19.473
89.8825	-121.851	-19.473
89.9794	-123.047	1.69953
89.9794	-123.047	0.599519
89.9794	-123.047	-3.84216
89.9794	-123.047	-4.44217
89.9794	-123.047	-11.8358
89.9794	-123.047	-12.4358
89.9794	-123.047	-18.515
89.8825	-121.851	-18.515
89.8825	-121.851	-12.4397
89.8825	-121.851	-11.8397
89.8825	-121.851	-4.43647
89.8825	-121.851	-3.83646
89.8825	-121.851	0.605129
89.8825	-121.851	1.70514
88.9855	-121.923	-18.515
88.9855	-121.923	-12.4397
88.9855	-121.923	-11.8397
88.9855	-121.923	-4.43647
88.9855	-121.923	-3.83646
88.9855	-121.923	0.60513
88.9855	-121.923	1.70514
89.2853	-121.899	-11.386
89.2853	-121.899	-18.6812
89.5843	-121.875	-18.6812
89.5843	-121.875	-11.386
89.0823	-123.119	-18.515
89.0823	-123.119	-12.4358
89.0823	-123.119	-11.8358
89.0823	-123.119	-4.44217
89.0823	-123.119	-3.84216
89.0823	-123.119	0.599519
89.0823	-123.119	1.69953
89.2816	-123.103	-18.5347
89.2816	-123.103	-11.386
89.78	-123.063	-11.386
89.78	-123.063	-18.5347
89.2856	-121.903	-11.386
89.2856	-121.903	-18.6812
89.5846	-121.879	-18.6812
89.5846	-121.879	-11.386
89.2816	-123.102	-18.5347
89.2816	-123.102	-11.386
89.78	-123.062	-11.386
89.78	-123.062	-18.5347

#	Triangle	21
3	1	2	0	1	3	30	46	31	45	46	30	43	48	40	51	48	43
7	5	6	4	5	7	32	44	29	47	44	32	41	50	42	49	50	41
15	4	7	15	14	4	16	14	15	16	13	14	17	13	16	17	12	13	18	12	17	18	11	12	18	10	11	19	10	18	19	9	10	20	9	19	20	8	9	21	8	20	21	0	8	1	0	21
22	7	6	25	32	29	25	18	32	25	19	18	26	19	25	26	20	19	27	20	26	27	21	20	28	21	27	28	1	21	2	1	28
22	30	7
30	31	7
31	15	7	32	15	31	32	16	15	32	17	16	32	18	17
22	29	30	23	29	22	24	29	23	25	29	24
33	6	5	33	22	6	34	22	33	34	23	22	34	24	23	35	24	34	35	25	24	36	25	35	37	25	36	37	26	25	38	26	37	38	27	26	39	27	38	39	28	27	3	28	39	3	2	28
14	5	4	11	36	41	10	36	11	10	37	36	9	37	10	9	38	37	8	38	9	8	39	38	0	39	8	0	3	39
14	43	5
43	40	5
40	33	5	41	33	40	41	34	33	41	35	34	41	36	35
14	42	43	13	42	14	12	42	13	11	42	12
11	41	42
29	45	30	44	45	29
31	47	32	46	47	31
46	44	47	45	44	46
40	49	41	48	49	40
42	51	43	50	51	42
50	48	51	49	48	50

#	Normal	21
-0	-0	1
-0	-0	-1
0.996738	0.0807031	0
-0.0807033	0.996738	-0
-0.0806923	0.996739	1.03511e-005
-0.0807026	0.996738	2.5432e-006
-0.0807093	0.996738	-0
-0.080698	0.996739	-0
-0.996738	-0.0807031	-0
0.0807033	-0.996738	-0
0.0807372	-0.996735	-3.19637e-005
0.0806879	-0.996739	4.93201e-006
0.080711	-0.996738	-0
0.0807341	-0.996736	-0
0.0806879	-0.996739	1.33397e-006
0.996678	0.0814406	0
-0.996797	-0.0799778	0
-0.0807823	0.996732	-0
0.997054	0.0766965	-0
-0.997317	-0.0731976	-0
0.0807655	-0.996733	-0

#	Mesh	0	End

