#	Mesh	0	Begin

#	Vertex	171
71.6304	114.045	-15.7132
71.6279	114.066	-15.7103
71.6255	114.086	-15.7019
71.6234	114.104	-15.6885
71.6219	114.117	-15.6711
71.6209	114.125	-15.6508
71.6205	114.128	-15.629
71.6209	114.125	-15.6073
71.6219	114.117	-15.587
71.6234	114.104	-15.5695
71.6255	114.086	-15.5562
71.6279	114.066	-15.5477
71.6304	114.045	-15.5449
71.633	114.023	-15.5477
71.6354	114.003	-15.5562
71.6374	113.986	-15.5695
71.639	113.972	-15.587
71.64	113.964	-15.6073
71.6403	113.961	-15.629
71.64	113.964	-15.6508
71.639	113.972	-15.6711
71.6374	113.986	-15.6885
71.6354	114.003	-15.7019
71.633	114.023	-15.7103
71.5147	113.877	-15.7103
71.5349	113.879	-15.7019
71.5523	113.881	-15.6885
71.5656	113.882	-15.6711
71.5739	113.883	-15.6508
71.5768	113.883	-15.629
71.5739	113.883	-15.6073
71.5656	113.882	-15.587
71.5523	113.881	-15.5695
71.5349	113.879	-15.5562
71.5147	113.877	-15.5477
71.493	113.875	-15.5449
71.4713	113.873	-15.5477
71.4511	113.872	-15.5562
71.4337	113.87	-15.5695
71.4204	113.869	-15.587
71.412	113.868	-15.6073
71.4092	113.868	-15.629
71.412	113.868	-15.6508
71.4204	113.869	-15.6711
71.4337	113.87	-15.6885
71.4511	113.872	-15.7019
71.4713	113.873	-15.7103
71.493	113.875	-15.7132
71.5819	114.105	-15.5819
71.5714	114.087	-15.5665
71.569	114.116	-15.629
71.4465	114.019	-15.629
71.4633	114.04	-15.6125
71.4798	114.061	-15.629
71.5724	114.113	-15.6027
71.5927	114.029	-15.5451
71.5859	114.004	-15.5488
71.6136	114.011	-15.5502
71.6046	113.971	-15.5735
71.5041	114.078	-15.6068
71.5381	114.09	-15.5869
71.5368	114.098	-15.6044
71.5213	114.093	-15.629
71.616	113.962	-15.5933
71.4892	114.019	-15.5607
71.4595	114.003	-15.5746
71.4611	113.969	-15.5596
71.4439	113.964	-15.572
71.439	113.924	-15.5665
71.5924	114.052	-15.5464
71.513	113.955	-15.5451
71.5414	113.976	-15.5468
71.5259	114	-15.5453
71.5851	114.072	-15.5534
71.5733	113.919	-15.5914
71.5585	114.009	-15.5451
71.5973	113.946	-15.6016
71.6139	113.953	-15.629
71.5319	114.056	-15.5596
71.499	114.051	-15.5746
71.6039	113.989	-15.5593
71.5684	113.976	-15.5541
71.5849	113.971	-15.5631
71.4346	113.992	-15.6068
71.4229	113.972	-15.629
71.5013	113.982	-15.5468
71.5141	114.019	-15.5506
71.486	113.989	-15.5523
71.457	113.914	-15.5534
71.5221	113.899	-15.5502
71.5003	113.915	-15.5451
71.4781	113.911	-15.5464
71.59	113.952	-15.5835
71.4103	113.921	-15.629
71.4142	113.918	-15.6027
71.4202	113.957	-15.6098
71.4236	113.91	-15.5819
71.4296	113.956	-15.5869
71.5559	113.933	-15.5643
71.5422	113.915	-15.5592
71.5589	113.913	-15.5739
71.5235	113.927	-15.5488
71.5797	113.91	-15.629
71.5781	113.913	-15.6097
71.5927	113.935	-15.629
71.5519	114.038	-15.5476
71.5452	113.948	-15.5536
71.4798	114.026	-15.5714
71.4688	114.035	-15.5918
71.5729	113.95	-15.569
71.4832	113.954	-15.5476
71.5331	114.074	-15.572
71.5046	114.069	-15.589
71.4473	114.003	-15.5906
71.6117	113.991	-15.698
71.5973	113.946	-15.6564
71.616	113.962	-15.6648
71.5927	114.029	-15.713
71.6049	113.971	-15.6845
71.5901	113.952	-15.6745
71.6136	114.011	-15.7079
71.5819	114.105	-15.6762
71.5724	114.113	-15.6554
71.5003	113.915	-15.713
71.5235	113.927	-15.7092
71.5221	113.899	-15.7079
71.5859	114.004	-15.7092
71.5832	113.979	-15.7
71.5653	113.984	-15.7076
71.5714	114.087	-15.6916
71.5127	113.953	-15.713
71.5381	114.09	-15.6712
71.5041	114.078	-15.6513
71.5358	114.099	-15.6483
71.5565	114.009	-15.713
71.5734	113.951	-15.689
71.4754	114.03	-15.68
71.4688	114.035	-15.6663
71.4963	114.063	-15.6675
71.5924	114.052	-15.7117
71.5851	114.072	-15.7046
71.5319	114.056	-15.6984
71.5733	113.919	-15.6667
71.5815	113.921	-15.6485
71.5422	113.915	-15.6989
71.4236	113.91	-15.6762
71.439	113.924	-15.6916
71.4781	113.911	-15.7117
71.4633	114.04	-15.6456
71.5331	114.074	-15.6861
71.5589	113.913	-15.6842
71.457	113.914	-15.7046
71.4611	113.969	-15.6984
71.4832	113.954	-15.7105
71.4346	113.992	-15.6513
71.4215	113.956	-15.6537
71.4296	113.956	-15.6712
71.5414	113.976	-15.7112
71.5156	113.987	-15.7127
71.4892	114.019	-15.6973
71.499	114.051	-15.6834
71.4142	113.918	-15.6554
71.4595	114.003	-15.6834
71.5523	113.954	-15.703
71.528	114.015	-15.7113
71.4943	113.994	-15.7075
71.5178	114.028	-15.7058
71.5519	114.038	-15.7105
71.4439	113.964	-15.6861
71.556	113.933	-15.6938
71.4432	113.993	-15.669

#	Triangle	327
1	23	0
2	23	1	11	13	14
2	22	23	11	14	10
3	22	2	10	14	15
3	21	22	10	15	9
4	21	3	9	15	16
4	20	21	9	16	8
5	20	4
5	19	20
6	19	5	7	17	18
6	18	19	7	18	6
8	17	7
8	16	17
12	13	11
24	46	47	35	36	34
25	46	24	34	36	37
25	45	46	34	37	33
26	45	25
26	44	45
27	44	26
27	43	44
28	43	27
28	42	43
29	42	28
29	41	42
30	41	29
30	40	41
31	40	30
31	39	40
32	39	31
32	38	39
33	38	32
33	37	38
49	9	48
50	7	6
53	51	52
7	54	8
7	50	54
57	55	56
9	8	48
16	15	58
61	59	60
62	59	61
10	9	49
16	63	17
66	64	65
66	67	68
53	59	62
12	11	69
72	70	71
57	14	13
73	10	49
30	74	31
75	56	55
63	76	17
18	17	77
76	77	17
37	68	38
79	64	78
82	80	81
84	83	51
15	80	58
87	85	86
88	68	37
90	34	89
35	91	36
76	63	92
94	93	40
95	93	94
80	15	14
90	35	34
76	92	74
39	94	40
97	96	68
96	39	38
39	96	94
60	48	54
95	97	83
41	40	93
100	98	99
62	61	50
90	101	70
103	29	102
74	30	103
104	76	103
105	73	78
77	76	104
36	88	37
32	100	99
74	103	76
106	101	99
65	107	108
80	56	81
11	10	73
89	99	101
33	89	34
55	13	12
66	68	88
84	95	83
100	32	31
99	33	32
106	109	81
71	70	101
110	91	90
12	69	55
75	105	72
49	78	73
105	69	73
60	111	49
86	78	64
36	91	88
66	110	87
88	110	66
64	107	65
8	54	48
60	49	48
38	68	96
97	94	96
14	57	80
81	56	71
100	31	74
74	109	100
106	71	101
109	58	82
35	90	91
110	88	91
11	73	69
105	55	69
56	75	71
70	110	90
105	86	72
85	70	72
53	52	59
79	112	108
113	97	67
52	83	113
78	49	111
60	59	112
108	113	65
97	68	67
98	106	99
81	71	106
55	105	75
72	71	75
105	78	86
64	87	86
64	66	87
110	85	87
110	70	85
72	86	85
63	16	58
109	92	58
63	58	92
109	74	92
51	83	52
108	59	52
33	99	89
101	90	89
13	55	57
56	80	57
30	29	103
104	103	102
60	112	111
111	79	78
67	66	65
65	113	67
98	100	109
109	106	98
58	80	82
82	81	109
61	60	54
50	61	54
84	93	95
94	97	95
59	108	112
79	111	112
107	64	79
79	108	107
108	52	113
83	97	113
114	22	21
116	19	115
117	0	23
119	118	116
120	23	22
117	23	120
19	18	77
4	121	122
19	77	115
125	123	124
128	126	127
2	129	3
130	124	123
21	20	118
5	4	122
133	131	132
5	50	6
134	126	128
121	4	3
135	127	118
133	132	62
117	126	134
123	24	47
5	122	50
50	122	133
138	136	137
0	139	1
121	129	131
141	129	140
62	132	53
77	104	115
19	116	20
28	142	143
114	118	127
29	28	143
143	104	102
1	140	2
115	143	142
125	144	25
146	44	145
147	47	46
51	53	148
141	149	129
25	24	125
27	26	150
26	25	144
153	151	152
151	45	146
155	84	154
154	156	155
158	134	157
141	159	160
140	129	2
44	146	45
42	161	43
162	159	152
42	41	93
46	45	151
156	145	161
93	161	42
157	128	163
43	145	44
166	164	165
51	154	84
144	150	26
28	27	142
135	119	142
84	155	93
167	139	117
47	147	123
130	153	158
157	163	124
142	150	135
1	139	140
141	167	166
140	167	141
162	136	159
146	152	151
153	147	151
156	168	146
165	152	159
163	127	135
114	126	120
3	129	121
131	122	121
43	161	145
156	146	145
144	169	150
150	142	27
135	169	163
144	124	163
0	117	139
167	140	139
46	151	147
153	123	147
124	130	157
134	167	117
153	165	158
164	134	158
138	131	149
148	132	138
51	148	154
162	170	137
138	160	136
131	129	149
152	146	168
156	154	170
123	153	130
158	157	130
153	152	165
159	166	165
159	141	166
167	164	166
167	134	164
158	165	164
115	119	116
116	118	20
115	142	119
135	118	119
21	118	114
127	126	114
53	132	148
137	154	148
22	114	120
126	117	120
24	123	125
124	144	125
115	104	143
29	143	102
149	141	160
160	138	149
156	170	168
168	162	152
127	163	128
157	134	128
144	163	169
169	135	150
62	50	133
122	131	133
155	156	161
93	155	161
137	148	138
132	131	138
160	159	136
136	162	137
154	137	170
162	168	170

#	Normal	327
0.993075	0.117476	0.00119251
0.993076	0.117476	-0.000185853
0.99308	0.117439	9.62022e-005
0.99308	0.117439	3.46563e-005
0.993079	0.117447	-2.45071e-005
0.993079	0.117447	-2.27489e-005
0.99308	0.117441	1.85741e-005
0.99308	0.117441	-0.000160462
0.993079	0.117449	-0.000218631
0.993079	0.117449	-1.76003e-005
0.993079	0.117445	1.70014e-005
0.993079	0.117449	0.000163635
0.99308	0.117441	0.000221804
0.993075	0.117476	-0.00119251
0.088951	-0.996036	-0
0.088951	-0.996036	-2.96672e-005
0.0889451	-0.996037	1.5359e-005
0.0889451	-0.996037	-0.000245814
0.0889552	-0.996036	-0.00032285
0.0889552	-0.996036	0.00032493
0.0889794	-0.996033	0.000140232
0.0889794	-0.996033	-0.000293608
0.0889541	-0.996036	-0.000100337
0.0889541	-0.996036	0.000111914
0.088941	-0.996037	0.00021174
0.088941	-0.996037	-0.000113646
0.0889541	-0.996036	-0.000213467
0.0889541	-0.996036	0.000283067
0.0889794	-0.996033	8.9795e-005
0.0889794	-0.996033	-0.00030627
0.0889552	-0.996036	-0.000121573
0.0889552	-0.996036	0.000259032
0.0889451	-0.996036	0.000336068
-0.179032	0.700969	0.690355
-0.223948	0.965949	0.129579
-0.776318	0.630241	0.011247
-0.195263	0.903598	0.381292
-0.231699	0.961146	0.150044
0.0928432	-0.172265	0.980666
-0.151403	0.779573	0.607736
0.255483	-0.757735	0.600471
-0.506522	0.769572	0.388837
-0.528501	0.831123	0.17298
-0.140018	0.595037	0.791408
0.270942	-0.885444	0.377597
-0.540686	0.323562	0.776509
-0.605177	0.179762	0.77553
-0.618273	0.782861	0.0697721
-0.0136875	0.129828	0.991442
0.0742368	-0.0153959	0.997122
0.107906	-0.37178	0.922028
-0.145619	0.558014	0.816955
0.91647	-0.145082	0.372871
0.100072	-0.174081	0.979633
0.375398	-0.729122	0.572239
0.303031	-0.944348	0.127979
0.382749	-0.923592	0.0219244
-0.611043	0.0148669	0.791458
-0.427574	0.462696	0.77659
0.304968	-0.507135	0.806107
-0.893112	0.444419	0.0695845
0.172539	-0.613928	0.770274
-0.254082	0.185895	0.94915
-0.57606	0.0279137	0.816931
0.246541	0.0248921	0.968813
-0.129887	-0.0132483	0.99144
0.481056	-0.771439	0.416494
-0.988213	0.0294571	0.150227
-0.970084	0.17997	0.162935
0.180703	-0.587946	0.788458
0.132753	-0.0195521	0.990956
0.749082	-0.492347	0.44325
-0.92445	0.00562974	0.381262
-0.770027	0.166083	0.616015
-0.794056	-0.0119851	0.607727
-0.907782	0.0198059	0.418975
-0.33858	0.822578	0.456868
-0.873197	0.325478	0.362755
-0.991354	0.0207997	0.129559
0.622526	-0.256518	0.739365
-0.431176	0.896741	0.0997161
0.190385	-0.0611821	0.979801
0.99019	-0.103092	0.0943162
0.951932	-0.106968	0.287024
0.85824	-0.508595	0.0689582
-0.21117	0.36468	0.906871
0.626849	-0.750453	0.209477
-0.38359	-0.00572518	0.923486
0.65899	-0.0350253	0.751336
0.761087	-0.527448	0.377551
0.375825	-0.184332	0.908173
-0.663651	0.485026	0.569488
0.254438	-0.326818	0.910193
-0.0731511	0.37651	0.92352
0.44833	-0.0637064	0.891595
0.386097	-0.0292951	0.921993
0.0464085	-0.125949	0.990951
-0.530588	0.133675	0.837023
-0.918912	0.361488	0.157883
0.794479	-0.083729	0.601491
0.612525	-0.0599868	0.788172
0.472463	-0.381706	0.794405
0.126967	-0.0861878	0.988155
-0.064806	0.0367146	0.997222
-0.0280333	0.0562339	0.998024
-0.0303357	0.0787258	0.996435
-0.239786	0.491798	0.837041
-0.127344	0.289487	0.948673
-0.329923	0.703852	0.629081
-0.349813	0.372079	0.85976
-0.31563	0.0216961	0.948634
-0.388257	0.150284	0.909214
-0.400217	0.131771	0.906897
-0.551112	0.364921	0.750406
-0.205802	0.884205	0.419317
-0.320626	0.719678	0.615842
-0.72264	0.0312877	0.690516
-0.874735	0.162519	0.456537
0.0896442	-0.408948	0.908144
0.238586	-0.318315	0.917471
0.786283	-0.0896629	0.611326
0.781817	-0.356223	0.51173
0.36266	-0.168882	0.916491
0.412806	-0.455624	0.788668
-0.0608035	0.0158934	0.998023
-0.309475	0.0652151	0.948669
-0.0860221	0.304452	0.948635
-0.0492319	0.0558818	0.997223
0.113275	-0.111226	0.987318
-0.0857659	0.0272436	0.995943
-0.16214	0.166373	0.972641
-0.0784163	0.0287788	0.996505
-0.681083	0.704595	0.199176
-0.608193	0.606173	0.5125
-0.76407	0.335718	0.5509
-0.805248	0.51805	0.288444
-0.300335	0.555457	0.775414
-0.506635	0.769325	0.389179
-0.695057	0.477308	0.537655
-0.756675	0.178224	0.629031
0.553088	-0.184128	0.812521
0.249598	-0.192013	0.949122
-0.0449281	0.0753304	0.996146
0.0105263	-0.0581444	0.998253
-0.242292	0.333588	0.911051
-0.36062	0.289836	0.886538
-0.47371	0.28682	0.832667
-0.273298	0.146908	0.950645
-0.0856781	0.0255267	0.995996
-0.172332	0.159964	0.971964
0.217869	-0.839136	0.498381
0.513122	-0.658017	0.551107
0.491405	-0.654138	0.574999
0.591404	-0.463489	0.659864
-0.829466	0.521943	0.198901
-0.667665	0.671923	0.320535
0.412886	-0.00840341	0.910744
0.187613	-0.0554835	0.980675
0.0263002	-0.246438	0.968802
0.155428	-0.429965	0.889366
0.983985	-0.124346	0.127714
0.875232	-0.465727	0.130642
-0.46429	0.6836	0.56314
-0.419354	0.534693	0.733653
-0.609306	0.300804	0.733665
-0.743586	0.344607	0.572997
0.526393	-0.297898	0.796346
0.486694	-0.247842	0.837677
0.379667	-0.571305	0.727642
0.342533	-0.429157	0.83576
-0.369123	0.834852	0.408375
-0.388026	0.906993	0.163706
-0.969645	0.238798	0.0525732
-0.903836	0.208415	0.37369
-0.656147	0.671047	0.345205
-0.479299	0.638318	0.602347
-0.470369	0.464415	0.750381
-0.61099	0.549875	0.569498
-0.785659	0.528843	0.321036
-0.8358	0.352647	0.420807
0.16639	-0.590562	-0.789653
0.375393	-0.729098	-0.572273
0.0464085	-0.125949	-0.990951
0.491183	-0.656025	-0.573036
0.107906	-0.37178	-0.922028
0.0263002	-0.246438	-0.968802
0.303031	-0.944348	-0.127979
-0.205802	0.884205	-0.419317
0.382749	-0.923592	-0.0219244
0.187613	-0.0554835	-0.980675
0.279298	-0.358319	-0.890842
-0.140018	0.595037	-0.791408
0.19087	-0.0621793	-0.979644
0.254114	-0.758083	-0.600613
-0.195263	0.903598	-0.381292
-0.497747	0.787839	-0.362709
-0.223948	0.965949	-0.129579
0.0978445	-0.180112	-0.978768
-0.151403	0.779573	-0.607736
0.407389	-0.451945	-0.793587
-0.542325	0.825157	-0.158113
0.0989526	-0.1738	-0.979797
0.132753	-0.0195521	-0.990956
-0.231699	0.961146	-0.150044
-0.375474	0.912432	-0.162745
-0.615133	0.587928	-0.525311
-0.0136875	0.129828	-0.991442
-0.320626	0.719678	-0.615842
-0.239786	0.491798	-0.837041
-0.618273	0.782861	-0.0697721
0.626849	-0.750453	-0.209477
0.270927	-0.885448	-0.377598
0.907305	-0.153381	-0.3915
0.305642	-0.611522	-0.729811
0.975127	-0.182446	-0.125863
0.868503	-0.462147	-0.179229
-0.0731511	0.37651	-0.92352
0.771016	-0.574933	-0.273836
0.412886	-0.00840341	-0.910744
-0.72264	0.0312877	-0.690516
-0.129887	-0.0132483	-0.99144
-0.776318	0.630241	-0.011247
-0.300335	0.555457	-0.775414
0.386097	-0.0292951	-0.921993
0.794479	-0.083729	-0.601491
0.612525	-0.0599868	-0.788172
-0.400217	0.131771	-0.906897
-0.57606	0.0279137	-0.816931
-0.921955	0.34653	-0.172961
-0.857307	0.337674	-0.388589
0.0303149	-0.0694922	-0.997122
-0.427576	0.462678	-0.7766
-0.145619	0.558014	-0.816955
-0.611043	0.0148669	-0.791458
-0.92445	0.00562974	-0.381262
-0.540668	0.323568	-0.776519
-0.991354	0.0207997	-0.129559
-0.38359	-0.00572518	-0.923486
-0.874735	0.162519	-0.456537
-0.988213	0.0294571	-0.150227
0.21928	-0.241595	-0.945277
-0.794056	-0.0119851	-0.607727
-0.234103	0.210574	-0.949134
-0.893112	0.444419	-0.0695845
0.65899	-0.0350253	-0.751336
0.91647	-0.145082	-0.372871
0.591694	-0.463507	-0.65959
-0.966143	0.237935	-0.0997707
-0.0492319	0.0558818	-0.997223
-0.0608035	0.0158934	-0.998023
-0.0832988	0.0135397	-0.996433
0.354186	-0.16596	-0.920331
0.781269	-0.359994	-0.509924
-0.0860221	0.304452	-0.948635
-0.226836	0.349169	-0.90919
-0.21117	0.36468	-0.906871
-0.561893	0.413871	-0.716231
-0.530588	0.133675	-0.837023
-0.309475	0.0652151	-0.948669
-0.756675	0.178224	-0.629031
-0.436042	0.266072	-0.859693
0.441812	-0.455736	-0.772727
0.158279	-0.442142	-0.882869
-0.179032	0.700969	-0.690355
-0.33858	0.822578	-0.456868
-0.907782	0.0198059	-0.418975
-0.770027	0.166083	-0.616015
0.622393	-0.257062	-0.739287
0.786283	-0.0896629	-0.611326
0.502068	-0.272484	-0.82078
0.372956	-0.188787	-0.90844
-0.0280333	0.0562339	-0.998024
-0.127344	0.289487	-0.948673
-0.31563	0.0216961	-0.948634
-0.064806	0.0367146	-0.997222
0.132076	-0.0880096	-0.987325
-0.0442583	0.0783472	-0.995943
-0.196083	0.124494	-0.972653
-0.0442677	0.0708306	-0.996506
-0.48526	0.678804	-0.551133
-0.672356	0.681838	-0.288157
-0.829466	0.521943	-0.198901
-0.718077	0.470751	-0.5126
-0.603992	0.586357	-0.539796
-0.329923	0.703852	-0.629081
-0.605177	0.179762	-0.77553
-0.856884	0.337985	-0.389251
-0.0829693	0.0285093	-0.996144
0.0590618	0.00162827	-0.998253
-0.376199	0.168585	-0.911073
-0.357699	0.293536	-0.886504
-0.37793	0.404737	-0.832681
-0.199924	0.237349	-0.950629
-0.0425746	0.0786114	-0.995996
-0.191896	0.135797	-0.971975
0.481079	-0.771433	-0.416479
0.216726	-0.838028	-0.500738
0.749333	-0.492997	-0.442101
0.507793	-0.659142	-0.554687
0.162441	-0.59919	-0.783954
0.212271	-0.357931	-0.9093
-0.681083	0.704595	-0.199176
-0.794664	0.515512	-0.320557
0.0738838	-0.44013	-0.894889
0.0928432	-0.172265	-0.980666
0.246541	0.0248921	-0.968813
0.44833	-0.0637064	-0.891595
0.827812	-0.553271	-0.0928407
0.994016	-0.10349	0.0349557
-0.419354	0.534693	-0.733653
-0.489725	0.657085	-0.573069
-0.764461	0.314176	-0.562932
-0.609306	0.300804	-0.733665
0.309985	-0.275771	-0.909868
0.192619	-0.144144	-0.970629
0.598308	-0.231733	-0.767025
0.522484	-0.298642	-0.798638
-0.432731	0.899974	-0.0528304
-0.389723	0.84173	-0.373639
-0.892964	0.18982	-0.408147
-0.967314	0.193491	-0.163907
-0.678953	0.660279	-0.321021
-0.51664	0.745738	-0.420663
-0.520468	0.464913	-0.716219
-0.706932	0.474027	-0.524924
-0.791427	0.504373	-0.345327
-0.723067	0.338245	-0.6023

#	Mesh	0	End

