#	Mesh	0	Begin

#	Vertex	72
80.4375	-124.033	-17.941
80.4402	-124.032	-17.941
80.4428	-124.031	-17.941
80.445	-124.03	-17.941
80.447	-124.028	-17.941
80.4486	-124.025	-17.941
80.4498	-124.023	-17.941
80.4505	-124.02	-17.941
80.4508	-124.017	-17.941
80.4505	-124.015	-17.941
80.4498	-124.012	-17.941
80.4486	-124.009	-17.941
80.447	-124.007	-17.941
80.445	-124.005	-17.941
80.4428	-124.003	-17.941
80.4402	-124.002	-17.941
80.4375	-124.002	-17.941
80.4348	-124.001	-17.941
80.432	-124.002	-17.941
80.4293	-124.002	-17.941
80.4268	-124.003	-17.941
80.4245	-124.005	-17.941
80.4225	-124.007	-17.941
80.4209	-124.009	-17.941
80.4197	-124.012	-17.941
80.419	-124.015	-17.941
80.4188	-124.017	-17.941
80.419	-124.02	-17.941
80.4197	-124.023	-17.941
80.4209	-124.025	-17.941
80.4225	-124.028	-17.941
80.4245	-124.03	-17.941
80.4268	-124.031	-17.941
80.4293	-124.032	-17.941
80.432	-124.033	-17.941
80.4348	-124.033	-17.941
80.4375	-124.033	-13.091
80.4402	-124.032	-13.091
80.4428	-124.031	-13.091
80.445	-124.03	-13.091
80.447	-124.028	-13.091
80.4486	-124.025	-13.091
80.4498	-124.023	-13.091
80.4505	-124.02	-13.091
80.4508	-124.017	-13.091
80.4505	-124.015	-13.091
80.4498	-124.012	-13.091
80.4486	-124.009	-13.091
80.447	-124.007	-13.091
80.445	-124.005	-13.091
80.4428	-124.003	-13.091
80.4402	-124.002	-13.091
80.4375	-124.002	-13.091
80.4348	-124.001	-13.091
80.432	-124.002	-13.091
80.4293	-124.002	-13.091
80.4268	-124.003	-13.091
80.4245	-124.005	-13.091
80.4225	-124.007	-13.091
80.4209	-124.009	-13.091
80.4197	-124.012	-13.091
80.419	-124.015	-13.091
80.4188	-124.017	-13.091
80.419	-124.02	-13.091
80.4197	-124.023	-13.091
80.4209	-124.025	-13.091
80.4225	-124.028	-13.091
80.4245	-124.03	-13.091
80.4268	-124.031	-13.091
80.4293	-124.032	-13.091
80.432	-124.033	-13.091
80.4348	-124.033	-13.091

#	Triangle	76
35	36	71	0	36	35
0	37	36	1	37	0
1	38	37	2	38	1
2	39	38	3	39	2
3	40	39	4	40	3
4	41	40	5	41	4
5	42	41	6	42	5
6	43	42	7	43	6
7	44	43	8	44	7
8	45	44	9	45	8
9	46	45	10	46	9
10	47	46	11	47	10
11	48	47	12	48	11
12	49	48	13	49	12
13	50	49	14	50	13
14	51	50	15	51	14
15	52	51	16	52	15
16	53	52	17	53	16
17	54	53	18	54	17
18	55	54	19	55	18
19	56	55	20	56	19
20	57	56	21	57	20
21	58	57	22	58	21
22	59	58	23	59	22
23	60	59	24	60	23
24	61	60	25	61	24
25	62	61	26	62	25
26	63	62	27	63	26
27	64	63	28	64	27
28	65	64	29	65	28
29	66	65	30	66	29
30	67	66	31	67	30
31	68	67	32	68	31
32	69	68	33	69	32
33	70	69	34	70	33
34	71	70	35	71	34
7	9	8	26	25	27
6	9	7	27	25	24
6	10	9	27	24	28
5	10	6	28	24	23
5	11	10	28	23	29
4	11	5
4	12	11	29	22	30
3	12	4
3	13	12	30	21	31
2	13	3	31	21	20
2	14	13	31	20	32
1	14	2	32	20	19
1	15	14	32	19	33
0	15	1	33	19	18
0	16	15	33	18	34
35	16	0
35	17	16	34	17	35
34	18	17
30	22	21
29	23	22
45	43	44	62	63	61
46	43	45	61	63	64
46	42	43	61	64	60
47	42	46	60	64	65
47	41	42	60	65	59
48	41	47
48	40	41	59	66	58
49	40	48
49	39	40	58	67	57
50	39	49	57	67	68
50	38	39	57	68	56
51	38	50	56	68	69
51	37	38	56	69	55
52	37	51	55	69	70
52	36	37	55	70	54
53	36	52
53	71	36	54	71	53
54	70	71
58	66	67
59	65	66

#	Normal	76
0.0869929	-0.996209	-0
0.260275	-0.965535	-0
0.422426	-0.906397	-0
0.57459	-0.818441	-0
0.705705	-0.708506	-0
0.819759	-0.572708	-0
0.906397	-0.422426	-0
0.965535	-0.260275	-0
0.996209	-0.0869929	-0
0.99623	0.0867504	-0
0.965535	0.260275	-0
0.905896	0.4235	-0
0.820677	0.571393	-0
0.705705	0.708506	-0
0.57459	0.818441	-0
0.422426	0.906397	-0
0.257663	0.966235	-0
0.0869929	0.996209	-0
-0.0867504	0.99623	-0
-0.257663	0.966235	-0
-0.4235	0.905896	-0
-0.573275	0.819363	-0
-0.707107	0.707107	-0
-0.819363	0.573275	-0
-0.905896	0.4235	-0
-0.966235	0.257663	-0
-0.99623	0.0867504	-0
-0.996209	-0.0869929	0
-0.966235	-0.257663	0
-0.906397	-0.422426	0
-0.818441	-0.57459	0
-0.707107	-0.707107	0
-0.573275	-0.819363	0
-0.4235	-0.905896	0
-0.260275	-0.965535	0
-0.0867504	-0.99623	0
-0	0	-1.34528e-006
-0	-0	-4.03583e-006
-0	0	-7.95245e-006
-0	-0	-1.2912e-005
-0	0	-1.8875e-005
-0	-0	-2.55e-005
-0	0	-3.27839e-005
-0	-0	-4.06585e-005
-0	0	-4.84412e-005
-0	-0	-5.59084e-005
-0	0	-6.32156e-005
-0	-0	-7.01433e-005
-0	0	-7.61155e-005
-0	-0	-8.10489e-005
-0	0	-8.49445e-005
-0	-0	-8.74066e-005
-0	0	-8.875e-005
-0	0	-8.76528e-005
-0	0	-4.04978e-005
-0	0	-2.5625e-005
-0	0	1.34528e-006
-0	-0	4.03583e-006
-0	0	7.95245e-006
-0	-0	1.2912e-005
-0	0	1.8875e-005
-0	-0	2.55e-005
-0	0	3.27839e-005
-0	-0	4.06585e-005
-0	0	4.84412e-005
-0	-0	5.59084e-005
-0	0	6.32156e-005
-0	-0	7.01433e-005
-0	0	7.61155e-005
-0	-0	8.10489e-005
-0	0	8.49445e-005
-0	-0	8.74066e-005
-0	0	8.875e-005
0	0	8.76528e-005
0	0	4.04978e-005
0	0	2.5625e-005

#	Mesh	0	End

