#	Mesh	0	Begin

#	Vertex	72
61.7723	90.8514	-16.541
61.7749	90.8521	-16.541
61.7775	90.8533	-16.541
61.7798	90.8549	-16.541
61.7817	90.8569	-16.541
61.7833	90.8591	-16.541
61.7845	90.8617	-16.541
61.7852	90.8644	-16.541
61.7855	90.8671	-16.541
61.7852	90.8699	-16.541
61.7845	90.8726	-16.541
61.7833	90.8751	-16.541
61.7817	90.8774	-16.541
61.7798	90.8794	-16.541
61.7775	90.881	-16.541
61.7749	90.8822	-16.541
61.7723	90.8829	-16.541
61.7695	90.8831	-16.541
61.7667	90.8829	-16.541
61.764	90.8822	-16.541
61.7615	90.881	-16.541
61.7592	90.8794	-16.541
61.7572	90.8774	-16.541
61.7556	90.8751	-16.541
61.7544	90.8726	-16.541
61.7537	90.8699	-16.541
61.7535	90.8671	-16.541
61.7537	90.8644	-16.541
61.7544	90.8617	-16.541
61.7556	90.8591	-16.541
61.7572	90.8569	-16.541
61.7592	90.8549	-16.541
61.7615	90.8533	-16.541
61.764	90.8521	-16.541
61.7667	90.8514	-16.541
61.7695	90.8511	-16.541
61.7723	90.8514	-11.566
61.7749	90.8521	-11.566
61.7775	90.8533	-11.566
61.7798	90.8549	-11.566
61.7817	90.8569	-11.566
61.7833	90.8591	-11.566
61.7845	90.8617	-11.566
61.7852	90.8644	-11.566
61.7855	90.8671	-11.566
61.7852	90.8699	-11.566
61.7845	90.8726	-11.566
61.7833	90.8751	-11.566
61.7817	90.8774	-11.566
61.7798	90.8794	-11.566
61.7775	90.881	-11.566
61.7749	90.8822	-11.566
61.7723	90.8829	-11.566
61.7695	90.8831	-11.566
61.7667	90.8829	-11.566
61.764	90.8822	-11.566
61.7615	90.881	-11.566
61.7592	90.8794	-11.566
61.7572	90.8774	-11.566
61.7556	90.8751	-11.566
61.7544	90.8726	-11.566
61.7537	90.8699	-11.566
61.7535	90.8671	-11.566
61.7537	90.8644	-11.566
61.7544	90.8617	-11.566
61.7556	90.8591	-11.566
61.7572	90.8569	-11.566
61.7592	90.8549	-11.566
61.7615	90.8533	-11.566
61.764	90.8521	-11.566
61.7667	90.8514	-11.566
61.7695	90.8511	-11.566

#	Triangle	70
35	36	71	0	36	35
0	37	36	1	37	0
1	38	37	2	38	1
2	39	38	3	39	2
3	40	39	4	40	3
4	41	40	5	41	4
5	42	41	6	42	5
6	43	42	7	43	6
7	44	43	8	44	7
8	45	44	9	45	8
9	46	45	10	46	9
10	47	46	11	47	10
11	48	47	12	48	11
12	49	48	13	49	12
13	50	49	14	50	13
14	51	50	15	51	14
15	52	51	16	52	15
16	53	52	17	53	16
17	54	53	18	54	17
18	55	54	19	55	18
19	56	55	20	56	19
20	57	56	21	57	20
21	58	57	22	58	21
22	59	58	23	59	22
23	60	59	24	60	23
24	61	60	25	61	24
25	62	61	26	62	25
26	63	62	27	63	26
27	64	63	28	64	27
28	65	64	29	65	28
29	66	65	30	66	29
30	67	66	31	67	30
31	68	67	32	68	31
32	69	68	33	69	32
33	70	69	34	70	33
34	71	70	35	71	34
7	9	8	26	25	27
6	9	7	27	25	24
6	10	9	27	24	28
5	10	6	28	24	23
5	11	10	28	23	29
4	11	5	29	23	22
4	12	11	29	22	30
3	12	4	30	22	21
3	13	12	30	21	31
2	13	3	31	21	20
2	14	13	31	20	32
1	14	2	32	20	19
1	15	14	32	19	33
0	15	1	33	19	18
0	16	15	33	18	34
35	16	0	34	18	17
35	17	16	34	17	35
45	43	44	62	63	61
46	43	45	61	63	64
46	42	43	61	64	60
47	42	46	60	64	65
47	41	42	60	65	59
48	41	47	59	65	66
48	40	41	59	66	58
49	40	48	58	66	67
49	39	40	58	67	57
50	39	49	57	67	68
50	38	39	57	68	56
51	38	50	56	68	69
51	37	38	56	69	55
52	37	51	55	69	70
52	36	37	55	70	54
53	36	52	54	70	71
53	71	36	54	71	53

#	Normal	70
0.0868715	-0.99622	-0
0.260275	-0.965535	-0
0.422962	-0.906147	-0
0.57205	-0.820219	-0
0.707806	-0.706407	-0
0.8191	-0.573651	-0
0.906397	-0.422426	-0
0.965886	-0.258969	-0
0.996209	-0.0869929	-0
0.99623	0.0867504	-0
0.965886	0.258969	-0
0.905896	0.4235	-0
0.82002	0.572335	-0
0.706406	0.707807	-0
0.573932	0.818903	-0
0.422962	0.906147	-0
0.257663	0.966235	-0
0.0868715	0.99622	-0
-0.0868715	0.99622	-0
-0.257663	0.966235	-0
-0.422962	0.906147	-0
-0.573932	0.818903	-0
-0.706406	0.707807	-0
-0.82002	0.572335	-0
-0.905896	0.4235	-0
-0.965886	0.258969	-0
-0.99623	0.0867504	-0
-0.996209	-0.0869929	0
-0.965886	-0.258969	0
-0.906397	-0.422426	0
-0.8191	-0.573651	0
-0.707806	-0.706407	0
-0.57205	-0.820219	0
-0.422962	-0.906147	0
-0.260275	-0.965535	0
-0.0868715	-0.99622	0
-0	0	-1.34528e-006
-0	-0	-4.01413e-006
-0	0	-7.9097e-006
-0	-0	-1.2912e-005
-0	0	-1.8875e-005
-0	-0	-2.55625e-005
-0	0	-3.28643e-005
-0	-0	-4.05782e-005
-0	0	-4.83609e-005
-0	-0	-5.6022e-005
-0	0	-6.33238e-005
-0	-0	-7.00351e-005
-0	0	-7.5998e-005
-0	-0	-8.10489e-005
-0	0	-8.49445e-005
-0	-0	-8.75297e-005
-0	0	-8.8875e-005
-0	0	1.34528e-006
-0	-0	4.01413e-006
-0	0	7.9097e-006
-0	-0	1.2912e-005
-0	0	1.8875e-005
-0	-0	2.55625e-005
-0	0	3.28643e-005
-0	-0	4.05782e-005
-0	0	4.83609e-005
-0	-0	5.6022e-005
-0	0	6.33238e-005
-0	-0	7.00351e-005
-0	0	7.5998e-005
-0	-0	8.10489e-005
-0	0	8.49445e-005
-0	-0	8.75297e-005
-0	0	8.8875e-005

#	Mesh	0	End

