#	Mesh	0	Begin

#	Vertex	72
95.3133	-77.5172	-17.8831
95.2992	-77.5184	-17.8869
95.2859	-77.5194	-17.8931
95.2739	-77.5204	-17.9015
95.2636	-77.5213	-17.9119
95.2552	-77.5219	-17.9239
95.249	-77.5224	-17.9372
95.2453	-77.5227	-17.9514
95.244	-77.5228	-17.966
95.2453	-77.5227	-17.9806
95.249	-77.5224	-17.9948
95.2552	-77.5219	-18.0081
95.2636	-77.5213	-18.0201
95.2739	-77.5204	-18.0305
95.2859	-77.5194	-18.0389
95.2992	-77.5184	-18.0451
95.3133	-77.5172	-18.0489
95.3279	-77.516	-18.0501
95.3424	-77.5149	-18.0489
95.3565	-77.5137	-18.0451
95.3698	-77.5126	-18.0389
95.3818	-77.5117	-18.0305
95.3921	-77.5108	-18.0201
95.4005	-77.5102	-18.0081
95.4067	-77.5097	-17.9948
95.4104	-77.5094	-17.9806
95.4117	-77.5093	-17.966
95.4104	-77.5094	-17.9514
95.4067	-77.5097	-17.9372
95.4005	-77.5102	-17.9239
95.3921	-77.5108	-17.9119
95.3818	-77.5117	-17.9015
95.3698	-77.5126	-17.8931
95.3565	-77.5137	-17.8869
95.3424	-77.5149	-17.8831
95.3279	-77.516	-17.8819
95.9407	-85.2603	-17.8831
95.9266	-85.2615	-17.8869
95.9133	-85.2625	-17.8931
95.9013	-85.2635	-17.9015
95.891	-85.2643	-17.9119
95.8826	-85.265	-17.9239
95.8764	-85.2655	-17.9372
95.8727	-85.2658	-17.9514
95.8714	-85.2659	-17.966
95.8727	-85.2658	-17.9806
95.8764	-85.2655	-17.9948
95.8826	-85.265	-18.0081
95.891	-85.2643	-18.0201
95.9013	-85.2635	-18.0305
95.9133	-85.2625	-18.0389
95.9266	-85.2615	-18.0451
95.9407	-85.2603	-18.0489
95.9553	-85.2591	-18.0501
95.9698	-85.2579	-18.0489
95.9839	-85.2568	-18.0451
95.9972	-85.2557	-18.0389
96.0092	-85.2548	-18.0305
96.0195	-85.2539	-18.0201
96.0279	-85.2532	-18.0081
96.0341	-85.2527	-17.9948
96.0378	-85.2524	-17.9806
96.0391	-85.2523	-17.966
96.0378	-85.2524	-17.9514
96.0341	-85.2527	-17.9372
96.0279	-85.2532	-17.9239
96.0195	-85.2539	-17.9119
96.0092	-85.2548	-17.9015
95.9972	-85.2557	-17.8931
95.9839	-85.2568	-17.8869
95.9698	-85.2579	-17.8831
95.9553	-85.2591	-17.8819

#	Triangle	85
35	36	71	0	36	35
0	37	36
1	37	0
1	38	37
2	38	1
2	39	38	3	39	2
3	40	39
4	40	3
4	41	40	5	41	4
5	42	41	6	42	5
6	43	42
7	43	6
7	44	43
8	44	7
8	45	44
9	45	8
9	46	45
10	46	9
10	47	46	11	47	10
11	48	47	12	48	11
12	49	48
13	49	12
13	50	49	14	50	13
14	51	50
15	51	14
15	52	51
16	52	15
16	53	52	17	53	16
17	54	53	18	54	17
18	55	54
19	55	18
19	56	55	20	56	19
20	57	56
21	57	20
21	58	57	22	58	21
22	59	58
23	59	22
23	60	59
24	60	23
24	61	60
25	61	24
25	62	61
26	62	25
26	63	62
27	63	26
27	64	63
28	64	27
28	65	64
29	65	28
29	66	65
30	66	29
30	67	66	31	67	30
31	68	67
32	68	31
32	69	68	33	69	32
33	70	69
34	70	33
34	71	70	35	71	34
7	9	8	26	25	27
6	9	7	6	10	9	27	24	28	27	25	24
5	10	6	5	11	10	28	23	29	28	24	23
4	11	5	4	12	11	29	22	30	29	23	22
3	12	4	3	13	12
2	13	3	2	14	13	31	20	32	31	21	20
1	14	2	1	15	14
0	15	1	0	16	15
35	16	0	35	17	16	34	17	35	34	18	17
33	18	34	33	19	18
32	19	33	32	20	19
30	21	31	30	22	21
45	43	44	62	63	61
46	43	45	46	42	43
47	42	46	47	41	42
48	41	47	48	40	41
49	40	48	49	39	40	58	67	57	58	66	67
50	39	49	50	38	39
51	38	50	51	37	38
52	37	51	52	36	37
53	36	52	53	71	36	54	71	53	54	70	71
55	70	54	55	69	70
56	69	55	56	68	69
57	68	56	57	67	68
59	66	58	59	65	66
60	65	59	60	64	65
61	64	60	61	63	64

#	Normal	85
-0.0868115	-0.00703407	0.9962
-0.258081	-0.0209115	0.965897
-0.257948	-0.0209011	0.965933
-0.421158	-0.0341256	0.906345
-0.42136	-0.0341416	0.90625
-0.571641	-0.0463183	0.819196
-0.704845	-0.0571115	0.707059
-0.704823	-0.0571098	0.70708
-0.816532	-0.0661612	0.573497
-0.90329	-0.073191	0.42274
-0.962807	-0.0780135	0.258682
-0.962818	-0.0780143	0.258642
-0.992944	-0.0804553	0.0871101
-0.992898	-0.0804526	0.087637
-0.992944	-0.0804563	-0.0871101
-0.992898	-0.0804516	-0.087637
-0.962807	-0.0780134	-0.258682
-0.962818	-0.0780143	-0.258642
-0.90329	-0.073191	-0.42274
-0.816532	-0.0661612	-0.573497
-0.704845	-0.0571115	-0.707059
-0.704823	-0.0571097	-0.70708
-0.571641	-0.0463183	-0.819196
-0.421158	-0.0341251	-0.906345
-0.42136	-0.034142	-0.90625
-0.258081	-0.0209118	-0.965897
-0.257948	-0.0209008	-0.965933
-0.0868115	-0.00703407	-0.9962
0.0868115	0.00703407	-0.9962
0.257959	0.0209017	-0.96593
0.258091	0.0209126	-0.965894
0.421141	0.0341242	-0.906353
0.571889	0.0463391	-0.819021
0.571641	0.0463183	-0.819196
0.704845	0.0571115	-0.707059
0.816283	0.066141	-0.573853
0.816532	0.0661619	-0.573497
0.903493	0.0732083	-0.422304
0.90329	0.0731909	-0.42274
0.962686	0.0780035	-0.259137
0.962818	0.0780152	-0.258642
0.992941	0.080456	-0.0871528
0.992944	0.0804564	-0.0871101
0.992941	0.0804561	0.0871528
0.992944	0.0804563	0.0871101
0.962686	0.0780045	0.259137
0.962818	0.0780143	0.258642
0.903493	0.0732073	0.422304
0.90329	0.0731918	0.42274
0.816283	0.0661418	0.573853
0.816532	0.0661611	0.573497
0.704845	0.0571115	0.707059
0.57189	0.0463385	0.819021
0.571641	0.0463189	0.819196
0.421141	0.0341242	0.906353
0.257959	0.0209019	0.96593
0.258091	0.0209124	0.965894
0.0868115	0.00703407	0.9962
-2.96753e-006	3.74365e-005	-0
-0.0803182	0.996769	-0
-0.0806467	0.996743	-0
-0.0808159	0.996729	-0
-0.081362	0.996685	-0
-0.0806238	0.996745	-0
-0.0805632	0.996749	-0
-0.0810379	0.996711	-0
-0.0807441	0.996735	-0
-0.0805345	0.996752	-0
-0.0810999	0.996706	-0
-0.0806136	0.996745	-0
2.96753e-006	-3.72083e-005	-0
0.0823638	-0.996602	-0
0.0806467	-0.996743	-0
0.0808159	-0.996729	-0
0.0806136	-0.996745	-0
0.0806238	-0.996745	-0
0.080516	-0.996753	-0
0.0810825	-0.996707	-0
0.0807441	-0.996735	-0
0.0804902	-0.996755	-0
0.0810999	-0.996706	-0
0.0806761	-0.99674	-0
0.0807411	-0.996735	-0
0.0807481	-0.996735	-0
0.0801536	-0.996783	-0

#	Mesh	0	End

