#	Mesh	0	Begin

#	Vertex	72
97.9634	-110.224	-18.0489
97.9493	-110.225	-18.0451
97.936	-110.226	-18.0389
97.9241	-110.227	-18.0305
97.9137	-110.228	-18.0201
97.9054	-110.228	-18.0081
97.8992	-110.229	-17.9948
97.8954	-110.229	-17.9806
97.8941	-110.229	-17.966
97.8954	-110.229	-17.9514
97.8992	-110.229	-17.9372
97.9054	-110.228	-17.9239
97.9137	-110.228	-17.9119
97.9241	-110.227	-17.9015
97.936	-110.226	-17.8931
97.9493	-110.225	-17.8869
97.9634	-110.224	-17.8831
97.978	-110.223	-17.8819
97.9925	-110.221	-17.8831
98.0067	-110.22	-17.8869
98.0199	-110.219	-17.8931
98.0319	-110.218	-17.9015
98.0422	-110.217	-17.9119
98.0506	-110.217	-17.9239
98.0568	-110.216	-17.9372
98.0606	-110.216	-17.9514
98.0618	-110.216	-17.966
98.0606	-110.216	-17.9806
98.0568	-110.216	-17.9948
98.0506	-110.217	-18.0081
98.0422	-110.217	-18.0201
98.0319	-110.218	-18.0305
98.0199	-110.219	-18.0389
98.0067	-110.22	-18.0451
97.9925	-110.221	-18.0489
97.978	-110.223	-18.0501
95.9512	-85.3899	-18.0489
95.9371	-85.391	-18.0451
95.9238	-85.3921	-18.0389
95.9118	-85.3931	-18.0305
95.9015	-85.3939	-18.0201
95.8931	-85.3946	-18.0081
95.8869	-85.3951	-17.9948
95.8832	-85.3954	-17.9806
95.8819	-85.3955	-17.966
95.8832	-85.3954	-17.9514
95.8869	-85.3951	-17.9372
95.8931	-85.3946	-17.9239
95.9015	-85.3939	-17.9119
95.9118	-85.3931	-17.9015
95.9238	-85.3921	-17.8931
95.9371	-85.391	-17.8869
95.9512	-85.3899	-17.8831
95.9658	-85.3887	-17.8819
95.9803	-85.3875	-17.8831
95.9944	-85.3864	-17.8869
96.0077	-85.3853	-17.8931
96.0197	-85.3843	-17.9015
96.03	-85.3835	-17.9119
96.0384	-85.3828	-17.9239
96.0446	-85.3823	-17.9372
96.0483	-85.382	-17.9514
96.0496	-85.3819	-17.966
96.0483	-85.382	-17.9806
96.0446	-85.3823	-17.9948
96.0384	-85.3828	-18.0081
96.03	-85.3835	-18.0201
96.0197	-85.3843	-18.0305
96.0077	-85.3853	-18.0389
95.9944	-85.3864	-18.0451
95.9803	-85.3875	-18.0489
95.9658	-85.3887	-18.0501

#	Triangle	73
35	36	71	0	36	35
0	37	36	1	37	0
1	38	37	2	38	1
2	39	38	3	39	2
3	40	39	4	40	3
4	41	40	5	41	4
5	42	41	6	42	5
6	43	42	7	43	6
7	44	43
8	44	7
8	45	44
9	45	8
9	46	45	10	46	9
10	47	46	11	47	10
11	48	47	12	48	11
12	49	48	13	49	12
13	50	49	14	50	13
14	51	50	15	51	14
15	52	51	16	52	15
16	53	52	17	53	16
17	54	53	18	54	17
18	55	54	19	55	18
19	56	55	20	56	19
20	57	56	21	57	20
21	58	57
22	58	21
22	59	58	23	59	22
23	60	59	24	60	23
24	61	60
25	61	24
25	62	61	26	62	25
26	63	62	27	63	26
27	64	63
28	64	27
28	65	64	29	65	28
29	66	65	30	66	29
30	67	66
31	67	30
31	68	67	32	68	31
32	69	68	33	69	32
33	70	69	34	70	33
34	71	70	35	71	34
7	9	8	26	25	27
6	9	7	6	10	9
5	10	6	5	11	10
4	11	5	4	12	11
3	12	4	3	13	12	30	21	31	30	22	21
2	13	3	2	14	13
1	14	2	1	15	14
0	15	1	0	16	15
35	16	0	35	17	16	34	17	35	34	18	17
33	18	34	33	19	18
32	19	33	32	20	19
31	20	32	31	21	20
29	22	30	29	23	22
28	23	29	28	24	23
27	24	28	27	25	24
45	43	44	62	63	61
46	43	45	46	42	43
47	42	46	47	41	42
48	41	47	48	40	41
49	40	48	49	39	40
50	39	49	50	38	39
51	38	50	51	37	38
52	37	51	52	36	37
53	36	52	53	71	36	54	71	53	54	70	71
55	70	54	55	69	70
56	69	55	56	68	69
57	68	56	57	67	68
58	67	57	58	66	67
59	66	58	59	65	66
60	65	59	60	64	65
61	64	60	61	63	64

#	Normal	73
-0.0868114	-0.00703412	-0.9962
-0.258091	-0.0209125	-0.965894
-0.421141	-0.0341241	-0.906353
-0.571641	-0.0463187	-0.819196
-0.704845	-0.0571119	-0.707059
-0.816532	-0.0661616	-0.573497
-0.90329	-0.0731914	-0.42274
-0.962818	-0.0780148	-0.258642
-0.992944	-0.0804559	-0.0871101
-0.992941	-0.0804556	-0.0871528
-0.992944	-0.0804559	0.0871101
-0.992941	-0.0804556	0.0871528
-0.962818	-0.0780148	0.258642
-0.90329	-0.0731914	0.42274
-0.816532	-0.0661616	0.573497
-0.704845	-0.0571119	0.707059
-0.571641	-0.0463187	0.819196
-0.421141	-0.0341241	0.906353
-0.258091	-0.0209125	0.965894
-0.0868114	-0.00703412	0.9962
0.0868114	0.00703412	0.9962
0.257948	0.0209009	0.965933
0.421158	0.0341254	0.906345
0.571889	0.0463388	0.819021
0.704823	0.0571101	0.70708
0.704845	0.0571119	0.707059
0.816283	0.0661414	0.573853
0.903493	0.0732079	0.422304
0.962686	0.0780041	0.259137
0.962675	0.0780032	0.259177
0.992944	0.0804559	0.0871101
0.992944	0.0804559	-0.0871101
0.962686	0.0780041	-0.259137
0.962675	0.0780032	-0.259177
0.903493	0.0732079	-0.422304
0.816283	0.0661414	-0.573853
0.704823	0.0571101	-0.70708
0.704845	0.0571119	-0.707059
0.571889	0.0463388	-0.819021
0.421158	0.0341254	-0.906345
0.257948	0.0209009	-0.965933
0.0868114	0.00703412	-0.9962
3.1958e-006	-3.72083e-005	-0
0.0803182	-0.996769	-0
0.0806467	-0.996743	-0
0.0808159	-0.996729	-0
0.0806136	-0.996745	-0
0.0806238	-0.996745	-0
0.0810999	-0.996706	-0
0.0805345	-0.996752	-0
0.0807441	-0.996735	-0
0.0810379	-0.996711	-0
0.080516	-0.996753	-0
0.0806761	-0.99674	-0
0.0807411	-0.996735	-0
0.0807481	-0.996735	-0
0.0821952	-0.996616	-0
-2.96753e-006	3.72083e-005	-0
-0.0803182	0.996769	-0
-0.0806467	0.996743	-0
-0.0808159	0.996729	-0
-0.0806136	0.996745	-0
-0.0806238	0.996745	-0
-0.0810999	0.996706	-0
-0.0805345	0.996752	-0
-0.0807441	0.996735	-0
-0.0810379	0.996711	-0
-0.080516	0.996753	-0
-0.0806761	0.99674	-0
-0.081362	0.996685	-0
-0.0807411	0.996735	-0
-0.0807481	0.996735	-0
-0.0801536	0.996783	-0

#	Mesh	0	End

