#	Mesh	0	Begin

#	Vertex	72
81.4089	67.0591	-17.9818
81.4116	67.0593	-17.981
81.4141	67.0595	-17.9799
81.4164	67.0597	-17.9783
81.4183	67.0599	-17.9763
81.4199	67.06	-17.974
81.4211	67.0601	-17.9715
81.4218	67.0602	-17.9688
81.4221	67.0602	-17.966
81.4218	67.0602	-17.9632
81.4211	67.0601	-17.9605
81.4199	67.06	-17.958
81.4183	67.0599	-17.9557
81.4164	67.0597	-17.9537
81.4141	67.0595	-17.9521
81.4116	67.0593	-17.951
81.4089	67.0591	-17.9502
81.4061	67.0589	-17.95
81.4033	67.0587	-17.9502
81.4007	67.0585	-17.951
81.3981	67.0583	-17.9521
81.3959	67.0581	-17.9537
81.3939	67.0579	-17.9557
81.3923	67.0578	-17.958
81.3911	67.0577	-17.9605
81.3904	67.0576	-17.9632
81.3902	67.0576	-17.966
81.3904	67.0576	-17.9688
81.3911	67.0577	-17.9715
81.3923	67.0578	-17.974
81.3939	67.0579	-17.9763
81.3959	67.0581	-17.9783
81.3981	67.0583	-17.9799
81.4007	67.0585	-17.981
81.4033	67.0587	-17.9818
81.4061	67.0589	-17.982
89.4711	-32.4427	-17.9818
89.4738	-32.4425	-17.981
89.4763	-32.4423	-17.9799
89.4786	-32.4421	-17.9783
89.4806	-32.442	-17.9763
89.4821	-32.4419	-17.974
89.4833	-32.4418	-17.9715
89.484	-32.4417	-17.9688
89.4843	-32.4417	-17.966
89.484	-32.4417	-17.9632
89.4833	-32.4418	-17.9605
89.4821	-32.4419	-17.958
89.4806	-32.442	-17.9557
89.4786	-32.4421	-17.9537
89.4763	-32.4423	-17.9521
89.4738	-32.4425	-17.951
89.4711	-32.4427	-17.9502
89.4683	-32.443	-17.95
89.4656	-32.4432	-17.9502
89.4629	-32.4434	-17.951
89.4604	-32.4436	-17.9521
89.4581	-32.4438	-17.9537
89.4561	-32.444	-17.9557
89.4545	-32.4441	-17.958
89.4534	-32.4442	-17.9605
89.4526	-32.4442	-17.9632
89.4524	-32.4443	-17.966
89.4526	-32.4442	-17.9688
89.4534	-32.4442	-17.9715
89.4545	-32.4441	-17.974
89.4561	-32.444	-17.9763
89.4581	-32.4438	-17.9783
89.4604	-32.4436	-17.9799
89.4629	-32.4434	-17.981
89.4656	-32.4432	-17.9818
89.4683	-32.443	-17.982

#	Triangle	109
35	36	71
0	36	35
0	37	36
1	37	0
1	38	37
2	38	1
2	39	38
3	39	2
3	40	39
4	40	3
4	41	40
5	41	4
5	42	41
6	42	5
6	43	42
7	43	6
7	44	43
8	44	7
8	45	44
9	45	8
9	46	45
10	46	9
10	47	46
11	47	10
11	48	47
12	48	11
12	49	48
13	49	12
13	50	49
14	50	13
14	51	50
15	51	14
15	52	51
16	52	15
16	53	52
17	53	16
17	54	53
18	54	17
18	55	54
19	55	18
19	56	55	20	56	19
20	57	56
21	57	20
21	58	57
22	58	21
22	59	58
23	59	22
23	60	59
24	60	23
24	61	60
25	61	24
25	62	61
26	62	25
26	63	62
27	63	26
27	64	63
28	64	27
28	65	64
29	65	28
29	66	65
30	66	29
30	67	66
31	67	30
31	68	67
32	68	31
32	69	68	33	69	32
33	70	69
34	70	33
34	71	70
35	71	34
7	9	8	26	25	27
6	9	7	27	25	24
6	10	9	27	24	28
5	10	6	28	24	23
5	11	10
4	11	5	29	23	22
4	12	11	29	22	30
3	12	4	30	22	21
3	13	12	30	21	31
2	13	3	31	21	20
2	14	13	31	20	32
1	14	2	32	20	19
1	15	14	32	19	33
0	15	1
0	16	15	33	18	34
35	16	0	34	18	17
35	17	16	34	17	35
33	19	18
28	23	29
45	43	44	62	63	61
46	43	45	61	63	64
46	42	43	61	64	60
47	42	46	60	64	65
47	41	42
48	41	47	59	65	66
48	40	41	59	66	58
49	40	48	58	66	67
49	39	40	58	67	57
50	39	49	57	67	68
50	38	39	57	68	56
51	38	50	56	68	69
51	37	38	56	69	55
52	37	51	55	69	70
52	36	37
53	36	52	54	70	71
53	71	36
54	71	53
55	70	54
60	65	59

#	Normal	109
0.0866686	0.0070224	-0.996212
0.0866637	0.00702201	-0.996213
0.258027	0.0209069	-0.965911
0.258084	0.0209115	-0.965896
0.420998	0.0341118	-0.90642
0.420912	0.0341048	-0.90646
0.572288	0.0463701	-0.818741
0.572368	0.0463766	-0.818685
0.704012	0.0570432	-0.707894
0.703927	0.0570363	-0.707978
0.816666	0.0661711	-0.573305
0.816719	0.0661754	-0.573229
0.903723	0.0732249	-0.42181
0.903744	0.0732267	-0.421763
0.96282	0.0780133	-0.258635
0.962791	0.078011	-0.258741
0.992946	0.0804543	-0.0870906
0.992956	0.0804551	-0.0869784
0.992946	0.0804544	0.0870906
0.992956	0.0804551	0.0869784
0.96282	0.0780133	0.258635
0.962791	0.078011	0.258741
0.903723	0.0732249	0.42181
0.903744	0.0732267	0.421763
0.816666	0.0661711	0.573305
0.816719	0.0661754	0.573229
0.704012	0.0570432	0.707894
0.703927	0.0570363	0.707978
0.572288	0.0463702	0.818741
0.572368	0.0463766	0.818685
0.420998	0.0341118	0.90642
0.420912	0.0341048	0.90646
0.258027	0.0209069	0.965911
0.258084	0.0209115	0.965896
0.0866686	0.0070224	0.996212
0.0866637	0.00702201	0.996213
-0.0864328	-0.00700329	0.996233
-0.0866637	-0.007022	0.996213
-0.258724	-0.0209634	0.965724
-0.258027	-0.0209069	0.965911
-0.420998	-0.0341118	0.90642
-0.572288	-0.0463702	0.818741
-0.572368	-0.0463766	0.818685
-0.704012	-0.0570432	0.707894
-0.703927	-0.0570363	0.707978
-0.816639	-0.0661689	0.573343
-0.816719	-0.0661754	0.573229
-0.903744	-0.0732267	0.421763
-0.903658	-0.0732197	0.421949
-0.96282	-0.0780133	0.258635
-0.962848	-0.0780156	0.25853
-0.992946	-0.0804543	0.0870906
-0.992937	-0.0804536	0.0872028
-0.992946	-0.0804544	-0.0870906
-0.992937	-0.0804536	-0.0872028
-0.96282	-0.0780133	-0.258635
-0.962848	-0.0780156	-0.25853
-0.903744	-0.0732267	-0.421763
-0.903658	-0.0732197	-0.421949
-0.816639	-0.0661689	-0.573343
-0.816719	-0.0661754	-0.573229
-0.704012	-0.0570432	-0.707894
-0.703927	-0.0570363	-0.707978
-0.572288	-0.0463701	-0.818741
-0.572368	-0.0463766	-0.818685
-0.420998	-0.0341118	-0.90642
-0.258724	-0.0209634	-0.965724
-0.258027	-0.0209069	-0.965911
-0.0864328	-0.00700328	-0.996233
-0.0866637	-0.00702201	-0.996213
-8.6853e-008	1.34622e-006	-0
-3.47412e-007	3.99524e-006	-0
-6.84082e-007	7.86694e-006	-0
-1.02612e-006	1.28265e-005	-0
-1.5e-006	1.875e-005	-0
-2e-006	2.55e-005	-0
-2.57129e-006	3.27839e-005	-0
-3.37482e-006	4.04978e-005	-0
-4.02145e-006	4.82574e-005	-0
-4.40445e-006	5.57259e-005	-0
-4.97931e-006	6.29991e-005	-0
-5.84528e-006	6.99268e-005	-0
-6.34296e-006	7.58806e-005	-0
-6.34296e-006	8.0814e-005	-0
-6.64783e-006	8.46982e-005	-0
-7.14026e-006	8.71604e-005	-0
-7.25e-006	8.85e-005	-0
-6.57788e-006	8.0814e-005	-0
-1.625e-006	1.875e-005	-0
1.08566e-007	-1.34622e-006	-0
3.25699e-007	-3.99524e-006	-0
6.41327e-007	-7.86694e-006	-0
1.0475e-006	-1.28265e-005	-0
1.53125e-006	-1.875e-005	-0
2.0625e-006	-2.55e-005	-0
2.65164e-006	-3.27839e-005	-0
3.25429e-006	-4.04978e-005	-0
3.87783e-006	-4.82574e-005	-0
4.54807e-006	-5.57259e-005	-0
5.14168e-006	-6.29991e-005	-0
5.62878e-006	-6.99268e-005	-0
6.10803e-006	-7.58806e-005	-0
6.57788e-006	-8.0814e-005	-0
6.89404e-006	-8.46982e-005	-0
7.0787e-006	-8.71604e-005	-0
7.1875e-006	-8.85e-005	-0
7.125e-006	-8.875e-005	-0
6.89404e-006	-8.4452e-005	-0
1.5e-006	-1.875e-005	-0

#	Mesh	0	End

