#	Mesh	0	Begin

#	Vertex	20
58.152	101.588	-9.586
58.3513	101.604	-9.586
58.3509	101.61	-9.586
58.1515	101.594	-9.586
58.3513	101.604	-16.695
58.152	101.588	-16.695
58.1359	101.787	-16.695
58.3352	101.803	-16.695
58.3352	101.803	-10.2454
58.3352	101.803	-9.8479
58.3352	101.803	-9.63094
58.3509	101.61	-9.63094
58.3513	101.604	-9.8479
58.3513	101.604	-10.2454
58.1359	101.787	-10.2479
58.1359	101.787	-9.8479
58.1359	101.787	-9.63094
58.152	101.588	-10.2479
58.152	101.588	-9.8479
58.1515	101.594	-9.63094

#	Triangle	10
3	1	2	0	1	3	16	11	10	19	11	16
7	5	6	4	5	7
8	4	7	8	13	4	8	12	13	9	12	8	10	12	9
10	11	12
11	1	12	2	1	11
14	7	6	14	8	7	15	8	14	15	9	8	16	9	15	16	10	9	2	19	3	11	19	2
17	6	5	17	14	6	18	14	17	18	15	14	18	16	15
0	19	18	0	3	19
19	16	18
13	5	4	13	17	5	13	18	17	12	18	13	1	18	12	1	0	18

#	Normal	10
-0	-0	1
-0	-0	-1
0.996738	0.0807047	0
0.996737	0.0807202	-1.43693e-005
0.996779	0.080193	-0
-0.0807031	0.996738	-0
-0.996738	-0.0807047	-0
-0.996779	-0.080193	-0
-0.996737	-0.0807202	1.43693e-005
0.0807031	-0.996738	-0

#	Mesh	0	End

