#	Mesh	0	Begin

#	Vertex	18
79.5111	104.817	-11.386
79.5273	104.618	-11.386
79.7266	104.634	-11.386
79.7105	104.833	-11.386
79.5111	104.817	-16.485
79.7105	104.833	-16.485
79.7262	104.639	-16.485
79.5273	104.623	-16.485
79.5277	104.618	-16.485
79.5273	104.618	-16.485
79.5111	104.817	-11.5418
79.5273	104.618	-11.5423
79.5277	104.618	-11.549
79.7266	104.634	-11.549
79.7266	104.634	-11.5423
79.7262	104.639	-11.549
79.7105	104.833	-11.5418
79.5273	104.623	-11.549

#	Triangle	15
3	1	2	0	1	3
5	7	4	5	6	7	13	17	15	12	17	13
7	9	4
7	8	9
11	4	9	11	10	4	1	10	11	1	0	10
12	9	8	12	11	9
14	12	13
14	11	12
2	11	14	2	1	11
16	6	5	16	15	6
16	13	15
16	14	13	16	2	14	3	2	16
10	5	4	10	16	5	10	3	16	0	3	10
8	17	12	7	17	8
15	7	6	17	7	15

#	Normal	15
-0	0	1
-0	-0	-1
-0	-0	-8.0577e-005
0	-0	-2.02808e-006
-0.996738	-0.0807015	-0
0.0766965	-0.997054	-0
0.0807097	-0.996738	-0
0.0807015	-0.996738	0.000244954
0.0807015	-0.996738	-0
0.99674	0.0806846	0
3.5735e-005	2.91714e-006	-6.61743e-007
0.996738	0.0807015	-0
-0.0807015	0.996738	-0
0.996664	0.0816166	-0
0.0807875	-0.996731	-0

#	Mesh	0	End

