#	Mesh	0	Begin

#	Vertex	24
79.3666	114.059	-16.6537
79.3666	114.059	-11.549
79.9328	107.066	-11.549
79.9328	107.066	-16.6537
79.6886	110.083	-14.285
79.5998	111.179	-14.285
79.5998	111.179	-16.385
79.6886	110.083	-16.385
79.9222	107.197	-14.285
79.8335	108.293	-14.285
79.8335	108.293	-16.385
79.9222	107.197	-16.385
80.1322	107.082	-11.549
80.1322	107.082	-16.6537
79.5678	114.052	-11.549
79.5678	114.052	-16.6537
79.7992	111.195	-14.285
79.8879	110.099	-14.285
79.8879	110.099	-16.385
79.7992	111.195	-16.385
80.0328	108.309	-14.285
80.1216	107.213	-14.285
80.1216	107.213	-16.385
80.0328	108.309	-16.385

#	Triangle	26
2	11	3	2	8	11
11	0	3
11	10	0
10	7	0
7	6	0
6	1	0	5	1	6	2	1	5
9	7	10	9	4	7
2	9	8
2	4	9
2	5	4
3	12	2	13	12	3
14	19	15	14	16	19	17	23	18	17	20	23
19	13	15
19	18	13
18	23	13
23	22	13
22	12	13	21	12	22
14	17	16
14	20	17
14	21	20
14	12	21
15	1	14	0	1	15
0	13	3	15	13	0	16	4	5	17	4	16	20	8	9	21	8	20
2	14	1	12	14	2	18	6	7	19	6	18	22	10	11	23	10	22
17	7	4	18	7	17	21	11	8	22	11	21
19	5	6	16	5	19	23	9	10	20	9	23

#	Normal	26
-0.996742	-0.0806608	-0
-0.996739	-0.0806984	1.83931e-005
-0.996738	-0.080703	-0.000100051
-0.996739	-0.0806958	5.58734e-005
-0.996738	-0.0807035	-6.01683e-005
-0.996739	-0.080698	0
-0.996739	-0.0806958	-0
-0.996738	-0.080703	-2.02836e-006
-0.996739	-0.0806958	1.23134e-006
-0.996738	-0.0807035	-7.4155e-006
0.0807404	-0.996735	-0
0.996738	0.0806997	0
0.996739	0.0806991	-5.42422e-006
0.996739	0.0806965	3.55527e-005
0.996738	0.0807001	-4.98997e-006
0.996739	0.0806959	1.41291e-005
0.996736	0.0807248	-0
0.996739	0.0806965	3.32852e-006
0.996738	0.0807001	-1.89024e-006
0.996739	0.0806959	6.89764e-006
0.996739	0.0806991	-1.23228e-006
0.0337231	0.999431	-0
0	-0	-1
-0	-0	1
-0.0807047	0.996738	-0
0.0807015	-0.996738	-0

#	Mesh	0	End

