#	Mesh	0	Begin

#	Vertex	72
72.0884	72.9704	0.838069
72.0881	72.9745	0.839165
72.0878	72.9783	0.840956
72.0875	72.9818	0.843385
72.0873	72.9848	0.84638
72.0871	72.9872	0.84985
72.0869	72.989	0.853689
72.0868	72.9901	0.85778
72.0868	72.9905	0.862
72.0868	72.9901	0.86622
72.0869	72.989	0.870311
72.0871	72.9872	0.87415
72.0873	72.9848	0.87762
72.0875	72.9818	0.880615
72.0878	72.9783	0.883044
72.0881	72.9745	0.884835
72.0884	72.9704	0.885931
72.0888	72.9662	0.8863
72.0891	72.962	0.885931
72.0894	72.9579	0.884835
72.0897	72.9541	0.883044
72.09	72.9507	0.880615
72.0903	72.9477	0.87762
72.0905	72.9453	0.87415
72.0906	72.9435	0.870311
72.0907	72.9424	0.86622
72.0907	72.942	0.862
72.0907	72.9424	0.85778
72.0906	72.9435	0.853689
72.0905	72.9453	0.84985
72.0903	72.9477	0.84638
72.09	72.9507	0.843385
72.0897	72.9541	0.840956
72.0894	72.9579	0.839165
72.0891	72.962	0.838069
72.0888	72.9662	0.8377
74.2674	73.147	0.838069
74.267	73.1511	0.839165
74.2667	73.1549	0.840956
74.2665	73.1584	0.843385
74.2662	73.1613	0.84638
74.266	73.1638	0.84985
74.2659	73.1655	0.853689
74.2658	73.1666	0.85778
74.2657	73.167	0.862
74.2658	73.1666	0.86622
74.2659	73.1655	0.870311
74.266	73.1638	0.87415
74.2662	73.1613	0.87762
74.2665	73.1584	0.880615
74.2667	73.1549	0.883044
74.267	73.1511	0.884835
74.2674	73.147	0.885931
74.2677	73.1428	0.8863
74.2681	73.1386	0.885931
74.2684	73.1345	0.884835
74.2687	73.1307	0.883044
74.269	73.1272	0.880615
74.2692	73.1242	0.87762
74.2694	73.1218	0.87415
74.2696	73.12	0.870311
74.2696	73.1189	0.86622
74.2697	73.1186	0.862
74.2696	73.1189	0.85778
74.2696	73.12	0.853689
74.2694	73.1218	0.84985
74.2692	73.1242	0.84638
74.269	73.1272	0.843385
74.2687	73.1307	0.840956
74.2684	73.1345	0.839165
74.2681	73.1386	0.838069
74.2677	73.1428	0.8377

#	Triangle	91
35	36	71	0	36	35
0	37	36
1	37	0
1	38	37
2	38	1
2	39	38
3	39	2
3	40	39
4	40	3
4	41	40
5	41	4
5	42	41
6	42	5
6	43	42	7	43	6
7	44	43	8	44	7
8	45	44	9	45	8
9	46	45	10	46	9
10	47	46
11	47	10
11	48	47
12	48	11
12	49	48
13	49	12
13	50	49
14	50	13
14	51	50
15	51	14
15	52	51
16	52	15
16	53	52	17	53	16
17	54	53
18	54	17
18	55	54	19	55	18
19	56	55	20	56	19
20	57	56
21	57	20
21	58	57	22	58	21
22	59	58	23	59	22
23	60	59
24	60	23
24	61	60	25	61	24
25	62	61
26	62	25
26	63	62
27	63	26
27	64	63	28	64	27
28	65	64
29	65	28
29	66	65	30	66	29
30	67	66	31	67	30
31	68	67
32	68	31
32	69	68	33	69	32
33	70	69	34	70	33
34	71	70
35	71	34
7	9	8	26	25	27
6	9	7	27	25	24
6	10	9
5	10	6	28	24	23
5	11	10
4	11	5	29	23	22
4	12	11
3	12	4	30	22	21
3	13	12
2	13	3	2	14	13	31	20	32	31	21	20
1	14	2	1	15	14
0	15	1	0	16	15
35	16	0	35	17	16
34	17	35	34	18	17	32	19	33	32	20	19
33	18	34	33	19	18
30	21	31
29	22	30
28	23	29
27	24	28
45	43	44	62	63	61
46	43	45	61	63	64
46	42	43
47	42	46	60	64	65
47	41	42
48	41	47	59	65	66
48	40	41	59	66	58
49	40	48	58	66	67
49	39	40	58	67	57
50	39	49	50	38	39	57	68	56	57	67	68
51	38	50	51	37	38	56	69	55	56	68	69
52	37	51	52	36	37	55	70	54	55	69	70
53	36	52	53	71	36
54	71	53	54	70	71
60	65	59
61	64	60

#	Normal	91
-0.00704321	0.0869277	-0.99619
-0.0209029	0.257985	-0.965923
-0.0208998	0.257948	-0.965933
-0.0341157	0.42106	-0.906391
-0.0341204	0.421117	-0.906364
-0.0462985	0.571419	-0.819351
-0.0463703	0.57228	-0.818746
-0.0571167	0.704907	-0.706997
-0.05704	0.703991	-0.707915
-0.0661521	0.816453	-0.57361
-0.0662247	0.817314	-0.572374
-0.0732155	0.903591	-0.422094
-0.0731554	0.902889	-0.423604
-0.0780033	0.962722	-0.259
-0.0804528	0.992954	-0.0870009
-0.0804528	0.992954	0.0870009
-0.0780033	0.962722	0.259
-0.0732123	0.903591	0.422094
-0.0731586	0.902889	0.423604
-0.066155	0.816453	0.57361
-0.0662218	0.817314	0.572374
-0.0571142	0.704907	0.706997
-0.0570425	0.703991	0.707915
-0.0463005	0.571419	0.819351
-0.0463683	0.57228	0.818746
-0.0341158	0.42106	0.906391
-0.0341203	0.421117	0.906364
-0.0209028	0.257985	0.965923
-0.0208999	0.257948	0.965933
-0.00704321	0.0869277	0.99619
0.00704216	-0.0869148	0.996191
0.00702959	-0.0867558	0.996205
0.0209038	-0.257985	0.965923
0.0341173	-0.42106	0.906391
0.0463005	-0.571419	0.819351
0.0463683	-0.57228	0.818746
0.0571142	-0.704907	0.706997
0.0661521	-0.816453	0.57361
0.0732169	-0.903648	0.421972
0.0731632	-0.902946	0.423481
0.0780038	-0.962685	0.259139
0.0804564	-0.992954	0.0870009
0.0804571	-0.992967	0.086853
0.0804561	-0.992954	-0.0870009
0.0804574	-0.992967	-0.086853
0.0780038	-0.962685	-0.259139
0.0732201	-0.903647	-0.421972
0.07316	-0.902946	-0.423481
0.0661521	-0.816453	-0.57361
0.0571142	-0.704907	-0.706997
0.0462985	-0.571419	-0.819351
0.0463703	-0.57228	-0.818746
0.0341173	-0.42106	-0.906391
0.0209038	-0.257985	-0.965923
0.00704247	-0.0869148	-0.996191
0.00702928	-0.0867558	-0.996205
-3.09882e-006	-2.63729e-007	-0
-9.23052e-006	-7.25255e-007	0
-1.81805e-005	-1.42847e-006	-0
-2.97381e-005	-2.46736e-006	0
-4.34743e-005	-3.60704e-006	-0
-5.86618e-005	-4.7461e-006	0
-7.54141e-005	-6.10147e-006	-0
-9.34744e-005	-7.56582e-006	0
-0.99674	-0.0806761	-0
-0.9967	-0.0811791	0
-0.996848	-0.0793409	0
-0.996624	-0.0820974	0
-0.996821	-0.0796716	0
-0.996685	-0.081362	0
-0.996779	-0.0802006	0
-0.996723	-0.0808859	0
-7.56582e-005	-6.10147e-006	0
-4.34743e-005	-3.41719e-006	0
-1.81805e-005	-1.55833e-006	0
3.09882e-006	2.63729e-007	-0
9.23052e-006	7.25255e-007	0
1.81805e-005	1.42847e-006	-0
2.96083e-005	2.46736e-006	0
4.32845e-005	3.60704e-006	-0
5.88517e-005	4.7461e-006	0
7.56582e-005	6.10147e-006	-0
9.32304e-005	7.56582e-006	0
0.996723	0.0808859	-0
0.996714	0.0809971	0
0.996685	0.081362	0
0.996779	0.0802006	0
0.996821	0.0796716	0
0.996672	0.0815122	0
4.32845e-005	3.41719e-006	0
1.81805e-005	1.55833e-006	0

#	Mesh	0	End

