#	Mesh	0	Begin

#	Vertex	72
-20.0775	78.867	1.15103
-20.0775	78.8634	1.15006
-20.0775	78.86	1.14849
-20.0775	78.857	1.14636
-20.0775	78.8544	1.14372
-20.0775	78.8522	1.14068
-20.0775	78.8507	1.1373
-20.0775	78.8497	1.13371
-20.0775	78.8494	1.13
-20.0775	78.8497	1.12629
-20.0775	78.8507	1.1227
-20.0775	78.8522	1.11932
-20.0775	78.8544	1.11628
-20.0775	78.857	1.11364
-20.0775	78.86	1.11151
-20.0775	78.8634	1.10994
-20.0775	78.867	1.10897
-20.0775	78.8707	1.10865
-20.0775	78.8744	1.10897
-20.0775	78.878	1.10994
-20.0775	78.8814	1.11151
-20.0775	78.8844	1.11364
-20.0775	78.8871	1.11628
-20.0775	78.8892	1.11932
-20.0775	78.8908	1.1227
-20.0775	78.8917	1.12629
-20.0775	78.8921	1.13
-20.0775	78.8917	1.13371
-20.0775	78.8908	1.1373
-20.0775	78.8892	1.14068
-20.0775	78.8871	1.14372
-20.0775	78.8844	1.14636
-20.0775	78.8814	1.14849
-20.0775	78.878	1.15006
-20.0775	78.8744	1.15103
-20.0775	78.8707	1.15135
-19.8794	78.867	1.15103
-19.8794	78.8634	1.15006
-19.8794	78.86	1.14849
-19.8794	78.857	1.14636
-19.8794	78.8544	1.14372
-19.8794	78.8522	1.14068
-19.8794	78.8507	1.1373
-19.8794	78.8497	1.13371
-19.8794	78.8494	1.13
-19.8794	78.8497	1.12629
-19.8794	78.8507	1.1227
-19.8794	78.8522	1.11932
-19.8794	78.8544	1.11628
-19.8794	78.857	1.11364
-19.8794	78.86	1.11151
-19.8794	78.8634	1.10994
-19.8794	78.867	1.10897
-19.8794	78.8707	1.10865
-19.8794	78.8744	1.10897
-19.8794	78.878	1.10994
-19.8794	78.8814	1.11151
-19.8794	78.8844	1.11364
-19.8794	78.8871	1.11628
-19.8794	78.8892	1.11932
-19.8794	78.8908	1.1227
-19.8794	78.8917	1.12629
-19.8794	78.8921	1.13
-19.8794	78.8917	1.13371
-19.8794	78.8908	1.1373
-19.8794	78.8892	1.14068
-19.8794	78.8871	1.14372
-19.8794	78.8844	1.14636
-19.8794	78.8814	1.14849
-19.8794	78.878	1.15006
-19.8794	78.8744	1.15103
-19.8794	78.8707	1.15135

#	Triangle	58
35	36	71	0	36	35
0	37	36	1	37	0
1	38	37	2	38	1
2	39	38	3	39	2
3	40	39	4	40	3
4	41	40	5	41	4
5	42	41	6	42	5
6	43	42	7	43	6
7	44	43	8	44	7
8	45	44	9	45	8
9	46	45	10	46	9
10	47	46	11	47	10
11	48	47	12	48	11
12	49	48	13	49	12
13	50	49	14	50	13
14	51	50	15	51	14
15	52	51	16	52	15
16	53	52	17	53	16
17	54	53	18	54	17
18	55	54	19	55	18
19	56	55	20	56	19
20	57	56	21	57	20
21	58	57	22	58	21
22	59	58	23	59	22
23	60	59	24	60	23
24	61	60	25	61	24
25	62	61	26	62	25
26	63	62	27	63	26
27	64	63	28	64	27
28	65	64	29	65	28
29	66	65	30	66	29
30	67	66	31	67	30
31	68	67	32	68	31
32	69	68	33	69	32
33	70	69	34	70	33
34	71	70	35	71	34
7	9	8	26	25	27
6	9	7	27	25	24
6	10	9	27	24	28
5	10	6	28	24	23
5	11	10	28	23	29
4	11	5	29	23	22
4	12	11	29	22	30
3	12	4	30	22	21
3	13	12	30	21	31
2	13	3	31	21	20
2	14	13	1	14	2	1	15	14	0	15	1	0	16	15	35	16	0	35	17	16	34	17	35	34	18	17	33	18	34	33	19	18	32	19	33	32	20	19	31	20	32
45	43	44	62	63	61
46	43	45	61	63	64
46	42	43	61	64	60
47	42	46	60	64	65
47	41	42	60	65	59
48	41	47	59	65	66
48	40	41	59	66	58
49	40	48	58	66	67
49	39	40	58	67	57
50	39	49	57	67	68
50	38	39	51	38	50	51	37	38	52	37	51	52	36	37	53	36	52	53	71	36	54	71	53	54	70	71	55	70	54	55	69	70	56	69	55	56	68	69	57	68	56

#	Normal	58
-0	-0.0870694	0.996202
-0	-0.258898	0.965905
-0	-0.42239	0.906414
-0	-0.573771	0.819016
-0	-0.706943	0.707271
-0	-0.819372	0.573262
-0	-0.906566	0.422064
-0	-0.965552	0.260209
-0	-0.996288	0.0860775
0	-0.996288	-0.0860775
0	-0.965552	-0.260209
0	-0.906566	-0.422064
0	-0.819372	-0.573262
0	-0.706943	-0.707271
0	-0.573771	-0.819016
0	-0.42239	-0.906414
0	-0.258898	-0.965905
0	-0.0870694	-0.996202
-0	0.0872517	-0.996186
-0	0.258898	-0.965905
-0	0.42239	-0.906414
-0	0.573771	-0.819016
-0	0.706943	-0.707271
-0	0.819372	-0.573262
-0	0.905761	-0.423788
-0	0.966078	-0.258251
-0	0.996288	-0.0860775
-0	0.996288	0.0860775
-0	0.966078	0.258251
-0	0.905761	0.423788
-0	0.819372	0.573262
-0	0.706943	0.707271
-0	0.573771	0.819016
-0	0.42239	0.906414
-0	0.258898	0.965905
-0	0.0872517	0.996186
-2.37505e-006	-0	-0
-7.18308e-006	-0	-0
-1.41479e-005	-0	-0
-2.29332e-005	-0	-0
-3.35263e-005	-0	-0
-4.55358e-005	-0	-0
-5.85394e-005	-0	-0
-7.22629e-005	-0	-0
-8.61198e-005	-0	-0
-9.96639e-005	-0	-0
-1	-0	-0
2.37505e-006	-0	-0
7.18308e-006	-0	-0
1.41479e-005	-0	-0
2.29332e-005	-0	-0
3.35263e-005	-0	-0
4.55358e-005	-0	-0
5.85394e-005	-0	-0
7.22629e-005	-0	-0
8.61198e-005	-0	-0
9.96639e-005	-0	-0
1	-0	-0

#	Mesh	0	End

