#	Mesh	0	Begin

#	Vertex	72
-17.443	105.001	1.50829
-17.443	104.988	1.50471
-17.443	104.975	1.49885
-17.443	104.964	1.4909
-17.443	104.954	1.4811
-17.443	104.946	1.46975
-17.443	104.94	1.45719
-17.443	104.936	1.44381
-17.443	104.935	1.43
-17.443	104.936	1.41619
-17.443	104.94	1.40281
-17.443	104.946	1.39025
-17.443	104.954	1.3789
-17.443	104.964	1.3691
-17.443	104.975	1.36115
-17.443	104.988	1.35529
-17.443	105.001	1.35171
-17.443	105.015	1.3505
-17.443	105.029	1.35171
-17.443	105.042	1.35529
-17.443	105.055	1.36115
-17.443	105.066	1.3691
-17.443	105.076	1.3789
-17.443	105.084	1.39025
-17.443	105.089	1.40281
-17.443	105.093	1.41619
-17.443	105.094	1.43
-17.443	105.093	1.44381
-17.443	105.089	1.45719
-17.443	105.084	1.46975
-17.443	105.076	1.4811
-17.443	105.066	1.4909
-17.443	105.055	1.49885
-17.443	105.042	1.50471
-17.443	105.029	1.50829
-17.443	105.015	1.5095
-17.1404	105.001	1.50829
-17.1404	104.988	1.50471
-17.1404	104.975	1.49885
-17.1404	104.964	1.4909
-17.1404	104.954	1.4811
-17.1404	104.946	1.46975
-17.1404	104.94	1.45719
-17.1404	104.936	1.44381
-17.1404	104.935	1.43
-17.1404	104.936	1.41619
-17.1404	104.94	1.40281
-17.1404	104.946	1.39025
-17.1404	104.954	1.3789
-17.1404	104.964	1.3691
-17.1404	104.975	1.36115
-17.1404	104.988	1.35529
-17.1404	105.001	1.35171
-17.1404	105.015	1.3505
-17.1404	105.029	1.35171
-17.1404	105.042	1.35529
-17.1404	105.055	1.36115
-17.1404	105.066	1.3691
-17.1404	105.076	1.3789
-17.1404	105.084	1.39025
-17.1404	105.089	1.40281
-17.1404	105.093	1.41619
-17.1404	105.094	1.43
-17.1404	105.093	1.44381
-17.1404	105.089	1.45719
-17.1404	105.084	1.46975
-17.1404	105.076	1.4811
-17.1404	105.066	1.4909
-17.1404	105.055	1.49885
-17.1404	105.042	1.50471
-17.1404	105.029	1.50829
-17.1404	105.015	1.5095

#	Triangle	42
35	36	71	0	36	35
0	37	36	1	37	0
1	38	37	2	38	1
2	39	38	3	39	2
3	40	39	4	40	3
4	41	40	5	41	4
5	42	41	6	42	5
6	43	42	7	43	6
7	44	43	8	44	7
8	45	44	9	45	8
9	46	45	10	46	9
10	47	46	11	47	10
11	48	47	12	48	11
12	49	48	13	49	12
13	50	49	14	50	13
14	51	50	15	51	14
15	52	51	16	52	15
16	53	52	17	53	16
17	54	53	18	54	17
18	55	54	19	55	18
19	56	55	20	56	19
20	57	56	21	57	20
21	58	57	22	58	21
22	59	58	23	59	22
23	60	59	24	60	23
24	61	60	25	61	24
25	62	61	26	62	25
26	63	62	27	63	26
27	64	63	28	64	27
28	65	64	29	65	28
29	66	65	30	66	29
30	67	66	31	67	30
31	68	67	32	68	31
32	69	68	33	69	32
33	70	69	34	70	33
34	71	70	35	71	34
7	9	8	26	25	27
6	9	7	27	25	24
6	10	9	5	10	6	5	11	10	4	11	5	4	12	11	3	12	4	3	13	12	2	13	3	2	14	13	1	14	2	1	15	14	0	15	1	0	16	15	35	16	0	35	17	16	34	17	35	34	18	17	33	18	34	33	19	18	32	19	33	32	20	19	31	20	32	31	21	20	30	21	31	30	22	21	29	22	30	29	23	22	28	23	29	28	24	23	27	24	28
45	43	44	62	63	61
46	43	45	61	63	64
46	42	43	47	42	46	47	41	42	48	41	47	48	40	41	49	40	48	49	39	40	50	39	49	50	38	39	51	38	50	51	37	38	52	37	51	52	36	37	53	36	52	53	71	36	54	71	53	54	70	71	55	70	54	55	69	70	56	69	55	56	68	69	57	68	56	57	67	68	58	67	57	58	66	67	59	66	58	59	65	66	60	65	59	60	64	65	61	64	60

#	Normal	42
-0	-0.0871565	0.996195
-0	-0.25887	0.965912
-0	-0.422534	0.906347
-0	-0.573578	0.819151
-0	-0.707182	0.707032
-0	-0.819258	0.573425
-0	-0.90623	0.422785
-0	-0.965938	0.258772
-0	-0.996175	0.0873814
0	-0.996175	-0.0873814
0	-0.965938	-0.258772
0	-0.90623	-0.422785
0	-0.819258	-0.573425
0	-0.707182	-0.707032
0	-0.573578	-0.819151
0	-0.422534	-0.906347
0	-0.25887	-0.965912
0	-0.0871565	-0.996195
-0	0.0871565	-0.996195
-0	0.258729	-0.96595
-0	0.42275	-0.906246
-0	0.573578	-0.819151
-0	0.707182	-0.707032
-0	0.818994	-0.573803
-0	0.90623	-0.422785
-0	0.965938	-0.258772
-0	0.996224	-0.086822
-0	0.996224	0.086822
-0	0.965938	0.258772
-0	0.90623	0.422785
-0	0.818994	0.573803
-0	0.707182	0.707032
-0	0.573578	0.819151
-0	0.42275	0.906246
-0	0.258729	0.96595
-0	0.0871565	0.996195
-3.34341e-005	-0	-0
-9.90081e-005	-0	-0
-1	-0	-0
3.34341e-005	-0	-0
9.90081e-005	-0	-0
1	-0	-0

#	Mesh	0	End

