#	Mesh	0	Begin

#	Vertex	176
48.4612	44.0282	-6.7065
48.4583	44.0634	-6.70185
48.4556	44.0962	-6.68821
48.4533	44.1244	-6.66652
48.4516	44.146	-6.63825
48.4505	44.1596	-6.60533
48.4501	44.1643	-6.57
48.4505	44.1596	-6.53467
48.4516	44.146	-6.50175
48.4533	44.1244	-6.47348
48.4556	44.0962	-6.45179
48.4583	44.0634	-6.43815
48.4612	44.0282	-6.4335
48.464	43.993	-6.43815
48.4667	43.9602	-6.45179
48.469	43.932	-6.47348
48.4707	43.9104	-6.50175
48.4718	43.8968	-6.53467
48.4722	43.8922	-6.57
48.4718	43.8968	-6.60533
48.4707	43.9104	-6.63825
48.469	43.932	-6.66652
48.4667	43.9602	-6.68821
48.464	43.993	-6.70185
48.3262	43.7536	-6.63825
48.3398	43.7536	-6.60533
48.3445	43.7536	-6.57
48.3398	43.7536	-6.53467
48.3262	43.7536	-6.50175
48.3045	43.7536	-6.47348
48.2762	43.7536	-6.45179
48.2433	43.7536	-6.43815
48.208	43.7536	-6.4335
48.1727	43.7536	-6.43815
48.1397	43.7536	-6.45179
48.1115	43.7536	-6.47348
48.0898	43.7536	-6.50175
48.0761	43.7536	-6.53467
48.0715	43.7536	-6.57
48.0761	43.7536	-6.60533
48.0898	43.7536	-6.63825
48.1115	43.7536	-6.66652
48.1397	43.7536	-6.68821
48.1727	43.7536	-6.70185
48.208	43.7536	-6.7065
48.2433	43.7536	-6.70185
48.2762	43.7536	-6.68821
48.3045	43.7536	-6.66652
48.4273	43.9419	-6.45867
48.409	43.909	-6.48061
48.3829	44.1532	-6.57
48.1457	43.9394	-6.48914
48.1755	43.9566	-6.47041
48.1856	43.9973	-6.48831
48.2585	44.0988	-6.57
48.2988	44.115	-6.52943
48.3184	44.1311	-6.57
48.361	44.1433	-6.53928
48.124	43.7971	-6.46448
48.1851	44.0287	-6.52943
48.2356	44.0783	-6.53928
48.2047	44.057	-6.57
48.3988	44.0412	-6.43569
48.3834	44.0008	-6.43379
48.1398	43.9744	-6.53928
48.1585	44.0069	-6.57
48.402	44.1072	-6.46507
48.3727	44.1261	-6.49361
48.338	44.0916	-6.46956
48.229	43.8334	-6.43379
48.2054	43.8849	-6.4373
48.2543	43.908	-6.4335
48.4034	43.9695	-6.44123
48.432	43.8828	-6.57
48.406	43.8745	-6.53489
48.3506	43.7944	-6.57
48.3567	43.821	-6.53489
48.3783	44.072	-6.44728
48.3697	43.8585	-6.50632
48.3226	43.8153	-6.48061
48.3403	43.8115	-6.5069
48.2954	44.0444	-6.45329
48.2489	44.0432	-6.47417
48.2252	43.9918	-6.45653
48.3964	43.862	-6.57
48.2479	44.0699	-6.50287
48.3301	44.0201	-6.4373
48.4142	43.8917	-6.5069
48.157	43.8281	-6.44707
48.1313	43.8559	-6.46846
48.2482	43.9612	-6.43897
48.1212	43.9499	-6.57
48.1066	43.9121	-6.54091
48.0771	43.8215	-6.57
48.0865	43.841	-6.53163
48.0939	43.8876	-6.57
48.307	43.968	-6.43352
48.3463	43.9322	-6.44314
48.3486	43.9633	-6.43604
48.2619	43.816	-6.44123
48.1019	43.8239	-6.49275
48.1239	43.8852	-6.4857
48.3486	44.1313	-6.51638
48.1148	43.8993	-6.50673
48.2785	43.8696	-6.43949
48.19	43.8148	-6.43569
48.3158	43.8907	-6.44685
48.3499	43.8768	-6.47079
48.3777	43.9257	-6.45498
48.3684	43.8316	-6.57
48.2912	43.7944	-6.45867
48.3034	43.8452	-6.45498
48.1747	43.9157	-6.4548
48.3071	44.1049	-6.50064
48.1575	43.9836	-6.51181
48.2796	44.0075	-6.44305
48.3047	43.9184	-6.43739
48.2892	43.9852	-6.43615
48.1477	43.9092	-6.47161
48.3834	44.0008	-6.70621
48.3512	43.9485	-6.70051
48.311	43.9695	-6.7065
48.19	43.8148	-6.70431
48.229	43.8334	-6.70621
48.3301	44.0201	-6.7027
48.3988	44.0412	-6.70431
48.4034	43.9695	-6.69877
48.3846	44.0733	-6.69301
48.406	43.8745	-6.60511
48.2356	44.0783	-6.60072
48.1851	44.0287	-6.61057
48.3567	43.821	-6.60511
48.4273	43.9419	-6.68133
48.409	43.909	-6.65939
48.3777	43.9257	-6.68502
48.1032	43.8339	-6.64639
48.1348	43.8712	-6.67044
48.1245	43.8062	-6.67493
48.3403	43.8115	-6.6331
48.3793	44.1276	-6.64697
48.3602	44.1394	-6.61318
48.2165	44.0308	-6.65169
48.2252	43.9918	-6.68347
48.1758	43.964	-6.66583
48.1492	43.9628	-6.63713
48.1191	43.901	-6.63936
48.1083	43.9084	-6.61057
48.0851	43.8441	-6.60072
48.2998	44.101	-6.63956
48.3603	44.0984	-6.67206
48.2974	44.0504	-6.68416
48.295	44.1164	-6.59909
48.1784	43.9175	-6.68671
48.3333	43.9097	-6.69315
48.3499	43.8768	-6.66921
48.3034	43.8452	-6.68502
48.1398	43.9744	-6.60072
48.3226	43.8153	-6.65939
48.2944	43.8759	-6.69686
48.2619	43.816	-6.69877
48.2636	43.8711	-6.70396
48.3697	43.8585	-6.63368
48.4142	43.8917	-6.6331
48.2912	43.7944	-6.68133
48.2575	43.9713	-6.70103
48.1577	43.8327	-6.69272
48.2054	43.8849	-6.7027
48.0961	43.8574	-6.62362
48.2591	44.0691	-6.64849
48.2278	44.0599	-6.62819
48.2555	43.9122	-6.70648
48.256	44.0446	-6.66907
48.3028	44.0805	-6.66503
48.2139	43.9363	-6.69695
48.3047	43.9184	-6.70261
48.2369	43.9285	-6.70385

#	Triangle	323
1	23	0
2	23	1
2	22	23
3	22	2	10	14	15
3	21	22	10	15	9
4	21	3	9	15	16
4	20	21	9	16	8
5	20	4
5	19	20
6	19	5
6	18	19
7	18	6
7	17	18
8	17	7
8	16	17
11	14	10
11	13	14
12	13	11
45	43	44	46	43	45	46	42	43	47	42	46	47	41	42	24	41	47	24	40	41	25	40	24	25	39	40	26	39	25	26	38	39	27	38	26	27	37	38	28	37	27	28	36	37	29	36	28	29	35	36	30	35	29	30	34	35	31	34	30	31	33	34	32	33	31
49	15	48
50	7	6
53	51	52
56	54	55
56	57	50
34	58	35
61	59	60
63	12	62
60	54	61
55	57	56
65	64	59
59	61	65
10	9	66
66	67	68
31	69	32
71	70	69
13	12	63
11	62	12
13	72	14
13	63	72
74	73	17
76	27	75
66	77	10
80	78	79
83	81	82
74	84	73
59	53	85
17	73	18
74	78	76
86	77	81
49	78	87
11	10	77
15	14	48
16	87	17
58	88	89
71	90	70
64	91	92
7	57	8
95	93	94
86	96	63
98	97	72
37	94	93
99	31	30
36	100	94
89	101	100
100	36	35
37	36	94
8	57	102
92	103	64
38	37	93
69	99	104
105	33	32
108	106	107
74	76	84
9	8	67
84	76	109
27	26	75
27	76	80
49	16	15
75	109	76
82	53	83
110	30	29
110	79	111
104	71	69
112	89	88
33	88	34
91	64	65
69	31	99
69	70	105
107	111	79
67	113	68
60	85	55
55	85	113
28	79	29
68	81	77
86	62	77
76	78	80
107	78	49
108	97	106
74	87	78
64	114	59
51	53	114
33	105	88
112	70	90
88	70	112
53	52	83
59	85	60
60	55	54
92	91	95
53	59	114
55	102	57
57	7	50
30	110	99
104	111	106
98	63	96
108	48	72
82	68	113
115	83	90
79	78	107
107	49	108
92	95	94
94	103	92
58	100	35
103	94	100
32	69	105
70	88	105
11	77	62
86	63	62
71	116	96
112	90	83
96	117	71
86	81	115
63	98	72
117	86	115
81	68	82
85	53	82
80	79	28
28	27	80
74	17	87
87	16	49
114	64	103
103	51	114
101	89	118
52	118	112
51	118	52
112	83	52
103	101	51
89	112	118
118	51	101
103	100	101
98	96	116
116	97	98
116	106	97
108	72	97
116	104	106
111	107	106
116	71	104
99	111	104
9	67	66
68	77	66
29	79	110
111	99	110
14	72	48
108	49	48
34	88	58
89	100	58
82	113	85
67	102	113
55	113	102
67	8	102
81	83	115
90	117	115
90	71	117
96	86	117
121	119	120
123	44	122
119	124	125
23	119	0
126	119	23
45	44	123
19	18	73
1	127	2
84	128	73
61	129	130
84	109	131
134	132	133
54	129	61
137	135	136
24	138	25
22	21	132
140	4	139
143	141	142
140	5	4
146	144	145
39	147	40
50	6	5
140	139	148
150	149	127
54	151	129
1	0	125
142	152	143
50	5	140
140	56	50
155	153	154
135	145	136
146	156	144
157	24	47
121	124	119
131	128	84
160	158	159
131	161	128
131	75	25
75	26	25
130	141	144
20	133	21
162	19	128
45	123	159
41	40	135
122	44	43
157	47	163
121	164	124
46	45	159
166	165	152
47	46	163
128	19	73
42	137	165
91	65	156
65	61	130
2	149	3
157	161	138
147	95	146
162	161	133
2	127	149
41	137	42
95	91	146
155	154	157
39	38	93
126	23	22
151	148	129
147	93	95
40	147	167
146	91	156
43	42	165
169	168	141
119	126	120
109	75	131
166	170	123
139	4	3
136	152	165
166	122	165
128	161	162
154	161	157
158	153	155
131	138	161
129	169	130
172	150	171
151	54	56
141	130	169
156	65	130
130	144	156
146	167	147
147	39	93
1	125	127
150	124	164
127	124	150
141	171	142
139	3	149
149	148	139
22	132	126
120	134	153
160	123	170
155	163	159
143	136	145
173	142	164
154	134	133
133	161	154
151	56	140
140	148	151
0	119	125
124	127	125
43	165	122
166	123	122
121	174	170
150	164	142
170	175	121
166	152	173
123	160	159
175	166	173
152	136	143
144	141	143
162	133	20
20	19	162
131	25	138
138	24	157
169	129	148
148	168	169
149	172	148
168	171	141
168	172	171
150	142	171
168	148	172
149	150	172
160	170	174
174	158	160
174	153	158
155	159	158
174	120	153
134	154	153
174	121	120
126	134	120
41	135	137
136	165	137
21	133	132
134	126	132
46	159	163
155	157	163
143	145	144
135	167	145
146	145	167
135	40	167
152	142	173
164	175	173
164	121	175
170	166	175

#	Normal	323
0.996715	0.080991	0.000452532
0.996715	0.080991	0.000100436
0.996713	0.0810133	-6.95969e-005
0.996713	0.0810133	-4.95884e-005
0.996714	0.0810022	3.50651e-005
0.996714	0.0810022	2.40321e-005
0.996713	0.081008	-1.96221e-005
0.996713	0.081008	-8.94047e-005
0.996714	0.0810004	-3.19898e-005
0.996714	0.0810004	5.90175e-005
0.996714	0.0810014	5.13216e-005
0.996714	0.0810014	-5.88841e-005
0.996714	0.0810004	-5.11882e-005
0.996714	0.0810004	8.62741e-005
0.996713	0.081008	2.88592e-005
0.996713	0.0810133	-4.63898e-005
0.996715	0.080991	0.000123637
0.996715	0.080991	-0.000452532
-0	-1	-0
0.136678	-0.601053	0.787435
-0.16171	0.978222	0.130122
-0.645986	0.435779	0.626737
-0.471583	0.873755	0.119005
-0.322604	0.943787	0.07206
-0.608728	0.0115395	0.793295
-0.672122	0.719116	0.176417
-0.0233312	0.0557892	0.99817
-0.612041	0.787867	0.0683481
-0.385199	0.906332	0.173738
-0.7712	0.611647	0.176462
-0.730172	0.673268	0.116444
-0.0733128	0.604653	0.793108
-0.217255	0.695271	0.685127
0.130473	-0.0308512	0.990972
-0.0899563	0.0267239	0.995587
0.0413135	-0.127538	0.990973
-0.0075281	0.130357	0.991439
0.098809	-0.375021	0.921735
0.0324357	-0.211311	0.97688
0.320371	-0.947161	0.0157414
0.970009	-0.242563	0.0156959
-0.108956	0.505892	0.855688
0.708902	-0.450187	0.542945
-0.374734	0.450811	0.81015
0.496531	-0.851477	0.168653
-0.613713	0.623847	0.483912
0.226185	-0.965489	0.129117
0.642787	-0.59267	0.485353
-0.181894	0.346253	0.920339
0.506112	-0.670109	0.542959
-0.0650018	0.378399	0.923357
0.138587	-0.597061	0.790134
0.260234	-0.889381	0.375872
-0.551554	0.124351	0.824818
-0.118454	0.0880804	0.989045
-0.872936	0.461106	0.159263
-0.184634	0.906256	0.380277
-0.963311	0.244219	0.111306
-0.0339964	0.0872956	0.995602
0.117407	-0.22896	0.96633
-0.977013	0.109351	0.182999
0.381784	-0.0681236	0.921738
-0.908251	0.104391	0.405194
-0.740454	0.192693	0.643893
-0.792008	0.0584839	0.607703
-0.91964	0.0956612	0.380934
-0.1836	0.907548	0.377688
-0.827319	0.431521	0.35963
-0.988102	0.0819912	0.130121
0.176332	-0.0865184	0.980521
-0.130535	-0.00304942	0.991439
0.370769	-0.470095	0.800963
0.734567	-0.677294	0.0410446
-0.13506	0.782971	0.607219
0.734592	-0.677263	0.0411102
0.98065	-0.147229	0.129031
0.872481	-0.216781	0.437929
0.22268	-0.767645	0.600946
0.888879	-0.42596	0.168676
-0.508076	0.479782	0.71531
0.60631	-0.0897801	0.790144
0.650936	-0.209077	0.729773
0.154824	-0.0562344	0.98634
-0.509085	0.177122	0.842294
-0.382496	0.0304009	0.923457
-0.83485	0.546211	0.0684061
0.213244	-0.0152231	0.97688
-0.0664197	0.0375796	0.997084
0.507116	-0.350823	0.787246
-0.301968	0.73008	0.613025
-0.510094	0.783868	0.354055
-0.475734	0.778106	0.410155
0.783121	-0.159778	0.600992
-0.224898	0.492895	0.840521
-0.110261	0.285777	0.951932
0.806985	-0.50858	0.300203
0.458406	-0.659752	0.595476
0.284852	-0.292087	0.912987
0.572266	-0.763154	0.300179
-0.759341	0.580427	0.294118
-0.68963	0.466884	0.55356
-0.30869	0.0490431	0.949897
-0.324096	0.201946	0.924218
-0.367086	0.155061	0.917172
-0.521114	0.448485	0.726156
-0.613705	0.697923	0.369146
-0.514495	0.839359	0.175417
-0.913908	0.401316	0.0609694
-0.667561	0.587825	0.456971
-0.362751	0.891244	0.272206
-0.185167	0.966614	0.17712
0.491667	-0.0340488	0.870117
0.32222	-0.250158	0.913014
0.0483771	-0.104542	0.993343
0.196724	-0.397209	0.896396
-0.384555	0.646078	0.659318
-0.307966	0.288254	0.906679
0.694713	-0.403461	0.595477
0.390737	-0.477021	0.787258
-0.942486	0.288404	0.168946
-0.897804	0.296247	0.325861
-0.746976	0.0790074	0.66014
-0.866	0.23056	0.443719
-0.0574991	0.0187374	0.99817
-0.294021	0.0867972	0.95185
-0.0754189	0.307706	0.948488
-0.0428376	0.0631543	0.997084
0.0934698	-0.0818066	0.992256
-0.350835	0.253018	0.901608
-0.0795814	0.0701155	0.994359
-0.18893	0.337436	0.922194
0.111161	-0.161958	0.980517
-0.165343	0.225219	0.960176
-0.348013	0.570663	0.743795
-0.561322	0.596823	0.573341
0.810367	-0.146619	0.567281
0.90753	-0.187283	0.375918
0.286782	-0.852076	0.437862
0.211803	-0.795782	0.567336
-0.816082	0.43622	0.379106
-0.797084	0.429338	0.424648
-0.666961	0.246118	0.70327
-0.554392	0.306068	0.773933
-0.636385	0.356502	0.684047
-0.460914	0.324274	0.826078
-0.756989	0.339787	0.558132
-0.552188	0.216926	0.805004
-0.703166	0.322929	0.633462
-0.822325	0.236748	0.517429
0.0512732	-0.0801609	0.995462
0.207605	-0.231837	0.950343
0.209915	-0.239904	0.94783
0.244391	-0.418432	0.87475
0.297867	-0.200005	0.93342
0.473662	-0.277477	0.835854
0.0959124	-0.0941245	0.99093
0.407208	-0.155639	0.899977
-0.145694	0.748525	0.646903
-0.189272	0.541605	0.819049
0.610129	-0.0875575	0.78745
0.41184	-0.163919	0.896392
0.0737473	-0.487291	0.87012
0.261096	-0.631876	0.729769
-0.512259	0.0647789	0.856384
-0.71372	0.135129	0.687273
-0.414044	0.659992	0.62688
-0.313575	0.799025	0.51306
-0.377999	0.834088	0.401763
-0.18535	0.897537	0.400091
-0.324517	0.380259	0.866079
-0.190903	0.213588	0.95809
-0.119485	0.0879506	0.988933
-0.0542921	0.0961812	0.993882
0.0685863	-0.149757	-0.986341
-0.0574991	0.0187374	-0.99817
-0.0428376	0.0631543	-0.997084
0.0413135	-0.127538	-0.990973
0.0324357	-0.211311	-0.97688
0.130473	-0.0308512	-0.990972
0.226185	-0.965489	-0.129117
-0.0597707	0.378888	-0.92351
0.496531	-0.851477	-0.168653
-0.672122	0.719116	-0.176417
0.734592	-0.677263	-0.0411102
0.261096	-0.631876	-0.729769
-0.612041	0.787867	-0.0683481
-0.710581	0.160195	-0.685136
0.90753	-0.187283	-0.375918
0.138587	-0.597061	-0.790134
-0.17805	0.8935	-0.412258
-0.519367	0.467486	-0.715342
-0.17054	0.908775	-0.380846
-0.81408	0.411157	-0.410151
-0.918206	0.110635	-0.38034
-0.16171	0.978222	-0.130122
-0.319523	0.824031	-0.467843
-0.21543	0.494776	-0.841895
-0.530336	0.832711	-0.159171
-0.0075281	0.130357	-0.991439
-0.479713	0.337006	-0.810125
-0.197436	0.959293	-0.201931
-0.320677	0.938152	-0.130528
0.498587	-0.331461	-0.800965
-0.75216	0.241853	-0.612994
-0.822603	0.444925	-0.354071
0.783121	-0.159778	-0.600992
-0.033922	0.0874983	-0.995587
0.734567	-0.677294	-0.0410446
0.237722	-0.0984823	-0.966328
0.642787	-0.59267	-0.485353
0.970009	-0.242563	-0.0156959
0.98065	-0.147229	-0.129031
-0.671562	0.56115	-0.483854
0.22268	-0.767645	-0.600946
0.286782	-0.852076	-0.437862
0.213244	-0.0152231	-0.97688
-0.791354	0.0711813	-0.607201
-0.130535	-0.00304942	-0.991439
0.610129	-0.0875575	-0.78745
-0.0973909	0.110939	-0.989044
0.381784	-0.0681236	-0.921738
-0.359855	0.153234	-0.920339
0.60631	-0.0897801	-0.790144
0.320371	-0.947161	-0.0157414
-0.513041	0.0676215	-0.855696
-0.83485	0.546211	-0.0684061
-0.730172	0.673268	-0.116444
-0.120405	0.599443	-0.791309
0.708902	-0.450187	-0.542945
-0.93456	0.310539	-0.173676
0.506112	-0.670109	-0.542959
-0.125765	0.561526	-0.817846
-0.608592	0.0240934	-0.793118
-0.909107	0.399208	-0.118985
0.507116	-0.350823	-0.787246
-0.988102	0.0819912	-0.130121
0.098809	-0.375021	-0.921735
-0.496946	0.789363	-0.360487
-0.966819	0.245108	-0.0719901
-0.919442	0.109468	-0.37768
-0.878263	0.44482	-0.175466
-0.382449	0.0341482	-0.923345
-0.540542	0.645735	-0.539297
0.100518	-0.168747	-0.980521
0.888879	-0.42596	-0.168676
-0.0897627	0.0268134	-0.995602
-0.12661	0.784112	-0.607567
-0.509468	0.184206	-0.840542
-0.293777	0.086745	-0.95193
0.572266	-0.763154	-0.300179
0.694713	-0.403461	-0.595477
0.314211	-0.260254	-0.912984
0.806985	-0.50858	-0.300203
-0.640006	0.709814	-0.294204
-0.353095	0.546802	-0.759165
-0.474076	0.878375	-0.060905
-0.639954	0.617852	-0.456857
-0.7712	0.611647	-0.176462
-0.745342	0.555143	-0.369163
-0.917708	0.289387	-0.272153
-0.978448	0.106274	-0.177048
-0.0733018	0.30224	-0.950409
-0.231763	0.313069	-0.921018
-0.18686	0.357796	-0.914913
-0.489076	0.483092	-0.726242
-0.154019	0.699767	-0.69757
-0.300866	0.726684	-0.617583
0.0737473	-0.487291	-0.87012
0.275443	-0.300898	-0.913012
0.108108	-0.0397468	-0.993344
0.41184	-0.163919	-0.896392
-0.675113	0.330986	-0.659296
-0.312238	0.28362	-0.906679
0.390737	-0.477021	-0.787258
0.458406	-0.659752	-0.595476
-0.359878	0.916907	-0.172539
-0.378397	0.848871	-0.369099
-0.0233312	0.0557892	-0.99817
-0.110414	0.286287	-0.951761
-0.312799	0.0502625	-0.948489
-0.0664197	0.0375796	-0.997084
0.089107	-0.0865331	-0.992256
-0.278375	0.332311	-0.901153
-0.0763365	0.0736443	-0.994359
-0.351632	0.160967	-0.922196
0.170423	-0.0976812	-0.980517
-0.23784	0.146547	-0.960186
-0.596991	0.300673	-0.743773
-0.640352	0.511076	-0.573368
0.211803	-0.795782	-0.567336
0.260234	-0.889381	-0.375872
0.872481	-0.216781	-0.437929
0.810367	-0.146619	-0.567281
-0.503189	0.777153	-0.377934
-0.498436	0.755969	-0.42435
-0.301698	0.725125	-0.619009
-0.489175	0.596735	-0.636094
-0.413677	0.61595	-0.67043
-0.361318	0.43538	-0.824556
-0.406275	0.687851	-0.6015
-0.268382	0.551134	-0.790078
0.0840498	-0.0446075	-0.995463
0.247893	-0.188137	-0.950344
0.256125	-0.189787	-0.94783
0.436849	-0.2097	-0.874751
0.223475	-0.280683	-0.933422
0.314946	-0.449626	-0.83585
0.101583	-0.0879699	-0.99093
0.188116	-0.393271	-0.899972
-0.75785	0.0845843	-0.646923
-0.555129	0.144754	-0.819072
0.136678	-0.601053	-0.787435
0.196724	-0.397209	-0.896396
0.491667	-0.0340488	-0.870117
0.650936	-0.209077	-0.729773
-0.691359	0.359235	-0.626875
-0.821782	0.247836	-0.513081
-0.861955	0.309224	-0.401764
-0.909612	0.112023	-0.400071
-0.405317	0.292664	-0.866063
-0.228319	0.172956	-0.958101
-0.0973454	0.111971	-0.988932
-0.100266	0.0463296	-0.993881

#	Mesh	0	End

