#	Mesh	0	Begin

#	Vertex	294
48.208	35.4039	-6.73924
48.1642	35.4039	-6.73347
48.1234	35.4039	-6.71656
48.0883	35.4039	-6.68967
48.0614	35.4039	-6.65462
48.0445	35.4039	-6.6138
48.0387	35.4039	-6.57
48.0445	35.4039	-6.5262
48.0614	35.4039	-6.48538
48.0883	35.4039	-6.45033
48.1234	35.4039	-6.42344
48.1642	35.4039	-6.40653
48.208	35.4039	-6.40076
48.2518	35.4039	-6.40653
48.2926	35.4039	-6.42344
48.3277	35.4039	-6.45033
48.3545	35.4039	-6.48538
48.3715	35.4039	-6.5262
48.3772	35.4039	-6.57
48.3715	35.4039	-6.6138
48.3545	35.4039	-6.65462
48.3277	35.4039	-6.68967
48.2926	35.4039	-6.71656
48.2518	35.4039	-6.73347
48.2926	35.3393	-6.71656
48.3277	35.3393	-6.68967
48.2849	35.3393	-6.70328
48.2478	35.3393	-6.71866
48.2518	35.3393	-6.73347
48.3168	35.3393	-6.67882
48.3545	35.3393	-6.65462
48.3413	35.3393	-6.64695
48.3566	35.3393	-6.60983
48.3715	35.3393	-6.6138
48.3619	35.3393	-6.57
48.3772	35.3393	-6.57
48.3566	35.3393	-6.53017
48.3715	35.3393	-6.5262
48.3413	35.3393	-6.49305
48.3545	35.3393	-6.48538
48.3168	35.3393	-6.46118
48.3277	35.3393	-6.45033
48.2849	35.3393	-6.43672
48.2926	35.3393	-6.42344
48.2478	35.3393	-6.42134
48.2518	35.3393	-6.40653
48.208	35.3393	-6.4161
48.208	35.3393	-6.40076
48.1682	35.3393	-6.42134
48.1642	35.3393	-6.40653
48.131	35.3393	-6.43672
48.1234	35.3393	-6.42344
48.0992	35.3393	-6.46118
48.0883	35.3393	-6.45033
48.0869	35.3393	-6.47711
48.0747	35.3393	-6.49305
48.0614	35.3393	-6.48538
48.0445	35.3393	-6.5262
48.067	35.3393	-6.51161
48.0632	35.3393	-6.52089
48.0593	35.3393	-6.53017
48.0387	35.3393	-6.57
48.058	35.3393	-6.54013
48.0567	35.3393	-6.55008
48.0554	35.3393	-6.56004
48.0541	35.3393	-6.57
48.0445	35.3393	-6.6138
48.0554	35.3393	-6.57996
48.0567	35.3393	-6.58992
48.058	35.3393	-6.59987
48.0593	35.3393	-6.60983
48.0614	35.3393	-6.65462
48.0632	35.3393	-6.61911
48.067	35.3393	-6.62839
48.0747	35.3393	-6.64695
48.0883	35.3393	-6.68967
48.0869	35.3393	-6.66289
48.0992	35.3393	-6.67882
48.1234	35.3393	-6.71656
48.131	35.3393	-6.70328
48.1642	35.3393	-6.73347
48.1682	35.3393	-6.71866
48.208	35.3393	-6.73924
48.208	35.3393	-6.7239
48.2702	35.1213	-6.67773
48.3048	35.1213	-6.66686
48.2765	35.1213	-6.68863
48.2402	35.1213	-6.69016
48.2959	35.1213	-6.65796
48.3266	35.1213	-6.63849
48.3157	35.1213	-6.6322
48.3281	35.1213	-6.6022
48.3403	35.1213	-6.60546
48.3324	35.1213	-6.57
48.345	35.1213	-6.57
48.3281	35.1213	-6.5378
48.3403	35.1213	-6.53454
48.3157	35.1213	-6.5078
48.3266	35.1213	-6.50151
48.2959	35.1213	-6.48204
48.3048	35.1213	-6.47314
48.2702	35.1213	-6.46227
48.2765	35.1213	-6.45137
48.2402	35.1213	-6.44984
48.2434	35.1213	-6.43768
48.208	35.1213	-6.4456
48.208	35.1213	-6.43301
48.1758	35.1213	-6.44984
48.1725	35.1213	-6.43768
48.1458	35.1213	-6.46227
48.1395	35.1213	-6.45137
48.12	35.1213	-6.48204
48.1111	35.1213	-6.47314
48.1101	35.1213	-6.49492
48.1003	35.1213	-6.5078
48.0893	35.1213	-6.50151
48.0757	35.1213	-6.53454
48.0971	35.1213	-6.5153
48.094	35.1213	-6.5228
48.0909	35.1213	-6.5303
48.0878	35.1213	-6.5378
48.071	35.1213	-6.57
48.0868	35.1213	-6.54585
48.0857	35.1213	-6.5539
48.0836	35.1213	-6.57
48.0757	35.1213	-6.60546
48.0857	35.1213	-6.5861
48.0868	35.1213	-6.59415
48.0878	35.1213	-6.6022
48.0893	35.1213	-6.63849
48.0909	35.1213	-6.6097
48.094	35.1213	-6.6172
48.0971	35.1213	-6.6247
48.1003	35.1213	-6.6322
48.1111	35.1213	-6.66686
48.1101	35.1213	-6.64508
48.12	35.1213	-6.65796
48.1395	35.1213	-6.68863
48.1458	35.1213	-6.67773
48.1725	35.1213	-6.70232
48.1758	35.1213	-6.69016
48.208	35.1213	-6.70699
48.208	35.1213	-6.6944
48.2434	35.1213	-6.70232
48.2434	35.0677	-6.70232
48.2765	35.0677	-6.68863
48.3048	35.0677	-6.66686
48.3266	35.0677	-6.63849
48.3403	35.0677	-6.60546
48.345	35.0677	-6.57
48.3403	35.0677	-6.53454
48.3266	35.0677	-6.50151
48.3048	35.0677	-6.47314
48.2765	35.0677	-6.45137
48.2434	35.0677	-6.43768
48.208	35.0677	-6.43301
48.1725	35.0677	-6.43768
48.1395	35.0677	-6.45137
48.1111	35.0677	-6.47314
48.0893	35.0677	-6.50151
48.0757	35.0677	-6.53454
48.071	35.0677	-6.57
48.0757	35.0677	-6.60546
48.0893	35.0677	-6.63849
48.1111	35.0677	-6.66686
48.1395	35.0677	-6.68863
48.1725	35.0677	-6.70232
48.208	35.0677	-6.70699
48.0571	35.3202	-6.57812
48.0566	35.3209	-6.57
48.0654	35.309	-6.61604
48.1078	35.221	-6.66477
48.0917	35.1476	-6.62287
48.107	35.1894	-6.65753
48.1087	35.2048	-6.6625
48.1044	35.237	-6.66427
48.1035	35.1752	-6.65015
48.099	35.2521	-6.66124
48.094	35.152	-6.62937
48.0989	35.1627	-6.64069
48.0894	35.1432	-6.61636
48.0631	35.3122	-6.60891
48.0607	35.3155	-6.60177
48.0714	35.3006	-6.62871
48.0831	35.1325	-6.58625
48.0823	35.1311	-6.57
48.0844	35.1346	-6.59406
48.0875	35.1399	-6.60912
48.0592	35.3175	-6.59401
48.0856	35.1366	-6.60187
48.0576	35.3195	-6.58625
48.0854	35.279	-6.64876
48.0925	35.2662	-6.656
48.0782	35.2905	-6.63964
48.0856	35.1366	-6.53813
48.0831	35.1325	-6.55375
48.0844	35.1346	-6.54594
48.0875	35.1399	-6.53088
48.0917	35.1476	-6.51713
48.094	35.152	-6.51063
48.0989	35.1627	-6.49931
48.0894	35.1432	-6.52364
48.107	35.1894	-6.48247
48.1035	35.1752	-6.48985
48.0607	35.3155	-6.53823
48.0631	35.3122	-6.53109
48.0654	35.309	-6.52396
48.0571	35.3202	-6.56188
48.0592	35.3175	-6.54599
48.0576	35.3195	-6.55375
48.0714	35.3006	-6.51129
48.0854	35.279	-6.49124
48.0925	35.2662	-6.484
48.0782	35.2905	-6.50036
48.099	35.2521	-6.47876
48.1078	35.221	-6.47523
48.1087	35.2048	-6.4775
48.1044	35.237	-6.47573
48.0387	35.3193	-6.55772
48.0387	35.3177	-6.54544
48.0387	35.3209	-6.57
48.0387	35.313	-6.53399
48.0387	35.3082	-6.52255
48.0387	35.2931	-6.5029
48.0387	35.2735	-6.48781
48.0387	35.2506	-6.47833
48.0387	35.226	-6.4751
48.0387	35.1786	-6.48781
48.0387	35.2015	-6.47833
48.0387	35.1589	-6.5029
48.0387	35.1344	-6.54544
48.0387	35.1311	-6.57
48.0387	35.1438	-6.52255
48.0387	35.1344	-6.59456
48.0387	35.1438	-6.61745
48.0387	35.1589	-6.6371
48.0387	35.1786	-6.65219
48.0387	35.313	-6.60601
48.0387	35.2015	-6.66167
48.0387	35.226	-6.6649
48.0387	35.2506	-6.66167
48.0387	35.2735	-6.65219
48.0387	35.3177	-6.59456
48.0387	35.3193	-6.58228
48.0387	35.2931	-6.6371
48.0387	35.3082	-6.61745
48.0387	35.152	-6.64406
48.0387	35.1737	-6.66071
48.0387	35.1353	-6.62237
48.0387	35.1249	-6.59711
48.0387	35.1213	-6.57
48.0387	35.1249	-6.54289
48.0387	35.1353	-6.51763
48.0387	35.152	-6.49594
48.0387	35.1737	-6.47929
48.0387	35.1989	-6.46883
48.0387	35.226	-6.46526
48.0387	35.2531	-6.46883
48.0387	35.2784	-6.47929
48.0387	35.3001	-6.49594
48.0387	35.3167	-6.51763
48.0387	35.3272	-6.54289
48.0387	35.3308	-6.57
48.0387	35.3272	-6.59711
48.0387	35.3167	-6.62237
48.0387	35.3001	-6.64406
48.0387	35.2784	-6.66071
48.0387	35.2531	-6.67117
48.0387	35.226	-6.67474
48.0387	35.1989	-6.67117
47.9961	35.1353	-6.62237
47.9961	35.1249	-6.59711
47.9961	35.1213	-6.57
47.9961	35.1249	-6.54289
47.9961	35.1353	-6.51763
47.9961	35.152	-6.49594
47.9961	35.1737	-6.47929
47.9961	35.1989	-6.46883
47.9961	35.226	-6.46526
47.9961	35.2531	-6.46883
47.9961	35.2784	-6.47929
47.9961	35.3001	-6.49594
47.9961	35.3167	-6.51763
47.9961	35.3272	-6.54289
47.9961	35.3308	-6.57
47.9961	35.3272	-6.59711
47.9961	35.3167	-6.62237
47.9961	35.3001	-6.64406
47.9961	35.2784	-6.66071
47.9961	35.2531	-6.67117
47.9961	35.226	-6.67474
47.9961	35.1989	-6.67117
47.9961	35.1737	-6.66071
47.9961	35.152	-6.64406

#	Triangle	263
1	23	0	2	23	1	2	22	23	3	22	2	3	21	22	4	21	3	4	20	21	5	20	4	5	19	20	6	19	5	6	18	19	7	18	6	7	17	18	8	17	7	8	16	17	9	16	8	9	15	16	10	15	9	10	14	15	11	14	10	11	13	14	12	13	11	86	84	85	86	87	84	84	88	85	89	85	88	88	90	89	90	91	89	92	89	91	92	91	93	93	94	92	95	94	93	94	95	96	95	97	96	98	96	97	97	99	98	99	100	98	101	100	99	100	101	102	101	103	102	104	102	103	103	105	104	105	106	104	105	107	106	107	108	106	107	109	108	110	108	109	110	109	111	111	112	110	113	112	111	114	112	113	115	112	114	114	116	115	117	116	114	118	116	117	119	116	118	120	116	119	121	116	120	122	121	120	123	121	122	124	121	123	125	121	124	126	125	124	127	125	126	128	125	127	128	129	125	130	129	128	131	129	130	132	129	131	133	129	132	133	134	129	135	134	133	136	134	135	134	136	137	136	138	137	138	139	137	139	138	140	141	139	140	141	140	142	143	142	87	143	141	142	87	86	143
26	24	25	27	24	26	24	27	28	29	26	25	25	30	29	31	29	30	32	31	30	30	33	32	32	33	34	35	34	33	35	36	34	36	35	37	38	36	37	37	39	38	40	38	39	41	40	39	41	42	40	42	41	43	44	42	43	43	45	44	46	44	45	47	46	45	48	46	47	49	48	47	50	48	49	49	51	50	50	51	52	53	52	51	52	53	54	54	53	55	53	56	55	57	55	56	55	57	58	58	57	59	59	57	60	57	61	60	60	61	62	62	61	63	63	61	64	64	61	65	61	66	65	65	66	67	67	66	68	68	66	69	69	66	70	71	70	66	70	71	72	72	71	73	73	71	74	75	74	71	74	75	76	76	75	77	77	75	78	79	77	78	80	79	78	79	80	81	80	82	81	82	28	83	81	82	83	83	28	27	144	166	167	145	166	144	145	165	166	146	165	145	146	164	165	147	164	146	147	163	164	148	163	147	148	162	163	149	162	148	149	161	162	150	161	149	150	160	161	151	160	150	151	159	160	152	159	151	152	158	159	153	158	152	153	157	158	154	157	153	154	156	157	155	156	154
61	7	6	57	7	61
57	8	7	56	8	57
10	53	51	9	53	10
8	53	9	56	53	8
11	51	49	10	51	11
12	49	47	11	49	12
45	14	13	43	14	45
43	15	14	41	15	43
17	39	37	16	39	17
35	17	37	18	17	35
41	16	15	39	16	41
45	12	47	13	12	45
35	19	18	33	19	35
33	20	19	30	20	33
22	25	24	21	25	22
20	25	21	30	25	20
23	24	28	22	24	23
0	28	82	23	28	0
80	2	1	78	2	80
78	3	2	75	3	78
5	71	66	4	71	5
3	71	4	75	71	3
6	66	61	5	66	6
80	0	82	1	0	80
161	116	121	160	116	161
160	115	116	159	115	160
110	158	157	112	158	110
115	158	112	159	158	115
108	157	156	110	157	108
106	156	155	108	156	106
154	102	104	153	102	154
153	100	102	152	100	153
151	96	98	150	96	151
152	98	100	151	98	152
150	94	96	149	94	150
154	106	155	104	106	154
149	92	94	148	92	149
148	89	92	147	89	148
86	146	145	85	146	86
89	146	85	147	146	89
143	145	144	86	145	143
141	144	167	143	144	141
134	165	164	137	165	134
139	165	137	166	165	139
163	125	129	162	125	163
164	129	134	163	129	164
161	125	162	121	125	161
167	139	141	166	139	167
84	29	88
26	29	84
90	32	91
31	32	90
91	34	93
32	34	91
31	88	29
90	88	31
169	65	168
73	70	72	182	170	181	206	204	205	60	58	59	209	204	208	169	209	207	204	206	205	194	195	196	199	201	198	201	194	197	184	189	186	170	182	181	189	180	187	180	178	172	190	169	168	182	190	188
170	70	73
136	171	138
138	81	140
79	81	138
142	27	87
83	27	142
132	131	172
142	81	83
140	81	142
26	87	27
84	87	26
174	136	173
171	136	174
175	77	171
79	171	77
176	173	135
177	77	175
138	171	79
178	132	172
179	133	178
131	180	172
70	170	182
173	136	135
179	176	135
183	170	73
132	178	133
179	135	133
124	184	126
185	184	124
127	126	186
187	180	130
186	126	184
182	188	69
189	187	128
68	190	67
192	191	76
76	191	74
177	76	77
183	74	193
191	193	74
130	180	131
73	74	183
127	189	128
192	76	177
68	69	188
188	190	68
182	69	70
67	168	65
130	128	187
168	67	190
189	127	186
122	120	194
124	195	185
123	122	196
119	197	120
117	198	118
114	199	117
200	199	114
194	120	197
118	201	119
113	200	114
113	202	203
62	204	60
202	113	111
197	119	201
60	204	206
64	65	207
208	62	63
207	209	64
169	207	65
206	210	58
203	200	113
206	58	60
55	211	54
211	212	54
55	210	213
64	209	63
211	55	213
54	214	52
201	118	198
123	195	124
204	62	208
107	50	109
48	50	107
208	63	209
111	215	216
202	111	216
111	109	215
105	48	107
46	48	105
97	40	99
38	40	97
196	122	194
36	97	95
38	97	36
44	101	42
103	101	44
195	123	196
42	99	40
101	99	42
46	103	44
105	103	46
34	95	93
36	95	34
215	52	217
212	214	54
52	215	50
50	215	109
214	217	52
198	117	199
58	210	55
209	218	219
218	169	220
219	204	209
221	204	219
223	210	222
218	209	169
213	223	224
206	221	222
225	212	224
221	206	204
213	210	223
210	206	222
212	211	224
225	214	212
211	213	224
214	225	217
217	225	226
228	227	202
226	228	215
229	200	227
231	195	230
199	229	232
232	230	194
195	231	185
202	216	228
216	215	228
202	227	203
230	195	194
200	203	227
199	200	229
232	201	199
232	194	201
217	226	215
184	231	233
231	184	185
233	189	184
235	178	234
236	179	235
237	182	170
189	233	234
238	173	236
234	180	189
179	178	235
234	178	180
173	176	236
238	174	173
176	179	236
171	174	238
171	238	239
241	192	240
239	240	175
243	190	242
241	244	193
169	243	220
183	244	245
237	242	182
243	169	190
192	177	240
177	175	240
192	241	191
242	190	182
193	191	241
245	170	183
237	170	245
193	244	183
171	239	175
247	236	246	247	238	236	236	235	246	248	246	235	235	234	248	234	233	248	249	248	233	249	233	231	231	250	249	230	250	231	250	230	251	230	232	251	252	251	232	232	229	252	229	253	252	227	253	229	253	227	254	227	228	254	255	254	228	228	226	255	226	256	255	226	225	256	225	257	256	225	224	257	258	257	224	258	224	223	223	259	258	259	223	222	260	259	222	222	261	260	221	261	222	219	261	221	262	261	219	218	262	219	220	262	218	263	262	220	243	263	220	242	263	243	242	264	263	237	264	242	245	264	237	245	265	264	245	244	265	265	244	266	244	241	266	241	267	266	267	241	240	268	267	240	268	240	239	269	239	238	269	268	239	238	247	269
291	289	290	292	289	291	292	288	289	293	288	292	293	287	288	270	287	293	270	286	287	271	286	270	271	285	286	272	285	271	272	284	285	273	284	272	273	283	284	274	283	273	274	282	283	275	282	274	275	281	282	276	281	275	276	280	281	277	280	276	277	279	280	278	279	277
284	261	262	283	261	284
283	260	261	282	260	283
258	281	280	259	281	258
260	281	259	282	281	260
257	280	279	258	280	257
256	279	278	257	279	256
277	254	255	276	254	277
276	253	254	275	253	276
251	274	273	252	274	251
253	274	252	275	274	253
250	273	272	251	273	250
277	256	278	255	256	277
272	249	250	271	249	272
271	248	249	270	248	271
247	293	292	246	293	247
248	293	246	270	293	248
269	292	291	247	292	269
268	291	290	269	291	268
266	287	265	288	287	266
267	288	266	289	288	267
285	264	286	263	264	285
287	264	265	286	264	287
284	263	285	262	263	284
289	268	290	267	268	289

#	Normal	263
-0	1	-0
0	-1	-0
-0.991448	-0	0.130504
-0.923854	-0	0.382746
-0.608749	-0	0.793363
-0.793359	-0	0.608754
-0.382693	-0	0.923875
-0.130529	-0	0.991445
0.382693	-0	0.923875
0.608749	-0	0.793363
0.923885	0	0.382671
0.991436	-0	0.130591
0.793359	-0	0.608754
0.130529	-0	0.991445
0.991436	-0	-0.130591
0.923885	-0	-0.382671
0.608749	-0	-0.793363
0.793359	-0	-0.608754
0.382693	-0	-0.923875
0.130529	-0	-0.991445
-0.382693	0	-0.923875
-0.608749	0	-0.793363
-0.923854	-0	-0.382746
-0.793359	-0	-0.608754
-0.991448	-0	-0.130504
-0.130529	0	-0.991445
-0.991444	-0	0.130532
-0.923894	-0	0.382649
-0.608755	-0	0.793358
-0.793306	-0	0.608824
-0.382718	-0	0.923865
-0.130525	-0	0.991445
0.382679	-0	0.923881
0.608755	-0	0.793358
0.923855	-0	0.382742
0.793358	-0	0.608755
0.991444	-0	0.130532
0.130539	-0	0.991443
0.991444	-0	-0.130532
0.923855	-0	-0.382742
0.608755	-0	-0.793358
0.793358	-0	-0.608755
0.382679	-0	-0.923881
0.130539	-0	-0.991443
-0.608755	-0	-0.793358
-0.382718	-0	-0.923865
-0.923894	0	-0.382649
-0.793306	0	-0.608824
-0.991444	0	-0.130532
-0.130525	0	-0.991445
0.603336	-0.132951	-0.786327
0.603341	-0.132952	-0.786323
0.915697	-0.13296	-0.379238
0.915675	-0.13295	-0.379294
0.982645	-0.132954	-0.129352
0.982648	-0.132958	-0.129324
0.786315	-0.132951	-0.603351
0.786311	-0.13295	-0.603357
-0.989571	-0.133862	-0.0531957
-0	1.87683e-009	-0
-0.918561	-0.107135	-0.380484
-0.603767	-0.12755	-0.78689
-0.379308	-0.13295	-0.915669
-0.379298	-0.132952	-0.915673
0.129373	-0.132956	-0.982642
0.129359	-0.132953	-0.982644
-0.911314	-0.163704	-0.377766
-0.129359	-0.132953	-0.982644
-0.129357	-0.132953	-0.982644
0.379298	-0.132957	-0.915672
0.379266	-0.132951	-0.915686
-0.733338	-0.135595	-0.666206
-0.718309	-0.134449	-0.68261
-0.723546	-0.13342	-0.67726
-0.602964	-0.137494	-0.785831
-0.743572	-0.152874	-0.650946
-0.742315	-0.131504	-0.65702
-0.614224	-0.132701	-0.777894
-0.892932	-0.156788	-0.422006
-0.858446	-0.130117	-0.496124
-0.886202	-0.172664	-0.429922
-0.956944	-0.140798	-0.253838
-0.784923	-0.145839	-0.602185
-0.793445	-0.153201	-0.589045
-0.924175	-0.101815	-0.36815
-0.913173	-0.152205	-0.378086
-0.784401	-0.14937	-0.602
-0.966264	-0.224022	-0.127077
-0.988926	-0.133872	-0.064067
-0.975976	-0.176059	-0.128354
-0.934249	-0.163355	-0.317009
-8.7498e-005	-2.03877e-005	-1.91956e-005
-0.981	-0.0970683	-0.16798
-0.943397	-0.130902	-0.304742
-0.98895	-0.0706199	-0.130347
-0.803001	-0.115966	-0.584587
-0.787488	-0.120991	-0.604338
-0.78759	-0.120804	-0.604242
-0.891465	-0.128767	-0.434407
-0.855014	-0.136042	-0.500443
-0.908921	-0.179557	-0.376326
-0.919137	-0.10114	-0.380733
-0.981615	-0.140147	-0.12958
-0.761357	-0.117788	-0.637543
-0.987702	-0.087168	-0.129795
-0.981711	-0.0782878	-0.173536
-0.986386	-0.100698	-0.130009
-0.986421	-0.100848	-0.129627
-0.912427	-0.157418	-0.377753
-0.993897	-0.0945252	-0.0568646
-0.964614	-0.173538	-0.198507
-0.981615	-0.140147	0.12958
-0.988926	-0.133872	0.064067
-0.975976	-0.176059	0.128354
-0.912427	-0.157418	0.377753
-0.911314	-0.163704	0.377766
-0.913173	-0.152205	0.378086
-0.858446	-0.130117	0.496124
-0.943397	-0.130902	0.304742
-0.908921	-0.179557	0.376326
-0.784401	-0.14937	0.602
-0.743572	-0.152874	0.650946
-0.986386	-0.100698	0.130009
-0.784923	-0.145839	0.602185
-0.934249	-0.163355	0.317009
-0.956944	-0.140798	0.253838
-0.986421	-0.100848	0.129627
-0.987702	-0.087168	0.129795
-0.993897	-0.0945252	0.0568646
-0.989571	-0.133862	0.0531957
-0.924175	-0.101815	0.36815
-0.793445	-0.153201	0.589045
-0.918561	-0.107135	0.380484
-0.787488	-0.120991	0.604338
-0.803001	-0.115966	0.584587
-0.891465	-0.128767	0.434407
-0.98895	-0.0706199	0.130347
-0.855014	-0.136042	0.500443
-0.78759	-0.120804	0.604242
-0.886202	-0.172664	0.429922
-0.966264	-0.224022	0.127077
-0.981	-0.0970683	0.16798
-0.379308	-0.132952	0.915669
-0.379298	-0.13295	0.915673
-0.981711	-0.0782878	0.173536
-0.718309	-0.134449	0.68261
-0.733338	-0.135595	0.666206
-0.603767	-0.12755	0.78689
-0.129357	-0.132953	0.982644
-0.129359	-0.132953	0.982644
0.78631	-0.132952	0.603357
0.786315	-0.13295	0.603351
-0.964614	-0.173538	0.198507
0.915697	-0.13296	0.379238
0.915675	-0.13295	0.379294
0.379298	-0.132952	0.915673
0.379266	-0.132958	0.915685
-8.7498e-005	-2.03877e-005	1.91956e-005
0.603341	-0.132951	0.786323
0.603335	-0.132952	0.786327
0.129359	-0.132955	0.982644
0.129373	-0.132953	0.982642
0.982645	-0.132954	0.129352
0.982648	-0.132958	0.129324
-0.723546	-0.13342	0.67726
-0.761357	-0.117788	0.637543
-0.602964	-0.137494	0.785831
-0.614224	-0.132701	0.777894
-0.742315	-0.131504	0.65702
-0.892932	-0.156788	0.422006
-0.919137	-0.10114	0.380733
-0.0387912	0.990736	0.130144
-0	0.991441	0.130558
0.0165863	0.96787	0.250904
-0.031239	0.923372	0.382634
-0.0245767	0.793099	0.608597
-0.029932	0.9957	0.0876658
-0.0103069	0.608698	0.793335
-0.00734615	0.923909	0.382541
-0.0134138	0.382666	0.92379
-0.0228038	0.908365	0.417556
0.00577024	0.736488	0.676426
0.00432761	0.833673	0.552242
0.00565882	0.494184	0.869339
-0.00227698	0.349044	0.937103
-0.0144766	0.614824	0.788531
0.00190295	0.196453	0.980511
-0.0122004	0.130504	0.991373
-0.0118718	-0.382673	0.923808
-0.00758548	-0.13051	0.991418
-0.00894079	-0.608706	0.793346
-0.0165565	-0.991305	0.130537
-0.0143179	-0.793333	0.608619
-0.0148182	-0.923777	0.382644
-0	-0.996316	0.0857536
0.00337357	-0.306253	0.951944
-0.0051601	-0.138907	0.990292
0.00380023	-0.463275	0.886206
0.00746636	-0.967322	0.253442
-0.0061318	-0.601853	0.798583
0.00490258	-0.72711	0.686503
0.00183662	-0.829495	0.558511
-0.00226015	-0.910211	0.414139
0.00427181	0.0321922	0.999473
-0.0165565	-0.991305	-0.130537
0	-0.996316	-0.0857536
0.00746636	-0.967322	-0.253442
-0.0143179	-0.793333	-0.608619
-0.00894079	-0.608706	-0.793346
-0.0228038	0.908365	-0.417556
-0.0148182	-0.923777	-0.382644
-0.0118718	-0.382673	-0.923808
-0.00226015	-0.910211	-0.414139
0.00490258	-0.72711	-0.686503
0.00183662	-0.829495	-0.558511
0.00380023	-0.463275	-0.886206
0.00337357	-0.306253	-0.951944
-0.0061318	-0.601853	-0.798583
-0.0051601	-0.138907	-0.990292
-0.00758548	-0.13051	-0.991418
-0.0134138	0.382666	-0.92379
-0.0122004	0.130504	-0.991373
-0.0387912	0.990736	-0.130144
-0.0103069	0.608698	-0.793335
-0	0.991441	-0.130558
-0.0245767	0.793099	-0.608597
-0.031239	0.923372	-0.382634
-0.029932	0.9957	-0.0876658
-0.00227698	0.349044	-0.937103
0.00190295	0.196453	-0.980511
0.00565882	0.494184	-0.869339
0.0165863	0.96787	-0.250904
-0.0144766	0.614824	-0.788531
0.00432761	0.833673	-0.552242
-0.00734615	0.923909	-0.382541
0.00577024	0.736488	-0.676426
0.00427181	0.0321922	-0.999473
1	-0	-0
-1	0	-0
-0	0.991438	0.13058
-0	0.923911	0.382608
0	0.608764	0.793351
0	0.793289	0.608846
0	0.382722	0.923863
0	0.13052	0.991446
-0	-0.382722	0.923863
-0	-0.608764	0.793351
-0	-0.92386	0.38273
-0	-0.793358	0.608756
-0	-0.991438	0.13058
-0	-0.13052	0.991446
0	-0.991438	-0.13058
0	-0.92386	-0.38273
-0	-0.608764	-0.793351
-0	-0.793358	-0.608756
-0	-0.382722	-0.923863
-0	-0.13052	-0.991446
-0	0.608764	-0.793351
-0	0.382722	-0.923863
-0	0.923911	-0.382608
-0	0.793289	-0.608846
-0	0.991438	-0.13058
-0	0.13052	-0.991446

#	Mesh	0	End

