#	Mesh	0	Begin

#	Vertex	92
21.0615	97.9048	1.715
21.0615	97.9048	1.712
21.0615	98.4648	1.712
21.0615	98.4648	1.715
22.3715	97.9048	1.715
22.3715	97.9048	1.712
22.3715	98.4648	1.712
22.3715	98.4648	1.715
21.0615	98.6848	1.935
21.0615	98.6878	1.935
21.0615	98.6878	2.495
21.0615	98.6848	2.495
22.3715	98.6848	1.935
22.3715	98.6878	1.935
22.3715	98.6878	2.495
22.3715	98.6848	2.495
21.0915	97.9348	1.715
21.0915	98.4348	1.715
21.0915	98.4358	1.73679
21.0915	98.4386	1.75841
21.0915	98.4433	1.7797
21.0915	98.4499	1.80051
21.0915	98.4582	1.82065
21.0915	98.4683	1.84
21.0915	98.48	1.85839
21.0915	98.4933	1.8757
21.0915	98.508	1.89178
21.0915	98.5241	1.90651
21.0915	98.5414	1.91979
21.0915	98.5598	1.93151
21.0915	98.5791	1.94158
21.0915	98.5993	1.94992
21.0915	98.6201	1.95648
21.0915	98.6414	1.9612
21.0915	98.663	1.96405
21.0915	98.6848	1.965
21.0915	98.6848	2.465
21.0915	98.6194	2.46215
21.0915	98.5546	2.45361
21.0915	98.4907	2.43944
21.0915	98.4283	2.41977
21.0915	98.3678	2.39473
21.0915	98.3098	2.36452
21.0915	98.2546	2.32936
21.0915	98.2027	2.28953
21.0915	98.1545	2.24533
21.0915	98.1103	2.19709
21.0915	98.0704	2.14518
21.0915	98.0353	2.09
21.0915	98.0051	2.03196
21.0915	97.98	1.97152
21.0915	97.9604	1.90911
21.0915	97.9462	1.84524
21.0915	97.9377	1.78037
22.3415	97.9348	1.715
22.3415	98.4348	1.715
22.3415	98.4358	1.73679
22.3415	98.4386	1.75841
22.3415	98.4433	1.7797
22.3415	98.4499	1.80051
22.3415	98.4582	1.82065
22.3415	98.4683	1.84
22.3415	98.48	1.85839
22.3415	98.4933	1.8757
22.3415	98.508	1.89178
22.3415	98.5241	1.90651
22.3415	98.5414	1.91979
22.3415	98.5598	1.93151
22.3415	98.5791	1.94158
22.3415	98.5993	1.94992
22.3415	98.6201	1.95648
22.3415	98.6414	1.9612
22.3415	98.663	1.96405
22.3415	98.6848	1.965
22.3415	98.6848	2.465
22.3415	98.6194	2.46215
22.3415	98.5546	2.45361
22.3415	98.4907	2.43944
22.3415	98.4283	2.41977
22.3415	98.3678	2.39473
22.3415	98.3098	2.36452
22.3415	98.2546	2.32936
22.3415	98.2027	2.28953
22.3415	98.1545	2.24533
22.3415	98.1103	2.19709
22.3415	98.0704	2.14518
22.3415	98.0353	2.09
22.3415	98.0051	2.03196
22.3415	97.98	1.97152
22.3415	97.9604	1.90911
22.3415	97.9462	1.84524
22.3415	97.9377	1.78037

#	Triangle	42
3	4	7	0	4	3	10	15	14	11	15	10
0	5	4	1	5	0	11	12	15	8	12	11
1	6	5	2	6	1	8	13	12	9	13	8	16	55	54	17	55	16
2	7	6	3	7	2	9	14	13	10	14	9	35	74	73	36	74	35
3	1	0	2	1	3	11	9	8	10	9	11	53	17	16	52	17	53	51	17	52	50	17	51	49	17	50	48	17	49	47	17	48	46	17	47	45	17	46	44	17	45	43	17	44	42	17	43	41	17	42	40	17	41	39	18	40	18	17	40	39	19	18	39	20	19	39	21	20	39	22	21	39	23	22	39	24	23	39	25	24	38	25	39	38	26	25	38	27	26	38	28	27	38	29	28	37	29	38	37	30	29	37	31	30	37	32	31	36	32	37	36	33	32	36	34	33	36	35	34
4	6	7	5	6	4	12	14	15	13	14	12	55	91	54	55	90	91	55	89	90	55	88	89	55	87	88	55	86	87	55	85	86	55	84	85	55	83	84	55	82	83	55	81	82	55	80	81	55	79	80	55	78	79	55	56	78	56	77	78	57	77	56	58	77	57	59	77	58	60	77	59	61	77	60	62	77	61	63	77	62	63	76	77	64	76	63	65	76	64	66	76	65	67	76	66	67	75	76	68	75	67	69	75	68	70	75	69	70	74	75	71	74	70	72	74	71	73	74	72
53	54	91	16	54	53
17	56	55	18	56	17
18	57	56	19	57	18
19	58	57	20	58	19
20	59	58	21	59	20
21	60	59	22	60	21
22	61	60	23	61	22
23	62	61	24	62	23
24	63	62	25	63	24
25	64	63	26	64	25
26	65	64	27	65	26
27	66	65	28	66	27
28	67	66	29	67	28
29	68	67	30	68	29
30	69	68	31	69	30
31	70	69	32	70	31
32	71	70	33	71	32
33	72	71	34	72	33
34	73	72	35	73	34
36	75	74	37	75	36
37	76	75	38	76	37
38	77	76	39	77	38
39	78	77	40	78	39
40	79	78	41	79	40
41	80	79	42	80	41
42	81	80	43	81	42
43	82	81	44	82	43
44	83	82	45	83	44
45	84	83	46	84	45
46	85	84	47	85	46
47	86	85	48	86	47
48	87	86	49	87	48
49	88	87	50	88	49
50	89	88	51	89	50
51	90	89	52	90	51
52	91	90	53	91	52

#	Normal	42
-0	-0	1
0	-1	-0
-0	-0	-1
-0	1	-0
-1	-0	-0
1	-0	-0
-0	-0.99905	0.0435826
-0	0.999045	-0.0437017
-0	0.991463	-0.130392
-0	0.976237	-0.216705
-0	0.953765	-0.300555
-0	0.923919	-0.382587
-0	0.887016	-0.461738
-0	0.843384	-0.537312
-0	0.793256	-0.608888
-0	0.737279	-0.675588
-0	0.675627	-0.737243
-0	0.608718	-0.793387
-0	0.537373	-0.843344
-0	0.461779	-0.886995
-0	0.382574	-0.923925
-0	0.300753	-0.953702
-0	0.216474	-0.976288
-0	0.130518	-0.991446
-0	0.0436177	-0.999048
-0	-0.0436196	0.999048
-0	-0.130532	0.991444
-0	-0.216449	0.976294
-0	-0.300681	0.953725
-0	-0.3827	0.923872
-0	-0.461733	0.887019
-0	-0.537318	0.84338
-0	-0.608776	0.793342
-0	-0.67557	0.737296
-0	-0.737277	0.67559
-0	-0.793373	0.608736
-0	-0.843383	0.537313
-0	-0.887016	0.461739
-0	-0.923877	0.382689
-0	-0.953696	0.300772
-0	-0.976313	0.216364
-0	-0.991432	0.130626

#	Mesh	0	End

