#	Mesh	0	Begin

#	Vertex	17
66.5591	29.3481	-2.6755
57.4384	28.6096	-2.6755
57.4788	28.1113	-2.6755
66.5945	28.8493	-2.6755
66.5608	29.2651	-2.6755
66.5658	29.2655	-2.6755
66.5591	29.3481	-3.07109
65.6587	29.2752	-3.07109
65.6983	29.2784	-3.0755
57.4384	28.6096	-3.0755
57.4788	28.1113	-3.0755
65.7209	28.7786	-3.0755
65.6991	28.7769	-3.07306
66.5945	28.8493	-3.07306
66.5658	29.2655	-3.07142
66.5625	29.2652	-3.07142
66.5608	29.2651	-3.07142

#	Triangle	19
1	5	0	1	4	5	4	2	3	1	2	4
1	8	9	7	0	6
1	7	8
1	0	7
11	9	8	10	9	11
12	10	11
12	2	10	3	12	13
3	2	12
10	1	9	2	1	10
15	6	14
15	7	6	12	16	13	12	7	16
16	7	15
8	12	11
7	12	8
14	0	5	6	0	14
5	15	14
5	16	15
5	4	16
13	4	3	16	4	13

#	Normal	19
-0	-0	1
-0.0807027	0.996738	-0
-0.0806918	0.996739	0.000225846
-0.0807027	0.996738	-1.57156e-006
-0	-0	-1
0.0807024	-0.996738	0.000422737
0.0807025	-0.996738	-0
0.0807024	-0.996738	-1.29255e-006
-0.996739	-0.0806957	0
-0.000319905	0.00394086	-0.999992
-0.000319354	0.00394088	-0.999992
-0.000319511	0.00392674	-0.999992
0.110411	0.00500323	0.993873
0.110397	0.00500321	0.993875
0.996735	0.0807375	-0
0.0809103	-0.996721	-0
0.0810999	-0.996706	-1.60032e-006
0.0809734	-0.996716	-0
0.996733	0.0807715	-0

#	Mesh	0	End

