#	Mesh	0	Begin

#	Vertex	72
55.2581	75.7683	-2.8285
55.2517	75.7678	-2.83021
55.2457	75.7673	-2.83302
55.2403	75.7669	-2.83682
55.2356	75.7665	-2.84151
55.2318	75.7662	-2.84694
55.229	75.766	-2.85295
55.2273	75.7658	-2.85936
55.2267	75.7658	-2.86597
55.2273	75.7658	-2.87258
55.229	75.766	-2.87898
55.2318	75.7662	-2.88499
55.2356	75.7665	-2.89043
55.2403	75.7669	-2.89512
55.2457	75.7673	-2.89892
55.2517	75.7678	-2.90172
55.2581	75.7683	-2.90344
55.2647	75.7689	-2.90402
55.2713	75.7694	-2.90344
55.2776	75.7699	-2.90172
55.2836	75.7704	-2.89892
55.289	75.7708	-2.89512
55.2937	75.7712	-2.89043
55.2975	75.7715	-2.88499
55.3003	75.7717	-2.87898
55.302	75.7719	-2.87258
55.3026	75.7719	-2.86597
55.302	75.7719	-2.85936
55.3003	75.7717	-2.85295
55.2975	75.7715	-2.84694
55.2937	75.7712	-2.84151
55.289	75.7708	-2.83682
55.2836	75.7704	-2.83302
55.2776	75.7699	-2.83021
55.2713	75.7694	-2.8285
55.2647	75.7689	-2.82792
55.6376	71.0813	-2.8285
55.6312	71.0808	-2.83021
55.6252	71.0803	-2.83302
55.6198	71.0798	-2.83682
55.6151	71.0795	-2.84151
55.6113	71.0792	-2.84694
55.6085	71.0789	-2.85295
55.6068	71.0788	-2.85936
55.6062	71.0787	-2.86597
55.6068	71.0788	-2.87258
55.6085	71.0789	-2.87898
55.6113	71.0792	-2.88499
55.6151	71.0795	-2.89043
55.6198	71.0798	-2.89512
55.6252	71.0803	-2.89892
55.6312	71.0808	-2.90172
55.6376	71.0813	-2.90344
55.6442	71.0818	-2.90402
55.6508	71.0824	-2.90344
55.6571	71.0829	-2.90172
55.6631	71.0834	-2.89892
55.6685	71.0838	-2.89512
55.6732	71.0842	-2.89043
55.677	71.0845	-2.88499
55.6798	71.0847	-2.87898
55.6815	71.0848	-2.87258
55.6821	71.0849	-2.86597
55.6815	71.0848	-2.85936
55.6798	71.0847	-2.85295
55.677	71.0845	-2.84694
55.6732	71.0842	-2.84151
55.6685	71.0838	-2.83682
55.6631	71.0834	-2.83302
55.6571	71.0829	-2.83021
55.6508	71.0824	-2.8285
55.6442	71.0818	-2.82792

#	Triangle	96
35	36	71	0	36	35
0	37	36
1	37	0
1	38	37
2	38	1
2	39	38
3	39	2
3	40	39
4	40	3
4	41	40
5	41	4
5	42	41	6	42	5
6	43	42
7	43	6
7	44	43
8	44	7
8	45	44
9	45	8
9	46	45
10	46	9
10	47	46	11	47	10
11	48	47
12	48	11
12	49	48
13	49	12
13	50	49
14	50	13
14	51	50
15	51	14
15	52	51
16	52	15
16	53	52	17	53	16
17	54	53	18	54	17
18	55	54
19	55	18
19	56	55
20	56	19
20	57	56
21	57	20
21	58	57
22	58	21
22	59	58
23	59	22
23	60	59
24	60	23
24	61	60	25	61	24
25	62	61
26	62	25
26	63	62
27	63	26
27	64	63	28	64	27
28	65	64
29	65	28
29	66	65
30	66	29
30	67	66
31	67	30
31	68	67
32	68	31
32	69	68
33	69	32
33	70	69
34	70	33
34	71	70	35	71	34
7	9	8	26	25	27
6	9	7	27	25	24
6	10	9
5	10	6	28	24	23
5	11	10
4	11	5	4	12	11
3	12	4	3	13	12
2	13	3	2	14	13
1	14	2	1	15	14
0	15	1	0	16	15
35	16	0	35	17	16	34	17	35	34	18	17
33	18	34	33	19	18
32	19	33	32	20	19
31	20	32	31	21	20
30	21	31	30	22	21
29	22	30	29	23	22
28	23	29
27	24	28
45	43	44	62	63	61
46	43	45	61	63	64
46	42	43	61	64	60
47	42	46	60	64	65
47	41	42	60	65	59
48	41	47	48	40	41	59	66	58	59	65	66
49	40	48	49	39	40
50	39	49	50	38	39
51	38	50	51	37	38	56	69	55	56	68	69
52	37	51	52	36	37
53	36	52	53	71	36	54	71	53	54	70	71
55	70	54	55	69	70
57	68	56	57	67	68
58	67	57	58	66	67

#	Normal	96
-0.0868802	-0.00703443	0.996194
-0.257928	-0.0208837	0.965938
-0.257905	-0.0208818	0.965945
-0.421192	-0.0341027	0.90633
-0.421452	-0.0341234	0.906208
-0.571794	-0.0462959	0.81909
-0.571519	-0.0462742	0.819283
-0.704736	-0.0570604	0.707171
-0.705029	-0.0570835	0.706877
-0.816418	-0.0661022	0.573666
-0.816373	-0.0660987	0.57373
-0.903399	-0.0731449	0.422516
-0.962774	-0.0779523	0.258823
-0.962798	-0.0779541	0.258734
-0.99297	-0.080397	0.0868678
-0.99292	-0.0803937	0.0874504
-0.992971	-0.0803978	-0.0868646
-0.99292	-0.0803929	-0.0874472
-0.962772	-0.0779519	-0.258832
-0.962796	-0.077954	-0.258743
-0.903399	-0.0731449	-0.422516
-0.816418	-0.0661023	-0.573666
-0.816373	-0.0660986	-0.57373
-0.704736	-0.0570598	-0.707171
-0.705029	-0.0570841	-0.706877
-0.571818	-0.0462984	-0.819073
-0.571544	-0.0462757	-0.819266
-0.421162	-0.0340998	-0.906344
-0.421422	-0.0341213	-0.906222
-0.257928	-0.0208837	-0.965938
-0.257905	-0.0208818	-0.965945
-0.0868802	-0.00703443	-0.996194
0.0868802	0.00703443	-0.996194
0.258075	0.0208955	-0.965899
0.257928	0.0208835	-0.965938
0.421162	0.0340998	-0.906344
0.421198	0.0341028	-0.906327
0.571544	0.0462758	-0.819266
0.571818	0.0462985	-0.819073
0.705029	0.0570842	-0.706877
0.704689	0.057056	-0.707219
0.816418	0.0661022	-0.573666
0.816693	0.0661251	-0.573272
0.903399	0.0731455	-0.422516
0.903175	0.0731266	-0.422998
0.962772	0.0779519	-0.258832
0.99292	0.0803929	-0.0874472
0.992971	0.0803978	-0.0868646
0.99292	0.0803937	0.0874504
0.99297	0.080397	0.0868678
0.962774	0.0779521	0.258823
0.903399	0.0731448	0.422516
0.903175	0.0731274	0.422998
0.816418	0.0661029	0.573666
0.816693	0.0661245	0.573272
0.705029	0.0570835	0.706877
0.704689	0.0570566	0.707219
0.571519	0.0462742	0.819283
0.571794	0.046296	0.81909
0.421192	0.0341023	0.90633
0.421228	0.0341052	0.906313
0.258075	0.0208953	0.965899
0.257928	0.0208837	0.965938
0.0868802	0.00703443	0.996194
-6.19434e-007	7.63969e-006	-0
-1.75506e-006	2.26094e-005	-0
-3.45682e-006	4.4532e-005	-0
-5.89693e-006	7.26949e-005	-0
-0.0808533	0.996726	-0
-0.0821111	0.996623	-0
-0.0800102	0.996794	-0
-0.0804878	0.996756	-0
-0.0806238	0.996745	-0
-0.0816833	0.996658	-0
-0.0804031	0.996762	-0
-0.0804721	0.996757	-0
-0.0805716	0.996749	-0
-0.0805455	0.996751	-0
-0.0815983	0.996665	-0
-0.0801536	0.996783	-0
-0.0807411	0.996735	-0
-3.66016e-006	4.4532e-005	-0
6.19434e-007	-7.58807e-006	-0
1.8583e-006	-2.26094e-005	-0
3.66016e-006	-4.4532e-005	-0
5.89693e-006	-7.26949e-005	-0
0.0808533	-0.996726	-0
0.0800716	-0.996789	-0
0.0799438	-0.996799	-0
0.0805455	-0.996751	-0
0.0818625	-0.996644	-0
0.0804721	-0.996757	-0
0.0804031	-0.996762	-0
0.080521	-0.996753	-0
0.0804878	-0.996756	-0
0.0800102	-0.996794	-0

#	Mesh	0	End

