#	Mesh	0	Begin

#	Vertex	72
93.6035	-81.9364	-13.745
93.6071	-81.9361	-13.7459
93.6104	-81.9358	-13.7475
93.6135	-81.9356	-13.7496
93.6161	-81.9354	-13.7523
93.6182	-81.9352	-13.7553
93.6198	-81.9351	-13.7587
93.6207	-81.935	-13.7623
93.6211	-81.935	-13.766
93.6207	-81.935	-13.7697
93.6198	-81.9351	-13.7733
93.6182	-81.9352	-13.7767
93.6161	-81.9354	-13.7797
93.6135	-81.9356	-13.7824
93.6104	-81.9358	-13.7845
93.6071	-81.9361	-13.7861
93.6035	-81.9364	-13.787
93.5998	-81.9367	-13.7873
93.5961	-81.937	-13.787
93.5925	-81.9373	-13.7861
93.5891	-81.9376	-13.7845
93.5861	-81.9378	-13.7824
93.5835	-81.938	-13.7797
93.5814	-81.9382	-13.7767
93.5798	-81.9383	-13.7733
93.5788	-81.9384	-13.7697
93.5785	-81.9384	-13.766
93.5788	-81.9384	-13.7623
93.5798	-81.9383	-13.7587
93.5814	-81.9382	-13.7553
93.5835	-81.938	-13.7523
93.5861	-81.9378	-13.7496
93.5891	-81.9376	-13.7475
93.5925	-81.9373	-13.7459
93.5961	-81.937	-13.745
93.5998	-81.9367	-13.7447
93.4419	-79.9404	-13.745
93.4455	-79.9401	-13.7459
93.4488	-79.9399	-13.7475
93.4519	-79.9396	-13.7496
93.4545	-79.9394	-13.7523
93.4566	-79.9392	-13.7553
93.4582	-79.9391	-13.7587
93.4591	-79.939	-13.7623
93.4595	-79.939	-13.766
93.4591	-79.939	-13.7697
93.4582	-79.9391	-13.7733
93.4566	-79.9392	-13.7767
93.4545	-79.9394	-13.7797
93.4519	-79.9396	-13.7824
93.4488	-79.9399	-13.7845
93.4455	-79.9401	-13.7861
93.4419	-79.9404	-13.787
93.4382	-79.9407	-13.7873
93.4345	-79.941	-13.787
93.4309	-79.9413	-13.7861
93.4275	-79.9416	-13.7845
93.4245	-79.9418	-13.7824
93.4219	-79.9421	-13.7797
93.4198	-79.9422	-13.7767
93.4182	-79.9424	-13.7733
93.4172	-79.9424	-13.7697
93.4169	-79.9425	-13.766
93.4172	-79.9424	-13.7623
93.4182	-79.9424	-13.7587
93.4198	-79.9422	-13.7553
93.4219	-79.9421	-13.7523
93.4245	-79.9418	-13.7496
93.4275	-79.9416	-13.7475
93.4309	-79.9413	-13.7459
93.4345	-79.941	-13.745
93.4382	-79.9407	-13.7447

#	Triangle	92
35	36	71
0	36	35
0	37	36
1	37	0
1	38	37
2	38	1
2	39	38
3	39	2
3	40	39
4	40	3
4	41	40	5	41	4
5	42	41
6	42	5
6	43	42
7	43	6
7	44	43
8	44	7
8	45	44
9	45	8
9	46	45
10	46	9
10	47	46
11	47	10
11	48	47	12	48	11
12	49	48
13	49	12
13	50	49
14	50	13
14	51	50
15	51	14
15	52	51
16	52	15
16	53	52
17	53	16
17	54	53	18	54	17
18	55	54	19	55	18
19	56	55	20	56	19
20	57	56	21	57	20
21	58	57	22	58	21
22	59	58	23	59	22
23	60	59	24	60	23
24	61	60	25	61	24
25	62	61	26	62	25
26	63	62	27	63	26
27	64	63	28	64	27
28	65	64	29	65	28
29	66	65	30	66	29
30	67	66	31	67	30
31	68	67	32	68	31
32	69	68	33	69	32
33	70	69	34	70	33
34	71	70	35	71	34
7	9	8	26	25	27
6	9	7	27	25	24
6	10	9	27	24	28
5	10	6	28	24	23
5	11	10
4	11	5
4	12	11
3	12	4	30	22	21
3	13	12	30	21	31
2	13	3	31	21	20
2	14	13
1	14	2	1	15	14
0	15	1	0	16	15
35	16	0	35	17	16
34	17	35	34	18	17
33	18	34	33	19	18
32	19	33	32	20	19
31	20	32
29	22	30
29	23	22
28	23	29
45	43	44	62	63	61
46	43	45	61	63	64
46	42	43	61	64	60
47	42	46	60	64	65
47	41	42
48	41	47
48	40	41
49	40	48	58	66	67
49	39	40	58	67	57
50	39	49	57	67	68
50	38	39	57	68	56
51	38	50	51	37	38
52	37	51	52	36	37
53	36	52	53	71	36	54	71	53	54	70	71
55	70	54	55	69	70
56	69	55	56	68	69
59	66	58
59	65	66
60	65	59

#	Normal	92
0.0868393	0.00703117	0.996198
0.0868247	0.00703001	0.996199
0.258186	0.0209047	0.965869
0.258228	0.0209081	0.965858
0.420849	0.0340751	0.90649
0.420785	0.03407	0.906521
0.571459	0.0462698	0.819325
0.57252	0.0463533	0.81858
0.705626	0.0571301	0.706278
0.704583	0.0570484	0.707325
0.815862	0.0660583	0.574461
0.903904	0.0731869	0.421428
0.903839	0.0731819	0.421568
0.962715	0.077949	0.259046
0.962757	0.0779521	0.258888
0.992822	0.0803864	0.0885565
0.993004	0.0803973	0.08648
0.992822	0.0803825	-0.0885565
0.993004	0.0804011	-0.08648
0.962715	0.0779487	-0.259046
0.962757	0.0779524	-0.258888
0.903904	0.0731872	-0.421428
0.903839	0.0731817	-0.421568
0.815862	0.0660583	-0.574461
0.705626	0.0571328	-0.706278
0.704583	0.0570456	-0.707325
0.571459	0.0462674	-0.819325
0.572519	0.0463557	-0.81858
0.420849	0.0340753	-0.90649
0.420785	0.0340699	-0.906521
0.258186	0.0209047	-0.965869
0.258228	0.0209082	-0.965858
0.0868393	0.0070312	-0.996198
0.0868247	0.00702998	-0.996199
-0.0868393	-0.00703117	-0.996198
-0.257706	-0.0208659	-0.965998
-0.421583	-0.0341345	-0.906147
-0.571459	-0.0462696	-0.819325
-0.704583	-0.0570484	-0.707325
-0.816842	-0.0661377	-0.573058
-0.903105	-0.0731222	-0.423148
-0.962715	-0.0779487	-0.259046
-0.993018	-0.0804023	-0.0863118
-0.993018	-0.0804023	0.0863118
-0.962715	-0.0779487	0.259046
-0.903105	-0.0731222	0.423148
-0.816842	-0.0661377	0.573058
-0.704583	-0.0570484	0.707325
-0.571459	-0.0462696	0.819325
-0.421583	-0.0341345	0.906147
-0.257706	-0.0208659	0.965998
-0.0868393	-0.00703117	0.996198
2.31689e-007	-2.37482e-006	-0
5.21301e-007	-7.12445e-006	-0
1.02681e-006	-1.40331e-005	-0
1.93953e-006	-2.2818e-005	-0
2.83549e-006	-3.33588e-005	-0
3.66946e-006	-4.55347e-005	-0
4.7175e-006	-5.85399e-005	-0
5.78966e-006	-7.20491e-005	-0
6.89996e-006	-8.58662e-005	-0
7.92218e-006	-9.9155e-005	-0
0.0796431	-0.996823	-0
0.0809401	-0.996719	-0
0.0805237	-0.996753	-0
0.0821736	-0.996618	-0
0.0800803	-0.996788	-0
0.0803494	-0.996767	-0
0.0811271	-0.996704	-0
0.0819853	-0.996634	-0
4.7175e-006	-5.83254e-005	-0
3.66946e-006	-4.53679e-005	-0
2.6687e-006	-3.35256e-005	-0
-2.31689e-007	2.43274e-006	-0
-5.79224e-007	7.12445e-006	-0
-1.1409e-006	1.40331e-005	-0
-1.82544e-006	2.2818e-005	-0
-2.6687e-006	3.33588e-005	-0
-3.66946e-006	4.55347e-005	-0
-4.7175e-006	5.85399e-005	-0
-5.78966e-006	7.18346e-005	-0
-6.89996e-006	8.56107e-005	-0
-8.17773e-006	9.94106e-005	-0
-0.0819853	0.996634	-0
-0.078642	0.996903	-0
-0.0826853	0.996576	-0
-0.0800803	0.996788	-0
-0.0803494	0.996767	-0
-0.0811271	0.996704	-0
-4.7175e-006	5.83254e-005	-0
-3.66946e-006	4.53679e-005	-0
-2.6687e-006	3.35256e-005	-0

#	Mesh	0	End

