#	Mesh	0	Begin

#	Vertex	72
64.0198	76.8056	-6.5285
64.0203	76.7992	-6.53021
64.0208	76.7932	-6.53302
64.0213	76.7878	-6.53682
64.0216	76.7831	-6.54151
64.0219	76.7793	-6.54694
64.0222	76.7765	-6.55296
64.0223	76.7748	-6.55936
64.0224	76.7742	-6.56597
64.0223	76.7748	-6.57258
64.0222	76.7765	-6.57898
64.0219	76.7793	-6.58499
64.0216	76.7831	-6.59043
64.0213	76.7878	-6.59512
64.0208	76.7932	-6.59892
64.0203	76.7992	-6.60172
64.0198	76.8056	-6.60344
64.0193	76.8122	-6.60402
64.0187	76.8188	-6.60344
64.0182	76.8251	-6.60172
64.0177	76.8311	-6.59892
64.0173	76.8365	-6.59512
64.0169	76.8412	-6.59043
64.0166	76.845	-6.58499
64.0164	76.8478	-6.57898
64.0163	76.8495	-6.57258
64.0162	76.8501	-6.56597
64.0163	76.8495	-6.55936
64.0164	76.8478	-6.55296
64.0166	76.845	-6.54694
64.0169	76.8412	-6.54151
64.0173	76.8365	-6.53682
64.0177	76.8311	-6.53302
64.0182	76.8251	-6.53021
64.0187	76.8188	-6.5285
64.0193	76.8122	-6.52792
71.1804	77.3854	-6.5285
71.1809	77.379	-6.53021
71.1814	77.373	-6.53302
71.1818	77.3676	-6.53682
71.1822	77.3629	-6.54151
71.1825	77.3591	-6.54694
71.1827	77.3563	-6.55296
71.1829	77.3546	-6.55936
71.1829	77.354	-6.56597
71.1829	77.3546	-6.57258
71.1827	77.3563	-6.57898
71.1825	77.3591	-6.58499
71.1822	77.3629	-6.59043
71.1818	77.3676	-6.59512
71.1814	77.373	-6.59892
71.1809	77.379	-6.60172
71.1804	77.3854	-6.60344
71.1799	77.3919	-6.60402
71.1793	77.3985	-6.60344
71.1788	77.4049	-6.60172
71.1783	77.4109	-6.59892
71.1779	77.4163	-6.59512
71.1775	77.421	-6.59043
71.1772	77.4248	-6.58499
71.177	77.4276	-6.57898
71.1768	77.4293	-6.57258
71.1768	77.4299	-6.56597
71.1768	77.4293	-6.55936
71.177	77.4276	-6.55296
71.1772	77.4248	-6.54694
71.1775	77.421	-6.54151
71.1779	77.4163	-6.53682
71.1783	77.4109	-6.53302
71.1788	77.4049	-6.53021
71.1793	77.3985	-6.5285
71.1799	77.3919	-6.52792

#	Triangle	90
35	36	71
0	36	35
0	37	36
1	37	0
1	38	37	2	38	1
2	39	38	3	39	2
3	40	39
4	40	3
4	41	40
5	41	4
5	42	41	6	42	5
6	43	42
7	43	6
7	44	43	8	44	7
8	45	44	9	45	8
9	46	45
10	46	9
10	47	46	11	47	10
11	48	47
12	48	11
12	49	48
13	49	12
13	50	49	14	50	13
14	51	50	15	51	14
15	52	51
16	52	15
16	53	52
17	53	16
17	54	53
18	54	17
18	55	54
19	55	18
19	56	55	20	56	19
20	57	56	21	57	20
21	58	57
22	58	21
22	59	58
23	59	22
23	60	59
24	60	23
24	61	60
25	61	24
25	62	61
26	62	25
26	63	62
27	63	26
27	64	63
28	64	27
28	65	64
29	65	28
29	66	65
30	66	29
30	67	66
31	67	30
31	68	67	32	68	31
32	69	68	33	69	32
33	70	69
34	70	33
34	71	70
35	71	34
7	9	8	26	25	27
6	9	7	27	25	24
6	10	9	27	24	28
5	10	6	28	24	23
5	11	10
4	11	5	4	12	11	29	22	30	29	23	22
3	12	4	3	13	12
2	13	3	2	14	13	31	20	32	31	21	20
1	14	2	1	15	14	32	19	33	32	20	19
0	15	1	0	16	15
35	16	0	35	17	16
34	17	35	34	18	17
33	18	34	33	19	18
30	21	31	30	22	21
28	23	29
45	43	44	62	63	61
46	43	45	61	63	64
46	42	43
47	42	46	60	64	65
47	41	42	60	65	59
48	41	47	48	40	41
49	40	48	49	39	40
50	39	49	50	38	39	57	68	56	57	67	68
51	38	50	51	37	38	56	69	55	56	68	69
52	37	51	52	36	37	55	70	54	55	69	70
53	36	52	53	71	36
54	71	53	54	70	71
58	67	57	58	66	67
59	66	58	59	65	66
61	64	60

#	Normal	90
0.00703437	-0.0868802	0.996194
0.00703404	-0.0868761	0.996194
0.0208926	-0.25804	0.965908
0.0208692	-0.257748	0.965987
0.0341058	-0.421228	0.906313
0.0462967	-0.571794	0.81909
0.0570332	-0.704396	0.707512
0.0570817	-0.705005	0.706901
0.0661246	-0.816693	0.573272
0.0661228	-0.81667	0.573304
0.0731273	-0.903182	0.422984
0.0779519	-0.962769	0.258841
0.0779528	-0.962781	0.258797
0.0803931	-0.99292	0.0874472
0.0803931	-0.99292	-0.0874472
0.0779519	-0.962769	-0.258841
0.0779529	-0.962781	-0.258797
0.0731273	-0.903182	-0.422984
0.0661246	-0.816693	-0.573272
0.0661228	-0.81667	-0.573304
0.0570324	-0.704397	-0.707512
0.0570825	-0.705005	-0.706901
0.0462967	-0.571794	-0.81909
0.0341058	-0.421228	-0.906313
0.0208984	-0.258109	-0.96589
0.0208745	-0.257816	-0.965968
0.00702848	-0.0868074	-0.9962
0.00702814	-0.0868033	-0.996201
-0.00702781	0.0867992	-0.996201
-0.00702848	0.0868074	-0.9962
-0.0208982	0.258109	-0.96589
-0.0208972	0.258097	-0.965893
-0.0341053	0.421228	-0.906313
-0.0462961	0.571794	-0.81909
-0.0570363	0.704444	-0.707464
-0.0570343	0.70442	-0.707488
-0.066121	0.816648	-0.573336
-0.0661228	0.81667	-0.573304
-0.0731273	0.903182	-0.422984
-0.0731646	0.90363	-0.422019
-0.0779549	0.962793	-0.258752
-0.0779291	0.962488	-0.259892
-0.0803931	0.99292	-0.0874472
-0.0804023	0.993021	-0.0862819
-0.0803941	0.99292	0.0874472
-0.0804013	0.993021	0.0862819
-0.0779538	0.962793	0.258752
-0.0779302	0.962488	0.259892
-0.0731283	0.903182	0.422984
-0.0731636	0.90363	0.422019
-0.066121	0.816648	0.573336
-0.0661228	0.81667	0.573304
-0.0570362	0.704444	0.707464
-0.0570343	0.70442	0.707488
-0.0462961	0.571794	0.81909
-0.0341053	0.421228	0.906313
-0.0208926	0.25804	0.965908
-0.0208916	0.258029	0.965911
-0.00703371	0.086872	0.996195
-0.00703437	0.0868802	0.996194
-7.63983e-006	-6.19446e-007	-0
-2.26098e-005	-1.80672e-006	-0
-4.45312e-005	-3.55843e-006	-0
-7.27952e-005	-5.89682e-006	-0
-0.996735	-0.0807411	-0
-0.9967	-0.0811745	-0
-0.996727	-0.0808382	-0
-0.996751	-0.0805455	-0
-0.996749	-0.0805716	-0
-0.996761	-0.0804232	-0
-0.996715	-0.0809905	-0
-0.996762	-0.0804031	-0
-0.996704	-0.0811271	-0
-0.996738	-0.0807042	-0
-0.996717	-0.0809658	-0
7.63983e-006	6.19446e-007	-0
2.26098e-005	1.85834e-006	-0
4.45312e-005	3.6601e-006	-0
7.27952e-005	5.89682e-006	-0
0.996735	0.0807411	-0
0.996783	0.0801536	-0
0.996671	0.0815307	-0
0.996751	0.0805455	-0
0.996749	0.0805716	-0
0.996753	0.080521	-0
0.996762	0.0804031	-0
0.996667	0.0815777	-0
0.996805	0.0798775	-0
0.996616	0.0821952	-0
4.45312e-005	3.45676e-006	-0

#	Mesh	0	End

