#	Mesh	0	Begin

#	Vertex	350
98.8189	4.25856	-6.53562
98.811	4.25793	-6.53665
98.8037	4.25733	-6.53969
98.7975	4.25683	-6.54451
98.7927	4.25644	-6.55079
98.7896	4.25619	-6.55811
98.7886	4.25611	-6.56597
98.7896	4.25619	-6.57382
98.7927	4.25644	-6.58114
98.7975	4.25683	-6.58743
98.8037	4.25733	-6.59225
98.811	4.25793	-6.59528
98.8189	4.25856	-6.59632
98.8267	4.25919	-6.59528
98.834	4.25978	-6.59225
98.8403	4.26029	-6.58743
98.8451	4.26068	-6.58114
98.8481	4.26093	-6.57382
98.8491	4.26101	-6.56597
98.8481	4.26093	-6.55811
98.8451	4.26068	-6.55079
98.8403	4.26029	-6.54451
98.834	4.25978	-6.53969
98.8267	4.25919	-6.53665
98.8326	4.27723	-6.53969
98.8388	4.27773	-6.54451
98.8308	4.27708	-6.54285
98.8243	4.27656	-6.54018
98.8253	4.27664	-6.53665
98.8363	4.27753	-6.54709
98.8436	4.27812	-6.55079
98.8405	4.27787	-6.55262
98.8432	4.27808	-6.55906
98.8467	4.27837	-6.55811
98.8441	4.27816	-6.56597
98.8477	4.27845	-6.56597
98.8432	4.27808	-6.57288
98.8467	4.27837	-6.57382
98.8405	4.27787	-6.57932
98.8436	4.27812	-6.58114
98.8363	4.27753	-6.58485
98.8388	4.27773	-6.58743
98.8308	4.27708	-6.58909
98.8326	4.27723	-6.59225
98.8243	4.27656	-6.59176
98.8253	4.27664	-6.59528
98.8175	4.276	-6.59267
98.8175	4.276	-6.59632
98.8106	4.27544	-6.59176
98.8096	4.27537	-6.59528
98.8041	4.27493	-6.58909
98.8023	4.27478	-6.59225
98.8014	4.2747	-6.58697
98.7986	4.27448	-6.58485
98.7961	4.27427	-6.58743
98.7976	4.27439	-6.58347
98.7965	4.27431	-6.58208
98.7955	4.27422	-6.5807
98.7944	4.27414	-6.57932
98.7913	4.27388	-6.58114
98.7882	4.27364	-6.57382
98.7937	4.27408	-6.57771
98.7931	4.27403	-6.5761
98.7924	4.27398	-6.57449
98.7921	4.27395	-6.57368
98.7918	4.27392	-6.57288
98.7872	4.27355	-6.56597
98.7916	4.27391	-6.57202
98.7915	4.2739	-6.57115
98.7914	4.27389	-6.57029
98.7913	4.27388	-6.56942
98.7912	4.27388	-6.56856
98.7911	4.27387	-6.5677
98.791	4.27386	-6.56683
98.7908	4.27385	-6.56597
98.7882	4.27364	-6.55811
98.791	4.27386	-6.5651
98.7911	4.27387	-6.56424
98.7912	4.27388	-6.56338
98.7913	4.27388	-6.56251
98.7914	4.27389	-6.56165
98.7915	4.2739	-6.56079
98.7916	4.27391	-6.55992
98.7918	4.27392	-6.55906
98.7913	4.27388	-6.55079
98.7921	4.27395	-6.55825
98.7924	4.27398	-6.55745
98.7931	4.27403	-6.55584
98.7937	4.27408	-6.55423
98.7944	4.27414	-6.55262
98.7961	4.27427	-6.54451
98.7955	4.27422	-6.55124
98.7965	4.27431	-6.54985
98.7976	4.27439	-6.54847
98.7986	4.27448	-6.54709
98.8023	4.27478	-6.53969
98.8014	4.2747	-6.54497
98.8041	4.27493	-6.54285
98.8096	4.27537	-6.53665
98.8106	4.27544	-6.54018
98.8175	4.276	-6.53562
98.8175	4.276	-6.53927
98.8277	4.33686	-6.53977
98.8366	4.33759	-6.54189
98.8296	4.33702	-6.53648
98.8339	4.33737	-6.54458
98.8204	4.33627	-6.53675
98.842	4.33802	-6.54894
98.8387	4.33776	-6.55084
98.8418	4.338	-6.55814
98.8454	4.3383	-6.55716
98.8428	4.33808	-6.56597
98.8466	4.33839	-6.56597
98.8418	4.338	-6.5738
98.8454	4.3383	-6.57478
98.8387	4.33776	-6.58109
98.842	4.33802	-6.58299
98.8339	4.33737	-6.58736
98.8366	4.33759	-6.59005
98.8277	4.33686	-6.59217
98.8296	4.33702	-6.59546
98.8204	4.33627	-6.59519
98.8214	4.33635	-6.59886
98.8126	4.33564	-6.59622
98.8126	4.33564	-6.60002
98.8048	4.33501	-6.59519
98.8038	4.33493	-6.59886
98.7975	4.33442	-6.59217
98.7957	4.33427	-6.59546
98.7944	4.33417	-6.58976
98.7913	4.33392	-6.58736
98.7886	4.3337	-6.59005
98.7889	4.33372	-6.58423
98.7877	4.33363	-6.58266
98.7865	4.33353	-6.58109
98.7832	4.33326	-6.58299
98.7798	4.33299	-6.57478
98.7858	4.33347	-6.57927
98.785	4.33341	-6.57745
98.7843	4.33335	-6.57562
98.7835	4.33328	-6.5738
98.7787	4.33289	-6.56597
98.7834	4.33327	-6.57282
98.7832	4.33326	-6.57184
98.7831	4.33325	-6.57086
98.783	4.33324	-6.56988
98.7829	4.33323	-6.5689
98.7827	4.33322	-6.56793
98.7826	4.33321	-6.56695
98.7825	4.3332	-6.56597
98.7798	4.33299	-6.55716
98.7826	4.33321	-6.56499
98.7827	4.33322	-6.56401
98.7829	4.33323	-6.56303
98.783	4.33324	-6.56205
98.7831	4.33325	-6.56108
98.7832	4.33326	-6.5601
98.7834	4.33327	-6.55912
98.7835	4.33328	-6.55814
98.7832	4.33326	-6.54894
98.7843	4.33335	-6.55632
98.785	4.33341	-6.55449
98.7858	4.33347	-6.55267
98.7865	4.33353	-6.55084
98.7886	4.3337	-6.54189
98.7877	4.33363	-6.54928
98.7889	4.33372	-6.54771
98.7913	4.33392	-6.54458
98.7957	4.33427	-6.53648
98.7944	4.33417	-6.54218
98.7975	4.33442	-6.53977
98.8038	4.33493	-6.53308
98.8048	4.33501	-6.53675
98.8126	4.33564	-6.53192
98.8126	4.33564	-6.53572
98.8214	4.33635	-6.53308
98.8111	4.35468	-6.53192
98.8199	4.35539	-6.53308
98.8281	4.35605	-6.53648
98.8351	4.35662	-6.54189
98.8405	4.35706	-6.54894
98.8439	4.35733	-6.55716
98.845	4.35743	-6.56597
98.8439	4.35733	-6.57478
98.8405	4.35706	-6.58299
98.8351	4.35662	-6.59005
98.8281	4.35605	-6.59546
98.8199	4.35539	-6.59886
98.8111	4.35468	-6.60002
98.8023	4.35397	-6.59886
98.7941	4.35331	-6.59546
98.7871	4.35274	-6.59005
98.7817	4.3523	-6.58299
98.7783	4.35203	-6.57478
98.7771	4.35193	-6.56597
98.7783	4.35203	-6.55716
98.7817	4.3523	-6.54894
98.7871	4.35274	-6.54189
98.7941	4.35331	-6.53648
98.8023	4.35397	-6.53308
98.7787	4.33308	-6.56597
98.7914	4.27808	-6.55976
98.7912	4.27783	-6.561
98.7911	4.2777	-6.56162
98.791	4.27757	-6.56224
98.7926	4.27951	-6.55504
98.7908	4.27731	-6.56348
98.7931	4.28017	-6.55406
98.7844	4.32845	-6.55852
98.8011	4.29129	-6.54271
98.7986	4.2877	-6.54542
98.7898	4.3235	-6.54816
98.7886	4.32463	-6.55013
98.7974	4.2859	-6.54678
98.7961	4.28411	-6.54813
98.7849	4.328	-6.55604
98.7941	4.28148	-6.55208
98.7874	4.32575	-6.5521
98.792	4.27885	-6.55603
98.793	4.32044	-6.54548
98.7839	4.32889	-6.561
98.7837	4.32911	-6.56225
98.7951	4.28279	-6.55011
98.7962	4.31737	-6.5428
98.7861	4.32688	-6.55407
98.8027	4.30993	-6.53981
98.8053	4.30025	-6.53966
98.7906	4.27705	-6.56473
98.7918	4.2786	-6.55727
98.804	4.30509	-6.53973
98.7916	4.27834	-6.55852
98.7842	4.32867	-6.55976
98.7832	4.32955	-6.56473
98.7834	4.32933	-6.56349
98.783	4.32977	-6.56597
98.7905	4.27693	-6.56535
98.7907	4.27718	-6.56411
98.7904	4.2768	-6.56597
98.7839	4.32889	-6.57093
98.7837	4.32911	-6.56969
98.7914	4.27808	-6.57218
98.7912	4.27783	-6.57094
98.7861	4.32688	-6.57787
98.7931	4.28017	-6.57788
98.7941	4.28148	-6.57985
98.7832	4.32955	-6.56721
98.791	4.27757	-6.5697
98.8053	4.30025	-6.59228
98.7926	4.27951	-6.57689
98.7974	4.2859	-6.58516
98.7986	4.2877	-6.58651
98.8011	4.29129	-6.58922
98.7886	4.32463	-6.58181
98.7874	4.32575	-6.57984
98.7907	4.27718	-6.56783
98.7908	4.27731	-6.56845
98.8027	4.30993	-6.59213
98.7961	4.28411	-6.5838
98.804	4.30509	-6.59221
98.7849	4.328	-6.5759
98.7842	4.32867	-6.57217
98.793	4.32044	-6.58645
98.7916	4.27834	-6.57342
98.7962	4.31737	-6.58913
98.7918	4.2786	-6.57466
98.792	4.27885	-6.57591
98.7951	4.28279	-6.58183
98.7844	4.32845	-6.57342
98.7898	4.3235	-6.58377
98.7834	4.32933	-6.56845
98.7905	4.27693	-6.56659
98.7906	4.27705	-6.56721
98.7911	4.2777	-6.57032
98.7833	4.27622	-6.56597
98.7832	4.27713	-6.57288
98.7826	4.28401	-6.58485
98.7831	4.27845	-6.5761
98.783	4.27978	-6.57932
98.7822	4.28952	-6.58909
98.779	4.32944	-6.56597
98.7817	4.29594	-6.59176
98.7811	4.30283	-6.59267
98.779	4.32899	-6.56942
98.7806	4.30972	-6.59176
98.78	4.31614	-6.58909
98.7796	4.32165	-6.58485
98.7793	4.32588	-6.57932
98.779	4.32854	-6.57288
98.7791	4.32721	-6.5761
98.779	4.32899	-6.56251
98.779	4.32854	-6.55906
98.7796	4.32165	-6.54709
98.7791	4.32721	-6.55584
98.7793	4.32588	-6.55262
98.78	4.31614	-6.54285
98.7806	4.30972	-6.54018
98.7811	4.30283	-6.53927
98.783	4.27978	-6.55262
98.7831	4.27845	-6.55584
98.7832	4.27713	-6.55906
98.7817	4.29594	-6.54018
98.7826	4.28401	-6.54709
98.7822	4.28952	-6.54285
98.7794	4.32422	-6.54451
98.7799	4.31796	-6.53969
98.779	4.32903	-6.55079
98.7788	4.33205	-6.55811
98.7788	4.33205	-6.57382
98.779	4.32903	-6.58114
98.7794	4.32422	-6.58743
98.7799	4.31796	-6.59225
98.7805	4.31066	-6.59528
98.7811	4.30283	-6.59632
98.7818	4.295	-6.59528
98.7823	4.28771	-6.59225
98.7829	4.28144	-6.58743
98.7832	4.27663	-6.58114
98.7835	4.27361	-6.57382
98.7836	4.27258	-6.56597
98.7835	4.27361	-6.55811
98.7832	4.27663	-6.55079
98.7829	4.28144	-6.54451
98.7823	4.28771	-6.53969
98.7818	4.295	-6.53665
98.7811	4.30283	-6.53562
98.7805	4.31066	-6.53665
98.7619	4.32281	-6.54451
98.7616	4.32762	-6.55079
98.7613	4.33064	-6.55811
98.7612	4.33167	-6.56597
98.7613	4.33064	-6.57382
98.7616	4.32762	-6.58114
98.7619	4.32281	-6.58743
98.7625	4.31654	-6.59225
98.763	4.30925	-6.59528
98.7637	4.30142	-6.59632
98.7643	4.29359	-6.59528
98.7649	4.28629	-6.59225
98.7654	4.28003	-6.58743
98.7658	4.27522	-6.58114
98.766	4.2722	-6.57382
98.7661	4.27117	-6.56597
98.766	4.2722	-6.55811
98.7658	4.27522	-6.55079
98.7654	4.28003	-6.54451
98.7649	4.28629	-6.53969
98.7643	4.29359	-6.53665
98.7637	4.30142	-6.53562
98.763	4.30925	-6.53665
98.7625	4.31654	-6.53969

#	Triangle	351
1	23	0	12	13	11
2	23	1	11	13	14
2	22	23	11	14	10
3	22	2	10	14	15
3	21	22	10	15	9
4	21	3	9	15	16
4	20	21	9	16	8
5	20	4
5	19	20
6	19	5
6	18	19
7	18	6
7	17	18
8	17	7
8	16	17
26	24	25	24	27	28	25	30	29	33	32	30	35	34	33	37	36	35	39	38	37	40	39	41	42	41	43	43	45	44	47	46	45	49	48	47	49	51	50	54	53	51	54	59	58	59	60	58	66	65	60	66	75	74	84	83	75	90	89	84	94	90	95	98	97	95	98	100	99	100	28	101
27	24	26	29	26	25	30	31	29	30	32	31	34	32	33	35	36	34	37	38	36	39	40	38	40	41	42	44	42	43	46	44	45	48	46	47	50	48	49	97	98	99	99	100	101	101	28	27
50	51	52	52	51	53	94	95	96	96	95	97
53	54	55	55	54	56	56	54	57	57	54	58	58	60	61	61	60	62	62	60	63	86	84	87	87	84	88	88	84	89	89	90	91	91	90	92	92	90	93	93	90	94
63	60	64	64	60	65	65	66	67	67	66	68	68	66	69	69	66	70	70	66	71	71	66	72	72	66	73	73	66	74	74	75	76	76	75	77	77	75	78	78	75	79	79	75	80	80	75	81	81	75	82	82	75	83	83	84	85	85	84	86
66	7	6	60	7	66
60	8	7	59	8	60
10	54	51	9	54	10
8	54	9	59	54	8
11	51	49	10	51	11
12	49	47	11	49	12
45	14	13	43	14	45
43	15	14	41	15	43
17	39	37	16	39	17
15	39	16	41	39	15
18	37	35
17	37	18
45	12	47	13	12	45
35	19	18
33	19	35
33	20	19	30	20	33
22	25	24	21	25	22
20	25	21	30	25	20
23	24	28	22	24	23
0	28	100	23	28	0
98	2	1	95	2	98
95	3	2	90	3	95
5	84	75	4	84	5
3	84	4	90	84	3
6	75	66	5	75	6
98	0	100	1	0	98
104	102	103	107	103	105	109	110	107	111	112	110	113	114	112	115	116	114	116	117	118	118	119	120	122	120	121	123	124	122	125	126	124	128	126	127	130	131	128	135	131	134	136	135	134	140	141	136	150	141	149	158	159	150	163	164	159	164	167	168	170	171	168	173	171	172	175	173	174	106	104	175
102	105	103	104	106	102	108	107	105	109	107	108	109	111	110	113	112	111	115	114	113	117	116	115	118	117	119	119	121	120	121	123	122	123	125	124	125	127	126	171	170	172	173	172	174	175	174	106
129	128	127	130	128	129	132	131	130	167	164	166	169	168	167	170	168	169
133	131	132	134	131	133	137	136	134	138	136	137	139	136	138	140	136	139	160	159	158	161	159	160	162	159	161	163	159	162	165	164	163	166	164	165
142	141	140	143	141	142	144	141	143	145	141	144	146	141	145	147	141	146	148	141	147	149	141	148	151	150	149	152	150	151	153	150	152	154	150	153	155	150	154	156	150	155	157	150	156	158	150	157
177	199	176	188	189	187
178	199	177	187	189	190
178	198	199
179	198	178
179	197	198
180	197	179	185	191	192
180	196	197	185	192	184
181	196	180
181	195	196	183	193	194
182	195	181
182	194	195
183	194	182
184	193	183
184	192	193
186	191	185
186	190	191
187	190	186
200	136	141	195	200	141	206	236	78	227	77	236	237	74	235	235	76	227	71	254	255	271	73	270	272	69	246	241	69	272	237	270	74	254	72	271
200	193	136
194	193	200
193	135	136	192	135	193
128	191	190	131	191	128
135	191	131	192	191	135
126	190	189
128	190	126
126	188	124
189	188	126
188	122	124	187	122	188
187	120	122
186	120	187
116	185	184	118	185	116
116	183	114
184	183	116
120	185	118
186	185	120
183	112	114
182	112	183
182	110	112
181	110	182
181	107	110
180	107	181
104	179	178
103	179	104
107	179	103	180	179	107
175	178	177
104	178	175
173	177	176	175	177	173
199	168	171
198	168	199
198	164	168	197	164	198
150	196	195	159	196	150
195	141	150
195	194	200
164	196	159	197	196	164
199	173	176
171	173	199
83	81	82	204	202	203	226	225	229	256	247	258	68	65	67	145	144	146	244	257	266	276	277	274	269	234	245	247	256	258	267	238	260	263	268	261	253	259	242	268	253	252	238	269	239	217	211	212	234	233	232	233	220	221	215	217	224	211	223	219	225	226	229	299	297	298	220	208	231	214	216	222
201	81	83
80	202	204	81	201	202	201	83	230	206	79	204
87	88	205
78	79	206	77	227	76	81	202	80	80	204	79	76	235	74	149	234	151	77	78	236	246	69	70	69	241	68	149	148	234	254	71	72	71	255	70	73	271	72	73	74	270
88	89	207	160	215	161
158	157	208	221	220	155	156	231	157	233	152	232	233	221	153
96	209	210
212	211	165
94	213	93	166	165	211
214	93	213
91	216	89
97	209	96
162	217	163
207	205	88
87	218	86
215	160	208
167	166	219
208	160	158
155	220	156	221	154	153	155	154	221	232	151	234
216	91	222
169	223	170
165	163	212
169	167	219
217	162	224
225	170	223
87	205	218
169	219	223
211	219	166
226	209	97
172	226	99
101	106	174
27	106	101
172	101	174
99	101	172
222	92	214
161	224	162
102	27	26
106	27	102
207	89	216
224	161	215
212	163	217
109	31	32
108	31	109
108	29	31
105	29	108
93	214	92
105	26	29
102	26	105
228	86	218	231	156	220	231	208	157
111	32	34
109	32	111
170	225	172
172	225	226
92	222	91
85	228	230
228	85	86
213	94	210
96	210	94
85	230	83
99	226	97
152	233	153	151	232	152	147	245	148	146	269	147
38	113	36
115	113	38
143	238	144	245	234	148
34	113	111
36	113	34
238	239	144	146	239	269	140	267	142	142	260	143	245	147	269
38	117	115
40	117	38
241	240	68	262	65	240	246	70	255
121	42	44
119	42	121
138	137	242
125	46	48
123	46	125
61	243	58	138	259	139
244	58	243
121	46	123
44	46	121
117	42	119
40	42	117
247	125	48
243	61	248
250	53	249
52	251	50
253	134	252
125	256	127
56	257	55
125	247	256
50	247	48
240	65	68
52	53	250
53	55	249	132	268	133
143	260	238	63	264	265	142	267	260
250	251	52
57	58	244
130	129	261
64	65	262
263	261	129
244	266	57
56	57	266
63	265	62
56	266	257
140	139	267
146	144	239
252	133	268
268	132	261
263	129	127
261	132	130
263	127	256
248	62	265
242	259	138
253	137	134
253	242	137
259	267	139
63	64	264
257	249	55
62	248	61
262	264	64
50	251	247
133	252	134
241	273	274
275	257	244
274	277	265
257	275	278
241	272	273	272	246	273	255	254	273	254	271	273	271	270	273	270	237	273
246	255	273
244	243	277
243	248	277	248	265	277
279	234	269
247	251	280
251	250	278
250	249	278	249	257	278
281	256	247
265	264	274	264	262	274	262	240	274	240	241	274
280	251	278
280	281	247
282	279	269
283	256	281
283	284	263
253	285	286
282	238	287
277	275	244
284	285	263
288	287	267
287	238	267
283	263	256
285	268	263
286	259	253
288	267	259
285	253	268
288	259	286
282	269	238
220	289	290
291	211	217
279	233	234
215	292	293
223	291	294
289	220	233
289	233	279
293	217	215
225	223	295
291	223	211
296	226	225
295	223	294
218	297	299
218	205	297	205	207	297
207	216	297
293	291	217
299	273	202
296	300	226
290	208	220
215	208	292
297	216	301
290	292	208
237	235	273	235	227	273	227	236	273	236	206	273	204	203	273	203	202	273
206	204	273
226	300	209
302	209	300
214	213	302	213	210	302
210	209	302
295	296	225
301	214	302
301	216	214
202	201	299	201	230	299	230	228	299	228	218	299
304	294	303	305	303	291	290	306	305	279	200	306	287	307	200	286	308	307	308	285	309	309	284	310	311	310	283	281	312	311	280	313	312	314	313	278	275	315	314	316	315	277	317	316	277	274	318	317	319	318	273	299	320	319	297	321	320	321	301	322	302	323	322	324	323	300	325	324	296	295	304	325
294	291	303	304	295	294	293	305	291	285	308	286	309	285	284	284	283	310	283	281	311	281	280	312	280	278	313	314	278	275	277	315	275	273	318	274	319	273	299	297	301	321	301	302	322	323	302	300	324	300	296	325	296	295
292	305	293	290	305	292	289	306	290	279	306	289	282	200	279	287	200	282	288	307	287	286	307	288	276	317	277	274	317	276	298	320	299	297	320	298
348	346	347	335	336	334
349	346	348	334	336	337
349	345	346	334	337	333
326	345	349	333	337	338
326	344	345	333	338	332
327	344	326
327	343	344
328	343	327
328	342	343
329	342	328
329	341	342
330	341	329
330	340	341
331	340	330
331	339	340
332	339	331
332	338	339
341	317	318
340	317	341
340	316	317
339	316	340
314	338	337	315	338	314
316	338	315
339	338	316
313	337	336	314	337	313
312	336	335
313	336	312
334	310	311
333	310	334
333	309	310	332	309	333
307	331	330
308	331	307
309	331	308
332	331	309
200	330	329	307	330	200
334	312	335	311	312	334
329	306	200	328	306	329
328	305	306
327	305	328
304	326	349	303	326	304
305	326	303
327	326	305
325	349	348
304	349	325
324	348	347	325	348	324
346	322	323	345	322	346
345	321	322	344	321	345
319	341	318
342	341	319
321	343	320
344	343	321
320	342	319
343	342	320
346	324	347
323	324	346

#	Normal	351
1.31141e-006	-1.61914e-005	-3.82233e-009
3.84506e-006	-4.74733e-005	-2.89154e-009
7.42659e-006	-9.17249e-005	1.40991e-008
0.0807018	-0.996738	4.58659e-006
0.0807028	-0.996738	-3.24311e-006
0.0807028	-0.996738	2.20861e-005
0.0807081	-0.996738	-1.80351e-005
0.0807081	-0.996738	-2.52829e-005
0.0807101	-0.996738	-4.03823e-005
0.0807101	-0.996738	-1.0934e-006
0.0807018	-0.996738	6.19592e-005
0.0807018	-0.996738	6.49103e-014
0.0807101	-0.996738	-6.30526e-005
0.0807101	-0.996738	2.61067e-005
0.0807081	-0.996738	4.12062e-005
-2.31236e-006	2.85832e-005	2.61307e-009
-2.03557e-006	2.51273e-005	3.90625e-009
-1.01813e-006	1.25784e-005	-4.76837e-010
-5.08758e-007	6.27521e-006	-2.67029e-010
-2.54581e-007	3.14181e-006	-1.4267e-009
-0.988195	-0.0801112	-0.130588
-0.920799	-0.0746475	-0.382829
-0.60671	-0.0491849	-0.7934
-0.790947	-0.0641207	-0.608515
-0.381418	-0.0309209	-0.923885
-0.130126	-0.0105491	-0.991441
0.38142	0.030921	-0.923885
0.60671	0.0491849	-0.7934
0.920797	0.0746474	-0.382833
0.790947	0.0641207	-0.608515
0.988195	0.080109	-0.130588
0.988195	0.0801112	-0.130583
0.130125	0.010549	-0.991441
0.988196	0.080109	0.130583
0.988195	0.0801112	0.130588
0.920797	0.0746474	0.382833
0.606749	0.0491881	0.79337
0.790925	0.0641188	0.608545
0.38142	0.030921	0.923885
0.130125	0.010549	0.991441
-0.381418	-0.0309209	0.923885
-0.606749	-0.0491881	0.79337
-0.920799	-0.0746475	0.382829
-0.790925	-0.0641188	0.608545
-0.988195	-0.0801112	0.130588
-0.130126	-0.0105491	0.991441
2.70333e-006	-3.33704e-005	1.63269e-009
2.40142e-006	-2.96544e-005	-2.2583e-009
1.20095e-006	-1.48034e-005	-2.67029e-010
6.01437e-007	-7.39692e-006	1.02997e-010
3.00998e-007	-3.73047e-006	-6.40869e-010
-1.65016e-006	2.03843e-005	1.26648e-009
-4.83798e-006	5.97631e-005	5.02777e-009
-0.0807096	0.996738	-7.54957e-005
-0.0807096	0.996738	-9.19297e-005
-0.0806991	0.996739	-1.17698e-005
-0.0806991	0.996739	1.15244e-005
-0.0807018	0.996738	-9.41071e-006
-0.0807018	0.996738	4.57966e-005
-0.0807058	0.996738	1.51414e-005
-0.0807058	0.996738	-4.06941e-005
-0.0807025	0.996738	-1.49756e-005
-0.0807025	0.996738	4.02484e-005
-0.0807058	0.996738	-4.41247e-005
-0.0807018	0.996738	-1.34696e-005
-0.0806991	0.996739	7.81723e-005
-0.0807096	0.996738	-1.98767e-006
-0.0807096	0.996738	-3.32023e-005
-1.65674e-006	-1.37703e-007	-2.18826e-007
-0.988218	-0.0798908	-0.13055
-0.988226	-0.079869	-0.130503
-0.920866	-0.0744459	-0.382705
-0.606655	-0.049044	-0.793451
-0.790942	-0.0639424	-0.608541
-0.381631	-0.0310089	-0.923795
-0.381334	-0.0308283	-0.923923
-0.130134	-0.0105205	-0.991441
-0.130017	-0.0105644	-0.991455
0.130135	0.0105205	-0.99144
0.381334	0.0308283	-0.923923
0.381333	0.0308274	-0.923924
0.790942	0.0639424	-0.608541
0.920866	0.074444	-0.382705
0.920865	0.0744458	-0.382709
0.606655	0.049044	-0.793451
0.606657	0.0490429	-0.793449
0.988224	0.0798893	-0.130503
0.988224	0.0798913	-0.130499
0.988224	0.0798913	0.130503
0.988225	0.0798893	0.130499
0.920866	0.074444	0.382705
0.920865	0.0744458	0.382709
0.606657	0.0490429	0.793449
0.606655	0.049044	0.793451
0.790942	0.0639424	0.608541
0.381333	0.0308282	0.923924
0.381334	0.0308275	0.923923
0.130135	0.0105205	0.99144
-0.381322	-0.0309838	0.923923
-0.381643	-0.0308533	0.923795
-0.606655	-0.049044	0.793451
-0.920866	-0.0744459	0.382705
-0.988224	-0.0798913	0.130503
-0.988226	-0.079869	0.130503
-0.790942	-0.0639424	0.608541
-0.130021	-0.0105114	0.991455
-0.13013	-0.0105735	0.991441
-4.52995e-012	6.80542e-009	-7.24792e-011
-7.2027e-006	-3.81371e-007	9.48444e-007
-4.71692e-006	-3.45512e-007	8.42758e-007
-8.78095e-006	-1.36989e-006	3.66781e-006
-2.96893e-006	-2.91138e-007	4.05922e-007
-9.78588e-006	-1.22059e-006	4.07773e-006
-4.73099e-006	-9.57443e-007	6.14391e-007
-3.68561e-005	-6.35893e-006	4.28603e-005
-1.86819e-005	-2.80878e-006	1.01061e-005
-1.57719e-005	-2.09874e-006	1.21591e-005
-1.25568e-005	-2.44953e-006	1.49744e-005
-1.01057e-005	-1.04011e-006	7.77473e-006
-3.46919e-005	-6.72698e-006	4.5803e-005
-1.41061e-005	-2.52045e-006	5.94585e-006
-5.89459e-006	-7.64465e-007	3.49408e-006
-7.77672e-006	-1.53177e-006	3.25897e-006
-1.31363e-005	-1.49522e-006	2.29761e-006
-4.20562e-005	-7.50798e-006	3.26622e-005
-8.80385e-006	-1.98531e-006	3.7237e-006
-4.27579e-006	-7.94117e-007	5.54649e-007
-1.54448e-005	-1.90146e-006	9.20921e-006
-4.02149e-005	-6.18739e-006	5.28006e-005
-1.4015e-005	-2.41705e-006	1.08439e-005
-3.21688e-005	-6.92366e-006	4.25572e-005
-1.4553e-005	-2.4897e-006	7.64223e-006
-0.51766	-0.109688	0.848526
-4.88996e-006	-9.19968e-007	3.12706e-006
-4.69353e-005	-6.71167e-006	4.80224e-005
-2.87761e-005	-3.92498e-006	2.95805e-005
-0.45408	-0.0903512	0.886368
-0.303088	-0.0838676	0.949265
0.134601	-0.048013	0.989736
0.134616	-0.0480136	0.989734
-0.125121	-0.0690386	0.989737
-0.125143	-0.0690432	0.989733
-1.70924e-005	-2.59755e-006	1.04522e-005
-1.19348e-005	-1.76471e-006	4.96586e-006
0.385704	-0.0277147	0.922206
0.385445	-0.027701	0.922315
-1.37939e-005	-1.21843e-006	7.85263e-006
-1.2378e-005	-1.72546e-006	6.77352e-006
-1.67314e-005	-3.2351e-006	8.57074e-006
0.924137	0.0158381	0.381733
0.923863	0.0159045	0.382394
0.79433	0.00541516	0.607463
0.794302	0.00541855	0.607499
-1.34e-005	-2.41906e-006	1.03744e-005
0.6102	-0.00949127	0.792191
0.610602	-0.00952144	0.791881
-5.69549e-006	-7.43843e-007	1.08514e-006
0.991108	0.0214487	0.13132
0.99131	0.0212763	0.129812
-0.376897	-0.0802993	0.922768
-3.33644e-005	-7.79857e-006	8.73499e-005
-1.17533e-005	-1.7276e-006	9.14074e-006
-5.52206e-006	-4.90097e-007	1.00431e-006
-3.71611e-006	-5.17761e-007	1.56771e-006
-1.49236e-005	-2.12849e-006	1.67605e-005
-2.76773e-005	-4.62502e-006	3.64637e-005
-3.54053e-006	-2.65854e-007	1.45258e-006
-0.375257	-0.0984948	0.921673
-3.81698e-006	-6.30051e-007	4.94514e-007
0.924137	0.0158381	-0.381733
0.923863	0.0159045	-0.382394
-4.27365e-006	-7.93777e-007	-5.54649e-007
0.991306	0.021453	-0.129813
0.991112	0.0212486	-0.131318
-5.4043e-006	-1.00092e-006	-8.76915e-007
0.794302	0.00541329	-0.607499
0.79433	0.00542112	-0.607463
-4.92736e-006	-3.15529e-007	-8.70972e-007
0.385702	-0.027678	-0.922208
0.385447	-0.0277333	-0.922313
-1.19348e-005	-1.76471e-006	-4.96586e-006
-0.125143	-0.0690432	-0.989733
-0.125121	-0.0690386	-0.989737
-9.78588e-006	-1.22059e-006	-4.07773e-006
-1.37968e-005	-1.21909e-006	-7.85263e-006
0.134601	-0.048013	-0.989736
0.134616	-0.0480136	-0.989734
0.610602	-0.00952144	-0.791881
0.6102	-0.00949127	-0.792191
-0.30294	-0.0838561	-0.949313
-5.89459e-006	-7.64465e-007	-3.49408e-006
-1.49236e-005	-2.12849e-006	-1.67605e-005
-3.46919e-005	-6.72698e-006	-4.5803e-005
-1.6727e-005	-3.23408e-006	-8.57074e-006
-0.376897	-0.0802993	-0.922768
-1.34048e-005	-2.41927e-006	-1.03744e-005
-3.33767e-005	-7.79752e-006	-8.73499e-005
-0.375255	-0.0985125	-0.921672
-7.20066e-006	-3.81329e-007	-9.48444e-007
-2.76773e-005	-4.62502e-006	-3.64637e-005
-1.57663e-005	-2.09812e-006	-1.21591e-005
-5.63356e-006	-1.08275e-006	-9.06704e-007
-3.68561e-005	-6.35893e-006	-4.28603e-005
-1.01056e-005	-1.04063e-006	-7.77473e-006
-3.21689e-005	-6.92213e-006	-4.25572e-005
-3.54053e-006	-2.65854e-007	-1.45258e-006
-4.69271e-005	-6.71081e-006	-4.80224e-005
-1.54406e-005	-1.90127e-006	-9.20921e-006
-1.17533e-005	-1.7276e-006	-9.14074e-006
-7.77672e-006	-1.53177e-006	-3.25897e-006
-1.70924e-005	-2.59755e-006	-1.04522e-005
-8.80385e-006	-1.98531e-006	-3.7237e-006
-8.09283e-006	-1.43331e-006	-1.08087e-006
-1.86819e-005	-2.80878e-006	-1.01061e-005
-2.87811e-005	-3.92543e-006	-2.95805e-005
-4.02149e-005	-6.18739e-006	-5.28006e-005
-4.20563e-005	-7.50681e-006	-3.26622e-005
-0.51766	-0.109688	-0.848526
-4.88996e-006	-9.19968e-007	-3.12706e-006
-1.2378e-005	-1.72546e-006	-6.77352e-006
-1.41061e-005	-2.52008e-006	-5.94585e-006
-1.45563e-005	-2.48989e-006	-7.64223e-006
-1.31363e-005	-1.49522e-006	-2.29761e-006
-3.71611e-006	-5.17761e-007	-1.56771e-006
-1.25576e-005	-2.44891e-006	-1.49744e-005
-8.78095e-006	-1.36989e-006	-3.66781e-006
-5.52206e-006	-4.90097e-007	-1.00431e-006
-0.454138	-0.0903616	-0.886337
-1.4015e-005	-2.41705e-006	-1.08439e-005
6.59716e-006	-5.53646e-005	-7.33536e-006
3.12196e-006	-5.52062e-005	-3.51407e-005
3.07971e-006	-5.76109e-005	-2.38864e-005
6.16333e-006	-5.65854e-005	-7.41492e-005
3.5998e-007	-4.43985e-006	-8.59123e-007
7.19959e-007	-8.8797e-006	-1.71825e-006
2.64627e-006	-2.13346e-005	-1.28408e-005
1.32384e-006	-1.06617e-005	-6.42683e-006
-8.02423e-007	9.91029e-006	-1.9168e-006
0.0410943	-0.340082	-0.939498
4.31353e-006	-5.10205e-005	-6.3596e-005
2.15695e-006	-2.55143e-005	-3.1802e-005
0.0181773	0.0205694	-0.999623
1.36865e-006	-1.03709e-005	-1.92049e-006
0.0291515	-0.381551	-0.923888
0.00188506	-0.130843	-0.991401
-7.19481e-007	1.53893e-005	-2.02695e-006
-0.017891	0.129566	-0.991409
-0.0315182	0.381329	-0.923902
-1.48437e-006	4.47124e-005	-3.42888e-005
-3.23033e-007	1.70029e-005	-2.23322e-006
7.11524e-006	-6.14439e-005	-4.74381e-005
-0.0484381	0.60684	-0.793347
-4.16353e-007	1.72976e-005	-7.15723e-006
-7.51519e-009	1.31177e-005	-2.3314e-006
-0.0190586	0.359056	-0.933121
-3.32613e-006	6.17128e-005	-7.44832e-005
-6.64204e-007	3.06917e-005	-1.79738e-005
-1.88848e-006	1.44099e-005	-2.92792e-006
-4.85967e-006	4.29734e-005	-2.76255e-005
-2.29742e-006	1.85857e-005	-7.75021e-006
-4.05552e-007	1.15139e-005	-2.12319e-006
-3.23033e-007	1.70029e-005	2.23322e-006
-4.86058e-006	4.29784e-005	2.76255e-005
-8.02423e-007	9.91029e-006	1.9168e-006
-2.29742e-006	1.85857e-005	7.75021e-006
-0.0484381	0.60684	0.793347
-4.05552e-007	1.15139e-005	2.12319e-006
-7.19481e-007	1.53893e-005	2.02695e-006
-6.63167e-007	3.06889e-005	1.79738e-005
-0.0190586	0.359056	0.933121
-3.32613e-006	6.17128e-005	7.44832e-005
0.0181926	0.0205232	0.999624
-0.0315182	0.381329	0.923902
3.07971e-006	-5.76109e-005	2.38864e-005
1.32266e-006	-1.06807e-005	6.42429e-006
2.64609e-006	-2.13297e-005	1.28408e-005
-1.4823e-006	4.47126e-005	3.42888e-005
6.59716e-006	-5.53646e-005	7.33536e-006
0.00190523	-0.130841	0.991402
-7.51519e-009	1.31177e-005	2.3314e-006
-1.88848e-006	1.44099e-005	2.92792e-006
7.11731e-006	-6.14438e-005	4.74381e-005
-4.16353e-007	1.72976e-005	7.15723e-006
3.59676e-007	-4.43985e-006	8.59173e-007
7.19959e-007	-8.8797e-006	1.71825e-006
0.041106	-0.340041	0.939512
0.0291515	-0.381551	0.923888
2.15503e-006	-2.55143e-005	3.17946e-005
4.31353e-006	-5.10205e-005	6.3596e-005
-0.017891	0.129566	0.991409
6.16333e-006	-5.65854e-005	7.41492e-005
3.12201e-006	-5.52128e-005	3.51407e-005
1.36757e-006	-1.03668e-005	1.92059e-006
2.8577e-005	2.28328e-006	-4.28467e-008
2.514e-005	2.01105e-006	-2.61116e-008
1.25686e-005	1.02966e-006	-1.91498e-009
-1.61944e-005	-1.30888e-006	-0
-4.74822e-005	-3.83766e-006	6.37665e-008
-9.17278e-005	-7.41474e-006	1.1557e-007
-0.996749	-0.0805714	0.000284232
-0.996744	-0.080635	-0.000200982
-0.996744	-0.080635	0.000268965
-0.996738	-0.0806999	-0.0002253
-0.996738	-0.0806999	-0.000338162
-0.996734	-0.0807474	-0.000700516
-0.996735	-0.0807474	0.000308786
-0.996738	-0.0806992	0.000676193
-0.996738	-0.0806992	-0.000315155
-0.996734	-0.0807474	-0.000682558
-0.996735	-0.0807474	0.00035792
-0.996738	-0.0806999	0.000720281
-0.996738	-0.0806999	-0.000219014
-0.996744	-0.080635	0.000275208
0.080018	-0.988207	-0.130552
0.0800545	-0.988215	-0.130474
0.0745995	-0.920877	-0.38265
0.0745366	-0.920832	-0.38277
0.0491297	-0.606742	-0.793379
0.0640308	-0.790769	-0.608757
0.0640113	-0.7908	-0.608718
0.0308897	-0.381482	-0.92386
0.0105396	-0.130104	-0.991444
0.0105341	-0.130094	-0.991446
-0.0309035	0.381481	-0.92386
-0.0308874	0.381454	-0.923872
-0.0491297	0.606742	-0.793379
-0.0745663	0.920879	-0.38265
-0.0745389	0.92086	-0.382703
-0.0640113	0.7908	-0.608718
-0.0640308	0.790769	-0.608757
-0.080018	0.988207	-0.130552
-0.0105396	0.130104	-0.991444
-0.080018	0.988207	0.130552
-0.0745645	0.920858	0.382703
-0.0745407	0.920881	0.38265
-0.0491328	0.606781	0.793349
-0.0640314	0.790776	0.608748
-0.064007	0.790748	0.608786
-0.0309012	0.381453	0.923872
-0.0308897	0.381482	0.92386
-0.0105396	0.130104	0.991444
0.0308897	-0.381482	0.92386
0.0491328	-0.606781	0.793349
0.080018	-0.988207	0.130552
0.0800545	-0.988215	0.130474
0.064007	-0.790748	0.608786
0.0640314	-0.790776	0.608748
0.0745995	-0.920877	0.38265
0.0745366	-0.920832	0.38277
0.0105396	-0.130104	0.991444
0.0105341	-0.130094	0.991446

#	Mesh	0	End

