#	Mesh	0	Begin

#	Vertex	72
83.0467	82.6605	-6.54494
83.047	82.6569	-6.54591
83.0472	82.6535	-6.54748
83.0475	82.6505	-6.54961
83.0477	82.6479	-6.55225
83.0479	82.6457	-6.55529
83.048	82.6442	-6.55867
83.0481	82.6432	-6.56226
83.0481	82.6429	-6.56597
83.0481	82.6432	-6.56968
83.048	82.6442	-6.57327
83.0479	82.6457	-6.57664
83.0477	82.6479	-6.57969
83.0475	82.6505	-6.58232
83.0472	82.6535	-6.58446
83.047	82.6569	-6.58603
83.0467	82.6605	-6.58699
83.0464	82.6642	-6.58732
83.0461	82.6679	-6.58699
83.0458	82.6714	-6.58603
83.0455	82.6748	-6.58446
83.0453	82.6778	-6.58232
83.045	82.6805	-6.57969
83.0449	82.6826	-6.57664
83.0448	82.6842	-6.57327
83.0447	82.6851	-6.56968
83.0446	82.6854	-6.56597
83.0447	82.6851	-6.56226
83.0448	82.6842	-6.55867
83.0449	82.6826	-6.55529
83.045	82.6805	-6.55225
83.0453	82.6778	-6.54961
83.0455	82.6748	-6.54748
83.0458	82.6714	-6.54591
83.0461	82.6679	-6.54494
83.0464	82.6642	-6.54462
85.8361	82.8863	-6.54494
85.8364	82.8827	-6.54591
85.8366	82.8794	-6.54748
85.8369	82.8763	-6.54961
85.8371	82.8737	-6.55225
85.8373	82.8716	-6.55529
85.8374	82.87	-6.55867
85.8375	82.8691	-6.56226
85.8375	82.8687	-6.56597
85.8375	82.8691	-6.56968
85.8374	82.87	-6.57327
85.8373	82.8716	-6.57664
85.8371	82.8737	-6.57969
85.8369	82.8763	-6.58232
85.8366	82.8794	-6.58446
85.8364	82.8827	-6.58603
85.8361	82.8863	-6.58699
85.8358	82.89	-6.58732
85.8355	82.8937	-6.58699
85.8352	82.8973	-6.58603
85.8349	82.9006	-6.58446
85.8347	82.9037	-6.58232
85.8345	82.9063	-6.57969
85.8343	82.9084	-6.57664
85.8342	82.91	-6.57327
85.8341	82.911	-6.56968
85.8341	82.9113	-6.56597
85.8341	82.911	-6.56226
85.8342	82.91	-6.55867
85.8343	82.9084	-6.55529
85.8345	82.9063	-6.55225
85.8347	82.9037	-6.54961
85.8349	82.9006	-6.54748
85.8352	82.8973	-6.54591
85.8355	82.8937	-6.54494
85.8358	82.89	-6.54462

#	Triangle	106
35	36	71
0	36	35
0	37	36
1	37	0
1	38	37
2	38	1
2	39	38
3	39	2
3	40	39
4	40	3
4	41	40
5	41	4
5	42	41
6	42	5
6	43	42	7	43	6
7	44	43
8	44	7
8	45	44
9	45	8
9	46	45	10	46	9
10	47	46
11	47	10
11	48	47
12	48	11
12	49	48
13	49	12
13	50	49
14	50	13
14	51	50
15	51	14
15	52	51
16	52	15
16	53	52
17	53	16
17	54	53	18	54	17
18	55	54
19	55	18
19	56	55
20	56	19
20	57	56
21	57	20
21	58	57
22	58	21
22	59	58
23	59	22
23	60	59
24	60	23
24	61	60	25	61	24
25	62	61
26	62	25
26	63	62
27	63	26
27	64	63	28	64	27
28	65	64
29	65	28
29	66	65
30	66	29
30	67	66
31	67	30
31	68	67
32	68	31
32	69	68
33	69	32
33	70	69
34	70	33
34	71	70	35	71	34
7	9	8	26	25	27
6	9	7	27	25	24
6	10	9	27	24	28
5	10	6	28	24	23
5	11	10
4	11	5
4	12	11
3	12	4	30	22	21
3	13	12	30	21	31
2	13	3	31	21	20
2	14	13
1	14	2	1	15	14
0	15	1	0	16	15
35	16	0	35	17	16	34	17	35	34	18	17
33	18	34	33	19	18
32	19	33	32	20	19
31	20	32
29	22	30
29	23	22
28	23	29
45	43	44	62	63	61
46	43	45	61	63	64
46	42	43	61	64	60
47	42	46	60	64	65
47	41	42
48	41	47
48	40	41
49	40	48	58	66	67
49	39	40	58	67	57
50	39	49	57	67	68
50	38	39	57	68	56
51	38	50	51	37	38
52	37	51	52	36	37
53	36	52	53	71	36
54	71	53	54	70	71
55	70	54	55	69	70
56	69	55	56	68	69
59	66	58
59	65	66
60	65	59

#	Normal	106
0.00704023	-0.0869545	0.996187
0.0070414	-0.0869692	0.996186
0.0209073	-0.258228	0.965858
0.0208658	-0.257706	0.965998
0.034061	-0.420677	0.906571
0.0341245	-0.421476	0.906197
0.0462885	-0.571714	0.819146
0.0462822	-0.571635	0.819202
0.0571254	-0.705561	0.706343
0.0570429	-0.704517	0.707391
0.0660582	-0.815862	0.574461
0.0661353	-0.816842	0.573058
0.0731771	-0.903816	0.421618
0.07312	-0.903082	0.423198
0.0779483	-0.962715	0.259046
0.0803873	-0.992838	0.0883769
0.0803983	-0.993005	0.0864687
0.0803847	-0.992838	-0.0883769
0.0804008	-0.993005	-0.0864687
0.0779483	-0.962715	-0.259046
0.0731794	-0.903816	-0.421618
0.0731177	-0.903082	-0.423198
0.0660559	-0.815862	-0.574461
0.0661375	-0.816842	-0.573058
0.0571274	-0.705561	-0.706343
0.057041	-0.704518	-0.707391
0.0462886	-0.571714	-0.819146
0.046282	-0.571635	-0.819202
0.0340599	-0.420677	-0.906571
0.0341257	-0.421476	-0.906197
0.0209179	-0.25835	-0.965825
0.0208749	-0.257828	-0.965965
0.00702971	-0.0868247	-0.996199
0.00703091	-0.0868394	-0.996198
-0.00703091	0.0868394	-0.996198
-0.020875	0.257828	-0.965965
-0.0209179	0.25835	-0.965825
-0.0341258	0.421476	-0.906197
-0.03406	0.420677	-0.906571
-0.0462886	0.571714	-0.819146
-0.046363	0.572615	-0.818512
-0.0570359	0.704433	-0.707475
-0.0570429	0.704517	-0.707391
-0.0661375	0.816842	-0.573058
-0.0660559	0.815862	-0.574461
-0.0731177	0.903082	-0.423198
-0.0731848	0.90388	-0.421479
-0.0779485	0.962715	-0.259046
-0.0804022	0.993019	-0.0863006
-0.0804008	0.993005	-0.0864687
-0.080402	0.99302	0.0863006
-0.080401	0.993005	0.0864687
-0.0779485	0.962715	0.259046
-0.0731202	0.903082	0.423198
-0.0731823	0.903881	0.421479
-0.0661353	0.816842	0.573058
-0.0660582	0.815862	0.574461
-0.0570361	0.704433	0.707475
-0.0570428	0.704517	0.707391
-0.04629	0.571714	0.819146
-0.0463616	0.572616	0.818512
-0.0341246	0.421476	0.906197
-0.0340611	0.420677	0.906571
-0.0208658	0.257706	0.965998
-0.0209073	0.258228	0.965858
-0.00704142	0.0869692	0.996186
-2.37513e-006	-2.3172e-007	-0
-7.12539e-006	-5.793e-007	-0
-1.4034e-005	-1.14098e-006	-0
-2.29336e-005	-1.82556e-006	-0
-3.35256e-005	-2.6687e-006	-0
-4.53679e-005	-3.66946e-006	-0
-5.83254e-005	-4.7175e-006	-0
-7.20491e-005	-5.78966e-006	-0
-8.58636e-005	-6.89976e-006	-0
-9.94076e-005	-8.17749e-006	-0
-0.996634	-0.0819853	-0
-0.996704	-0.0811271	-0
-0.996767	-0.0803494	-0
-0.996788	-0.0800803	-0
-0.996753	-0.0805237	-0
-0.996719	-0.0809401	-0
-0.996616	-0.0821952	-0
-5.85399e-005	-4.7175e-006	-0
-4.55347e-005	-3.66946e-006	-0
-3.33588e-005	-2.6687e-006	-0
2.43306e-006	1.7379e-007	-0
7.12539e-006	5.793e-007	-0
1.4034e-005	1.14098e-006	-0
2.28195e-005	1.93966e-006	-0
3.33588e-005	2.83549e-006	-0
4.55347e-005	3.66946e-006	-0
5.85399e-005	4.7175e-006	-0
7.18346e-005	5.78966e-006	-0
8.56081e-005	6.89976e-006	-0
9.94076e-005	7.92194e-006	-0
0.99684	0.0794397	-0
0.996719	0.0809401	-0
0.996753	0.0805237	-0
0.996618	0.0821736	-0
0.996788	0.0800803	-0
0.996767	0.0803494	-0
0.996704	0.0811271	-0
5.83254e-005	4.7175e-006	-0
4.53679e-005	3.66946e-006	-0
3.35256e-005	2.6687e-006	-0

#	Mesh	0	End

