#	Mesh	0	Begin

#	Vertex	72
85.7445	80.1503	-2.84204
85.7486	80.1507	-2.84313
85.7524	80.151	-2.84492
85.7558	80.1512	-2.84735
85.7588	80.1515	-2.85035
85.7612	80.1517	-2.85382
85.763	80.1518	-2.85766
85.7641	80.1519	-2.86175
85.7645	80.1519	-2.86597
85.7641	80.1519	-2.87019
85.763	80.1518	-2.87428
85.7612	80.1517	-2.87812
85.7588	80.1515	-2.88159
85.7558	80.1512	-2.88458
85.7524	80.151	-2.88701
85.7486	80.1507	-2.8888
85.7445	80.1503	-2.8899
85.7403	80.15	-2.89027
85.7361	80.1496	-2.8899
85.732	80.1493	-2.8888
85.7282	80.149	-2.88701
85.7247	80.1487	-2.88458
85.7217	80.1485	-2.88159
85.7193	80.1483	-2.87812
85.7175	80.1481	-2.87428
85.7164	80.1481	-2.87019
85.716	80.148	-2.86597
85.7164	80.1481	-2.86175
85.7175	80.1481	-2.85766
85.7193	80.1483	-2.85382
85.7217	80.1485	-2.85035
85.7247	80.1487	-2.84735
85.7282	80.149	-2.84492
85.732	80.1493	-2.84313
85.7361	80.1496	-2.84204
85.7403	80.15	-2.84167
85.5743	82.2581	-2.84204
85.5784	82.2584	-2.84313
85.5822	82.2587	-2.84492
85.5857	82.259	-2.84735
85.5886	82.2593	-2.85035
85.5911	82.2594	-2.85382
85.5929	82.2596	-2.85766
85.5939	82.2597	-2.86175
85.5943	82.2597	-2.86597
85.5939	82.2597	-2.87019
85.5929	82.2596	-2.87428
85.5911	82.2594	-2.87812
85.5886	82.2593	-2.88159
85.5857	82.259	-2.88458
85.5822	82.2587	-2.88701
85.5784	82.2584	-2.8888
85.5743	82.2581	-2.8899
85.5701	82.2578	-2.89027
85.5659	82.2574	-2.8899
85.5618	82.2571	-2.8888
85.558	82.2568	-2.88701
85.5545	82.2565	-2.88458
85.5515	82.2563	-2.88159
85.5491	82.2561	-2.87812
85.5473	82.2559	-2.87428
85.5462	82.2558	-2.87019
85.5459	82.2558	-2.86597
85.5462	82.2558	-2.86175
85.5473	82.2559	-2.85766
85.5491	82.2561	-2.85382
85.5515	82.2563	-2.85035
85.5545	82.2565	-2.84735
85.558	82.2568	-2.84492
85.5618	82.2571	-2.84313
85.5659	82.2574	-2.84204
85.5701	82.2578	-2.84167

#	Triangle	76
35	36	71	0	36	35
0	37	36
1	37	0
1	38	37
2	38	1
2	39	38	3	39	2
3	40	39	4	40	3
4	41	40	5	41	4
5	42	41	6	42	5
6	43	42	7	43	6
7	44	43	8	44	7
8	45	44	9	45	8
9	46	45	10	46	9
10	47	46	11	47	10
11	48	47	12	48	11
12	49	48	13	49	12
13	50	49	14	50	13
14	51	50
15	51	14
15	52	51
16	52	15
16	53	52	17	53	16
17	54	53
18	54	17
18	55	54	19	55	18
19	56	55
20	56	19
20	57	56	21	57	20
21	58	57	22	58	21
22	59	58	23	59	22
23	60	59
24	60	23
24	61	60	25	61	24
25	62	61	26	62	25
26	63	62	27	63	26
27	64	63	28	64	27
28	65	64
29	65	28
29	66	65	30	66	29
30	67	66	31	67	30
31	68	67	32	68	31
32	69	68
33	69	32
33	70	69	34	70	33
34	71	70
35	71	34
7	9	8	26	25	27
6	9	7	27	25	24
6	10	9	27	24	28
5	10	6	28	24	23
5	11	10	28	23	29
4	11	5	29	23	22
4	12	11	29	22	30
3	12	4	30	22	21
3	13	12	30	21	31
2	13	3	2	14	13	31	20	32	31	21	20
1	14	2	1	15	14
0	15	1	0	16	15
35	16	0	35	17	16
34	17	35	34	18	17
33	18	34	33	19	18
32	19	33	32	20	19
45	43	44	62	63	61
46	43	45	61	63	64
46	42	43	61	64	60
47	42	46	60	64	65
47	41	42	60	65	59
48	41	47	59	65	66
48	40	41	59	66	58
49	40	48	58	66	67
49	39	40	58	67	57
50	39	49	50	38	39	57	68	56	57	67	68
51	38	50	51	37	38	54	71	53	54	70	71
52	37	51	52	36	37	55	70	54	55	69	70
53	36	52	53	71	36
56	69	55	56	68	69

#	Normal	76
0.0869297	0.00701833	0.99619
0.258018	0.0208312	0.965916
0.25756	0.0207953	0.966038
0.421058	0.0339959	0.906397
0.42176	0.0340511	0.906068
0.571521	0.0461421	0.819289
0.704923	0.0569124	0.706997
0.816472	0.0659184	0.57361
0.903609	0.0729535	0.422099
0.962743	0.0777277	0.259007
0.992977	0.0801687	0.0869995
0.992977	0.0801687	-0.0869995
0.962743	0.0777277	-0.259007
0.903609	0.0729535	-0.422099
0.816491	0.06592	-0.573582
0.704923	0.0569124	-0.706997
0.571483	0.046139	-0.819316
0.421058	0.0339944	-0.906397
0.42176	0.0340526	-0.906068
0.258018	0.0208322	-0.965916
0.25756	0.0207943	-0.966038
0.0869297	0.00701833	-0.99619
-0.0867578	-0.00700445	-0.996205
-0.0869168	-0.00701761	-0.996191
-0.258018	-0.0208322	-0.965916
-0.42176	-0.0340526	-0.906068
-0.421058	-0.0339944	-0.906397
-0.571483	-0.046139	-0.819316
-0.704923	-0.0569124	-0.706997
-0.816491	-0.06592	-0.573582
-0.902907	-0.0728968	-0.423609
-0.903609	-0.0729568	-0.422099
-0.962742	-0.0777312	-0.259007
-0.992977	-0.0801724	-0.0869995
-0.992977	-0.0801724	0.0869995
-0.962742	-0.0777312	0.259007
-0.902907	-0.0729002	0.423609
-0.903609	-0.0729535	0.422099
-0.816472	-0.0659184	0.57361
-0.704923	-0.0569124	0.706997
-0.571521	-0.0461421	0.819289
-0.42176	-0.0340511	0.906068
-0.421058	-0.0339959	0.906397
-0.258018	-0.0208322	0.965916
-0.0867578	-0.00700477	0.996205
-0.0869168	-0.00701729	0.996191
2.63733e-007	-3.09886e-006	-0
7.25266e-007	-9.23065e-006	-0
1.42846e-006	-1.81804e-005	-0
2.46734e-006	-2.96081e-005	-0
3.607e-006	-4.3284e-005	-0
4.74606e-006	-5.88511e-005	-0
6.10147e-006	-7.56582e-005	-0
7.56582e-006	-9.32304e-005	-0
0.0808859	-0.996723	-0
0.0787613	-0.996894	-0
0.0815273	-0.996671	-0
0.0800482	-0.996791	-0
0.0796716	-0.996821	-0
0.0815122	-0.996672	-0
0.0802006	-0.996779	-0
0.081362	-0.996685	-0
-2.63733e-007	3.09886e-006	-0
-7.25266e-007	9.23065e-006	-0
-1.42846e-006	1.81804e-005	-0
-2.46734e-006	2.96081e-005	-0
-3.607e-006	4.3284e-005	-0
-4.74606e-006	5.88511e-005	-0
-6.10147e-006	7.56582e-005	-0
-7.56582e-006	9.32304e-005	-0
-0.0808859	0.996723	-0
-0.0787613	0.996894	-0
-0.081362	0.996685	-0
-0.0802006	0.996779	-0
-0.0796716	0.996821	-0
-0.0815273	0.996671	-0

#	Mesh	0	End

