#	Mesh	0	Begin

#	Vertex	92
54.0615	54.3748	-2.42
54.0615	54.3748	-3.42
54.0615	55.3748	-3.42
54.0615	55.3748	-2.42
53.3581	55.3748	-3.42
53.3581	55.3748	-2.42
53.374	55.1788	-3.42
53.374	55.1788	-2.42
53.9833	55.1788	-3.42
53.9833	55.1788	-2.42
53.9833	54.3788	-2.42
53.9833	54.3788	-3.42
53.4658	54.3788	-3.42
53.4658	54.3788	-2.42
53.4661	54.3748	-2.42
53.4661	54.3748	-3.42
52.5555	55.3748	-2.42
-16.0185	55.3748	-2.42
-16.0185	54.3748	-2.42
52.6133	54.3748	-2.42
52.5877	54.6906	-2.42
52.6108	54.6925	-2.42
4.17345	55.1786	-2.42
5.17345	55.1786	-2.42
5.17345	54.3786	-2.42
4.17345	54.3786	-2.42
-12.8265	55.1786	-2.42
-11.8265	55.1786	-2.42
-11.8265	54.3786	-2.42
-12.8265	54.3786	-2.42
-4.32655	55.1786	-2.42
-3.32655	55.1786	-2.42
-3.32655	54.3786	-2.42
-4.32655	54.3786	-2.42
12.6735	55.1786	-2.42
13.6735	55.1786	-2.42
13.6735	54.3786	-2.42
12.6735	54.3786	-2.42
21.1735	55.1786	-2.42
22.1735	55.1786	-2.42
22.1735	54.3786	-2.42
21.1735	54.3786	-2.42
29.6736	55.1788	-2.42
30.6736	55.1788	-2.42
30.6736	54.3788	-2.42
29.6736	54.3788	-2.42
38.1734	55.1788	-2.42
39.1734	55.1788	-2.42
39.1734	54.3788	-2.42
38.1734	54.3788	-2.42
46.6734	55.1788	-2.42
47.6734	55.1788	-2.42
47.6734	54.3788	-2.42
46.6734	54.3788	-2.42
52.5555	55.3748	-3.42
-16.0185	55.3748	-3.42
52.6108	54.6925	-3.42
52.5877	54.6906	-3.42
52.6133	54.3748	-3.42
-16.0185	54.3748	-3.42
5.17345	55.1786	-3.42
4.17345	55.1786	-3.42
4.17345	54.3786	-3.42
5.17345	54.3786	-3.42
-11.8265	55.1786	-3.42
-12.8265	55.1786	-3.42
-12.8265	54.3786	-3.42
-11.8265	54.3786	-3.42
-3.32655	55.1786	-3.42
-4.32655	55.1786	-3.42
-4.32655	54.3786	-3.42
-3.32655	54.3786	-3.42
13.6735	55.1786	-3.42
12.6735	55.1786	-3.42
12.6735	54.3786	-3.42
13.6735	54.3786	-3.42
22.1735	55.1786	-3.42
21.1735	55.1786	-3.42
21.1735	54.3786	-3.42
22.1735	54.3786	-3.42
30.6736	55.1788	-3.42
29.6736	55.1788	-3.42
29.6736	54.3788	-3.42
30.6736	54.3788	-3.42
39.1734	55.1788	-3.42
38.1734	55.1788	-3.42
38.1734	54.3788	-3.42
39.1734	54.3788	-3.42
47.6734	55.1788	-3.42
46.6734	55.1788	-3.42
46.6734	54.3788	-3.42
47.6734	54.3788	-3.42

#	Triangle	11
3	1	2	0	1	3	62	22	25	61	22	62	66	26	29	65	26	66	70	30	33	69	30	70	74	34	37	73	34	74	78	38	41	77	38	78	82	42	45	81	42	82	86	46	49	85	46	86	90	50	53	89	50	90
5	2	4	3	2	5	13	11	12	10	11	13	55	16	54	17	16	55	63	25	24	62	25	63	67	29	28	66	29	67	71	33	32	70	33	71	75	37	36	74	37	75	79	41	40	78	41	79	83	45	44	82	45	83	87	49	48	86	49	87	91	53	52	90	53	91
7	4	6	5	4	7
6	9	7	8	9	6	15	0	14	1	0	15	19	59	58	18	59	19	61	23	22	60	23	61	65	27	26	64	27	65	69	31	30	68	31	69	73	35	34	72	35	73	77	39	38	76	39	77	81	43	42	80	43	81	85	47	46	84	47	85	89	51	50	88	51	89
10	8	11	9	8	10	59	17	55	18	17	59	24	60	63	23	60	24	28	64	67	27	64	28	32	68	71	31	68	32	36	72	75	35	72	36	40	76	79	39	76	40	44	80	83	43	80	44	48	84	87	47	84	48	52	88	91	51	88	52
15	13	12	14	13	15
5	9	3	9	0	3	9	10	0	10	14	0	5	7	9	13	14	10	20	52	19	52	18	19	16	20	21	16	52	20	17	51	16	51	52	16	17	50	51	53	18	52	17	47	50	47	53	50	47	48	53	48	18	53	17	46	47	49	18	48	17	43	46	43	49	46	43	44	49	44	18	49	17	42	43	45	18	44	17	39	42	39	45	42	39	40	45	40	18	45	17	38	39	41	18	40	17	35	38	35	41	38	35	36	41	36	18	41	17	34	35	37	18	36	17	23	34	23	37	34	23	24	37	24	18	37	17	22	23	25	18	24	17	31	22	31	25	22	31	32	25	32	18	25	17	30	31	33	18	32	17	27	30	27	33	30	27	28	33	28	18	33	17	26	27	29	18	28	17	29	26	17	18	29
15	11	1	11	2	1	11	8	2	8	4	2	15	12	11	6	4	8	59	91	58	91	57	58	57	54	56	91	54	57	91	88	54	88	55	54	59	90	91	89	55	88	59	87	90	87	89	90	87	84	89	84	55	89	59	86	87	85	55	84	59	83	86	83	85	86	83	80	85	80	55	85	59	82	83	81	55	80	59	79	82	79	81	82	79	76	81	76	55	81	59	78	79	77	55	76	59	75	78	75	77	78	75	72	77	72	55	77	59	74	75	73	55	72	59	63	74	63	73	74	63	60	73	60	55	73	59	62	63	61	55	60	59	71	62	71	61	62	71	68	61	68	55	61	59	70	71	69	55	68	59	67	70	67	69	70	67	64	69	64	55	69	59	66	67	65	55	64	59	65	66	59	55	65
54	21	56	16	21	54
58	20	19	57	20	58
21	57	56	20	57	21

#	Normal	11
1	0	0
-0	1	-0
-0.996729	-0.0808212	-0
-0	-1	-0
-1	0	-0
-0.996699	-0.0811835	0
-0	0	1
-0	0	-1
0.996729	0.0808163	-0
0.996728	0.0808281	-0
0.0807028	-0.996738	-0

#	Mesh	0	End

