#	Mesh	0	Begin

#	Vertex	40
-13.2918	71.6148	-2.92
-13.2918	71.6148	-2.82
-37.8184	71.6148	-2.82
-37.8184	71.6148	-2.92
-13.2918	72.5148	-2.82
-37.8184	72.5148	-2.82
-13.2918	70.6148	-2.82
-37.8184	71.5188	-2.82
-37.6266	71.5188	-2.82
-37.6266	70.7188	-2.82
-37.8184	70.7188	-2.82
-37.8184	70.6148	-2.82
-29.8265	71.5188	-2.82
-28.8265	71.5188	-2.82
-28.8265	70.7188	-2.82
-29.8265	70.7188	-2.82
-21.3265	71.5188	-2.82
-20.3265	71.5188	-2.82
-20.3265	70.7188	-2.82
-21.3265	70.7188	-2.82
-13.2918	70.6148	-3.42
-37.8184	70.6148	-3.42
-13.2918	71.6148	-3.42
-37.8184	70.7188	-3.42
-37.6266	70.7188	-3.42
-37.6266	71.5188	-3.42
-37.8184	71.5188	-3.42
-37.8184	71.6148	-3.42
-28.8265	71.5188	-3.42
-29.8265	71.5188	-3.42
-29.8265	70.7188	-3.42
-28.8265	70.7188	-3.42
-20.3265	71.5188	-3.42
-21.3265	71.5188	-3.42
-21.3265	70.7188	-3.42
-20.3265	70.7188	-3.42
-13.2918	69.8148	-2.82
-37.8184	69.8148	-2.82
-13.2918	70.6148	-2.92
-37.8184	70.6148	-2.92

#	Triangle	8
3	1	2	0	1	3	21	6	11	20	6	21	29	13	12	28	13	29	33	17	16	32	17	33	26	8	7	25	8	26
5	0	3	4	0	5
2	4	5	1	4	2	2	17	1	17	6	1	17	18	6	18	11	6	2	16	17	19	11	18	2	13	16	13	19	16	13	14	19	14	11	19	2	12	13	15	11	14	2	15	12	2	8	15	8	9	15	9	11	15	2	7	8	10	11	9	37	6	11	36	6	37
4	1	0	30	12	15	29	12	30	34	16	19	33	16	34	22	6	20	1	6	22	38	6	36
5	3	2	14	28	31	13	28	14	18	32	35	17	32	18	9	25	24	8	25	9	21	10	23	11	10	21	26	2	27	7	2	26	39	37	11
21	35	20	35	22	20	35	32	22	32	27	22	21	34	35	33	27	32	21	31	34	31	33	34	31	28	33	28	27	33	21	30	31	29	27	28	21	29	30	21	24	29	24	25	29	25	27	29	21	23	24	26	27	25
2	22	27	1	22	2	31	15	14	30	15	31	35	19	18	34	19	35	10	24	23	9	24	10	11	38	39	6	38	11
39	36	37	38	36	39

#	Normal	8
-0	-1	-0
-0	0.110432	-0.993884
-0	-0	1
1	0	-0
-1	-0	-0
-0	0	-1
-0	1	-0
0	-0.124035	-0.992278

#	Mesh	0	End

