#	Mesh	0	Begin

#	Vertex	28
66.2679	77.2966	-3.101
66.1871	78.2933	-3.101
66.1871	78.2933	-3.731
66.2679	77.2966	-3.731
66.2928	77.2986	-3.101
66.2928	77.2986	-3.731
66.212	78.2953	-3.731
66.212	78.2953	-3.101
67.5078	78.4003	-3.731
67.5078	78.4003	-3.101
67.5885	77.4036	-3.101
67.5885	77.4036	-3.731
66.4451	78.5149	-3.231
67.2424	78.5795	-3.231
67.2424	78.5795	-3.731
66.4451	78.5149	-3.731
66.5581	77.1195	-3.231
67.3555	77.1841	-3.231
67.5387	77.3996	-3.231
66.542	77.3188	-3.231
67.4579	78.3963	-3.231
67.4579	78.3963	-3.731
67.5387	77.3996	-3.731
67.3555	77.1841	-3.731
66.5581	77.1195	-3.731
66.542	77.3188	-3.731
66.4612	78.3155	-3.731
66.4612	78.3155	-3.231

#	Triangle	19
3	1	2	0	1	3	5	7	6	4	7	5
7	5	6	4	5	7	11	9	10	8	9	11
0	7	1	4	7	0	19	17	18	16	17	19	4	9	7	10	9	4	20	12	27	13	12	20
1	6	2	7	6	1
2	5	3	6	5	2	22	8	11	22	21	8	23	21	22	23	14	21	24	14	23	24	25	14	25	26	14	26	15	14	5	26	25	5	6	26
3	4	0	5	4	3
15	13	14	12	13	15
21	13	20	14	13	21
25	16	19	24	16	25
10	22	11	10	18	22
19	5	25	19	4	5
10	19	18
10	4	19
7	26	6	7	27	26	20	8	21	20	9	8
7	20	27
7	9	20
23	16	24	17	16	23
18	23	22	17	23	18
27	15	26	12	15	27

#	Normal	19
-0.996734	-0.0807578	0
0.996734	0.0807584	0
-0	-0	1
-0.0806145	0.996745	-0
0	-0	-1
0.0809249	-0.99672	-0
-0.0807621	0.996733	-0
0.64769	0.761904	-0
-0.996732	-0.0807823	0
0.0807823	-0.996732	-0
0.0807513	-0.996734	-0
0.0807578	-0.996734	9.4703e-006
0.0807575	-0.996734	1.19564e-005
-0.0807823	0.996732	-0
-0.0807578	0.996734	4.73515e-005
-0.0807634	0.996733	-7.28487e-006
0.0807621	-0.996733	-0
0.761892	-0.647704	-0
-0.996735	-0.0807435	-0

#	Mesh	0	End

