#	Mesh	0	Begin

#	Vertex	22
87.3091	60.7013	-2.829
87.3189	60.5804	-2.829
87.3253	60.5019	-2.829
87.5246	60.5181	-2.829
87.5183	60.5965	-2.829
87.5085	60.7174	-2.829
87.5085	60.7174	-11.386
87.5246	60.5181	-11.386
87.3253	60.5019	-11.386
87.3253	60.5021	-11.386
87.4256	60.5103	-11.386
87.4095	60.7094	-11.386
87.3091	60.7013	-8.74853
87.3253	60.5021	-8.74853
87.3253	60.5019	-3.334
87.5246	60.5181	-3.334
87.4095	60.7094	-9.59517
87.3098	60.7013	-9.59517
87.3098	60.7013	-8.74853
87.4256	60.5103	-9.59517
87.3259	60.5022	-8.74853
87.3259	60.5022	-9.59517

#	Triangle	23
1	5	0	2	5	1	3	4	2	4	5	2
10	8	9
10	7	8
6	10	11	6	7	10	18	13	12	20	13	18	16	21	17	19	21	16
14	9	8	14	13	9
14	12	13
14	0	12
2	1	14
1	0	14
15	8	7	15	14	8	3	14	15	3	2	14
5	7	6	5	15	7
5	4	15
4	3	15
16	6	11	16	5	6
18	16	17
18	5	16
0	18	12
0	5	18
13	21	9	13	20	21
21	10	9
21	19	10
11	19	16	10	19	11
17	20	18	21	20	17

#	Normal	23
-0	-0	1
-0	-0	-2.32404e-005
0	-0	-4.51808e-005
-0	-0	-1
-0.99771	-0.0676413	-0
-0.996734	-0.0807571	-5.61085e-007
-0.996735	-0.0807419	0
-0.996734	-0.0807586	-0
-0.996736	-0.0807311	-4.3015e-006
0.0807629	-0.996733	-0
0.996735	0.0807419	0
0.996731	0.0807873	-1.80399e-005
0.996741	0.080672	-0
-0.0807874	0.996731	-0
-0.0807372	0.996735	-0
-0.0807428	0.996735	-6.57297e-007
-0.0809831	0.996715	-0
-0.0807629	0.996733	2.34059e-008
-0.0820014	0.996632	-0
-0.0807127	0.996737	-4.47123e-007
-0.0807047	0.996738	-0
-0.99674	-0.0806778	0
-0.996737	-0.0807182	0

#	Mesh	0	End

