#	Mesh	0	Begin

#	Vertex	24
88.7031	47.7103	-2.629
88.5038	47.6941	-2.629
88.5083	47.638	-2.629
88.5199	47.4948	-2.629
88.7193	47.5109	-2.629
88.7077	47.6541	-2.629
88.7031	47.7103	-11.386
88.7193	47.5109	-11.386
88.5199	47.4948	-11.386
88.5038	47.6941	-11.386
88.7031	47.7103	-3.32026
88.7031	47.7103	-11.1265
88.5038	47.6941	-11.1265
88.5038	47.6941	-9.51564
88.7029	47.7103	-9.51564
88.7029	47.7103	-3.00144
88.5038	47.6941	-3.00144
88.5199	47.4948	-3.00244
88.719	47.5109	-3.00244
88.719	47.5109	-9.51564
88.5199	47.4948	-9.51564
88.5199	47.4948	-11.1269
88.7193	47.5109	-11.1269
88.7193	47.5109	-3.399

#	Triangle	18
2	0	1	3	0	2	4	5	3	5	0	3	20	14	13	19	14	20
9	7	8	6	7	9
12	6	9	12	11	6	13	11	12
13	14	11	1	15	16
14	10	11	15	10	14	15	0	10
1	0	15
3	16	17	15	19	18	14	19	15	21	9	8	21	12	9	20	12	21	20	13	12
3	2	16
2	1	16
22	8	7	22	21	8
23	19	22	23	18	19	4	18	23
19	21	22
19	20	21	18	3	17
4	3	18
11	7	6	11	22	7	11	23	22	10	23	11	10	4	23
0	5	10
5	4	10
16	18	17	15	18	16

#	Normal	18
-0	-0	1
0	-0	-1
-0.0807598	0.996734	-0
-0.0807565	0.996734	4.02385e-007
-0.0830455	0.996546	-0
-0.0807598	0.996734	-1.73789e-006
-0.996732	-0.0807807	-0
-0.996733	-0.0807611	1.05723e-005
-0.996728	-0.0808308	0
0.0807629	-0.996733	-0
0.0854011	-0.996347	-0
0.0807629	-0.996733	-7.92772e-007
0.0807565	-0.996734	-0
0.0807629	-0.996733	3.42043e-006
0.996735	0.0807419	0
0.99674	0.0806763	0
0.996733	0.0807677	7.47505e-006
-0.000402557	0.00498367	-0.999988

#	Mesh	0	End

