#	Mesh	0	Begin

#	Vertex	14
90.7959	21.8859	-2.629
90.5966	21.8697	-2.629
90.6127	21.6704	-2.629
90.8121	21.6866	-2.629
90.5966	21.8697	-11.386
90.7959	21.8859	-11.386
90.7966	21.878	-11.386
90.5972	21.8618	-11.386
90.7959	21.8859	-11.223
90.5966	21.8697	-11.223
90.5972	21.8618	-3.13103
90.6127	21.6704	-3.13199
90.8121	21.6866	-3.13199
90.7966	21.878	-3.13103

#	Triangle	11
3	1	2	0	1	3
7	5	6	4	5	7
9	5	4	9	8	5	1	8	9	1	0	8
10	4	7	10	9	4	10	1	9
2	10	11
2	1	10
12	2	11	3	2	12	6	10	7	13	10	6
8	6	5	8	13	6	0	13	8
13	3	12
0	3	13
11	13	12	10	13	11

#	Normal	11
0	-0	1
-0	0	-1
-0.0807598	0.996734	-0
-0.996668	-0.0815612	-0
-0.996735	-0.0807484	-0
-0.996732	-0.0807807	-1.24011e-005
0.0807629	-0.996733	-0
0.996748	0.080585	0
0.996735	0.0807484	-0
0.996735	0.0807419	-2.49339e-006
-0.000403789	0.00498335	-0.999988

#	Mesh	0	End

