#	Mesh	0	Begin

#	Vertex	15
90.918	20.3907	-2.629
90.7187	20.3746	-2.629
90.7348	20.1752	-2.629
90.9342	20.1914	-2.629
90.9342	20.1914	-11.386
90.9332	20.1913	-11.386
90.9324	20.2014	-11.386
90.9333	20.2015	-11.386
90.918	20.3907	-3.13849
90.7187	20.3746	-3.13849
90.7348	20.1752	-3.13949
90.9332	20.1913	-3.13949
90.9342	20.1914	-11.223
90.9333	20.2015	-3.13944
90.9324	20.2014	-3.13944

#	Triangle	16
3	1	2	0	1	3
7	5	6	4	5	7
9	0	8	1	0	9
10	1	9	2	1	10
12	5	4	12	11	5	3	11	12
11	2	10
3	2	11
13	4	7	13	12	4	13	3	12
8	3	13
0	3	8
6	11	14	5	11	6
8	10	9
8	14	10
14	11	10
13	14	8
6	13	7	14	13	6

#	Normal	16
0	-0	1
-0	-0	-9.41647e-006
-0.0807629	0.996733	-0
-0.996735	-0.0807419	0
0.0795788	-0.996829	-0
0.0807653	-0.996733	-0
0.0807598	-0.996734	-2.16463e-006
0.996687	0.0813309	0
0.996734	0.0807513	-1.16004e-005
0.996732	0.0807807	0
-0.996749	-0.0805686	0
-0.000402591	0.00498369	-0.999988
-0.000403319	0.00498431	-0.999987
-0.000401596	0.00497133	-0.999988
-0.000401291	0.00498446	-0.999987
-0.0802488	0.996775	-0

#	Mesh	0	End

