#	Mesh	0	Begin

#	Vertex	20
65.4703	15.4797	-2.829
65.4542	15.679	-2.829
65.2548	15.6629	-2.829
65.271	15.4635	-2.829
65.4703	15.4797	-3.15269
65.4542	15.679	-3.15169
65.2548	15.6629	-3.15169
65.271	15.4635	-3.15269
65.4703	15.4797	-11.386
65.271	15.4635	-11.386
65.2548	15.6629	-11.386
65.4542	15.679	-11.386
65.4703	15.4797	-9.67728
65.4542	15.679	-9.67728
65.2548	15.6629	-9.67728
65.271	15.4635	-9.67728
65.4542	15.679	-11.1875
65.4703	15.4797	-11.1879
65.2548	15.6629	-11.1875
65.271	15.4635	-11.1879

#	Triangle	7
3	1	2	0	1	3	15	13	14	12	13	15
5	0	4	1	0	5	16	8	11	16	17	8	16	12	17	13	12	16
6	1	5	2	1	6	18	11	10	18	16	11	14	16	18	14	13	16
7	2	6	3	2	7	19	10	9	19	18	10	15	18	19	15	14	18
4	3	7	0	3	4	17	9	8	17	19	9	12	19	17	12	15	19
6	4	7	5	4	6
11	9	10	8	9	11

#	Normal	7
-0	-0	1
0.996733	0.0807617	-0
-0.0807629	0.996733	-0
-0.996733	-0.0807617	0
0.0807629	-0.996733	-0
-0.000403809	0.0049836	-0.999988
-0	-0	-1

#	Mesh	0	End

