#	Mesh	0	Begin

#	Vertex	14
66.8894	63.8023	-2.829
66.6901	63.7861	-2.829
66.7062	63.5868	-2.829
66.9056	63.6029	-2.829
66.7062	63.5868	-11.386
66.7025	63.6328	-11.386
66.6901	63.7861	-11.386
66.6905	63.7862	-11.386
66.7066	63.5868	-11.386
66.8894	63.8023	-2.91244
66.6905	63.7862	-2.91244
66.7062	63.5868	-11.093
66.7066	63.5868	-2.91344
66.9056	63.6029	-2.91344

#	Triangle	17
3	1	2	0	1	3
7	5	6
8	5	7
8	4	5
1	7	6	1	10	7
1	9	10
1	0	9
11	5	4
11	6	5
11	1	6	2	1	11
12	4	8	12	11	4	12	2	11
13	2	12
3	2	13
9	3	13	0	3	9
7	12	8	10	12	7
13	10	9
12	10	13

#	Normal	17
0	-0	1
-0	-0	-5.90856e-005
-0	-0	-7.54203e-005
-0	-0	-1.73563e-005
-0.081362	0.996685	-0
-0.0807617	0.996733	2.77214e-006
-0.0807629	0.996733	-0
-0.996736	-0.0807273	-0
-0.996735	-0.0807484	-3.33724e-006
-0.996735	-0.0807435	0
0.0727236	-0.997352	-0
0.0807749	-0.996732	3.59558e-005
0.0807598	-0.996734	-0
0.996732	0.0807823	-0
0.996738	0.0807031	-0
-0.000403809	0.00498367	-0.999987
-0.000403869	0.0049836	-0.999988

#	Mesh	0	End

