#	Mesh	0	Begin

#	Vertex	490
57.4673	74.3144	-6.03673
57.4673	74.3144	-6.59673
56.6101	74.245	-6.59673
56.6101	74.245	-6.03673
57.4676	74.3114	-6.03673
56.6104	74.242	-6.03673
56.6104	74.242	-6.59673
57.4676	74.3114	-6.59673
56.489	75.7401	-6.03673
56.489	75.7401	-6.59673
57.3462	75.8095	-6.59673
57.3462	75.8095	-6.03673
56.4888	75.7431	-6.03673
57.3459	75.8125	-6.03673
57.3459	75.8125	-6.59673
56.4888	75.7431	-6.59673
56.5724	74.4626	-5.97173
56.5724	74.4626	-6.66173
56.4868	75.5192	-6.66173
56.4868	75.5192	-5.97173
56.5694	74.4624	-5.97173
56.4838	75.5189	-5.97173
56.4838	75.5189	-6.66173
56.5694	74.4624	-6.66173
57.6829	75.6161	-5.97173
57.6829	75.6161	-6.66173
57.7685	74.5595	-6.66173
57.7685	74.5595	-5.97173
57.6859	75.6163	-5.97173
57.7715	74.5598	-5.97173
57.7715	74.5598	-6.66173
57.6859	75.6163	-6.66173
56.6125	75.7501	-6.06673
56.7061	75.7577	-6.06673
56.7997	75.7652	-6.06673
56.8932	75.7728	-6.06673
56.999	75.7814	-6.06673
57.1048	75.79	-6.06673
57.2227	75.7995	-6.06673
57.3163	75.8071	-6.06673
57.3163	75.8071	-6.26005
57.3163	75.8071	-6.41339
57.3163	75.8071	-6.56673
57.2227	75.7995	-6.56673
57.1048	75.79	-6.56673
56.999	75.7814	-6.56673
56.8932	75.7728	-6.56673
56.7997	75.7652	-6.56673
56.7061	75.7577	-6.56673
56.6125	75.7501	-6.56673
56.5189	75.7425	-6.56673
56.5189	75.7425	-6.41652
56.5189	75.7425	-6.26631
56.5189	75.7425	-6.06673
57.7661	74.5894	-6.63173
57.7585	74.683	-6.63173
57.7509	74.7766	-6.63173
57.7433	74.8702	-6.63173
57.7358	74.9638	-6.63173
57.7257	75.0878	-6.63173
57.7157	75.2118	-6.63173
57.7081	75.3054	-6.63173
57.7005	75.399	-6.63173
57.6929	75.4926	-6.63173
57.6853	75.5862	-6.63173
57.6853	75.5862	-6.47007
57.6853	75.5862	-6.30841
57.6853	75.5862	-6.15507
57.6853	75.5862	-6.00173
57.6929	75.4926	-6.00173
57.7005	75.399	-6.00173
57.7081	75.3054	-6.00173
57.7157	75.2118	-6.00173
57.7257	75.0878	-6.00173
57.7358	74.9638	-6.00173
57.7433	74.8702	-6.00173
57.7509	74.7766	-6.00173
57.7585	74.683	-6.00173
57.7661	74.5894	-6.00173
57.7661	74.5894	-6.16652
57.7661	74.5894	-6.33131
57.7661	74.5894	-6.48152
57.5438	75.5794	-6.0234
57.5321	75.4641	-6.01931
57.593	75.5729	-6.01617
57.3939	75.5082	-6.03372
57.4947	75.5953	-6.03062
57.4477	75.6207	-6.03784
56.5274	75.6295	-6.06267
56.6568	75.5885	-6.06014
57.1286	75.4105	-6.04236
57.2069	75.3784	-6.03764
57.2397	75.4647	-6.04041
57.6337	74.7267	-6.00625
57.4041	74.6321	-6.01392
57.5225	74.6061	-6.00985
57.5012	74.7549	-6.01131
57.28	74.7832	-6.01959
56.713	75.3912	-6.05201
56.8478	75.3801	-6.04904
56.7777	75.5132	-6.05567
57.6501	75.4448	-6.00667
57.6476	75.3298	-6.00651
56.6718	75.1962	-6.04642
56.7343	75.098	-6.04235
56.8516	75.109	-6.03991
57.254	75.5931	-6.04804
57.13	75.5095	-6.04744
57.1793	74.7176	-6.02204
57.0751	74.7761	-6.0261
57.221	74.896	-6.02335
57.0266	74.9812	-6.03164
57.4464	75.4486	-6.02637
57.4319	75.358	-6.02388
57.2893	74.6695	-6.01798
56.8879	74.9211	-6.03423
56.8528	75.2331	-6.04368
57.3672	75.6988	-6.05228
57.4046	75.6554	-6.04506
57.6147	74.8684	-6.00723
56.9777	74.8442	-6.03017
57.3169	75.0041	-6.02149
57.1577	75.0324	-6.0284
57.3387	75.5586	-6.04097
57.2303	75.2583	-6.0318
57.1402	75.3055	-6.03738
57.1694	75.1658	-6.03145
57.3372	75.7498	-6.05951
57.2437	75.6796	-6.05542
56.9639	75.5693	-6.05507
57.1194	75.6252	-6.05487
57.0467	75.6991	-6.0611
57.3126	75.3528	-6.03118
57.3969	75.2652	-6.02327
57.5522	75.1569	-6.0119
57.6362	75.1211	-6.00675
57.5885	75.2484	-6.01045
57.4396	74.8996	-6.01486
57.2461	75.0895	-6.02626
57.3679	75.1017	-6.02101
57.298	75.1818	-6.02625
56.8065	75.006	-6.03829
57.5956	75.419	-6.01193
57.6407	75.5754	-6.00895
56.547	75.5172	-6.0586
57.0383	75.1326	-6.03522
56.9909	75.4122	-6.04688
56.9524	75.2978	-6.04334
56.6194	75.2995	-6.05048
56.5778	75.4069	-6.05454
57.6436	74.5918	-6.00579
57.5403	74.9539	-6.01089
57.1738	75.7277	-6.06115
56.7556	75.6395	-6.0613
57.493	75.3336	-6.01875
57.5591	75.0577	-6.01068
57.4695	75.1784	-6.01705
57.0468	75.3308	-6.04175
56.8978	75.482	-6.05222
56.9363	75.6718	-6.06094
56.8574	75.5901	-6.05788
57.444	75.02	-6.01604
57.0719	75.2303	-6.03717
57.6197	75.5732	-6.19496
57.4732	75.6055	-6.20542
57.429	75.6341	-6.31673
57.521	75.5855	-6.16124
57.3534	75.7197	-6.3329
57.5686	75.5749	-6.40127
57.5438	75.5794	-6.61006
57.521	75.5855	-6.47222
57.6203	75.5732	-6.39372
57.5689	75.5749	-6.23214
57.4947	75.5953	-6.60284
57.6407	75.5754	-6.62451
57.3372	75.7498	-6.57395
57.3672	75.6988	-6.58117
57.3867	75.6742	-6.22103
57.3888	75.6718	-6.39265
57.4046	75.6554	-6.5884
57.4477	75.6207	-6.59562
57.593	75.5729	-6.61728
57.4732	75.6055	-6.42804
57.5233	75.5848	-6.31673
57.2349	75.2209	-6.60311
57.1401	75.3456	-6.59444
57.2947	75.3731	-6.60043
56.6718	75.1962	-6.58704
56.6194	75.2995	-6.58298
56.713	75.3912	-6.58144
57.1194	75.6252	-6.57859
57.2762	75.6075	-6.58531
57.1472	75.4978	-6.58728
56.8537	75.6058	-6.57479
56.7515	75.6311	-6.57248
57.5119	74.9379	-6.62139
57.4279	74.866	-6.61845
57.4083	74.9897	-6.61618
56.8547	75.2343	-6.58979
56.7343	75.098	-6.5911
57.5298	75.4565	-6.61418
57.4438	75.4434	-6.60711
56.9503	75.301	-6.58995
56.8469	75.3806	-6.58437
57.2906	74.8046	-6.61396
57.2878	74.9374	-6.61192
57.3221	75.1906	-6.60815
57.3688	75.2788	-6.60814
56.7777	75.5132	-6.57779
56.6568	75.5885	-6.57332
57.497	74.739	-6.62209
57.5949	75.4133	-6.62156
57.6497	75.4448	-6.62675
57.6475	75.3296	-6.62694
57.2989	75.5214	-6.59271
57.1738	75.7277	-6.57231
57.3342	75.0928	-6.61103
57.2047	75.057	-6.60628
57.0467	75.6991	-6.57236
57.3932	75.5072	-6.59975
57.5996	74.8499	-6.62564
57.6337	74.7267	-6.62721
57.6206	74.9792	-6.62623
56.9639	75.5693	-6.57839
57.6436	74.5918	-6.62767
57.5225	74.6061	-6.6236
57.1336	74.9485	-6.60604
57.0751	74.7761	-6.60735
56.9777	74.8442	-6.60329
57.1793	74.7176	-6.61142
57.2893	74.6695	-6.61548
56.8879	74.9211	-6.59923
56.8065	75.006	-6.59517
56.9437	75.0468	-6.59772
57.489	75.3194	-6.61477
57.5899	75.2456	-6.62313
57.4041	74.6321	-6.61954
56.547	75.5172	-6.57485
57.2437	75.6796	-6.57804
56.5274	75.6295	-6.57079
56.5778	75.4069	-6.57892
57.0433	75.1373	-6.59827
57.2152	75.4372	-6.59336
56.9426	75.6681	-6.5728
57.438	75.3594	-6.60996
57.3746	75.3735	-6.60515
57.445	75.1816	-6.61494
56.9909	75.4122	-6.58657
56.8891	75.4882	-6.58079
57.1516	75.1565	-6.60158
57.0757	75.2503	-6.59573
57.624	75.0881	-6.62611
57.5285	75.041	-6.62134
57.5437	75.1492	-6.62114
57.4314	75.0849	-6.61589
56.7042	75.1426	-6.19017
57.6249	74.5932	-6.40641
57.5892	74.5967	-6.20722
57.4706	74.616	-6.37669
57.2423	74.6885	-6.31673
57.2378	74.6904	-6.47152
56.8522	74.9563	-6.31673
57.0318	74.8046	-6.36297
56.9357	74.8783	-6.19286
56.7058	75.1401	-6.34856
57.3513	74.6477	-6.18361
57.1311	74.743	-6.19174
56.6002	75.3452	-6.31673
56.5369	75.567	-6.36562
56.5366	75.5688	-6.20683
57.3438	74.3044	-6.06673
57.2259	74.2949	-6.06673
57.1201	74.2863	-6.06673
57.0144	74.2777	-6.06673
56.9208	74.2701	-6.06673
56.8272	74.2626	-6.06673
56.7336	74.255	-6.06673
56.64	74.2474	-6.06673
56.64	74.2474	-6.21694
56.64	74.2474	-6.36715
56.64	74.2474	-6.56673
56.7336	74.255	-6.56673
56.8272	74.2626	-6.56673
56.9208	74.2701	-6.56673
57.0144	74.2777	-6.56673
57.1201	74.2863	-6.56673
57.2259	74.2949	-6.56673
57.3438	74.3044	-6.56673
57.4374	74.312	-6.56673
57.4374	74.312	-6.37341
57.4374	74.312	-6.22007
57.4374	74.312	-6.06673
57.6853	75.5862	-6.46694
57.6853	75.5862	-6.30215
57.6853	75.5862	-6.15194
57.7661	74.5894	-6.16339
57.7661	74.5894	-6.32505
57.7661	74.5894	-6.47839
57.2628	74.8774	-6.03035
57.1893	74.7391	-6.03901
57.3462	74.7368	-6.03303
56.703	74.8111	-6.04642
56.668	74.7008	-6.05048
56.7751	74.6253	-6.05201
57.2138	74.4598	-6.05487
57.3657	74.5025	-6.04815
57.2207	74.59	-6.04617
56.9485	74.4362	-6.05866
56.8516	74.3948	-6.06097
57.4906	75.2013	-6.01207
57.3961	75.2588	-6.01501
57.3967	75.1335	-6.01728
56.8897	74.803	-6.04367
56.7489	74.9181	-6.04235
57.5917	74.6924	-6.01927
57.5048	74.6914	-6.02635
57.6253	74.5734	-6.0234
56.9947	74.7526	-6.04351
56.9055	74.6573	-6.04908
57.5794	74.5498	-6.03062
57.2507	75.2972	-6.0195
57.2693	75.1658	-6.02153
57.344	74.9214	-6.02531
57.4042	74.8418	-6.02532
56.8585	74.5153	-6.05567
56.7513	74.4216	-6.06014
57.4438	75.3952	-6.01137
57.649	74.7455	-6.0119
57.7082	74.7232	-6.00671
57.6874	74.8365	-6.00652
57.3742	74.5912	-6.04075
57.5002	74.4759	-6.04506
57.5371	74.5171	-6.03784
57.284	74.3674	-6.06115
57.3401	75.0198	-6.02242
57.2066	75.0343	-6.02718
57.154	74.3752	-6.0611
57.465	74.6203	-6.03371
57.563	75.3024	-6.00782
57.5768	75.4295	-6.00625
57.6045	75.1781	-6.00722
57.0514	74.49	-6.05507
57.5648	75.5641	-6.00579
57.4476	75.5305	-6.00985
57.1189	75.13	-6.02742
57.0334	75.2907	-6.0261
56.9482	75.2079	-6.03017
57.1268	75.3652	-6.02204
57.2276	75.4305	-6.01798
56.872	75.1175	-6.03423
56.8054	75.0206	-6.03829
56.9473	75.0024	-6.03574
57.5293	74.8212	-6.01869
57.6171	74.9103	-6.01032
57.6728	74.5877	-6.01617
57.7203	74.5929	-6.00895
57.3349	75.4858	-6.01392
56.6315	74.4742	-6.0586
57.4489	74.372	-6.05951
57.4702	74.4271	-6.05228
57.3453	74.4262	-6.05542
56.6302	74.3603	-6.06267
56.6441	74.5881	-6.05454
57.0602	74.9291	-6.03519
57.2781	74.6608	-6.0401
57.0462	74.389	-6.06066
57.4855	74.7735	-6.0235
57.4252	74.7493	-6.02831
57.4637	74.95	-6.01852
57.0527	74.6493	-6.04688
56.9644	74.558	-6.05267
57.1701	74.9276	-6.03188
57.1103	74.8228	-6.03773
57.6254	75.0712	-6.00735
57.5236	75.1023	-6.01212
57.556	74.9979	-6.01232
57.4348	75.0433	-6.01757
57.5648	75.5641	-6.62767
56.7263	74.8693	-6.44329
56.703	74.8111	-6.58704
56.668	74.7008	-6.58298
57.5466	75.5597	-6.22704
57.512	75.5505	-6.42624
57.398	75.5124	-6.25677
57.1843	75.4041	-6.31673
57.1802	75.4015	-6.16193
56.8424	75.077	-6.31673
56.9953	75.2556	-6.27049
56.9122	75.1674	-6.4406
56.6302	74.3603	-6.57079
56.7275	74.872	-6.2849
57.4476	75.5305	-6.6236
57.3349	75.4858	-6.61954
57.2853	75.4619	-6.44985
57.1268	75.3652	-6.61142
57.0833	75.3324	-6.44172
56.6563	74.6526	-6.31673
56.8054	75.0206	-6.59517
56.6296	74.4235	-6.26784
56.6315	74.4742	-6.57485
56.6295	74.4216	-6.42663
56.6441	74.5881	-6.57892
56.9482	75.2079	-6.60329
56.872	75.1175	-6.59923
57.0334	75.2907	-6.60735
57.2276	75.4305	-6.61548
56.7489	74.9181	-6.5911
57.6253	74.5734	-6.61006
57.5952	74.6853	-6.61415
57.6728	74.5877	-6.61728
57.4659	74.6195	-6.59974
57.5794	74.5498	-6.60284
57.5371	74.5171	-6.59562
56.7513	74.4216	-6.57332
57.1883	74.6732	-6.5911
57.2604	74.7175	-6.59582
57.3067	74.6376	-6.59304
57.5767	75.4295	-6.62721
57.4505	75.3802	-6.62215
57.2368	75.3167	-6.61386
56.7751	74.6253	-6.58144
56.9063	74.658	-6.58441
56.8585	74.5153	-6.57779
57.7086	74.7233	-6.62679
57.6875	74.8364	-6.62694
56.8664	74.9262	-6.59354
57.3415	74.5132	-6.58542
57.2056	74.5757	-6.58601
57.1967	75.1959	-6.61011
57.0186	75.0805	-6.60182
57.5082	74.6868	-6.60709
57.4792	74.7739	-6.60958
56.8876	74.8039	-6.58978
57.4702	74.4271	-6.58117
57.5002	74.4759	-6.5884
57.5808	75.2865	-6.62622
57.3087	75.1046	-6.61197
57.1562	75.051	-6.60506
57.4195	74.5609	-6.59249
57.2642	74.8398	-6.60166
57.1828	74.7786	-6.59607
57.1892	74.9213	-6.60201
57.4489	74.372	-6.57395
57.3453	74.4262	-6.57804
57.0514	74.49	-6.57839
57.2138	74.4598	-6.57859
57.154	74.3752	-6.57236
57.3606	74.7598	-6.60227
57.4297	74.8598	-6.61019
57.5656	74.9917	-6.62156
57.6428	75.0406	-6.62671
57.6161	74.9073	-6.62301
57.4131	75.2275	-6.6186
57.2526	75.0089	-6.6072
57.3748	75.0165	-6.61245
57.3188	74.9262	-6.60721
57.6506	74.74	-6.62153
57.7203	74.5929	-6.62451
57.0545	74.9329	-6.59824
57.0527	74.6493	-6.58657
56.9963	74.756	-6.59012
57.5212	75.1901	-6.62256
57.284	74.3674	-6.57231
56.857	74.3872	-6.57216
57.5356	74.8077	-6.61471
57.5565	75.0907	-6.62278
57.4875	74.9572	-6.61641
57.0947	74.7387	-6.59171
56.9721	74.5654	-6.58124
57.0406	74.3844	-6.57252
56.9496	74.4522	-6.57558
57.4367	75.1094	-6.61742
57.1033	74.8419	-6.59629
57.6992	74.5917	-6.4385
57.5598	74.5362	-6.42804
57.5209	74.5008	-6.31673
57.6038	74.5637	-6.47222
57.46	74.4042	-6.30056
57.6491	74.5818	-6.23219
57.6038	74.5637	-6.16124
57.6999	74.5918	-6.23973
57.6494	74.5819	-6.40132
57.4855	74.4545	-6.41243
57.4872	74.4572	-6.2408
57.5598	74.5362	-6.20542
57.6059	74.5647	-6.31673
56.57	74.4925	-6.00173
56.4893	75.4893	-6.00173
56.4893	75.4893	-6.63173
56.57	74.4925	-6.63173

#	Triangle	902
3	1	2	0	1	3
7	5	6	4	5	7	11	9	10	8	9	11
7	0	4	1	0	7	13	10	14	11	10	13
6	1	7	2	1	6	14	9	15	10	9	14	22	17	23	18	17	22	30	25	31	26	25	30	488	54	489	64	54	488
5	2	6	3	2	5
4	3	5	0	3	4	12	11	13	8	11	12	20	19	21	16	19	20	28	27	29	24	27	28	486	68	487	78	68	486
15	13	14	12	13	15
15	8	12	9	8	15
19	17	18	16	17	19	31	29	30	28	29	31
23	21	22	20	21	23	27	25	26	24	25	27
23	16	20	17	16	23	29	26	30	27	26	29
21	18	22	19	18	21	31	24	28	25	24	31
51	49	50
51	48	49	51	47	48
51	46	47
51	45	46	51	44	45
51	43	44
51	42	43
51	41	42	52	41	51	52	40	41	53	40	52	487	64	488	68	64	487
53	32	40
32	33	40	33	34	40
34	35	40
35	36	40	36	37	40
37	38	40
38	39	40
65	63	64	68	69	67	292	63	64	68	69	294
65	62	63	292	62	63
65	61	62	65	60	61
65	59	60	292	59	60
65	58	59
65	57	58
65	56	57	65	55	56	65	54	55
65	81	54	65	80	81	66	80	65	66	79	80	67	79	66	67	78	79	292	297	54	292	296	297	293	296	292	293	295	296	294	295	293	294	78	295	68	54	64	78	54	68
69	70	67
70	71	67	71	72	67	70	71	294	71	72	294
72	73	67	72	73	294
73	74	67
74	75	67
75	76	67	76	77	67	77	78	67
84	82	83
87	85	86
89	32	88
92	90	91
77	76	93
96	94	95
97	94	96
100	98	99
102	70	101
105	103	104
92	106	107
109	108	97
111	109	110
83	112	113
114	97	108
105	115	111
89	98	100
105	116	103
118	117	106
119	93	76
115	120	111
122	110	121
109	97	110
118	123	87
126	124	125
117	127	128
128	106	117
131	129	130
113	132	133
136	134	135
97	137	110
85	112	86
140	138	139
112	82	86
104	141	105
84	142	143
88	144	89
88	32	53
103	116	98
116	105	145
147	146	99
89	144	98
129	146	107
149	148	98
114	94	97
38	127	39
98	144	149
145	111	122
93	95	150
137	119	151
119	96	93
130	128	152
120	109	111
110	122	111
148	103	98
116	99	98
100	153	89
89	153	33
84	83	142
142	101	143
96	137	97
141	115	105
111	145	105
150	77	93
77	150	78
112	85	132
136	142	154
69	143	101
130	107	106
92	123	106
74	76	75	70	72	71	60	62	61	74	76	75	60	62	61	56	58	57
119	76	74
131	130	152
95	93	96
155	151	74
137	96	119
102	72	70
156	155	134
87	123	85
140	139	133
132	85	92
146	90	107
146	147	157
122	126	145
116	147	99
129	158	146
154	156	136
155	135	134
82	112	83
154	142	83
118	106	123
92	85	123
127	38	152
130	106	128
37	152	38
131	152	37
128	127	152
34	36	35	283	285	284
159	36	34
160	129	159
158	129	160
137	121	110
122	121	138
137	161	121
126	122	138
140	124	126
125	162	126
147	116	145
125	157	162
154	133	156
161	139	121
130	129	107
90	146	157
100	160	153
153	160	34
99	158	100
159	129	131
36	159	131
124	140	132
160	100	158
99	146	158
34	160	159
153	34	33
132	91	124
137	151	161
155	156	161
139	161	156
156	133	139
145	162	147
90	157	125
125	91	90
90	92	107
157	147	162
145	126	162
125	124	91
91	132	92
154	113	133
133	132	140
36	131	37
70	69	101
143	69	68
136	102	142
101	142	102
136	72	102
32	89	33
119	74	151
155	161	151
135	73	72
74	73	135
121	139	138
138	140	126
135	155	74
134	136	156
72	136	135
154	83	113
112	132	113
84	143	163
165	87	164
166	86	82
167	41	40
170	168	169
66	171	163
172	171	168
169	173	170
87	165	118
174	171	65
41	175	42	40	39	127
167	176	175
163	143	67
178	167	177
180	179	165
171	174	181
86	166	164
183	170	182
180	165	182
84	163	172
168	181	169
183	164	166
167	175	41
180	182	173
172	82	84
177	118	165
167	127	117
176	167	178
40	127	167
117	177	167
164	87	86
183	166	172
165	164	182
65	64	174	68	67	143
82	172	166
183	182	164
163	171	172
173	182	170
183	168	170
183	172	168
171	181	168
117	118	177
165	178	177
178	165	179
179	176	178
65	171	66
163	67	66
186	184	185
189	187	188
192	190	191
47	193	194
197	195	196
199	187	198
169	200	201
203	202	198
173	169	201
196	204	205
207	206	184
189	203	198
209	208	189
196	210	204
213	211	212
180	214	179
215	44	43
214	191	179
184	216	217
215	218	44
173	219	180
221	220	56
222	220	195
218	190	223
221	224	225
228	226	227
230	229	204
233	231	232
235	234	211
226	204	227
216	205	217
194	209	48
211	181	174
221	56	55
228	233	226
225	236	210
231	233	228
209	189	237
181	200	169
238	175	176
237	239	209
233	199	198
236	230	204
189	240	237
173	201	219
198	241	233
240	189	188
192	242	185
243	223	193
210	236	204
241	226	233
199	233	232
229	227	204
226	205	204
196	220	210
245	244	207
208	203	189
198	187	189
58	222	59
57	222	58
193	208	194
211	234	200
63	62	212
176	179	191
221	225	210
224	55	54
214	219	186
212	174	63
235	213	60
197	196	205
42	175	43
220	222	57
246	216	206
55	224	221
210	220	221
214	192	191
190	238	191
185	242	186
247	223	192
245	219	201
219	214	180
181	211	200
244	200	234
208	248	203
247	202	203
226	217	205
216	197	205
217	226	241
207	184	186
249	217	241
250	185	184
250	184	249
185	247	192
176	191	238
238	215	175
215	190	218
43	175	215
238	190	215
190	192	223
218	243	45
203	248	247
193	223	248
252	251	222
253	235	251
246	254	216
252	195	197
186	245	207
246	207	234
234	235	246
197	216	254
185	250	247
202	241	198
208	193	248
223	247	248
194	208	209
218	223	243
252	222	195
63	174	64
209	239	49
193	47	46
47	194	48
193	46	243
195	220	196
251	59	222
250	249	241
59	251	60
252	253	251
235	60	251
252	254	253
253	246	235
46	45	243
218	45	44
62	213	212
211	174	212
213	62	60
235	211	213
246	253	254
254	252	197
50	49	239
209	49	48
220	57	56
249	184	217
250	241	202
202	247	250
242	192	214
214	186	242
186	219	245
201	244	245
201	200	244
234	207	244
207	246	206
206	216	184
81	224	54	150	79	78
148	255	103
258	256	257
260	258	259
260	236	258
263	261	262
50	239	51	88	53	52
230	260	229
187	264	188
261	231	262
227	260	262
229	260	227
265	95	94
262	231	228
150	257	79
232	231	261
266	265	108
267	188	264
261	264	232
263	141	261
240	188	267
239	237	268
269	144	88
258	257	265
255	261	141
240	267	268
267	148	149
199	264	187
81	80	256
228	227	262
268	267	269
95	257	150
263	120	115
265	259	258
115	141	263
199	232	264
263	266	109
224	81	256
265	257	95
266	262	259
258	236	225
269	267	149
114	108	265
266	108	109
88	52	269
120	263	109
256	225	224
262	266	263
51	239	268
269	52	268
80	257	256
267	264	255
237	240	268
255	148	267
104	103	255
264	261	255
266	259	265
255	141	104
149	144	269
259	262	260
225	256	258
114	265	94
51	268	52
236	260	230
79	257	80
289	287	288
289	286	287
289	285	286	289	284	285
289	283	284
289	282	283
289	281	282
289	280	281
289	279	280	290	279	289	290	278	279	291	278	290
291	270	278
270	271	278
271	272	278	272	273	278
273	274	278
274	275	278
275	276	278
276	277	278
292	61	62	292	60	61
292	58	59
292	57	58
292	56	57	292	55	56	292	54	55
69	70	294
73	74	294
74	75	294
75	76	294	76	77	294	77	78	294
300	298	299
303	301	302
306	304	305
274	307	308
311	309	310
313	301	312
316	314	315
318	317	312
319	316	315
310	320	321
323	322	298
303	318	312
325	324	303
310	326	320
329	327	328
332	330	331
333	271	270
330	305	331
298	334	335
333	336	271
319	337	332
339	338	70
340	338	309
336	304	341
339	342	343
346	344	345
348	347	320
351	349	350
353	352	327
344	320	345
334	321	335
308	325	275
327	354	355
339	70	69
346	351	344
343	356	326
349	351	346
325	303	357
354	314	316
360	358	359
357	361	325
351	313	312
356	348	320
303	362	357
319	315	337
312	363	351
362	303	302
306	364	299
365	341	307
326	356	320
363	344	351
313	351	350
347	345	320
344	321	320
310	338	326
367	366	323
324	318	303
312	301	303
72	340	73
71	340	72
307	324	308
327	352	314
77	76	328
359	331	305
339	343	326
342	69	68
330	337	300
328	355	77
353	329	74
311	310	321
291	358	270
338	340	71
368	334	322
69	342	339
326	338	339
330	306	305
304	360	305
299	364	300
369	341	306
367	337	315
337	330	332
354	327	314
366	314	352
324	370	318
369	317	318
344	335	321
334	311	321
335	344	363
323	298	300
371	335	363
372	299	298
372	298	371
299	369	306
359	305	360
360	333	358
333	304	336
270	358	333
360	304	333
304	306	341
336	365	272
318	370	369
307	341	370
374	373	340
375	353	373
368	376	334
374	309	311
300	367	323
368	323	352
352	353	368
311	334	376
299	372	369
317	363	312
324	307	370
341	369	370
308	324	325
336	341	365
374	340	309
77	355	78
325	361	276
307	274	273
274	308	275
307	273	365
309	338	310
373	73	340
372	371	363
73	373	74
374	375	373
353	74	373
374	376	375
375	368	353
273	272	365
336	272	271
76	329	328
327	355	328
329	76	74
353	327	329
368	375	376
376	374	311
277	276	361
325	276	275
338	71	70
371	298	335
372	363	317
317	369	372
364	306	330
330	300	364
300	337	367
315	366	367
315	314	366
352	323	366
323	368	322
322	334	298
294	342	68	377	292	64
380	378	379
383	381	382
385	383	384
385	356	383
388	386	387
277	361	278	389	280	279
348	385	347
301	390	302
386	349	387
345	385	387
347	385	345
393	391	392
387	349	346
377	382	292
350	349	386
395	393	394
396	302	390
386	390	350
388	397	386
362	302	396
361	357	398
400	399	389
383	382	393
378	386	397
362	396	398
396	380	401
313	390	301
294	293	381
346	345	387
398	396	400
391	382	377
388	402	403
393	384	383
403	397	388
313	350	390
388	395	404
342	294	381
393	382	391
395	387	384
383	356	343
400	396	401
405	394	393
395	394	404
389	279	400
402	388	404
381	343	342
387	395	388
278	361	398
400	279	398
293	382	381
396	390	378
357	362	398
378	380	396
406	379	378
390	386	378
395	384	393
378	397	406
401	399	400
384	387	385
343	381	383
405	393	392
278	398	279
356	385	348
292	382	293
409	407	408
412	410	411
413	281	389
416	414	415
63	62	417
418	392	391
419	392	418
422	420	421
424	56	423
425	379	406
416	426	427
404	394	419
429	404	428
408	430	431
405	419	394
425	403	429
413	420	422
425	432	379
434	433	426
435	417	62
403	402	429
437	428	436
404	419	428
434	438	412
441	439	440
433	442	443
443	426	433
446	444	445
431	447	448
451	449	450
419	452	428
410	430	411
455	453	454
430	407	411
406	397	425
409	456	457
389	399	413
389	281	280
379	432	420
432	425	458
460	459	421
413	399	420
444	459	427
401	380	420
405	392	419
287	442	288
420	399	401
458	429	437
417	391	377
452	435	461
435	418	417
445	443	462
402	404	429
428	437	429
380	379	420
432	421	420
422	463	413
413	463	282
409	408	456
456	423	457
418	452	419
397	403	425
429	458	425
377	63	417
63	377	64
430	410	447
451	456	464
55	457	423
445	427	426
416	438	426
435	62	60
446	445	462
391	417	418
465	461	60
452	418	435
424	58	56
466	465	449
412	438	410
455	454	448
447	410	416
459	414	427
459	460	467
437	441	458
432	460	421
444	468	459
464	466	451
465	450	449
407	430	408
464	456	408
434	426	438
416	410	438
442	287	462
445	426	443
286	462	287
446	462	286
443	442	462
469	285	283
470	444	469
468	444	470
452	436	428
437	436	453
452	471	436
441	437	453
455	439	441
440	472	441
460	432	458
440	467	472
464	448	466
471	454	436
445	444	427
414	459	467
422	470	463
463	470	283
421	468	422
469	444	446
285	469	446
439	455	447
470	422	468
421	459	468
283	470	469
463	283	282
447	415	439
452	461	471
465	466	471
454	471	466
466	448	454
458	472	460
414	467	440
440	415	414
414	416	427
467	460	472
458	441	472
440	439	415
415	447	416
464	431	448
448	447	455
285	446	286
56	55	423
457	55	54
451	424	456
423	456	424
451	58	424
281	413	282
435	60	461
465	471	461
450	59	58
60	59	450
436	454	453
453	455	441
450	465	60
449	451	466
58	451	450
464	408	431
430	447	431
409	457	473
475	412	474
476	411	407
477	290	289
479	478	316
296	480	473
481	480	478
316	319	479
412	475	434
355	480	295
290	358	291	289	288	442
477	359	358
473	457	297
483	477	482
332	331	475
480	355	354
411	476	474
485	479	484
332	475	484
409	473	481
478	354	316
485	474	476
477	358	290
332	484	319
481	407	409
482	434	475
477	442	433
359	477	483
289	442	477
433	482	477
474	412	411
485	476	481
475	474	484
295	78	355	54	297	457
407	481	476
485	484	474
473	480	481
319	484	479
485	478	479
485	481	478
480	354	478
433	434	482
475	483	482
483	475	331
331	359	483
295	480	296
473	297	296
489	487	488	486	487	489
489	78	486	54	78	489

#	Normal	902
-0.0807594	0.996734	-0
0.0807594	-0.996734	-0
0.99674	0.0806761	-0
-0	0	-1
-0.99674	-0.0806761	-0
0	-0	1
-0.0807684	0.996733	-0
-0.996723	-0.0808859	0
0.996734	0.0807598	0
-0.996734	-0.0807598	0
0.0806761	-0.99674	-0
-0.0806761	0.99674	-0
-0.0807109	0.996738	-0
-0.0807935	0.996731	-5.18405e-005
-0.0807142	0.996737	9.73847e-005
-0.0807694	0.996733	-4.10838e-005
-0.0807476	0.996735	4.44783e-005
-0.0807969	0.996731	-0.00018785
-0.0807617	0.996733	-0
-0.0807109	0.996738	0.000211151
-0.0807935	0.996731	-9.17683e-005
-0.0807142	0.996737	0.000121588
-0.0807694	0.996733	7.6279e-014
-0.0807476	0.996735	2.40027e-005
-0.0807969	0.996731	-0
0.996731	0.0807935	0
0.996734	0.0807589	2.01815e-005
0.996734	0.0807522	2.79867e-005
0.996733	0.0807695	-1.23713e-005
0.996735	0.0807434	6.87226e-005
0.996731	0.0807935	-0.000125622
0.996734	0.0807522	5.86334e-005
0.996733	0.0807616	-0
0.996734	0.0807589	-2.12768e-005
0.996734	0.0807522	-2.95057e-005
0.996733	0.0807695	1.30428e-005
0.996735	0.0807434	-7.24524e-005
0.996731	0.0807935	0.00013244
0.996734	0.0807522	-6.18157e-005
-0.138613	0.0490313	0.989132
-0.105307	0.0866454	0.990658
-0.00724214	0.0387699	0.999222
-0.0407084	0.0476713	0.998033
-0.0372322	-0.00301643	0.999302
-0.0331744	0.00499685	0.999437
-0.0364739	0.00761008	0.999306
-0.0187171	0.0398303	0.999031
-0.0944399	0.00342223	0.995525
-0.0232607	0.0265397	0.999377
-0.0379425	0.0634301	0.997265
-0.0321739	0.0121147	0.999409
-0.0343467	0.0188371	0.999232
-0.0895362	0.0417114	0.99511
-0.0318371	0.011597	0.999426
-0.0293171	0.0245679	0.999268
-0.0137923	0.0372255	0.999212
-0.0213425	0.0304899	0.999307
-0.0648519	0.109323	0.991888
-0.0392286	0.0016752	0.999229
-0.0275893	0.0205776	0.999408
-0.0400668	0.0183597	0.999028
-0.0323197	0.0163685	0.999344
-0.0855161	0.100053	0.9913
-0.0445513	0.0331014	0.998459
-0.0431093	0.115206	0.992406
-0.0378111	0.0805263	0.996035
-0.0233371	0.0612572	0.997849
-0.0623637	0.0300853	0.9976
-0.058134	0.00721182	0.998283
-0.0390137	0.0128622	0.999156
-0.0775661	0.0543596	0.995504
-0.0456309	0.025632	0.998629
-0.123319	0.0692572	0.989947
-0.0232013	0.0258986	0.999395
-0.150891	0.0247626	0.98824
-0.00854034	0.0346787	0.999362
-0.00289113	0.035704	0.999358
-0.0219169	0.0333137	0.999205
-0.0290177	0.0305569	0.999112
-0.0238442	0.0389976	0.998955
-0.0107573	0.0380905	0.999216
-0.0289055	0.0470684	0.998473
-0.0149777	0.0319988	0.999376
-0.031599	0.0116165	0.999433
-0.00984172	0.12141	0.992554
-0.0149036	0.0326365	0.999356
-0.0349808	0.0262988	0.999042
-0.0334266	0.000927131	0.999441
-0.0424966	0.00585069	0.999079
-0.0377493	0.00187432	0.999285
-0.0289699	0.076482	0.99665
-0.0273568	0.0204947	0.999416
-0.0331424	0.0215832	0.999218
-0.0147951	0.0318126	0.999384
-0.0190492	0.0358485	0.999176
-0.0103483	0.0427449	0.999032
-0.00985715	0.0417941	0.999078
-0.0974417	0.0258411	0.994906
-0.10074	0.0101574	0.994861
-0.0362817	0.00911006	0.9993
-0.0229701	0.0257975	0.999403
-0.0284184	0.0257987	0.999263
-0.03592	0.000743598	0.999354
-0.0331977	-0.00268957	0.999445
-0.0758141	0.0559113	0.995553
-0.0761659	0.0117949	0.997025
-0.123875	0.00844887	0.992262
-0.0360932	0.0606865	0.997504
-0.0564612	0.0654361	0.996258
-0	-0	3.6557e-007
-0.0426788	-0.00345859	0.999083
-0.015203	0.0692271	0.997485
-0.0372072	0.00441768	0.999298
-0.0471774	0.00648118	0.998865
-0.0423786	0.00651103	0.99908
-0.081448	-0.00659866	0.996656
-0.0600757	0.00807286	0.998161
-0.0678883	0.0689249	0.995309
-0.0491427	0.0225666	0.998537
-0.0562115	0.0456818	0.997373
-0.0321389	0.0516884	0.998146
-0.0312244	0.0414729	0.998652
-0.0352781	0.0259445	0.999041
-0.0265307	0.0355868	0.999014
-0.0208959	0.0484486	0.998607
-0.0678155	0.0211876	0.997473
-0.0576966	0.00824111	0.9983
-0.0899976	0.0443426	0.994954
-0.0929939	0.0321489	0.995148
-0.0516225	0.077174	0.99568
-0.0639083	0.0732801	0.995262
-0.0225023	0.0926842	0.995441
-0.031096	0.0813433	0.996201
-0.00664031	0.0819668	0.996613
-0.0158	0.0718807	0.997288
-0.0217299	0.0869242	0.995978
-0	-0	-5.51727e-007
-0.00448042	0.0553084	0.998459
-0.015989	0.0528824	0.998473
-0.0173827	0.0457932	0.9988
-0.0390875	0.0174905	0.999083
-0.039195	0.0232454	0.998961
-0.04431	0.0113458	0.998953
-0.0412702	0.0264657	0.998797
-0.044434	0.0330241	0.998466
-0.0354165	0.035025	0.998759
-0.0263984	0.0353833	0.999025
-0.0368917	0.0363637	0.998657
-0.0613289	0.0202106	0.997913
-0.0452161	0.0186405	0.998803
-0.0235516	0.0618538	0.997807
-0.0322951	0.0407379	0.998648
-0.0130652	0.0422687	0.999021
-0.0108021	0.0469287	0.99884
-0.0182708	0.0400654	0.99903
-0.0118971	0.0539881	0.998471
-0.0134963	0.0604495	0.99808
-0.0448927	0.0326176	0.998459
-0.0167134	0.0460436	0.9988
-0.0247981	0.0432597	0.998756
-0.0100642	0.0471717	0.998836
-0.00359984	0.0444104	0.999007
-0.0515798	0.0384446	0.997929
-0.0454733	0.0113871	0.998901
-0.0512325	0.0146627	0.998579
-0.0497339	0.0144214	0.998658
-0.0568909	0.0239363	0.998093
-0.0337328	0.0315634	0.998932
-0.0349619	0.0434744	0.998443
-0.0427928	0.0425996	0.998175
-0.0427245	0.0518146	0.997742
-0.0300446	0.0380819	0.998823
-0.0369731	0.0326741	0.998782
-0.0406154	0.0406072	0.998349
-0.0485933	0.0506578	0.997533
-0.0704877	0.0331464	0.996962
-0.0585602	0.0337581	0.997713
-0.00528334	0.065199	0.997858
-0.105187	-0.00852265	0.994416
-0.156784	-0.0127087	0.987551
-0.0830229	0.0120748	0.996474
-0.0976238	0.00349244	0.995217
-0.0680615	0.00117104	0.99768
-0.00323169	0.0398686	0.9992
-0.0469511	0.00197409	0.998895
-0.0486498	0.00674781	0.998793
-0.0577382	-0.00467877	0.998321
-0.0577376	-0.0046772	0.998321
-0.0449246	0.0184881	0.998819
-0.0433653	0.0243567	0.998762
-0.0507458	-0.000241084	0.998712
-0.0600965	0.00799256	0.998161
-0.0673249	0.00374737	0.997724
-0.0732447	0.026232	0.996969
-0.0626687	0.037457	0.997331
-0.0519173	0.998634	-0.00592141
0.534972	0.844855	0.00496742
0.309658	0.950808	-0.00868869
0.920544	0.390639	0
0.225387	0.974249	-0.006247
-0.194669	0.980869	-0.000419359
0.0327379	0.999464	0.000215007
0.309658	0.950808	0.0086887
0.627563	0.778554	-0.00442465
-0.205342	0.978649	-0.00899562
0.93922	0.343315	0
0.862689	0.505708	0.00532225
-0.200436	0.979644	0.0110794
0.805114	0.593118	0.00169822
0.627563	0.778554	0.00442465
-0.0520977	0.998631	0.00472823
0.380495	0.924752	0.00753282
0.385309	0.922786	-0.00142975
0.534972	0.844855	-0.00496743
0.0287414	0.999568	0.00612719
0.131159	0.991347	0.00533692
0.385309	0.922786	0.00142975
0.92522	0.37915	-0.0146261
0.476709	0.879033	0.00699225
0.131162	0.991346	-0.00535909
0.694265	0.719693	0.00618614
0.862653	0.505775	-0.00470198
0.800464	0.59935	-0.00605547
0.924192	0.381721	0.0125526
0.800843	0.598851	0.00530144
0.476709	0.879033	-0.00699223
0.21425	0.976778	-0.00127841
0.543827	0.839198	-0
-0.234879	0.972025	-0
0.224959	0.974348	0.00632182
0.382598	0.923915	0
0.0330056	0.999455	0.000300206
0.380495	0.924752	-0.00753284
0.214716	0.976676	0.00127122
0.212221	0.977222	-0.000131083
0.0336068	0.999419	-0.0057496
0.757751	0.652501	-0.00746755
0.684924	0.728612	-0.00168618
0.688462	0.725254	-0.00522854
0.757673	0.652602	0.00645204
-0.195198	0.980764	-0
-0.193971	0.981007	-0
-0.0448956	0.0352112	-0.998371
-0.0147916	0.0318144	-0.999384
-0.0359435	0.0602008	-0.997539
-0.0109649	0.0467972	-0.998844
-0.0445393	0.0112667	-0.998944
-0.0208583	0.0280703	-0.999388
-0.0884789	0.0434482	-0.99513
-0.0264507	0.0355686	-0.999017
-0.123348	0.069199	-0.989948
-0.0391673	0.0145194	-0.999127
-0.0487413	0.0259571	-0.998474
-0.0190126	0.0359734	-0.999172
-0.0137972	0.0372241	-0.999212
-0.0365726	0.0087033	-0.999293
-0.0962621	0.00350284	-0.99535
-0.0858511	0.0996261	-0.991314
-0.00664031	0.0819668	-0.996613
-0.0508407	0.0721608	-0.996096
-0.0442735	0.02749	-0.998641
-0.0158	0.0718807	-0.997288
-0.105311	0.0866373	-0.990658
-0.0393214	0.00188868	-0.999225
-0.045608	0.00279389	-0.998956
-0.0233371	0.0612572	-0.997849
-0.0334266	0.000926924	-0.999441
-0.0293922	0.0175816	-0.999413
-0.0318647	0.011534	-0.999426
-0.0255549	0.0233209	-0.999401
-0.0741749	0.0115699	-0.997178
-0.0331365	0.0188505	-0.999273
-0.0417057	0.0181547	-0.998965
-0.010027	0.0418406	-0.999074
-0.150887	0.0246878	-0.988243
-0.0372333	-0.00301652	-0.999302
-0.0323675	0.0220329	-0.999233
-0.0331639	0.00504466	-0.999437
-0.0253267	0.0232198	-0.99941
-0.0107536	0.0380916	-0.999216
-0.138623	0.0489555	-0.989135
-0.0431093	0.115206	-0.992406
-0.00853635	0.0346794	-0.999362
-0.0240234	0.0308669	-0.999235
-0.0316266	0.0115318	-0.999433
-0.0148998	0.0326375	-0.999356
-0.07701	0.0538247	-0.995576
-0.0306775	0.0277065	-0.999145
-0.014974	0.0320003	-0.999376
-0.0454221	0.0490628	-0.997762
-0.0149453	0.0532939	-0.998467
-0.0367449	0.00816111	-0.999291
-0.029882	0.0268308	-0.999193
-0.0257303	0.0239123	-0.999383
-0.0322342	0.0120071	-0.999408
-0.0370596	0.0145648	-0.999207
-0.0412269	0.00616946	-0.999131
-0.067737	0.03563	-0.997067
-0.0187052	0.03982	-0.999032
-0.0219488	0.033323	-0.999204
-0.048196	-0.00390425	-0.99883
-0.0481963	-0.00390672	-0.99883
-0.012085	0.0422943	-0.999032
-0.0917807	0.0315556	-0.995279
-0.105196	-0.00852338	-0.994415
-0.0646608	0.109487	-0.991883
-0.0370702	0.00429226	-0.999303
-0.0331977	-0.00268957	-0.999445
-0.0662737	0.0537333	-0.996354
-0.123783	0.00850794	-0.992273
-0.0678462	0.00130252	-0.997695
-0.040493	0.0119124	-0.999109
-0.00984172	0.12141	-0.992554
-0.042681	0.00231863	-0.999086
-0.0535083	0.0228256	-0.998306
-0.0359204	0.000744156	-0.999354
-0.0372352	0.00246686	-0.999303
-0.0470026	0.0731815	-0.99621
-0.0329884	0.0856702	-0.995777
-0.0476538	0.0508896	-0.997567
-0.0301804	0.0468484	-0.998446
-0.080121	0.0513412	-0.995462
-0.0642184	0.0670756	-0.995679
-0.095765	0.0255144	-0.995077
-0.0735581	0.0261406	-0.996948
-0.0178331	0.0402753	-0.999029
-0.0238252	0.0389731	-0.998956
-0.0365371	0.0217484	-0.999096
-0.0434215	0.018666	-0.998882
-0.0382083	0.0228437	-0.999009
-0.0543088	0.0388963	-0.997766
-0.0355598	0.0281638	-0.998971
-0.0389282	0.0397543	-0.998451
-0.0408728	0.029263	-0.998736
-0.0310417	0.0484221	-0.998344
-0.0382368	0.0833049	-0.99579
-0.0217299	0.0869242	-0.995978
-0.015203	0.0692271	-0.997485
-0.0225023	0.0926842	-0.995441
-0.0289699	0.076482	-0.99665
-0.0239064	0.0628402	-0.997737
-0.013745	0.0603056	-0.998085
-0.0246967	0.0429586	-0.998772
-0.0174743	0.0456805	-0.998803
-0.0512683	0.00274631	-0.998681
-0.0568439	0.00654905	-0.998362
-0.0485283	0.0165982	-0.998684
-0.0462039	0.00793248	-0.998901
-0.0591059	0.0351161	-0.997634
-0.0621946	0.0211142	-0.997841
-0.0662742	0.0224169	-0.99755
-0.0486684	0.0148841	-0.998704
-0.0358512	0.0376777	-0.998647
-0.0265533	0.0357157	-0.999009
-0.0165504	0.0459583	-0.998806
-0.0205456	0.0485088	-0.998611
-0.0104	0.0426686	-0.999035
-0.0118554	0.0539616	-0.998473
-0.0476397	0.00816381	-0.998831
-0.156784	-0.0127087	-0.987551
-0.00723906	0.0387678	-0.999222
-0.00398111	0.0491627	-0.998783
-0.00357885	0.0441515	-0.999018
-0.0136393	0.0514365	-0.998583
-0.0411232	0.007268	-0.999128
-0.0551778	0.00286776	-0.998472
-0.0363934	0.0328933	-0.998796
-0.0551977	-0.00447291	-0.998465
-0.0545962	0.00950962	-0.998463
-0.0670377	0.00432974	-0.997741
-0.0518739	0.00912802	-0.998612
-0.0599744	0.00805338	-0.998167
-0.00451594	0.0557289	-0.998436
-0.00528334	0.065199	-0.997858
-0.0944821	0.00346823	-0.995521
-0.100067	0.0101912	-0.994929
-0.0814191	-0.00659631	-0.996658
-0.0831389	0.0118284	-0.996468
-0.0567928	0.0177505	-0.998228
-0.0492122	0.0150162	-0.998675
-0.00289113	0.035704	-0.999358
-0.00323145	0.0398656	-0.9992
-0.0418738	-0.00339248	-0.999117
-0.0387192	0.0264716	-0.998899
-0.0331431	0.0319659	-0.998939
-0.029468	0.0410241	-0.998724
-0.0436228	0.0510799	-0.997741
-0.0457743	0.0532173	-0.997533
-0.0591394	0.0484966	-0.997071
-0.0671096	0.038421	-0.997006
-0.0879438	0.039813	-0.995329
-0.0667771	0.0348038	-0.997161
-0.0531042	0.0282657	-0.998189
-0.0496645	0.0233047	-0.998494
-0.0192572	-0.999815	-0
-0.891164	-0.45252	-0.0324541
-0.147696	-0.988991	-0.00906061
-0.30326	-0.952903	-0.00317119
-0.312735	-0.949569	0.0227069
-0.650607	-0.758397	-0.0393069
-0.997199	-0.0747882	0
-0.401626	-0.915745	-0.0103316
-0.891621	-0.452298	0.0209367
-0.643018	-0.765719	0.0141876
-0.477607	-0.878393	0.017819
-0.488065	-0.872134	0.0342909
-0.213593	-0.976641	-0.0234762
-0.649771	-0.759835	0.0212014
-0.0379068	-0.99918	-0.0142228
-0.722184	-0.691683	-0.00503906
-0.396275	-0.9178	-0.024673
-0.888065	-0.459482	0.0147431
-0.783594	-0.621022	0.0176561
-0.694301	-0.719537	0.0145882
-0.93232	-0.361597	-0.00525511
-0.985044	-0.172172	-0.0066797
-0.985039	-0.172068	0.00953133
-0.206314	-0.977921	0.0332257
-0.789396	-0.613561	-0.0199404
-0.962497	-0.270647	0.0187212
-0.93232	-0.361597	0.00525511
-0.84353	-0.53705	-0.00585126
-0.0268245	-0.99964	-0
-0.572928	-0.819584	-0.00593482
-0.96165	-0.274277	0.00115706
-0.117578	-0.993036	0.0074298
-0.650678	-0.7593	0.00898294
-0.3109	-0.949758	-0.0360623
-0.721018	-0.692255	-0.0302725
-0.786112	-0.617904	0.0149315
-0.56878	-0.822013	-0.0279932
-0.0244913	-0.99969	0.00438905
-0.211907	-0.976964	-0.0252151
-0.475962	-0.878553	-0.0400509
-0.214612	-0.976681	-0.00598938
-0.964188	-0.264441	-0.0203258
-0.40023	-0.915934	-0.0296894
-0.48961	-0.871898	0.00871592
-0.994047	-0.107419	-0.0182413
-0.57193	-0.819948	-0.0240935
-0.117451	-0.993072	-0.00351356
-0.56891	-0.821685	0.0342879
-0.995119	-0.097278	0.0165908
-0.994829	-0.101556	-0.000891525
-0.0330145	-0.999387	0.0116505
-0.889206	-0.457503	-0.0017945
-0.96297	-0.269046	0.0174286
-0.88552	-0.464335	-0.0157598
-0.843577	-0.536919	0.0097534
-0.782384	-0.622794	0.00185393
-0.398167	-0.916178	0.0456156
-0.785675	-0.618072	-0.0265048
-0.962713	-0.269285	-0.0258765
-0.483629	-0.875268	0.00310583
-0.144229	-0.9895	0.00931872
-0.309633	-0.950816	0.00878023
-0.994779	-0.102055	0
-0.30834	-0.950859	0.0281516
-0.0411789	-0.999152	-0
0.0807935	-0.996731	-0
0.0807503	-0.996734	2.10764e-005
0.0807694	-0.996733	2.97039e-015
0.0807109	-0.996738	0.00012896
0.0807935	-0.996731	-9.34006e-005
0.0807109	-0.996738	0.00016924
0.0807969	-0.996731	-0.000145958
0.0807617	-0.996733	-0
0.0807935	-0.996731	-0.000169948
0.0807503	-0.996734	3.40472e-005
0.0807694	-0.996733	-4.10839e-005
0.0807109	-0.996738	0.000105781
0.0807935	-0.996731	-4.97396e-005
0.0807109	-0.996738	5.39399e-005
0.0807969	-0.996731	-0
0.996734	0.0807522	2.74553e-005
0.996735	0.0807434	6.74175e-005
0.996731	0.0807935	-0.000123237
0.996734	0.0807522	5.752e-005
0.996734	0.0807589	-2.17201e-005
0.996735	0.0807434	-7.39618e-005
0.996731	0.0807935	0.000135199
0.996734	0.0807522	-6.31035e-005
-0.0386439	-0.0419791	0.998371
-0.00948064	-0.0337801	0.999384
-0.0257826	-0.0652067	0.997539
-0.00328705	-0.047955	0.998844
-0.042145	-0.0182898	0.998944
-0.0160667	-0.0310623	0.999388
-0.0803219	-0.0571234	0.995131
-0.0203809	-0.0393624	0.999017
-0.110578	-0.0881418	0.989951
-0.0363173	-0.0206328	0.999127
-0.0439311	-0.0334667	0.998474
-0.0129705	-0.0385639	0.999172
-0.0076195	-0.0389604	0.999212
-0.034694	-0.0144792	0.999293
-0.0944522	-0.0189529	0.995349
-0.0687011	-0.112158	0.991313
0.00664013	-0.0819619	0.996613
-0.0385621	-0.0794084	0.996096
-0.0392712	-0.0342594	0.998641
-0.00402252	-0.0734843	0.997288
-0.0899933	-0.10246	0.990658
-0.0385043	-0.00819441	0.999225
-0.0445667	-0.010097	0.998955
-0.0131699	-0.0642151	0.997849
-0.0328424	-0.00629704	0.999441
-0.0261779	-0.0220833	0.999413
-0.0295922	-0.0165127	0.999426
-0.0214659	-0.0271308	0.999401
-0.0713454	-0.0233632	0.997178
-0.0296704	-0.0239391	0.999273
-0.0382398	-0.024635	0.998965
-0.00315697	-0.0429104	0.999074
-0.144944	-0.0486594	0.988243
-0.037233	-0.00301675	0.999302
-0.0283981	-0.0269561	0.999233
-0.031919	-0.0103169	0.999437
-0.0212566	-0.026994	0.99941
-0.00448454	-0.0393255	0.999216
-0.128939	-0.0706361	0.989134
-0.023999	-0.120642	0.992406
-0.00284515	-0.0355998	0.999362
-0.0187404	-0.0343323	0.999235
-0.0293586	-0.0164724	0.999433
-0.00945554	-0.0346094	0.999356
-0.0673441	-0.06552	0.995576
-0.0258178	-0.032284	0.999145
-0.00963103	-0.0339934	0.999376
-0.0369327	-0.0557338	0.997762
-0.00616665	-0.0550041	0.998467
-0.0349523	-0.0139699	0.999291
-0.025173	-0.0312907	0.999193
-0.0215441	-0.0277447	0.999383
-0.0298814	-0.0170405	0.999408
-0.0342349	-0.020339	0.999207
-0.039696	-0.0127276	0.999131
-0.0611148	-0.0460714	0.997067
-0.0120472	-0.0423138	0.999032
-0.0162971	-0.0364194	0.999204
-0.0481912	-0.00390514	0.99883
-0.0481914	-0.00390431	0.99883
-0.0051191	-0.0436871	0.999032
-0.0855061	-0.0459262	0.995279
-0.105187	-0.00852191	0.994416
-0.0461933	-0.118474	0.991882
-0.035895	-0.0102031	0.999303
-0.0331973	-0.00269092	0.999445
-0.0567575	-0.0637025	0.996354
-0.120798	-0.0283316	0.992273
-0.0667479	-0.0122094	0.997695
-0.0380434	-0.0182757	0.999109
0.00984172	-0.121415	0.992553
-0.0417514	-0.00915571	0.999086
-0.0491346	-0.0311388	0.998307
-0.0353316	-0.00651805	0.999354
-0.0363515	-0.00842922	0.999304
-0.0346066	-0.079798	0.99621
-0.0187674	-0.0898638	0.995777
-0.0388422	-0.057897	0.997567
-0.0222458	-0.0510975	0.998446
-0.0708088	-0.063573	0.995462
-0.0525834	-0.0765357	0.995679
-0.0904134	-0.0406015	0.995076
-0.0683838	-0.0376427	0.996949
-0.0111172	-0.0426214	0.999029
-0.0172395	-0.0423016	0.998956
-0.0325614	-0.0273489	0.999095
-0.039847	-0.025414	0.998883
-0.0340316	-0.0286963	0.999009
-0.0473428	-0.0471328	0.997766
-0.0305651	-0.0335153	0.998971
-0.0320185	-0.0455048	0.998451
-0.0356253	-0.035466	0.998736
-0.0228414	-0.052786	0.998345
-0.024326	-0.0883747	0.99579
-0.00745192	-0.0892877	0.995978
-0.00386061	-0.0707703	0.997485
-0.00728715	-0.0950906	0.995442
-0.0162797	-0.0801458	0.99665
-0.0134778	-0.0658736	0.997737
-0.00385519	-0.0617286	0.998086
-0.0174579	-0.0463738	0.998772
-0.00988859	-0.047898	0.998803
-0.0501564	-0.0109649	0.998681
-0.0550466	-0.0156152	0.998362
-0.0452234	-0.024193	0.998684
-0.0443273	-0.0152636	0.9989
-0.0526831	-0.0441756	0.997634
-0.0579803	-0.0308506	0.997841
-0.0618015	-0.0327955	0.99755
-0.0456374	-0.0225249	0.998704
-0.029316	-0.04296	0.998647
-0.0204585	-0.0395241	0.999009
-0.00893686	-0.0480227	0.998806
-0.0124654	-0.0511853	0.998611
-0.00339126	-0.0437855	0.999035
-0.00301196	-0.0551655	0.998473
-0.0457076	-0.0157232	0.998831
-0.15679	-0.0127026	0.98755
-0.000904122	-0.0394306	0.999222
0.00398111	-0.0491646	0.998783
0.00357899	-0.0441531	0.999018
-0.00517658	-0.0529601	0.998583
-0.0394173	-0.0137931	0.999128
-0.0539924	-0.0117136	0.998473
-0.0306265	-0.0383244	0.998796
-0.0551931	-0.00447108	0.998466
-0.0523517	-0.0181751	0.998463
-0.065463	-0.0150662	0.997741
-0.0497325	-0.0173621	0.998612
-0.0578975	-0.0176064	0.998167
0.00451575	-0.0557264	0.998436
0.00528304	-0.0651952	0.997859
-0.092685	-0.0186293	0.995521
-0.0971332	-0.0261754	0.994927
-0.0814181	-0.00659793	0.996658
-0.0801489	-0.025061	0.996468
-0.0531978	-0.0266615	0.998228
-0.046157	-0.0227446	0.998675
0.0028944	-0.035706	0.999358
0.00322839	-0.039869	0.9992
-0.0418743	-0.00339252	0.999117
-0.0339456	-0.0323573	0.9989
-0.0275655	-0.0368845	0.998939
-0.0224784	-0.0452345	0.998723
-0.0348303	-0.0574365	0.997741
-0.0366102	-0.0598935	0.997533
-0.0505619	-0.0573886	0.997071
-0.0600459	-0.0487256	0.997006
-0.0803794	-0.053452	0.99533
-0.0602992	-0.0451	0.997161
-0.04786	-0.0364432	0.998189
-0.0452717	-0.0309932	0.998494
-0.179946	0.983677	-0
-0.952381	0.303182	0.03242
-0.305029	0.9523	0.0090298
-0.452705	0.891655	0.00315623
-0.461511	0.886844	-0.0226951
-0.764223	0.643754	0.0392984
-0.99623	-0.0867531	-0
-0.543819	0.839139	0.0103396
-0.952796	0.30289	-0.0209129
-0.757915	0.6522	-0.0141734
-0.612795	0.790041	-0.017814
-0.622108	0.782181	-0.034284
-0.368036	0.929515	0.0234826
-0.763654	0.645277	-0.0212157
-0.198256	0.980047	0.0142273
-0.824103	0.566418	0.00504442
-0.53887	0.842027	0.0247067
-0.950453	0.310518	-0.0147469
-0.873356	0.486761	-0.0176615
-0.801084	0.598374	-0.0145878
-0.978368	0.206806	0.00524768
-0.999913	0.011349	0.0066748
-0.999891	0.0112471	-0.00952724
-0.361068	0.931947	-0.0332326
-0.877884	0.478457	0.0199479
-0.993515	0.112148	-0.0187364
-0.978368	0.206806	-0.00524768
-0.919005	0.394203	0.00585296
-0.187333	0.982296	-0
-0.697394	0.716663	0.00593764
-0.993264	0.115871	-0.00115563
-0.275925	0.96115	-0.00743207
-0.764465	0.644603	-0.00898342
-0.459739	0.887322	0.0360433
-0.823046	0.56717	0.0302429
-0.875338	0.48328	-0.0149378
-0.693687	0.719732	0.028019
-0.185055	0.982719	-0.00435767
-0.366434	0.930102	0.0252108
-0.611196	0.790467	0.0400109
-0.369048	0.929391	0.00599556
-0.994185	0.105747	0.0203418
-0.54247	0.839549	0.02972
-0.623594	0.781701	-0.00868078
-0.998373	-0.0540192	0.0182522
-0.696467	0.717183	0.0241135
-0.275806	0.961207	0.00354913
-0.693762	0.719387	-0.0343151
-0.997799	-0.0642039	-0.0166029
-0.998202	-0.0599338	0.000895302
-0.193428	0.981045	-0.0116997
-0.951261	0.308381	0.00179032
-0.993728	0.11046	-0.017419
-0.948721	0.315722	0.0157646
-0.919031	0.394066	-0.00975082
-0.872447	0.488705	-0.00186126
-0.540477	0.840119	-0.0456496
-0.874934	0.483516	0.0265229
-0.993513	0.110737	0.0258608
-0.618228	0.785992	-0.00311913
-0.301698	0.953358	-0.00930223
-0.458635	0.888581	-0.00876337
-0.998232	-0.0594307	-0
-0.457366	0.888833	-0.028159
-0.201482	0.979492	-0
-0.128915	-0.0707138	-0.989131
-0.0899812	-0.102475	-0.990657
-0.000901431	-0.0394279	-0.999222
-0.0325067	-0.0536058	-0.998033
-0.0372357	-0.00301697	-0.999302
-0.0319369	-0.0102716	-0.999437
-0.0347733	-0.0133825	-0.999306
-0.0120618	-0.0423204	-0.999031
-0.0926566	-0.0185816	-0.995525
-0.0186813	-0.0299397	-0.999377
-0.0272354	-0.0687123	-0.997265
-0.0298046	-0.0171369	-0.999409
-0.0308634	-0.0241204	-0.999233
-0.0816547	-0.0555823	-0.99511
-0.0295549	-0.0165703	-0.999426
-0.0249792	-0.0289696	-0.999268
-0.00762457	-0.0389598	-0.999212
-0.0161552	-0.0335253	-0.999307
-0.0464099	-0.118342	-0.991888
-0.0384508	-0.00796866	-0.999229
-0.0239158	-0.0247502	-0.999408
-0.0365916	-0.0245696	-0.999028
-0.0292633	-0.0213627	-0.999343
-0.0682885	-0.112514	-0.991301
-0.0386393	-0.0398398	-0.998459
-0.023999	-0.120642	-0.992406
-0.0243532	-0.0855609	-0.996035
-0.0131699	-0.0642151	-0.997849
-0.0567104	-0.0397288	-0.9976
-0.0562152	-0.0164731	-0.998283
-0.0364358	-0.0189792	-0.999156
-0.0677942	-0.066134	-0.995505
-0.0409092	-0.03265	-0.998629
-0.110556	-0.0882046	-0.989948
-0.0187258	-0.0292993	-0.999395
-0.144936	-0.0487274	-0.98824
-0.0028411	-0.0355998	-0.999362
0.0028944	-0.035706	-0.999358
-0.0162677	-0.0364107	-0.999204
-0.0237208	-0.0348275	-0.999112
-0.017258	-0.0423267	-0.998955
-0.00448066	-0.039326	-0.999216
-0.0209499	-0.0511094	-0.998473
-0.00962707	-0.0339942	-0.999376
-0.0293179	-0.0165514	-0.999433
0.00984172	-0.121415	-0.992553
-0.0094517	-0.0346098	-0.999356
-0.0302873	-0.0315875	-0.999042
-0.0328414	-0.0063006	-0.999441
-0.0409983	-0.012615	-0.99908
-0.0369508	-0.00792679	-0.999286
-0.0162797	-0.0801458	-0.99665
-0.0236998	-0.024631	-0.999416
-0.029232	-0.0266378	-0.999218
-0.00947691	-0.0337813	-0.999384
-0.0130287	-0.0384511	-0.999176
-0.00333494	-0.043855	-0.999032
-0.00300198	-0.0428336	-0.999078
-0.0920015	-0.0411862	-0.994907
-0.097806	-0.0262467	-0.994859
-0.0343418	-0.0148329	-0.9993
-0.0185126	-0.0291615	-0.999403
-0.0238955	-0.0300382	-0.999263
-0.0353333	-0.00652104	-0.999354
-0.0331973	-0.00269092	-0.999445
-0.0658217	-0.067379	-0.995554
-0.073267	-0.0239058	-0.997026
-0.120906	-0.0282849	-0.992261
-0.0258519	-0.0657067	-0.997504
-0.0451944	-0.073675	-0.996258
-0.0426821	-0.00345797	-0.999083
-0.00386061	-0.0707703	-0.997485
-0.0360065	-0.010349	-0.999298
-0.0455194	-0.0139901	-0.998865
-0.0407747	-0.0132502	-0.999081
-0.0814472	-0.00660029	-0.996656
-0.0579871	-0.0176434	-0.998161
-0.0559045	-0.0789616	-0.995309
-0.0448705	-0.0301886	-0.998537
-0.0481258	-0.0541308	-0.997373
-0.0233944	-0.0561838	-0.998146
-0.0241424	-0.0459577	-0.998652
-0.0306373	-0.031286	-0.999041
-0.0204538	-0.0393972	-0.999014
-0.0128274	-0.0511822	-0.998607
-0.0635196	-0.0318261	-0.997473
-0.0556126	-0.0174265	-0.9983
-0.0816867	-0.0582573	-0.994954
-0.0865939	-0.0466984	-0.995149
-0.0385281	-0.0844833	-0.99568
-0.0512815	-0.0826149	-0.995261
-0.00728715	-0.0950906	-0.995442
-0.0175955	-0.0852861	-0.996201
0.00664013	-0.0819619	-0.996613
-0.00402252	-0.0734843	-0.997288
-0.00745192	-0.0892877	-0.995978
0.00448003	-0.0553046	-0.998459
-0.00726171	-0.0547701	-0.998473
-0.00978204	-0.0479898	-0.9988
-0.0357644	-0.0235534	-0.999083
-0.0349447	-0.0292507	-0.998961
-0.0419059	-0.0183313	-0.998953
-0.0364761	-0.0327673	-0.998797
-0.038538	-0.0397466	-0.998466
-0.0293109	-0.040268	-0.998759
-0.0203554	-0.0391733	-0.999025
-0.030553	-0.0418287	-0.998658
-0.0572834	-0.0298206	-0.997912
-0.041626	-0.0256774	-0.998803
-0.0132858	-0.0648392	-0.997807
-0.0253109	-0.0454077	-0.998648
-0.00609229	-0.0438224	-0.999021
-0.00310877	-0.0480574	-0.99884
-0.0115795	-0.0424818	-0.99903
-0.00305249	-0.0552016	-0.998471
-0.00358982	-0.0618294	-0.99808
-0.039056	-0.0394194	-0.998459
-0.00908104	-0.0481291	-0.9988
-0.0175135	-0.0466897	-0.998756
-0.00233381	-0.0481797	-0.998836
0.00359975	-0.0444093	-0.999007
-0.0447149	-0.0462437	-0.997929
-0.0430444	-0.0185587	-0.998901
-0.0482033	-0.022721	-0.998579
-0.0467631	-0.0222416	-0.998658
-0.0522959	-0.0327876	-0.998093
-0.0282132	-0.0365828	-0.998932
-0.0275027	-0.0485382	-0.998443
-0.03538	-0.0489358	-0.998175
-0.0338277	-0.0580137	-0.997742
-0.0235241	-0.0424212	-0.998823
-0.0312265	-0.0381974	-0.998782
-0.0335471	-0.0466127	-0.99835
-0.0398001	-0.0578179	-0.997533
-0.0642408	-0.0440609	-0.996961
-0.0523602	-0.0427451	-0.997713
0.00528304	-0.0651952	-0.997859
-0.105188	-0.00852197	-0.994416
-0.15679	-0.0127026	-0.98755
-0.0800021	-0.0252886	-0.996474
-0.0958037	-0.0191665	-0.995216
-0.0669865	-0.0121129	-0.99768
0.00322815	-0.039866	-0.9992
-0.0460217	-0.00950405	-0.998895
-0.0469283	-0.0144897	-0.998793
-0.0577444	-0.00467775	-0.99832
-0.0577436	-0.00467921	-0.99832
-0.0413623	-0.0254797	-0.998819
-0.0388785	-0.0310267	-0.998762
-0.0501188	-0.00793618	-0.998712
-0.0580246	-0.0175586	-0.998161
-0.0658466	-0.0145332	-0.997724
-0.0680709	-0.0376864	-0.996968
-0.0558242	-0.0470592	-0.997331
0.109456	-0.993974	0.00594157
0.66406	-0.747663	-0.00495508
0.458796	-0.888499	0.00872096
0.971436	-0.237303	-0
0.379277	-0.925262	0.00623995
-0.0342804	-0.999412	0.000382772
0.193111	-0.981177	-0.000191526
0.458796	-0.888499	-0.00872095
0.744668	-0.66742	0.00442623
-0.0451398	-0.99894	0.00900836
0.982247	-0.187594	-0
0.932847	-0.360234	-0.00533088
-0.0402238	-0.999129	-0.0110658
0.890073	-0.455815	-0.00167277
0.744668	-0.66742	-0.00442623
0.109272	-0.994001	-0.00471153
0.524443	-0.851413	-0.0074845
0.52884	-0.84872	0.00143347
0.66406	-0.747663	0.00495507
0.189397	-0.981881	-0.00613442
0.289061	-0.957296	-0.00533838
0.52884	-0.84872	-0.00143347
0.9742	-0.225212	0.0146241
0.611971	-0.790849	-0.00702648
0.289061	-0.957296	0.00534212
0.801142	-0.598442	-0.00620578
0.932822	-0.360306	0.0047096
0.886501	-0.462686	0.0060492
0.9736	-0.227915	-0.0125509
0.886754	-0.46221	-0.00530374
0.611971	-0.790849	0.0070265
0.368633	-0.929574	0.00127625
0.671867	-0.740672	-0
-0.0754014	-0.997153	-0
0.378814	-0.925451	-0.00632531
0.52634	-0.850274	-0
0.193565	-0.981087	-0.000338721
0.524443	-0.851412	0.00748447
0.369151	-0.929369	-0.00126787
0.366744	-0.930322	0.000153476
0.19396	-0.980992	0.00576289
0.852928	-0.521976	0.00743673
0.793309	-0.608817	0.00171781
0.796238	-0.604961	0.00523405
0.852868	-0.522086	-0.00644868
-0.0347728	-0.999395	-0
-0.0336317	-0.999434	-0
-0.996733	-0.0807623	0
0.0807554	-0.996734	-0

#	Mesh	0	End

