#	Mesh	0	Begin

#	Vertex	72
55.5036	61.4816	-5.19223
55.4962	61.4809	-5.19423
55.4892	61.4804	-5.19751
55.4828	61.4799	-5.20195
55.4774	61.4794	-5.20743
55.4729	61.4791	-5.21377
55.4697	61.4788	-5.2208
55.4677	61.4786	-5.22828
55.467	61.4786	-5.236
55.4677	61.4786	-5.24372
55.4697	61.4788	-5.2512
55.4729	61.4791	-5.25823
55.4774	61.4794	-5.26457
55.4828	61.4799	-5.27005
55.4892	61.4804	-5.27449
55.4962	61.4809	-5.27777
55.5036	61.4816	-5.27977
55.5113	61.4822	-5.28045
55.519	61.4828	-5.27977
55.5265	61.4834	-5.27777
55.5335	61.484	-5.27449
55.5398	61.4845	-5.27005
55.5453	61.4849	-5.26457
55.5497	61.4853	-5.25823
55.5529	61.4856	-5.2512
55.5549	61.4857	-5.24372
55.5556	61.4858	-5.236
55.5549	61.4857	-5.22828
55.5529	61.4856	-5.2208
55.5497	61.4853	-5.21377
55.5453	61.4849	-5.20743
55.5398	61.4845	-5.20195
55.5335	61.484	-5.19751
55.5265	61.4834	-5.19423
55.519	61.4828	-5.19223
55.5113	61.4822	-5.19155
59.9974	6.02106	-5.19223
59.9899	6.02046	-5.19423
59.9829	6.01989	-5.19751
59.9766	6.01938	-5.20195
59.9711	6.01893	-5.20743
59.9667	6.01858	-5.21377
59.9634	6.01831	-5.2208
59.9614	6.01815	-5.22828
59.9607	6.01809	-5.236
59.9614	6.01815	-5.24372
59.9634	6.01831	-5.2512
59.9667	6.01858	-5.25823
59.9711	6.01893	-5.26457
59.9766	6.01938	-5.27005
59.9829	6.01989	-5.27449
59.9899	6.02046	-5.27777
59.9974	6.02106	-5.27977
60.005	6.02168	-5.28045
60.0127	6.02231	-5.27977
60.0202	6.02291	-5.27777
60.0272	6.02348	-5.27449
60.0335	6.02399	-5.27005
60.039	6.02443	-5.26457
60.0434	6.02479	-5.25823
60.0467	6.02506	-5.2512
60.0487	6.02522	-5.24372
60.0494	6.02527	-5.236
60.0487	6.02522	-5.22828
60.0467	6.02506	-5.2208
60.0434	6.02479	-5.21377
60.039	6.02443	-5.20743
60.0335	6.02399	-5.20195
60.0272	6.02348	-5.19751
60.0202	6.02291	-5.19423
60.0127	6.02231	-5.19223
60.005	6.02168	-5.19155

#	Triangle	100
35	36	71
0	36	35
0	37	36
1	37	0
1	38	37
2	38	1
2	39	38
3	39	2
3	40	39
4	40	3
4	41	40
5	41	4
5	42	41
6	42	5
6	43	42
7	43	6
7	44	43	8	44	7
8	45	44	9	45	8
9	46	45
10	46	9
10	47	46
11	47	10
11	48	47
12	48	11
12	49	48
13	49	12
13	50	49
14	50	13
14	51	50
15	51	14
15	52	51
16	52	15
16	53	52
17	53	16
17	54	53
18	54	17
18	55	54
19	55	18
19	56	55
20	56	19
20	57	56
21	57	20
21	58	57
22	58	21
22	59	58
23	59	22
23	60	59
24	60	23
24	61	60
25	61	24
25	62	61	26	62	25
26	63	62	27	63	26
27	64	63
28	64	27
28	65	64
29	65	28
29	66	65
30	66	29
30	67	66
31	67	30
31	68	67
32	68	31
32	69	68
33	69	32
33	70	69
34	70	33
34	71	70
35	71	34
7	9	8	26	25	27
6	9	7
6	10	9	27	24	28
5	10	6	28	24	23
5	11	10
4	11	5	4	12	11	29	22	30	29	23	22
3	12	4	3	13	12
2	13	3	2	14	13
1	14	2	1	15	14	32	19	33	32	20	19
0	15	1	0	16	15
35	16	0	35	17	16
34	17	35	34	18	17
33	18	34	33	19	18
31	20	32	31	21	20
30	21	31	30	22	21
28	23	29
27	25	24
45	43	44	62	63	61
46	43	45	61	63	64
46	42	43	61	64	60
47	42	46	60	64	65
47	41	42
48	41	47	48	40	41	57	68	56	57	67	68	59	66	58	59	65	66
49	40	48	49	39	40	58	67	57	58	66	67
50	39	49	50	38	39
51	38	50	51	37	38
52	37	51	52	36	37
53	36	52	53	71	36
54	71	53	54	70	71
55	70	54	55	69	70
56	69	55	56	68	69
60	65	59

#	Normal	100
-0.0868933	-0.00704061	0.996193
-0.0868955	-0.00704079	0.996193
-0.257934	-0.0208993	0.965937
-0.257931	-0.0208991	0.965937
-0.421244	-0.0341317	0.906305
-0.421246	-0.0341318	0.906304
-0.571794	-0.0463301	0.819088
-0.571799	-0.0463305	0.819085
-0.704808	-0.0571077	0.707095
-0.704793	-0.0571065	0.707111
-0.816464	-0.0661547	0.573595
-0.816461	-0.0661545	0.573598
-0.903263	-0.0731877	0.422799
-0.903275	-0.0731886	0.422774
-0.962731	-0.0780061	0.258966
-0.962725	-0.0780056	0.258989
-0.992954	-0.080455	0.0870012
-0.992954	-0.080455	-0.0870012
-0.962731	-0.0780061	-0.258966
-0.962725	-0.0780056	-0.258989
-0.903263	-0.0731877	-0.422799
-0.903275	-0.0731886	-0.422774
-0.816464	-0.0661547	-0.573595
-0.816461	-0.0661545	-0.573598
-0.704808	-0.0571077	-0.707095
-0.704793	-0.0571065	-0.707111
-0.571794	-0.0463301	-0.819088
-0.571799	-0.0463305	-0.819085
-0.421244	-0.0341317	-0.906305
-0.421246	-0.0341318	-0.906304
-0.257934	-0.0208993	-0.965937
-0.257931	-0.0208991	-0.965937
-0.0868933	-0.00704061	-0.996193
-0.0868955	-0.00704079	-0.996193
0.0868498	0.00703708	-0.996197
0.0868485	0.00703698	-0.996197
0.25806	0.0209096	-0.965903
0.258056	0.0209092	-0.965904
0.421242	0.0341315	-0.906306
0.421246	0.0341318	-0.906304
0.571559	0.046311	-0.819253
0.571563	0.0463114	-0.81925
0.704808	0.0571077	-0.707095
0.704813	0.0571081	-0.70709
0.816464	0.0661547	-0.573595
0.816461	0.0661545	-0.573598
0.903455	0.0732032	-0.422386
0.903451	0.0732029	-0.422394
0.962731	0.0780061	-0.258966
0.962735	0.0780065	-0.258951
0.992954	0.080455	-0.0870012
0.992954	0.080455	0.0870012
0.962731	0.0780061	0.258966
0.962735	0.0780065	0.258951
0.903455	0.0732032	0.422386
0.903451	0.0732029	0.422394
0.816464	0.0661547	0.573595
0.816461	0.0661545	0.573598
0.704808	0.0571077	0.707095
0.704813	0.0571081	0.70709
0.571559	0.046311	0.819253
0.571563	0.0463114	0.81925
0.421242	0.0341315	0.906306
0.421246	0.0341318	0.906304
0.25806	0.0209096	0.965903
0.258056	0.0209092	0.965904
0.0868498	0.00703708	0.996197
0.0868485	0.00703698	0.996197
-8.44238e-007	1.03721e-005	-0
-2.53271e-006	3.0875e-005	-0
-4.98837e-006	6.08105e-005	-0
-7.95763e-006	9.92922e-005	-0
-0.0798874	0.996804	-0
-0.0808631	0.996725	-0
-0.0812753	0.996692	-0
-0.0806506	0.996742	-0
-0.0806516	0.996742	-0
-0.0808859	0.996723	-0
-0.0804896	0.996755	-0
-0.0809517	0.996718	-0
-0.080928	0.99672	-0
-0.0806011	0.996746	-0
-0.080567	0.996749	-0
-0.0811684	0.9967	-0
-2.47241e-006	3.0875e-005	-0
8.44238e-007	-1.03721e-005	-0
2.49503e-006	-3.0875e-005	-0
4.91413e-006	-6.08105e-005	-0
8.04671e-006	-9.92922e-005	-0
0.0807759	-0.996732	-0
0.0807539	-0.996734	-0
0.0807441	-0.996735	-0
0.0808035	-0.99673	-0
0.0807207	-0.996737	-0
0.0807563	-0.996734	-0
0.080804	-0.99673	-0
0.0807632	-0.996733	-0
0.0807335	-0.996736	-0
0.0807897	-0.996731	-0
0.080872	-0.996724	-0

#	Mesh	0	End

