#	Mesh	0	Begin

#	Vertex	24
61.7952	-7.58412	-4.986
61.7952	-7.58412	-5.676
62.6524	-7.51466	-5.676
62.6524	-7.51466	-4.986
61.795	-7.58113	-4.986
62.6522	-7.51167	-4.986
62.6522	-7.51167	-5.676
61.795	-7.58113	-5.676
61.8249	-7.57871	-5.016
61.8249	-7.57871	-5.646
62.6223	-7.5141	-5.646
62.6223	-7.5141	-5.016
61.969	-7.25215	-5.016
62.5969	-7.20127	-5.016
62.5969	-7.20127	-5.516
61.969	-7.25215	-5.516
61.9441	-7.25417	-4.991
61.9441	-7.25417	-5.541
62.6219	-7.19926	-5.541
62.6219	-7.19926	-4.991
61.9438	-7.25118	-4.991
62.6216	-7.19627	-4.991
62.6216	-7.19627	-5.541
61.9438	-7.25118	-5.541

#	Triangle	13
3	1	2	0	1	3	11	9	10	8	9	11
7	5	6	4	5	7	23	21	22	20	21	23
7	0	4	1	0	7	23	16	20	17	16	23
6	1	7	2	1	6	22	17	23	18	17	22
5	2	6	3	2	5
4	3	5	0	3	4	11	12	8	13	12	11	20	19	21	16	19	20
15	13	14	12	13	15
8	15	9	12	15	8
9	14	10
15	14	9
10	13	11	14	13	10
19	17	18	16	17	19
21	18	22	19	18	21

#	Normal	13
0.0807611	-0.996733	-0
-0.0807611	0.996733	-0
-0.996736	-0.0807285	0
-0	-0	-1
0.996736	0.0807285	0
-0	-0	1
-0.0807618	0.996733	-0
-0.914886	0.403712	-0
-0.0309059	0.381433	-0.92388
-0.0309062	0.381434	-0.923879
0.996733	0.0807641	-0
0.0807619	-0.996733	-0
0.996735	0.0807416	0

#	Mesh	0	End

