#	Mesh	0	Begin

#	Vertex	72
65.2484	-5.65274	-5.96349
65.2215	-5.66011	-5.95831
65.1966	-5.67062	-5.94984
65.1744	-5.68395	-5.93835
65.1556	-5.69968	-5.92419
65.1407	-5.71735	-5.90778
65.1303	-5.73641	-5.88963
65.1245	-5.75628	-5.87029
65.1237	-5.77637	-5.85033
65.1277	-5.79606	-5.83038
65.1366	-5.81475	-5.81103
65.15	-5.83188	-5.79288
65.1675	-5.84692	-5.77647
65.1886	-5.85942	-5.76231
65.2127	-5.86899	-5.75082
65.239	-5.87536	-5.74236
65.2666	-5.87832	-5.73717
65.2949	-5.87778	-5.73543
65.3229	-5.87376	-5.73717
65.3497	-5.86638	-5.74236
65.3746	-5.85587	-5.75082
65.3968	-5.84255	-5.76231
65.4157	-5.82681	-5.77647
65.4305	-5.80915	-5.79288
65.441	-5.79009	-5.81103
65.4467	-5.77021	-5.83038
65.4476	-5.75012	-5.85033
65.4435	-5.73043	-5.87029
65.4347	-5.71174	-5.88963
65.4213	-5.69462	-5.90778
65.4037	-5.67958	-5.92419
65.3826	-5.66708	-5.93835
65.3586	-5.6575	-5.94984
65.3323	-5.65114	-5.95831
65.3046	-5.64818	-5.96349
65.2763	-5.64872	-5.96524
65.2469	-5.63413	-5.94483
65.22	-5.64151	-5.93964
65.1951	-5.65202	-5.93118
65.1729	-5.66534	-5.91969
65.1541	-5.68108	-5.90553
65.1392	-5.69874	-5.88912
65.1287	-5.7178	-5.87097
65.123	-5.73768	-5.85162
65.1222	-5.75777	-5.83167
65.1262	-5.77746	-5.81171
65.1351	-5.79615	-5.79237
65.1485	-5.81327	-5.77422
65.166	-5.82831	-5.75781
65.1871	-5.84081	-5.74365
65.2112	-5.85039	-5.73216
65.2374	-5.85675	-5.72369
65.2651	-5.85971	-5.71851
65.2934	-5.85917	-5.71676
65.3214	-5.85515	-5.71851
65.3482	-5.84778	-5.72369
65.3731	-5.83727	-5.73216
65.3953	-5.82394	-5.74365
65.4142	-5.80821	-5.75781
65.429	-5.79054	-5.77422
65.4395	-5.77148	-5.79237
65.4452	-5.75161	-5.81171
65.4461	-5.73152	-5.83167
65.442	-5.71183	-5.85162
65.4331	-5.69314	-5.87097
65.4198	-5.67601	-5.88912
65.4022	-5.66097	-5.90553
65.3811	-5.64847	-5.91969
65.3571	-5.6389	-5.93118
65.3308	-5.63253	-5.93964
65.3031	-5.62957	-5.94483
65.2748	-5.63011	-5.94657

#	Triangle	113
35	36	71	0	36	35
0	37	36	1	37	0
1	38	37
2	38	1
2	39	38	3	39	2
3	40	39
4	40	3
4	41	40
5	41	4
5	42	41
6	42	5
6	43	42	7	43	6
7	44	43	8	44	7
8	45	44	9	45	8
9	46	45	10	46	9
10	47	46
11	47	10
11	48	47
12	48	11
12	49	48
13	49	12
13	50	49
14	50	13
14	51	50
15	51	14
15	52	51	16	52	15
16	53	52
17	53	16
17	54	53
18	54	17
18	55	54	19	55	18
19	56	55	20	56	19
20	57	56
21	57	20
21	58	57
22	58	21
22	59	58
23	59	22
23	60	59
24	60	23
24	61	60	25	61	24
25	62	61	26	62	25
26	63	62
27	63	26
27	64	63
28	64	27
28	65	64
29	65	28
29	66	65
30	66	29
30	67	66
31	67	30
31	68	67
32	68	31
32	69	68
33	69	32
33	70	69
34	70	33
34	71	70
35	71	34
7	9	8
6	9	7
6	10	9
5	10	6
5	11	10
4	11	5	33	18	34
4	12	11
3	12	4
3	13	12
2	13	3
2	14	13	0	15	1	33	19	18
1	14	2
1	15	14
0	16	15
35	16	0
35	17	16	34	17	35	29	23	22
34	18	17	29	22	30
32	19	33
32	20	19
31	20	32
31	21	20
30	21	31	30	22	21
28	23	29
28	24	23
27	24	28
27	25	24
26	25	27
45	43	44	62	63	61
46	43	45	61	63	64
46	42	43	61	64	60
47	42	46
47	41	42
48	41	47	56	69	55
48	40	41
49	40	48
49	39	40
50	39	49
50	38	39
51	38	50
51	37	38
52	37	51	55	69	70
52	36	37	55	70	54
53	36	52	54	70	71
53	71	36	54	71	53
56	68	69
57	68	56
57	67	68
58	67	57
58	66	67
59	66	58
59	65	66
60	65	59
60	64	65

#	Normal	113
-0.143765	0.695075	-0.704416
-0.313142	0.659875	-0.683014
-0.472955	0.604644	-0.640873
-0.472964	0.604632	-0.640879
-0.618484	0.530998	-0.57924
-0.745245	0.441189	-0.499962
-0.745178	0.441335	-0.499933
-0.8492	0.338225	-0.405542
-0.849257	0.338053	-0.405564
-0.927492	0.22463	-0.298829
-0.927491	0.224638	-0.298828
-0.977541	0.104427	-0.183054
-0.997919	-0.0190773	-0.0615996
-0.987972	-0.141848	0.0615733
-0.947975	-0.260466	0.183034
-0.879201	-0.371078	0.298841
-0.879204	-0.371071	0.298841
-0.783714	-0.47042	0.405582
-0.783783	-0.47029	0.4056
-0.664457	-0.555391	0.500037
-0.664382	-0.555502	0.500014
-0.524924	-0.623666	0.57922
-0.524934	-0.623654	0.579224
-0.36946	-0.672896	0.640867
-0.369449	-0.672907	0.640861
-0.202835	-0.701685	0.683005
-0.029974	-0.709155	0.704415
-0.0299784	-0.709152	0.704418
0.143766	-0.69509	0.704401
0.143745	-0.695078	0.704417
0.313142	-0.659875	0.683014
0.473022	-0.604616	0.640851
0.618485	-0.531005	0.579233
0.618477	-0.531002	0.579243
0.745171	-0.441251	0.500018
0.745177	-0.441252	0.500007
0.849196	-0.338132	0.405626
0.849192	-0.338131	0.405636
0.927491	-0.224634	0.298832
0.927493	-0.224634	0.298825
0.977541	-0.104427	0.183054
0.997919	0.0190773	0.0615996
0.987972	0.141848	-0.0615733
0.98796	0.14184	-0.0617726
0.947983	0.260367	-0.183133
0.948016	0.260379	-0.182945
0.879204	0.371075	-0.298837
0.879202	0.371075	-0.298845
0.78371	0.470424	-0.405586
0.783714	0.470426	-0.405577
0.664458	0.555457	-0.499964
0.664452	0.555454	-0.499974
0.524925	0.623657	-0.579228
0.524867	0.623627	-0.579313
0.369453	0.67286	-0.640908
0.369507	0.672893	-0.640843
0.202835	0.701685	-0.683005
0.20281	0.701667	-0.683031
0.0299743	0.709152	-0.704418
0.0299781	0.709155	-0.704415
0.0571699	-0.704792	-0.707106
0.0570914	-0.704799	-0.707106
0.0570938	-0.704799	-0.707106
0.0571259	-0.704796	-0.707106
0.0571204	-0.704796	-0.707107
0.0571029	-0.704797	-0.707107
0.0570978	-0.704798	-0.707107
0.0571216	-0.704796	-0.707107
0.0571263	-0.704796	-0.707107
0.0571089	-0.704797	-0.707107
0.0570991	-0.704797	-0.707107
0.057096	-0.704797	-0.707107
0.0570934	-0.704797	-0.707107
0.0571106	-0.704797	-0.707107
0.0571132	-0.704797	-0.707107
0.0571103	-0.704797	-0.707107
0.0571052	-0.704797	-0.707107
0.0571155	-0.704796	-0.707107
0.057132	-0.704795	-0.707106
0.0571035	-0.704798	-0.707106
0.0570937	-0.704798	-0.707107
0.0571036	-0.704797	-0.707107
0.0570917	-0.704798	-0.707107
0.0570972	-0.704798	-0.707106
0.0571241	-0.704796	-0.707106
0.0570765	-0.704797	-0.707109
0.0571246	-0.704793	-0.707109
-0.0571699	0.704792	0.707106
-0.0570946	0.704798	0.707106
-0.0570922	0.704799	0.707106
-0.0570907	0.704799	0.707106
-0.0570961	0.704798	0.707107
-0.0571047	0.704797	0.707107
-0.0571097	0.704797	0.707107
-0.0571035	0.704797	0.707107
-0.0571145	0.704795	0.707108
-0.0571142	0.704796	0.707108
-0.0571082	0.704796	0.707107
-0.0571067	0.704796	0.707107
-0.0571093	0.704796	0.707107
-0.0571108	0.704796	0.707107
-0.0570997	0.704798	0.707107
-0.0571024	0.704797	0.707107
-0.0571131	0.704796	0.707107
-0.057093	0.704798	0.707107
-0.0571088	0.704797	0.707107
-0.0571136	0.704796	0.707107
-0.0571215	0.704796	0.707107
-0.0571207	0.704796	0.707107
-0.0570885	0.704798	0.707107
-0.0570836	0.704799	0.707107
-0.0571249	0.704796	0.707107
-0.0571194	0.704796	0.707106

#	Mesh	0	End

