#	Mesh	0	Begin

#	Vertex	115
64.695	-2.34705	-6.066
64.6895	-2.3475	-6.1079
64.6733	-2.3488	-6.14695
64.6477	-2.35088	-6.18048
64.6143	-2.35359	-6.20621
64.5754	-2.35674	-6.22238
64.5336	-2.36013	-6.2279
64.4918	-2.36351	-6.22238
64.4529	-2.36666	-6.20621
64.4195	-2.36937	-6.18048
64.3938	-2.37145	-6.14695
64.3777	-2.37276	-6.1079
64.3722	-2.3732	-6.066
64.3777	-2.37276	-6.0241
64.3938	-2.37145	-5.98505
64.4195	-2.36937	-5.95152
64.4529	-2.36666	-5.92579
64.4918	-2.36351	-5.90962
64.5336	-2.36013	-5.9041
64.5754	-2.35674	-5.90962
64.6143	-2.35359	-5.92579
64.6477	-2.35088	-5.95152
64.6733	-2.3488	-5.98505
64.6895	-2.3475	-6.0241
64.6832	-2.78916	-5.76938
64.6483	-2.77374	-5.75119
64.6085	-2.76549	-5.73975
64.5664	-2.76499	-5.73585
64.5249	-2.77226	-5.73975
64.4869	-2.78681	-5.75119
64.455	-2.80765	-5.76938
64.4313	-2.83336	-5.79309
64.4174	-2.86219	-5.8207
64.4143	-2.89217	-5.85033
64.4222	-2.92126	-5.87996
64.4405	-2.94747	-5.90757
64.4681	-2.96902	-5.93128
64.503	-2.98445	-5.94948
64.5428	-2.9927	-5.96091
64.5849	-2.9932	-5.96481
64.6263	-2.98593	-5.96091
64.6643	-2.97138	-5.94948
64.6963	-2.95053	-5.93128
64.72	-2.92482	-5.90757
64.7339	-2.896	-5.87996
64.737	-2.86602	-5.85033
64.7291	-2.83693	-5.8207
64.7108	-2.81072	-5.79309
64.5417	-2.46037	-6.22225
64.5136	-2.607	-6.18881
64.5575	-2.65583	-6.17749
64.5497	-2.55935	-6.20538
64.422	-2.82691	-5.98675
64.4508	-2.53735	-6.17889
64.4234	-2.57094	-6.14201
64.4108	-2.67797	-6.07056
64.3967	-2.5137	-6.11691
64.4871	-2.58964	-5.8729
64.4595	-2.68491	-5.84933
64.5651	-2.74858	-6.13895
64.5289	-2.79658	-6.11002
64.4065	-2.78227	-5.91732
64.3891	-2.56071	-6.06586
64.3954	-2.64733	-5.99382
64.3835	-2.49796	-6.03548
64.4233	-2.61498	-5.92142
64.4468	-2.53128	-5.91658
64.5456	-2.50832	-5.88453
64.5018	-2.49739	-5.89412
64.5211	-2.61634	-5.84853
64.4344	-2.73713	-5.85219
64.4135	-2.47965	-5.95919
64.4884	-2.70204	-6.14361
64.4788	-2.51253	-6.20102
64.5396	-2.43486	-5.89919
64.5082	-2.87572	-6.05009
64.3977	-2.54551	-5.98352
64.5513	-2.57924	-5.86037
64.4052	-2.75925	-5.98335
64.453	-2.69586	-6.12183
64.442	-2.80109	-6.04636
64.5788	-2.91834	-6.03193
64.4758	-2.8467	-6.05033
64.4117	-2.71853	-5.91009
64.5618	-2.70868	-5.7854
64.5568	-2.64641	-5.82714
64.5722	-2.83646	-6.09022
64.6968	-2.51222	-5.98573
64.6164	-2.57917	-5.8729
64.5817	-2.54386	-5.87642
64.7084	-2.53484	-6.06586
64.6416	-2.86491	-6.05009
64.6689	-2.83105	-6.05033
64.6714	-2.45876	-5.95919
64.7059	-2.65406	-6.07056
64.695	-2.7806	-6.04636
64.6763	-2.55044	-6.14201
64.6439	-2.5217	-6.17889
64.7039	-2.472	-6.03548
64.6449	-2.49436	-5.9218
64.6578	-2.65038	-5.86035
64.7162	-2.62133	-5.99382
64.711	-2.68632	-5.9149
64.6122	-2.50172	-6.20102
64.6008	-2.65988	-5.82371
64.5931	-2.60055	-6.18881
64.6835	-2.5939	-5.92142
64.6672	-2.6785	-6.12183
64.6333	-2.6903	-6.14361
64.6085	-2.79014	-6.11002
64.6934	-2.48965	-6.11691
64.7245	-2.73337	-5.98335
64.6922	-2.71624	-5.85219
64.7269	-2.75631	-5.91732
64.7188	-2.80286	-5.98675

#	Triangle	207
1	23	0
2	23	1	2	22	23
3	22	2	3	21	22	10	15	9	10	14	15
4	21	3	4	20	21	6	19	5	6	18	19	8	17	7	8	16	17	9	16	8	9	15	16
5	20	4	5	19	20
7	18	6	7	17	18
11	14	10	11	13	14
12	13	11
46	44	45
47	44	46
47	43	44
24	43	47
24	42	43	28	38	39
25	42	24
25	41	42	29	37	38
26	41	25
26	40	41	30	37	29
27	40	26
27	39	40	31	35	36	32	35	31
28	39	27
29	38	28
30	36	37
31	36	30
32	34	35
33	34	32
7	48	49
51	50	49
52	35	34
54	9	53
6	48	7
54	10	9
56	54	55
29	57	58
49	59	60
50	59	49
51	49	48
11	10	56
61	33	32
64	62	63
66	65	58
69	67	68
62	12	11
70	31	30
71	15	14
57	29	28
57	16	66
64	13	12
66	16	15
57	28	69
68	57	69
73	72	53
17	74	18
68	74	17
37	75	38
68	16	57
8	53	9
65	71	76
77	67	69
76	14	13
61	78	33
54	79	80
72	49	60
38	60	81
79	72	82
33	78	34
76	63	83
82	75	37
80	36	35
35	52	80
58	65	70
15	71	66
70	83	31
81	39	38
8	73	53
83	63	61
85	69	84
69	85	77
86	81	60
80	82	36
28	27	84
49	73	7
80	55	54
74	68	67
62	55	78
58	57	66
84	69	28
29	58	30
78	55	52
11	56	62
78	63	62
83	32	31
76	83	65
79	54	53
13	64	76
60	59	86
60	75	72
82	37	36
17	16	68
53	72	79
79	82	80
10	54	56
55	62	56
34	78	52
55	80	52
12	62	64
63	76	64
32	83	61
63	78	61
8	7	73
49	72	73
82	72	75
60	38	75
14	76	71
65	66	71
30	58	70
65	83	70
23	22	87
89	88	19
0	90	1
41	91	92
22	21	93
96	94	95
19	18	74
97	4	3
67	77	89
0	98	90
67	89	74
20	99	21
100	25	24
99	88	100
102	101	87
0	23	98
97	103	4
20	88	99
5	48	6
89	85	104
105	50	51
100	106	99
3	2	96
95	107	96
102	47	46
48	5	105
109	105	108
19	74	89
1	110	2
96	2	110
105	103	108
4	103	5
89	77	85
107	108	97
26	84	27
40	81	109
89	104	88
51	48	105
84	26	104
111	45	44
88	20	19
91	108	92
102	106	112
104	25	88
41	92	42
24	47	112
87	106	102
100	88	25
99	106	93
46	45	113
43	114	44
87	101	98
109	91	40
105	59	50
109	59	105
109	81	86
95	43	42
95	94	114
111	101	113
111	94	90
40	39	81
90	94	110
44	114	111
109	86	59
90	101	111
95	42	92
46	113	102
96	97	3
24	112	100
84	104	85
93	87	22
107	95	92
26	25	104
92	108	107
107	97	96
1	90	110
94	96	110
43	95	114
94	111	114
23	87	98
101	90	98
45	111	113
101	102	113
41	40	91
109	108	91
97	108	103
105	5	103
21	99	93
106	87	93
47	102	112
106	100	112

#	Normal	207
-0.0808028	0.99673	-0
-0.0807567	0.996734	-0
-0.0807616	0.996733	-0
-0.0807603	0.996734	-0
-0.0807583	0.996734	-0
-0.0807655	0.996733	-0
-0.0807717	0.996733	-0
-0.0807018	0.996738	-0
0.0571162	-0.704798	0.707105
0.0570904	-0.7048	0.707105
0.0571185	-0.704795	0.707107
0.0571151	-0.704796	0.707107
0.0571071	-0.704797	0.707107
0.0571049	-0.704797	0.707107
0.0571026	-0.704798	0.707106
0.0571115	-0.704797	0.707106
0.0571083	-0.704797	0.707106
0.0570948	-0.704799	0.707106
0.0571082	-0.704796	0.707107
0.0571164	-0.704796	0.707107
0.0571037	-0.704797	0.707107
0.05711	-0.704797	0.707107
0.0571004	-0.704798	0.707107
0.0570952	-0.704798	0.707106
0.0571005	-0.704798	0.707106
-0.301578	-0.156616	-0.94049
-0.0669475	-0.282052	-0.957061
-0.900132	-0.32693	-0.287887
-0.728272	-0.142014	-0.670412
-0.125409	-0.0659396	-0.989911
-0.783529	-0.13105	-0.607378
-0.865885	-0.203658	-0.456911
-0.735849	0.356155	0.575917
-0.201537	-0.389758	-0.898594
-0.201544	-0.38976	-0.898592
-0.203141	-0.180506	-0.962368
-0.918602	-0.099053	-0.382568
-0.994125	-0.00392384	0.108163
-0.996467	-0.082907	-0.0133953
-0.792347	0.188582	0.580192
-0.119882	0.338221	0.9334
-0.98742	-0.0892088	-0.130553
-0.820068	0.318412	0.475502
-0.794339	0.00081663	0.607474
-0.415936	0.47794	0.773673
-0.687484	0.0660477	0.72319
-0.989767	-0.0576548	0.130526
-0.612038	0.0668671	0.787997
-0.140189	0.564197	0.813652
-0.414892	0.265998	0.870121
-0.428652	-0.281768	-0.858408
-0.135064	0.0541184	0.989358
-0.0506495	0.111156	0.992511
-0.331815	-0.632025	-0.700317
-0.022509	0.227478	0.973523
-0.599577	-0.119184	-0.791393
-0.89913	0.0559634	0.434089
-0.0225245	0.320665	0.946925
-0.923989	-0.0169193	0.382044
-0.997274	-0.0735634	-0.00571321
-0.819128	-0.275461	-0.503141
-0.157311	-0.389817	-0.907357
-0.26605	-0.595296	-0.758182
-0.526698	-0.427932	-0.734482
-0.981239	-0.165584	-0.0987561
-0.981087	0.00240554	0.193552
-0.507754	-0.571784	-0.644398
-0.758137	-0.444533	-0.477093
-0.793864	-0.414062	-0.445345
-0.702001	0.30204	0.644954
-0.78819	-7.04038e-005	0.615431
-0.855881	0.29037	0.427963
-0.0765404	-0.669033	-0.739281
-0.543945	-0.125994	-0.829608
-0.97084	0.0522704	0.233959
-0.0308351	0.554836	0.831388
-0.174029	0.425316	0.888155
-0.170706	-0.580556	-0.796125
-0.701427	-0.473725	-0.532526
-0.182622	0.641074	0.745435
-0.030504	-0.139213	-0.989792
-0.748656	-0.30523	-0.588515
-0.16724	0.179898	0.969364
-0.96085	-0.16907	-0.219504
-0.42881	0.332338	0.840044
0.0274118	0.572402	0.819515
-0.642664	0.434419	0.631081
-0.938658	-0.22001	-0.26555
-0.962442	-0.11364	-0.246559
-0.995742	-0.0896291	-0.0215403
-0.938091	0.155637	0.309456
-0.842605	0.15091	0.516955
-0.640293	-0.268059	-0.71984
-0.976189	-0.0640001	0.207265
-0.0503036	-0.487434	-0.87171
-0.445882	-0.463296	-0.765863
-0.564095	-0.557216	-0.60935
-0.38796	0.0775083	0.918411
-0.537696	-0.292199	-0.790887
-0.628923	-0.408749	-0.661347
-0.816484	-0.134791	-0.561413
-0.943282	-0.163022	-0.28921
-0.953254	-0.226952	-0.1995
-0.858139	-0.299276	-0.41717
-0.995952	-0.0898804	0.00110052
-0.965901	-0.00454097	0.258872
-0.984964	0.0616584	0.16138
-0.996001	-0.0886671	-0.0110059
-0.374998	-0.0992992	-0.921692
-0.460813	-0.278617	-0.842629
-0.413515	-0.467817	-0.781123
0.00722872	-0.604906	-0.796264
-0.821409	-0.0130126	0.570191
-0.682792	0.150066	0.715036
-0.791857	0.35327	0.49816
-0.904766	0.145116	0.400424
0.914955	0.129855	0.382092
0.0801466	0.176739	0.980989
0.988912	0.0709346	-0.130463
0.593227	-0.482562	-0.644373
0.783847	0.128685	0.607474
0.788106	-0.180675	-0.588426
0.12459	0.0751547	0.989358
0.610944	-0.0210941	-0.791393
0.112963	0.328509	0.937721
0.99743	0.0716445	0.000976554
-0.0297709	0.193299	0.980688
0.595167	0.151924	0.78911
0.564293	0.522396	0.639278
0.372167	0.36654	0.852725
0.968096	0.157863	0.194601
0.986148	0.102463	0.130435
0.557103	-0.0367813	-0.829629
0.693156	0.170729	0.700276
0.134389	-0.044882	-0.989912
0.0583788	0.42088	0.905236
0.111482	-0.267595	-0.95706
0.753269	0.29389	0.5884
0.794406	-0.00318839	-0.607378
0.852765	-0.14001	-0.50318
0.900799	0.303054	0.310998
0.322884	-0.106011	-0.940483
0.218032	-0.359406	-0.907353
-0.0876401	0.171104	0.981347
0.922568	0.0501022	-0.382567
0.827615	-0.00157011	-0.561294
0.499693	-0.200791	-0.842609
0.38606	-0.0376333	-0.921706
-0.0391475	0.440562	0.896868
0.577687	-0.201841	-0.79091
0.0770232	0.662113	0.745435
0.358428	-0.544696	-0.758179
0.358117	0.434444	0.826445
0.229549	-0.145449	-0.962368
-0.00875455	0.621903	0.783045
0.995095	-0.00545614	-0.0987742
0.359665	0.21622	0.907684
0.483469	-0.395125	-0.78111
0.871309	0.287468	0.397721
-0.0384885	0.525381	0.849996
0.646432	-0.459136	-0.60936
0.758126	0.446279	0.475479
0.807928	0.277223	0.519999
0.643298	0.47909	0.597194
0.65674	0.256968	0.708985
0.981792	0.156165	0.108151
0.941032	-0.177725	-0.287875
0.954368	0.150736	0.257799
0.0902529	-0.598179	-0.796264
0.261658	-0.35223	-0.898593
0.261664	-0.35223	-0.898591
0.261976	-0.545499	-0.796115
0.819801	-0.316706	-0.477099
0.895174	-0.157167	-0.417087
0.997284	0.072818	-0.0110455
0.975534	-0.0121812	-0.219509
0.183263	-0.64798	-0.739281
0.957211	-0.00903891	-0.28925
0.977356	-0.0705209	-0.199506
0.128128	-0.472974	-0.87171
0.997184	0.071827	-0.0215784
0.768483	-0.354676	-0.532577
0.963991	0.214486	0.157214
0.741635	-0.0229066	-0.670413
0.75154	0.452385	0.48014
0.107326	0.559591	0.82179
0.822949	0.115912	0.556164
0.686456	-0.302207	-0.661399
0.332934	0.601491	0.726198
0.588685	-0.337578	-0.734501
0.675088	-0.161489	-0.719846
0.968169	0.042765	-0.246617
0.887429	-0.0615621	-0.456815
0.850231	-0.280789	-0.445269
0.961835	-0.0660203	-0.265547
0.972398	0.0932415	0.213889
0.996818	0.0785722	-0.0134408
0.996111	0.087922	-0.00575549
0.949374	0.208458	0.235019
0.429241	-0.570364	-0.700312
0.514642	-0.385466	-0.765872
0.468389	-0.209097	-0.858423
0.0525169	-0.132486	-0.989793
0.75361	0.119286	0.646408
0.876757	0.20067	0.437068
0.787608	0.43044	0.440903
0.637127	0.413657	0.650352

#	Mesh	0	End

