#	Mesh	0	Begin

#	Vertex	22
-37.6266	63.0148	3.38
-38.6266	63.0148	3.38
-38.6266	62.2148	3.38
-37.6266	62.2148	3.38
-38.6266	62.2148	-9.07
-38.6266	63.0148	-9.07
-38.6184	63.0148	-9.07
-38.6184	62.2148	-9.07
-37.6266	63.0148	-2.82
-37.6266	63.0148	-3.42
-37.6266	63.0148	-9.07
-37.8184	63.0148	-9.07
-37.8184	63.0148	-3.42
-37.8184	63.0148	-2.82
-38.6184	63.0148	-2.82
-38.6184	62.2148	-2.82
-37.8184	62.2148	-2.82
-37.8184	62.2148	-3.42
-37.8184	62.2148	-9.07
-37.6266	62.2148	-9.07
-37.6266	62.2148	-3.42
-37.6266	62.2148	-2.82

#	Triangle	6
3	1	2	0	1	3
7	5	6	4	5	7	11	19	18	10	19	11	16	14	13	15	14	16
1	6	5	1	14	6	12	10	11	12	9	10	13	9	12	13	8	9	1	13	14	1	8	13	1	0	8
4	1	5	2	1	4	17	11	18	17	12	11	16	12	17	16	13	12
20	18	19	20	17	18	15	4	7	15	2	4	21	17	20	21	16	17	3	16	21	3	15	16	3	2	15
9	19	10	9	20	19	8	20	9	8	21	20	0	21	8	0	3	21	6	15	7	14	15	6

#	Normal	6
-0	-0	1
-0	0	-1
-0	1	-0
-1	-0	-0
-0	-1	-0
1	0	0

#	Mesh	0	End

