#	Mesh	0	Begin

#	Vertex	9
75.2256	48.0122	-9.65469
75.2476	48.014	-2.9945
75.425	48.0283	-2.9945
75.425	48.0283	-9.65469
75.0504	52.6508	-9.65469
74.8511	52.6347	-9.65469
75.2256	48.0122	-2.9945
75.0504	52.6508	-2.97131
74.8511	52.6347	-2.97131

#	Triangle	7
2	0	3	2	6	0
2	1	6
2	4	7	3	4	2
4	8	7	5	8	4
8	0	6	5	0	8
0	4	3	5	4	0
1	8	6	1	7	8	2	7	1

#	Normal	7
0.0807629	-0.996733	-0
0	-0	2.55798e-007
0.996734	0.0807606	0
-0.0807629	0.996733	-0
-0.996734	-0.0807606	-0
-0	0	-1
0.000404098	-0.00498358	0.999988

#	Mesh	0	End

