#	Mesh	0	Begin

#	Vertex	10
74.8672	-7.38427	-3.27043
74.8672	-7.38428	-11.386
74.8511	-7.18493	-11.386
79.6708	-6.99535	-3.27043
79.6761	-6.99492	-3.27043
79.6761	-6.99492	-11.386
79.66	-6.79557	-11.386
74.8511	-7.18493	-3.26943
79.6546	-6.796	-3.26943
79.66	-6.79557	-3.26943

#	Triangle	10
7	1	0
2	1	7
4	1	5
4	3	1
3	0	1
4	6	9	5	6	4
6	7	9	2	7	6
2	5	1	6	5	2
8	4	9	8	3	4
7	3	8	7	0	3

#	Normal	10
-0.996735	-0.0807423	9.69229e-007
-0.996738	-0.0807031	0
0.0807025	-0.996738	-0
0.0805873	-0.996748	6.86768e-005
0.0807025	-0.996738	4.22507e-008
0.996738	0.0807031	0
-0.0807025	0.996738	-0
0	-0	-1
0.000402932	-0.00498368	0.999988
0.000403508	-0.00498363	0.999988

#	Mesh	0	End

