#	Mesh	0	Begin

#	Vertex	11
93.2422	-12.5157	-11.386
93.4416	-12.4996	-3.30342
93.4416	-12.4996	-11.386
92.3603	0.854586	-3.23643
92.3444	1.05135	-11.386
92.1451	1.03521	-11.386
93.2342	-12.4161	-3.30292
93.2422	-12.5157	-3.30342
92.1472	1.03537	-3.23544
92.3444	1.05135	-3.23544
92.1451	1.03521	-3.23544

#	Triangle	9
7	2	1	0	2	7
9	2	4	3	1	2
9	3	2
4	10	9	5	10	4
7	5	0	6	10	5
7	6	5
0	4	2	5	4	0
1	6	7	1	10	6	1	3	8	3	9	8
1	8	10

#	Normal	9
0.0807015	-0.996738	-0
0.996738	0.0807023	0
0.996739	0.0806925	1.64195e-005
-0.0807009	0.996738	-0
-0.996738	-0.0807023	-0
-0.996738	-0.0807031	-1.3213e-006
-0	0	-1
0.000403503	-0.00498363	0.999988
0.00037675	-0.00498618	0.999987

#	Mesh	0	End

