#	Mesh	0	Begin

#	Vertex	202
-3.00678	105.933	-4.55999
-3.00678	105.98	-4.57171
-3.00678	106.029	-4.57171
-3.00678	106.077	-4.55999
-3.00678	106.12	-4.53722
-3.00678	106.157	-4.50474
-3.00678	106.185	-4.46442
-3.00678	106.202	-4.41862
-3.00678	106.208	-4.36999
-3.00678	106.202	-4.32136
-3.00678	106.185	-4.27556
-3.00678	106.157	-4.23524
-3.00678	106.12	-4.20276
-3.00678	106.077	-4.17999
-3.00678	106.029	-4.16827
-3.00678	105.98	-4.16827
-3.00678	105.933	-4.17999
-3.00678	105.889	-4.20276
-3.00678	105.853	-4.23524
-3.00678	105.825	-4.27556
-3.00678	105.807	-4.32136
-3.00678	105.802	-4.36999
-3.00678	105.807	-4.41862
-3.00678	105.825	-4.46442
-3.00678	105.853	-4.50474
-3.00678	105.889	-4.53722
-3.43727	105.599	-4.57171
-3.38829	105.599	-4.57171
-3.34072	105.599	-4.55999
-3.29735	105.599	-4.53722
-3.26068	105.599	-4.50474
-3.23286	105.599	-4.46442
-3.21549	105.599	-4.41862
-3.20958	105.599	-4.36999
-3.21549	105.599	-4.32136
-3.23286	105.599	-4.27556
-3.26068	105.599	-4.23524
-3.29735	105.599	-4.20276
-3.34072	105.599	-4.17999
-3.38829	105.599	-4.16827
-3.43727	105.599	-4.16827
-3.48484	105.599	-4.17999
-3.52821	105.599	-4.20276
-3.56488	105.599	-4.23524
-3.59271	105.599	-4.27556
-3.61008	105.599	-4.32136
-3.61598	105.599	-4.36999
-3.61008	105.599	-4.41862
-3.59271	105.599	-4.46442
-3.56488	105.599	-4.50474
-3.52821	105.599	-4.53722
-3.48484	105.599	-4.55999
-3.09348	106.202	-4.36999
-3.10916	106.169	-4.26401
-3.14297	106.133	-4.22823
-3.31909	105.665	-4.18623
-3.17841	106.183	-4.36999
-3.09834	106.191	-4.30764
-3.25985	106.153	-4.36999
-3.19945	106.167	-4.30851
-3.08335	105.867	-4.21117
-3.54128	105.735	-4.22823
-3.56093	105.852	-4.36999
-3.5913	105.77	-4.36999
-3.57466	105.791	-4.30851
-3.49212	105.956	-4.31856
-3.43482	106.027	-4.33057
-3.46718	105.998	-4.36999
-3.33614	106.111	-4.36999
-3.28431	106.129	-4.30395
-3.36393	106.084	-4.31856
-3.40572	106.059	-4.36999
-3.16853	105.76	-4.27063
-3.2332	105.698	-4.24324
-3.21525	105.668	-4.28899
-3.10865	106.099	-4.19558
-3.35116	106.046	-4.24259
-3.43434	105.968	-4.24309
-3.38125	105.973	-4.20869
-3.36282	105.866	-4.17061
-3.31977	105.974	-4.18449
-3.39904	105.899	-4.1869
-3.07447	105.958	-4.17086
-3.10182	105.907	-4.18465
-3.1567	105.943	-4.16906
-3.11182	106.004	-4.16717
-3.18078	105.716	-4.31683
-3.2569	105.785	-4.18985
-3.16655	105.839	-4.2039
-3.1996	105.877	-4.17841
-3.2745	105.68	-4.21078
-3.10081	106.054	-4.17552
-3.36389	105.688	-4.17034
-3.35426	105.785	-4.16713
-3.40956	105.718	-4.16728
-3.10381	105.826	-4.24349
-3.07758	105.811	-4.28014
-3.10695	105.784	-4.31301
-3.13322	105.757	-4.36999
-3.2045	105.644	-4.36999
-3.05191	105.796	-4.36999
-3.30725	106.025	-4.20281
-3.60978	105.685	-4.36999
-3.59914	105.69	-4.30764
-3.51927	105.928	-4.36999
-3.19342	105.979	-4.16754
-3.27071	105.951	-4.16972
-3.23378	105.925	-4.16695
-3.54319	105.878	-4.32832
-3.57703	105.701	-4.26401
-3.55354	105.777	-4.2573
-3.5251	105.857	-4.26337
-3.48156	105.941	-4.27478
-3.46208	105.693	-4.17552
-3.40089	105.794	-4.16966
-3.1734	105.795	-4.23098
-3.2304	105.767	-4.21063
-3.43879	105.801	-4.17956
-3.50677	105.701	-4.19558
-3.26478	106.117	-4.26337
-3.19365	106.152	-4.27245
-3.34602	106.078	-4.27775
-3.42435	106.016	-4.28491
-3.16534	105.725	-4.36999
-3.1895	105.687	-4.36999
-3.09477	105.781	-4.36999
-3.48447	105.828	-4.20894
-3.20875	106.031	-4.17956
-3.23616	106.076	-4.20894
-3.44572	105.912	-4.21642
-3.49355	105.87	-4.2345
-3.22548	106.11	-4.23338
-3.30189	105.744	-4.18196
-3.26987	105.823	-4.17585
-3.29341	105.866	-4.16727
-3.17516	105.822	-4.52935
-3.19324	105.849	-4.55013
-3.08787	105.866	-4.5292
-3.36597	105.666	-4.56912
-3.10081	106.054	-4.56446
-3.12606	106.002	-4.5727
-3.20244	105.993	-4.57032
-3.09638	105.956	-4.56964
-3.19297	105.946	-4.57285
-3.12414	105.773	-4.42315
-3.38125	105.973	-4.53129
-3.37567	106.026	-4.49689
-3.3197	106.038	-4.52356
-3.20875	106.031	-4.56042
-3.27411	105.955	-4.56937
-3.28632	106.135	-4.41166
-3.43879	105.801	-4.56042
-3.50677	105.701	-4.5444
-3.48447	105.828	-4.53104
-3.10865	106.099	-4.5444
-3.07595	105.807	-4.45099
-3.54128	105.735	-4.51175
-3.57703	105.701	-4.47597
-3.56035	105.786	-4.46753
-3.43303	105.899	-4.53717
-3.38242	105.912	-4.55549
-3.31517	105.694	-4.55533
-3.28472	105.792	-4.56157
-3.24752	105.758	-4.53608
-3.10593	105.825	-4.49674
-3.09834	106.191	-4.43234
-3.34944	106.073	-4.4652
-3.26478	106.117	-4.47661
-3.27842	106.085	-4.50548
-3.38692	105.785	-4.57244
-3.35931	105.863	-4.57026
-3.48589	105.938	-4.46223
-3.42435	106.016	-4.45507
-3.45382	105.943	-4.49739
-3.10916	106.169	-4.47597
-3.46208	105.693	-4.56446
-3.18506	106.145	-4.48268
-3.19945	106.167	-4.43147
-3.59914	105.69	-4.43234
-3.49212	105.956	-4.42142
-3.43482	106.027	-4.40941
-3.14297	106.133	-4.51175
-3.36393	106.084	-4.42142
-3.19244	105.699	-4.42697
-3.16853	105.76	-4.46935
-3.21903	105.67	-4.45984
-3.41175	105.704	-4.57281
-3.2339	105.696	-4.49649
-3.27532	105.675	-4.52881
-3.07311	105.911	-4.55375
-3.33352	105.826	-4.57303
-3.35129	105.749	-4.57092
-3.53667	105.876	-4.43603
-3.57466	105.791	-4.43147
-3.23616	106.076	-4.53104
-3.5251	105.857	-4.47661
-3.30728	105.991	-4.55308
-3.20348	105.765	-4.509
-3.51843	105.817	-4.5066
-3.15211	105.894	-4.55802
-3.23153	105.862	-4.56413
-3.27427	105.885	-4.57271

#	Triangle	354
3	1	2	3	0	1	4	0	3	4	25	0	5	25	4	5	24	25	6	24	5	6	23	24	7	23	6	7	22	23	8	22	7	8	21	22	9	21	8	9	20	21	10	20	9	10	19	20	11	19	10	11	18	19	12	18	11	12	17	18	13	17	12	13	16	17	14	16	13	14	15	16
28	26	27	28	51	26	29	51	28	29	50	51	30	50	29	30	49	50	31	49	30	31	48	49	32	48	31	32	47	48	33	47	32	33	46	47	34	46	33	34	45	46	35	45	34	35	44	45	36	44	35	36	43	44	37	43	36	37	42	43	38	42	37	38	41	42	39	41	38	39	40	41
9	8	52
54	11	53
37	55	38
52	56	57
59	56	58
60	18	17
59	57	56
42	61	43
64	62	63
54	12	11
67	65	66
58	68	69
66	70	71
68	70	69
11	10	53
74	72	73
54	75	12
78	76	77
81	79	80
68	71	70
83	16	82
85	84	82
16	83	17
74	34	86
89	87	88
73	90	36
91	14	13
94	92	93
96	19	95
98	97	86
72	86	97
88	83	89
34	99	86
20	100	21
97	100	20
39	94	40
80	101	78
103	63	102
19	18	95
85	15	14
104	65	67
107	105	106
108	62	64
96	72	97
110	64	109
101	76	78
112	108	111
114	113	94
116	115	88
75	91	13
45	102	46
79	117	114
92	39	38
45	44	103
42	118	61
109	44	43
115	95	88
120	69	119
37	36	90
45	103	102
114	93	79
76	121	122
120	54	53
99	34	33
60	95	18
98	86	123
99	124	86
118	41	113
16	15	82
123	86	124
36	35	73
90	116	87
108	104	62
13	12	75
97	98	125
74	35	34
118	126	61
41	118	42
128	127	75
77	129	78
92	94	39
10	9	57
130	112	111
70	66	122
106	105	127
61	109	43
84	89	83
88	60	83
125	100	97
96	20	19
61	110	109
64	103	109
40	113	41
117	126	118
81	126	117
130	61	126
10	57	53
59	120	53
54	128	75
85	91	127
128	54	131
128	76	101
73	116	90
132	55	90
72	115	73
87	89	133
38	55	92
93	132	133
40	94	113
113	117	118
75	127	91
91	85	14
92	132	93
79	93	134
134	106	79
79	81	117
134	107	106
78	81	80
17	83	60
88	95	60
84	107	89
134	133	89
44	109	103
63	103	64
9	52	57
59	53	57
86	72	74
74	73	35
106	80	79
129	81	78
80	106	127
128	101	127
37	90	55
132	92	55
15	85	82
84	83	82
80	127	101
76	128	131
119	121	76
122	77	76
122	112	77
126	129	130
112	122	65
65	108	112
116	73	115
115	72	95
130	77	112
126	81	129
129	77	130
110	130	111
71	67	66
65	122	66
64	111	108
65	104	108
59	58	69
70	121	69
95	72	96
97	20	96
61	130	110
111	64	110
59	69	120
131	120	119
54	120	131
119	76	131
117	113	114
94	93	114
134	89	107
85	105	84
107	84	105
85	127	105
134	93	133
132	87	133
132	90	87
116	88	87
119	69	121
70	122	121
137	135	136
28	27	138
141	139	140
140	142	143
22	100	144
1	142	140
147	145	146
149	148	141
100	22	21
150	68	58
153	151	152
144	100	125
125	98	144
154	3	139
144	98	123
155	23	22
158	156	157
160	159	145
163	161	162
24	23	164
165	7	6
168	166	167
52	8	7
170	169	151
52	7	165
173	171	172
6	5	174
152	175	51
177	174	176
48	47	178
172	179	180
150	58	177
164	137	24
167	166	150
159	173	145
165	56	52
3	154	4
4	154	181
51	50	152
68	182	71
183	123	124
185	184	183
144	183	184
161	28	138
32	99	33
1	140	2
145	173	146
99	32	183
186	27	26
31	187	185
30	29	188
189	0	25
161	29	28
155	22	144
175	26	51
4	181	5
190	169	170
138	186	191
155	184	164
31	30	187
162	136	163
50	156	152
71	180	67
180	71	182
156	50	49
188	187	30
179	192	104
156	49	157
157	49	48
67	179	104
63	62	193
154	194	181
158	192	195
63	178	102
46	102	47
63	193	178
25	24	137
196	149	160
142	1	0
192	62	104
181	174	5
177	58	56
141	143	149
183	144	123
135	197	163
197	187	163
191	162	161
163	188	161
124	99	183
185	32	31
181	176	174
177	165	174
2	139	3
148	194	154
196	194	148
168	181	194
48	178	157
193	158	157
156	153	152
186	175	151
153	156	198
153	173	159
164	135	137
199	189	137
184	197	164
136	162	200
0	189	142
143	199	200
2	140	139
139	148	154
152	151	175
175	186	26
142	199	143
149	143	201
201	170	149
149	196	148
201	190	170
145	196	160
29	161	188
163	187	188
191	190	162
201	200	162
6	174	165
56	165	177
47	102	178
193	157	178
144	184	155
155	164	23
170	160	149
147	196	145
160	170	151
153	159	151
25	137	189
199	142	189
27	186	138
191	161	138
160	151	159
173	153	198
195	171	173
172	146	173
172	166	146
194	147	168
166	172	182
182	150	166
135	164	197
197	184	187
168	146	166
194	196	147
147	146	168
176	168	167
182	172	180
179	67	180
193	62	192
179	171	192
177	167	150
182	68	150
187	184	185
183	32	185
181	168	176
167	177	176
193	192	158
198	158	195
156	158	198
195	173	198
148	139	141
140	143	141
201	162	190
186	169	191
190	191	169
186	151	169
201	143	200
199	136	200
199	137	136
135	163	136
195	192	171
179	172	171

#	Normal	354
1	0	-0
-0	-1	-0
-0.0708482	0.99021	0.120267
-0.0957357	0.747909	0.656861
0.463643	-0.0682329	0.883391
-0.210216	0.966326	0.148405
-0.346363	0.928646	0.132848
0.107923	-0.659271	0.74412
-0.233014	0.955858	0.178999
-0.661196	0.0761027	0.746343
-0.928647	0.346375	0.13281
-0.0760921	0.661143	0.746392
-0.756166	0.636757	0.150843
-0.474303	0.868618	0.143316
-0.636764	0.756162	0.150836
-0.504988	0.845511	0.17349
-0.061761	0.821406	0.56699
0.683786	-0.457716	0.568271
-0.0811254	0.641206	0.763069
-0.500167	0.528081	0.686268
-0.231216	0.213517	0.949184
-0.59635	0.796677	0.0983448
0.0269565	-0.275294	0.960982
0.0316822	-0.0547509	0.997997
0.0813222	-0.463187	0.882522
0.798839	-0.257231	0.543773
0.328935	-0.317307	0.889448
0.644928	-0.117861	0.755101
-0.0116702	0.2393	0.970876
0.0426394	-0.0374224	0.998389
0.141827	-0.877705	0.457732
0.677526	-0.734572	0.0369144
0.583351	-0.657397	0.477002
0.191214	-0.433599	0.880585
0.958449	-0.281712	-0.0448667
0.111186	-0.98655	0.119822
0.22518	-0.974252	0.011257
-0	-0.00833004	0.999965
-0.343139	0.393628	0.852826
-0.966314	0.210217	0.148476
0.176095	-0.810116	0.559198
0.0105145	0	0.999945
-0.796673	0.596353	0.0983626
-0.0438924	0.0442108	0.998058
-0.916661	0.367754	0.156492
0.490257	-0.837901	0.239938
-0.874193	0.23296	0.426048
-0.423809	0.521707	0.740411
-0.801957	0.463326	0.377087
-0.178574	0.050859	0.982611
0.50231	-0.508293	0.699516
-0.0535063	0.401066	0.914485
-0.990216	0.0708193	0.120237
-0.229381	0.134727	0.963967
0.239097	-0.0427007	0.970056
-0.933422	0.0583897	0.353998
-0.64119	0.081153	0.763079
-0.821413	0.0617551	0.56698
0.368278	-0.527882	0.765318
-0.361668	0.836054	0.412566
0.658942	-0.112064	0.743799
-0.98264	0.0932957	0.160358
-0.0463289	0.0379199	0.998206
-0.558884	0.651562	0.512949
-0.213158	0.784443	0.58242
0.986558	-0.111141	0.119793
0.114019	-0.64554	0.755167
0.704562	-0.704616	0.0843092
0.943509	-0.330189	0.027672
-0.401107	0.0535142	0.914467
0.0416802	-0.239108	0.970098
0.836731	-0.525735	0.153245
0.809641	-0.17934	0.558855
0.487437	-0.247732	0.837278
-0.875596	0.478103	0.068906
-0.0353348	0.464436	0.884902
0.525615	-0.836408	0.155405
0.921919	-0.16679	0.349636
-0.57283	0.183892	0.79878
-0.464435	0.0353588	0.884901
-0.171533	0.458104	0.872191
-0.518128	0.45149	0.72643
0.069566	0.00409652	0.997569
-0.0583738	0.933445	0.353938
-0.702689	0.437103	0.561399
-0.62909	0.713753	0.307899
-0.0978294	0.19699	0.975512
-0.747908	0.0957341	0.656863
0.130106	-0.219639	0.966867
0.229591	-0.463306	0.855941
0.327979	-0.937238	0.118382
0.1577	-0.92334	0.350106
-0.777817	0.187774	0.599785
-0.891172	0.219187	0.397202
-0.239299	0.0116693	0.970876
-0.458113	0.171529	0.872187
-0.421922	0.235443	0.875527
-0.675567	0.269827	0.68615
-0.0885144	0.897188	0.432688
-0.215791	0.895181	0.389981
-0.183898	0.572816	0.798789
-0.0753824	0.17923	0.980915
-0.217535	0.614311	0.758486
-0.367711	0.593436	0.715976
0.668443	-0.338871	0.66208
0.515945	-0.157773	0.841967
0.697477	-0.492897	0.520172
0.233499	-0.26336	0.936013
0.326045	-0.0175428	0.945192
0.165641	-0.141965	0.975914
-0.169493	0.0311733	0.985038
-0.389324	0.118203	0.913485
-0.118182	0.389285	0.913504
-0.0309841	0.170185	0.984925
0.231848	-0.0553852	0.971174
-0.0481496	0.0377245	0.998127
-0.0481509	0.0416078	0.997973
-0.264021	0.177167	0.948106
-0.0460936	0.0410622	0.998093
-0.349875	0.341173	0.872461
0.0607607	-0.53338	0.843691
0.284551	-0.673137	0.682582
0.0687733	-0.182075	0.980877
0.130752	-0.125352	0.983459
-0.897191	0.0885063	0.432684
-0.955873	0.232958	0.178993
-0.0932764	0.982651	0.160299
-0.219241	0.891162	0.397194
0.849552	-0.474404	0.230656
0.886946	-0.140339	0.440036
-0.194688	0.20041	0.960173
-0.432803	0.348967	0.831206
-0.169293	0.249958	0.953342
-0.231499	0.424233	0.875463
0.49533	-0.0537747	0.867039
0.279743	-0.112365	0.953477
-0.00917002	-0.0879203	0.996085
0.0741147	-0.298148	0.951638
-0.23347	0.381526	0.894388
-0.368029	0.616639	0.695925
-0.436564	0.695403	0.570813
-0.56747	0.600499	0.563363
-0.652572	0.566398	0.503331
-0.570438	0.331827	0.751327
-0.713861	0.595061	0.369195
-0.801271	0.482939	0.353178
0.475489	-0.390515	0.788295
0.40283	-0.661494	0.632577
-0.656537	0.452978	0.603134
-0.45628	0.287014	0.842278
-0.622256	0.436244	0.649991
-0.711326	0.302064	0.634644
-0.70589	0.705899	0.0585316
-0.713756	0.629084	0.307906
-0.845694	0.389527	0.364787
-0.834129	0.529569	0.154225
-0.393187	0.900632	0.185113
-0.505878	0.791631	0.342648
0.438402	-0.678708	0.589202
0.234775	-0.847545	0.47597
-0.68098	0.271456	0.680131
-0.835714	0.331461	0.437854
-0.357873	0.846765	0.393594
-0.305348	0.762951	0.569797
-0.246944	0.754401	0.608193
-0.38465	0.65553	0.649865
-0.238101	0.0875823	0.967283
-0.0466448	0.0363763	0.998249
0.131943	-0.138005	0.981604
0.0063423	-0.0359849	0.999332
0.0299936	-0.0116218	0.999483
-0.0672623	0.206186	0.976198
0.152921	-0.112804	0.981779
0.354462	-0.213042	0.910478
0.37687	-0.240621	0.894467
0.374538	-0.407913	0.832664
-0.452281	0.776281	0.439124
-0.594735	0.713843	0.369755
0.247733	-0.487426	-0.837284
0.239107	-0.0416725	-0.970098
-0.0508549	0.178592	-0.982608
0.0374157	-0.042644	-0.998389
0.28174	-0.958444	0.0448032
-0.00409649	-0.069564	-0.997569
-0.451501	0.518156	-0.726403
-0.134744	0.22941	-0.963958
0.111186	-0.98655	-0.119822
-0.478111	0.875591	-0.0689162
-0.458113	0.171529	-0.872187
0.330175	-0.943514	-0.0276732
0.525792	-0.83669	-0.153271
-0.0535109	0.401065	-0.914485
0.70456	-0.704613	-0.0843555
0.166848	-0.921933	-0.349573
-0.784439	0.213131	-0.582436
-0.393637	0.34315	-0.852818
0.433572	-0.191194	-0.880602
0.179369	-0.80963	-0.558862
-0.0583719	0.933446	-0.353938
-0.437102	0.702723	-0.561357
-0.0708482	0.99021	-0.120267
-0.196995	0.0978437	-0.97551
-0.0932757	0.982652	-0.160298
-0.651602	0.558878	-0.512904
-0.061761	0.821406	-0.56699
-0.401107	0.0535188	-0.914467
-0.233029	0.874163	-0.426072
-0.933422	0.0583878	-0.353998
-0.713756	0.629084	-0.307906
-0.367726	0.916669	-0.156513
0.117874	-0.644887	-0.755134
-0.463314	0.801949	-0.377117
-0.521702	0.423813	-0.740412
-0.210216	0.966326	-0.148404
-0.0353391	0.464436	-0.884901
-0.0811272	0.641199	-0.763074
-0.464435	0.035363	-0.884901
-0.59635	0.796677	-0.0983448
0.836443	-0.525555	-0.155419
0.837888	-0.49028	-0.239936
0.657391	-0.583352	-0.477009
0.275268	-0.0269574	-0.960989
0.986558	-0.111141	-0.119793
0.00833014	-0	-0.999965
-0.528081	0.500197	-0.686246
0.974267	-0.225119	-0.0112323
0	-0.0105145	-0.999945
0.87772	-0.141808	-0.45771
0.659253	-0.1079	-0.744139
0.0682472	-0.463643	-0.88339
0.463186	-0.0813349	-0.882521
0.257269	-0.798892	-0.543677
-0.239299	0.0116743	-0.970876
-0.0760907	0.661148	-0.746387
-0.0442062	0.0439003	-0.998057
0.0547602	-0.0316791	-0.997997
0.457693	-0.683796	-0.568278
0.810125	-0.17608	-0.559189
0.317279	-0.328895	-0.889473
-0.641183	0.0811547	-0.763085
-0.70589	0.705899	-0.0585316
-0.636764	0.756162	-0.150836
-0.661202	0.0761013	-0.746338
0.645517	-0.113999	-0.75519
-0.845512	0.504973	-0.173526
-0.747912	0.0957326	-0.656859
-0.821413	0.0617551	-0.56698
-0.796673	0.596353	-0.0983626
-0.928647	0.346375	-0.13281
-0.183897	0.572809	-0.798794
-0.836106	0.361676	-0.412454
-0.966315	0.210217	-0.148475
-0.990216	0.0708193	-0.120237
-0.955872	0.232958	-0.178992
0.112046	-0.658974	-0.743774
-0.213528	0.231242	-0.949175
0.0427028	-0.239098	-0.970056
-0.868617	0.474292	-0.143359
-0.0957342	0.747913	-0.656857
-0.346363	0.928646	-0.132848
-0.0379167	0.046322	-0.998207
0.734569	-0.677531	-0.0368746
0.508346	-0.502314	-0.699475
0.527931	-0.368292	-0.765277
0.219633	-0.130093	-0.96687
0.463334	-0.229644	-0.855912
0.937229	-0.327992	-0.118419
0.923322	-0.157666	-0.350168
-0.187857	0.777844	-0.599723
-0.219242	0.891161	-0.397197
-0.0116753	0.2393	-0.970875
-0.171533	0.458104	-0.872191
-0.235443	0.421912	-0.875532
-0.26984	0.675552	-0.68616
-0.897189	0.0885055	-0.432688
-0.895162	0.215762	-0.390041
-0.572823	0.183892	-0.798785
-0.179212	0.0753843	-0.980918
-0.614355	0.217557	-0.758444
-0.593434	0.367707	-0.71598
0.338862	-0.668411	-0.662117
0.157762	-0.515996	-0.841938
0.492895	-0.697493	-0.520153
0.263366	-0.233517	-0.936007
0.0175474	-0.326041	-0.945193
0.14196	-0.165626	-0.975918
-0.0311751	0.169512	-0.985035
-0.118182	0.389285	-0.913504
-0.389324	0.118203	-0.913485
-0.170173	0.0309903	-0.984927
0.0553659	-0.231841	-0.971177
-0.0377211	0.0481453	-0.998128
-0.0416111	0.0481468	-0.997973
-0.177179	0.264048	-0.948096
-0.0410668	0.0460952	-0.998093
-0.341159	0.349884	-0.872463
0.533421	-0.0607634	-0.843665
0.673118	-0.284605	-0.682578
0.182072	-0.0687699	-0.980877
0.125333	-0.130745	-0.983462
-0.0885136	0.897186	-0.432692
-0.233015	0.955857	-0.178999
-0.98264	0.0932951	-0.160357
-0.891171	0.219188	-0.397205
0.474375	-0.849571	-0.230645
0.140372	-0.886932	-0.440054
-0.200404	0.194671	-0.960178
-0.348949	0.432804	-0.831213
-0.249939	0.16928	-0.953349
-0.424241	0.231503	-0.875457
0.0537664	-0.495379	-0.867011
0.112353	-0.279741	-0.953479
0.0879314	0.00916925	-0.996084
0.298122	-0.0741138	-0.951646
-0.381541	0.233475	-0.89438
-0.616686	0.368025	-0.695885
-0.695426	0.436624	-0.570738
-0.600466	0.567476	-0.563393
-0.566374	0.652556	-0.50338
-0.331836	0.570431	-0.751328
-0.595042	0.713857	-0.369233
-0.482913	0.801265	-0.353227
0.390504	-0.475481	-0.788305
0.661478	-0.402827	-0.632596
-0.452991	0.656524	-0.603138
-0.287021	0.456273	-0.842279
-0.43626	0.622252	-0.649984
-0.302055	0.711358	-0.634612
-0.62909	0.713753	-0.307899
-0.756166	0.636757	-0.150843
-0.900602	0.393248	-0.185127
-0.791622	0.505861	-0.342695
-0.389499	0.845695	-0.364815
-0.529558	0.834139	-0.15421
0.678703	-0.438421	-0.589195
0.847541	-0.234725	-0.476002
-0.271499	0.681063	-0.68003
-0.331441	0.835714	-0.437869
-0.846715	0.357917	-0.393662
-0.762907	0.305286	-0.56989
-0.754365	0.246952	-0.608234
-0.65547	0.384597	-0.649957
-0.0875807	0.238131	-0.967276
-0.0363742	0.0466378	-0.998249
0.138009	-0.131938	-0.981604
0.0359964	-0.00634427	-0.999332
0.0116307	-0.0299952	-0.999482
-0.206198	0.0672551	-0.976196
0.112792	-0.152905	-0.981783
0.213049	-0.354483	-0.910468
0.240624	-0.376887	-0.894458
0.407942	-0.374525	-0.832655
-0.776298	0.452341	-0.439031
-0.713844	0.594704	-0.369803

#	Mesh	0	End

