#	Mesh	0	Begin

#	Vertex	72
24.2206	103.981	-4.23557
24.2206	103.958	-4.24173
24.2206	103.936	-4.25179
24.2206	103.917	-4.26544
24.2206	103.9	-4.28226
24.2206	103.886	-4.30175
24.2206	103.876	-4.32331
24.2206	103.87	-4.3463
24.2206	103.868	-4.37
24.2206	103.87	-4.3937
24.2206	103.876	-4.41669
24.2206	103.886	-4.43825
24.2206	103.9	-4.45774
24.2206	103.917	-4.47456
24.2206	103.936	-4.48821
24.2206	103.958	-4.49827
24.2206	103.981	-4.50443
24.2206	104.004	-4.5065
24.2206	104.028	-4.50443
24.2206	104.051	-4.49827
24.2206	104.073	-4.48821
24.2206	104.092	-4.47456
24.2206	104.109	-4.45774
24.2206	104.123	-4.43825
24.2206	104.133	-4.41669
24.2206	104.139	-4.3937
24.2206	104.141	-4.37
24.2206	104.139	-4.3463
24.2206	104.133	-4.32331
24.2206	104.123	-4.30175
24.2206	104.109	-4.28226
24.2206	104.092	-4.26544
24.2206	104.073	-4.25179
24.2206	104.051	-4.24173
24.2206	104.028	-4.23557
24.2206	104.004	-4.2335
50.9237	103.981	-4.23557
50.9237	103.958	-4.24173
50.9237	103.936	-4.25179
50.9237	103.917	-4.26544
50.9237	103.9	-4.28226
50.9237	103.886	-4.30175
50.9237	103.876	-4.32331
50.9237	103.87	-4.3463
50.9237	103.868	-4.37
50.9237	103.87	-4.3937
50.9237	103.876	-4.41669
50.9237	103.886	-4.43825
50.9237	103.9	-4.45774
50.9237	103.917	-4.47456
50.9237	103.936	-4.48821
50.9237	103.958	-4.49827
50.9237	103.981	-4.50443
50.9237	104.004	-4.5065
50.9237	104.028	-4.50443
50.9237	104.051	-4.49827
50.9237	104.073	-4.48821
50.9237	104.092	-4.47456
50.9237	104.109	-4.45774
50.9237	104.123	-4.43825
50.9237	104.133	-4.41669
50.9237	104.139	-4.3937
50.9237	104.141	-4.37
50.9237	104.139	-4.3463
50.9237	104.133	-4.32331
50.9237	104.123	-4.30175
50.9237	104.109	-4.28226
50.9237	104.092	-4.26544
50.9237	104.073	-4.25179
50.9237	104.051	-4.24173
50.9237	104.028	-4.23557
50.9237	104.004	-4.2335

#	Triangle	42
35	36	71	0	36	35
0	37	36	1	37	0
1	38	37	2	38	1
2	39	38	3	39	2
3	40	39	4	40	3
4	41	40	5	41	4
5	42	41	6	42	5
6	43	42	7	43	6
7	44	43	8	44	7
8	45	44	9	45	8
9	46	45	10	46	9
10	47	46	11	47	10
11	48	47	12	48	11
12	49	48	13	49	12
13	50	49	14	50	13
14	51	50	15	51	14
15	52	51	16	52	15
16	53	52	17	53	16
17	54	53	18	54	17
18	55	54	19	55	18
19	56	55	20	56	19
20	57	56	21	57	20
21	58	57	22	58	21
22	59	58	23	59	22
23	60	59	24	60	23
24	61	60	25	61	24
25	62	61	26	62	25
26	63	62	27	63	26
27	64	63	28	64	27
28	65	64	29	65	28
29	66	65	30	66	29
30	67	66	31	67	30
31	68	67	32	68	31
32	69	68	33	69	32
33	70	69	34	70	33
34	71	70	35	71	34
7	9	8
6	9	7	6	10	9	5	10	6	5	11	10	4	11	5	4	12	11	3	12	4	3	13	12	2	13	3	2	14	13	1	14	2	1	15	14	0	15	1	0	16	15	35	16	0	35	17	16	34	17	35	34	18	17	33	18	34	33	19	18	32	19	33	32	20	19	31	20	32	31	21	20	30	21	31	30	22	21	29	22	30	29	23	22	28	23	29	28	24	23	27	24	28	27	25	24
26	25	27
45	43	44
46	43	45	46	42	43	47	42	46	47	41	42	48	41	47	48	40	41	49	40	48	49	39	40	50	39	49	50	38	39	51	38	50	51	37	38	52	37	51	52	36	37	53	36	52	53	71	36	54	71	53	54	70	71	55	70	54	55	69	70	56	69	55	56	68	69	57	68	56	57	67	68	58	67	57	58	66	67	59	66	58	59	65	66	60	65	59	60	64	65	61	64	60	61	63	64
62	63	61

#	Normal	42
-0	-0.0871547	0.996195
-0	-0.258802	0.96593
-0	-0.42265	0.906293
-0	-0.573545	0.819174
-0	-0.707025	0.707189
-0	-0.819289	0.573381
-0	-0.906198	0.422854
-0	-0.965945	0.258746
-0	-0.996207	0.0870122
0	-0.996207	-0.0870122
0	-0.965945	-0.258746
0	-0.906198	-0.422854
0	-0.819289	-0.573381
0	-0.707025	-0.707189
0	-0.573545	-0.819174
0	-0.42265	-0.906293
0	-0.258802	-0.96593
0	-0.0871547	-0.996195
-0	0.0871547	-0.996195
-0	0.258802	-0.96593
-0	0.42265	-0.906293
-0	0.573545	-0.819174
-0	0.707189	-0.707025
-0	0.819135	-0.573601
-0	0.906324	-0.422584
-0	0.965945	-0.258746
-0	0.996179	-0.087338
-0	0.996179	0.087338
-0	0.965945	0.258746
-0	0.906324	0.422584
-0	0.819135	0.573601
-0	0.707189	0.707025
-0	0.573545	0.819174
-0	0.42265	0.906293
-0	0.258802	0.96593
-0	0.0871547	0.996195
-9.81458e-005	-0	-0
-1	-0	-0
-9.85161e-005	-0	-0
9.81458e-005	-0	-0
1	-0	-0
9.85161e-005	0	-0

#	Mesh	0	End

