#	Mesh	0	Begin

#	Vertex	310
-3.18061	98.4785	-4.23945
-3.15853	98.4785	-4.29049
-3.14755	98.4785	-4.345
-3.14813	98.4785	-4.4006
-3.16027	98.4785	-4.45487
-3.18343	98.4785	-4.50542
-3.21659	98.4785	-4.55006
-3.2583	98.4785	-4.58683
-3.30675	98.4785	-4.61412
-3.35981	98.4785	-4.63074
-3.41517	98.4785	-4.63597
-3.47041	98.4785	-4.62957
-3.52311	98.4785	-4.61183
-3.57097	98.4785	-4.58351
-3.6119	98.4785	-4.54587
-3.6441	98.4785	-4.50054
-3.66618	98.4785	-4.4495
-3.67717	98.4785	-4.39499
-3.67658	98.4785	-4.33939
-3.66444	98.4785	-4.28512
-3.64128	98.4785	-4.23457
-3.60812	98.4785	-4.18993
-3.56641	98.4785	-4.15316
-3.51796	98.4785	-4.12587
-3.4649	98.4785	-4.10925
-3.40954	98.4785	-4.10402
-3.3543	98.4785	-4.11042
-3.3016	98.4785	-4.12816
-3.25374	98.4785	-4.15648
-3.21281	98.4785	-4.19412
-3.18061	98.3809	-4.23945
-3.21281	98.3809	-4.19412
-3.22125	98.3809	-4.22088
-3.19286	98.3809	-4.26714
-3.15853	98.3809	-4.29049
-3.25922	98.3809	-4.18209
-3.25374	98.3809	-4.15648
-3.30487	98.3809	-4.15273
-3.3016	98.3809	-4.12816
-3.35591	98.3809	-4.13426
-3.3543	98.3809	-4.11042
-3.40979	98.3809	-4.12761
-3.40954	98.3809	-4.10402
-3.4649	98.3809	-4.10925
-3.46379	98.3809	-4.13311
-3.51796	98.3809	-4.12587
-3.51521	98.3809	-4.1505
-3.56641	98.3809	-4.15316
-3.56147	98.3809	-4.17889
-3.60812	98.3809	-4.18993
-3.60026	98.3809	-4.21686
-3.64128	98.3809	-4.23457
-3.62962	98.3809	-4.26251
-3.66444	98.3809	-4.28512
-3.64809	98.3809	-4.31355
-3.67658	98.3809	-4.33939
-3.65474	98.3809	-4.36743
-3.67717	98.3809	-4.39499
-3.64924	98.3809	-4.42143
-3.66618	98.3809	-4.4495
-3.63185	98.3809	-4.47285
-3.6441	98.3809	-4.50054
-3.60346	98.3809	-4.51911
-3.6119	98.3809	-4.54587
-3.56549	98.3809	-4.5579
-3.57097	98.3809	-4.58351
-3.51984	98.3809	-4.58726
-3.52311	98.3809	-4.61183
-3.49432	98.3809	-4.5965
-3.4688	98.3809	-4.60573
-3.47041	98.3809	-4.62957
-3.45533	98.3809	-4.60739
-3.44186	98.3809	-4.60906
-3.42839	98.3809	-4.61072
-3.41492	98.3809	-4.61238
-3.41517	98.3809	-4.63597
-3.35981	98.3809	-4.63074
-3.40142	98.3809	-4.611
-3.38792	98.3809	-4.60963
-3.37442	98.3809	-4.60825
-3.36092	98.3809	-4.60688
-3.30675	98.3809	-4.61412
-3.33521	98.3809	-4.59818
-3.3095	98.3809	-4.58949
-3.2583	98.3809	-4.58683
-3.26324	98.3809	-4.5611
-3.21659	98.3809	-4.55006
-3.22445	98.3809	-4.52313
-3.18343	98.3809	-4.50542
-3.19509	98.3809	-4.47748
-3.16027	98.3809	-4.45487
-3.17662	98.3809	-4.42644
-3.14813	98.3809	-4.4006
-3.16997	98.3809	-4.37256
-3.14755	98.3809	-4.345
-3.17547	98.3809	-4.31856
-3.47041	97.9711	-4.62957
-3.47041	98.0688	-4.62957
-3.41517	98.0688	-4.63597
-3.41517	97.9711	-4.63597
-3.52311	97.9711	-4.61183
-3.52311	98.0688	-4.61183
-3.57097	97.9711	-4.58351
-3.57097	98.0688	-4.58351
-3.6119	98.0688	-4.54587
-3.6119	97.9711	-4.54587
-3.6441	97.9711	-4.50054
-3.6441	98.0688	-4.50054
-3.66618	97.9711	-4.4495
-3.66618	98.0688	-4.4495
-3.67717	97.9711	-4.39499
-3.67717	98.0688	-4.39499
-3.67658	97.9711	-4.33939
-3.67658	98.0688	-4.33939
-3.66444	97.9711	-4.28512
-3.64128	97.9711	-4.23457
-3.64128	98.0688	-4.23457
-3.66444	98.0688	-4.28512
-3.60812	97.9711	-4.18993
-3.60812	98.0688	-4.18993
-3.51796	97.9711	-4.12587
-3.4649	97.9711	-4.10925
-3.4649	98.0688	-4.10925
-3.51796	98.0688	-4.12587
-3.56641	98.0688	-4.15316
-3.56641	97.9711	-4.15316
-3.40954	98.0688	-4.10402
-3.40954	97.9711	-4.10402
-3.3543	97.9711	-4.11042
-3.3543	98.0688	-4.11042
-3.3016	97.9711	-4.12816
-3.3016	98.0688	-4.12816
-3.25374	97.9711	-4.15648
-3.25374	98.0688	-4.15648
-3.21281	98.0688	-4.19412
-3.21281	97.9711	-4.19412
-3.18061	97.9711	-4.23945
-3.18061	98.0688	-4.23945
-3.15853	97.9711	-4.29049
-3.15853	98.0688	-4.29049
-3.14755	97.9711	-4.345
-3.14755	98.0688	-4.345
-3.14813	97.9711	-4.4006
-3.14813	98.0688	-4.4006
-3.16027	97.9711	-4.45487
-3.18343	97.9711	-4.50542
-3.18343	98.0688	-4.50542
-3.16027	98.0688	-4.45487
-3.21659	97.9711	-4.55006
-3.21659	98.0688	-4.55006
-3.30675	97.9711	-4.61412
-3.35981	97.9711	-4.63074
-3.35981	98.0688	-4.63074
-3.30675	98.0688	-4.61412
-3.2583	98.0688	-4.58683
-3.2583	97.9711	-4.58683
-3.22125	98.0688	-4.22088
-3.25922	98.0688	-4.18209
-3.19286	98.0688	-4.26714
-3.30487	98.0688	-4.15273
-3.35591	98.0688	-4.13426
-3.40979	98.0688	-4.12761
-3.46379	98.0688	-4.13311
-3.51521	98.0688	-4.1505
-3.56147	98.0688	-4.17889
-3.60026	98.0688	-4.21686
-3.62962	98.0688	-4.26251
-3.64809	98.0688	-4.31355
-3.65474	98.0688	-4.36743
-3.64924	98.0688	-4.42143
-3.63185	98.0688	-4.47285
-3.60346	98.0688	-4.51911
-3.56549	98.0688	-4.5579
-3.51984	98.0688	-4.58726
-3.49432	98.0688	-4.5965
-3.4688	98.0688	-4.60573
-3.45533	98.0688	-4.60739
-3.44186	98.0688	-4.60906
-3.42839	98.0688	-4.61072
-3.41492	98.0688	-4.61238
-3.40142	98.0688	-4.611
-3.38792	98.0688	-4.60963
-3.37442	98.0688	-4.60825
-3.36092	98.0688	-4.60688
-3.33521	98.0688	-4.59818
-3.3095	98.0688	-4.58949
-3.26324	98.0688	-4.5611
-3.22445	98.0688	-4.52313
-3.19509	98.0688	-4.47748
-3.17662	98.0688	-4.42644
-3.16997	98.0688	-4.37256
-3.17547	98.0688	-4.31856
-3.40549	98.351	-4.61211
-3.36034	98.3391	-4.60675
-3.39605	98.3502	-4.61184
-3.37769	98.346	-4.6099
-3.38687	98.3481	-4.61087
-3.34435	98.3298	-4.60266
-3.33001	98.3183	-4.59798
-3.31754	98.3049	-4.59308
-3.39606	98.1043	-4.61185
-3.30713	98.2898	-4.58837
-3.36034	98.1155	-4.60675
-3.3777	98.1086	-4.6099
-3.2934	98.2554	-4.5812
-3.29901	98.2732	-4.58426
-3.41492	98.1029	-4.61238
-3.34436	98.1248	-4.60266
-3.41492	98.3517	-4.61238
-3.29902	98.1813	-4.58427
-3.30714	98.1647	-4.58837
-3.33002	98.1362	-4.59798
-3.31754	98.1496	-4.59308
-3.29341	98.1992	-4.5812
-3.29053	98.2178	-4.57956
-3.29053	98.2367	-4.57956
-3.53576	98.2554	-4.57863
-3.5386	98.2367	-4.57693
-3.53859	98.2178	-4.57693
-3.53575	98.1992	-4.57863
-3.49952	98.3183	-4.59618
-3.48528	98.3298	-4.60116
-3.51188	98.3049	-4.59102
-3.43379	98.3502	-4.61144
-3.52218	98.2898	-4.58609
-3.43378	98.1043	-4.61145
-3.53021	98.2732	-4.58181
-3.46938	98.3391	-4.60559
-3.45209	98.346	-4.60911
-3.44294	98.3481	-4.61028
-3.42435	98.351	-4.61191
-3.48527	98.1248	-4.60117
-3.53021	98.1813	-4.58182
-3.52217	98.1647	-4.58609
-3.51187	98.1496	-4.59102
-3.49951	98.1362	-4.59618
-3.45209	98.1086	-4.60912
-3.46937	98.1155	-4.60559
-3.41517	98.3517	-4.63597
-3.44737	98.3474	-4.63563
-3.47737	98.335	-4.63531
-3.50313	98.3153	-4.63503
-3.5229	98.2895	-4.63482
-3.53533	98.2595	-4.63469
-3.53957	98.2273	-4.63465
-3.53533	98.1951	-4.63469
-3.5229	98.1651	-4.63482
-3.50313	98.1393	-4.63503
-3.44737	98.1071	-4.63563
-3.41517	98.1029	-4.63597
-3.47737	98.1195	-4.63531
-3.38298	98.1071	-4.63631
-3.35298	98.1195	-4.63663
-3.32722	98.1393	-4.6369
-3.30745	98.1651	-4.63711
-3.29502	98.1951	-4.63724
-3.29078	98.2273	-4.63729
-3.29502	98.2595	-4.63724
-3.30745	98.2895	-4.63711
-3.32722	98.3153	-4.6369
-3.38298	98.3474	-4.63631
-3.35298	98.335	-4.63663
-3.31832	98.1304	-4.63699
-3.29655	98.1588	-4.63722
-3.34668	98.1086	-4.63669
-3.37972	98.095	-4.63634
-3.41517	98.0903	-4.63597
-3.45063	98.095	-4.63559
-3.48366	98.1086	-4.63524
-3.51203	98.1304	-4.63494
-3.5338	98.1588	-4.63471
-3.54749	98.1918	-4.63456
-3.55215	98.2273	-4.63451
-3.54749	98.2627	-4.63456
-3.5338	98.2958	-4.63471
-3.51203	98.3241	-4.63494
-3.48366	98.3459	-4.63524
-3.45063	98.3596	-4.63559
-3.41517	98.3643	-4.63597
-3.37972	98.3596	-4.63634
-3.34668	98.3459	-4.63669
-3.31832	98.3241	-4.63699
-3.29655	98.2958	-4.63722
-3.28286	98.2627	-4.63737
-3.2782	98.2273	-4.63742
-3.28286	98.1918	-4.63737
-3.28343	98.1918	-4.69099
-3.29712	98.1588	-4.69085
-3.31888	98.1304	-4.69061
-3.34725	98.1086	-4.69031
-3.38029	98.095	-4.68996
-3.41574	98.0903	-4.68959
-3.4512	98.095	-4.68921
-3.48423	98.1086	-4.68886
-3.5126	98.1304	-4.68856
-3.53437	98.1588	-4.68833
-3.54805	98.1918	-4.68819
-3.55272	98.2273	-4.68814
-3.54805	98.2627	-4.68819
-3.53437	98.2958	-4.68833
-3.5126	98.3241	-4.68856
-3.48423	98.3459	-4.68886
-3.4512	98.3596	-4.68921
-3.41574	98.3643	-4.68959
-3.38029	98.3596	-4.68996
-3.34725	98.3459	-4.69031
-3.31888	98.3241	-4.69061
-3.29712	98.2958	-4.69085
-3.28343	98.2627	-4.69099
-3.27876	98.2273	-4.69104

#	Triangle	277
4	2	3	4	1	2	5	1	4	5	0	1	6	0	5	6	29	0	7	29	6	7	28	29	8	28	7	8	27	28	9	27	8	9	26	27	10	26	9	10	25	26	11	25	10	11	24	25	12	24	11	12	23	24	13	23	12	13	22	23	14	22	13	14	21	22	15	21	14	15	20	21	16	20	15	16	19	20	17	19	16	17	18	19	137	156	134	156	157	134	137	158	156	133	134	157	157	159	133	159	131	133	131	159	160	160	129	131	160	161	129	161	126	129	161	122	126	161	162	122	162	123	122	162	163	123	123	163	124	124	163	164	164	119	124	119	164	165	165	116	119	165	166	116	166	117	116	167	117	166	117	167	113	168	113	167	168	111	113	169	111	168	111	169	109	169	170	109	107	109	170	170	171	107	104	107	171	171	172	104	103	104	172	173	103	172	173	101	103	174	101	173	175	101	174	101	175	97	176	97	175	177	97	176	178	97	177	179	97	178	179	98	97	152	98	179	180	152	179	181	152	180	182	152	181	183	152	182	152	183	153	184	153	183	185	153	184	154	153	185	186	154	185	149	154	186	186	187	149	146	149	187	188	146	187	146	188	147	147	188	189	143	147	189	143	189	190	190	141	143	190	191	141	141	191	139	158	139	191	139	158	137
32	30	31	33	30	32	33	34	30	35	32	31	31	36	35	37	35	36	38	37	36	37	38	39	40	39	38	41	39	40	42	41	40	43	41	42	44	41	43	45	44	43	46	44	45	46	45	47	46	47	48	49	48	47	48	49	50	51	50	49	52	50	51	53	52	51	53	54	52	54	53	55	55	56	54	57	56	55	57	58	56	58	57	59	60	58	59	59	61	60	62	60	61	61	63	62	64	62	63	63	65	64	65	66	64	67	66	65	66	67	68	68	67	69	69	67	70	69	70	71	71	70	72	72	70	73	73	70	74	75	74	70	75	76	74	74	76	77	77	76	78	78	76	79	79	76	80	80	76	81	80	81	82	82	81	83	81	84	83	84	85	83	84	86	85	87	85	86	86	88	87	88	89	87	89	88	90	89	90	91	90	92	91	91	92	93	94	93	92	95	94	34	95	93	94	34	33	95	138	142	140	138	144	142	136	144	138	136	145	144	135	145	136	135	148	145	132	148	135	132	155	148	130	155	132	130	150	155	128	150	130	128	151	150	127	151	128	127	99	151	121	99	127	121	96	99	120	96	121	120	100	96	125	100	120	125	102	100	118	102	125	118	105	102	115	105	118	115	106	105	114	106	115	114	108	106	112	108	114	112	110	108
75	11	10	70	11	75	99	97	98	96	97	99
12	70	67	11	70	12	101	96	100	97	96	101
12	65	13	67	65	12	101	102	103	100	102	101
15	63	61	14	63	15	107	105	106	104	105	107
15	59	16	61	59	15	107	108	109	106	108	107
13	63	14	65	63	13	103	105	104	102	105	103
16	57	17	59	57	16	109	110	111	108	110	109
17	55	18	57	55	17	111	112	113	110	112	111
19	51	20	53	51	19	117	115	116	114	115	117
19	55	53	18	55	19	117	112	114	113	112	117
51	21	20	49	21	51	115	119	116	118	119	115
23	43	24	45	43	23	123	121	122	120	121	123
45	22	47	23	22	45	120	124	125	123	124	120
47	21	49	22	21	47	125	119	118	124	119	125
42	24	43	25	24	42	127	122	121	126	122	127
42	26	25	40	26	42	127	129	126	128	129	127
27	40	38	26	40	27	131	128	130	129	128	131
27	36	28	38	36	27	131	132	133	130	132	131
0	31	30	29	31	0	137	135	136	134	135	137
0	34	1	30	34	0	137	138	139	136	138	137
28	31	29	36	31	28	133	135	134	132	135	133
1	94	2	34	94	1	139	140	141	138	140	139
2	92	3	94	92	2	141	142	143	140	142	141
4	88	5	90	88	4	147	145	146	144	145	147
92	4	3	90	4	92	142	147	143	144	147	142
88	6	5	86	6	88	145	149	146	148	149	145
8	76	9	81	76	8	153	151	152	150	151	153
84	8	7	81	8	84	155	153	154	150	153	155
84	6	86	7	6	84	155	149	148	154	149	155
75	9	76	10	9	75	99	152	151	98	152	99
192	74	77
79	80	193
196	78	195	194	78	196
193	195	79
193	80	197
197	82	198
83	198	82
199	198	83
180	200	181
83	201	199
203	202	182
205	85	204
205	201	83
192	77	194
85	205	83
78	194	77
182	202	183
181	203	182
200	180	206
179	206	180
183	202	207
208	74	192
79	195	78
186	185	209
185	210	209
184	211	185
211	212	185
210	185	212
183	207	184
186	209	213
82	197	80
200	203	181
87	188	187	89	188	87
89	189	188	91	189	89
85	214	215
204	85	215
85	187	186	87	187	85
190	91	93	189	91	190
159	35	37	157	35	159
160	37	39	159	37	160
158	95	33	191	95	158
158	32	156	33	32	158
157	32	35	156	32	157
191	93	95	190	93	191
161	39	41	160	39	161
214	85	186
213	214	186
207	211	184
163	48	164	46	48	163
164	50	165	48	50	164
41	162	161	44	162	41
162	46	163	44	46	162
166	50	52	165	50	166
60	171	170	62	171	60
62	172	171	64	172	62
168	54	56	167	54	168
168	58	169	56	58	168
58	170	169	60	170	58
166	54	167	52	54	166
217	64	216
64	217	218
172	218	219
64	218	172
221	220	68
222	66	220
220	66	68
73	223	72
224	66	222
177	225	178
226	216	64
66	224	226
228	227	71
228	223	229	208	223	230	223	228	229	194	208	192	195	194	196
72	223	228
66	226	64
230	74	208
223	73	230
69	227	221
72	228	71
227	69	71
68	69	221
174	231	175
225	206	178
173	232	233
172	232	173
235	173	234
233	234	173
176	236	177
174	235	231
73	74	230
219	232	172
237	236	176
175	231	237
237	176	175
225	177	236
206	179	178
235	174	173
223	238	239
238	223	208
239	228	223
221	240	241
222	241	242
228	239	240
243	226	242
240	227	228
220	221	241
227	240	221
224	222	242
226	243	216
242	226	224
222	220	241
217	216	243
217	243	244
244	245	218
247	234	246
245	246	232
225	248	249
236	250	248
206	225	249
231	247	250
248	225	236
232	219	245
219	218	245
232	246	233
250	236	237
234	233	246
235	234	247
231	235	247
231	250	237
217	244	218
200	249	251
249	200	206
203	200	251
207	252	253
212	253	254
203	251	252
255	209	254
252	202	203
211	207	253
202	252	207
210	212	254
209	255	213
254	209	210
212	211	253
214	213	255
214	255	256
258	205	257
199	258	259
257	215	256
194	260	238
195	261	260
238	208	194
197	259	261
260	194	195
205	204	257
204	215	257
205	258	201
261	195	193
199	201	258
198	199	259
197	198	259
197	261	193
214	256	215
263	254	262
263	255	254
254	253	262
264	262	253
253	252	264
252	251	264
265	264	251
265	251	249
249	266	265	279	278	238
248	266	249	278	239	238
266	248	267
248	250	267
268	267	250
250	247	268
247	269	268
246	269	247	261	259	281
269	246	270
246	245	270
271	270	245
245	244	271
244	272	271
244	243	272
243	273	272
243	242	273
274	273	242
274	242	241
241	275	274
275	241	240
276	275	240
240	277	276
277	240	239
278	277	239
279	238	260
260	280	279
280	260	261
261	281	280
281	259	282
259	258	282
258	283	282
283	258	257
284	283	257
284	257	256
285	256	255
285	284	256
255	263	285
286	308	309	297	298	296
287	308	286	287	307	308	293	302	292	293	301	302	296	299	295	296	298	299
288	307	287	288	306	307	295	300	294	295	299	300
289	306	288	289	305	306
290	305	289	290	304	305
291	304	290	291	303	304
292	303	291	292	302	303
294	301	293	294	300	301
303	277	278	302	277	303
302	276	277	301	276	302
274	300	299	275	300	274
276	300	275	301	300	276
273	299	298	274	299	273
272	298	297
273	298	272
296	270	271	295	270	296
295	269	270	294	269	295
293	267	268	292	267	293
294	268	269	293	268	294
292	266	267	291	266	292
296	272	297
271	272	296
291	265	266	290	265	291
290	264	265
289	264	290
263	288	287	262	288	263
264	288	262	289	288	264
285	287	286	263	287	285
284	286	309	285	286	284
281	307	306	282	307	281
283	307	282	308	307	283
305	279	280
304	279	305
306	280	281
305	280	306
303	279	304	278	279	303
309	283	284	308	283	309

#	Normal	277
-0	1	-0
0	-1	-0
-0.115058	0	-0.993359
-0.319085	-0	-0.947726
-0.509149	-0	-0.860679
-0.815199	-0	-0.579181
-0.917806	-0	-0.397028
-0.676973	-0	-0.736008
-0.980296	-0	-0.197534
-0.999944	-0	0.0105987
-0.909182	-0	0.416398
-0.975888	-0	0.21827
-0.802742	-0	0.596327
-0.298923	-0	0.954277
-0.490789	-0	0.871279
-0.661219	-0	0.750193
-0.0939832	-0	0.995574
0.115067	-0	0.993358
0.319085	0	0.947726
0.509149	0	0.860679
0.815199	0	0.579181
0.917806	0	0.397028
0.676973	0	0.736008
0.980296	0	0.197534
0.999944	-0	-0.0105987
0.909182	-0	-0.416398
0.975888	-0	-0.21827
0.802742	-0	-0.596327
0.298923	-0	-0.954277
0.490789	-0	-0.871279
0.661219	-0	-0.750193
0.0939745	-0	-0.995575
0.101406	0.0231103	-0.994577
0.101433	-0.00163289	-0.994841
0.114594	0.0414742	-0.992546
0.18988	0.0286847	-0.981388
0.247978	0.000507486	-0.968766
0.327613	0.0241784	-0.944502
0.320171	0.0235503	-0.947067
0.370006	0.00475614	-0.929017
0.101358	-0.0388239	-0.994092
0.412074	-0.000540365	-0.91115
0.188515	-0.0252406	-0.981746
0.513248	0.0140741	-0.858125
0.452127	0.000738975	-0.891953
0.0308754	0.032856	-0.998983
0.523005	0.00957316	-0.852276
0.101331	0.0450862	-0.993831
0.101433	0.00143456	-0.994841
0.101344	-0.032941	-0.994306
0.0304911	-0.028245	-0.999136
0.101433	-0	-0.994842
0.247953	-0.000455131	-0.968772
0.0283391	-0	-0.999598
0.101327	0.0375945	-0.994143
0.523007	-0.00914957	-0.85228
0.452007	-0.000692377	-0.892014
0.320183	-0.0218272	-0.947104
0.369705	-0.00450608	-0.929138
0.412118	0.000512806	-0.91113
0.320171	-0.0234554	-0.947069
0.512498	-0.0137859	-0.858578
0.320153	0.0257333	-0.947016
0.113334	-0.0360104	-0.992904
0.841037	-0	-0.540978
0.940331	-0	-0.340261
0.560199	-7.8378e-006	-0.828358
0.53277	0.00747473	-0.846227
0.699569	-0	-0.714565
0.992469	-0	-0.122492
0.540974	-0	0.841039
0.340266	-0	0.940329
0.947331	-0	0.320255
0.852316	-0	0.523026
0.714563	-0	0.699571
0.994843	-0	0.101426
0.122492	-0	0.992469
0.560167	-0	-0.82838
0.532238	-0.0073663	-0.846563
0.326244	-0.0223005	-0.945023
-0.523022	-0	0.852319
-0.699574	-0	0.71456
-0.101425	-0	0.994843
-0.320259	-0	0.94733
-0.841039	-0	0.540974
-0.852316	-0	-0.523026
-0.714563	-0	-0.699571
-0.992469	-0	0.122492
-0.994843	0	-0.101426
-0.947331	-0	-0.320255
-0.94033	-0	0.340265
-0.550592	0.00747245	-0.834741
-0.577636	-1.00334e-005	-0.816295
-0.55006	-0.00736573	-0.835093
-0.577595	-0	-0.816323
-0.347546	0.0241771	-0.937351
-0.389613	0.00475592	-0.920967
-0.340171	0.02355	-0.940069
-0.122358	0.0450807	-0.991462
-0.431306	-0.00054245	-0.902205
-0.12239	-0.0388266	-0.991722
-0.53131	0.0140775	-0.84706
-0.470914	0.000736071	-0.882179
-0.210611	0.0286842	-0.977149
-1.0376e-009	4.46975e-009	1.31029e-016
-0.135634	0.0414567	-0.989891
-0.54095	0.00957212	-0.841001
-0.0495417	0	-0.998772
-0.0520122	0.0328473	-0.998106
-0.268483	0.000512222	-0.963284
-0.122433	0.0375857	-0.991765
-0.122482	-0.00162833	-0.992469
-0.340155	0.025729	-0.940017
-0.340174	-0.0234583	-0.94007
-0.0516425	-0.0282473	-0.998266
-0.470831	-0.000693569	-0.882223
-0.540952	-0.00914852	-0.841004
-0.389346	-0.00449988	-0.92108
-0.431317	0.000512858	-0.9022
-0.122454	-0.0329413	-0.991927
-0.346192	-0.0223052	-0.937898
-0.122452	0.0230997	-0.992206
-0.530576	-0.0137865	-0.847525
-0.209282	-0.0252454	-0.977529
-0.268424	-0.000455482	-0.963301
-0.122482	0.00143389	-0.99247
-0.134381	-0.0360029	-0.990275
-0.122485	-0	-0.99247
-0.340184	-0.0218324	-0.940105
-0.130717	0.990566	-0.0411402
-0.075956	0.997111	0.000805098
-0.224485	0.974385	0.0134081
-0.608724	0.793136	-0.0197623
-0.793356	0.608568	-0.0152044
-0.382856	0.92364	-0.0175926
-0.923877	0.382557	-0.0100561
-0.375126	0.926601	-0.0262941
-0.627767	0.778394	-0.00339179
-0.501379	0.865078	0.0160977
-0.825011	0.565059	0.00811542
-0.95408	0.2992	0.0145275
-0.899261	0.437294	0.0101342
-0.731925	0.681241	0.0140196
-0.988558	0.150804	0.00344872
-0.991435	0.130516	-0.00469856
-0.991435	-0.130516	-0.00470462
-0.793356	-0.608567	-0.0152854
-0.923842	-0.382642	-0.0100971
-0.130954	-0.990529	-0.0412756
-0.382651	-0.923723	-0.017712
-0.0759922	-0.997108	0.000805482
-0.608876	-0.793021	-0.0196857
-0.224498	-0.974385	0.0131854
-0.954058	-0.29927	0.0145207
-0.988538	-0.150935	0.00348965
-0.899156	-0.437511	0.0101177
-0.375102	-0.926613	-0.0262113
-0.825002	-0.565072	0.00805032
-0.73195	-0.681216	0.0138937
-0.627562	-0.778558	-0.00361516
-0.501354	-0.86509	0.016214
-0.999858	-9.10995e-005	0.0168508
0.130049	-0.990529	-0.0440426
0.075991	-0.997108	-0.00080547
0.224729	-0.974385	0.00842427
0.608318	-0.793024	-0.0325866
0.792853	-0.608566	-0.0320982
0.382192	-0.923722	-0.025819
0.923423	-0.382635	-0.029677
0.374462	-0.926613	-0.0341584
0.627347	-0.778557	-0.0169108
0.501589	-0.865088	0.00558129
0.824992	-0.565065	-0.00943504
0.954152	-0.29927	-0.00570692
0.899167	-0.437515	-0.00893966
0.732071	-0.681226	-0.00161957
0.988389	-0.15094	-0.0174659
0.991112	-0.130516	-0.0257217
0.923459	0.382551	-0.0296399
0.792856	0.608568	-0.0320159
0.991113	0.130516	-0.0257153
0.129815	0.990566	-0.0439013
0.3824	0.923639	-0.0257039
0.0759559	0.997111	-0.000805097
0.608165	0.793139	-0.0326637
0.224717	0.974386	0.00864816
0.954177	0.299187	-0.00570062
0.988408	0.150811	-0.0175062
0.899267	0.437309	-0.00892414
0.374485	0.926601	-0.0342407
0.825002	0.565053	-0.009369
0.732055	0.681244	-0.00149543
0.627558	0.778391	-0.0166948
0.501607	0.865079	0.00546345
0.999991	-9.00182e-005	-0.00434962
0.0106137	-3.5695e-006	0.999944
0.0106144	-2.45311e-006	0.999944
0.0105913	3.46878e-006	0.999944
0.0105957	7.87694e-006	0.999944
0.0105809	1.72496e-005	0.999944
0.0105995	2.79608e-005	0.999944
0.0106011	-1.08717e-005	0.999944
0.010602	-1.06297e-005	0.999944
0.0106044	-0	0.999944
0.0105855	0	0.999944
0.0105923	1.30108e-005	0.999944
0.0106139	7.21764e-006	0.999944
0.0105878	-2.12234e-005	0.999944
0.010581	-1.72897e-005	0.999944
0.0105956	-8.0414e-006	0.999944
0.0105911	-3.59492e-006	0.999944
0.0106136	3.44311e-006	0.999944
0.0106141	2.44335e-006	0.999944
0.0106015	1.91277e-006	0.999944
0.0106019	5.28302e-007	0.999944
0.01059	3.17509e-006	0.999944
0.01059	1.03162e-006	0.999944
0.0106008	-4.59161e-006	0.999944
0.0106026	2.31336e-006	0.999944
0.0106119	-6.23357e-006	0.999944
0.0106095	-1.05044e-005	0.999944
0.0105969	9.35874e-006	0.999944
0.0105913	3.81438e-006	0.999944
0.0105862	2.02816e-005	0.999944
0.0105878	2.12234e-005	0.999944
0.0106139	-7.22136e-006	0.999944
0.0105923	-1.30182e-005	0.999944
0.010602	1.0637e-005	0.999944
0.0106011	1.0878e-005	0.999944
0.0105995	-2.79574e-005	0.999944
0.0105862	-2.02816e-005	0.999944
0.010597	-9.23254e-006	0.999944
0.0106096	1.06308e-005	0.999944
0.0106121	6.31303e-006	0.999944
0.0106027	-2.39101e-006	0.999944
0.0106008	4.66213e-006	0.999944
0.0105898	-1.05866e-006	0.999944
0.0106019	-5.28302e-007	0.999944
0.0105898	-3.22097e-006	0.999944
0.0106015	-1.91277e-006	0.999944
-0.0105654	-0	-0.999944
-0.0105969	0	-0.999944
-0.0106091	0	-0.999944
-0.0105845	0	-0.999944
-0.0106114	0	-0.999944
-0.0105906	0	-0.999944
-0.0106044	0	-0.999944
-0.0106017	0	-0.999944
-0.130633	0.99143	0.00138464
-0.38272	0.923856	0.00405665
-0.793351	0.608706	0.00840916
-0.608653	0.79341	0.00645145
-0.923829	0.38268	0.00979217
-0.991388	0.130533	0.0105128
-0.991389	0.130526	0.0105083
-0.923829	-0.38268	0.00979217
-0.79327	-0.608812	0.0084083
-0.38272	-0.923856	0.00405665
-0.608791	-0.793304	0.00645291
-0.130418	-0.991458	0.00138237
-0.991388	-0.130533	0.0105128
-0.991389	-0.130526	0.0105083
0.130418	-0.991458	-0.00138236
0.38272	-0.923856	-0.00405665
0.382719	-0.923856	-0.00405662
0.79327	-0.608812	-0.0084083
0.608791	-0.793304	-0.00645291
0.923829	-0.38268	-0.00979217
0.991388	-0.130533	-0.0105083
0.793351	0.608706	-0.00840916
0.923829	0.38268	-0.00979217
0.38272	0.923856	-0.00405662
0.382719	0.923856	-0.00405665
0.608653	0.79341	-0.00645145
0.608654	0.79341	-0.00645139
0.130633	0.99143	-0.00138465
0.991388	0.130533	-0.0105083

#	Mesh	0	End

