#	Mesh	0	Begin

#	Vertex	333
19.6472	106.619	-4.64554
19.6472	106.563	-4.66251
19.6472	106.505	-4.66824
19.6472	106.447	-4.66251
19.6472	106.391	-4.64554
19.6472	106.339	-4.61798
19.6472	106.294	-4.58089
19.6472	106.257	-4.53569
19.6472	106.229	-4.48413
19.6472	106.212	-4.42818
19.6472	106.207	-4.37
19.6472	106.212	-4.31182
19.6472	106.229	-4.25587
19.6472	106.257	-4.20431
19.6472	106.294	-4.15911
19.6472	106.339	-4.12202
19.6472	106.391	-4.09446
19.6472	106.447	-4.07749
19.6472	106.505	-4.07176
19.6472	106.563	-4.07749
19.6472	106.619	-4.09446
19.6472	106.67	-4.12202
19.6472	106.716	-4.15911
19.6472	106.753	-4.20431
19.6472	106.78	-4.25587
19.6472	106.797	-4.31182
19.6472	106.803	-4.37
19.6472	106.797	-4.42818
19.6472	106.78	-4.48413
19.6472	106.753	-4.53569
19.6472	106.716	-4.58089
19.6472	106.67	-4.61798
19.7558	106.641	-4.60547
19.7558	106.67	-4.61798
19.7558	106.687	-4.57206
19.7558	106.619	-4.64554
19.7558	106.589	-4.62859
19.7558	106.563	-4.66251
19.7558	106.533	-4.64041
19.7558	106.505	-4.66824
19.7558	106.476	-4.64041
19.7558	106.447	-4.66251
19.7558	106.421	-4.62859
19.7558	106.391	-4.64554
19.7558	106.369	-4.60547
19.7558	106.339	-4.61798
19.7558	106.323	-4.57206
19.7558	106.294	-4.58089
19.7558	106.285	-4.52982
19.7558	106.257	-4.53569
19.7558	106.256	-4.48059
19.7558	106.229	-4.48413
19.7558	106.248	-4.45356
19.7558	106.239	-4.42653
19.7558	106.212	-4.42818
19.7558	106.237	-4.4124
19.7558	106.236	-4.39827
19.7558	106.234	-4.38413
19.7558	106.233	-4.37
19.7558	106.207	-4.37
19.7558	106.212	-4.31182
19.7558	106.234	-4.35587
19.7558	106.236	-4.34173
19.7558	106.237	-4.3276
19.7558	106.239	-4.31347
19.7558	106.229	-4.25587
19.7558	106.248	-4.28644
19.7558	106.256	-4.25941
19.7558	106.257	-4.20431
19.7558	106.285	-4.21018
19.7558	106.294	-4.15911
19.7558	106.323	-4.16794
19.7558	106.339	-4.12202
19.7558	106.369	-4.13453
19.7558	106.391	-4.09446
19.7558	106.421	-4.11141
19.7558	106.447	-4.07749
19.7558	106.476	-4.09959
19.7558	106.505	-4.07176
19.7558	106.533	-4.09959
19.7558	106.563	-4.07749
19.7558	106.589	-4.11141
19.7558	106.619	-4.09446
19.7558	106.641	-4.13453
19.7558	106.67	-4.12202
19.7558	106.687	-4.16794
19.7558	106.716	-4.15911
19.7558	106.725	-4.21018
19.7558	106.753	-4.20431
19.7558	106.753	-4.25941
19.7558	106.78	-4.25587
19.7558	106.771	-4.31347
19.7558	106.797	-4.31182
19.7558	106.777	-4.37
19.7558	106.803	-4.37
19.7558	106.797	-4.42818
19.7558	106.771	-4.42653
19.7558	106.78	-4.48413
19.7558	106.753	-4.48059
19.7558	106.753	-4.53569
19.7558	106.725	-4.52982
19.7558	106.716	-4.58089
20.1601	106.212	-4.31182
20.0514	106.212	-4.31182
20.0514	106.207	-4.37
20.1601	106.207	-4.37
20.1601	106.229	-4.25587
20.0514	106.229	-4.25587
20.1601	106.257	-4.20431
20.0514	106.257	-4.20431
20.0514	106.294	-4.15911
20.1601	106.294	-4.15911
20.1601	106.339	-4.12202
20.0514	106.339	-4.12202
20.1601	106.391	-4.09446
20.0514	106.391	-4.09446
20.1601	106.447	-4.07749
20.0514	106.447	-4.07749
20.1601	106.505	-4.07176
20.0514	106.505	-4.07176
20.0514	106.67	-4.12202
20.0514	106.619	-4.09446
20.1601	106.619	-4.09446
20.1601	106.67	-4.12202
20.0514	106.563	-4.07749
20.1601	106.563	-4.07749
20.0514	106.716	-4.15911
20.1601	106.716	-4.15911
20.1601	106.78	-4.25587
20.1601	106.797	-4.31182
20.0514	106.797	-4.31182
20.0514	106.78	-4.25587
20.0514	106.753	-4.20431
20.1601	106.753	-4.20431
20.0514	106.803	-4.37
20.1601	106.803	-4.37
20.1601	106.797	-4.42818
20.0514	106.797	-4.42818
20.1601	106.78	-4.48413
20.0514	106.78	-4.48413
20.1601	106.753	-4.53569
20.0514	106.753	-4.53569
20.0514	106.716	-4.58089
20.1601	106.716	-4.58089
20.1601	106.67	-4.61798
20.0514	106.67	-4.61798
20.1601	106.619	-4.64554
20.0514	106.619	-4.64554
20.0514	106.563	-4.66251
20.1601	106.563	-4.66251
20.0514	106.505	-4.66824
20.1601	106.505	-4.66824
20.0514	106.339	-4.61798
20.0514	106.391	-4.64554
20.1601	106.391	-4.64554
20.1601	106.339	-4.61798
20.0514	106.447	-4.66251
20.1601	106.447	-4.66251
20.0514	106.294	-4.58089
20.1601	106.294	-4.58089
20.1601	106.229	-4.48413
20.1601	106.212	-4.42818
20.0514	106.212	-4.42818
20.0514	106.229	-4.48413
20.0514	106.257	-4.53569
20.1601	106.257	-4.53569
20.0514	106.687	-4.57206
20.0514	106.641	-4.60547
20.0514	106.725	-4.52982
20.0514	106.753	-4.48059
20.0514	106.771	-4.42653
20.0514	106.777	-4.37
20.0514	106.771	-4.31347
20.0514	106.753	-4.25941
20.0514	106.725	-4.21018
20.0514	106.687	-4.16794
20.0514	106.641	-4.13453
20.0514	106.589	-4.11141
20.0514	106.533	-4.09959
20.0514	106.476	-4.09959
20.0514	106.421	-4.11141
20.0514	106.369	-4.13453
20.0514	106.323	-4.16794
20.0514	106.285	-4.21018
20.0514	106.256	-4.25941
20.0514	106.248	-4.28644
20.0514	106.243	-4.29995
20.0514	106.239	-4.31347
20.0514	106.237	-4.3276
20.0514	106.237	-4.33467
20.0514	106.236	-4.34173
20.0514	106.235	-4.3488
20.0514	106.234	-4.35587
20.0514	106.234	-4.36293
20.0514	106.233	-4.37
20.0514	106.234	-4.37707
20.0514	106.234	-4.38413
20.0514	106.235	-4.3912
20.0514	106.236	-4.39827
20.0514	106.237	-4.40533
20.0514	106.237	-4.4124
20.0514	106.239	-4.42653
20.0514	106.243	-4.44005
20.0514	106.248	-4.45356
20.0514	106.256	-4.48059
20.0514	106.285	-4.52982
20.0514	106.323	-4.57206
20.0514	106.369	-4.60547
20.0514	106.421	-4.62859
20.0514	106.476	-4.64041
20.0514	106.533	-4.64041
20.0514	106.589	-4.62859
19.79	106.233	-4.37
20.0388	106.233	-4.37
19.8026	106.238	-4.4244
19.7915	106.234	-4.38879
19.7957	106.235	-4.40708
19.8119	106.242	-4.44037
20.0381	106.233	-4.3794
20.0378	106.233	-4.38409
20.0374	106.234	-4.38879
19.8233	106.246	-4.45471
19.8368	106.251	-4.46718
20.0353	106.234	-4.39793
19.852	106.255	-4.47757
20.017	106.242	-4.44037
19.8864	106.261	-4.4912
19.8686	106.259	-4.48565
20.0263	106.238	-4.42439
20.0298	106.237	-4.41573
19.9603	106.259	-4.48564
19.9425	106.261	-4.4912
19.9921	106.251	-4.46718
20.0332	106.235	-4.40707
19.9769	106.255	-4.47756
20.0056	106.246	-4.45471
19.9239	106.263	-4.49404
19.905	106.263	-4.49404
19.905	106.263	-4.24596
19.9239	106.263	-4.24596
19.8864	106.261	-4.2488
19.8368	106.251	-4.27282
19.8233	106.246	-4.28529
19.7915	106.234	-4.35121
19.852	106.255	-4.26243
20.0353	106.234	-4.34207
19.8686	106.259	-4.25435
19.8026	106.238	-4.3156
19.7957	106.235	-4.33292
20.017	106.242	-4.29963
20.0374	106.234	-4.35121
20.0378	106.233	-4.35591
20.0381	106.233	-4.3606
19.8119	106.242	-4.29963
20.0332	106.235	-4.33293
19.9603	106.259	-4.25436
19.9425	106.261	-4.2488
19.9769	106.255	-4.26244
19.9921	106.251	-4.27282
20.0056	106.246	-4.28529
20.0298	106.237	-4.32427
20.0263	106.238	-4.31561
19.79	106.207	-4.37
19.7943	106.207	-4.3378
19.8067	106.207	-4.3078
19.8265	106.207	-4.28204
19.8522	106.207	-4.26227
19.8822	106.207	-4.24984
19.9144	106.207	-4.2456
19.9466	106.207	-4.24984
19.9766	106.207	-4.26227
20.0024	106.207	-4.28204
20.0346	106.207	-4.3378
20.0388	106.207	-4.37
20.0222	106.207	-4.3078
20.0346	106.207	-4.4022
20.0222	106.207	-4.4322
20.0024	106.207	-4.45796
19.9766	106.207	-4.47773
19.9466	106.207	-4.49016
19.9144	106.207	-4.4944
19.8822	106.207	-4.49016
19.8522	106.207	-4.47773
19.8265	106.207	-4.45796
19.7943	106.207	-4.4022
19.8067	106.207	-4.4322
20.0113	106.207	-4.46686
19.9829	106.207	-4.48863
20.0331	106.207	-4.43849
20.0468	106.207	-4.40546
20.0468	106.207	-4.33454
20.0331	106.207	-4.30151
20.0113	106.207	-4.27314
19.9829	106.207	-4.25137
19.9499	106.207	-4.23768
19.9144	106.207	-4.23301
19.879	106.207	-4.23768
19.846	106.207	-4.25137
19.8176	106.207	-4.27314
19.7958	106.207	-4.30151
19.7821	106.207	-4.33454
19.7775	106.207	-4.37
19.7821	106.207	-4.40546
19.7958	106.207	-4.43849
19.8176	106.207	-4.46686
19.846	106.207	-4.48863
19.879	106.207	-4.50232
19.9144	106.207	-4.50699
19.9499	106.207	-4.50232
19.9499	106.153	-4.50232
19.9829	106.153	-4.48863
20.0113	106.153	-4.46686
20.0331	106.153	-4.43849
20.0468	106.153	-4.40546
20.0514	106.153	-4.37
20.0468	106.153	-4.33454
20.0331	106.153	-4.30151
20.0113	106.153	-4.27314
19.9829	106.153	-4.25137
19.9499	106.153	-4.23768
19.9144	106.153	-4.23301
19.879	106.153	-4.23768
19.846	106.153	-4.25137
19.8176	106.153	-4.27314
19.7958	106.153	-4.30151
19.7821	106.153	-4.33454
19.7775	106.153	-4.37
19.7821	106.153	-4.40546
19.7958	106.153	-4.43849
19.8176	106.153	-4.46686
19.846	106.153	-4.48863
19.879	106.153	-4.50232
19.9144	106.153	-4.50699

#	Triangle	252
3	1	2	4	1	3	4	0	1	5	0	4	5	31	0	6	31	5	6	30	31	7	30	6	7	29	30	8	29	7	8	28	29	9	28	8	9	27	28	10	27	9	10	26	27	11	26	10	11	25	26	12	25	11	12	24	25	13	24	12	13	23	24	14	23	13	14	22	23	15	22	14	15	21	22	16	21	15	16	20	21	17	20	16	17	19	20	18	19	17	167	166	145	166	142	145	142	166	168	168	141	142	169	141	168	141	169	139	139	169	170	139	170	137	171	137	170	137	171	134	171	130	134	171	172	130	172	131	130	172	173	131	131	173	132	132	173	174	174	126	132	126	174	175	175	120	126	120	175	176	176	121	120	177	121	176	121	177	124	178	124	177	178	119	124	178	179	119	119	179	117	180	117	179	180	115	117	181	115	180	115	181	113	182	113	181	182	110	113	110	182	183	183	109	110	184	109	183	184	107	109	185	107	184	186	107	185	187	107	186	107	187	103	188	103	187	189	103	188	190	103	189	191	103	190	192	103	191	193	103	192	194	103	193	194	104	103	162	104	194	195	162	194	196	162	195	197	162	196	198	162	197	199	162	198	200	162	199	201	162	200	162	201	163	202	163	201	203	163	202	204	163	203	164	163	204	205	164	204	158	164	205	205	206	158	152	158	206	207	152	206	152	207	153	153	207	208	156	153	208	209	156	208	156	209	150	210	150	209	148	150	210	211	148	210	148	211	147	147	211	167	145	147	167
34	32	33	35	33	32	36	35	32	36	37	35	37	36	38	39	37	38	39	38	40	40	41	39	41	40	42	43	41	42	44	43	42	44	45	43	45	44	46	47	45	46	46	48	47	49	47	48	49	48	50	51	49	50	52	51	50	53	51	52	53	54	51	55	54	53	56	54	55	57	54	56	58	54	57	59	54	58	59	58	60	61	60	58	62	60	61	63	60	62	64	60	63	64	65	60	66	65	64	67	65	66	65	67	68	68	67	69	68	69	70	71	70	69	70	71	72	72	71	73	73	74	72	74	73	75	74	75	76	76	75	77	77	78	76	77	79	78	78	79	80	80	79	81	81	82	80	82	81	83	82	83	84	85	84	83	84	85	86	87	86	85	86	87	88	89	88	87	89	90	88	89	91	90	90	91	92	91	93	92	92	93	94	93	95	94	95	93	96	96	97	95	98	97	96	98	99	97	99	98	100	34	101	100	99	100	101	101	34	33	149	157	151	146	157	149	146	154	157	144	154	146	144	155	154	143	155	144	143	159	155	140	159	143	140	165	159	138	165	140	138	160	165	136	160	138	136	161	160	135	161	136	135	105	161	129	105	135	129	102	105	128	102	129	128	106	102	133	106	128	133	108	106	127	108	133	127	111	108	123	111	127	123	112	111	122	112	123	122	114	112	125	114	122	125	116	114	118	116	125
59	11	10	60	11	59	105	103	104	102	103	105
12	60	65	11	60	12	107	102	106	103	102	107
12	68	13	65	68	12	107	108	109	106	108	107
15	70	72	14	70	15	113	111	112	110	111	113
15	74	16	72	74	15	113	114	115	112	114	113
13	70	14	68	70	13	109	111	110	108	111	109
16	76	17	74	76	16	115	116	117	114	116	115
76	18	17	78	18	76	116	119	117	118	119	116
84	20	82	21	20	84	123	121	122	120	121	123
82	19	80	20	19	82	122	124	125	121	124	122
86	21	84	22	21	86	127	120	123	126	120	127
24	92	25	90	92	24	131	129	130	128	129	131
90	23	88	24	23	90	128	132	133	131	132	128
88	22	86	23	22	88	133	126	127	132	126	133
94	25	92	26	25	94	135	130	129	134	130	135
18	80	19	78	80	18	119	125	124	118	125	119
94	27	26	95	27	94	135	137	134	136	137	135
28	95	97	27	95	28	139	136	138	137	136	139
28	99	29	97	99	28	139	140	141	138	140	139
31	101	33	30	101	31	145	143	144	142	143	145
33	0	31	35	0	33	144	147	145	146	147	144
29	101	30	99	101	29	141	143	142	140	143	141
37	0	35	1	0	37	149	147	146	148	147	149
39	1	37	2	1	39	151	148	149	150	148	151
45	4	43	5	4	45	155	153	154	152	153	155
43	3	41	4	3	43	154	156	157	153	156	154
47	5	45	6	5	47	159	152	155	158	152	159
8	54	9	51	54	8	163	161	162	160	161	163
51	7	49	8	7	51	160	164	165	163	164	160
49	6	47	7	6	49	165	158	159	164	158	165
59	9	54	10	9	59	105	162	161	104	162	105
2	41	3	39	41	2	150	157	156	151	157	150
57	212	58
194	213	195
55	53	214
216	215	56
214	216	55
214	53	217
220	218	219	201	203	202	185	187	186	252	250	251	254	250	245	261	254	260	220	233	223	233	228	229
196	218	220
217	52	221
222	52	50
221	52	222
220	223	197
215	212	57
50	224	222
225	203	201
227	48	226
227	224	50
55	216	56
48	227	50
198	223	199	197	223	198
56	215	57
195	218	196
201	228	225
229	201	200
195	213	218
52	217	53
228	201	229
231	205	230
205	204	230
203	232	204
199	233	200
232	234	204
230	204	234
196	220	197
232	203	235
205	231	236
229	200	233
233	199	223
225	235	203
44	208	207	42	208	44
42	209	208	40	209	42
206	48	46	205	48	206
46	207	206	44	207	46
210	40	38	209	40	210
169	100	98	168	100	169
170	98	96	169	98	170
167	36	32	211	36	167
167	34	166	32	34	167
168	34	100	166	34	168
211	38	36	210	38	211
171	96	93	170	96	171
237	48	205
236	237	205
226	48	237
89	174	173	87	174	89
87	175	174	85	175	87
172	93	91	171	93	172
91	173	172	89	173	91
176	85	83	175	85	176
181	75	73	180	75	181
182	73	71	181	73	182
178	81	79	177	81	178
178	77	179	79	77	178
180	77	75	179	77	180
177	83	81	176	83	177
183	71	69	182	71	183
183	238	239
238	183	69
238	69	240
67	66	241
241	66	242
61	243	62
244	67	241
245	190	189	191	190	245
246	240	69
67	244	246
248	247	63
249	187	185
67	246	69
212	61	58
194	193	213
243	61	212
192	250	252
64	247	253
62	248	63
247	64	63
254	245	189
66	64	253
243	248	62
183	255	184
256	255	183
258	184	257
255	257	184
258	259	185
188	254	189
185	259	249
191	250	192
239	256	183
188	187	260
260	254	188
187	249	261
260	187	261
191	245	250
193	192	252
252	213	193
185	184	258
253	242	66
243	262	263
262	243	212
248	243	263
253	264	265
241	265	266
247	263	264
267	246	266
263	247	248
242	253	265
247	264	253
244	241	266
246	267	240
266	246	244
241	242	265
238	240	267
238	267	268
268	269	239
271	258	270
269	270	255
250	272	273
261	274	272
213	252	273
252	251	273	251	250	273
249	271	274
272	250	254
255	256	269
256	239	269
255	270	257
272	254	261
258	257	270
259	258	271
249	259	271
249	274	261
238	268	239
220	273	275
220	219	273	219	218	273
218	213	273
275	233	220
277	225	276
232	277	278
275	276	228
279	230	278
275	228	233
235	225	277
228	276	225
234	232	278
230	279	231
278	230	234
232	235	277
236	231	279
236	279	280
282	227	281
222	282	283
281	237	280
215	284	262
214	285	284
212	215	262
217	283	285
284	215	216
227	226	281
226	237	281
227	282	224
284	216	214
222	224	282
221	222	283
217	221	283
217	285	214
236	280	237
287	278	286	287	279	278	278	277	286	288	286	277	277	276	288	276	275	288	289	288	275	289	275	273	272	274	290	291	290	274	274	271	291	271	292	291	270	292	271	292	270	293	270	269	293	294	293	269	269	268	294	268	295	294	268	267	295	267	296	295	267	266	296	297	296	266	298	265	264	299	298	264	264	300	299	300	264	263	301	300	263	301	263	262	302	301	262	302	262	284	284	303	302	303	284	285	285	304	303	285	283	304	282	306	305	306	282	281	307	306	281	307	281	280	308	280	279	308	307	280	279	287	308
273	104	289
272	104	273
104	272	290
297	266	265
265	298	297
304	283	305
283	282	305
309	331	332	310	331	309	310	330	331	311	330	310	311	329	330	318	323	317	318	322	323	319	322	318	319	321	322	320	321	319
312	329	311	317	323	324
312	328	329	317	324	316
313	328	312	316	324	325
313	327	328	316	325	315
314	327	313	315	325	326
314	326	327	315	326	314
326	300	301
325	300	326
325	299	300
324	299	325
297	323	322	298	323	297
299	323	298	324	323	299
296	322	321	297	322	296
295	321	320	296	321	295
319	293	294	318	293	319
318	292	293	317	292	318
316	290	291	315	290	316
317	291	292	316	291	317
315	104	290	314	104	315
319	295	320	294	295	319
314	289	104	313	289	314
313	288	289	312	288	313
287	311	310	286	311	287
288	311	286	312	311	288
308	310	309	287	310	308
307	309	332	308	309	307
304	330	329	305	330	304
306	330	305	331	330	306
328	302	303
327	302	328
329	303	304	328	303	329
326	302	327
301	302	326
332	306	307	331	306	332

#	Normal	252
-1	0	-0
1	0	-0
-0	-0.995191	0.0979498
-0	-0.956953	0.290243
-0	-0.881905	0.471427
-0	-0.634449	0.772965
-0	-0.471388	0.881926
-0	-0.772973	0.634439
-0	-0.290294	0.956937
-0	-0.0980087	0.995186
0	0.471443	0.881896
0	0.290257	0.956949
0	0.634383	0.773019
-0	0.956916	0.290365
0	0.881961	0.471323
0	0.772973	0.634439
0	0.995191	0.0979498
-0	0.0980217	0.995184
-0	0.995191	-0.0979498
-0	0.956916	-0.290365
-0	0.881961	-0.471323
-0	0.634383	-0.773019
-0	0.471443	-0.881896
-0	0.772973	-0.634439
-0	0.290253	-0.95695
-0	0.09803	-0.995183
-0	-0.471388	-0.881926
-0	-0.29029	-0.956939
-0	-0.634449	-0.772965
0	-0.956953	-0.290243
-0	-0.881905	-0.471427
-0	-0.772973	-0.634439
-0	-0.995191	-0.0979498
0	-0.0980169	-0.995185
0	-0.99453	-0.104456
-0	-8.89511e-005	-9.34258e-006
-0.00469741	-0.994519	-0.104455
-0.0351694	-0.993217	-0.110834
-0.0235757	-0.983902	-0.177146
0.00120102	-0.973377	-0.229206
6.66133e-017	1.63723e-017	-4.49641e-018
0.0728435	-0.996527	-0.0403445
-0.0218939	-0.953353	-0.301063
-0.0139414	-0.950896	-0.309195
-0.0224954	-0.934186	-0.356076
0.0901391	-0.988303	-0.123017
-0.0281854	-0.998932	-0.0366049
-0.000917809	-0.925981	-0.377569
0.0324377	-0.950571	-0.308809
-0.0163838	-0.878509	-0.477445
0.000304046	-0.911962	-0.410274
-0.0337559	-0.993963	-0.104396
-0.00465956	-0.866011	-0.500003
0.0823538	-0.991151	-0.104101
-0.0369224	-0.993851	-0.104385
4.70941e-006	-9.39887e-005	-9.87167e-006
-0.00219406	-0.973607	-0.228221
0.0361172	-0.993881	-0.104388
0.0381405	-0.998589	-0.0369399
-0.0198076	-0.950885	-0.308911
0.00304399	-0.985563	-0.169284
0.0176808	-0.876234	-0.481561
0.00581256	-0.866006	-0.5
0.019123	-0.950815	-0.309169
0.0736714	-0.991827	-0.104172
0.00111306	-0.925644	-0.378395
-0.000383162	-0.912371	-0.409364
0.0936171	-0.990162	-0.103997
0.0332017	-0.930178	-0.365604
0.00953722	-0.866693	-0.498751
0.0485044	-0.981241	-0.186586
0.0750362	-0.989969	-0.11971
0.0323163	-0.950484	-0.30909
0	-0.406723	-0.913552
0	-0.20791	-0.978148
-0	-0.743178	-0.669094
0	-0.587808	-0.809
-0	-0	-1
-0	0.866021	-0.500008
-0	0.95107	-0.308974
-0	0.406774	-0.913529
-0	0.587743	-0.809048
-0	0.743178	-0.669094
-0	0.20791	-0.978148
-0	0.994515	-0.104592
-0	-0.851911	-0.523687
4.06622e-005	-0.851985	-0.523567
-0.00898258	-0.868158	-0.496206
-0	0.866021	0.500008
-0	0.743178	0.669094
0	0.994515	0.104592
-0	0.95107	0.308974
0	0.587743	0.809048
-0	-0.406723	0.913552
-0	-0.587808	0.809
0	0.20791	0.978148
0	0	1
-0	-0.20791	0.978148
0	0.406774	0.913529
-0	-0.743178	0.669094
4.06622e-005	-0.851985	0.523567
-0	-0.851911	0.523687
-0.00898258	-0.868158	0.496206
-0.0139414	-0.950896	0.309195
-0.0224954	-0.934186	0.356076
-0.0369224	-0.993851	0.104385
-0.000917809	-0.925981	0.377569
0.0823538	-0.991151	0.104101
-0.0163838	-0.878509	0.477445
0.000304046	-0.911962	0.410274
-0.0235757	-0.983902	0.177146
0.0324377	-0.950571	0.308809
-0.00465956	-0.866011	0.500003
-0	-0.99453	0.104456
-0	-8.89511e-005	9.34258e-006
-0.0281854	-0.998932	0.0366049
0.0728435	-0.996527	0.0403445
0.00120102	-0.973377	0.229206
-0.0337559	-0.993963	0.104396
-0.00469741	-0.994519	0.104455
0.0750362	-0.989969	0.11971
-0.0198076	-0.950885	0.308911
-0.0351694	-0.993217	0.110834
0.00581256	-0.866006	0.5
0.0176808	-0.876234	0.481561
0.00111306	-0.925644	0.378395
-0.000383162	-0.912371	0.409364
0.0332017	-0.930178	0.365604
0.0736714	-0.991827	0.104172
0.0323163	-0.950484	0.30909
0.0936171	-0.990162	0.103997
0.00953722	-0.866693	0.498751
0.0361172	-0.993881	0.104388
0.0485044	-0.981241	0.186586
-0.00219406	-0.973607	0.228221
0.00304399	-0.985563	0.169284
0.0901391	-0.988303	0.123017
4.70941e-006	-9.39887e-005	9.87167e-006
0.0381405	-0.998589	0.0369399
0.019123	-0.950815	0.309169
-0.0218939	-0.953353	0.301063
-0.990706	-0.0384361	0.130474
-0.997127	-0	0.0757456
-0.974482	0.00980288	0.224253
-0.793106	-0.0249772	0.608571
-0.608596	-0.0235113	0.793132
-0.923555	-0.0264416	0.382553
-0.382607	-0.020127	0.923692
-0.928383	-0.0172879	0.371223
-0.779077	-0.0101924	0.626845
-0.865396	0.010155	0.500985
-0.564679	-0.000525787	0.825311
-0.298276	0.00458426	0.954469
-0.436673	0.000485105	0.89962
-0.681204	0.00607974	0.732068
-0.150353	-0.00734768	0.988605
-0.130508	-0.0155655	0.991325
0.130508	-0.0155714	0.991325
0.608572	-0.0234605	0.793152
0.382607	-0.0201065	0.923692
0.99071	-0.0383544	0.130474
0.923555	-0.0264461	0.382553
0.997134	7.39275e-005	0.0756596
0.997118	1.40656e-006	0.0758643
0.793136	-0.0249186	0.608534
0.974505	0.00985843	0.224149
0.298404	0.00459049	0.954429
0.150473	-0.00730874	0.988587
0.436765	0.000531765	0.899576
0.928421	-0.0172188	0.371132
0.564749	-0.000509339	0.825263
0.68127	0.00616287	0.732007
0.779115	-0.0101318	0.626799
0.865384	0.0101879	0.501006
7.76623e-005	0.00635484	0.99998
0.99071	-0.0383544	-0.130474
0.997118	1.40656e-006	-0.0758643
0.997134	7.39275e-005	-0.0756596
0.974505	0.00985843	-0.224149
0.793136	-0.0249186	-0.608534
0.608572	-0.0234605	-0.793152
0.923555	-0.0264461	-0.382553
0.382607	-0.0201065	-0.923692
0.928421	-0.0172188	-0.371132
0.779115	-0.0101318	-0.626799
0.865384	0.0101879	-0.501006
0.564749	-0.000509339	-0.825263
0.298404	0.00459049	-0.954429
0.436765	0.000531765	-0.899576
0.68127	0.00616287	-0.732007
0.150473	-0.00730874	-0.988587
0.130508	-0.0155714	-0.991325
-0.382607	-0.020127	-0.923692
-0.608596	-0.0235113	-0.793132
-0.130508	-0.0155655	-0.991325
-0.990706	-0.0384361	-0.130474
-0.923555	-0.0264416	-0.382553
-0.997127	-0	-0.0757456
-0.793106	-0.0249772	-0.608571
-0.974482	0.00980288	-0.224253
-0.298276	0.00458426	-0.954469
-0.150353	-0.00734768	-0.988605
-0.436673	0.000485105	-0.89962
-0.928383	-0.0172879	-0.371223
-0.564679	-0.000525787	-0.825311
-0.681204	0.00607974	-0.732068
-0.779077	-0.0101924	-0.626845
-0.865396	0.010155	-0.500985
7.76623e-005	0.00635484	-0.99998
0	1	-0
-0.000620732	1	-0.000138659
-0.000620732	1	-8.17489e-005
-5.70312e-005	1	0.000212844
-0.000210127	1	-0.000121342
-0.000155801	1	-0.000155826
-0.000155801	1	0.000155826
-0.000210127	1	0.000121342
-0	-1	-0
-0	-1	0.000275368
6.58534e-005	-1	-0.000224838
6.58534e-005	-1	-2.72784e-005
5.90423e-005	-1	2.44571e-005
5.90423e-005	-1	-7.77018e-006
5.70312e-005	-1	7.50552e-006
-0.991444	-3.61103e-005	0.130532
-0.991451	-0	0.130479
-0.923894	-0	0.382649
-0.923874	-3.36493e-005	0.382696
-0.608755	-2.2172e-005	0.793358
-0.793358	-2.88998e-005	0.608755
-0.382679	-1.39379e-005	0.923881
-0.130532	-4.75423e-006	0.991444
0.382679	1.39379e-005	0.923881
0.608755	2.2172e-005	0.793358
0.923874	3.36542e-005	0.382696
0.793358	2.88956e-005	0.608755
0.991451	3.61158e-005	0.130479
0.130532	4.75423e-006	0.991444
0.991451	3.61105e-005	-0.130479
0.923874	3.36542e-005	-0.382696
0.608755	2.2172e-005	-0.793358
0.793358	2.88956e-005	-0.608755
0.382679	1.39379e-005	-0.923881
0.130532	4.75423e-006	-0.991444
-0.608755	-2.21752e-005	-0.793358
-0.382679	-1.39379e-005	-0.923881
-0.923894	-3.365e-005	-0.382649
-0.923874	-0	-0.382696
-0.793358	-2.88998e-005	-0.608755
-0.991451	0	-0.130479
-0.991444	-3.61103e-005	-0.130532
-0.130532	-4.75423e-006	-0.991444

#	Mesh	0	End

