#	Mesh	0	Begin

#	Vertex	28
-5.60881	107.011	-4.095
-5.349	107.011	-4.245
-5.349	106.711	-4.245
-5.60881	106.711	-4.095
-5.60881	106.714	-4.095
-5.3512	106.714	-4.24373
-5.3512	107.009	-4.24373
-5.60881	107.009	-4.095
-4.91599	107.011	-3.695
-4.91599	107.009	-3.695
-4.91599	107.009	-3.99246
-4.91599	106.714	-3.99246
-4.91599	106.714	-3.695
-4.91599	106.711	-3.695
-4.91599	106.711	-3.995
-4.91599	107.011	-3.995
-5.37787	107.011	-3.695
-5.04996	107.011	-3.995
-5.28201	107.011	-4.12897
-5.28201	106.711	-4.12897
-5.04996	106.711	-3.995
-5.37787	106.711	-3.695
-5.37787	106.714	-3.695
-5.05064	106.714	-3.99246
-5.28387	106.714	-4.12712
-5.28387	107.009	-4.12712
-5.05064	107.009	-3.99246
-5.37787	107.009	-3.695

#	Triangle	14
4	2	3	0	6	7
4	5	2
5	1	2	6	1	5
0	1	6
15	11	14	11	13	14	11	12	13	15	10	11	15	9	10	15	8	9
16	1	0	16	18	1	16	17	18	16	15	17	16	8	15	22	5	4	22	24	5	22	23	24	22	11	23	22	12	11
19	1	18	2	1	19
19	3	2	19	21	3	20	21	19	14	21	20	13	21	14	25	7	6	25	27	7	26	27	25	10	27	26	9	27	10
22	3	21	4	3	22	27	0	7	16	0	27
25	5	24	6	5	25
19	17	20	18	17	19
25	23	26	24	23	25
17	14	20	15	14	17
21	12	22	13	12	21	23	10	26	11	10	23	16	9	8	27	9	16

#	Normal	14
-0.5	-0	-0.866025
-0.5	6.21435e-006	-0.866025
-0.500005	0	-0.866022
-0.5	-6.16173e-006	-0.866025
1	-0	-0
-0	1	0
0.866025	-0	-0.5
-0	-1	-0
-0.866025	-0	0.500001
-0.866025	-0	0.5
0.499999	-0	-0.866026
-0.5	-0	0.866026
0	-0	-1
-0	-0	1

#	Mesh	0	End

