#	Mesh	0	Begin

#	Vertex	1212
19.9584	104.906	-5.6591
19.9645	104.906	-5.6566
19.9645	104.905	-5.6566
19.9584	104.905	-5.6591
19.9524	104.905	-5.6616
19.9464	104.905	-5.6641
19.9404	104.905	-5.66659
19.9404	104.906	-5.66659
19.9464	104.906	-5.6641
19.9524	104.906	-5.6616
20.0011	104.905	-5.52
20.0011	104.906	-5.52
19.9971	104.906	-5.51482
19.9931	104.906	-5.50964
19.9892	104.906	-5.50447
19.9852	104.906	-5.49929
19.9852	104.905	-5.49929
19.9892	104.905	-5.50447
19.9931	104.905	-5.50964
19.9971	104.905	-5.51482
19.9931	104.905	-5.63036
19.9892	104.905	-5.63553
19.9852	104.905	-5.64071
19.9852	104.906	-5.64071
19.9892	104.906	-5.63553
19.9931	104.906	-5.63036
19.9971	104.906	-5.62518
20.0011	104.906	-5.62
20.0011	104.905	-5.62
19.9971	104.905	-5.62518
20.0036	104.905	-5.52603
20.0061	104.905	-5.53206
20.0086	104.905	-5.53809
20.0111	104.905	-5.54412
20.0111	104.906	-5.54412
20.0086	104.906	-5.53809
20.0061	104.906	-5.53206
20.0036	104.906	-5.52603
19.9748	104.906	-5.64866
19.98	104.906	-5.64468
19.98	104.905	-5.64468
19.9748	104.905	-5.64866
19.9696	104.905	-5.65263
19.9696	104.906	-5.65263
20.0061	104.905	-5.60794
20.0036	104.905	-5.61397
20.0036	104.906	-5.61397
20.0061	104.906	-5.60794
20.0086	104.906	-5.60191
20.0111	104.906	-5.59588
20.0111	104.905	-5.59588
20.0086	104.905	-5.60191
19.9199	104.905	-5.66929
19.9145	104.905	-5.67
19.9145	104.906	-5.67
19.9209	104.906	-5.66915
19.9274	104.906	-5.6683
19.9339	104.906	-5.66744
19.9366	104.905	-5.66709
19.9328	104.905	-5.66759
19.929	104.905	-5.66808
19.9253	104.905	-5.66858
20.0128	104.905	-5.58294
20.0119	104.905	-5.58941
20.0119	104.906	-5.58941
20.0128	104.906	-5.58294
20.0136	104.906	-5.57647
20.0145	104.906	-5.57
20.0145	104.905	-5.57
20.0136	104.905	-5.57647
19.9464	104.906	-5.4759
19.9404	104.906	-5.47341
19.9404	104.905	-5.47341
19.9464	104.905	-5.4759
19.9524	104.905	-5.4784
19.9584	104.905	-5.4809
19.9645	104.905	-5.4834
19.9645	104.906	-5.4834
19.9584	104.906	-5.4809
19.9524	104.906	-5.4784
19.9748	104.906	-5.49134
19.9696	104.906	-5.48737
19.9696	104.905	-5.48737
19.9748	104.905	-5.49134
19.98	104.905	-5.49532
19.98	104.906	-5.49532
19.9274	104.906	-5.4717
19.9209	104.906	-5.47085
19.9145	104.906	-5.47
19.9145	104.905	-5.47
19.9199	104.905	-5.47071
19.9236	104.905	-5.47121
19.9274	104.905	-5.4717
19.9339	104.905	-5.47256
19.9339	104.906	-5.47256
20.0128	104.906	-5.55706
20.0119	104.906	-5.55059
20.0119	104.905	-5.55059
20.0128	104.905	-5.55706
20.0136	104.905	-5.56353
20.0136	104.906	-5.56353
19.8705	104.906	-5.4809
19.8645	104.906	-5.4834
19.8645	104.905	-5.4834
19.8705	104.905	-5.4809
19.8765	104.905	-5.4784
19.8826	104.905	-5.4759
19.8886	104.905	-5.47341
19.8886	104.906	-5.47341
19.8826	104.906	-5.4759
19.8765	104.906	-5.4784
19.8279	104.905	-5.62
19.8279	104.906	-5.62
19.8318	104.906	-5.62518
19.8358	104.906	-5.63036
19.8398	104.906	-5.63553
19.8438	104.906	-5.64071
19.8438	104.905	-5.64071
19.8398	104.905	-5.63553
19.8358	104.905	-5.63036
19.8318	104.905	-5.62518
19.8358	104.905	-5.50964
19.8398	104.905	-5.50447
19.8438	104.905	-5.49929
19.8438	104.906	-5.49929
19.8398	104.906	-5.50447
19.8358	104.906	-5.50964
19.8318	104.906	-5.51482
19.8279	104.906	-5.52
19.8279	104.905	-5.52
19.8318	104.905	-5.51482
19.8254	104.905	-5.61397
19.8229	104.905	-5.60794
19.8204	104.905	-5.60191
19.8179	104.905	-5.59588
19.8179	104.906	-5.59588
19.8204	104.906	-5.60191
19.8229	104.906	-5.60794
19.8254	104.906	-5.61397
19.8541	104.906	-5.49134
19.8489	104.906	-5.49532
19.8489	104.905	-5.49532
19.8541	104.905	-5.49134
19.8593	104.905	-5.48737
19.8593	104.906	-5.48737
19.8229	104.905	-5.53206
19.8254	104.905	-5.52603
19.8254	104.906	-5.52603
19.8229	104.906	-5.53206
19.8204	104.906	-5.53809
19.8179	104.906	-5.54412
19.8179	104.905	-5.54412
19.8204	104.905	-5.53809
19.9091	104.905	-5.47071
19.908	104.906	-5.47085
19.9015	104.906	-5.4717
19.8951	104.906	-5.47256
19.8924	104.905	-5.47291
19.8961	104.905	-5.47241
19.8999	104.905	-5.47192
19.9037	104.905	-5.47142
19.8162	104.905	-5.55706
19.817	104.905	-5.55059
19.817	104.906	-5.55059
19.8162	104.906	-5.55706
19.8153	104.906	-5.56353
19.8145	104.906	-5.57
19.8145	104.905	-5.57
19.8153	104.905	-5.56353
19.8765	104.905	-5.6616
19.8705	104.905	-5.6591
19.8645	104.905	-5.6566
19.8645	104.906	-5.6566
19.8705	104.906	-5.6591
19.8765	104.906	-5.6616
19.8826	104.906	-5.6641
19.8886	104.906	-5.66659
19.8886	104.905	-5.66659
19.8826	104.905	-5.6641
19.8541	104.906	-5.64866
19.8593	104.906	-5.65263
19.8593	104.905	-5.65263
19.8541	104.905	-5.64866
19.8489	104.905	-5.64468
19.8489	104.906	-5.64468
19.908	104.905	-5.66915
19.9015	104.905	-5.6683
19.8951	104.905	-5.66744
19.8951	104.906	-5.66744
19.9015	104.906	-5.6683
19.9053	104.906	-5.66879
19.9091	104.906	-5.66929
19.8162	104.906	-5.58294
19.817	104.906	-5.58941
19.817	104.905	-5.58941
19.8162	104.905	-5.58294
19.8153	104.905	-5.57647
19.8153	104.906	-5.57647
20.0617	104.905	-5.655
20.0347	104.905	-5.69021
20.0787	104.905	-5.614
19.9995	104.905	-5.71722
19.9585	104.905	-5.73421
19.9145	104.905	-5.74
19.8705	104.905	-5.73421
19.8295	104.905	-5.71722
19.7943	104.905	-5.69021
19.7672	104.905	-5.655
19.7503	104.905	-5.614
19.7445	104.905	-5.57
19.7503	104.905	-5.526
19.7672	104.905	-5.485
19.7943	104.905	-5.44979
19.8295	104.905	-5.42278
19.8705	104.905	-5.40579
19.9145	104.905	-5.4
19.9585	104.905	-5.40579
19.9995	104.905	-5.42278
20.0347	104.905	-5.44979
20.0617	104.905	-5.485
20.0787	104.905	-5.526
20.0845	104.905	-5.57
19.7672	104.895	-5.655
19.7943	104.895	-5.69021
19.8295	104.895	-5.71722
19.8705	104.895	-5.73421
19.9145	104.895	-5.74
19.9585	104.895	-5.73421
19.9995	104.895	-5.71722
20.0347	104.895	-5.69021
20.0617	104.895	-5.655
20.0787	104.895	-5.614
20.0845	104.895	-5.57
20.0787	104.895	-5.526
20.0617	104.895	-5.485
20.0347	104.895	-5.44979
19.9995	104.895	-5.42278
19.9585	104.895	-5.40579
19.9145	104.895	-5.4
19.8705	104.895	-5.40579
19.8295	104.895	-5.42278
19.7943	104.895	-5.44979
19.7672	104.895	-5.485
19.7503	104.895	-5.526
19.7445	104.895	-5.57
19.7503	104.895	-5.614
19.8705	104.916	-5.40579
19.8705	104.906	-5.40579
19.9145	104.906	-5.4
19.9145	104.916	-5.4
19.8295	104.916	-5.42278
19.8295	104.906	-5.42278
19.7672	104.906	-5.485
19.7943	104.906	-5.44979
19.7943	104.916	-5.44979
19.7672	104.916	-5.485
19.7503	104.906	-5.526
19.7503	104.916	-5.526
19.7445	104.906	-5.57
19.7445	104.916	-5.57
19.7503	104.916	-5.614
19.7503	104.906	-5.614
19.7672	104.916	-5.655
19.7672	104.906	-5.655
19.8295	104.906	-5.71722
19.7943	104.906	-5.69021
19.7943	104.916	-5.69021
19.8295	104.916	-5.71722
19.8705	104.906	-5.73421
19.8705	104.916	-5.73421
19.9145	104.906	-5.74
19.9145	104.916	-5.74
19.9585	104.916	-5.73421
19.9585	104.906	-5.73421
19.9995	104.916	-5.71722
19.9995	104.906	-5.71722
20.0617	104.906	-5.655
20.0347	104.906	-5.69021
20.0347	104.916	-5.69021
20.0617	104.916	-5.655
20.0787	104.906	-5.614
20.0787	104.916	-5.614
20.0845	104.906	-5.57
20.0845	104.916	-5.57
20.0787	104.916	-5.526
20.0787	104.906	-5.526
19.9995	104.906	-5.42278
19.9995	104.916	-5.42278
19.9585	104.916	-5.40579
19.9585	104.906	-5.40579
20.0347	104.906	-5.44979
20.0347	104.916	-5.44979
20.0617	104.916	-5.485
20.0617	104.906	-5.485
20.0011	104.916	-5.62
20.0111	104.916	-5.59588
19.9852	104.916	-5.64071
19.9645	104.916	-5.6566
19.9404	104.916	-5.66659
19.9145	104.916	-5.67
19.8886	104.916	-5.66659
19.8645	104.916	-5.6566
19.8438	104.916	-5.64071
19.8279	104.916	-5.62
19.8179	104.916	-5.59588
19.8145	104.916	-5.57
19.8179	104.916	-5.54412
19.8279	104.916	-5.52
19.8438	104.916	-5.49929
19.8645	104.916	-5.4834
19.8886	104.916	-5.47341
19.9145	104.916	-5.47
19.9404	104.916	-5.47341
19.9645	104.916	-5.4834
19.9852	104.916	-5.49929
20.0011	104.916	-5.52
20.0111	104.916	-5.54412
20.0145	104.916	-5.57
19.9995	105.341	-5.346
20.0347	105.314	-5.346
19.9645	105.281	-5.346
19.9404	105.291	-5.346
19.9585	105.358	-5.346
19.9852	105.265	-5.346
20.0617	105.279	-5.346
20.0011	105.244	-5.346
20.0111	105.22	-5.346
20.0787	105.238	-5.346
20.0145	105.194	-5.346
20.0845	105.194	-5.346
20.0111	105.168	-5.346
20.0787	105.15	-5.346
20.0011	105.144	-5.346
20.0617	105.109	-5.346
19.9852	105.123	-5.346
20.0347	105.074	-5.346
19.9645	105.107	-5.346
19.9995	105.047	-5.346
19.9404	105.097	-5.346
19.9585	105.03	-5.346
19.9145	105.094	-5.346
19.9145	105.024	-5.346
19.8886	105.097	-5.346
19.8705	105.03	-5.346
19.8645	105.107	-5.346
19.8295	105.047	-5.346
19.8438	105.123	-5.346
19.7943	105.074	-5.346
19.8279	105.144	-5.346
19.7673	105.109	-5.346
19.7503	105.15	-5.346
19.8179	105.168	-5.346
19.7445	105.194	-5.346
19.8145	105.194	-5.346
19.7503	105.238	-5.346
19.8179	105.22	-5.346
19.7673	105.279	-5.346
19.8279	105.244	-5.346
19.7943	105.314	-5.346
19.8438	105.265	-5.346
19.8295	105.341	-5.346
19.8645	105.281	-5.346
19.8705	105.358	-5.346
19.8886	105.291	-5.346
19.9145	105.364	-5.346
19.9145	105.294	-5.346
19.9995	105.047	-5.322
20.0347	105.074	-5.322
19.981	105.079	-5.322
19.973	105.076	-5.322
19.9649	105.072	-5.322
19.9569	105.069	-5.322
19.9489	105.066	-5.322
19.9585	105.03	-5.322
19.9879	105.084	-5.322
19.9948	105.089	-5.322
20.0016	105.095	-5.322
20.0085	105.1	-5.322
20.0617	105.109	-5.322
20.0138	105.107	-5.322
20.0191	105.114	-5.322
20.0244	105.121	-5.322
20.0297	105.128	-5.322
20.033	105.136	-5.322
20.0363	105.144	-5.322
20.0396	105.152	-5.322
20.0429	105.16	-5.322
20.0787	105.15	-5.322
20.0444	105.171	-5.322
20.0458	105.182	-5.322
20.0475	105.194	-5.322
20.0845	105.194	-5.322
20.0463	105.203	-5.322
20.0452	105.211	-5.322
20.0441	105.22	-5.322
20.043	105.228	-5.322
20.0787	105.238	-5.322
20.0396	105.237	-5.322
20.0363	105.245	-5.322
20.033	105.253	-5.322
20.0297	105.261	-5.322
20.0617	105.279	-5.322
20.0244	105.267	-5.322
20.0191	105.274	-5.322
20.0138	105.281	-5.322
20.0085	105.288	-5.322
20.0347	105.314	-5.322
20.0016	105.293	-5.322
19.9948	105.299	-5.322
19.9879	105.304	-5.322
19.981	105.309	-5.322
19.9995	105.341	-5.322
19.973	105.313	-5.322
19.9649	105.316	-5.322
19.9569	105.319	-5.322
19.9489	105.323	-5.322
19.9585	105.358	-5.322
19.9403	105.324	-5.322
19.9317	105.325	-5.322
19.9231	105.326	-5.322
19.9145	105.327	-5.322
19.9145	105.364	-5.322
19.9059	105.326	-5.322
19.8973	105.325	-5.322
19.8887	105.324	-5.322
19.8801	105.323	-5.322
19.8705	105.358	-5.322
19.872	105.319	-5.322
19.864	105.316	-5.322
19.856	105.313	-5.322
19.848	105.309	-5.322
19.8295	105.341	-5.322
19.8411	105.304	-5.322
19.8342	105.299	-5.322
19.8273	105.293	-5.322
19.8204	105.288	-5.322
19.7943	105.314	-5.322
19.8152	105.281	-5.322
19.8099	105.274	-5.322
19.8046	105.267	-5.322
19.7993	105.261	-5.322
19.7673	105.279	-5.322
19.7503	105.238	-5.322
19.796	105.253	-5.322
19.7927	105.245	-5.322
19.7893	105.237	-5.322
19.786	105.229	-5.322
19.7445	105.194	-5.322
19.7846	105.218	-5.322
19.7831	105.207	-5.322
19.7815	105.194	-5.322
19.7503	105.15	-5.322
19.7831	105.182	-5.322
19.7846	105.171	-5.322
19.786	105.16	-5.322
19.7673	105.109	-5.322
19.7893	105.152	-5.322
19.7927	105.144	-5.322
19.796	105.136	-5.322
19.7993	105.128	-5.322
19.7943	105.074	-5.322
19.8046	105.121	-5.322
19.8099	105.114	-5.322
19.8152	105.107	-5.322
19.8204	105.1	-5.322
19.8295	105.047	-5.322
19.8273	105.095	-5.322
19.8342	105.089	-5.322
19.8411	105.084	-5.322
19.848	105.079	-5.322
19.8705	105.03	-5.322
19.856	105.076	-5.322
19.864	105.072	-5.322
19.872	105.069	-5.322
19.8801	105.066	-5.322
19.9145	105.024	-5.322
19.9145	105.061	-5.322
19.9059	105.062	-5.322
19.8973	105.063	-5.322
19.8887	105.064	-5.322
19.9403	105.064	-5.322
19.9317	105.063	-5.322
19.9231	105.062	-5.322
19.7503	105.238	-5.794
19.7503	105.238	-5.818
19.7445	105.194	-5.818
19.7445	105.194	-5.794
19.7673	105.279	-5.794
19.7673	105.279	-5.818
19.8295	105.341	-5.818
19.7943	105.314	-5.818
19.7943	105.314	-5.794
19.8295	105.341	-5.794
19.8705	105.358	-5.818
19.8705	105.358	-5.794
19.9145	105.364	-5.818
19.9145	105.364	-5.794
19.9585	105.358	-5.794
19.9585	105.358	-5.818
19.9995	105.341	-5.794
19.9995	105.341	-5.818
20.0617	105.279	-5.818
20.0347	105.314	-5.818
20.0347	105.314	-5.794
20.0617	105.279	-5.794
20.0787	105.238	-5.818
20.0787	105.238	-5.794
20.0845	105.194	-5.818
20.0845	105.194	-5.794
20.0787	105.15	-5.794
20.0787	105.15	-5.818
20.0617	105.109	-5.794
20.0617	105.109	-5.818
19.9995	105.047	-5.818
20.0347	105.074	-5.818
20.0347	105.074	-5.794
19.9995	105.047	-5.794
19.9585	105.03	-5.818
19.9585	105.03	-5.794
19.9145	105.024	-5.818
19.9145	105.024	-5.794
19.8705	105.03	-5.794
19.8705	105.03	-5.818
19.7673	105.109	-5.818
19.7673	105.109	-5.794
19.7503	105.15	-5.794
19.7503	105.15	-5.818
19.7943	105.074	-5.818
19.7943	105.074	-5.794
19.8295	105.047	-5.794
19.8295	105.047	-5.818
19.981	105.309	-5.818
19.973	105.313	-5.818
19.9649	105.316	-5.818
19.9569	105.319	-5.818
19.9489	105.323	-5.818
19.9879	105.304	-5.818
19.9948	105.299	-5.818
20.0016	105.293	-5.818
20.0085	105.288	-5.818
20.0138	105.281	-5.818
20.0191	105.274	-5.818
20.0244	105.267	-5.818
20.0297	105.261	-5.818
20.033	105.253	-5.818
20.0363	105.245	-5.818
20.0396	105.237	-5.818
20.043	105.228	-5.818
20.0441	105.22	-5.818
20.0452	105.211	-5.818
20.0467	105.2	-5.818
20.0475	105.194	-5.818
20.0463	105.185	-5.818
20.0452	105.177	-5.818
20.0441	105.168	-5.818
20.0429	105.16	-5.818
20.0396	105.152	-5.818
20.0363	105.144	-5.818
20.033	105.136	-5.818
20.0297	105.128	-5.818
20.0244	105.121	-5.818
20.0191	105.114	-5.818
20.0138	105.107	-5.818
20.0085	105.1	-5.818
20.0016	105.095	-5.818
19.9948	105.089	-5.818
19.9879	105.084	-5.818
19.981	105.079	-5.818
19.973	105.076	-5.818
19.9649	105.072	-5.818
19.9569	105.069	-5.818
19.9489	105.066	-5.818
19.9403	105.064	-5.818
19.9317	105.063	-5.818
19.9231	105.062	-5.818
19.9145	105.061	-5.818
19.9059	105.062	-5.818
19.8973	105.063	-5.818
19.8887	105.064	-5.818
19.8801	105.066	-5.818
19.872	105.069	-5.818
19.864	105.072	-5.818
19.856	105.076	-5.818
19.848	105.079	-5.818
19.8411	105.084	-5.818
19.8342	105.089	-5.818
19.8273	105.095	-5.818
19.8204	105.1	-5.818
19.8152	105.107	-5.818
19.8099	105.114	-5.818
19.8046	105.121	-5.818
19.7993	105.128	-5.818
19.796	105.136	-5.818
19.7927	105.144	-5.818
19.7893	105.152	-5.818
19.786	105.16	-5.818
19.7849	105.168	-5.818
19.7837	105.177	-5.818
19.7826	105.185	-5.818
19.7815	105.194	-5.818
19.7826	105.203	-5.818
19.7838	105.211	-5.818
19.7849	105.22	-5.818
19.786	105.229	-5.818
19.7893	105.237	-5.818
19.7927	105.245	-5.818
19.796	105.253	-5.818
19.7993	105.261	-5.818
19.8046	105.267	-5.818
19.8099	105.274	-5.818
19.8152	105.281	-5.818
19.8204	105.288	-5.818
19.8273	105.293	-5.818
19.8342	105.299	-5.818
19.8411	105.304	-5.818
19.848	105.309	-5.818
19.856	105.313	-5.818
19.864	105.316	-5.818
19.872	105.319	-5.818
19.8801	105.323	-5.818
19.9145	105.327	-5.818
19.9059	105.326	-5.818
19.8973	105.325	-5.818
19.8887	105.324	-5.818
19.9403	105.324	-5.818
19.9317	105.325	-5.818
19.9231	105.326	-5.818
19.9814	105.078	-5.794
19.9491	105.065	-5.794
20.0091	105.099	-5.794
20.0303	105.127	-5.794
20.0437	105.159	-5.794
20.0482	105.194	-5.794
20.0437	105.229	-5.794
20.0303	105.261	-5.794
20.0091	105.289	-5.794
19.9814	105.31	-5.794
19.9491	105.323	-5.794
19.9145	105.328	-5.794
19.8799	105.323	-5.794
19.8476	105.31	-5.794
19.8199	105.289	-5.794
19.7986	105.261	-5.794
19.7853	105.229	-5.794
19.7807	105.194	-5.794
19.7853	105.159	-5.794
19.7986	105.127	-5.794
19.8199	105.099	-5.794
19.8476	105.078	-5.794
19.8799	105.065	-5.794
19.9145	105.06	-5.794
19.981	105.309	-5.82
19.9879	105.304	-5.82
19.9948	105.299	-5.82
20.0016	105.293	-5.82
20.0085	105.288	-5.82
20.0138	105.281	-5.82
20.0191	105.274	-5.82
20.0244	105.267	-5.82
20.0297	105.261	-5.82
20.033	105.253	-5.82
20.0363	105.245	-5.82
20.0396	105.237	-5.82
20.043	105.228	-5.82
20.0441	105.22	-5.82
20.0452	105.211	-5.82
20.0463	105.203	-5.82
20.0475	105.194	-5.82
20.0458	105.182	-5.82
20.0444	105.171	-5.82
20.0429	105.16	-5.82
20.0396	105.152	-5.82
20.0363	105.144	-5.82
20.033	105.136	-5.82
20.0297	105.128	-5.82
20.0244	105.121	-5.82
20.0191	105.114	-5.82
20.0138	105.107	-5.82
20.0085	105.1	-5.82
20.0016	105.095	-5.82
19.9948	105.089	-5.82
19.9879	105.084	-5.82
19.981	105.079	-5.82
19.973	105.076	-5.82
19.9649	105.072	-5.82
19.9569	105.069	-5.82
19.9489	105.066	-5.82
19.9403	105.064	-5.82
19.9317	105.063	-5.82
19.9231	105.062	-5.82
19.9145	105.061	-5.82
19.9059	105.062	-5.82
19.8973	105.063	-5.82
19.8887	105.064	-5.82
19.8801	105.066	-5.82
19.872	105.069	-5.82
19.864	105.072	-5.82
19.856	105.076	-5.82
19.848	105.079	-5.82
19.8411	105.084	-5.82
19.8342	105.089	-5.82
19.8273	105.095	-5.82
19.8204	105.1	-5.82
19.8152	105.107	-5.82
19.8099	105.114	-5.82
19.8046	105.121	-5.82
19.7993	105.128	-5.82
19.796	105.136	-5.82
19.7927	105.144	-5.82
19.7893	105.152	-5.82
19.786	105.16	-5.82
19.7846	105.171	-5.82
19.7831	105.182	-5.82
19.7815	105.194	-5.82
19.7831	105.207	-5.82
19.7846	105.218	-5.82
19.786	105.229	-5.82
19.7893	105.237	-5.82
19.7927	105.245	-5.82
19.796	105.253	-5.82
19.7993	105.261	-5.82
19.8046	105.267	-5.82
19.8099	105.274	-5.82
19.8152	105.281	-5.82
19.8204	105.288	-5.82
19.8273	105.293	-5.82
19.8342	105.299	-5.82
19.8411	105.304	-5.82
19.848	105.309	-5.82
19.856	105.313	-5.82
19.864	105.316	-5.82
19.872	105.319	-5.82
19.8801	105.323	-5.82
19.8887	105.324	-5.82
19.8973	105.325	-5.82
19.9059	105.326	-5.82
19.9145	105.327	-5.82
19.9231	105.326	-5.82
19.9317	105.325	-5.82
19.9403	105.324	-5.82
19.9489	105.323	-5.82
19.9569	105.319	-5.82
19.9649	105.316	-5.82
19.973	105.313	-5.82
19.7815	105.194	-5.32
19.7826	105.203	-5.32
19.7838	105.211	-5.32
19.7849	105.22	-5.32
19.786	105.229	-5.32
20.0085	105.288	-5.32
20.0138	105.281	-5.32
20.0191	105.274	-5.32
20.0244	105.267	-5.32
20.0297	105.261	-5.32
19.9489	105.323	-5.32
19.9569	105.319	-5.32
19.9649	105.316	-5.32
19.973	105.313	-5.32
19.981	105.309	-5.32
19.7927	105.245	-5.32
19.796	105.253	-5.32
19.7993	105.261	-5.32
19.7893	105.237	-5.32
19.8204	105.288	-5.32
19.8273	105.293	-5.32
19.8342	105.299	-5.32
19.8411	105.304	-5.32
19.848	105.309	-5.32
19.9145	105.327	-5.32
19.9231	105.326	-5.32
19.9317	105.325	-5.32
19.9403	105.324	-5.32
19.8099	105.274	-5.32
19.8152	105.281	-5.32
19.8046	105.267	-5.32
19.856	105.313	-5.32
19.864	105.316	-5.32
19.872	105.319	-5.32
19.8801	105.323	-5.32
19.8887	105.324	-5.32
19.8973	105.325	-5.32
19.9059	105.326	-5.32
19.9948	105.299	-5.32
20.0016	105.293	-5.32
19.9879	105.304	-5.32
20.033	105.253	-5.32
20.0363	105.245	-5.32
20.0396	105.237	-5.32
20.043	105.228	-5.32
20.0441	105.22	-5.32
20.0452	105.211	-5.32
20.0467	105.2	-5.32
20.0475	105.194	-5.32
20.0463	105.185	-5.32
20.0452	105.177	-5.32
20.0441	105.168	-5.32
20.0429	105.16	-5.32
19.7993	105.128	-5.32
19.796	105.136	-5.32
19.7927	105.144	-5.32
19.7893	105.152	-5.32
19.786	105.16	-5.32
19.8801	105.066	-5.32
19.872	105.069	-5.32
19.864	105.072	-5.32
19.856	105.076	-5.32
19.848	105.079	-5.32
20.0363	105.144	-5.32
20.033	105.136	-5.32
20.0297	105.128	-5.32
20.0396	105.152	-5.32
20.0085	105.1	-5.32
20.0016	105.095	-5.32
19.9948	105.089	-5.32
19.9879	105.084	-5.32
19.981	105.079	-5.32
19.9317	105.063	-5.32
19.9231	105.062	-5.32
19.9145	105.061	-5.32
19.9489	105.066	-5.32
19.9403	105.064	-5.32
19.9569	105.069	-5.32
19.973	105.076	-5.32
19.9649	105.072	-5.32
20.0191	105.114	-5.32
20.0138	105.107	-5.32
20.0244	105.121	-5.32
19.8887	105.064	-5.32
19.9059	105.062	-5.32
19.8973	105.063	-5.32
19.7849	105.168	-5.32
19.7837	105.177	-5.32
19.7826	105.185	-5.32
19.8342	105.089	-5.32
19.8273	105.095	-5.32
19.8204	105.1	-5.32
19.8411	105.084	-5.32
19.8152	105.107	-5.32
19.8099	105.114	-5.32
19.8046	105.121	-5.32
19.8179	105.22	-5.446
19.8279	105.244	-5.446
19.8438	105.265	-5.446
19.8645	105.281	-5.446
19.8886	105.291	-5.446
19.9145	105.294	-5.446
19.8145	105.194	-5.446
19.9404	105.291	-5.446
19.9645	105.281	-5.446
19.9852	105.265	-5.446
20.0011	105.244	-5.446
20.0111	105.22	-5.446
20.0145	105.194	-5.446
20.0111	105.168	-5.446
20.0011	105.144	-5.446
19.9404	105.097	-5.446
19.9145	105.094	-5.446
19.9852	105.123	-5.446
19.9645	105.107	-5.446
19.8886	105.097	-5.446
19.8645	105.107	-5.446
19.8438	105.123	-5.446
19.8279	105.144	-5.446
19.8179	105.168	-5.446
19.9489	105.032	-5.72257
19.9852	105.04	-5.71483
19.9623	105.011	-5.65781
19.9935	105.347	-5.50522
19.9522	105.322	-5.446
19.9868	105.307	-5.446
19.9522	105.066	-5.769
19.9145	105.038	-5.73886
19.9145	105.02	-5.7056
19.9145	105.357	-5.48699
19.9549	105.364	-5.50952
19.9311	105.008	-5.66861
19.9145	105.007	-5.67
20.0975	105.254	-5.63889
20.1072	105.194	-5.63851
20.0784	105.242	-5.71288
19.9145	105.06	-5.769
20.1018	105.145	-5.58512
20.0801	105.145	-5.50584
20.0733	105.095	-5.54719
19.9761	105.013	-5.64875
19.9472	105.009	-5.6645
20.0177	105.039	-5.67245
20.0435	105.066	-5.68617
20.0534	105.058	-5.60688
20.0815	105.094	-5.60438
20.07	105.087	-5.6597
19.9982	105.019	-5.62468
19.9882	105.016	-5.63761
20.0156	105.106	-5.446
20.0518	105.106	-5.48759
20.0362	105.139	-5.446
20.006	105.022	-5.61033
20.0463	105.061	-5.5487
20.0306	105.328	-5.5171
20.0156	105.282	-5.446
20.1061	105.198	-5.56916
20.0168	105.065	-5.72442
20.0469	105.175	-5.446
19.9472	105.042	-5.4755
19.9522	105.066	-5.446
19.9333	105.063	-5.446
19.9145	105.042	-5.47
19.9311	105.042	-5.47138
19.9145	105.051	-5.45771
20.0761	105.302	-5.62224
20.0438	105.34	-5.6075
20.0658	105.309	-5.55992
19.9145	105.06	-5.446
19.9482	105.381	-5.55745
19.9596	105.383	-5.6075
19.9145	105.387	-5.58234
19.9624	105.041	-5.48224
20.1004	105.161	-5.66068
20.0824	105.194	-5.71884
20.0362	105.139	-5.769
20.0469	105.175	-5.769
20.0839	105.144	-5.69995
20.0543	105.104	-5.72199
20.0064	105.037	-5.53053
20.0287	105.071	-5.49581
19.9763	105.041	-5.4914
20.0116	105.034	-5.54618
19.9868	105.082	-5.446
19.9885	105.04	-5.50274
20.0141	105.029	-5.57879
20.0142	105.032	-5.56241
19.9986	105.038	-5.51591
20.0264	105.323	-5.71288
20.0676	105.292	-5.68514
20.0482	105.28	-5.73486
19.9868	105.082	-5.769
19.9549	105.364	-5.70548
19.9482	105.381	-5.65755
19.9857	105.37	-5.65755
20.0469	105.213	-5.769
20.0932	105.125	-5.64639
20.0362	105.25	-5.769
20.0113	105.026	-5.5949
20.0156	105.106	-5.769
19.9522	105.322	-5.769
19.9145	105.357	-5.72801
20.0156	105.282	-5.769
20.0252	105.347	-5.66092
19.9932	105.348	-5.70936
19.9992	105.369	-5.6075
19.9145	105.377	-5.68191
19.9145	105.387	-5.63266
19.9145	105.328	-5.769
20.0541	105.324	-5.65013
19.9857	105.37	-5.55745
20.0229	105.351	-5.56236
19.9868	105.307	-5.769
20.0568	105.286	-5.49874
19.9145	105.377	-5.53309
20.0469	105.213	-5.446
20.071	105.24	-5.4874
20.0362	105.25	-5.446
20.0826	105.194	-5.49661
19.9145	105.328	-5.446
20.0888	105.277	-5.58088
20.1028	105.242	-5.59242
20.0934	105.247	-5.54437
20.0783	105.278	-5.53576
19.8808	105.381	-5.55745
19.8694	105.383	-5.6075
19.8433	105.37	-5.55745
19.7722	105.286	-5.49874
19.7507	105.278	-5.53576
19.7579	105.24	-5.4874
19.7808	105.327	-5.66197
19.808	105.353	-5.64615
19.8026	105.323	-5.71288
19.8768	105.322	-5.769
19.8741	105.364	-5.70548
19.7217	105.194	-5.63851
19.7506	105.242	-5.71288
19.7466	105.194	-5.71884
19.8433	105.37	-5.65755
19.8808	105.381	-5.65755
19.8298	105.369	-5.6075
19.8134	105.282	-5.769
19.8422	105.307	-5.769
19.8358	105.348	-5.70936
19.7808	105.28	-5.73486
19.7613	105.293	-5.68514
19.7928	105.139	-5.769
19.7451	105.144	-5.69995
19.7821	105.175	-5.769
19.7928	105.25	-5.769
19.7821	105.213	-5.769
19.8134	105.106	-5.769
19.7746	105.104	-5.72199
19.7373	105.115	-5.62607
19.759	105.087	-5.6597
19.7572	105.079	-5.60212
19.7272	105.145	-5.58512
19.7228	105.198	-5.56916
19.8355	105.347	-5.50522
19.8741	105.364	-5.50952
19.8236	105.044	-5.70347
19.8097	105.074	-5.73435
19.8422	105.082	-5.769
19.7489	105.145	-5.50584
19.7464	105.194	-5.49661
19.8768	105.322	-5.446
19.7771	105.106	-5.48759
19.7557	105.095	-5.54719
19.7928	105.25	-5.446
19.8134	105.282	-5.446
19.8648	105.032	-5.7155
19.7315	105.254	-5.63889
19.806	105.351	-5.56236
19.8002	105.071	-5.49581
19.8134	105.106	-5.446
19.8422	105.307	-5.446
19.7983	105.328	-5.5171
19.7823	105.06	-5.55074
19.8174	105.034	-5.54618
19.8226	105.037	-5.53053
19.8422	105.082	-5.446
19.8768	105.066	-5.769
19.8528	105.013	-5.64875
19.8408	105.016	-5.63761
19.8308	105.019	-5.62468
19.823	105.022	-5.61033
19.7847	105.05	-5.63119
19.8149	105.029	-5.57879
19.8176	105.026	-5.5949
19.7888	105.063	-5.68583
19.8148	105.032	-5.56241
19.8979	105.008	-5.66861
19.7821	105.213	-5.446
19.8666	105.011	-5.65781
19.8818	105.009	-5.6645
19.7631	105.309	-5.55992
19.8304	105.038	-5.51591
19.8405	105.04	-5.50274
19.8956	105.063	-5.446
19.8979	105.042	-5.47138
19.8527	105.041	-5.4914
19.8768	105.066	-5.446
19.7821	105.175	-5.446
19.7928	105.139	-5.446
19.8818	105.042	-5.4755
19.8665	105.041	-5.48224
19.7852	105.34	-5.6075
19.7529	105.302	-5.62224
19.7262	105.242	-5.59242
19.7401	105.277	-5.58088
19.7257	105.154	-5.63541
19.7356	105.247	-5.54437
19.9928	105.088	-5.79145
19.9339	105.323	-5.78887
19.9455	105.322	-5.79152
19.9145	105.326	-5.79005
20.0173	105.113	-5.79076
19.961	105.072	-5.79027
20.0343	105.143	-5.78949
20.0338	105.144	-5.77527
20.0412	105.168	-5.77553
20.0396	105.156	-5.77272
19.9373	105.324	-5.77122
19.965	105.314	-5.77335
19.9367	105.322	-5.77411
20.0246	105.122	-5.77121
20.0235	105.126	-5.77826
20.0328	105.144	-5.78312
20.0363	105.153	-5.77824
20.0441	105.212	-5.7905
20.0359	105.245	-5.79179
19.9145	105.062	-5.77295
19.9351	105.066	-5.78888
19.9368	105.064	-5.79171
19.9399	105.066	-5.77325
19.9664	105.073	-5.77181
19.9394	105.32	-5.78142
19.9761	105.307	-5.78146
19.9493	105.318	-5.78446
20.0398	105.232	-5.77243
20.0336	105.243	-5.77669
20.023	105.266	-5.77335
19.9145	105.064	-5.78609
19.9145	105.062	-5.79005
20.0338	105.245	-5.78855
20.0171	105.275	-5.7905
19.9145	105.324	-5.78609
19.9145	105.322	-5.7815
20.0444	105.177	-5.79095
20.0416	105.215	-5.78591
20.0421	105.177	-5.78567
20.0167	105.273	-5.78591
20.0223	105.122	-5.77457
19.998	105.094	-5.77272
20.0006	105.098	-5.77731
19.9847	105.087	-5.78184
20.014	105.113	-5.78158
19.9923	105.3	-5.79095
19.9892	105.299	-5.78567
19.9604	105.316	-5.78949
20.0457	105.194	-5.77194
19.9958	105.294	-5.77651
19.9985	105.295	-5.77214
20.0044	105.286	-5.78132
20.02	105.267	-5.78262
20.0194	105.119	-5.78637
19.9901	105.089	-5.78784
19.9547	105.072	-5.78452
19.9145	105.066	-5.7815
20.0408	105.172	-5.78223
20.0427	105.197	-5.78123
20.0176	105.271	-5.77723
19.9513	105.317	-5.77852
19.9145	105.324	-5.77691
20.0015	105.1	-5.78457
19.9393	105.067	-5.77628
19.9634	105.074	-5.77582
19.9546	105.071	-5.78752
19.9781	105.082	-5.78503
19.9145	105.063	-5.77525
19.9145	105.064	-5.77691
19.9145	105.064	-5.77838
19.9727	105.309	-5.77643
20.0398	105.221	-5.7826
20.0404	105.22	-5.77873
20.0321	105.141	-5.7864
20.042	105.178	-5.77881
19.9145	105.325	-5.77525
19.9145	105.326	-5.77295
20.0306	105.25	-5.78515
20.0321	105.245	-5.78159
20.0436	105.194	-5.77608
20.0413	105.22	-5.77533
19.9826	105.085	-5.77672
19.9442	105.069	-5.77942
19.9697	105.078	-5.77912
19.9145	105.324	-5.77838
19.8362	105.3	-5.79145
19.895	105.066	-5.78887
19.8834	105.066	-5.79152
19.8117	105.275	-5.79076
19.8679	105.316	-5.79027
19.7947	105.245	-5.78949
19.7927	105.235	-5.77824
19.787	105.21	-5.77881
19.7878	105.22	-5.77553
19.8917	105.064	-5.77122
19.864	105.074	-5.77335
19.8923	105.066	-5.77411
19.8043	105.266	-5.77121
19.7893	105.232	-5.77272
19.8054	105.262	-5.77826
19.7962	105.244	-5.78312
19.7848	105.177	-5.7905
19.7931	105.143	-5.79179
19.8939	105.322	-5.78888
19.8922	105.324	-5.79171
19.889	105.322	-5.77325
19.8626	105.315	-5.77181
19.8895	105.068	-5.78142
19.8528	105.082	-5.78146
19.8796	105.07	-5.78446
19.7891	105.156	-5.77243
19.7954	105.145	-5.77669
19.8059	105.122	-5.77335
19.8096	105.269	-5.78637
19.8389	105.299	-5.78784
19.831	105.295	-5.77272
19.7845	105.212	-5.79095
19.7873	105.173	-5.78591
19.7869	105.212	-5.78567
19.8123	105.116	-5.78591
19.7952	105.143	-5.78855
19.8119	105.113	-5.7905
19.8066	105.266	-5.77457
19.8284	105.29	-5.77731
19.8442	105.301	-5.78184
19.815	105.275	-5.78158
19.8366	105.089	-5.79095
19.8398	105.089	-5.78567
19.8686	105.072	-5.78949
19.7833	105.194	-5.77194
19.8332	105.094	-5.77651
19.8305	105.093	-5.77214
19.8246	105.103	-5.78132
19.8089	105.121	-5.78262
19.8743	105.316	-5.78452
19.7882	105.216	-5.78223
19.7863	105.191	-5.78123
19.8114	105.117	-5.77723
19.8776	105.071	-5.77852
19.8274	105.289	-5.78457
19.8896	105.321	-5.77628
19.8656	105.314	-5.77582
19.8744	105.317	-5.78752
19.8509	105.306	-5.78503
19.8562	105.079	-5.77643
19.7951	105.244	-5.77527
19.7891	105.167	-5.7826
19.7886	105.168	-5.77873
19.7969	105.247	-5.7864
19.7984	105.139	-5.78515
19.7968	105.143	-5.78159
19.7853	105.194	-5.77608
19.7877	105.168	-5.77533
19.8463	105.304	-5.77672
19.8847	105.319	-5.77942
19.8593	105.31	-5.77912

#	Triangle	924
2	0	1	2	9	0	2	8	9	2	7	8	2	3	7	3	4	7	4	5	7	5	6	7
16	14	15	16	13	14	16	12	13	16	11	12	16	17	11	17	18	11	18	19	11	19	10	11
28	26	27	28	25	26	28	24	25	28	23	24	28	29	23	29	20	23	20	21	23	21	22	23
10	37	11	10	36	37	10	35	36	10	34	35	10	30	34	30	31	34	31	32	34	32	33	34
22	39	23	22	38	39	22	43	38	22	1	43	22	40	1	40	41	1	41	42	1	42	2	1
50	48	49	50	47	48	50	46	47	50	27	46	50	51	27	51	44	27	44	45	27	45	28	27
6	57	7	6	56	57	6	55	56	6	54	55
6	58	54	58	59	54	59	60	54	60	61	54	53	190	191	53	189	190
61	52	54	52	53	54
68	66	67	68	65	66	68	64	65	68	49	64	68	69	49	69	62	49	62	63	49	63	50	49
72	70	71	72	79	70	72	78	79	72	77	78	72	73	77	73	74	77	74	75	77	75	76	77
76	81	77	76	80	81	76	85	80	76	15	85	76	82	15	82	83	15	83	84	15	84	16	15
89	87	88	89	86	87	89	94	86	89	71	94	92	93	71	93	72	71
89	90	71
90	91	71	91	92	71	107	157	88	157	158	88	158	159	88
33	96	34	33	95	96	33	100	95	33	67	100	33	97	67	97	98	67	98	99	67	99	68	67
103	101	102	103	110	101	103	109	110	103	108	109	103	104	108	104	105	108	105	106	108	106	107	108
117	115	116	117	114	115	117	113	114	117	112	113	117	118	112	118	119	112	119	120	112	120	111	112
129	127	128	129	126	127	129	125	126	129	124	125	129	130	124	130	121	124	121	122	124	122	123	124
111	138	112	111	137	138	111	136	137	111	135	136	111	131	135	131	132	135	132	133	135	133	134	135
123	140	124	123	139	140	123	144	139	123	102	144	123	141	102	141	142	102	142	143	102	143	103	102
151	149	150	151	148	149	151	147	148	151	128	147	151	152	128	152	145	128	145	146	128	146	129	128
107	156	108	107	155	156	107	88	154
107	154	155
159	160	88
160	153	88	153	89	88
167	165	166	167	164	165	167	163	164	167	150	163	167	168	150	168	161	150	161	162	150	162	151	150
177	175	176	177	174	175	177	173	174	177	172	173	177	178	172	178	169	172	169	170	172	170	171	172
171	180	172	171	179	180	171	184	179	171	116	184	171	181	116	181	182	116	182	183	116	183	117	116
53	191	54
53	188	189	53	176	188	53	185	176
185	186	176	186	187	176	187	177	176
134	193	135	134	192	193	134	197	192	134	166	197	134	194	166	194	195	166	195	196	166	196	167	166
28	198	199	45	198	28	44	198	45	51	198	44	50	198	51	198	50	200	28	199	29	29	199	20	20	199	21	21	199	22	199	201	22	22	201	40	40	201	41	41	201	42	42	201	2	2	201	3	3	201	4	4	201	5	5	201	6	202	6	201	6	202	58	58	202	59	59	202	60	60	202	61	61	202	52	52	202	53	203	53	202	53	203	185	177	204	178	178	204	169	169	204	170	170	204	171	205	171	204	171	205	181	181	205	182	182	205	183	183	205	117	117	205	206	117	206	118	118	206	119	119	206	120	120	206	111	207	111	206	111	207	131	131	207	132	132	207	133	133	207	134	207	208	134	134	208	194	194	208	195	195	208	196	196	208	167	209	167	208	167	209	168	168	209	161	161	209	162	162	209	151	210	151	209	151	210	152	152	210	145	145	210	146	146	210	129	210	211	129	129	211	130	130	211	121	121	211	122	122	211	123	123	211	212	123	212	141	141	212	142	142	212	143	143	212	103	212	213	103	213	214	103	103	214	104	104	214	105	105	214	106	106	214	107	160	215	153	153	215	89	215	216	89	89	216	90	90	216	91	91	216	92	92	216	93	93	216	72	217	72	216	72	217	73	73	217	74	74	217	75	75	217	76	218	76	217	76	218	82	82	218	83	83	218	84	84	218	16	16	218	219	16	219	17	17	219	18	18	219	19	19	219	10	220	10	219	10	220	30	30	220	31	31	220	32	32	220	33	220	221	33	221	200	68	99	221	68	98	221	99	97	221	98	33	221	97	63	200	50	62	200	63	69	200	62	68	200	69	294	279	278	295	279	294	279	295	281	296	294	278	278	274	296	274	297	296	274	298	297	272	298	274	299	298	272	271	299	272	269	301	300	267	301	269	267	302	301	302	267	266	302	266	303	262	303	266	304	303	262	262	260	304	305	304	260	259	305	260	305	259	306	257	306	259	307	306	257	257	255	307	307	255	308	308	255	254	254	309	308	254	250	309	250	246	309	246	310	309	249	288	311	311	288	312	287	312	288	287	313	312	291	313	287	314	313	291	314	291	292	315	314	292	284	315	292	315	284	316	284	283	316	283	281	317	317	316	283	317	281	295
185	203	186
186	203	187	187	203	177
204	177	203	269	300	271
215	107	214	249	310	246
107	215	157	157	215	158	158	215	159
159	215	160
239	237	238
240	237	239	225	227	228
240	236	237	225	228	224
241	236	240	224	228	229
241	235	236	224	229	223
242	235	241	223	229	230
242	234	235	223	230	222
243	234	242	222	230	231
243	233	234	222	231	245
244	233	243	245	231	232
244	232	233	245	232	244
226	227	225
215	239	238	214	239	215
249	247	248
246	247	249
214	240	239	213	240	214	246	251	247
250	251	246
211	241	212	242	241	211
255	253	254
252	253	255
240	212	241	213	212	240	251	254	253
250	254	251
210	242	211	243	242	210	256	252	257
257	252	255
209	243	210	244	243	209
259	256	257
258	256	259
209	245	244	208	245	209
259	261	258
260	261	259
208	222	245	207	222	208	260	263	261
262	263	260
205	223	206	224	223	205
267	265	266
264	265	267
222	206	223	207	206	222	263	266	265
262	266	263
204	224	205	225	224	204	268	264	269
269	264	267
203	225	204	226	225	203
271	268	269
270	268	271
203	227	226	202	227	203
271	273	270
272	273	271
202	228	227	201	228	202	272	275	273
274	275	272
198	229	199	230	229	198	279	277	278	276	277	279
228	199	229	201	199	228	275	278	277
274	278	275
200	230	198	281	276	279	280	276	281
231	230	200
221	231	200	282	280	283
232	231	221	283	280	281
232	220	233	283	284	282
221	220	232	282	284	285
237	217	216	236	217	237
289	287	288
286	287	289
218	236	235	217	236	218	291	286	290
287	286	291
238	216	215	237	216	238	289	288	248
248	288	249
234	220	219	293	284	292	285	284	293
233	220	234
235	219	218	234	219	235	290	292	291	293	292	290
271	300	299	310	249	311
112	263	265	138	263	112	137	263	138	136	263	137	135	263	136	263	135	261	112	265	113	113	265	114	114	265	115	115	265	116	265	264	116	116	264	184	184	264	179	179	264	180	180	264	172	172	264	173	173	264	174	174	264	175	175	264	176	268	176	264	176	268	188	188	268	189	54	270	55	55	270	56	56	270	57	57	270	7	273	7	270	7	273	8	8	273	9	9	273	0	0	273	1	275	1	273	1	275	43	43	275	38	38	275	39	39	275	23	23	275	277	23	277	24	24	277	25	25	277	26	26	277	27	276	27	277	27	276	46	46	276	47	47	276	48	48	276	49	276	280	49	49	280	64	64	280	65	65	280	66	66	280	67	282	67	280	67	282	100	100	282	95	95	282	96	96	282	34	285	34	282	34	285	35	35	285	36	36	285	37	37	285	11	285	293	11	11	293	12	12	293	13	13	293	14	14	293	15	15	293	290	15	290	85	85	290	80	80	290	81	81	290	77	290	286	77	286	289	77	77	289	78	78	289	79	79	289	70	70	289	71	248	71	289	71	248	94	94	248	86	86	248	87	87	248	88	155	247	156	156	247	108	251	108	247	108	251	109	109	251	110	110	251	101	101	251	102	253	102	251	102	253	144	144	253	139	139	253	140	140	253	124	124	253	252	124	252	125	125	252	126	126	252	127	127	252	128	256	128	252	128	256	147	147	256	148	148	256	149	149	256	150	256	258	150	258	261	166	165	258	166	164	258	165	163	258	164	150	258	163	193	261	135	192	261	193	197	261	192	166	261	197
189	268	190
190	268	191	191	268	54
270	54	268	248	247	88
88	247	154
154	247	155
320	318	319	321	318	320	318	321	322	323	320	319	319	324	323	324	325	323	324	326	325	327	326	324	328	326	327	329	328	327	329	330	328	331	330	329	331	332	330	333	332	331	333	334	332	334	333	335	334	335	336	337	336	335	338	336	337	337	339	338	340	338	339	341	340	339	340	341	342	343	342	341	344	342	343	343	345	344	344	345	346	346	345	347	347	348	346	347	349	348	349	350	348	350	351	348	352	351	350	351	352	353	352	354	353	353	354	355	356	355	354	356	357	355	358	357	356	359	357	358	359	358	360	361	359	360	362	361	360	361	362	363	362	364	363	364	322	365	365	363	364	365	322	321	531	500	502	532	500	531	533	500	532	534	500	533	535	500	534	500	535	498	531	502	536	536	502	537	537	502	538	538	502	539	502	501	539	539	501	540	540	501	541	541	501	542	542	501	543	543	501	544	544	501	545	545	501	546	546	501	547	505	547	501	547	505	548	548	505	549	549	505	550	550	505	551	507	551	505	551	507	552	552	507	553	553	507	554	554	507	555	510	555	507	555	510	556	556	510	557	557	510	558	558	510	559	512	559	510	559	512	560	560	512	561	561	512	562	562	512	563	563	512	514	563	514	564	564	514	565	565	514	566	566	514	567	513	567	514	567	513	568	568	513	569	569	513	570	570	513	571	513	517	571	571	517	572	572	517	573	573	517	574	574	517	575	519	575	517	575	519	576	576	519	577	577	519	578	578	519	579	522	579	519	579	522	580	580	522	581	581	522	582	582	522	583	522	530	583	583	530	584	584	530	585	585	530	586	586	530	587	587	530	527	587	527	588	588	527	589	589	527	590	590	527	591	527	523	591	523	526	591	591	526	592	592	526	593	593	526	594	594	526	595	485	595	526	595	485	596	596	485	597	597	485	598	598	485	599	485	484	599	599	484	600	600	484	601	601	484	602	602	484	603	488	603	484	603	488	604	604	488	605	605	488	606	606	488	607	490	607	488	607	490	608	608	490	609	609	490	610	610	490	611	611	490	489	611	489	612	612	489	613	613	489	614	614	489	615	493	615	489	615	493	616	616	493	617	617	493	618	618	493	619	493	495	619	495	498	620	621	495	620	622	495	621	623	495	622	619	495	623	624	498	535	625	498	624	626	498	625	620	498	626	741	732	740	741	731	732	742	731	741	742	730	731	743	730	742	743	729	730	651	729	743	651	728	729	652	728	651	652	727	728	653	727	652	653	726	727	654	726	653	654	725	726	655	725	654	655	724	725	656	724	655	656	723	724	657	723	656	657	722	723	658	722	657	658	721	722	659	721	658	659	720	721	660	720	659	660	719	720	661	719	660	661	718	719	662	718	661	662	717	718	663	717	662	663	716	717	664	716	663	664	715	716	665	715	664	665	714	715	666	714	665	666	713	714	667	713	666	668	713	667	668	712	713	669	712	668	669	711	712	670	711	669	670	710	711	671	710	670	671	709	710	672	709	671	672	708	709	673	708	672	673	707	708	674	707	673	674	706	707	675	706	674	675	705	706	676	705	675	676	704	705	677	704	676	677	703	704	678	703	677	678	702	703	679	702	678	679	701	702	680	701	679	680	700	701	681	700	680	681	699	700	682	699	681	682	698	699	683	698	682	683	697	698	684	697	683	684	696	697	685	696	684	685	695	696	686	695	685	686	694	695
368	366	367	369	366	368	370	366	369	371	366	370	372	366	371	366	372	373	368	367	374	374	367	375	375	367	376	376	367	377	367	378	377	377	378	379	379	378	380	380	378	381	381	378	382	382	378	383	383	378	384	384	378	385	385	378	386	387	386	378	386	387	388	388	387	389	389	387	390	391	390	387	390	391	392	392	391	393	393	391	394	394	391	395	396	395	391	395	396	397	397	396	398	398	396	399	399	396	400	401	400	396	400	401	402	402	401	403	403	401	404	404	401	405	405	401	406	405	406	407	407	406	408	408	406	409	409	406	410	411	410	406	410	411	412	412	411	413	413	411	414	414	411	415	411	416	415	415	416	417	417	416	418	418	416	419	419	416	420	421	420	416	420	421	422	422	421	423	423	421	424	424	421	425	426	425	421	425	426	427	427	426	428	428	426	429	429	426	430	426	431	430	430	431	432	432	431	433	433	431	434	434	431	435	435	431	436	435	436	437	437	436	438	438	436	439	439	436	440	436	441	440	441	442	440	440	442	443	443	442	444	444	442	445	445	442	446	447	446	442	446	447	448	448	447	449	449	447	450	447	451	450	450	451	452	452	451	453	453	451	454	455	454	451	454	455	456	456	455	457	457	455	458	458	455	459	460	459	455	459	460	461	461	460	462	462	460	463	463	460	464	464	460	465	464	465	466	466	465	467	467	465	468	468	465	469	470	469	465	469	470	471	471	470	472	472	470	473	473	470	474	470	475	474	475	373	476	477	475	476	478	475	477	479	475	478	474	475	479	480	373	372	481	373	480	482	373	481	476	373	482	627	516	515	628	516	627	516	628	518	629	627	515	515	511	629	511	630	629	511	631	630	509	631	511	632	631	509	508	632	509	508	633	632	506	633	508	506	634	633	504	634	506	504	635	634	635	504	503	635	503	636	499	636	503	637	636	499	499	497	637	638	637	497	496	638	497	638	496	639	494	639	496	640	639	494	494	492	640	640	492	641	641	492	491	491	642	641	491	487	642	487	483	642	483	643	642	486	643	483	643	486	644	486	525	644	644	525	645	524	645	525	524	646	645	528	646	524	647	646	528	647	528	529	648	647	529	521	648	529	648	521	649	521	520	649	520	518	650	649	520	650	650	518	628	777	754	778	777	755	754	776	755	777	776	756	755	775	756	776	775	757	756	767	757	775	767	758	757	766	758	767	766	784	758	765	784	766	765	782	784	764	782	765	764	783	782	763	783	764	763	749	783	773	749	763	773	750	749	772	750	773	772	751	750	774	751	772	774	752	751	761	752	774	761	753	752	760	753	761	760	785	753	759	785	760	759	786	785	762	786	759	762	787	786	748	787	762	748	788	787	747	788	748	747	789	788	746	789	747	746	790	789	745	790	746	745	791	790	744	791	745	744	792	791	832	792	744	832	793	792	831	793	832	831	794	793	830	794	831	830	795	794	801	795	830	801	796	795	800	796	801	800	810	796	799	810	800	799	807	810	798	807	799	798	808	807	797	808	798	797	809	808	839	809	797	839	826	809	838	826	839	838	824	826	837	824	838	837	825	824	835	825	837	835	811	825	834	811	835	834	812	811	833	812	834	833	813	812	836	813	833	836	814	813	806	814	836	806	815	814	805	815	806	805	822	815	804	822	805	804	823	822	803	823	804	803	821	823	802	821	803	802	819	821	847	868	963	868	847	848	869	868	848	845	847	963	844	845	963	1009	844	963	1009	843	844	1019	843	1009	843	1019	842	1019	1013	842	841	842	1013	1012	841	1013	841	1012	840	1036	840	1012	846	840	1036	1036	1046	846	863	846	1046	1047	863	1046	863	1047	862	1018	862	1047	861	862	1018	1024	861	1018	1024	860	861	1024	1045	860	1045	859	860	1042	859	1045	912	859	1042	912	856	859	856	912	855	905	855	912	904	855	905	904	858	855	904	927	858	858	927	857	927	893	857	854	857	893	854	893	895	853	854	895	895	902	853	902	852	853	959	852	902	852	959	851	961	851	959	850	851	961	961	899	850	849	899	869	899	849	850	849	869	848
447	354	352	442	354	447	486	484	485	483	484	486
442	356	354	441	356	442	483	488	484	487	488	483
431	358	436	360	358	431	492	490	491	489	490	492
356	436	358	441	436	356	488	491	490	487	491	488
426	360	431	362	360	426	494	489	492	493	489	494
421	362	426	364	362	421	496	493	494	495	493	496
421	322	364	416	322	421	496	498	495	497	498	496
416	318	322	411	318	416	497	500	498	499	500	497
401	319	406	324	319	401	504	502	503	501	502	504
318	406	319	411	406	318	500	503	502	499	503	500
396	324	401	327	324	396	506	501	504	505	501	506
391	327	396	329	327	391	508	505	506	507	505	508
391	331	329	387	331	391	508	510	507	509	510	508
387	333	331	378	333	387	509	512	510	511	512	509
366	335	367	337	335	366	516	514	515	513	514	516
333	367	335	378	367	333	512	515	514	511	515	512
373	337	366	339	337	373	518	513	516	517	513	518
475	339	373	341	339	475	520	517	518	519	517	520
341	470	343	475	470	341	519	521	522	520	521	519
350	455	451	349	455	350	526	524	525	523	524	526
460	349	347	455	349	460	528	523	527	524	523	528
352	451	447	350	451	352	485	525	486	526	525	485
345	470	465	343	470	345	530	521	529	522	521	530
347	465	460	345	465	347	527	529	528	530	529	527
737	735	736	738	735	737	689	691	692
738	734	735	739	734	738	688	692	693	689	692	688
739	733	734	740	733	739	687	693	694
740	732	733	687	694	686
688	693	687
690	691	689
716	602	603	716	601	602	716	600	601	716	599	600	446	747	748	446	746	747	446	745	746	446	744	745
716	715	599	715	714	599	446	448	744	448	449	744
714	713	599	449	450	744
659	542	543	659	541	542	659	540	541	659	539	540	659	658	539	658	657	539	657	656	539	656	655	539	400	752	753	400	751	752	400	750	751	400	749	750	400	402	749	402	403	749	403	404	749	404	405	749
651	532	531	651	533	532	651	534	533	651	535	534	651	743	535	743	742	535	742	741	535	741	740	535	410	757	758	410	756	757	410	755	756	410	754	755	410	412	754	412	413	754	413	414	754	414	415	754
720	606	607	720	605	606	720	604	605	720	603	604	720	719	603	719	718	603	718	717	603	717	716	603	440	760	761	440	759	760	440	762	759	440	748	762	440	443	748	443	444	748	444	445	748	445	446	748
728	614	615	728	613	614	728	612	613	728	611	612	728	727	611	727	726	611	726	725	611	725	724	611	430	766	767	430	765	766	430	764	765	430	763	764	430	432	763	432	433	763	433	434	763	434	435	763
740	624	535	740	625	624	740	626	625	740	620	626	740	739	620	739	738	620	738	737	620	737	736	620	415	771	754	415	770	771	415	769	770	415	768	769	415	417	768	417	418	768	418	419	768	419	420	768
724	610	611	724	609	610	724	608	609	724	607	608	724	723	607	723	722	607	722	721	607	721	720	607	435	773	763	435	772	773	435	774	772	435	761	774	435	437	761	437	438	761	438	439	761	439	440	761
732	618	619	732	617	618	732	616	617	732	615	616	732	731	615	731	730	615	730	729	615	729	728	615	425	777	778	425	776	777	425	775	776	425	767	775	425	427	767	427	428	767	428	429	767	429	430	767
736	621	620	736	622	621	736	623	622	736	619	623	736	735	619	735	734	619	734	733	619	733	732	619	420	781	768	420	780	781	420	779	780	420	778	779	420	422	778	422	423	778	423	424	778	424	425	778
655	538	539	655	537	538	655	536	537	655	531	536	655	654	531	654	653	531	653	652	531	652	651	531	405	783	749	405	782	783	405	784	782	405	758	784	405	407	758	407	408	758	408	409	758	409	410	758
663	546	547	663	545	546	663	544	545	663	543	544	663	662	543	662	661	543	661	660	543	660	659	543	395	787	788	395	786	787	395	785	786	395	753	785	395	397	753	397	398	753	398	399	753	399	400	753
667	550	551	390	791	792
667	549	550	390	790	791
667	548	549	667	547	548	667	666	547	666	665	547	665	664	547	664	663	547	390	789	790	390	788	789	390	392	788	392	393	788	393	394	788	394	395	788
670	554	555	670	553	554	670	552	553	670	551	552	386	795	796	386	794	795	386	793	794	386	792	793
670	669	551	669	668	551	386	388	792	388	389	792
668	667	551	389	390	792
710	594	595	710	593	594	710	592	593	710	591	592	710	709	591	709	708	591	708	707	591	707	706	591	454	800	801	454	799	800	454	798	799	454	797	798	454	456	797	456	457	797	457	458	797	458	459	797
698	582	583	698	581	582	698	580	581	698	579	580	698	697	579	697	696	579	696	695	579	695	694	579	469	805	806	469	804	805	469	803	804	469	802	803	469	471	802	471	472	802	472	473	802	473	474	802
674	558	559	674	557	558	674	556	557	674	555	556	674	673	555	673	672	555	672	671	555	671	670	555	382	808	809	382	807	808	382	810	807	382	796	810	382	383	796	383	384	796	384	385	796	385	386	796
682	566	567	682	565	566	682	564	565	682	563	564	682	681	563	681	680	563	680	679	563	679	678	563	368	814	815	368	813	814	368	812	813	368	811	812	368	374	811	374	375	811	375	376	811	376	377	811
690	574	575	690	573	574	690	572	573	690	571	572	690	689	571	689	688	571	688	687	571	687	686	571	476	817	818	476	816	817	476	820	816	476	819	820	476	482	819	482	481	819	481	480	819	480	372	819
686	570	571	686	569	570	686	568	569	686	567	568	686	685	567	685	684	567	684	683	567	683	682	567	372	821	819	372	823	821	372	822	823	372	815	822	372	371	815	371	370	815	370	369	815	369	368	815
678	562	563	678	561	562	678	560	561	678	559	560	678	677	559	677	676	559	676	675	559	675	674	559	377	825	811	377	824	825	377	826	824	377	809	826	377	379	809	379	380	809	380	381	809	381	382	809
694	578	579	694	577	578	694	576	577	694	575	576	694	693	575	693	692	575	692	691	575	691	690	575	474	827	802	474	829	827	474	828	829	474	818	828	474	479	818	479	478	818	478	477	818	477	476	818
713	598	599	713	597	598	713	596	597	713	595	596	450	832	744	450	831	832	450	830	831	450	801	830
713	712	595	450	452	801
712	711	595	711	710	595	452	453	801	453	454	801
702	586	587	702	585	586	702	584	585	702	583	584	702	701	583	701	700	583	700	699	583	699	698	583	464	834	835	464	833	834	464	836	833	464	806	836	464	466	806	466	467	806	467	468	806	468	469	806
706	590	591	706	589	590	706	588	589	706	587	588	706	705	587	705	704	587	704	703	587	703	702	587	459	839	797	459	838	839	459	837	838	459	835	837	459	461	835	461	462	835	462	463	835	463	464	835
781	769	768	780	769	781
780	770	769	779	770	780	829	816	820	828	816	829
779	771	770	829	820	827
778	771	779	827	820	819
778	754	771	827	819	802
828	817	816	818	817	828
841	355	357	840	355	841
357	842	841	359	842	357
844	361	363	843	361	844
842	361	843	359	361	842
845	363	365	844	363	845
353	840	846	355	840	353
848	321	320	847	321	848
320	849	848	323	849	320
851	325	326	850	325	851
849	325	850	323	325	849
852	326	328	851	326	852
365	847	845	321	847	365
328	853	852	330	853	328
330	854	853	332	854	330
856	338	340	855	338	856
332	857	854	334	857	332
334	858	857	336	858	334
858	338	855	336	338	858
860	342	344	859	342	860
344	861	860	346	861	344
863	348	351	862	348	863
861	348	862	346	348	861
846	351	353	863	351	846
340	859	856	342	859	340
866	864	865
869	867	868
865	864	870
872	871	864
874	873	868
872	875	876
864	875	872
879	877	878
870	871	880
883	881	882
865	884	866
875	864	885
884	865	886
888	886	887
890	889	888
892	886	891
895	893	894
886	888	896
892	884	886
883	894	897
891	886	896
899	898	869
878	900	881
901	886	865
882	902	895
871	870	864
905	903	904
908	906	907
908	907	905
911	909	910
912	908	905
915	913	914
904	903	916
918	878	917
921	919	920
907	903	905
890	922	921
924	923	897
904	916	925
926	897	923
928	927	925
864	866	885
930	929	897
927	904	925
923	924	931
934	932	933
924	894	893
924	928	931
870	935	865
938	936	937
918	920	939
940	917	881
939	941	879
888	942	896
922	943	919
936	944	945
890	940	889
946	934	941
879	918	939
933	877	879
938	947	948
949	947	938
945	950	936
950	951	937
944	952	945
936	948	944
951	915	914
953	947	910
955	954	867
937	936	950
888	889	883
946	956	932
954	914	913
938	937	914
929	942	888
894	882	895
898	899	957
924	893	927
874	958	873
928	924	927
941	934	879
961	959	960
901	865	935
953	932	947
900	962	882
897	929	888
954	949	914
936	938	948
874	954	913
938	914	949
957	899	961
867	954	874
961	960	957
867	898	955
873	963	868
959	902	962
955	911	910
882	962	902
958	913	915
911	898	957
958	874	913
901	887	886
951	914	937
965	877	964
881	900	882
966	960	962
879	878	918
918	921	920
901	935	943
922	901	943
919	921	922
887	922	890
874	868	867
867	869	898
924	897	894
883	882	894
948	932	956
956	944	948
967	966	964
909	964	877
911	964	909
909	877	933
959	962	960
967	960	966
921	940	890
889	881	883
921	917	940
940	881	889
901	922	887
890	888	887
954	955	949
910	947	949
877	965	878
966	962	900
957	967	911
965	964	966
965	966	900
900	878	965
964	911	967
957	960	967
921	918	917
878	881	917
926	930	897
897	888	883
946	932	934
933	879	934
898	911	955
910	949	955
953	910	909
932	948	947
953	909	933
933	932	953
970	968	969
973	971	972
976	974	975
945	952	977
978	945	977
981	979	980
978	982	983
984	970	969
986	985	976
978	987	982
989	988	980
989	974	976
978	950	945
976	975	987
992	990	991
994	980	993
996	990	995
999	997	998
982	984	969
990	996	991
979	1000	1001
1003	970	1002
915	969	968
1006	1004	1005
958	968	1003
950	978	983
1001	1007	1008
969	951	983
976	985	988
873	1009	963
873	958	1003
1011	1010	1007
968	958	915
982	969	983
983	951	950
969	915	951
1013	971	1012
1004	1006	1014
1015	989	980
1011	997	999
970	1016	1002
994	981	980
1018	1010	1017
1013	1019	1020
1011	1007	1000
1023	1021	1022
1018	1017	1024
986	987	977
1006	1025	1014
970	1003	968
1004	1026	1027
1030	1028	1029
1014	1026	1004
1032	1031	1030
1004	1030	1033
1032	1030	1029
1028	1030	1004
1021	1017	1011
1033	1030	998
1031	1034	1021
1020	971	1013
1002	1016	1020
1035	1014	872
1014	871	872
973	1036	1012
1014	1037	1026
1003	1002	1009
872	876	1035
1038	1014	1035
999	1021	1011
1003	1009	873
880	871	1025
1039	1020	1016
971	1020	1039
1031	1021	1030
1022	1021	1034
1021	1023	1017
998	1030	999
1041	1017	1040
1043	908	1042
1024	1044	1045
1008	1007	1046
1046	1007	1047
1041	1044	1024
1027	1028	1004
1023	1040	1017
1047	1010	1018
988	985	993
1048	1043	1042
1045	1049	1048
908	912	1042
906	908	1043
1042	1045	1048
979	1015	980
1036	1008	1046
981	994	992
871	1014	1025
1044	1049	1045
1039	1050	1051
1041	1024	1017
1001	1052	979
1037	1014	1038
1051	1053	1039
1000	1054	997
1036	973	1008
1001	1008	1055
981	992	991
991	979	981
1004	1033	1005
998	991	996
1002	1020	1019
1019	1009	1002
1047	1007	1010
1010	1011	1017
978	977	987
987	986	976
1050	974	1051
972	1039	1053
1051	989	1015
1053	1015	1052
1030	1021	999
1000	997	1011
979	1054	1000
997	991	998
1054	979	991
1054	991	997
1033	998	996
995	1005	996
1033	996	1005
995	1006	1005
1012	971	973
1055	1008	973
982	975	984
1050	1016	984
1007	1001	1000
1053	1052	1055
1051	1015	1053
1055	972	1053
1015	979	1052
1052	1001	1055
1055	973	972
971	1039	972
993	980	988
989	976	988
970	984	1016
1050	1039	1016
989	1051	974
1050	975	974
1050	984	975
982	987	975
629	1056	627
1059	1057	1058
629	630	1060
1061	627	1056
630	631	1062
1065	1063	1064
1068	1066	1067
919	1069	1065
1072	1070	1071
1074	1073	633
1075	870	880
1077	1061	1076
1079	870	1078
1082	1080	1081
636	637	1058
943	1069	919
1085	1083	1084
935	870	1079
1085	946	941
1087	1076	1086
1065	920	919
1089	1088	1074
1073	632	633
1091	1082	1090
1092	631	632
1094	1073	1093
1058	638	1059
633	634	1074
1095	1088	1089
627	1061	628
1089	634	635
1098	1096	1097
1100	1098	1099
1089	635	1101
1089	1101	1102
1082	1103	1057
1097	1096	1069
939	920	1104
1106	1085	1105
1085	941	1083
1102	1107	1095
1095	1107	1108
1110	1060	1109
956	1067	944
630	1062	1060
1097	943	935
1106	956	946
1073	1092	632
1086	1111	1112
1114	1113	1094
956	1106	1067
1094	1093	1114
1083	941	939
1085	1115	1105
1117	1116	1080
1116	1117	1068
1100	1099	1118
1120	1078	1119
1122	1121	1110
1125	1123	1124	1132	1117	1131	1117	1091	1140	1140	1131	1117	1075	1124	1123	1124	1112	1125
1119	1123	1125
1076	1121	1086
1101	635	636
1102	1095	1089
1088	1093	1073
1062	1092	1094
1068	1126	1116
1081	1105	1107
935	1079	1097
1070	1098	1100
1072	1064	1063
1104	1065	1064
1063	1070	1072
1071	1100	1109
1091	1080	1082
1082	1102	1103
1062	1109	1060
1110	1056	1060
939	1104	1083
1059	1090	1057
1128	1114	1127
1071	1129	1094
650	628	1077
1118	1099	1122
1109	1062	1129
1130	1113	1114
1101	636	1103
1103	1102	1101
1073	1094	1092
1092	1062	631
1068	1117	1132
1066	952	944
1095	1133	1088
1102	1081	1107
1115	1085	1084
1088	1133	1093
1128	1127	1134
1093	1127	1114
1135	1130	1114
1135	1128	1136
1115	1134	1108
946	1085	1106
1126	1106	1105
1097	1120	1137
1139	1120	1138
1120	1139	1137
1111	1122	1099
920	1065	1104
1136	1104	1135
870	1075	1078
1120	1097	1079
1078	1075	1123
1125	1112	1138
1078	1120	1079
1119	1138	1120
1138	1112	1111
1099	1139	1111
629	1060	1056
1110	1061	1056
1102	1082	1081
1126	1081	1116
1132	1066	1068
1126	1068	1067
1132	952	1066
944	1067	1066
1084	1134	1115
1115	1107	1105
1087	1077	1076
1061	1121	1076
1087	650	1077
628	1061	1077
1061	1110	1121
1111	1086	1121
634	1089	1074
1088	1073	1074
1090	1082	1057
1103	1058	1057
1103	636	1058
638	1058	637
1138	1111	1139
1098	1137	1099
1139	1099	1137
1098	1097	1137
943	1097	1069
1096	1065	1069
1067	1106	1126
1105	1081	1126
1072	1130	1064
1135	1104	1064
1063	1065	1096
1096	1070	1063
1096	1098	1070
1100	1071	1070
1080	1091	1117
1116	1081	1080
1062	1094	1129
1129	1071	1109
1095	1108	1133
1127	1133	1134
1107	1115	1108
1134	1133	1108
1093	1133	1127
1084	1128	1134
1084	1136	1128
1128	1135	1114
1136	1084	1083
1083	1104	1136
1135	1064	1130
1071	1113	1072
1130	1072	1113
1113	1071	1094
1111	1121	1122
1109	1118	1110
1122	1110	1118
1118	1109	1100
1078	1123	1119
1119	1125	1138
641	1141	640
1087	1142	1143
641	642	1144
1145	640	1141
642	643	1146
1149	1147	1148
1152	1150	1151
993	1153	1154
1147	1155	1156
1158	1157	645
1132	977	952
1160	1145	1159
1162	977	1161
1165	1163	1164
1168	1166	1167
985	1153	993
1170	1144	1169
986	977	1162
1168	995	990
1059	1159	1090
1154	994	993
1171	985	986
1157	644	645
1112	1165	1086
644	1172	643
1174	1157	1173
1143	650	1087
645	646	1158
1177	1175	1176
640	1145	639
1177	646	647
1179	1178	1171
1181	1179	1180
1177	647	1182
1177	1182	1183
1165	1184	1142
1171	1178	1153
992	994	1185
1187	1168	1186
1157	1172	644
1183	1188	1175
1175	1188	1189
648	649	1143
1006	1151	1025
642	1146	1144
1177	1176	1158
1187	1006	995
1168	990	1166
1090	1190	1091
1192	1191	1174
1006	1187	1151
1174	1173	1192
1166	990	992
1168	1193	1186
1124	1194	1163
1194	1124	1152
1181	1180	1195
1197	1161	1196
1199	1198	1170
1196	1131	1140
1159	1198	1090
1182	647	648
1183	1175	1177
1176	1173	1157
1146	1172	1174
1152	1200	1194
1164	1186	1188
986	1162	1171
1155	1179	1181
1147	1149	1201
1185	1154	1149
1201	1155	1147
1156	1181	1169
1112	1163	1165
1165	1183	1184
1146	1169	1144
1170	1141	1144
992	1185	1166
1087	1086	1142
1203	1192	1202
1156	1204	1174
638	639	1160
1195	1180	1199
1169	1146	1204
1148	1191	1192
1182	648	1184
1184	1183	1182
1157	1174	1172
1172	1146	643
1152	1124	1075
1150	880	1025
1175	1205	1176
1183	1164	1188
1193	1168	1167
1176	1205	1173
1203	1202	1206
1173	1202	1192
1207	1148	1192
1207	1203	1208
1193	1206	1189
995	1168	1187
1200	1187	1186
1171	1197	1209
1211	1197	1210
1197	1211	1209
1190	1199	1180
994	1154	1185
1208	1185	1207
977	1132	1161
1197	1171	1162
1161	1132	1131
1140	1091	1210
1161	1197	1162
1196	1210	1197
1210	1091	1190
1180	1211	1190
641	1144	1141
1170	1145	1141
1183	1165	1164
1200	1164	1194
1075	1150	1152
1200	1152	1151
1075	880	1150
1025	1151	1150
1167	1206	1193
1193	1188	1186
1059	1160	1159
1145	1198	1159
1059	638	1160
639	1145	1160
1145	1170	1198
1190	1090	1198
646	1177	1158
1176	1157	1158
1086	1165	1142
1184	1143	1142
1184	648	1143
650	1143	649
1210	1190	1211
1179	1209	1180
1211	1180	1209
1179	1171	1209
985	1171	1153
1178	1154	1153
1151	1187	1200
1186	1164	1200
1207	1185	1149
1154	1201	1149
1201	1154	1178
1178	1155	1201
1178	1179	1155
1181	1156	1155
1163	1112	1124
1194	1164	1163
1146	1174	1204
1204	1156	1169
1175	1189	1205
1202	1205	1206
1188	1193	1189
1206	1205	1189
1173	1205	1202
1167	1203	1206
1167	1208	1203
1203	1207	1192
1208	1167	1166
1166	1185	1208
1207	1149	1148
1156	1191	1147
1148	1147	1191
1191	1156	1174
1190	1198	1199
1169	1195	1170
1199	1170	1195
1195	1169	1181
1161	1131	1196
1196	1140	1210
906	1043	311
1048	310	1043
309	1048	1049
1041	308	1044
308	1041	1040
309	1049	1044
307	1040	1023
309	310	1048
1044	308	309
1043	310	311
306	1022	1034
306	307	1023
306	1034	305
1040	307	308
1023	1022	306
1032	304	1031
1029	304	1032
1028	303	1029
302	1027	1026
301	1037	1038
301	1026	1037
303	1028	1027
303	304	1029
1027	302	303
1031	304	305
299	1035	876
1038	300	301
299	300	1035
1026	301	302
1038	1035	300
1034	1031	305
296	884	892
297	885	866
866	884	297
295	896	942
896	294	891
929	295	942
294	892	891
299	876	875
875	298	299
875	885	298
297	298	885
294	296	892
297	884	296
294	896	295
295	929	317
928	314	931
931	315	923
925	314	928
312	903	907
903	313	916
916	313	925
906	311	907
316	930	926
930	316	317
926	923	316
929	930	317
316	923	315
314	315	931
925	313	314
903	312	313
312	907	311

#	Normal	924
2.49756e-006	-0	-6.0293e-006
5.17725e-006	-0	3.97266e-006
5.17773e-006	-0	-3.97266e-006
6.0293e-006	-0	2.49805e-006
3.97314e-006	-0	-5.17773e-006
6.02979e-006	-0	-2.49805e-006
8.51563e-007	-0	-6.4707e-006
4.96582e-007	-4.01688e-009	-3.77344e-006
7.10449e-007	4.02069e-009	-5.39258e-006
6.4707e-006	-0	-8.51563e-007
2.49756e-006	-0	6.0293e-006
3.97314e-006	-0	5.17773e-006
8.52051e-007	-0	6.4707e-006
7.09961e-007	4.60434e-009	5.39453e-006
4.9707e-007	-6.15311e-009	3.77344e-006
6.47021e-006	-0	8.51563e-007
-2.49756e-006	-0	6.0293e-006
-5.17725e-006	0	-3.97266e-006
-5.17773e-006	-0	3.97266e-006
-6.0293e-006	0	-2.49805e-006
-3.97314e-006	-0	5.17773e-006
-6.02979e-006	-0	2.49805e-006
-8.51563e-007	-0	6.4707e-006
-8.64872e-007	1.67847e-010	6.56985e-006
-5.07679e-007	-3.14426e-009	3.85771e-006
-7.10449e-007	1.24645e-009	5.39453e-006
-6.4707e-006	-0	8.51563e-007
-2.49756e-006	0	-6.0293e-006
-3.97314e-006	0	-5.17773e-006
-7.09961e-007	0	-5.39258e-006
-8.58707e-007	-1.49536e-009	-6.52126e-006
-8.38253e-007	-1.67847e-010	-6.36765e-006
-6.47021e-006	0	-8.51563e-007
-0	1	-0
0.00122243	0.999999	0.00011164
-1.46963e-005	1	-0.000111608
0.000171514	1	-4.59568e-005
0.000171514	1	4.59568e-005
-1.46872e-005	1	0.000111605
0.00211237	0.999998	-0.000319046
-8.87804e-005	-1	-0.00067438
-8.87804e-005	-1	0.000214337
-4.59559e-005	-1	-0.000110943
-4.59559e-005	-1	5.98891e-005
-3.24958e-005	-1	-4.23504e-005
-3.24958e-005	-1	2.49363e-005
-2.65326e-005	-1	-2.03588e-005
-2.65326e-005	-1	1.09897e-005
-2.37886e-005	-1	-9.85312e-006
-2.37886e-005	-1	3.13203e-006
-2.29779e-005	-1	-3.02531e-006
-8.87804e-005	-1	0.00067438
-0.130527	-0	0.991445
-0.130527	2.54935e-005	0.991445
-0.130521	-0	0.991446
-0.38268	-0	0.923881
-0.382696	7.47453e-005	0.923874
-0.793337	-0	0.608783
-0.793358	-0	0.608755
-0.793337	0.000154949	0.608783
-0.608773	-0	0.793345
-0.608752	0.000118897	0.793361
-0.923885	-0	0.382669
-0.92387	0.000180443	0.382707
-0.991444	-0	0.130535
-0.991449	-0	0.130492
-0.991444	0.000193641	0.130535
-0.991444	-0	-0.130535
-0.991444	0.000193641	-0.130535
-0.991449	-0	-0.130492
-0.923885	-0	-0.382669
-0.92387	0.000180443	-0.382707
-0.608773	-0	-0.793345
-0.608752	-0	-0.793361
-0.608773	0.000118901	-0.793345
-0.793337	0	-0.608783
-0.793358	0.000154953	-0.608755
-0.38268	-0	-0.923881
-0.382696	7.47453e-005	-0.923874
-0.130527	-0	-0.991445
-0.130521	-0	-0.991446
-0.130527	2.54935e-005	-0.991445
0.130521	-0	-0.991446
0.130521	-2.54924e-005	-0.991446
0.130527	-0	-0.991445
0.382696	-0	-0.923874
0.38268	-7.47422e-005	-0.923881
0.793358	-0	-0.608755
0.608752	-0	-0.793361
0.608773	-0.000118901	-0.793345
0.92387	-0	-0.382707
0.923885	-0.000180446	-0.382669
0.991449	-0.000193642	-0.130492
0.991444	-0	-0.130535
0.991444	-0.000193641	0.130535
0.991449	0	0.130492
0.382696	-0	0.923874
0.38268	-0	0.923881
0.382696	-7.47453e-005	0.923874
0.608752	0	0.793361
0.608773	-0.000118901	0.793345
0.130521	-0	0.991446
0.130527	-2.54935e-005	0.991445
0.92387	-0	0.382707
0.923885	-0.000180446	0.382669
0.793358	-0	0.608755
0.000301841	1	-0
-0	-1	-0
-0.0019495	-0.999998	0.00091864
-1.47013e-005	-1	-0.000111602
-0.000177565	-1	-0
-1.4696e-005	-1	0.000111605
-0.00113719	-0.999999	-0.000535864
-0	0	-1
-0	0	1
-0.991438	0.130575	-0
-0.923867	0.382715	-0
-0.608745	0.793366	-0
-0.793361	0.608751	-0
-0.382549	0.923935	-0
-0.130445	0.991455	-0
0.130451	0.991455	0
0.382715	0.923867	0
0.793317	0.608808	0
0.608877	0.793265	-0
0.923898	0.382639	0
0.99145	0.130489	0
0.991438	-0.130575	-0
0.923867	-0.382715	-0
0.608745	-0.793366	-0
0.793361	-0.608751	-0
0.382549	-0.923935	-0
0.130624	-0.991432	-0
-0.130618	-0.991433	0
-0.923882	-0.382677	0
-0.793404	-0.608696	-0
-0.99145	-0.130489	0
-0.382715	-0.923867	0
-0.608766	-0.79335	0
-0	-0	-1.94968e-005
-0	-0	-3.89935e-005
-0	-0	-5.81564e-005
-0	-0	-7.80565e-005
-0	0	-5.85597e-005
-0	0	-1.95662e-005
-1.72031e-005	2.26562e-006	-0
-2.19844e-005	2.89453e-006	-1.22223e-008
-2.4875e-005	3.27734e-006	-0
1.37656e-005	1.05664e-005	-0
6.65625e-006	1.60391e-005	-0
-1.60313e-005	6.64453e-006	-0
-1.05625e-005	1.37734e-005	-0
2.26563e-006	1.72109e-005	-0
-1.37813e-005	1.05703e-005	-0
-6.65625e-006	1.60391e-005	-0
-2.26562e-006	1.72109e-005	-0
1.05625e-005	1.37695e-005	-0
1.60313e-005	6.64453e-006	-0
1.24375e-005	1.63672e-006	-0
2.19844e-005	2.89453e-006	-4.62341e-009
1.72031e-005	2.26562e-006	-8.8501e-009
1.72031e-005	-2.26562e-006	-0
2.19844e-005	-2.89453e-006	-1.22223e-008
2.48906e-005	-3.27734e-006	-0
-1.60469e-005	-6.64063e-006	0
-6.65625e-006	-1.60391e-005	0
1.60312e-005	-6.64453e-006	-0
1.05625e-005	-1.37734e-005	-0
2.26562e-006	-1.72148e-005	-0
6.64062e-006	-1.60391e-005	-0
1.37812e-005	-1.05703e-005	-0
-2.26563e-006	-1.72109e-005	0
-1.72031e-005	-2.26562e-006	0
-2.4875e-005	-3.27734e-006	-4.87366e-008
-2.19844e-005	-2.89062e-006	2.14691e-008
-1.05625e-005	-1.37734e-005	0
-1.37656e-005	-1.05664e-005	0
-0	-0	1.94968e-005
-0	-0	3.89935e-005
-0	-0	5.84253e-005
-0	-0	5.85597e-005
-0	-0	7.7922e-005
-0	0	1.95662e-005
-0.923845	0.382766	-0
-0.793344	0.608774	-0
-0.382484	0.923962	-0
-0.608727	0.79338	-0
-0.130487	0.99145	-0
-0.991442	0.130551	-0
0.382766	0.923845	-0
0.608763	0.793352	0
0.923898	0.382638	-0
0.793344	0.608774	-0
0.991451	0.130478	-0
0.130478	0.991451	0
0.991442	-0.130551	-0
0.923872	-0.382702	-0
0.130478	-0.991451	-0
0.793344	-0.608774	-0
0.608691	-0.793408	-0
0.382766	-0.923845	-0
-0.382739	-0.923856	0
-0.608763	-0.793352	-0
-0.923872	-0.382702	0
-0.79338	-0.608727	0
-0.991451	-0.130478	0
-0.130782	-0.991411	-0
0.2685	-0.898517	-0.347239
0.34518	0.755602	0.556701
0.287236	-0.782475	-0.552475
0.0713192	-0.880003	-0.469583
0.168522	0.824136	0.540741
0.0488062	-0.943042	-0.329074
0.138462	-0.921701	-0.362348
0.950743	0.151851	-0.270238
0.1141	-0.794213	-0.596831
0.909958	-0.329101	0.252327
0.351534	-0.884479	-0.30679
0.154147	-0.921307	-0.356977
0.383944	-0.87392	-0.298079
0.666845	-0.727571	-0.161113
0.791504	-0.605568	-0.0825149
0.484221	-0.858224	-0.17024
0.675399	-0.434132	0.596126
0.599951	-0.792907	-0.106565
0.420478	-0.875998	-0.236277
0.724069	-0.58458	0.366046
0.564085	-0.816953	-0.119979
0.55337	0.638691	0.534654
0.995905	-0.0880721	0.0204233
0.499132	-0.775847	-0.385912
0.79664	-0.233958	0.557341
0.135903	-0.80409	-0.578765
0.111548	-0.777529	0.618875
0.047119	-0.808093	0.587167
0.109088	-0.765366	0.634283
0.769178	0.636762	0.0538443
0.110211	-0.766078	0.633229
0.136805	0.986658	0.0882625
0.245836	-0.769405	0.589559
0.95531	0.000141765	-0.295605
0.808346	-0.237395	-0.538722
0.154028	-0.762754	0.628077
0.837246	-0.433423	-0.333413
0.594073	-0.727424	0.343412
0.360557	-0.722294	0.590161
0.589191	-0.74811	0.305263
0.448346	-0.713418	0.538535
0.258077	-0.901963	-0.346206
0.630875	-0.763927	0.135689
0.336763	-0.73722	0.585744
0.551296	-0.740624	0.384121
0.706008	0.570286	-0.419911
0.62463	-0.550632	0.553753
0.498488	-0.736724	0.456889
0.34167	-0.747962	-0.569046
0.266245	0.91931	-0.289799
0.816401	-4.18839e-005	-0.577486
0.973028	-0.221371	-0.0648946
0.791672	0.232414	-0.565013
0.599692	-0.79942	-0.0360052
0.682709	-0.438831	-0.58424
0.168522	0.824136	-0.540741
0.867706	-0.483585	-0.115028
0.664459	0.426956	-0.613353
0.832373	0.135207	-0.53747
0.891718	0.349366	-0.28772
0.457652	0.839448	-0.293056
0.486411	0.864652	-0.125621
0.0753522	0.91358	-0.399618
0.0490496	0.977627	-0.204545
0.116417	0.809134	-0.575977
0.280449	0.800253	-0.530041
0.0884448	0.996081	-0
0.639427	0.759747	-0.117975
0.465287	0.83584	0.29134
0.133167	0.939514	-0.315563
0.781353	-0.611845	0.123017
0.54028	0.623582	-0.565016
0.27623	0.95379	0.118242
0.27623	0.95379	-0.118242
0.615006	-0.786845	0.0514102
0.783446	-0.309533	0.538889
0.609179	0.598536	0.520245
0.534781	-0.617235	0.577088
0.0753522	0.91358	0.399618
0.462213	-0.707509	0.534594
0.779736	0.30591	-0.546289
0.77006	0.226069	0.596573
0.410119	-0.726944	-0.550777
0.655217	0.692115	-0.302766
0.947377	-0.106688	0.301817
0.641464	-0.758015	0.118055
0.334193	0.938759	0.0839417
0.335169	0.882709	-0.329372
0.266245	0.91931	0.289799
0.334193	0.938759	-0.0839417
0.690036	0.44339	0.572063
0.336943	0.881658	0.330377
0.750659	0.371124	0.546606
0.510587	0.801024	0.312508
0.116417	0.809134	0.575977
0.817056	-4.19175e-005	0.576559
0.685806	0.713772	0.142126
0.833281	-0.144766	0.533559
0.0490496	0.977627	0.204545
0.73124	0.593897	0.335521
0.133167	0.939514	0.315563
0.566484	-0.737175	-0.368333
0.136805	0.986658	-0.0882625
0.930413	0.366449	-0.00680041
0.95217	-0.157006	0.262149
0.913864	0.154319	0.37555
0.949014	0.11465	-0.293646
0.833861	-0.173519	-0.523992
0.529865	-0.611561	-0.587568
0.62512	-0.561	-0.542683
0.796798	-0.298057	-0.525619
0.764524	-0.543603	-0.346409
0.280256	0.800304	0.530066
0.515292	0.678706	0.52329
0.733142	-0.577138	0.359743
0.828303	-0.417612	0.373517
0.462697	0.70692	-0.534953
0.34536	0.755997	-0.556053
0.901902	0.378436	0.208228
0.907104	0.419733	-0.0313998
0.828359	0.555431	0.0729212
0.869979	0.457005	-0.185157
0.830173	0.0986058	0.548716
0.870345	0.316621	0.377162
0.85931	-0.41486	-0.299128
0.900743	-0.412298	0.13665
0.919444	-0.290697	-0.264799
0.929994	-0.367376	-0.0120827
0.66376	-0.603968	-0.441186
0.698505	-0.69707	-0.161814
0.464014	0.877734	0.119473
0.553212	0.829346	-0.0783665
0.984919	0.158609	-0.0691239
0.945993	0.0895505	0.311574
0.763664	0.557138	0.326211
0.936115	0.31708	0.152146
0.970688	0.166188	0.173626
0.99654	0.0823607	0.0111412
0.849714	0.48982	0.195095
0.836889	0.363779	0.409001
0.931781	-0.103657	-0.347906
0.984556	-0.166694	-0.0535013
0.599202	-0.769355	0.221471
0.777473	-0.615979	0.126905
0.602205	0.582173	-0.546282
0.812053	0.405257	-0.419924
0.670318	0.703362	0.236551
0.554148	0.830749	0.0526767
0.747875	0.661454	-0.0562317
0.532336	0.773901	-0.343068
0.810049	0.554193	-0.191547
0.694046	0.645343	-0.319113
-0.276212	0.953777	0.118386
-0.836825	0.363848	0.409071
-0.567251	0.766406	-0.30141
-0.116411	0.809134	-0.575977
-0.168414	0.824112	-0.540811
-0.949011	0.114706	-0.293633
-0.266244	0.919356	-0.289654
-0.334341	0.938703	0.0839823
-0.540262	0.623604	-0.565009
-0.335183	0.882752	-0.329243
-0.811984	0.405337	-0.41998
-0.698313	0.62604	-0.347034
-0.0751767	0.913594	-0.399617
-0.541337	0.78145	-0.310306
-0.808339	-0.237358	-0.538747
-0.791634	0.232495	-0.565033
-0.682756	-0.438712	-0.584274
-0.842299	-0.531116	-0.0919156
-0.334341	0.938703	-0.0839823
-0.796796	-0.297996	-0.525657
-0.995915	-0.0879615	0.0204174
-0.336958	0.8817	0.330248
-0.136707	0.98666	0.0883944
-0.40302	-0.742621	-0.534873
-0.133071	0.93957	0.315438
-0.133071	0.93957	-0.315438
-0.947389	-0.106592	0.301814
-0.136707	0.98666	-0.0883944
-0.602196	0.582191	-0.546273
-0.116411	0.809134	0.575977
-0.0751767	0.913594	0.399617
-0.828352	-0.417535	0.373493
-0.0490496	0.977627	0.204545
-0.276212	0.953777	-0.118386
-0.0490496	0.977627	-0.204545
-0.0882737	0.996096	-0
-0.690022	0.443423	0.572054
-0.383974	-0.752495	-0.535084
-0.891708	0.349416	-0.287689
-0.895905	-0.433133	0.0987426
-0.465134	0.83595	0.291268
-0.832356	0.135253	-0.537484
-0.624642	-0.550607	0.553763
-0.553356	0.638717	0.534638
-0.909979	-0.329038	0.252332
-0.591917	-0.745722	0.305831
-0.534903	-0.617141	0.577075
-0.345215	0.756054	-0.556065
-0.345465	-0.756601	-0.555165
-0.266244	0.919356	0.289654
-0.437994	-0.86086	-0.259
-0.550562	-0.827533	-0.109866
-0.357516	-0.879931	-0.312895
-0.634108	-0.771925	0.0451605
-0.538973	-0.812463	-0.22229
-0.583579	-0.81158	-0.0278136
-0.53009	-0.819729	-0.216908
-0.724049	-0.591607	0.354617
-0.713872	-0.670117	-0.203299
-0.626925	-0.767053	0.136359
-0.609157	0.598572	0.52023
-0.510587	0.801024	0.312508
-0.149726	-0.918363	-0.366323
-0.119291	-0.87595	-0.46742
-0.770038	0.226152	0.596571
-0.354864	-0.881059	-0.31274
-0.280222	0.800275	0.530127
-0.0488123	-0.94304	-0.329078
-0.155397	-0.9189	-0.362595
-0.776578	-0.611245	0.152666
-0.168414	0.824112	0.540811
-0.114268	-0.794198	-0.596819
-0.6703	0.703375	0.236561
-0.73121	0.593941	0.335509
-0.662011	-0.746037	0.0719072
-0.598721	-0.769734	0.221456
-0.597547	-0.72618	0.34
-0.769929	-0.629961	-0.101778
-0.498374	-0.736592	0.457226
-0.109265	-0.76547	0.634127
-0.336645	-0.737285	0.585732
-0.833292	-0.14469	0.533563
-0.796645	-0.233924	0.557348
-0.448311	-0.713466	0.538501
-0.531248	-0.819064	-0.216588
-0.551606	-0.740519	0.383878
-0.675443	-0.434013	0.596162
-0.664449	0.426989	-0.613342
-0.153995	-0.762865	0.627951
-0.24584	-0.769397	0.589568
-0.110222	-0.766077	0.633228
-0.0474989	-0.808079	0.587157
-0.111869	-0.777523	0.618824
-0.950738	0.151901	-0.270229
-0.817056	4.19089e-005	0.576559
-0.816386	4.18745e-005	-0.577507
-0.166196	-0.816601	-0.552758
-0.360566	-0.72228	0.590173
-0.769104	0.636847	0.0539021
-0.462273	-0.707514	0.534535
-0.996532	0.0824602	0.0111357
-0.251189	-0.910996	-0.327093
-0.828353	0.555432	0.0729896
-0.95564	-0.293653	-0.0228262
-0.830168	0.0986397	0.548717
-0.945983	0.0896187	0.311584
-0.83386	-0.173461	-0.524013
-0.952044	-0.0827087	-0.294571
-0.578742	-0.701562	-0.415775
-0.837263	-0.43341	-0.333385
-0.515293	0.678714	0.523279
-0.345035	0.75566	0.556713
-0.783466	-0.309436	0.538915
-0.730039	-0.576679	0.366722
-0.280417	0.800224	-0.530102
-0.462681	0.706936	-0.534947
-0.737877	0.66821	-0.0950426
-0.849679	0.489934	0.194964
-0.869973	0.457026	-0.185132
-0.930401	0.36648	-0.00675167
-0.688142	-0.722367	0.0681735
-0.893482	-0.438543	0.0967996
-0.995379	-0.0950267	0.0138239
-0.889279	-0.385332	-0.246376
-0.955798	-0.113076	-0.27141
-0.915574	-0.331371	-0.227855
-0.752196	-0.559662	-0.347822
-0.644578	-0.523792	-0.556922
-0.669472	-0.604506	-0.431718
-0.517965	-0.597599	-0.612035
-0.750632	0.371179	0.546606
-0.91386	0.154358	0.375543
-0.447244	0.887005	-0.114874
-0.554033	0.830831	0.0526033
-0.952186	-0.156904	0.262152
-0.936103	0.317147	0.152086
-0.907096	0.419754	-0.0313483
-0.901912	0.378469	0.208126
-0.984914	0.158661	-0.0690679
-0.970679	0.166283	0.173587
-0.870342	0.316616	0.377173
-0.76351	0.557334	0.326239
-0.779686	0.306003	-0.546308
-0.705939	0.57032	-0.419982
-0.463847	0.877828	0.119428
-0.685791	0.713788	0.142116
-0.794122	0.576406	-0.192683
-0.653873	0.747006	-0.120139
-0.554526	0.83157	-0.0314947
-0.476791	0.83101	-0.28652
5.42352e-005	-7.07102e-005	4.04469e-005
1.01826e-005	6.52867e-005	2.84943e-005
0.708923	-0.543987	0.448895
0.310957	-0.54233	0.780502
0.817294	-0.338576	0.466257
6.45237e-005	-2.01992e-005	-4.85998e-005
2.40217e-005	8.12269e-005	-5.28327e-005
0.544806	-0.271103	-0.79353
0.899002	-0.42588	0.102084
0.594944	0.1761	0.784239
0.130257	-0.906677	-0.401211
1.95264e-005	-7.11142e-005	4.87546e-005
0.222085	-0.666401	-0.71175
0.310399	0.852777	0.420029
0.261267	0.6309	0.730551
7.07393e-005	-4.54697e-005	-2.56052e-005
0.89384	0.432086	-0.119799
0.38516	-0.843167	-0.375127
0.759174	0.487816	-0.430918
1.27022e-005	-8.16098e-005	3.5953e-005
0.872484	-0.256232	-0.416073
0.747656	0.446959	0.491161
0.883682	0.116319	0.453405
0.152092	0.903861	0.399879
0.890982	-0.117303	0.438623
0.881856	0.0124046	0.471356
0.141453	0.905249	0.400644
7.13673e-005	2.95606e-005	3.09476e-005
0.808235	0.471592	0.352644
0.338373	-0.816614	0.467595
0.705851	0.541428	0.456761
0.726271	-0.638019	-0.255855
0.609523	-0.671443	-0.421481
0.443541	0.465431	0.765928
0.622428	0.641505	0.44839
0.240985	0.951734	0.190077
0.65369	-0.590065	-0.473828
0.926381	-4.75262e-005	-0.376588
0.658972	0.588038	-0.469007
0.589817	0.266972	-0.76213
0.679831	0.708731	-0.188494
6.81614e-005	5.57741e-005	2.44053e-005
0.580705	-0.59233	0.558504
0.373361	0.817292	-0.438902
0.573354	-0.355208	0.738304
0.593888	-0.685456	-0.421244
0.601432	0.694162	-0.395498
0.638416	-0.00457176	0.769678
0.168414	-0.902005	0.397523
9.32489e-005	-7.86731e-006	2.3536e-005
0.341637	0.537958	-0.770639
0.983025	0.0094503	-0.183227
0.876904	0.257436	-0.405914
0.718389	0.685291	-0.119557
0.194104	0.9753	0.105424
0.147532	0.866593	-0.476709
0.565585	-0.632227	0.52953
2.18485e-005	-7.25063e-005	-3.38217e-005
0.43839	-0.874599	-0.207101
-1.26266e-009	-0	-0
1.2176e-005	-7.76733e-005	-3.43705e-005
0.158926	-0.74821	0.644146
0.545155	0.710394	0.445137
0.624288	0.645367	0.440188
0.912015	0.262981	0.314752
0.882481	-0.249283	0.398856
0.340725	0.936088	0.0874361
0.558743	0.749204	-0.355667
0.320964	-0.540895	-0.777441
0.754749	-0.618316	0.219177
6.91283e-005	-2.11566e-005	-6.6958e-006
0.981896	-0.155599	-0.108021
0.795352	-0.376286	-0.47521
0.814547	-0.474414	0.333832
7.58258e-006	7.64672e-005	-2.84047e-005
0.37074	0.750498	0.547087
0.830364	-0.481211	0.280948
0.592265	-0.609313	0.52722
0.606068	0.0840403	-0.790961
1.1972e-005	7.68828e-005	3.38706e-005
9.03874e-005	1.02721e-005	-8.07153e-006
0.960261	-0.271076	0.0664513
1.04237e-005	-7.92329e-005	3.67512e-005
5.29898e-005	-7.1874e-005	-9.31364e-006
6.85079e-005	-3.93711e-005	2.57011e-005
8.1167e-005	-5.34027e-006	-1.80942e-005
0.326411	0.569481	0.754418
0.438556	0.823267	0.360417
0.91139	0.00236745	0.411538
0.642152	-0.161534	0.749365
1.37172e-005	8.77038e-005	-3.86378e-005
1.2043e-005	8.37025e-005	-2.81852e-005
8.13967e-005	4.96046e-005	1.36679e-005
0.552617	0.745831	0.371956
0.75155	0.422829	-0.506348
0.844723	0.2589	0.468417
9.39302e-005	3.04226e-005	-5.7251e-007
8.7973e-005	1.18583e-005	2.44356e-005
8.99601e-005	-5.92142e-006	-2.0075e-005
8.81934e-005	8.69672e-006	-2.39729e-005
0.874647	0.484591	0.0128428
0.477491	0.443844	-0.758291
0.500603	0.772509	-0.390674
0.467317	-0.871573	0.148245
3.0631e-005	-8.59728e-005	-3.74448e-005
3.02748e-005	-5.79025e-005	-6.64815e-006
3.50758e-005	-7.80634e-005	3.69927e-005
0.614793	-0.0825027	-0.784361
0.890576	0.093703	-0.445078
0.13475	-0.865796	-0.481913
0.448615	-0.730166	-0.515365
9.17336e-006	-5.84288e-005	-2.5648e-005
0.130852	-0.907445	-0.399276
0.262597	-0.872909	-0.411185
2.28516e-005	-7.76119e-005	-8.30209e-006
0.126934	-0.955888	-0.264888
0.444306	-0.856088	-0.264017
0.429253	-0.452833	0.781462
0.428693	-0.793485	0.431976
0.396428	0.860755	-0.319289
0.359798	0.902696	-0.235978
9.51192e-006	6.4677e-005	-4.01092e-005
0.221707	0.734858	-0.64096
1.2022e-005	9.00176e-005	-3.98398e-005
0.170903	0.65732	-0.733977
0.863994	0.495628	-0.0886934
0.725231	0.686307	0.0549842
8.83462e-006	-6.04564e-005	3.67964e-005
1.5741e-005	-6.22657e-005	1.74928e-005
1.18114e-005	-8.83141e-005	3.90801e-005
0.165871	-0.663459	0.729595
0.356693	-0.697664	0.621317
0.181236	-0.942477	0.280876
0.532965	0.299679	0.79129
0.81689	0.220994	0.532778
0.145788	0.882314	0.447514
1.70595e-005	6.30209e-005	5.90595e-005
0.321458	0.903714	0.282781
0.104904	0.795986	0.596155
0.325852	-0.932839	0.153729
0.602626	-0.793385	-0.0859212
3.83532e-005	-7.1203e-005	-1.42221e-005
0.532932	-0.717761	-0.44811
0.452803	-0.383217	-0.805055
0.76324	-0.354746	-0.540019
0.503234	0.854476	-0.128943
0.542997	0.836225	-0.0766887
7.76119e-005	-1.82684e-005	-3.82389e-005
0.890615	-0.093236	-0.445098
6.48071e-005	-3.33775e-005	1.48711e-005
7.84681e-005	-4.16224e-005	-1.98148e-005
0.693103	-0.58896	-0.415614
0.790022	-0.49423	-0.362769
0.0905081	0.910747	-0.402925
0.301557	0.831048	-0.467358
0.854209	-0.249269	0.45628
7.24512e-005	-4.16395e-005	2.53502e-005
7.13455e-005	4.30729e-005	-3.64624e-007
8.94651e-005	2.90989e-005	-3.42688e-006
0.747423	0.642199	-0.170114
7.31644e-005	4.13775e-005	1.88765e-005
0.948734	0.304088	-0.0862251
0.940552	0.284419	-0.185655
8.00935e-005	2.4862e-005	-2.32499e-005
0.9878	0.114223	-0.105847
0.808318	0.233116	-0.540629
0.980805	0.151114	-0.123233
7.96218e-005	-7.58042e-006	-4.25819e-006
0.941528	-0.268789	-0.203167
9.08705e-005	-2.02243e-005	7.35571e-006
0.959326	-0.279293	-0.0411031
3.13419e-005	-7.03816e-005	2.0408e-005
0.69196	-0.658849	-0.295142
0.507711	-0.704139	0.496405
0.738621	-0.674117	0.00213343
1.19144e-005	-7.59176e-005	-3.32647e-005
1.3046e-005	-8.82572e-005	-2.96968e-005
-5.42552e-005	7.07052e-005	4.03791e-005
-1.01826e-005	-6.52919e-005	2.8493e-005
-0.709216	0.544365	0.447973
-0.310947	0.542271	0.780547
-0.817347	0.338566	0.466174
-7.76119e-005	1.82684e-005	-3.82389e-005
-2.40217e-005	-8.1231e-005	-5.28514e-005
-0.544892	0.271107	-0.793469
-0.898966	0.425929	0.102195
-0.594843	-0.176112	0.784313
-0.130438	0.906631	-0.401255
-1.95264e-005	7.11197e-005	4.87575e-005
-0.222365	0.666718	-0.711365
-0.310399	-0.852777	0.420029
-0.893699	-0.432143	-0.120637
-7.07565e-005	4.54697e-005	-2.55968e-005
-0.580705	0.59233	0.558504
-0.384855	0.842868	-0.376111
-0.759174	-0.487816	-0.430918
-1.27022e-005	8.16098e-005	3.5953e-005
-0.872468	0.256235	-0.416104
-0.59391	0.685528	-0.421097
-0.883682	-0.116319	0.453405
-0.152256	-0.904407	0.398581
-0.891039	0.117337	0.438499
-0.881713	-0.0124499	0.471622
-0.141443	-0.905224	0.400703
-7.13845e-005	-2.95606e-005	3.10716e-005
-0.808127	-0.471487	0.353031
-0.338368	0.817128	0.4667
-0.705867	-0.541592	0.456541
-0.726306	0.637997	-0.255812
-0.609473	0.671183	-0.421967
-0.443833	-0.465723	0.765581
-0.622156	-0.641242	0.449145
-0.240982	-0.951715	0.190172
-0.653708	0.590036	-0.473839
-0.926381	4.75165e-005	-0.376588
-0.658895	-0.587936	-0.469243
-0.638416	0.00457176	0.769678
-0.679788	-0.708737	-0.188628
-6.81614e-005	-5.57652e-005	2.44306e-005
-0.261267	-0.6309	0.730551
-0.373113	-0.817154	-0.439371
-0.573427	0.35521	0.738246
-0.747854	-0.44698	0.490839
-0.60137	-0.693827	-0.396179
-0.58998	-0.26715	-0.761941
-0.168252	0.901463	0.398818
-9.32489e-005	7.86731e-006	2.3536e-005
-0.341364	-0.537462	-0.771107
-0.982983	-0.00949887	-0.183448
-0.877175	-0.257571	-0.405241
-0.718437	-0.685519	-0.117948
-0.194104	-0.9753	0.105424
-0.147532	-0.866593	-0.476709
-0.565516	0.631968	0.529914
-2.18485e-005	7.25063e-005	-3.38217e-005
-0.43839	0.874599	-0.207101
-1.2176e-005	7.76794e-005	-3.43732e-005
-0.158924	0.748249	0.644101
-0.545511	-0.710859	0.443956
-0.624038	-0.645146	0.440866
-0.911905	-0.262926	0.315118
-0.882469	0.249331	0.398851
-0.340707	-0.936102	0.0873594
-0.558747	-0.749262	-0.355539
-0.320738	0.540788	-0.777609
-0.754934	0.618452	0.218155
-6.91283e-005	2.11566e-005	-6.6958e-006
-0.981947	0.155599	-0.107557
-0.795269	0.376304	-0.475333
-0.814332	0.474375	0.334411
-7.60629e-006	-7.64672e-005	-2.83273e-005
-0.370713	-0.750434	0.547194
-0.830406	0.481178	0.280881
-0.592349	0.609438	0.52698
-0.606112	-0.0839987	-0.790932
-1.1972e-005	-7.68905e-005	3.3874e-005
-9.03874e-005	-1.02748e-005	-8.02484e-006
-0.960261	0.271076	0.0664513
-1.04416e-005	7.92285e-005	3.65778e-005
-5.29898e-005	7.18678e-005	-9.32246e-006
-6.85079e-005	3.93711e-005	2.56579e-005
-8.1167e-005	5.34027e-006	-1.80942e-005
-0.326449	-0.569813	0.754152
-0.438276	-0.822971	0.361432
-0.91139	-0.00236745	0.411538
-0.642226	0.161597	0.749288
-1.37172e-005	-8.77038e-005	-3.86378e-005
-1.2043e-005	-8.37025e-005	-2.81852e-005
-8.1376e-005	-4.95994e-005	1.35877e-005
-0.552615	-0.745878	0.371864
-0.751855	-0.422896	-0.505839
-0.84475	-0.258851	0.468395
-9.39302e-005	-3.04206e-005	-5.25879e-007
-8.7973e-005	-1.18556e-005	2.43889e-005
-8.99601e-005	5.9167e-006	-2.00379e-005
-8.81934e-005	-8.69672e-006	-2.39729e-005
-0.874636	-0.484628	0.012106
-0.477549	-0.443859	-0.758245
-0.500585	-0.772418	-0.390877
-0.467317	0.871573	0.148245
-3.0631e-005	8.59792e-005	-3.74521e-005
-3.02748e-005	5.79025e-005	-6.64815e-006
-3.50758e-005	7.80697e-005	3.70015e-005
-0.614835	0.0824952	-0.784329
-0.890576	-0.093703	-0.445078
-0.13486	0.866449	-0.480706
-0.448896	0.730881	-0.514107
-9.17336e-006	5.84333e-005	-2.565e-005
-0.130656	0.906631	-0.401184
-0.262952	0.873473	-0.409757
-2.28516e-005	7.7611e-005	-8.31581e-006
-0.126703	0.955801	-0.265312
-0.444278	0.856071	-0.264119
-0.429713	0.453315	0.78093
-0.428749	0.793554	0.431795
-0.396428	-0.860755	-0.319289
-0.359769	-0.902669	-0.236123
-9.51192e-006	-6.46792e-005	-4.0117e-005
-0.221689	-0.734843	-0.640983
-1.2022e-005	-9.00219e-005	-3.98477e-005
-0.170903	-0.65732	-0.733977
-0.864074	-0.495541	-0.0884037
-0.725118	-0.686438	0.0548403
-8.83462e-006	6.04564e-005	3.67964e-005
-1.5741e-005	6.2271e-005	1.74911e-005
-1.18114e-005	8.83108e-005	3.90845e-005
-0.166174	0.664307	0.728754
-0.356693	0.697664	0.621317
-0.181225	0.942446	0.280985
-0.532668	-0.299402	0.791595
-0.817099	-0.22108	0.532422
-0.14578	-0.882284	0.447576
-1.70595e-005	-6.30209e-005	5.90595e-005
-0.321458	-0.903714	0.282781
-0.104904	-0.795986	0.596155
-0.325833	0.932853	0.153682
-0.602626	0.793385	-0.0859212
-3.83532e-005	7.1203e-005	-1.42221e-005
-0.532932	0.717761	-0.44811
-0.452761	0.383143	-0.805114
-0.763251	0.354714	-0.540025
-0.503234	-0.854476	-0.128943
-0.543022	-0.836193	-0.0768659
-0.890621	0.0931697	-0.4451
-6.45257e-005	2.01992e-005	-4.85424e-005
-6.48126e-005	3.33824e-005	1.49851e-005
-7.84681e-005	4.16296e-005	-1.98226e-005
-0.693139	0.58894	-0.415581
-0.789918	0.494297	-0.362906
-0.0908429	-0.911292	-0.401616
-0.301557	-0.831048	-0.467358
-0.854419	0.249319	0.45586
-7.24512e-005	4.16395e-005	2.53502e-005
-7.13198e-005	-4.30679e-005	-3.0423e-007
-8.94731e-005	-2.91009e-005	-3.41315e-006
-0.747313	-0.64209	-0.171007
-7.31564e-005	-4.13824e-005	1.89368e-005
-0.948714	-0.304023	-0.0866682
-0.940624	-0.284409	-0.185305
-8.00935e-005	-2.4862e-005	-2.32499e-005
-0.987837	-0.114269	-0.10545
-0.807913	-0.232944	-0.541307
-0.980734	-0.151011	-0.123923
-7.96218e-005	7.57401e-006	-4.23813e-006
-0.941528	0.268789	-0.203167
-9.08705e-005	2.02243e-005	7.35571e-006
-0.959326	0.279293	-0.0411031
-3.13419e-005	7.03864e-005	2.04299e-005
-0.692049	0.658958	-0.294689
-0.507698	0.704066	0.496521
-0.738634	0.674098	0.00327002
-1.19144e-005	7.59235e-005	-3.32671e-005
-1.3046e-005	8.82593e-005	-2.97061e-005
-0.0832009	2.58693e-006	0.996533
-0.247329	0.00272076	0.968928
-0.404571	-0.00178828	0.914505
-0.681559	0.00230579	0.73176
-0.793071	-0.00407212	0.609115
-0.550771	0.00137044	0.834655
-0.883083	0.00235374	0.469211
-0.382696	-0.00539234	0.923858
-0.608748	-0.00678486	0.793335
-0.130514	-0.00629777	0.991426
-0.987471	-0.00162243	0.157795
-0.923855	-0.00698599	0.382679
-0.991432	-0.00604919	0.13048
-0.79333	-0.00414631	0.608778
-0.948295	0.00132818	0.317386
-0.985641	-0.00077311	-0.168851
-0.944887	0.000742258	-0.327396
-0.878793	0.00290747	-0.477195
-0.678505	0.00265118	-0.734591
-0.404391	-0.00245619	-0.914583
-0.548975	0.00184541	-0.835837
-0.790394	-0.0057311	-0.612572
-0.923849	-0.00778815	-0.382677
-0.793328	-0.00468123	-0.608776
-0.991428	-0.00674718	-0.13048
-0.0832784	1.77915e-006	-0.996526
-0.382692	-0.00728645	-0.923847
-0.130512	-0.00861278	-0.991409
-0.608739	-0.00875557	-0.793322
-0.247051	0.00367681	-0.968996
-0.999974	0.00295939	-0.00650125
0.678511	0.00259767	-0.734585
0.404348	-0.00248242	-0.914602
0.548979	0.00181156	-0.835834
0.944892	0.000674693	-0.327383
0.878851	0.00283034	-0.477088
0.985644	-0.000843586	-0.168837
0.790346	-0.00580975	-0.612633
0.0832688	-1.77894e-006	-0.996527
0.130519	-0.00862241	-0.991408
0.24708	0.0036586	-0.968988
0.382665	-0.00730778	-0.923858
0.793328	-0.00474334	-0.608776
0.608775	-0.00879892	-0.793294
0.923849	-0.00785614	-0.382677
0.991418	-0.00680451	-0.130553
0.793069	-0.00413461	0.609118
0.88308	0.00228286	0.469217
0.681556	0.00225209	0.731762
0.247329	0.00270151	0.968928
0.40457	-0.00181354	0.914505
0.55077	0.00133604	0.834656
0.0832009	-2.58693e-006	0.996533
0.987468	-0.00170369	0.157808
0.991422	-0.00612101	0.130554
0.948292	0.00125011	0.317397
0.999974	0.00289894	-0.00660942
0.923854	-0.00706081	0.382679
0.79333	-0.00420935	0.608778
0.608784	-0.00682823	0.793307
0.38267	-0.00542051	0.923869
0.130522	-0.00630732	0.991425

#	Mesh	0	End

