#	Mesh	0	Begin

#	Vertex	40
29.4721	96.9858	-2.82
25.2758	96.9858	-2.82
24.3758	96.9858	-2.82
22.856	96.9858	-2.82
22.456	96.9858	-2.82
19.9562	96.9858	-2.82
19.4562	96.9858	-2.82
4.0922	96.9858	-2.82
4.05348	95.9858	-2.82
29.4286	95.9858	-2.82
29.4342	96.1148	-2.82
28.7615	96.1148	-2.82
28.7615	96.9148	-2.82
29.469	96.9148	-2.82
19.9615	96.9129	-2.82
20.9615	96.9129	-2.82
20.9615	96.1129	-2.82
19.9615	96.1129	-2.82
10.7615	96.9086	-2.82
10.857	96.9086	-2.82
11.257	96.9086	-2.82
12.1615	96.9086	-2.82
12.1615	96.1086	-2.82
10.7615	96.1086	-2.82
4.05348	95.9858	-3.42
29.4286	95.9858	-3.42
4.0922	96.9858	-3.42
29.4721	96.9858	-3.42
29.469	96.9148	-3.42
28.7615	96.9148	-3.42
28.7615	96.1148	-3.42
29.4342	96.1148	-3.42
20.9615	96.9129	-3.42
19.9615	96.9129	-3.42
19.9615	96.1129	-3.42
20.9615	96.1129	-3.42
12.1615	96.9086	-3.42
10.7615	96.9086	-3.42
10.7615	96.1086	-3.42
12.1615	96.1086	-3.42

#	Triangle	9
1	13	0	1	12	13	11	9	10	11	8	9	1	11	12	1	16	11	16	8	11	2	16	1	3	16	2	4	16	3	5	15	4	15	16	4	5	14	15	17	8	16	5	17	14	5	22	17	22	8	17	6	22	5	7	21	6	21	22	6	7	20	21	23	8	22	7	19	20	7	18	19	7	23	18	7	8	23
25	8	24	9	8	25	14	32	15	33	32	14	21	37	36	21	20	37	20	19	37	19	18	37	13	29	28	12	29	13
28	26	27	29	26	28	25	30	31	24	30	25	24	35	30	35	29	30	35	32	29	32	26	29	24	34	35	33	26	32	24	39	34	39	33	34	39	36	33	36	26	33	24	38	39	37	26	36	24	37	38	24	26	37
7	27	26	7	6	27	6	5	27	5	4	27	4	3	27	3	2	27	2	1	27	1	0	27	16	34	17	35	34	16	22	38	23	39	38	22	31	11	10	30	11	31
17	33	14	34	33	17	23	37	18	38	37	23	30	12	11	29	12	30
15	35	16	32	35	15	21	39	22	36	39	21
10	25	31	9	25	10
8	26	24	7	26	8
28	0	13	27	0	28

#	Normal	9
-0	0	1
-0	-1	0
-0	0	-1
-0	1	-0
1	-0	-0
-1	-0	-0
0.999053	-0.0435055	-0
-0.999251	0.0386915	-0
0.999053	-0.0435004	-0

#	Mesh	0	End

