#	Mesh	0	Begin

#	Vertex	1384
4.08152	87.7258	-10.07
13.0042	87.7258	-10.07
12.9287	87.7425	-10.07
12.8546	87.7649	-10.07
12.7826	87.793	-10.07
12.7129	87.8266	-10.07
12.646	87.8655	-10.07
12.5824	87.9094	-10.07
12.5223	87.9581	-10.07
12.4662	88.0113	-10.07
12.4143	88.0687	-10.07
12.367	88.1299	-10.07
12.3246	88.1946	-10.07
12.2874	88.2623	-10.07
12.2555	88.3328	-10.07
12.2291	88.4055	-10.07
12.2084	88.48	-10.07
12.1935	88.5559	-10.07
12.1846	88.6327	-10.07
12.1816	88.71	-10.07
12.1854	88.7971	-10.07
12.1968	88.8836	-10.07
12.2157	88.9688	-10.07
12.2419	89.052	-10.07
12.2753	89.1326	-10.07
12.3156	89.21	-10.07
12.3624	89.2836	-10.07
12.4155	89.3528	-10.07
12.4745	89.4171	-10.07
12.5388	89.476	-10.07
12.608	89.5291	-10.07
12.6816	89.576	-10.07
12.759	89.6163	-10.07
12.8396	89.6497	-10.07
12.9228	89.6759	-10.07
13.0079	89.6948	-10.07
13.0944	89.7062	-10.07
13.1816	89.71	-10.07
13.2687	89.7062	-10.07
13.3552	89.6948	-10.07
13.4404	89.6759	-10.07
13.5236	89.6497	-10.07
13.6042	89.6163	-10.07
13.6816	89.576	-10.07
13.7552	89.5291	-10.07
13.8244	89.476	-10.07
13.8887	89.4171	-10.07
13.9476	89.3528	-10.07
14.0007	89.2836	-10.07
14.0476	89.21	-10.07
14.0879	89.1326	-10.07
14.1213	89.052	-10.07
14.1475	88.9688	-10.07
14.1664	88.8836	-10.07
14.1778	88.7971	-10.07
14.1816	88.71	-10.07
14.1786	88.6327	-10.07
14.1696	88.5559	-10.07
14.1548	88.48	-10.07
14.1341	88.4055	-10.07
14.1077	88.3328	-10.07
14.0758	88.2623	-10.07
14.0385	88.1946	-10.07
13.9961	88.1299	-10.07
13.9488	88.0687	-10.07
13.897	88.0113	-10.07
13.8409	87.9581	-10.07
13.7808	87.9094	-10.07
13.7171	87.8655	-10.07
13.6502	87.8266	-10.07
13.5806	87.793	-10.07
13.5085	87.7649	-10.07
13.4345	87.7425	-10.07
13.359	87.7258	-10.07
30.0042	87.7258	-10.07
29.9287	87.7425	-10.07
29.8546	87.7649	-10.07
29.7826	87.793	-10.07
29.7129	87.8266	-10.07
29.646	87.8655	-10.07
29.5824	87.9094	-10.07
29.5223	87.9581	-10.07
29.4662	88.0113	-10.07
29.4143	88.0687	-10.07
29.367	88.1299	-10.07
29.3246	88.1946	-10.07
29.2874	88.2623	-10.07
29.2555	88.3328	-10.07
29.2291	88.4055	-10.07
29.2084	88.48	-10.07
29.1935	88.5559	-10.07
29.1846	88.6327	-10.07
29.1816	88.71	-10.07
29.1854	88.7971	-10.07
29.1968	88.8836	-10.07
29.2157	88.9688	-10.07
29.2419	89.052	-10.07
29.2753	89.1326	-10.07
29.3156	89.21	-10.07
29.3624	89.2836	-10.07
29.4155	89.3528	-10.07
29.4745	89.4171	-10.07
29.5388	89.476	-10.07
29.608	89.5291	-10.07
29.6816	89.576	-10.07
29.759	89.6163	-10.07
29.8396	89.6497	-10.07
29.9228	89.6759	-10.07
30.0079	89.6948	-10.07
30.0944	89.7062	-10.07
30.1816	89.71	-10.07
30.2687	89.7062	-10.07
30.3552	89.6948	-10.07
30.4404	89.6759	-10.07
30.5236	89.6497	-10.07
30.6042	89.6163	-10.07
30.6816	89.576	-10.07
30.7552	89.5291	-10.07
30.8244	89.476	-10.07
30.8887	89.4171	-10.07
30.9476	89.3528	-10.07
31.0007	89.2836	-10.07
31.0476	89.21	-10.07
31.0879	89.1326	-10.07
31.1213	89.052	-10.07
31.1475	88.9688	-10.07
31.1664	88.8836	-10.07
31.1778	88.7971	-10.07
31.1816	88.71	-10.07
31.1786	88.6327	-10.07
31.1696	88.5559	-10.07
31.1548	88.48	-10.07
31.1341	88.4055	-10.07
31.1077	88.3328	-10.07
31.0758	88.2623	-10.07
31.0385	88.1946	-10.07
30.9961	88.1299	-10.07
30.9488	88.0687	-10.07
30.897	88.0113	-10.07
30.8408	87.9581	-10.07
30.7808	87.9094	-10.07
30.7171	87.8655	-10.07
30.6502	87.8266	-10.07
30.5806	87.793	-10.07
30.5085	87.7649	-10.07
30.4345	87.7425	-10.07
30.359	87.7258	-10.07
49.5271	87.7258	-10.07
47.4559	113.306	-10.07
29.4427	113.776	-10.07
20.4531	113.965	-10.07
4.08152	113.965	-10.07
10.4767	96.3411	-10.07
10.5218	96.1728	-10.07
10.5955	96.0148	-10.07
10.6955	95.872	-10.07
10.8187	95.7487	-10.07
10.9615	95.6488	-10.07
11.1195	95.5751	-10.07
11.2879	95.53	-10.07
11.4615	95.5148	-10.07
11.6352	95.53	-10.07
11.8035	95.5751	-10.07
11.9615	95.6488	-10.07
12.1043	95.7487	-10.07
12.2276	95.872	-10.07
12.3275	96.0148	-10.07
12.4012	96.1728	-10.07
12.4463	96.3411	-10.07
12.4615	96.5148	-10.07
12.4577	96.6019	-10.07
12.4463	96.6884	-10.07
12.4275	96.7736	-10.07
12.4012	96.8568	-10.07
12.3678	96.9374	-10.07
12.3275	97.0148	-10.07
12.2807	97.0884	-10.07
12.2276	97.1576	-10.07
12.1686	97.2219	-10.07
12.1043	97.2808	-10.07
12.0351	97.3339	-10.07
11.9615	97.3808	-10.07
11.8841	97.4211	-10.07
11.8035	97.4545	-10.07
11.7203	97.4807	-10.07
11.6352	97.4996	-10.07
11.5487	97.511	-10.07
11.4615	97.5148	-10.07
11.3744	97.511	-10.07
11.2879	97.4996	-10.07
11.2027	97.4807	-10.07
11.1195	97.4545	-10.07
11.0389	97.4211	-10.07
10.9615	97.3808	-10.07
10.8879	97.3339	-10.07
10.8187	97.2808	-10.07
10.7544	97.2219	-10.07
10.6955	97.1576	-10.07
10.6424	97.0884	-10.07
10.5955	97.0148	-10.07
10.5552	96.9374	-10.07
10.5218	96.8568	-10.07
10.4956	96.7736	-10.07
10.4767	96.6884	-10.07
10.4653	96.6019	-10.07
10.4615	96.5148	-10.07
10.4767	107.441	-10.07
10.5218	107.273	-10.07
10.5955	107.115	-10.07
10.6955	106.972	-10.07
10.8187	106.849	-10.07
10.9615	106.749	-10.07
11.1195	106.675	-10.07
11.2879	106.63	-10.07
11.4615	106.615	-10.07
11.6352	106.63	-10.07
11.8035	106.675	-10.07
11.9615	106.749	-10.07
12.1043	106.849	-10.07
12.2276	106.972	-10.07
12.3275	107.115	-10.07
12.4012	107.273	-10.07
12.4463	107.441	-10.07
12.4615	107.615	-10.07
12.4577	107.702	-10.07
12.4463	107.788	-10.07
12.4275	107.874	-10.07
12.4012	107.957	-10.07
12.3678	108.037	-10.07
12.3275	108.115	-10.07
12.2807	108.188	-10.07
12.2276	108.258	-10.07
12.1686	108.322	-10.07
12.1043	108.381	-10.07
12.0351	108.434	-10.07
11.9615	108.481	-10.07
11.8841	108.521	-10.07
11.8035	108.554	-10.07
11.7203	108.581	-10.07
11.6352	108.6	-10.07
11.5487	108.611	-10.07
11.4615	108.615	-10.07
11.3744	108.611	-10.07
11.2879	108.6	-10.07
11.2027	108.581	-10.07
11.1195	108.554	-10.07
11.0389	108.521	-10.07
10.9615	108.481	-10.07
10.8879	108.434	-10.07
10.8187	108.381	-10.07
10.7544	108.322	-10.07
10.6955	108.258	-10.07
10.6424	108.188	-10.07
10.5955	108.115	-10.07
10.5552	108.037	-10.07
10.5218	107.957	-10.07
10.4956	107.874	-10.07
10.4767	107.788	-10.07
10.4653	107.702	-10.07
10.4615	107.615	-10.07
19.4767	96.3411	-10.07
19.5218	96.1728	-10.07
19.5955	96.0148	-10.07
19.6955	95.872	-10.07
19.8187	95.7487	-10.07
19.9615	95.6488	-10.07
20.1195	95.5751	-10.07
20.2879	95.53	-10.07
20.4615	95.5148	-10.07
20.6352	95.53	-10.07
20.8035	95.5751	-10.07
20.9615	95.6488	-10.07
21.1043	95.7487	-10.07
21.2276	95.872	-10.07
21.3275	96.0148	-10.07
21.4012	96.1728	-10.07
21.4463	96.3411	-10.07
21.4615	96.5148	-10.07
21.4577	96.6019	-10.07
21.4463	96.6884	-10.07
21.4274	96.7736	-10.07
21.4012	96.8568	-10.07
21.3678	96.9374	-10.07
21.3275	97.0148	-10.07
21.2807	97.0884	-10.07
21.2276	97.1576	-10.07
21.1686	97.2219	-10.07
21.1043	97.2808	-10.07
21.0351	97.3339	-10.07
20.9615	97.3808	-10.07
20.8841	97.4211	-10.07
20.8035	97.4545	-10.07
20.7203	97.4807	-10.07
20.6352	97.4996	-10.07
20.5487	97.511	-10.07
20.4615	97.5148	-10.07
20.3744	97.511	-10.07
20.2879	97.4996	-10.07
20.2027	97.4807	-10.07
20.1195	97.4545	-10.07
20.0389	97.4211	-10.07
19.9615	97.3808	-10.07
19.8879	97.3339	-10.07
19.8187	97.2808	-10.07
19.7544	97.2219	-10.07
19.6955	97.1576	-10.07
19.6424	97.0884	-10.07
19.5955	97.0148	-10.07
19.5552	96.9374	-10.07
19.5218	96.8568	-10.07
19.4956	96.7736	-10.07
19.4767	96.6884	-10.07
19.4653	96.6019	-10.07
19.4615	96.5148	-10.07
19.4767	107.441	-10.07
19.5218	107.273	-10.07
19.5955	107.115	-10.07
19.6955	106.972	-10.07
19.8187	106.849	-10.07
19.9615	106.749	-10.07
20.1195	106.675	-10.07
20.2879	106.63	-10.07
20.4615	106.615	-10.07
20.6352	106.63	-10.07
20.8035	106.675	-10.07
20.9615	106.749	-10.07
21.1043	106.849	-10.07
21.2276	106.972	-10.07
21.3275	107.115	-10.07
21.4012	107.273	-10.07
21.4463	107.441	-10.07
21.4615	107.615	-10.07
21.4577	107.702	-10.07
21.4463	107.788	-10.07
21.4274	107.874	-10.07
21.4012	107.957	-10.07
21.3678	108.037	-10.07
21.3275	108.115	-10.07
21.2807	108.188	-10.07
21.2276	108.258	-10.07
21.1686	108.322	-10.07
21.1043	108.381	-10.07
21.0351	108.434	-10.07
20.9615	108.481	-10.07
20.8841	108.521	-10.07
20.8035	108.554	-10.07
20.7203	108.581	-10.07
20.6352	108.6	-10.07
20.5487	108.611	-10.07
20.4615	108.615	-10.07
20.3744	108.611	-10.07
20.2879	108.6	-10.07
20.2027	108.581	-10.07
20.1195	108.554	-10.07
20.0389	108.521	-10.07
19.9615	108.481	-10.07
19.8879	108.434	-10.07
19.8187	108.381	-10.07
19.7544	108.322	-10.07
19.6955	108.258	-10.07
19.6424	108.188	-10.07
19.5955	108.115	-10.07
19.5552	108.037	-10.07
19.5218	107.957	-10.07
19.4956	107.874	-10.07
19.4767	107.788	-10.07
19.4653	107.702	-10.07
19.4615	107.615	-10.07
28.4767	96.3411	-10.07
28.5218	96.1728	-10.07
28.5955	96.0148	-10.07
28.6955	95.872	-10.07
28.8187	95.7487	-10.07
28.9615	95.6488	-10.07
29.1195	95.5751	-10.07
29.2879	95.53	-10.07
29.4615	95.5148	-10.07
29.6352	95.53	-10.07
29.8035	95.5751	-10.07
29.9615	95.6488	-10.07
30.1043	95.7487	-10.07
30.2276	95.872	-10.07
30.3275	96.0148	-10.07
30.4012	96.1728	-10.07
30.4463	96.3411	-10.07
30.4615	96.5148	-10.07
30.4577	96.6019	-10.07
30.4463	96.6884	-10.07
30.4274	96.7736	-10.07
30.4012	96.8568	-10.07
30.3678	96.9374	-10.07
30.3275	97.0148	-10.07
30.2807	97.0884	-10.07
30.2276	97.1576	-10.07
30.1686	97.2219	-10.07
30.1043	97.2808	-10.07
30.0351	97.3339	-10.07
29.9615	97.3808	-10.07
29.8841	97.4211	-10.07
29.8035	97.4545	-10.07
29.7203	97.4807	-10.07
29.6352	97.4996	-10.07
29.5487	97.511	-10.07
29.4615	97.5148	-10.07
29.3744	97.511	-10.07
29.2879	97.4996	-10.07
29.2027	97.4807	-10.07
29.1195	97.4545	-10.07
29.0389	97.4211	-10.07
28.9615	97.3808	-10.07
28.8879	97.3339	-10.07
28.8187	97.2808	-10.07
28.7544	97.2219	-10.07
28.6955	97.1576	-10.07
28.6424	97.0884	-10.07
28.5955	97.0148	-10.07
28.5552	96.9374	-10.07
28.5218	96.8568	-10.07
28.4956	96.7736	-10.07
28.4767	96.6884	-10.07
28.4653	96.6019	-10.07
28.4615	96.5148	-10.07
28.4767	107.441	-10.07
28.5218	107.273	-10.07
28.5955	107.115	-10.07
28.6955	106.972	-10.07
28.8187	106.849	-10.07
28.9615	106.749	-10.07
29.1195	106.675	-10.07
29.2879	106.63	-10.07
29.4615	106.615	-10.07
29.6352	106.63	-10.07
29.8035	106.675	-10.07
29.9615	106.749	-10.07
30.1043	106.849	-10.07
30.2276	106.972	-10.07
30.3275	107.115	-10.07
30.4012	107.273	-10.07
30.4463	107.441	-10.07
30.4615	107.615	-10.07
30.4577	107.702	-10.07
30.4463	107.788	-10.07
30.4274	107.874	-10.07
30.4012	107.957	-10.07
30.3678	108.037	-10.07
30.3275	108.115	-10.07
30.2807	108.188	-10.07
30.2276	108.258	-10.07
30.1686	108.322	-10.07
30.1043	108.381	-10.07
30.0351	108.434	-10.07
29.9615	108.481	-10.07
29.8841	108.521	-10.07
29.8035	108.554	-10.07
29.7203	108.581	-10.07
29.6352	108.6	-10.07
29.5487	108.611	-10.07
29.4615	108.615	-10.07
29.3744	108.611	-10.07
29.2879	108.6	-10.07
29.2027	108.581	-10.07
29.1195	108.554	-10.07
29.0389	108.521	-10.07
28.9615	108.481	-10.07
28.8879	108.434	-10.07
28.8187	108.381	-10.07
28.7544	108.322	-10.07
28.6955	108.258	-10.07
28.6424	108.188	-10.07
28.5955	108.115	-10.07
28.5552	108.037	-10.07
28.5218	107.957	-10.07
28.4956	107.874	-10.07
28.4767	107.788	-10.07
28.4653	107.702	-10.07
28.4615	107.615	-10.07
37.4767	95.5411	-10.07
37.5218	95.3728	-10.07
37.5955	95.2148	-10.07
37.6955	95.072	-10.07
37.8187	94.9487	-10.07
37.9615	94.8488	-10.07
38.1195	94.7751	-10.07
38.2879	94.73	-10.07
38.4615	94.7148	-10.07
38.6352	94.73	-10.07
38.8035	94.7751	-10.07
38.9615	94.8488	-10.07
39.1043	94.9487	-10.07
39.2276	95.072	-10.07
39.3276	95.2148	-10.07
39.4012	95.3728	-10.07
39.4463	95.5411	-10.07
39.4615	95.7148	-10.07
39.4577	95.8019	-10.07
39.4463	95.8884	-10.07
39.4274	95.9736	-10.07
39.4012	96.0568	-10.07
39.3678	96.1374	-10.07
39.3276	96.2148	-10.07
39.2807	96.2884	-10.07
39.2276	96.3576	-10.07
39.1686	96.4219	-10.07
39.1043	96.4808	-10.07
39.0351	96.5339	-10.07
38.9615	96.5808	-10.07
38.8841	96.6211	-10.07
38.8035	96.6545	-10.07
38.7203	96.6807	-10.07
38.6352	96.6996	-10.07
38.5487	96.711	-10.07
38.4615	96.7148	-10.07
38.3744	96.711	-10.07
38.2879	96.6996	-10.07
38.2027	96.6807	-10.07
38.1195	96.6545	-10.07
38.0389	96.6211	-10.07
37.9615	96.5808	-10.07
37.8879	96.5339	-10.07
37.8187	96.4808	-10.07
37.7544	96.4219	-10.07
37.6955	96.3576	-10.07
37.6424	96.2884	-10.07
37.5955	96.2148	-10.07
37.5552	96.1374	-10.07
37.5218	96.0568	-10.07
37.4956	95.9736	-10.07
37.4767	95.8884	-10.07
37.4653	95.8019	-10.07
37.4615	95.7148	-10.07
37.4767	107.141	-10.07
37.5218	106.973	-10.07
37.5955	106.815	-10.07
37.6955	106.672	-10.07
37.8187	106.549	-10.07
37.9615	106.449	-10.07
38.1195	106.375	-10.07
38.2879	106.33	-10.07
38.4615	106.315	-10.07
38.6352	106.33	-10.07
38.8035	106.375	-10.07
38.9615	106.449	-10.07
39.1043	106.549	-10.07
39.2276	106.672	-10.07
39.3276	106.815	-10.07
39.4012	106.973	-10.07
39.4463	107.141	-10.07
39.4615	107.315	-10.07
39.4577	107.402	-10.07
39.4463	107.488	-10.07
39.4274	107.574	-10.07
39.4012	107.657	-10.07
39.3678	107.737	-10.07
39.3276	107.815	-10.07
39.2807	107.888	-10.07
39.2276	107.958	-10.07
39.1686	108.022	-10.07
39.1043	108.081	-10.07
39.0351	108.134	-10.07
38.9615	108.181	-10.07
38.8841	108.221	-10.07
38.8035	108.254	-10.07
38.7203	108.281	-10.07
38.6352	108.3	-10.07
38.5487	108.311	-10.07
38.4615	108.315	-10.07
38.3744	108.311	-10.07
38.2879	108.3	-10.07
38.2027	108.281	-10.07
38.1195	108.254	-10.07
38.0389	108.221	-10.07
37.9615	108.181	-10.07
37.8879	108.134	-10.07
37.8187	108.081	-10.07
37.7544	108.022	-10.07
37.6955	107.958	-10.07
37.6424	107.888	-10.07
37.5955	107.815	-10.07
37.5552	107.737	-10.07
37.5218	107.657	-10.07
37.4956	107.574	-10.07
37.4767	107.488	-10.07
37.4653	107.402	-10.07
37.4615	107.315	-10.07
45.4767	95.5411	-10.07
45.5218	95.3728	-10.07
45.5955	95.2148	-10.07
45.6955	95.072	-10.07
45.8187	94.9487	-10.07
45.9615	94.8488	-10.07
46.1195	94.7751	-10.07
46.2879	94.73	-10.07
46.4615	94.7148	-10.07
46.6352	94.73	-10.07
46.8036	94.7751	-10.07
46.9615	94.8488	-10.07
47.1043	94.9487	-10.07
47.2276	95.072	-10.07
47.3276	95.2148	-10.07
47.4012	95.3728	-10.07
47.4463	95.5411	-10.07
47.4615	95.7148	-10.07
47.4577	95.8019	-10.07
47.4463	95.8884	-10.07
47.4275	95.9736	-10.07
47.4012	96.0568	-10.07
47.3678	96.1374	-10.07
47.3276	96.2148	-10.07
47.2807	96.2884	-10.07
47.2276	96.3576	-10.07
47.1686	96.4219	-10.07
47.1043	96.4808	-10.07
47.0351	96.5339	-10.07
46.9615	96.5808	-10.07
46.8841	96.6211	-10.07
46.8036	96.6545	-10.07
46.7203	96.6807	-10.07
46.6352	96.6996	-10.07
46.5487	96.711	-10.07
46.4615	96.7148	-10.07
46.3744	96.711	-10.07
46.2879	96.6996	-10.07
46.2027	96.6807	-10.07
46.1195	96.6545	-10.07
46.0389	96.6211	-10.07
45.9615	96.5808	-10.07
45.888	96.5339	-10.07
45.8187	96.4808	-10.07
45.7544	96.4219	-10.07
45.6955	96.3576	-10.07
45.6424	96.2884	-10.07
45.5955	96.2148	-10.07
45.5552	96.1374	-10.07
45.5218	96.0568	-10.07
45.4956	95.9736	-10.07
45.4767	95.8884	-10.07
45.4653	95.8019	-10.07
45.4615	95.7148	-10.07
44.4767	107.141	-10.07
44.5218	106.973	-10.07
44.5955	106.815	-10.07
44.6955	106.672	-10.07
44.8187	106.549	-10.07
44.9615	106.449	-10.07
45.1195	106.375	-10.07
45.2879	106.33	-10.07
45.4615	106.315	-10.07
45.6352	106.33	-10.07
45.8036	106.375	-10.07
45.9615	106.449	-10.07
46.1043	106.549	-10.07
46.2276	106.672	-10.07
46.3276	106.815	-10.07
46.4012	106.973	-10.07
46.4463	107.141	-10.07
46.4615	107.315	-10.07
46.4577	107.402	-10.07
46.4463	107.488	-10.07
46.4275	107.574	-10.07
46.4012	107.657	-10.07
46.3678	107.737	-10.07
46.3276	107.815	-10.07
46.2807	107.888	-10.07
46.2276	107.958	-10.07
46.1686	108.022	-10.07
46.1043	108.081	-10.07
46.0351	108.134	-10.07
45.9615	108.181	-10.07
45.8841	108.221	-10.07
45.8036	108.254	-10.07
45.7203	108.281	-10.07
45.6352	108.3	-10.07
45.5487	108.311	-10.07
45.4615	108.315	-10.07
45.3744	108.311	-10.07
45.2879	108.3	-10.07
45.2027	108.281	-10.07
45.1195	108.254	-10.07
45.0389	108.221	-10.07
44.9615	108.181	-10.07
44.888	108.134	-10.07
44.8187	108.081	-10.07
44.7544	108.022	-10.07
44.6955	107.958	-10.07
44.6424	107.888	-10.07
44.5955	107.815	-10.07
44.5552	107.737	-10.07
44.5218	107.657	-10.07
44.4956	107.574	-10.07
44.4767	107.488	-10.07
44.4653	107.402	-10.07
44.4615	107.315	-10.07
4.08152	87.7258	-9.07
13.0042	87.7258	-9.07
12.9287	87.7425	-9.07
12.8546	87.7649	-9.07
12.7826	87.793	-9.07
12.7129	87.8266	-9.07
12.646	87.8655	-9.07
12.5824	87.9094	-9.07
12.5223	87.9581	-9.07
12.4662	88.0113	-9.07
12.4143	88.0687	-9.07
12.367	88.1299	-9.07
12.3246	88.1946	-9.07
12.2874	88.2623	-9.07
12.2555	88.3328	-9.07
12.2291	88.4055	-9.07
12.2084	88.48	-9.07
12.1935	88.5559	-9.07
12.1846	88.6327	-9.07
12.1816	88.71	-9.07
12.1854	88.7971	-9.07
12.1968	88.8836	-9.07
12.2157	88.9688	-9.07
12.2419	89.052	-9.07
12.2753	89.1326	-9.07
12.3156	89.21	-9.07
12.3624	89.2836	-9.07
12.4155	89.3528	-9.07
12.4745	89.4171	-9.07
12.5388	89.476	-9.07
12.608	89.5291	-9.07
12.6816	89.576	-9.07
12.759	89.6163	-9.07
12.8396	89.6497	-9.07
12.9228	89.6759	-9.07
13.0079	89.6948	-9.07
13.0944	89.7062	-9.07
13.1816	89.71	-9.07
13.2687	89.7062	-9.07
13.3552	89.6948	-9.07
13.4404	89.6759	-9.07
13.5236	89.6497	-9.07
13.6042	89.6163	-9.07
13.6816	89.576	-9.07
13.7552	89.5291	-9.07
13.8244	89.476	-9.07
13.8887	89.4171	-9.07
13.9476	89.3528	-9.07
14.0007	89.2836	-9.07
14.0476	89.21	-9.07
14.0879	89.1326	-9.07
14.1213	89.052	-9.07
14.1475	88.9688	-9.07
14.1664	88.8836	-9.07
14.1778	88.7971	-9.07
14.1816	88.71	-9.07
14.1786	88.6327	-9.07
14.1696	88.5559	-9.07
14.1548	88.48	-9.07
14.1341	88.4055	-9.07
14.1077	88.3328	-9.07
14.0758	88.2623	-9.07
14.0385	88.1946	-9.07
13.9961	88.1299	-9.07
13.9488	88.0687	-9.07
13.897	88.0113	-9.07
13.8409	87.9581	-9.07
13.7808	87.9094	-9.07
13.7171	87.8655	-9.07
13.6502	87.8266	-9.07
13.5806	87.793	-9.07
13.5085	87.7649	-9.07
13.4345	87.7425	-9.07
13.359	87.7258	-9.07
30.0042	87.7258	-9.07
29.9287	87.7425	-9.07
29.8546	87.7649	-9.07
29.7826	87.793	-9.07
29.7129	87.8266	-9.07
29.646	87.8655	-9.07
29.5824	87.9094	-9.07
29.5223	87.9581	-9.07
29.4662	88.0113	-9.07
29.4143	88.0687	-9.07
29.367	88.1299	-9.07
29.3246	88.1946	-9.07
29.2874	88.2623	-9.07
29.2555	88.3328	-9.07
29.2291	88.4055	-9.07
29.2084	88.48	-9.07
29.1935	88.5559	-9.07
29.1846	88.6327	-9.07
29.1816	88.71	-9.07
29.1854	88.7971	-9.07
29.1968	88.8836	-9.07
29.2157	88.9688	-9.07
29.2419	89.052	-9.07
29.2753	89.1326	-9.07
29.3156	89.21	-9.07
29.3624	89.2836	-9.07
29.4155	89.3528	-9.07
29.4745	89.4171	-9.07
29.5388	89.476	-9.07
29.608	89.5291	-9.07
29.6816	89.576	-9.07
29.759	89.6163	-9.07
29.8396	89.6497	-9.07
29.9228	89.6759	-9.07
30.0079	89.6948	-9.07
30.0944	89.7062	-9.07
30.1816	89.71	-9.07
30.2687	89.7062	-9.07
30.3552	89.6948	-9.07
30.4404	89.6759	-9.07
30.5236	89.6497	-9.07
30.6042	89.6163	-9.07
30.6816	89.576	-9.07
30.7552	89.5291	-9.07
30.8244	89.476	-9.07
30.8887	89.4171	-9.07
30.9476	89.3528	-9.07
31.0007	89.2836	-9.07
31.0476	89.21	-9.07
31.0879	89.1326	-9.07
31.1213	89.052	-9.07
31.1475	88.9688	-9.07
31.1664	88.8836	-9.07
31.1778	88.7971	-9.07
31.1816	88.71	-9.07
31.1786	88.6327	-9.07
31.1696	88.5559	-9.07
31.1548	88.48	-9.07
31.1341	88.4055	-9.07
31.1077	88.3328	-9.07
31.0758	88.2623	-9.07
31.0385	88.1946	-9.07
30.9961	88.1299	-9.07
30.9488	88.0687	-9.07
30.897	88.0113	-9.07
30.8408	87.9581	-9.07
30.7808	87.9094	-9.07
30.7171	87.8655	-9.07
30.6502	87.8266	-9.07
30.5806	87.793	-9.07
30.5085	87.7649	-9.07
30.4345	87.7425	-9.07
30.359	87.7258	-9.07
49.5271	87.7258	-9.07
47.4559	113.306	-9.07
29.4427	113.776	-9.07
20.4531	113.965	-9.07
4.08152	113.965	-9.07
10.4767	96.3411	-9.07
10.5218	96.1728	-9.07
10.5955	96.0148	-9.07
10.6955	95.872	-9.07
10.8187	95.7487	-9.07
10.9615	95.6488	-9.07
11.1195	95.5751	-9.07
11.2879	95.53	-9.07
11.4615	95.5148	-9.07
11.6352	95.53	-9.07
11.8035	95.5751	-9.07
11.9615	95.6488	-9.07
12.1043	95.7487	-9.07
12.2276	95.872	-9.07
12.3275	96.0148	-9.07
12.4012	96.1728	-9.07
12.4463	96.3411	-9.07
12.4615	96.5148	-9.07
12.4577	96.6019	-9.07
12.4463	96.6884	-9.07
12.4275	96.7736	-9.07
12.4012	96.8568	-9.07
12.3678	96.9374	-9.07
12.3275	97.0148	-9.07
12.2807	97.0884	-9.07
12.2276	97.1576	-9.07
12.1686	97.2219	-9.07
12.1043	97.2808	-9.07
12.0351	97.3339	-9.07
11.9615	97.3808	-9.07
11.8841	97.4211	-9.07
11.8035	97.4545	-9.07
11.7203	97.4807	-9.07
11.6352	97.4996	-9.07
11.5487	97.511	-9.07
11.4615	97.5148	-9.07
11.3744	97.511	-9.07
11.2879	97.4996	-9.07
11.2027	97.4807	-9.07
11.1195	97.4545	-9.07
11.0389	97.4211	-9.07
10.9615	97.3808	-9.07
10.8879	97.3339	-9.07
10.8187	97.2808	-9.07
10.7544	97.2219	-9.07
10.6955	97.1576	-9.07
10.6424	97.0884	-9.07
10.5955	97.0148	-9.07
10.5552	96.9374	-9.07
10.5218	96.8568	-9.07
10.4956	96.7736	-9.07
10.4767	96.6884	-9.07
10.4653	96.6019	-9.07
10.4615	96.5148	-9.07
10.4767	107.441	-9.07
10.5218	107.273	-9.07
10.5955	107.115	-9.07
10.6955	106.972	-9.07
10.8187	106.849	-9.07
10.9615	106.749	-9.07
11.1195	106.675	-9.07
11.2879	106.63	-9.07
11.4615	106.615	-9.07
11.6352	106.63	-9.07
11.8035	106.675	-9.07
11.9615	106.749	-9.07
12.1043	106.849	-9.07
12.2276	106.972	-9.07
12.3275	107.115	-9.07
12.4012	107.273	-9.07
12.4463	107.441	-9.07
12.4615	107.615	-9.07
12.4577	107.702	-9.07
12.4463	107.788	-9.07
12.4275	107.874	-9.07
12.4012	107.957	-9.07
12.3678	108.037	-9.07
12.3275	108.115	-9.07
12.2807	108.188	-9.07
12.2276	108.258	-9.07
12.1686	108.322	-9.07
12.1043	108.381	-9.07
12.0351	108.434	-9.07
11.9615	108.481	-9.07
11.8841	108.521	-9.07
11.8035	108.554	-9.07
11.7203	108.581	-9.07
11.6352	108.6	-9.07
11.5487	108.611	-9.07
11.4615	108.615	-9.07
11.3744	108.611	-9.07
11.2879	108.6	-9.07
11.2027	108.581	-9.07
11.1195	108.554	-9.07
11.0389	108.521	-9.07
10.9615	108.481	-9.07
10.8879	108.434	-9.07
10.8187	108.381	-9.07
10.7544	108.322	-9.07
10.6955	108.258	-9.07
10.6424	108.188	-9.07
10.5955	108.115	-9.07
10.5552	108.037	-9.07
10.5218	107.957	-9.07
10.4956	107.874	-9.07
10.4767	107.788	-9.07
10.4653	107.702	-9.07
10.4615	107.615	-9.07
19.4767	96.3411	-9.07
19.5218	96.1728	-9.07
19.5955	96.0148	-9.07
19.6955	95.872	-9.07
19.8187	95.7487	-9.07
19.9615	95.6488	-9.07
20.1195	95.5751	-9.07
20.2879	95.53	-9.07
20.4615	95.5148	-9.07
20.6352	95.53	-9.07
20.8035	95.5751	-9.07
20.9615	95.6488	-9.07
21.1043	95.7487	-9.07
21.2276	95.872	-9.07
21.3275	96.0148	-9.07
21.4012	96.1728	-9.07
21.4463	96.3411	-9.07
21.4615	96.5148	-9.07
21.4577	96.6019	-9.07
21.4463	96.6884	-9.07
21.4274	96.7736	-9.07
21.4012	96.8568	-9.07
21.3678	96.9374	-9.07
21.3275	97.0148	-9.07
21.2807	97.0884	-9.07
21.2276	97.1576	-9.07
21.1686	97.2219	-9.07
21.1043	97.2808	-9.07
21.0351	97.3339	-9.07
20.9615	97.3808	-9.07
20.8841	97.4211	-9.07
20.8035	97.4545	-9.07
20.7203	97.4807	-9.07
20.6352	97.4996	-9.07
20.5487	97.511	-9.07
20.4615	97.5148	-9.07
20.3744	97.511	-9.07
20.2879	97.4996	-9.07
20.2027	97.4807	-9.07
20.1195	97.4545	-9.07
20.0389	97.4211	-9.07
19.9615	97.3808	-9.07
19.8879	97.3339	-9.07
19.8187	97.2808	-9.07
19.7544	97.2219	-9.07
19.6955	97.1576	-9.07
19.6424	97.0884	-9.07
19.5955	97.0148	-9.07
19.5552	96.9374	-9.07
19.5218	96.8568	-9.07
19.4956	96.7736	-9.07
19.4767	96.6884	-9.07
19.4653	96.6019	-9.07
19.4615	96.5148	-9.07
19.4767	107.441	-9.07
19.5218	107.273	-9.07
19.5955	107.115	-9.07
19.6955	106.972	-9.07
19.8187	106.849	-9.07
19.9615	106.749	-9.07
20.1195	106.675	-9.07
20.2879	106.63	-9.07
20.4615	106.615	-9.07
20.6352	106.63	-9.07
20.8035	106.675	-9.07
20.9615	106.749	-9.07
21.1043	106.849	-9.07
21.2276	106.972	-9.07
21.3275	107.115	-9.07
21.4012	107.273	-9.07
21.4463	107.441	-9.07
21.4615	107.615	-9.07
21.4577	107.702	-9.07
21.4463	107.788	-9.07
21.4274	107.874	-9.07
21.4012	107.957	-9.07
21.3678	108.037	-9.07
21.3275	108.115	-9.07
21.2807	108.188	-9.07
21.2276	108.258	-9.07
21.1686	108.322	-9.07
21.1043	108.381	-9.07
21.0351	108.434	-9.07
20.9615	108.481	-9.07
20.8841	108.521	-9.07
20.8035	108.554	-9.07
20.7203	108.581	-9.07
20.6352	108.6	-9.07
20.5487	108.611	-9.07
20.4615	108.615	-9.07
20.3744	108.611	-9.07
20.2879	108.6	-9.07
20.2027	108.581	-9.07
20.1195	108.554	-9.07
20.0389	108.521	-9.07
19.9615	108.481	-9.07
19.8879	108.434	-9.07
19.8187	108.381	-9.07
19.7544	108.322	-9.07
19.6955	108.258	-9.07
19.6424	108.188	-9.07
19.5955	108.115	-9.07
19.5552	108.037	-9.07
19.5218	107.957	-9.07
19.4956	107.874	-9.07
19.4767	107.788	-9.07
19.4653	107.702	-9.07
19.4615	107.615	-9.07
28.4767	96.3411	-9.07
28.5218	96.1728	-9.07
28.5955	96.0148	-9.07
28.6955	95.872	-9.07
28.8187	95.7487	-9.07
28.9615	95.6488	-9.07
29.1195	95.5751	-9.07
29.2879	95.53	-9.07
29.4615	95.5148	-9.07
29.6352	95.53	-9.07
29.8035	95.5751	-9.07
29.9615	95.6488	-9.07
30.1043	95.7487	-9.07
30.2276	95.872	-9.07
30.3275	96.0148	-9.07
30.4012	96.1728	-9.07
30.4463	96.3411	-9.07
30.4615	96.5148	-9.07
30.4577	96.6019	-9.07
30.4463	96.6884	-9.07
30.4274	96.7736	-9.07
30.4012	96.8568	-9.07
30.3678	96.9374	-9.07
30.3275	97.0148	-9.07
30.2807	97.0884	-9.07
30.2276	97.1576	-9.07
30.1686	97.2219	-9.07
30.1043	97.2808	-9.07
30.0351	97.3339	-9.07
29.9615	97.3808	-9.07
29.8841	97.4211	-9.07
29.8035	97.4545	-9.07
29.7203	97.4807	-9.07
29.6352	97.4996	-9.07
29.5487	97.511	-9.07
29.4615	97.5148	-9.07
29.3744	97.511	-9.07
29.2879	97.4996	-9.07
29.2027	97.4807	-9.07
29.1195	97.4545	-9.07
29.0389	97.4211	-9.07
28.9615	97.3808	-9.07
28.8879	97.3339	-9.07
28.8187	97.2808	-9.07
28.7544	97.2219	-9.07
28.6955	97.1576	-9.07
28.6424	97.0884	-9.07
28.5955	97.0148	-9.07
28.5552	96.9374	-9.07
28.5218	96.8568	-9.07
28.4956	96.7736	-9.07
28.4767	96.6884	-9.07
28.4653	96.6019	-9.07
28.4615	96.5148	-9.07
28.4767	107.441	-9.07
28.5218	107.273	-9.07
28.5955	107.115	-9.07
28.6955	106.972	-9.07
28.8187	106.849	-9.07
28.9615	106.749	-9.07
29.1195	106.675	-9.07
29.2879	106.63	-9.07
29.4615	106.615	-9.07
29.6352	106.63	-9.07
29.8035	106.675	-9.07
29.9615	106.749	-9.07
30.1043	106.849	-9.07
30.2276	106.972	-9.07
30.3275	107.115	-9.07
30.4012	107.273	-9.07
30.4463	107.441	-9.07
30.4615	107.615	-9.07
30.4577	107.702	-9.07
30.4463	107.788	-9.07
30.4274	107.874	-9.07
30.4012	107.957	-9.07
30.3678	108.037	-9.07
30.3275	108.115	-9.07
30.2807	108.188	-9.07
30.2276	108.258	-9.07
30.1686	108.322	-9.07
30.1043	108.381	-9.07
30.0351	108.434	-9.07
29.9615	108.481	-9.07
29.8841	108.521	-9.07
29.8035	108.554	-9.07
29.7203	108.581	-9.07
29.6352	108.6	-9.07
29.5487	108.611	-9.07
29.4615	108.615	-9.07
29.3744	108.611	-9.07
29.2879	108.6	-9.07
29.2027	108.581	-9.07
29.1195	108.554	-9.07
29.0389	108.521	-9.07
28.9615	108.481	-9.07
28.8879	108.434	-9.07
28.8187	108.381	-9.07
28.7544	108.322	-9.07
28.6955	108.258	-9.07
28.6424	108.188	-9.07
28.5955	108.115	-9.07
28.5552	108.037	-9.07
28.5218	107.957	-9.07
28.4956	107.874	-9.07
28.4767	107.788	-9.07
28.4653	107.702	-9.07
28.4615	107.615	-9.07
37.4767	95.5411	-9.07
37.5218	95.3728	-9.07
37.5955	95.2148	-9.07
37.6955	95.072	-9.07
37.8187	94.9487	-9.07
37.9615	94.8488	-9.07
38.1195	94.7751	-9.07
38.2879	94.73	-9.07
38.4615	94.7148	-9.07
38.6352	94.73	-9.07
38.8035	94.7751	-9.07
38.9615	94.8488	-9.07
39.1043	94.9487	-9.07
39.2276	95.072	-9.07
39.3276	95.2148	-9.07
39.4012	95.3728	-9.07
39.4463	95.5411	-9.07
39.4615	95.7148	-9.07
39.4577	95.8019	-9.07
39.4463	95.8884	-9.07
39.4274	95.9736	-9.07
39.4012	96.0568	-9.07
39.3678	96.1374	-9.07
39.3276	96.2148	-9.07
39.2807	96.2884	-9.07
39.2276	96.3576	-9.07
39.1686	96.4219	-9.07
39.1043	96.4808	-9.07
39.0351	96.5339	-9.07
38.9615	96.5808	-9.07
38.8841	96.6211	-9.07
38.8035	96.6545	-9.07
38.7203	96.6807	-9.07
38.6352	96.6996	-9.07
38.5487	96.711	-9.07
38.4615	96.7148	-9.07
38.3744	96.711	-9.07
38.2879	96.6996	-9.07
38.2027	96.6807	-9.07
38.1195	96.6545	-9.07
38.0389	96.6211	-9.07
37.9615	96.5808	-9.07
37.8879	96.5339	-9.07
37.8187	96.4808	-9.07
37.7544	96.4219	-9.07
37.6955	96.3576	-9.07
37.6424	96.2884	-9.07
37.5955	96.2148	-9.07
37.5552	96.1374	-9.07
37.5218	96.0568	-9.07
37.4956	95.9736	-9.07
37.4767	95.8884	-9.07
37.4653	95.8019	-9.07
37.4615	95.7148	-9.07
37.4767	107.141	-9.07
37.5218	106.973	-9.07
37.5955	106.815	-9.07
37.6955	106.672	-9.07
37.8187	106.549	-9.07
37.9615	106.449	-9.07
38.1195	106.375	-9.07
38.2879	106.33	-9.07
38.4615	106.315	-9.07
38.6352	106.33	-9.07
38.8035	106.375	-9.07
38.9615	106.449	-9.07
39.1043	106.549	-9.07
39.2276	106.672	-9.07
39.3276	106.815	-9.07
39.4012	106.973	-9.07
39.4463	107.141	-9.07
39.4615	107.315	-9.07
39.4577	107.402	-9.07
39.4463	107.488	-9.07
39.4274	107.574	-9.07
39.4012	107.657	-9.07
39.3678	107.737	-9.07
39.3276	107.815	-9.07
39.2807	107.888	-9.07
39.2276	107.958	-9.07
39.1686	108.022	-9.07
39.1043	108.081	-9.07
39.0351	108.134	-9.07
38.9615	108.181	-9.07
38.8841	108.221	-9.07
38.8035	108.254	-9.07
38.7203	108.281	-9.07
38.6352	108.3	-9.07
38.5487	108.311	-9.07
38.4615	108.315	-9.07
38.3744	108.311	-9.07
38.2879	108.3	-9.07
38.2027	108.281	-9.07
38.1195	108.254	-9.07
38.0389	108.221	-9.07
37.9615	108.181	-9.07
37.8879	108.134	-9.07
37.8187	108.081	-9.07
37.7544	108.022	-9.07
37.6955	107.958	-9.07
37.6424	107.888	-9.07
37.5955	107.815	-9.07
37.5552	107.737	-9.07
37.5218	107.657	-9.07
37.4956	107.574	-9.07
37.4767	107.488	-9.07
37.4653	107.402	-9.07
37.4615	107.315	-9.07
45.4767	95.5411	-9.07
45.5218	95.3728	-9.07
45.5955	95.2148	-9.07
45.6955	95.072	-9.07
45.8187	94.9487	-9.07
45.9615	94.8488	-9.07
46.1195	94.7751	-9.07
46.2879	94.73	-9.07
46.4615	94.7148	-9.07
46.6352	94.73	-9.07
46.8036	94.7751	-9.07
46.9615	94.8488	-9.07
47.1043	94.9487	-9.07
47.2276	95.072	-9.07
47.3276	95.2148	-9.07
47.4012	95.3728	-9.07
47.4463	95.5411	-9.07
47.4615	95.7148	-9.07
47.4577	95.8019	-9.07
47.4463	95.8884	-9.07
47.4275	95.9736	-9.07
47.4012	96.0568	-9.07
47.3678	96.1374	-9.07
47.3276	96.2148	-9.07
47.2807	96.2884	-9.07
47.2276	96.3576	-9.07
47.1686	96.4219	-9.07
47.1043	96.4808	-9.07
47.0351	96.5339	-9.07
46.9615	96.5808	-9.07
46.8841	96.6211	-9.07
46.8036	96.6545	-9.07
46.7203	96.6807	-9.07
46.6352	96.6996	-9.07
46.5487	96.711	-9.07
46.4615	96.7148	-9.07
46.3744	96.711	-9.07
46.2879	96.6996	-9.07
46.2027	96.6807	-9.07
46.1195	96.6545	-9.07
46.0389	96.6211	-9.07
45.9615	96.5808	-9.07
45.888	96.5339	-9.07
45.8187	96.4808	-9.07
45.7544	96.4219	-9.07
45.6955	96.3576	-9.07
45.6424	96.2884	-9.07
45.5955	96.2148	-9.07
45.5552	96.1374	-9.07
45.5218	96.0568	-9.07
45.4956	95.9736	-9.07
45.4767	95.8884	-9.07
45.4653	95.8019	-9.07
45.4615	95.7148	-9.07
44.4767	107.141	-9.07
44.5218	106.973	-9.07
44.5955	106.815	-9.07
44.6955	106.672	-9.07
44.8187	106.549	-9.07
44.9615	106.449	-9.07
45.1195	106.375	-9.07
45.2879	106.33	-9.07
45.4615	106.315	-9.07
45.6352	106.33	-9.07
45.8036	106.375	-9.07
45.9615	106.449	-9.07
46.1043	106.549	-9.07
46.2276	106.672	-9.07
46.3276	106.815	-9.07
46.4012	106.973	-9.07
46.4463	107.141	-9.07
46.4615	107.315	-9.07
46.4577	107.402	-9.07
46.4463	107.488	-9.07
46.4275	107.574	-9.07
46.4012	107.657	-9.07
46.3678	107.737	-9.07
46.3276	107.815	-9.07
46.2807	107.888	-9.07
46.2276	107.958	-9.07
46.1686	108.022	-9.07
46.1043	108.081	-9.07
46.0351	108.134	-9.07
45.9615	108.181	-9.07
45.8841	108.221	-9.07
45.8036	108.254	-9.07
45.7203	108.281	-9.07
45.6352	108.3	-9.07
45.5487	108.311	-9.07
45.4615	108.315	-9.07
45.3744	108.311	-9.07
45.2879	108.3	-9.07
45.2027	108.281	-9.07
45.1195	108.254	-9.07
45.0389	108.221	-9.07
44.9615	108.181	-9.07
44.888	108.134	-9.07
44.8187	108.081	-9.07
44.7544	108.022	-9.07
44.6955	107.958	-9.07
44.6424	107.888	-9.07
44.5955	107.815	-9.07
44.5552	107.737	-9.07
44.5218	107.657	-9.07
44.4956	107.574	-9.07
44.4767	107.488	-9.07
44.4653	107.402	-9.07
44.4615	107.315	-9.07

#	Triangle	225
205	844	152	897	844	205	259	898	206	951	898	259
152	845	153	844	845	152	206	899	207	898	899	206	260	953	261	952	953	260	314	1007	315	1006	1007	314	368	1061	369	1060	1061	368	422	1115	423	1114	1115	422
153	846	154	845	846	153	207	900	208	899	900	207
154	847	155	846	847	154	208	901	209	900	901	208	478	1171	479	1170	1171	478	532	1225	533	1224	1225	532	586	1279	587	1278	1279	586	640	1333	641	1332	1333	640
155	848	156	847	848	155	209	902	210	901	902	209
156	849	157	848	849	156	210	903	211	902	903	210
157	850	158	849	850	157	211	904	212	903	904	211
158	851	159	850	851	158	212	905	213	904	905	212
159	852	160	851	852	159	213	906	214	905	906	213	483	1176	484	1175	1176	483	537	1230	538	1229	1230	537	591	1284	592	1283	1284	591	645	1338	646	1337	1338	645
160	853	161	852	853	160	214	907	215	906	907	214	268	961	269	960	961	268	322	1015	323	1014	1015	322	376	1069	377	1068	1069	376	430	1123	431	1122	1123	430	484	1177	485	1176	1177	484	538	1231	539	1230	1231	538	592	1285	593	1284	1285	592	646	1339	647	1338	1339	646
161	854	162	853	854	161	215	908	216	907	908	215	485	1178	486	1177	1178	485	539	1232	540	1231	1232	539	593	1286	594	1285	1286	593	647	1340	648	1339	1340	647
162	855	163	854	855	162	216	909	217	908	909	216	486	1179	487	1178	1179	486	540	1233	541	1232	1233	540	594	1287	595	1286	1287	594	648	1341	649	1340	1341	648
163	856	164	855	856	163	217	910	218	909	910	217
164	857	165	856	857	164	218	911	219	910	911	218
165	858	166	857	858	165	219	912	220	911	912	219
166	859	167	858	859	166	220	913	221	912	913	220
167	860	168	859	860	167	221	914	222	913	914	221	275	968	276	967	968	275	329	1022	330	1021	1022	329	383	1076	384	1075	1076	383	437	1130	438	1129	1130	437
168	861	169	860	861	168	222	915	223	914	915	222
169	862	170	861	862	169	223	916	224	915	916	223	54	747	746	55	747	54
170	863	171	862	863	170	224	917	225	916	917	224	278	971	279	970	971	278	332	1025	333	1024	1025	332	386	1079	387	1078	1079	386	440	1133	441	1132	1133	440	494	1187	495	1186	1187	494	548	1241	549	1240	1241	548	53	746	745	54	746	53	126	819	818	127	819	126
171	864	172	863	864	171	225	918	226	917	918	225
172	865	173	864	865	172	226	919	227	918	919	226	51	744	743	52	744	51
173	866	174	865	866	173	227	920	228	919	920	227	281	974	282	973	974	281	335	1028	336	1027	1028	335	389	1082	390	1081	1082	389	443	1136	444	1135	1136	443
174	867	175	866	867	174	228	921	229	920	921	228	49	742	741	50	742	49
175	868	176	867	868	175	229	922	230	921	922	229	283	976	284	975	976	283	337	1030	338	1029	1030	337	391	1084	392	1083	1084	391	445	1138	446	1137	1138	445
176	869	177	868	869	176	230	923	231	922	923	230
177	870	178	869	870	177	231	924	232	923	924	231	285	978	286	977	978	285	339	1032	340	1031	1032	339	393	1086	394	1085	1086	393	447	1140	448	1139	1140	447	501	1194	502	1193	1194	501	555	1248	556	1247	1248	555	609	1302	610	1301	1302	609	663	1356	664	1355	1356	663	119	812	811	120	812	119
178	871	179	870	871	178	232	925	233	924	925	232
179	872	180	871	872	179	233	926	234	925	926	233	287	980	288	979	980	287	341	1034	342	1033	1034	341	395	1088	396	1087	1088	395	449	1142	450	1141	1142	449	503	1196	504	1195	1196	503	557	1250	558	1249	1250	557	611	1304	612	1303	1304	611	665	1358	666	1357	1358	665	117	810	809	118	810	117
180	873	181	872	873	180	234	927	235	926	927	234
181	874	182	873	874	181	235	928	236	927	928	235
182	875	183	874	875	182	236	929	237	928	929	236
183	876	184	875	876	183	237	930	238	929	930	237
184	877	185	876	877	184	238	931	239	930	931	238	39	732	731	40	732	39
185	878	186	877	878	185	239	932	240	931	932	239	38	731	730	39	731	38
186	879	187	878	879	186	240	933	241	932	933	240
187	880	188	879	880	187	241	934	242	933	934	241	511	1204	512	1203	1204	511	565	1258	566	1257	1258	565	619	1312	620	1311	1312	619	673	1366	674	1365	1366	673
188	881	189	880	881	188	242	935	243	934	935	242	296	989	297	988	989	296	350	1043	351	1042	1043	350	404	1097	405	1096	1097	404	458	1151	459	1150	1151	458	512	1205	513	1204	1205	512	566	1259	567	1258	1259	566	620	1313	621	1312	1313	620	674	1367	675	1366	1367	674	108	801	800	109	801	108
189	882	190	881	882	189	243	936	244	935	936	243	34	727	726	35	727	34
190	883	191	882	883	190	244	937	245	936	937	244	298	991	299	990	991	298	352	1045	353	1044	1045	352	406	1099	407	1098	1099	406	460	1153	461	1152	1153	460	33	726	725	34	726	33	106	799	798	107	799	106
191	884	192	883	884	191	245	938	246	937	938	245	299	992	300	991	992	299	353	1046	354	1045	1046	353	407	1100	408	1099	1100	407	461	1154	462	1153	1154	461	515	1208	516	1207	1208	515	569	1262	570	1261	1262	569	32	725	724	33	725	32
192	885	193	884	885	192	246	939	247	938	939	246
193	886	194	885	886	193	247	940	248	939	940	247	301	994	302	993	994	301	355	1048	356	1047	1048	355	409	1102	410	1101	1102	409	463	1156	464	1155	1156	463
194	887	195	886	887	194	248	941	249	940	941	248	29	722	721	30	722	29
195	888	196	887	888	195	249	942	250	941	942	249	303	996	304	995	996	303	357	1050	358	1049	1050	357	411	1104	412	1103	1104	411	465	1158	466	1157	1158	465	28	721	720	29	721	28
196	889	197	888	889	196	250	943	251	942	943	250	27	720	719	28	720	27
197	890	198	889	890	197	251	944	252	943	944	251	305	998	306	997	998	305	359	1052	360	1051	1052	359	413	1106	414	1105	1106	413	467	1160	468	1159	1160	467	26	719	718	27	719	26	99	792	791	100	792	99
198	891	199	890	891	198	252	945	253	944	945	252
199	892	200	891	892	199	253	946	254	945	946	253	24	717	716	25	717	24
200	893	201	892	893	200	254	947	255	946	947	254	308	1001	309	1000	1001	308	362	1055	363	1054	1055	362	416	1109	417	1108	1109	416	470	1163	471	1162	1163	470
201	894	202	893	894	201	255	948	256	947	948	255	22	715	714	23	715	22
202	895	203	894	895	202	256	949	257	948	949	256
203	896	204	895	896	203	257	950	258	949	950	257
204	897	205	896	897	204	258	951	259	950	951	258	528	1221	529	1220	1221	528	582	1275	583	1274	1275	582	636	1329	637	1328	1329	636	690	1383	691	1382	1383	690	92	785	784	93	785	92
313	952	260	1005	952	313	367	1006	314	1059	1006	367	421	1060	368	1113	1060	421	475	1114	422	1167	1114	475
261	954	262	953	954	261	315	1008	316	1007	1008	315	369	1062	370	1061	1062	369	423	1116	424	1115	1116	423
262	955	263	954	955	262	316	1009	317	1008	1009	316	370	1063	371	1062	1063	370	424	1117	425	1116	1117	424
263	956	264	955	956	263	317	1010	318	1009	1010	317	371	1064	372	1063	1064	371	425	1118	426	1117	1118	425
264	957	265	956	957	264	318	1011	319	1010	1011	318	372	1065	373	1064	1065	372	426	1119	427	1118	1119	426
265	958	266	957	958	265	319	1012	320	1011	1012	319	373	1066	374	1065	1066	373	427	1120	428	1119	1120	427	481	1174	482	1173	1174	481	535	1228	536	1227	1228	535	589	1282	590	1281	1282	589	643	1336	644	1335	1336	643
266	959	267	958	959	266	320	1013	321	1012	1013	320	374	1067	375	1066	1067	374	428	1121	429	1120	1121	428
267	960	268	959	960	267	321	1014	322	1013	1014	321	375	1068	376	1067	1068	375	429	1122	430	1121	1122	429
269	962	270	961	962	269	323	1016	324	1015	1016	323	377	1070	378	1069	1070	377	431	1124	432	1123	1124	431
270	963	271	962	963	270	324	1017	325	1016	1017	324	378	1071	379	1070	1071	378	432	1125	433	1124	1125	432
271	964	272	963	964	271	325	1018	326	1017	1018	325	379	1072	380	1071	1072	379	433	1126	434	1125	1126	433	487	1180	488	1179	1180	487	541	1234	542	1233	1234	541
272	965	273	964	965	272	326	1019	327	1018	1019	326	380	1073	381	1072	1073	380	434	1127	435	1126	1127	434
273	966	274	965	966	273	327	1020	328	1019	1020	327	381	1074	382	1073	1074	381	435	1128	436	1127	1128	435	489	1182	490	1181	1182	489	543	1236	544	1235	1236	543	597	1290	598	1289	1290	597	651	1344	652	1343	1344	651
274	967	275	966	967	274	328	1021	329	1020	1021	328	382	1075	383	1074	1075	382	436	1129	437	1128	1129	436	490	1183	491	1182	1183	490	544	1237	545	1236	1237	544	598	1291	599	1290	1291	598	652	1345	653	1344	1345	652
276	969	277	968	969	276	330	1023	331	1022	1023	330	384	1077	385	1076	1077	384	438	1131	439	1130	1131	438	492	1185	493	1184	1185	492	546	1239	547	1238	1239	546
277	970	278	969	970	277	331	1024	332	1023	1024	331	385	1078	386	1077	1078	385	439	1132	440	1131	1132	439	493	1186	494	1185	1186	493	547	1240	548	1239	1240	547	601	1294	602	1293	1294	601	655	1348	656	1347	1348	655	127	820	819	128	820	127
279	972	280	971	972	279	333	1026	334	1025	1026	333	387	1080	388	1079	1080	387	441	1134	442	1133	1134	441	495	1188	496	1187	1188	495	549	1242	550	1241	1242	549
280	973	281	972	973	280	334	1027	335	1026	1027	334	388	1081	389	1080	1081	388	442	1135	443	1134	1135	442	124	817	816	125	817	124
282	975	283	974	975	282	336	1029	337	1028	1029	336	390	1083	391	1082	1083	390	444	1137	445	1136	1137	444	122	815	814	123	815	122
284	977	285	976	977	284	338	1031	339	1030	1031	338	392	1085	393	1084	1085	392	446	1139	447	1138	1139	446	47	740	739	48	740	47	120	813	812	121	813	120
286	979	287	978	979	286	340	1033	341	1032	1033	340	394	1087	395	1086	1087	394	448	1141	449	1140	1141	448	45	738	737	46	738	45
288	981	289	980	981	288	342	1035	343	1034	1035	342	396	1089	397	1088	1089	396	450	1143	451	1142	1143	450	504	1197	505	1196	1197	504	558	1251	559	1250	1251	558
289	982	290	981	982	289	343	1036	344	1035	1036	343	397	1090	398	1089	1090	397	451	1144	452	1143	1144	451
290	983	291	982	983	290	344	1037	345	1036	1037	344	398	1091	399	1090	1091	398	452	1145	453	1144	1145	452	506	1199	507	1198	1199	506	560	1253	561	1252	1253	560	614	1307	615	1306	1307	614	668	1361	669	1360	1361	668	41	734	733	42	734	41
291	984	292	983	984	291	345	1038	346	1037	1038	345	399	1092	400	1091	1092	399	453	1146	454	1145	1146	453	40	733	732	41	733	40	113	806	805	114	806	113
292	985	293	984	985	292	346	1039	347	1038	1039	346	400	1093	401	1092	1093	400	454	1147	455	1146	1147	454	508	1201	509	1200	1201	508	562	1255	563	1254	1255	562
293	986	294	985	986	293	347	1040	348	1039	1040	347	401	1094	402	1093	1094	401	455	1148	456	1147	1148	455	509	1202	510	1201	1202	509	563	1256	564	1255	1256	563	617	1310	618	1309	1310	617	671	1364	672	1363	1364	671	111	804	803	112	804	111
294	987	295	986	987	294	348	1041	349	1040	1041	348	402	1095	403	1094	1095	402	456	1149	457	1148	1149	456	510	1203	511	1202	1203	510	564	1257	565	1256	1257	564	618	1311	619	1310	1311	618	672	1365	673	1364	1365	672
295	988	296	987	988	295	349	1042	350	1041	1042	349	403	1096	404	1095	1096	403	457	1150	458	1149	1150	457
297	990	298	989	990	297	351	1044	352	1043	1044	351	405	1098	406	1097	1098	405	459	1152	460	1151	1152	459	621	1314	622	1313	1314	621	675	1368	676	1367	1368	675
300	993	301	992	993	300	354	1047	355	1046	1047	354	408	1101	409	1100	1101	408	462	1155	463	1154	1155	462	516	1209	517	1208	1209	516	570	1263	571	1262	1263	570
302	995	303	994	995	302	356	1049	357	1048	1049	356	410	1103	411	1102	1103	410	464	1157	465	1156	1157	464	518	1211	519	1210	1211	518	572	1265	573	1264	1265	572	626	1319	627	1318	1319	626	680	1373	681	1372	1373	680	102	795	794	103	795	102
304	997	305	996	997	304	358	1051	359	1050	1051	358	412	1105	413	1104	1105	412	466	1159	467	1158	1159	466	520	1213	521	1212	1213	520	574	1267	575	1266	1267	574	628	1321	629	1320	1321	628	682	1375	683	1374	1375	682	100	793	792	101	793	100
306	999	307	998	999	306	360	1053	361	1052	1053	360	414	1107	415	1106	1107	414	468	1161	469	1160	1161	468	630	1323	631	1322	1323	630	684	1377	685	1376	1377	684
307	1000	308	999	1000	307	361	1054	362	1053	1054	361	415	1108	416	1107	1108	415	469	1162	470	1161	1162	469	631	1324	632	1323	1324	631	685	1378	686	1377	1378	685
309	1002	310	1001	1002	309	363	1056	364	1055	1056	363	417	1110	418	1109	1110	417	471	1164	472	1163	1164	471	525	1218	526	1217	1218	525	579	1272	580	1271	1272	579
310	1003	311	1002	1003	310	364	1057	365	1056	1057	364	418	1111	419	1110	1111	418	472	1165	473	1164	1165	472
311	1004	312	1003	1004	311	365	1058	366	1057	1058	365	419	1112	420	1111	1112	419	473	1166	474	1165	1166	473	527	1220	528	1219	1220	527	581	1274	582	1273	1274	581	635	1328	636	1327	1328	635	689	1382	690	1381	1382	689	20	713	712	21	713	20	93	786	785	94	786	93
312	1005	313	1004	1005	312	366	1059	367	1058	1059	366	420	1113	421	1112	1113	420	474	1167	475	1166	1167	474
529	1168	476	1221	1168	529	583	1222	530	1275	1222	583	637	1276	584	1329	1276	637	691	1330	638	1383	1330	691
476	1169	477	1168	1169	476	530	1223	531	1222	1223	530
477	1170	478	1169	1170	477	531	1224	532	1223	1224	531	585	1278	586	1277	1278	585	639	1332	640	1331	1332	639
479	1172	480	1171	1172	479	533	1226	534	1225	1226	533	587	1280	588	1279	1280	587	641	1334	642	1333	1334	641
480	1173	481	1172	1173	480	534	1227	535	1226	1227	534
482	1175	483	1174	1175	482	536	1229	537	1228	1229	536	590	1283	591	1282	1283	590	644	1337	645	1336	1337	644
488	1181	489	1180	1181	488	542	1235	543	1234	1235	542	596	1289	597	1288	1289	596	650	1343	651	1342	1343	650
491	1184	492	1183	1184	491	545	1238	546	1237	1238	545	599	1292	600	1291	1292	599	653	1346	654	1345	1346	653
496	1189	497	1188	1189	496	550	1243	551	1242	1243	550
497	1190	498	1189	1190	497	551	1244	552	1243	1244	551	605	1298	606	1297	1298	605	659	1352	660	1351	1352	659
498	1191	499	1190	1191	498	552	1245	553	1244	1245	552	606	1299	607	1298	1299	606	660	1353	661	1352	1353	660
499	1192	500	1191	1192	499	553	1246	554	1245	1246	553
500	1193	501	1192	1193	500	554	1247	555	1246	1247	554
502	1195	503	1194	1195	502	556	1249	557	1248	1249	556	610	1303	611	1302	1303	610	664	1357	665	1356	1357	664	118	811	810	119	811	118
505	1198	506	1197	1198	505	559	1252	560	1251	1252	559	613	1306	614	1305	1306	613	667	1360	668	1359	1360	667
507	1200	508	1199	1200	507	561	1254	562	1253	1254	561
513	1206	514	1205	1206	513	567	1260	568	1259	1260	567
514	1207	515	1206	1207	514	568	1261	569	1260	1261	568
517	1210	518	1209	1210	517	571	1264	572	1263	1264	571
519	1212	520	1211	1212	519	573	1266	574	1265	1266	573	627	1320	628	1319	1320	627	681	1374	682	1373	1374	681	101	794	793	102	794	101
521	1214	522	1213	1214	521	575	1268	576	1267	1268	575
522	1215	523	1214	1215	522	576	1269	577	1268	1269	576
523	1216	524	1215	1216	523	577	1270	578	1269	1270	577
524	1217	525	1216	1217	524	578	1271	579	1270	1271	578
526	1219	527	1218	1219	526	580	1273	581	1272	1273	580	634	1327	635	1326	1327	634	688	1381	689	1380	1381	688
584	1277	585	1276	1277	584	638	1331	639	1330	1331	638
588	1281	589	1280	1281	588	642	1335	643	1334	1335	642
595	1288	596	1287	1288	595	649	1342	650	1341	1342	649
600	1293	601	1292	1293	600	654	1347	655	1346	1347	654
602	1295	603	1294	1295	602	656	1349	657	1348	1349	656
603	1296	604	1295	1296	603	657	1350	658	1349	1350	657
604	1297	605	1296	1297	604	658	1351	659	1350	1351	658
607	1300	608	1299	1300	607	661	1354	662	1353	1354	661
608	1301	609	1300	1301	608	662	1355	663	1354	1355	662
612	1305	613	1304	1305	612	666	1359	667	1358	1359	666
615	1308	616	1307	1308	615	669	1362	670	1361	1362	669
616	1309	617	1308	1309	616	670	1363	671	1362	1363	670
622	1315	623	1314	1315	622	676	1369	677	1368	1369	676
623	1316	624	1315	1316	623	677	1370	678	1369	1370	677
624	1317	625	1316	1317	624	678	1371	679	1370	1371	678
625	1318	626	1317	1318	625	679	1372	680	1371	1372	679
629	1322	630	1321	1322	629	683	1376	684	1375	1376	683
632	1325	633	1324	1325	632	686	1379	687	1378	1379	686
633	1326	634	1325	1326	633	687	1380	688	1379	1380	687
151	692	843	0	692	151
0	693	692	1	693	0	73	766	765	74	766	73	146	839	838	147	839	146
1	694	693	2	694	1
2	695	694	3	695	2
3	696	695	4	696	3
4	697	696	5	697	4
5	698	697	6	698	5	78	771	770	79	771	78
6	699	698	7	699	6	79	772	771	80	772	79
7	700	699	8	700	7
8	701	700	9	701	8	81	774	773	82	774	81
9	702	701	10	702	9	82	775	774	83	775	82
10	703	702	11	703	10
11	704	703	12	704	11
12	705	704	13	705	12
13	706	705	14	706	13	86	779	778	87	779	86
14	707	706	15	707	14	87	780	779	88	780	87
15	708	707	16	708	15	88	781	780	89	781	88
16	709	708	17	709	16	89	782	781	90	782	89
17	710	709	18	710	17	90	783	782	91	783	90
18	711	710	19	711	18	91	784	783	92	784	91
19	712	711	20	712	19
21	714	713	22	714	21
23	716	715	24	716	23	96	789	788	97	789	96
25	718	717	26	718	25	98	791	790	99	791	98
30	723	722	31	723	30	103	796	795	104	796	103
31	724	723	32	724	31
35	728	727	36	728	35
36	729	728	37	729	36
37	730	729	38	730	37
42	735	734	43	735	42
43	736	735	44	736	43	116	809	808	117	809	116
44	737	736	45	737	44
46	739	738	47	739	46
48	741	740	49	741	48	121	814	813	122	814	121
50	743	742	51	743	50	123	816	815	124	816	123
52	745	744	53	745	52
55	748	747	56	748	55	128	821	820	129	821	128
56	749	748	57	749	56	129	822	821	130	822	129
57	750	749	58	750	57	130	823	822	131	823	130
58	751	750	59	751	58	131	824	823	132	824	131
59	752	751	60	752	59	132	825	824	133	825	132
60	753	752	61	753	60	133	826	825	134	826	133
61	754	753	62	754	61
62	755	754	63	755	62
63	756	755	64	756	63
64	757	756	65	757	64	137	830	829	138	830	137
65	758	757	66	758	65	138	831	830	139	831	138
66	759	758	67	759	66
67	760	759	68	760	67	140	833	832	141	833	140
68	761	760	69	761	68	141	834	833	142	834	141
69	762	761	70	762	69
70	763	762	71	763	70
71	764	763	72	764	71
72	765	764	73	765	72
74	767	766	75	767	74
75	768	767	76	768	75
76	769	768	77	769	76
77	770	769	78	770	77
80	773	772	81	773	80
83	776	775	84	776	83
84	777	776	85	777	84
85	778	777	86	778	85
94	787	786	95	787	94
95	788	787	96	788	95
97	790	789	98	790	97
104	797	796	105	797	104
105	798	797	106	798	105
107	800	799	108	800	107
109	802	801	110	802	109
110	803	802	111	803	110
112	805	804	113	805	112
114	807	806	115	807	114
115	808	807	116	808	115
125	818	817	126	818	125
134	827	826	135	827	134
135	828	827	136	828	135
136	829	828	137	829	136
139	832	831	140	832	139
142	835	834	143	835	142
143	836	835	144	836	143
144	837	836	145	837	144
145	838	837	146	838	145
147	840	839	148	840	147
148	841	840	149	841	148
149	842	841	150	842	149
150	843	842	151	843	150
150	247	151	247	248	151	248	249	151	249	250	151	250	251	151	251	252	151	252	253	151	253	254	151	254	255	151	255	256	151	256	257	151	257	258	151	258	259	151	259	0	151	259	205	0	205	152	0	152	153	0	153	19	0	19	18	0	18	17	0	17	16	0	16	15	0	15	14	0	14	13	0	13	12	0	12	11	0	11	10	0	10	9	0	9	8	0	8	7	0	7	6	0	6	5	0	5	4	0	4	3	0	3	2	0	2	1	0	206	205	259	206	204	205	206	203	204	207	203	206	207	202	203	207	201	202	208	201	207	208	200	201	154	19	153	208	199	200	209	199	208	209	198	199	155	19	154	209	197	198	210	197	209	210	196	197	156	19	155	210	195	196	211	195	210	211	194	195	157	19	156	211	193	194	150	246	247	212	193	211	212	192	193	158	19	157	150	245	246	212	191	192	150	244	245	213	191	212	213	190	191	159	19	158	150	243	244	213	189	190	150	242	243	214	189	213	214	188	189	160	19	159	150	241	242	214	187	188	150	240	241	215	187	214	215	186	187	161	19	160	150	239	240	215	185	186	150	238	239	216	185	215	216	184	185	162	19	161	150	237	238	216	183	184	150	236	237	217	183	216	217	182	183	163	19	162	150	235	236	217	181	182	150	234	235	218	181	217	218	180	181	164	19	163	150	233	234	218	179	180	150	232	233	219	179	218	219	178	179	165	19	164	150	231	232	219	177	178	165	20	19	165	21	20	165	22	21	165	23	22	150	230	231	220	177	219	220	176	177	166	23	165	166	24	23	166	25	24	150	229	230	220	175	176	166	26	25	150	228	229	221	175	220	221	174	175	167	26	166	167	27	26	150	227	228	221	173	174	150	226	227	222	173	221	222	172	173	168	27	167	168	28	27	150	225	226	222	171	172	150	224	225	223	171	222	223	170	171	169	28	168	150	223	224	223	169	170	150	169	223	150	28	169	150	29	28	150	30	29	150	31	30	150	32	31	150	33	32	150	34	33	150	35	34	150	36	35	150	37	36	150	38	37	150	39	38	150	40	39	72	74	73	71	74	72	150	41	40	70	74	71	150	42	41	69	74	70	150	43	42	68	74	69	150	44	43	67	74	68	150	45	44	66	74	67	150	46	45	65	74	66	150	47	46	64	74	65	150	48	47	63	74	64	62	74	63	150	49	48	61	74	62	150	50	49	60	74	61	150	51	50	59	74	60	150	52	51	58	74	59	150	53	52	57	74	58	150	54	53	56	74	57	150	55	54	55	74	56	150	365	55	365	366	55	366	367	55	367	313	55	313	260	55	260	261	55	261	262	55	262	263	55	263	264	55	264	86	55	86	85	55	85	84	55	84	83	55	83	82	55	82	81	55	81	80	55	80	79	55	79	78	55	78	77	55	77	76	55	76	75	55	75	74	55	314	313	367	314	312	313	314	311	312	150	364	365	315	311	314	315	310	311	150	363	364	315	309	310	150	362	363	316	309	315	316	308	309	150	361	362	316	307	308	150	360	361	317	307	316	317	306	307	150	359	360	317	305	306	150	358	359	318	305	317	318	304	305	150	357	358	318	303	304	150	356	357	319	303	318	319	302	303	265	86	264	150	355	356	319	301	302	150	354	355	320	301	319	320	300	301	266	86	265	150	353	354	320	299	300	150	352	353	321	299	320	321	298	299	267	86	266	150	351	352	321	297	298	150	350	351	322	297	321	322	296	297	268	86	267	150	349	350	322	295	296	149	349	150	149	348	349	323	295	322	323	294	295	269	86	268	149	347	348	323	293	294	149	346	347	324	293	323	324	292	293	270	86	269	149	345	346	324	291	292	149	344	345	325	291	324	325	290	291	271	86	270	149	343	344	325	289	290	149	342	343	326	289	325	326	288	289	272	86	271	149	341	342	326	287	288	149	340	341	327	287	326	327	286	287	273	86	272	149	339	340	327	285	286	149	338	339	328	285	327	328	284	285	274	86	273	149	337	338	328	283	284	149	336	337	329	283	328	329	282	283	275	86	274	149	335	336	329	281	282	149	334	335	330	281	329	330	280	281	276	86	275	149	333	334	330	279	280	149	332	333	331	279	330	331	278	279	277	86	276	149	331	332	331	277	278	149	277	331	149	473	277	473	474	277	474	475	277	475	421	277	421	368	277	368	92	277	92	91	277	91	90	277	90	89	277	89	88	277	88	87	277	87	86	277	422	421	475	422	420	421	422	419	420	149	472	473	423	419	422	423	418	419	369	92	368	149	471	472	423	417	418	149	470	471	424	417	423	424	416	417	370	92	369	149	469	470	424	415	416	149	468	469	425	415	424	425	414	415	371	92	370	149	467	468	425	413	414	149	466	467	426	413	425	426	412	413	372	92	371	149	465	466	426	411	412	149	464	465	427	411	426	427	410	411	373	92	372	149	463	464	427	409	410	149	462	463	428	409	427	428	408	409	374	92	373	149	461	462	428	407	408	149	460	461	429	407	428	429	406	407	375	92	374	375	93	92	375	94	93	375	95	94	149	459	460	429	405	406	375	96	95	375	97	96	375	98	97	149	458	459	430	405	429	430	404	405	376	98	375	376	99	98	376	100	99	149	457	458	430	403	404	376	101	100	148	457	149	148	456	457	431	403	430	431	402	403	377	101	376	377	102	101	377	103	102	148	455	456	431	401	402	377	104	103	148	454	455	432	401	431	432	400	401	378	104	377	378	105	104	148	453	454	432	399	400	378	106	105	148	452	453	433	399	432	433	398	399	379	106	378	379	107	106	148	451	452	433	397	398	379	108	107	148	450	451	434	397	433	434	396	397	380	108	379	380	109	108	148	449	450	434	395	396	380	110	109	148	448	449	435	395	434	435	394	395	381	110	380	148	447	448	435	393	394	381	111	110	148	446	447	436	393	435	436	392	393	382	111	381	382	112	111	148	445	446	436	391	392	148	444	445	437	391	436	437	390	391	383	112	382	383	113	112	145	147	146	148	443	444	437	389	390	148	442	443	438	389	437	438	388	389	384	113	383	148	441	442	438	387	388	144	147	145	384	114	113	148	440	441	439	387	438	439	386	387	385	114	384	148	439	440	439	385	386	148	571	439	571	572	439	572	573	439	573	574	439	574	575	439	575	576	439	576	577	439	577	578	439	578	579	439	579	580	439	580	581	439	581	582	439	582	583	439	583	385	439	583	114	385	143	147	144	583	115	114	142	147	143	583	116	115	141	147	142	583	117	116	140	147	141	583	118	117	139	147	140	583	119	118	138	147	139	583	120	119	137	147	138	583	121	120	136	147	137	135	147	136	583	122	121	134	147	135	583	123	122	133	147	134	583	124	123	132	147	133	583	125	124	131	147	132	583	126	125	130	147	131	583	127	126	129	147	130	583	128	127	128	147	129	583	529	128	529	476	128	476	477	128	477	478	128	478	479	128	479	480	128	480	481	128	481	147	128	530	529	583	530	528	529	530	527	528	531	527	530	531	526	527	531	525	526	532	525	531	532	524	525	532	523	524	533	523	532	533	522	523	533	521	522	534	521	533	534	520	521	534	519	520	535	519	534	535	518	519	535	517	518	148	570	571	536	517	535	536	516	517	482	147	481	148	569	570	536	515	516	148	568	569	537	515	536	537	514	515	483	147	482	148	567	568	537	513	514	148	566	567	538	513	537	538	512	513	484	147	483	148	565	566	538	511	512	148	564	565	539	511	538	539	510	511	485	147	484	148	563	564	539	509	510	148	562	563	540	509	539	540	508	509	486	147	485	148	561	562	540	507	508	148	560	561	541	507	540	541	506	507	487	147	486	148	559	560	541	505	506	148	558	559	542	505	541	542	504	505	488	147	487	148	557	558	542	503	504	148	556	557	543	503	542	543	502	503	489	147	488	148	555	556	543	501	502	148	554	555	544	501	543	544	500	501	490	147	489	148	553	554	544	499	500	148	552	553	545	499	544	545	498	499	491	147	490	148	551	552	545	497	498	148	550	551	546	497	545	546	496	497	492	147	491	148	549	550	546	495	496	148	548	549	547	495	546	547	494	495	493	147	492	148	547	548	547	493	494	148	685	547	685	686	547	686	687	547	687	688	547	688	689	547	689	690	547	690	691	547	691	493	547	691	638	493	638	637	493	637	584	493	584	585	493	585	586	493	586	147	493	639	637	638	640	637	639	148	684	685	641	637	640	148	683	684	148	682	683	642	637	641	148	681	682	148	680	681	643	637	642	148	679	680	148	678	679	644	637	643	148	677	678	148	676	677	645	637	644	148	675	676	148	674	675	646	637	645	148	673	674	148	672	673	647	637	646	647	636	637	647	635	636	647	634	635	647	633	634	647	632	633	148	671	672	647	631	632	647	630	631	587	147	586	148	670	671	648	630	647	648	629	630	648	628	629	588	147	587	148	669	670	648	627	628	148	668	669	649	627	648	649	626	627	589	147	588	148	667	668	649	625	626	148	666	667	650	625	649	650	624	625	590	147	589	148	665	666	650	623	624	148	664	665	651	623	650	651	622	623	591	147	590	148	663	664	651	621	622	148	662	663	652	621	651	148	661	662	652	620	621	592	147	591	148	660	661	653	620	652	148	659	660	653	619	620	148	658	659	654	619	653	148	657	658	148	656	657	655	619	654	148	655	656	148	619	655	148	618	619	593	147	592	148	617	618	148	616	617	594	147	593	148	615	616	148	614	615	595	147	594	148	613	614	148	612	613	596	147	595	148	611	612	148	610	611	597	147	596	148	609	610	148	608	609	598	147	597	148	607	608	148	606	607	599	147	598	148	605	606	148	604	605	600	147	599	148	603	604	148	602	603	601	147	600	147	602	148	147	601	602
693	694	692	694	695	692	695	696	692	696	697	692	697	698	692	698	699	692	699	700	692	700	701	692	701	702	692	702	703	692	703	704	692	704	705	692	705	706	692	706	707	692	707	708	692	708	709	692	709	710	692	710	711	692	711	843	692	711	844	843	844	897	843	897	951	843	951	950	843	950	949	843	949	948	843	948	947	843	947	946	843	946	945	843	945	944	843	944	943	843	943	942	843	942	941	843	941	940	843	940	939	843	939	842	843	896	951	897	896	898	951	895	898	896	711	845	844	894	898	895	894	899	898	893	899	894	711	846	845	892	899	893	892	900	899	891	900	892	711	847	846	890	900	891	890	901	900	889	901	890	711	848	847	888	901	889	888	902	901	887	902	888	711	849	848	886	902	887	886	903	902	885	903	886	711	850	849	884	903	885	884	904	903	938	842	939	883	904	884	937	842	938	711	851	850	882	904	883	882	905	904	936	842	937	881	905	882	935	842	936	711	852	851	880	905	881	880	906	905	934	842	935	879	906	880	933	842	934	711	853	852	878	906	879	878	907	906	932	842	933	877	907	878	931	842	932	711	854	853	876	907	877	876	908	907	930	842	931	875	908	876	929	842	930	711	855	854	874	908	875	874	909	908	928	842	929	873	909	874	927	842	928	711	856	855	872	909	873	872	910	909	926	842	927	871	910	872	925	842	926	711	857	856	870	910	871	870	911	910	924	842	925	869	911	870	923	842	924	712	857	711	713	857	712	714	857	713	715	857	714	715	858	857	868	911	869	868	912	911	922	842	923	716	858	715	717	858	716	867	912	868	921	842	922	718	858	717	718	859	858	866	912	867	866	913	912	920	842	921	719	859	718	865	913	866	919	842	920	719	860	859	864	913	865	864	914	913	918	842	919	720	860	719	863	914	864	917	842	918	720	861	860	862	914	863	862	915	914	916	842	917	861	915	862	915	842	916	720	915	861	720	842	915	721	842	720	722	842	721	723	842	722	724	842	723	725	842	724	726	842	725	727	842	726	728	842	727	729	842	728	730	842	729	731	842	730	732	842	731	766	764	765	766	763	764	733	842	732	766	762	763	734	842	733	766	761	762	735	842	734	766	760	761	736	842	735	766	759	760	737	842	736	766	758	759	738	842	737	766	757	758	739	842	738	766	756	757	740	842	739	766	755	756	766	754	755	741	842	740	766	753	754	742	842	741	766	752	753	743	842	742	766	751	752	744	842	743	766	750	751	745	842	744	766	749	750	746	842	745	766	748	749	747	842	746	766	747	748	766	767	747	767	768	747	768	769	747	769	770	747	770	771	747	771	772	747	772	773	747	773	774	747	774	775	747	775	776	747	776	777	747	777	778	747	778	956	747	956	955	747	955	954	747	954	953	747	953	952	747	952	1005	747	1005	1059	747	1059	1058	747	1058	1057	747	1057	842	747	1004	1059	1005	1004	1006	1059	1003	1006	1004	1002	1006	1003	1002	1007	1006	1056	842	1057	1001	1007	1002	1055	842	1056	1000	1007	1001	1000	1008	1007	1054	842	1055	999	1008	1000	1053	842	1054	998	1008	999	998	1009	1008	1052	842	1053	997	1009	998	1051	842	1052	996	1009	997	996	1010	1009	1050	842	1051	995	1010	996	1049	842	1050	778	957	956	994	1010	995	994	1011	1010	1048	842	1049	993	1011	994	1047	842	1048	778	958	957	992	1011	993	992	1012	1011	1046	842	1047	991	1012	992	1045	842	1046	778	959	958	990	1012	991	990	1013	1012	1044	842	1045	989	1013	990	1043	842	1044	778	960	959	988	1013	989	988	1014	1013	1042	842	1043	987	1014	988	1041	842	1042	1041	841	842	778	961	960	986	1014	987	986	1015	1014	1040	841	1041	985	1015	986	1039	841	1040	778	962	961	984	1015	985	984	1016	1015	1038	841	1039	983	1016	984	1037	841	1038	778	963	962	982	1016	983	982	1017	1016	1036	841	1037	981	1017	982	1035	841	1036	778	964	963	980	1017	981	980	1018	1017	1034	841	1035	979	1018	980	1033	841	1034	778	965	964	978	1018	979	978	1019	1018	1032	841	1033	977	1019	978	1031	841	1032	778	966	965	976	1019	977	976	1020	1019	1030	841	1031	975	1020	976	1029	841	1030	778	967	966	974	1020	975	974	1021	1020	1028	841	1029	973	1021	974	1027	841	1028	778	968	967	972	1021	973	972	1022	1021	1026	841	1027	971	1022	972	1025	841	1026	778	969	968	970	1022	971	970	1023	1022	1024	841	1025	969	1023	970	1023	841	1024	778	779	969	779	780	969	780	1023	969	780	781	1023	781	782	1023	782	783	1023	783	784	1023	784	1060	1023	1060	1113	1023	1113	1167	1023	1167	1166	1023	1166	1165	1023	1165	841	1023	1112	1167	1113	1112	1114	1167	1111	1114	1112	784	1061	1060	1110	1114	1111	1110	1115	1114	1164	841	1165	1109	1115	1110	1163	841	1164	784	1062	1061	1108	1115	1109	1108	1116	1115	1162	841	1163	1107	1116	1108	1161	841	1162	784	1063	1062	1106	1116	1107	1106	1117	1116	1160	841	1161	1105	1117	1106	1159	841	1160	784	1064	1063	1104	1117	1105	1104	1118	1117	1158	841	1159	1103	1118	1104	1157	841	1158	784	1065	1064	1102	1118	1103	1102	1119	1118	1156	841	1157	1101	1119	1102	1155	841	1156	784	1066	1065	1100	1119	1101	1100	1120	1119	1154	841	1155	1099	1120	1100	1153	841	1154	784	1067	1066	1098	1120	1099	1098	1121	1120	1152	841	1153	785	1067	784	786	1067	785	787	1067	786	1097	1121	1098	1151	841	1152	788	1067	787	789	1067	788	790	1067	789	790	1068	1067	1096	1121	1097	1096	1122	1121	1150	841	1151	791	1068	790	792	1068	791	1095	1122	1096	1149	841	1150	793	1068	792	1149	840	841	793	1069	1068	1094	1122	1095	1094	1123	1122	1148	840	1149	794	1069	793	795	1069	794	1093	1123	1094	1147	840	1148	796	1069	795	796	1070	1069	1092	1123	1093	1092	1124	1123	1146	840	1147	797	1070	796	1091	1124	1092	1145	840	1146	798	1070	797	798	1071	1070	1090	1124	1091	1090	1125	1124	1144	840	1145	799	1071	798	1089	1125	1090	1143	840	1144	800	1071	799	800	1072	1071	1088	1125	1089	1088	1126	1125	1142	840	1143	801	1072	800	1087	1126	1088	1141	840	1142	802	1072	801	802	1073	1072	1086	1126	1087	1086	1127	1126	1140	840	1141	1085	1127	1086	1139	840	1140	803	1073	802	803	1074	1073	1084	1127	1085	1084	1128	1127	1138	840	1139	804	1074	803	1083	1128	1084	1137	840	1138	804	1075	1074	1082	1128	1083	1082	1129	1128	1136	840	1137	805	1075	804	839	837	838	1081	1129	1082	1135	840	1136	805	1076	1075	1080	1129	1081	1080	1130	1129	1134	840	1135	1079	1130	1080	1133	840	1134	839	836	837	806	1076	805	806	1077	1076	1078	1130	1079	1078	1131	1130	1132	840	1133	1077	1131	1078	1131	840	1132	806	1131	1077	806	1275	1131	1275	1274	1131	1274	1273	1131	1273	1272	1131	1272	1271	1131	1271	1270	1131	1270	1269	1131	1269	1268	1131	1268	1267	1131	1267	1266	1131	1266	1265	1131	1265	1264	1131	1264	1263	1131	1263	840	1131	839	835	836	807	1275	806	839	834	835	808	1275	807	839	833	834	809	1275	808	839	832	833	810	1275	809	839	831	832	811	1275	810	839	830	831	812	1275	811	839	829	830	813	1275	812	839	828	829	839	827	828	814	1275	813	839	826	827	815	1275	814	839	825	826	816	1275	815	839	824	825	817	1275	816	839	823	824	818	1275	817	839	822	823	819	1275	818	839	821	822	820	1275	819	839	820	821	839	1173	820	1173	1172	820	1172	1171	820	1171	1170	820	1170	1169	820	1169	1168	820	1168	1221	820	1221	1275	820	1220	1275	1221	1220	1222	1275	1219	1222	1220	1218	1222	1219	1218	1223	1222	1217	1223	1218	1216	1223	1217	1216	1224	1223	1215	1224	1216	1214	1224	1215	1214	1225	1224	1213	1225	1214	1212	1225	1213	1212	1226	1225	1211	1226	1212	1210	1226	1211	1210	1227	1226	1209	1227	1210	839	1174	1173	1208	1227	1209	1208	1228	1227	1262	840	1263	1207	1228	1208	1261	840	1262	839	1175	1174	1206	1228	1207	1206	1229	1228	1260	840	1261	1205	1229	1206	1259	840	1260	839	1176	1175	1204	1229	1205	1204	1230	1229	1258	840	1259	1203	1230	1204	1257	840	1258	839	1177	1176	1202	1230	1203	1202	1231	1230	1256	840	1257	1201	1231	1202	1255	840	1256	839	1178	1177	1200	1231	1201	1200	1232	1231	1254	840	1255	1199	1232	1200	1253	840	1254	839	1179	1178	1198	1232	1199	1198	1233	1232	1252	840	1253	1197	1233	1198	1251	840	1252	839	1180	1179	1196	1233	1197	1196	1234	1233	1250	840	1251	1195	1234	1196	1249	840	1250	839	1181	1180	1194	1234	1195	1194	1235	1234	1248	840	1249	1193	1235	1194	1247	840	1248	839	1182	1181	1192	1235	1193	1192	1236	1235	1246	840	1247	1191	1236	1192	1245	840	1246	839	1183	1182	1190	1236	1191	1190	1237	1236	1244	840	1245	1189	1237	1190	1243	840	1244	839	1184	1183	1188	1237	1189	1188	1238	1237	1242	840	1243	1187	1238	1188	1241	840	1242	839	1185	1184	1186	1238	1187	1186	1239	1238	1240	840	1241	1185	1239	1186	1239	840	1240	839	1278	1185	1278	1277	1185	1277	1276	1185	1276	1239	1185	1276	1329	1239	1329	1383	1239	1383	1382	1239	1382	1381	1239	1381	1380	1239	1380	1379	1239	1379	1378	1239	1378	1377	1239	1377	840	1239	1329	1330	1383	1329	1331	1330	1329	1332	1331	1329	1333	1332	1376	840	1377	1375	840	1376	1329	1334	1333	1374	840	1375	1373	840	1374	1329	1335	1334	1372	840	1373	1371	840	1372	1329	1336	1335	1370	840	1371	1369	840	1370	1329	1337	1336	1368	840	1369	1367	840	1368	1329	1338	1337	1366	840	1367	1365	840	1366	1328	1338	1329	1328	1339	1338	1364	840	1365	1327	1339	1328	1326	1339	1327	1325	1339	1326	1324	1339	1325	1363	840	1364	1323	1339	1324	839	1279	1278	1322	1339	1323	1322	1340	1339	1362	840	1363	1321	1340	1322	839	1280	1279	1320	1340	1321	1361	840	1362	1319	1340	1320	1319	1341	1340	1360	840	1361	839	1281	1280	1318	1341	1319	1359	840	1360	1317	1341	1318	839	1282	1281	1316	1341	1317	1316	1342	1341	1358	840	1359	1357	840	1358	1315	1342	1316	1315	1343	1342	1356	840	1357	839	1283	1282	1314	1343	1315	1355	840	1356	1313	1343	1314	1313	1344	1343	1354	840	1355	1353	840	1354	839	1284	1283	1312	1344	1313	1312	1345	1344	1352	840	1353	1351	840	1352	1311	1345	1312	1311	1346	1345	1350	840	1351	1349	840	1350	1311	1347	1346	1348	840	1349	1347	840	1348	839	1285	1284	1310	1347	1311	1310	840	1347	1309	840	1310	839	1286	1285	1308	840	1309	1307	840	1308	839	1287	1286	1306	840	1307	1305	840	1306	839	1288	1287	1304	840	1305	1303	840	1304	839	1289	1288	1302	840	1303	1301	840	1302	839	1290	1289	1300	840	1301	1299	840	1300	839	1291	1290	1298	840	1299	1297	840	1298	839	1292	1291	1296	840	1297	1295	840	1296	839	1293	1292	1294	840	1295	1294	839	840	1293	839	1294

#	Normal	225
0.996195	0.0871564	-0
0.965927	0.258815	-0
0.906305	0.422624	-0
0.819156	0.573571	-0
0.70711	0.707104	-0
0.573588	0.819144	-0
0.422604	0.906314	-0
0.25883	0.965923	-0
0.0871286	0.996197	-0
-0.0871286	0.996197	-0
-0.258831	0.965923	-0
-0.422602	0.906315	-0
-0.573591	0.819142	-0
-0.70711	0.707104	-0
-0.819153	0.573574	-0
-0.906305	0.422624	-0
-0.965927	0.258815	-0
-0.996195	0.0871564	-0
-0.999048	-0.0436233	0
-0.991445	-0.130524	0
-0.976293	-0.216455	0
-0.953718	-0.300701	0
-0.923886	-0.382669	0
-0.887014	-0.461742	0
-0.843373	-0.537329	0
-0.793348	-0.608768	0
-0.737284	-0.675583	0
-0.675588	-0.737279	0
-0.608776	-0.793343	0
-0.537314	-0.843382	0
-0.461738	-0.887016	0
-0.382662	-0.923889	0
-0.300721	-0.953712	0
-0.216449	-0.976294	0
-0.130479	-0.991451	0
-0.043702	-0.999045	0
0.0437015	-0.999045	-0
0.13048	-0.991451	-0
0.216449	-0.976294	-0
0.300718	-0.953713	-0
0.382666	-0.923887	-0
0.461738	-0.887016	-0
0.537314	-0.843382	-0
0.60877	-0.793347	-0
0.675594	-0.737274	-0
0.737279	-0.675589	-0
0.793353	-0.608761	-0
0.843373	-0.537329	-0
0.887014	-0.461742	-0
0.923886	-0.382669	-0
0.953718	-0.300701	-0
0.976293	-0.216455	-0
0.991444	-0.130535	-0
0.999049	-0.0436121	-0
0.996194	0.0871619	-0
0.906307	0.42262	-0
0.819151	0.573578	-0
0.707112	0.707101	-0
0.573591	0.819142	-0
0.422602	0.906315	-0
0.258828	0.965923	-0
0.0871296	0.996197	-0
-0.258828	0.965923	-0
-0.422606	0.906313	-0
-0.573586	0.819146	-0
-0.707112	0.707101	-0
-0.819156	0.573571	-0
-0.906303	0.422629	-0
-0.996195	0.0871508	-0
-0.999049	-0.0436121	0
-0.97629	-0.216466	0
-0.953722	-0.300691	0
-0.88701	-0.461751	0
-0.793353	-0.608761	0
-0.675594	-0.737274	0
-0.537304	-0.843389	0
-0.461743	-0.887014	0
-0.382666	-0.923887	0
-0.300718	-0.953713	0
-0.216447	-0.976294	0
-0.13048	-0.991451	0
-0.0437015	-0.999045	0
0.0437025	-0.999045	-0
0.216447	-0.976294	-0
0.461733	-0.887019	-0
0.608776	-0.793343	-0
0.737284	-0.675583	-0
0.843363	-0.537345	-0
0.887019	-0.461733	-0
0.953715	-0.300711	-0
0.976295	-0.216444	-0
0.991445	-0.130524	-0
0.999048	-0.0436345	-0
0.996195	0.0871508	-0
0.965924	0.258826	-0
0.906303	0.422629	-0
0.707107	0.707107	-0
0.573596	0.819138	-0
0.258831	0.965923	-0
-0.707107	0.707107	-0
-0.96593	0.258805	-0
-0.953728	-0.300671	0
-0.923878	-0.382688	0
-0.887019	-0.461733	0
-0.843363	-0.537345	0
-0.793364	-0.608747	0
-0.675583	-0.737284	0
-0.461733	-0.887019	0
-0.300724	-0.953711	0
0.216456	-0.976292	-0
0.300711	-0.953715	-0
0.537325	-0.843376	-0
0.675583	-0.737284	-0
0.793343	-0.608776	-0
0.843383	-0.537313	-0
0.887	-0.461769	-0
0.923894	-0.38265	-0
0.97629	-0.216466	-0
0.96593	0.258805	-0
0.573586	0.819146	-0
-0.573596	0.819138	-0
-0.996193	0.0871731	-0
-0.991439	-0.130568	0
-0.9763	-0.216423	0
-0.953715	-0.300711	0
-0.843383	-0.537313	0
-0.793343	-0.608776	0
-0.537325	-0.843376	0
-0.300711	-0.953715	0
-0.216456	-0.976292	0
0.300724	-0.953711	-0
0.38265	-0.923894	-0
0.461752	-0.887009	-0
0.537304	-0.843389	-0
0.793364	-0.608747	-0
0.923878	-0.382688	-0
0.953728	-0.300671	-0
-1	-0	0
-0	-1	-0
0.215366	0.976533	-0
0.290119	0.956991	-0
0.363247	0.931693	-0
0.434166	0.900833	-0
0.502457	0.864602	-0
0.567801	0.823166	-0
0.629659	0.776871	-0
0.687888	0.725817	-0
0.741879	0.670534	-0
0.791478	0.611198	-0
0.836378	0.548153	-0
0.876219	0.481913	-0
0.910847	0.412745	-0
0.94002	0.341118	-0
0.963562	0.267485	-0
0.98136	0.192181	-0
0.993274	0.115788	-0
0.999252	0.038664	-0
0.999048	-0.0436233	-0
0.976297	-0.216436	-0
0.923872	-0.3827	-0
0.843399	-0.537288	-0
0.537251	-0.843423	-0
0.461808	-0.88698	-0
0.130479	-0.991451	-0
0.0436126	-0.999049	-0
-0.0436126	-0.999049	0
-0.461808	-0.88698	0
-0.537251	-0.843423	0
-0.60877	-0.793347	0
-0.737279	-0.675589	0
-0.843399	-0.537288	0
-0.923872	-0.3827	0
-0.976297	-0.216436	0
-0.999252	0.038664	-0
-0.993274	0.115788	-0
-0.98136	0.192181	-0
-0.963562	0.267485	-0
-0.94002	0.341118	-0
-0.910847	0.412745	-0
-0.876219	0.481913	-0
-0.836378	0.548153	-0
-0.791478	0.611198	-0
-0.741879	0.670534	-0
-0.687888	0.725817	-0
-0.629659	0.776871	-0
-0.567801	0.823166	-0
-0.502457	0.864602	-0
-0.434166	0.900833	-0
-0.363247	0.931693	-0
-0.290119	0.956991	-0
-0.215366	0.976533	-0
0.215363	0.976534	-0
0.290122	0.95699	-0
0.363252	0.931691	-0
0.434156	0.900838	-0
0.629672	0.776861	-0
0.791472	0.611206	-0
0.836372	0.548162	-0
0.876224	0.481903	-0
0.976294	-0.216447	-0
0.953722	-0.300691	-0
0.88701	-0.461751	-0
0.461813	-0.886977	-0
0.382658	-0.92389	-0
0.216452	-0.976293	-0
0.0436121	-0.999049	-0
-0.0436121	-0.999049	0
-0.216452	-0.976293	0
-0.382658	-0.92389	0
-0.461813	-0.886977	0
-0.976294	-0.216447	0
-0.876224	0.481903	-0
-0.836372	0.548162	-0
-0.791472	0.611206	-0
-0.629672	0.776861	-0
-0.434156	0.900838	-0
-0.363252	0.931691	-0
-0.290122	0.95699	-0
-0.215363	0.976534	-0
0.996738	0.0807026	-0
0.026035	0.999661	-0
0.0210483	0.999778	-0
-0	1	-0
-0	-0	-1
-0	-0	1

#	Mesh	0	End

