#	Mesh	0	Begin

#	Vertex	26
46.3466	98.979	1.33
45.7216	98.979	1.33
45.7216	96.479	1.33
46.3466	96.479	1.33
46.3466	98.979	2.33
45.7216	98.979	2.33
45.7216	96.479	2.33
46.3466	96.479	2.33
45.7216	99.654	1.33
45.2216	99.954	1.33
43.2216	99.954	1.33
43.2216	99.654	1.33
45.7216	99.654	2.53
45.2216	99.954	2.53
43.2216	99.954	2.53
43.2216	99.654	2.53
43.2216	95.804	1.33
45.7216	95.804	1.33
43.2216	95.804	2.53
45.7216	95.804	2.53
45.7216	95.854	1.33
45.7216	95.854	2.33
45.7216	95.504	1.33
45.7216	95.504	1.93
43.2216	95.504	1.33
43.2216	95.504	1.93

#	Triangle	9
3	4	7	0	4	3	17	12	19	8	12	17	19	22	17	23	22	19
0	5	4	1	5	0	9	14	13	10	14	9	8	15	12	11	15	8	3	6	7	2	6	3	19	16	18	17	16	19
1	6	5	2	6	1	10	15	14	11	15	10	11	18	15	16	18	11	2	21	6	20	21	2	16	25	18	24	25	16
2	7	6	3	7	2	11	12	15	8	12	11	16	19	18	17	19	16	22	25	24	23	25	22
3	1	0	2	1	3	11	9	8	10	9	11	8	16	11	17	16	8	3	20	2	17	24	16	22	24	17
4	6	7	5	6	4	12	14	15	13	14	12	15	19	12	18	19	15	6	21	7
8	13	12	9	13	8
20	7	21	3	7	20
23	18	25	19	18	23

#	Normal	9
1	-0	-0
-0	1	-0
-1	-0	0
-0	-1	-0
-0	0	-1
0	0	1
0.514496	0.857493	-0
0.707107	-0.707107	-0
-0	-0.894427	0.447214

#	Mesh	0	End

