#	Mesh	0	Begin

#	Vertex	92
-7.29249	108.519	1.69
-7.289	108.521	1.69
-8.3036	110.337	1.69
-8.30709	110.335	1.69
-7.29249	108.519	2.57
-7.289	108.521	2.57
-8.3036	110.337	2.57
-8.30709	110.335	2.57
-8.38514	110.315	1.69
-8.38914	110.315	1.69
-8.38914	108.235	1.69
-8.38514	108.235	1.69
-8.38514	110.315	2.57
-8.38914	110.315	2.57
-8.38914	108.235	2.57
-8.38514	108.235	2.57
-7.312	108.554	1.73
-8.28758	110.3	1.73
-8.29256	110.297	1.73
-8.29762	110.295	1.73
-8.30274	110.293	1.73
-8.30793	110.29	1.73
-8.31319	110.288	1.73
-8.3185	110.286	1.73
-8.32386	110.284	1.73
-8.32928	110.283	1.73
-8.33473	110.281	1.73
-8.34023	110.28	1.73
-8.34577	110.279	1.73
-8.35133	110.278	1.73
-8.35692	110.277	1.73
-8.36254	110.276	1.73
-8.36817	110.275	1.73
-8.37382	110.275	1.73
-8.37948	110.275	1.73
-8.38514	110.275	1.73
-8.38514	108.275	1.73
-8.32287	108.276	1.73
-8.26065	108.278	1.73
-8.19853	108.283	1.73
-8.13656	108.289	1.73
-8.07478	108.297	1.73
-8.01326	108.306	1.73
-7.95203	108.318	1.73
-7.89115	108.331	1.73
-7.83067	108.346	1.73
-7.77063	108.362	1.73
-7.71109	108.381	1.73
-7.65208	108.4	1.73
-7.59366	108.422	1.73
-7.53588	108.445	1.73
-7.47878	108.47	1.73
-7.4224	108.497	1.73
-7.36679	108.525	1.73
-7.312	108.554	2.53
-8.28758	110.3	2.53
-8.29256	110.297	2.53
-8.29762	110.295	2.53
-8.30274	110.293	2.53
-8.30793	110.29	2.53
-8.31319	110.288	2.53
-8.3185	110.286	2.53
-8.32386	110.284	2.53
-8.32928	110.283	2.53
-8.33473	110.281	2.53
-8.34023	110.28	2.53
-8.34577	110.279	2.53
-8.35133	110.278	2.53
-8.35692	110.277	2.53
-8.36254	110.276	2.53
-8.36817	110.275	2.53
-8.37382	110.275	2.53
-8.37948	110.275	2.53
-8.38514	110.275	2.53
-8.38514	108.275	2.53
-8.32287	108.276	2.53
-8.26065	108.278	2.53
-8.19853	108.283	2.53
-8.13656	108.289	2.53
-8.07478	108.297	2.53
-8.01326	108.306	2.53
-7.95203	108.318	2.53
-7.89115	108.331	2.53
-7.83067	108.346	2.53
-7.77063	108.362	2.53
-7.71109	108.381	2.53
-7.65208	108.4	2.53
-7.59366	108.422	2.53
-7.53588	108.445	2.53
-7.47878	108.47	2.53
-7.4224	108.497	2.53
-7.36679	108.525	2.53

#	Triangle	46
3	4	7	0	4	3
0	5	4	1	5	0
1	6	5	2	6	1	16	55	54	17	55	16
2	7	6	3	7	2
3	1	0	2	1	3	11	9	8	10	9	11	53	17	16	52	17	53	51	17	52	50	17	51	49	17	50	48	17	49	47	17	48	46	17	47	45	17	46	44	17	45	43	17	44	42	17	43	41	17	42	40	17	41	39	17	40	38	17	39	37	17	38	36	17	37	35	34	36	34	33	36	33	32	36	32	31	36	31	30	36	30	29	36	29	28	36	28	27	36	27	26	36	26	25	36	25	24	36	24	23	36	23	22	36	22	21	36	21	20	36	20	19	36	19	18	36	18	17	36
4	6	7	5	6	4	12	14	15	13	14	12	55	91	54	55	90	91	55	89	90	55	88	89	55	87	88	55	86	87	55	85	86	55	84	85	55	83	84	55	82	83	55	81	82	55	80	81	55	79	80	55	78	79	55	77	78	55	76	77	55	75	76	55	74	75	55	56	74	56	57	74	57	58	74	58	59	74	59	60	74	60	61	74	61	62	74	62	63	74	63	64	74	64	65	74	65	66	74	66	67	74	67	68	74	68	69	74	69	70	74	70	71	74	71	72	74	72	73	74
11	12	15	8	12	11
8	13	12	9	13	8
9	14	13	10	14	9	35	74	73	36	74	35
10	15	14	11	15	10
53	54	91	16	54	53
17	56	55	18	56	17
18	57	56	19	57	18
19	58	57	20	58	19
20	59	58	21	59	20
21	60	59	22	60	21
22	61	60	23	61	22
23	62	61	24	62	23
24	63	62	25	63	24
25	64	63	26	64	25
26	65	64	27	65	26
27	66	65	28	66	27
28	67	66	29	67	28
29	68	67	30	68	29
30	69	68	31	69	30
31	70	69	32	70	31
32	71	70	33	71	32
33	72	71	34	72	33
34	73	72	35	73	34
36	75	74	37	75	36
37	76	75	38	76	37
38	77	76	39	77	38
39	78	77	40	78	39
40	79	78	41	79	40
41	80	79	42	80	41
42	81	80	43	81	42
43	82	81	44	82	43
44	83	82	45	83	44
45	84	83	46	84	45
46	85	84	47	85	46
47	86	85	48	86	47
48	87	86	49	87	48
49	88	87	50	88	49
50	89	88	51	89	50
51	90	89	52	90	51
52	91	90	53	91	52

#	Normal	46
-0.872961	-0.48779	0
0.48669	-0.873575	-0
0.872961	0.48779	-0
-0.486742	0.873546	-0
0	-0	-1
-0	-0	1
1	-0	-0
-0	1	-0
-1	-0	0
-0	-1	-0
0.475338	-0.879803	-0
-0.47481	0.880089	-0
-0.451072	0.892488	-0
-0.424999	0.905194	-0
-0.398827	0.917026	-0
-0.37264	0.927976	-0
-0.346337	0.93811	-0
-0.320106	0.947382	-0
-0.292582	0.95624	-0
-0.266283	0.963895	-0
-0.237417	0.971408	-0
-0.211119	0.97746	-0
-0.183497	0.98302	-0
-0.154572	0.987982	-0
-0.126942	0.99191	-0
-0.09935	0.995053	-0
-0.0703767	0.99752	-0
-0.0427785	0.999085	-0
-0.0137989	0.999905	-0
0.0141754	-0.9999	-0
0.0424015	-0.999101	-0
0.0707523	-0.997494	-0
0.0988539	-0.995102	-0
0.127078	-0.991893	-0
0.155054	-0.987906	-0
0.183026	-0.983108	-0
0.21075	-0.97754	-0
0.238231	-0.971209	-0
0.265698	-0.964056	-0
0.292918	-0.956138	-0
0.319773	-0.947494	-0
0.346601	-0.938013	-0
0.372953	-0.92785	-0
0.398941	-0.916977	-0
0.424882	-0.905249	-0
0.450344	-0.892855	-0

#	Mesh	0	End

