#	Mesh	0	Begin

#	Vertex	16
71.4735	94.3089	-2.81095
71.4735	94.3089	1.358
63.2302	93.6414	1.358
63.2302	93.6414	-2.81095
64.998	93.7846	-0.437
65.6958	93.841	-0.437
65.6958	93.841	-2.237
64.998	93.7846	-2.237
63.2254	93.4404	1.358
63.2254	93.4404	-2.81095
71.4896	94.1095	1.358
71.4896	94.1095	-2.81095
65.7119	93.6417	-0.437
65.0142	93.5852	-0.437
65.0142	93.5852	-2.237
65.7119	93.6417	-2.237

#	Triangle	17
2	7	3	2	4	7
7	0	3
7	6	0
6	1	0	5	1	6
2	5	4
2	1	5
3	8	2	9	8	3
10	15	11	10	12	15
15	9	11
15	14	9
14	8	9	13	8	14
10	13	12
10	8	13
11	1	10	0	1	11	7	13	14	4	13	7
0	9	3	11	9	0	4	12	13	5	12	4
2	10	1	8	10	2	6	14	15	7	14	6
5	15	12	6	15	5

#	Normal	17
-0.0807046	0.996738	-0
-0.080703	0.996738	-4.85288e-006
-0.0807033	0.996738	-8.61675e-006
-0.0807025	0.996738	-0
-0.0807033	0.996738	1.22314e-006
-0.080703	0.996738	1.68137e-006
-0.999715	0.023873	-0
0.0807025	-0.996738	-0
0.080702	-0.996738	-4.53366e-006
0.0807033	-0.996738	-1.01931e-005
0.0807001	-0.996738	-0
0.0807033	-0.996738	-2.75519e-006
0.080702	-0.996738	1.9574e-006
0.996738	0.0807015	-0
-0	-0	-1
-0	-0	1
-0.996738	-0.0807015	-0

#	Mesh	0	End

