#	Mesh	0	Begin

#	Vertex	72
94.1216	13.7392	-2.90344
94.1211	13.7456	-2.90172
94.1206	13.7516	-2.89892
94.1201	13.757	-2.89512
94.1198	13.7616	-2.89043
94.1195	13.7654	-2.88499
94.1192	13.7682	-2.87898
94.1191	13.7699	-2.87258
94.119	13.7705	-2.86597
94.1191	13.7699	-2.85936
94.1192	13.7682	-2.85295
94.1195	13.7654	-2.84694
94.1198	13.7616	-2.84151
94.1201	13.757	-2.83682
94.1206	13.7516	-2.83302
94.1211	13.7456	-2.83021
94.1216	13.7392	-2.8285
94.1221	13.7326	-2.82792
94.1226	13.726	-2.8285
94.1232	13.7196	-2.83021
94.1237	13.7136	-2.83302
94.1241	13.7082	-2.83682
94.1245	13.7035	-2.84151
94.1248	13.6997	-2.84694
94.125	13.697	-2.85295
94.1251	13.6952	-2.85936
94.1252	13.6947	-2.86597
94.1251	13.6952	-2.87258
94.125	13.697	-2.87898
94.1248	13.6997	-2.88499
94.1245	13.7035	-2.89043
94.1241	13.7082	-2.89512
94.1237	13.7136	-2.89892
94.1232	13.7196	-2.90172
94.1226	13.726	-2.90344
94.1221	13.7326	-2.90402
95.4679	13.8482	-2.90344
95.4673	13.8546	-2.90172
95.4669	13.8606	-2.89892
95.4664	13.866	-2.89512
95.466	13.8706	-2.89043
95.4657	13.8744	-2.88499
95.4655	13.8772	-2.87898
95.4654	13.8789	-2.87258
95.4653	13.8795	-2.86597
95.4654	13.8789	-2.85936
95.4655	13.8772	-2.85295
95.4657	13.8744	-2.84694
95.466	13.8706	-2.84151
95.4664	13.866	-2.83682
95.4669	13.8606	-2.83302
95.4673	13.8546	-2.83021
95.4679	13.8482	-2.8285
95.4684	13.8416	-2.82792
95.4689	13.835	-2.8285
95.4694	13.8286	-2.83021
95.4699	13.8226	-2.83302
95.4704	13.8172	-2.83682
95.4707	13.8125	-2.84151
95.471	13.8088	-2.84694
95.4713	13.806	-2.85295
95.4714	13.8042	-2.85936
95.4715	13.8037	-2.86597
95.4714	13.8042	-2.87258
95.4713	13.806	-2.87898
95.471	13.8088	-2.88499
95.4707	13.8125	-2.89043
95.4704	13.8172	-2.89512
95.4699	13.8226	-2.89892
95.4694	13.8286	-2.90172
95.4689	13.835	-2.90344
95.4684	13.8416	-2.90402

#	Triangle	86
35	36	71	0	36	35
0	37	36	1	37	0
1	38	37	2	38	1
2	39	38
3	39	2
3	40	39
4	40	3
4	41	40	5	41	4
5	42	41	6	42	5
6	43	42	7	43	6
7	44	43	8	44	7
8	45	44	9	45	8
9	46	45	10	46	9
10	47	46	11	47	10
11	48	47	12	48	11
12	49	48
13	49	12
13	50	49
14	50	13
14	51	50	15	51	14
15	52	51	16	52	15
16	53	52	17	53	16
17	54	53
18	54	17
18	55	54
19	55	18
19	56	55
20	56	19
20	57	56
21	57	20
21	58	57
22	58	21
22	59	58
23	59	22
23	60	59
24	60	23
24	61	60
25	61	24
25	62	61	26	62	25
26	63	62	27	63	26
27	64	63
28	64	27
28	65	64
29	65	28
29	66	65
30	66	29
30	67	66
31	67	30
31	68	67
32	68	31
32	69	68
33	69	32
33	70	69
34	70	33
34	71	70
35	71	34
7	9	8	26	25	27
6	9	7	27	25	24
6	10	9	27	24	28
5	10	6	28	24	23
5	11	10	28	23	29
4	11	5	4	12	11
3	12	4	3	13	12	30	21	31	30	22	21
2	13	3	2	14	13
1	14	2	1	15	14
0	15	1	0	16	15
35	16	0	35	17	16
34	17	35	34	18	17
33	18	34	33	19	18
32	19	33	32	20	19
31	20	32	31	21	20
29	22	30	29	23	22
45	43	44	62	63	61
46	43	45	61	63	64
46	42	43
47	42	46	60	64	65
47	41	42
48	41	47	48	40	41	59	66	58	59	65	66
49	40	48	49	39	40	58	67	57	58	66	67
50	39	49	50	38	39	57	68	56	57	67	68
51	38	50	51	37	38	56	69	55	56	68	69
52	37	51	52	36	37	55	70	54	55	69	70
53	36	52	53	71	36
54	71	53	54	70	71
60	65	59
61	64	60

#	Normal	86
-0.00703545	0.0868929	-0.996193
-0.0208866	0.257965	-0.965928
-0.0341031	0.421198	-0.906327
-0.0462928	0.57175	-0.819121
-0.0462889	0.571705	-0.819152
-0.0570621	0.704762	-0.707145
-0.0570662	0.704809	-0.707098
-0.0661084	0.816486	-0.573567
-0.0731409	0.903343	-0.422637
-0.0779526	0.962772	-0.258832
-0.0803957	0.992945	-0.0871559
-0.0803957	0.992945	0.0871591
-0.0779528	0.962774	0.258823
-0.0731409	0.903343	0.422637
-0.0661084	0.816486	0.573567
-0.0570624	0.704762	0.707145
-0.0570659	0.704809	0.707098
-0.0462905	0.571725	0.819138
-0.0462872	0.571681	0.81917
-0.0341055	0.421228	0.906313
-0.0208866	0.257965	0.965928
-0.00703545	0.0868929	0.996193
0.00703375	-0.086872	0.996195
0.00703438	-0.0868802	0.996194
0.0208865	-0.257965	0.965928
0.0208847	-0.257941	0.965935
0.0341055	-0.421228	0.906313
0.0341098	-0.421284	0.906287
0.0462904	-0.571725	0.819138
0.0462852	-0.571656	0.819187
0.0570624	-0.704762	0.707145
0.0570659	-0.704809	0.707098
0.066108	-0.816486	0.573567
0.066113	-0.816555	0.573469
0.0731443	-0.903399	0.422516
0.0731405	-0.903343	0.422637
0.0779513	-0.962761	0.258871
0.0779521	-0.962774	0.258823
0.0803949	-0.992945	0.0871591
0.080395	-0.992945	-0.0871559
0.0779509	-0.962759	-0.25888
0.0779522	-0.962772	-0.258832
0.073145	-0.903399	-0.422516
0.0731398	-0.903343	-0.422637
0.0661074	-0.816486	-0.573567
0.0661135	-0.816555	-0.573469
0.0570621	-0.704762	-0.707145
0.0570662	-0.704809	-0.707098
0.0462928	-0.57175	-0.819121
0.0462868	-0.571681	-0.819169
0.0341028	-0.421198	-0.906327
0.0341076	-0.421254	-0.906301
0.0208866	-0.257965	-0.965928
0.0208846	-0.257941	-0.965935
0.00703371	-0.086872	-0.996195
0.00703442	-0.0868802	-0.996194
-7.61388e-006	-6.19434e-007	-0
-2.26094e-005	-1.8583e-006	0
-4.4532e-005	-3.66016e-006	-0
-7.27203e-005	-5.89693e-006	0
-0.996728	-0.0808252	-0
-0.996787	-0.0800921	0
-0.996798	-0.0799604	0
-0.996636	-0.0819596	0
-0.996749	-0.0805716	0
-0.996756	-0.0804843	0
-0.996761	-0.080415	0
-0.996762	-0.0804031	0
-0.996657	-0.0816957	0
-0.996748	-0.0805847	0
-0.996753	-0.0805167	0
-0.996786	-0.0801126	0
7.61388e-006	6.19434e-007	-0
2.26094e-005	1.8583e-006	0
4.4532e-005	3.66016e-006	-0
7.27203e-005	5.89693e-006	0
0.996728	0.0808252	-0
0.996787	0.0800921	0
0.996664	0.0816153	0
0.996752	0.0805311	0
0.996749	0.0805716	0
0.996756	0.0804843	0
0.996761	0.080415	0
0.996667	0.0815777	0
0.996726	0.0808533	0
4.45574e-005	3.45682e-006	0

#	Mesh	0	End

