#	Mesh	0	Begin

#	Vertex	26
2.95152	96.9178	3.38
1.95152	96.9178	3.38
1.95152	96.1178	3.38
2.95152	96.1178	3.38
2.95152	96.9178	-9.07
2.95152	96.1178	-9.07
1.95152	96.1178	-9.07
1.95152	96.9178	-9.07
2.95152	96.9178	2.58
2.75345	96.9178	2.58
2.75345	96.9178	-2.42
2.95152	96.9178	-2.42
1.95152	96.9178	-3.42
1.95152	96.9178	-2.82
1.95152	96.1178	-7.47
1.95152	96.3148	-7.47
1.95152	96.3148	-2.82
1.95152	96.1178	-2.82
2.95152	96.1178	-2.82
2.95152	96.3148	-2.82
2.95152	96.3148	-7.47
2.95152	96.1178	-7.47
2.95152	96.7178	-2.42
2.95152	96.7178	2.58
2.75345	96.7178	2.58
2.75345	96.7178	-2.42

#	Triangle	6
3	1	2	0	1	3	11	25	22	10	25	11	21	15	14	20	15	21
7	5	6	4	5	7	17	19	18	16	19	17	23	9	8	24	9	23
12	4	7	12	11	4	13	11	12	1	10	13	10	11	13	1	9	10	1	8	9	1	0	8	22	24	23	25	24	22
14	7	6	14	15	7	15	12	7	16	12	15	16	13	12	2	16	17	2	13	16	2	1	13
18	2	17	3	2	18	16	20	19	15	20	16	14	5	21	6	5	14
11	20	4	20	5	4	20	21	5	11	19	20	11	18	19	11	22	18	22	3	18	23	3	22	0	23	8	0	3	23	9	25	10	24	25	9

#	Normal	6
-0	-0	1
0	-0	-1
-0	1	-0
-1	0	-0
-0	-1	0
1	0	0

#	Mesh	0	End

