#	Mesh	0	Begin

#	Vertex	348
-99.241	90.4904	1.49571
-99.2438	90.4876	1.49297
-99.2427	90.4889	1.51021
-99.2374	90.4926	1.49798
-99.2385	90.4921	1.51021
-99.2479	90.4799	1.51021
-99.2483	90.478	1.48338
-99.2485	90.4747	1.51021
-99.2459	90.4846	1.48993
-99.2474	90.4814	1.48671
-99.2459	90.4847	1.51021
-99.2284	90.4948	1.5001
-99.2332	90.4942	1.49954
-99.2284	90.4948	1.51021
-99.2332	90.4942	1.46046
-99.2284	90.4948	1.4599
-99.2284	90.4948	1.44979
-99.2336	90.4941	1.51021
-99.2485	90.4747	1.48
-99.2485	90.4747	1.44979
-99.2483	90.478	1.47662
-99.2474	90.468	1.48671
-99.2459	90.4647	1.48993
-99.2459	90.4646	1.51021
-99.2483	90.4713	1.48338
-99.2479	90.4695	1.51021
-99.2438	90.4617	1.49297
-99.241	90.4589	1.49571
-99.2427	90.4604	1.51021
-99.2374	90.4567	1.49798
-99.2332	90.4551	1.49954
-99.2336	90.4552	1.51021
-99.2385	90.4573	1.51021
-99.2284	90.4546	1.51021
-99.2284	90.4546	1.5001
-99.2159	90.4589	1.49571
-99.2131	90.4617	1.49297
-99.2142	90.4604	1.51021
-99.2195	90.4567	1.49798
-99.2184	90.4573	1.51021
-99.209	90.4695	1.51021
-99.2086	90.4713	1.48338
-99.2083	90.4747	1.51021
-99.211	90.4647	1.48993
-99.2095	90.468	1.48671
-99.211	90.4646	1.51021
-99.2237	90.4551	1.49954
-99.2232	90.4552	1.51021
-99.2083	90.4747	1.48
-99.2095	90.4814	1.48671
-99.211	90.4846	1.48993
-99.211	90.4847	1.51021
-99.2086	90.478	1.48338
-99.209	90.4799	1.51021
-99.2131	90.4876	1.49297
-99.2159	90.4904	1.49571
-99.2142	90.4889	1.51021
-99.2195	90.4926	1.49798
-99.2237	90.4942	1.49954
-99.2232	90.4941	1.51021
-99.2184	90.4921	1.51021
-99.2237	90.4942	1.46046
-99.2083	90.4747	1.44979
-99.2086	90.478	1.47662
-99.2284	90.4445	1.4599
-99.2336	90.4445	1.46058
-99.2284	90.4546	1.4599
-99.2338	90.4553	1.46063
-99.2423	90.4601	1.46541
-99.2385	90.4445	1.46259
-99.2427	90.4445	1.46579
-99.2451	90.4634	1.46873
-99.2459	90.4445	1.46995
-99.247	90.467	1.47235
-99.2479	90.4445	1.4748
-99.2385	90.4573	1.4626
-99.2485	90.4445	1.48
-99.2482	90.4708	1.47614
-99.2479	90.4445	1.4852
-99.2459	90.4445	1.49005
-99.2385	90.4445	1.49741
-99.2336	90.4445	1.49942
-99.2427	90.4445	1.49421
-99.2284	90.4445	1.5001
-99.2284	90.5049	1.5001
-99.2485	90.5049	1.48
-99.2232	90.4445	1.49942
-99.2184	90.4445	1.49741
-99.2142	90.4445	1.49421
-99.211	90.4445	1.49005
-99.209	90.4445	1.4852
-99.2083	90.4445	1.48
-99.2087	90.4708	1.47614
-99.209	90.4445	1.4748
-99.211	90.4445	1.46995
-99.2099	90.467	1.47235
-99.2184	90.4445	1.46259
-99.2232	90.4445	1.46058
-99.2231	90.4553	1.46063
-99.2146	90.4601	1.46541
-99.2142	90.4445	1.46579
-99.2118	90.4634	1.46873
-99.2184	90.4573	1.4626
-99.2083	90.5049	1.48
-99.2125	90.4445	1.49591
-99.209	90.4445	1.49125
-99.2172	90.4445	1.49949
-99.2226	90.4445	1.50173
-99.2284	90.4445	1.5025
-99.2343	90.4445	1.50173
-99.2397	90.4445	1.49949
-99.2444	90.4445	1.49591
-99.2479	90.4445	1.49125
-99.2502	90.4445	1.48582
-99.2509	90.4445	1.48
-99.2502	90.4445	1.47418
-99.2479	90.4445	1.46875
-99.2444	90.4445	1.46409
-99.2397	90.4445	1.46051
-99.2343	90.4445	1.45827
-99.2284	90.4445	1.4575
-99.2226	90.4445	1.45827
-99.2172	90.4445	1.46051
-99.2125	90.4445	1.46409
-99.209	90.4445	1.46875
-99.2067	90.4445	1.47418
-99.2059	90.4445	1.48
-99.2067	90.4445	1.48582
-99.2059	90.4368	1.48
-99.2067	90.4368	1.48582
-99.209	90.4368	1.49125
-99.2125	90.4368	1.49591
-99.2172	90.4368	1.49949
-99.2226	90.4368	1.50173
-99.2284	90.4368	1.5025
-99.2343	90.4368	1.50173
-99.2397	90.4368	1.49949
-99.2444	90.4368	1.49591
-99.2479	90.4368	1.49125
-99.2502	90.4368	1.48582
-99.2509	90.4368	1.48
-99.2502	90.4368	1.47418
-99.2479	90.4368	1.46875
-99.2444	90.4368	1.46409
-99.2397	90.4368	1.46051
-99.2343	90.4368	1.45827
-99.2284	90.4368	1.4575
-99.2226	90.4368	1.45827
-99.2172	90.4368	1.46051
-99.2125	90.4368	1.46409
-99.209	90.4368	1.46875
-99.2067	90.4368	1.47418
-99.2343	90.5049	1.45827
-99.2343	90.5126	1.45827
-99.2284	90.5126	1.4575
-99.2284	90.5049	1.4575
-99.2397	90.5049	1.46051
-99.2397	90.5126	1.46051
-99.2444	90.5126	1.46409
-99.2444	90.5049	1.46409
-99.2479	90.5049	1.46875
-99.2479	90.5126	1.46875
-99.2502	90.5049	1.47418
-99.2502	90.5126	1.47418
-99.2509	90.5049	1.48
-99.2509	90.5126	1.48
-99.2479	90.5049	1.49125
-99.2479	90.5126	1.49125
-99.2502	90.5126	1.48582
-99.2502	90.5049	1.48582
-99.2444	90.5049	1.49591
-99.2444	90.5126	1.49591
-99.2397	90.5126	1.49949
-99.2397	90.5049	1.49949
-99.2343	90.5049	1.50173
-99.2343	90.5126	1.50173
-99.2284	90.5049	1.5025
-99.2284	90.5126	1.5025
-99.2226	90.5049	1.50173
-99.2226	90.5126	1.50173
-99.2172	90.5049	1.49949
-99.2172	90.5126	1.49949
-99.2125	90.5126	1.49591
-99.2125	90.5049	1.49591
-99.209	90.5049	1.49125
-99.209	90.5126	1.49125
-99.2067	90.5049	1.48582
-99.2067	90.5126	1.48582
-99.2059	90.5049	1.48
-99.2059	90.5126	1.48
-99.209	90.5049	1.46875
-99.209	90.5126	1.46875
-99.2067	90.5126	1.47418
-99.2067	90.5049	1.47418
-99.2125	90.5049	1.46409
-99.2125	90.5126	1.46409
-99.2172	90.5126	1.46051
-99.2172	90.5049	1.46051
-99.2226	90.5049	1.45827
-99.2226	90.5126	1.45827
-99.2336	90.5049	1.49942
-99.2385	90.5049	1.49741
-99.2427	90.5049	1.49421
-99.2459	90.5049	1.49005
-99.2479	90.5049	1.4852
-99.2479	90.5049	1.4748
-99.2459	90.5049	1.46995
-99.2474	90.4814	1.47329
-99.2385	90.5049	1.46259
-99.2336	90.5049	1.46058
-99.2374	90.4926	1.46202
-99.241	90.4904	1.46429
-99.2427	90.5049	1.46579
-99.2438	90.4876	1.46703
-99.2284	90.5049	1.4599
-99.2459	90.4846	1.47007
-99.2232	90.5049	1.46058
-99.2184	90.5049	1.46259
-99.2142	90.5049	1.46579
-99.2159	90.4904	1.46429
-99.211	90.5049	1.46995
-99.2131	90.4876	1.46703
-99.2195	90.4926	1.46202
-99.2095	90.4814	1.47329
-99.209	90.5049	1.4748
-99.211	90.4846	1.47007
-99.209	90.5049	1.4852
-99.211	90.5049	1.49005
-99.2184	90.5049	1.49741
-99.2232	90.5049	1.49942
-99.2142	90.5049	1.49421
-99.2232	90.4552	1.44979
-99.2284	90.4546	1.44979
-99.2184	90.4573	1.44979
-99.211	90.4646	1.44979
-99.209	90.4695	1.44979
-99.2142	90.4604	1.44979
-99.211	90.4847	1.44979
-99.209	90.4799	1.44979
-99.2142	90.4889	1.44979
-99.2232	90.4941	1.44979
-99.2184	90.4921	1.44979
-99.2336	90.4941	1.44979
-99.2385	90.4921	1.44979
-99.2427	90.4889	1.44979
-99.2459	90.4847	1.44979
-99.2479	90.4799	1.44979
-99.2479	90.4695	1.44979
-99.2459	90.4646	1.44979
-99.2385	90.4573	1.44979
-99.2336	90.4552	1.44979
-99.2427	90.4604	1.44979
-99.209	90.4859	1.44209
-99.2067	90.4805	1.44209
-99.2059	90.4747	1.44209
-99.2067	90.4688	1.44209
-99.209	90.4634	1.44209
-99.2125	90.4587	1.44209
-99.2172	90.4552	1.44209
-99.2226	90.4529	1.44209
-99.2284	90.4522	1.44209
-99.2343	90.4529	1.44209
-99.2397	90.4552	1.44209
-99.2444	90.4587	1.44209
-99.2479	90.4634	1.44209
-99.2502	90.4688	1.44209
-99.2509	90.4747	1.44209
-99.2502	90.4805	1.44209
-99.2479	90.4859	1.44209
-99.2444	90.4906	1.44209
-99.2397	90.4941	1.44209
-99.2343	90.4964	1.44209
-99.2284	90.4972	1.44209
-99.2226	90.4964	1.44209
-99.2172	90.4941	1.44209
-99.2125	90.4906	1.44209
-99.209	90.4859	1.44979
-99.2125	90.4906	1.44979
-99.2067	90.4805	1.44979
-99.2172	90.4941	1.44979
-99.2226	90.4964	1.44979
-99.2284	90.4972	1.44979
-99.2343	90.4964	1.44979
-99.2397	90.4941	1.44979
-99.2444	90.4906	1.44979
-99.2479	90.4859	1.44979
-99.2502	90.4805	1.44979
-99.2509	90.4747	1.44979
-99.2502	90.4688	1.44979
-99.2479	90.4634	1.44979
-99.2444	90.4587	1.44979
-99.2397	90.4552	1.44979
-99.2343	90.4529	1.44979
-99.2284	90.4522	1.44979
-99.2226	90.4529	1.44979
-99.2172	90.4552	1.44979
-99.2125	90.4587	1.44979
-99.209	90.4634	1.44979
-99.2067	90.4688	1.44979
-99.2059	90.4747	1.44979
-99.2343	90.4529	1.51791
-99.2343	90.4529	1.51021
-99.2284	90.4522	1.51021
-99.2284	90.4522	1.51791
-99.2397	90.4552	1.51791
-99.2397	90.4552	1.51021
-99.2444	90.4587	1.51021
-99.2444	90.4587	1.51791
-99.2479	90.4634	1.51791
-99.2479	90.4634	1.51021
-99.2502	90.4688	1.51791
-99.2502	90.4688	1.51021
-99.2509	90.4747	1.51791
-99.2509	90.4747	1.51021
-99.2479	90.4859	1.51791
-99.2479	90.4859	1.51021
-99.2502	90.4805	1.51021
-99.2502	90.4805	1.51791
-99.2444	90.4906	1.51791
-99.2444	90.4906	1.51021
-99.2397	90.4941	1.51021
-99.2397	90.4941	1.51791
-99.2343	90.4964	1.51791
-99.2343	90.4964	1.51021
-99.2284	90.4972	1.51791
-99.2284	90.4972	1.51021
-99.2226	90.4964	1.51791
-99.2226	90.4964	1.51021
-99.2172	90.4941	1.51791
-99.2172	90.4941	1.51021
-99.2125	90.4906	1.51021
-99.2125	90.4906	1.51791
-99.209	90.4859	1.51791
-99.209	90.4859	1.51021
-99.2067	90.4805	1.51791
-99.2067	90.4805	1.51021
-99.2059	90.4747	1.51791
-99.2059	90.4747	1.51021
-99.209	90.4634	1.51791
-99.209	90.4634	1.51021
-99.2067	90.4688	1.51021
-99.2067	90.4688	1.51791
-99.2125	90.4587	1.51791
-99.2125	90.4587	1.51021
-99.2172	90.4552	1.51021
-99.2172	90.4552	1.51791
-99.2226	90.4529	1.51791
-99.2226	90.4529	1.51021

#	Triangle	268
2	0	1	213	211	244
4	3	0	243	211	210
7	5	6
10	8	9	207	215	245
9	6	5	246	20	207
10	1	8	245	215	213
13	11	12	16	14	15
12	17	13	16	242	14
12	3	17	242	210	14
2	4	0
2	1	10
4	17	3
10	9	5
7	6	18	20	19	18
23	21	22
25	24	21
28	26	27
31	29	30
32	27	29
23	22	26
23	25	21
26	28	23
24	25	7
32	29	31
27	32	28
33	31	30
34	33	30
18	24	7
37	35	36
39	38	35
42	40	41
45	43	44
44	41	40
45	36	43
33	34	46
46	47	33
46	38	47
37	39	35
37	36	45
39	47	38
45	44	40
42	41	48
51	49	50	237	225	223
53	52	49	238	223	63
56	54	55	239	219	221
59	57	58	240	61	222
60	55	57	241	222	219
51	50	54	221	225	237
51	53	49
54	56	51
52	53	42
60	57	59
55	60	56
13	59	58	16	61	240
11	13	58	16	15	61
48	52	42	63	48	62
66	64	65
65	67	66
70	68	69
72	71	70
67	65	69
74	73	72
69	75	67
69	68	75
72	73	71
77	76	18
77	73	74
71	68	70
76	77	74
78	24	76
78	79	21
29	80	81
80	27	82
82	26	79
83	30	81	84	200	12
79	26	22	8	1	203
78	21	24	6	9	204
79	22	21	203	9	8
83	34	30	12	11	84
80	29	27	0	3	201
81	30	29	200	3	12
27	26	82	202	1	0
18	76	24	6	85	18
46	34	83	84	11	58
83	86	46	84	58	229
35	87	88
36	88	89
38	86	87
90	44	89
86	38	46	229	58	57
87	35	38	228	57	55
89	43	36	227	54	50
90	41	44	226	49	52
44	43	89	227	50	49
36	35	88	55	54	230
41	90	91
93	92	91
93	94	95
98	96	97
96	99	100
100	101	94
64	66	97
94	101	95
91	92	48
93	95	92
97	66	98
96	102	99
96	98	102
99	101	100
41	91	48	48	103	52
105	89	104	106	104	88	86	107	106	83	108	107	81	109	108	80	110	109	110	82	111	111	79	112	113	112	78	76	114	113	74	115	114	116	115	72	70	117	116	118	117	69	119	118	69	65	120	119	121	120	64	97	122	121	96	123	122	123	100	124	94	125	124	126	125	93	127	126	91	90	105	127
89	88	104
105	90	89	87	106	88	86	106	87	86	83	107	81	108	83	80	109	81	82	110	80	111	82	79	79	78	112	78	76	113	76	74	114	74	72	115	116	72	70	69	117	70	65	119	69	64	120	65	121	64	97	96	122	97	96	100	123	100	94	124	125	94	93	126	93	91	127	91	90
129	151	128	140	141	139
130	151	129	139	141	142
130	150	151	139	142	138
131	150	130
131	149	150	132	149	131	132	148	149	133	148	132	133	147	148	134	147	133	134	146	147	135	146	134	135	145	146	136	145	135	136	144	145	137	144	136	137	143	144	138	143	137
138	142	143
146	119	120	145	119	146	155	153	154	152	153	155
145	118	119	144	118	145	152	157	153	156	157	152
116	143	142	117	143	116	161	159	160	158	159	161
118	143	117	144	143	118	159	157	156	158	157	159
115	142	141	116	142	115	163	160	162	161	160	163
114	141	140	115	141	114	163	164	165	162	164	163
139	112	113	138	112	139	169	167	168	166	167	169
138	111	112	137	111	138	166	171	167	170	171	166
109	136	135	110	136	109	175	173	174	172	173	175
111	136	110	137	136	111	173	171	170	172	171	173
108	135	134	109	135	108	177	174	176	175	174	177
139	114	140	113	114	139	164	168	165	169	168	164
134	107	108	133	107	134	176	179	177	178	179	176
133	106	107	132	106	133	178	181	179	180	181	178
105	131	130	104	131	105	185	183	184	182	183	185
106	131	104	132	131	106	183	181	180	182	181	183
127	130	129	105	130	127	187	184	186	185	184	187
126	129	128	127	129	126	187	188	189	186	188	187
151	124	125	150	124	151	193	191	192	190	191	193
150	123	124	149	123	150	190	195	191	194	195	190
121	148	147	122	148	121	199	197	198	196	197	199
123	148	122	149	148	123	197	195	194	196	195	197
120	147	146	121	147	120	154	198	155	199	198	154
151	126	128	125	126	151	188	192	189	193	192	188
202	0	201
203	1	202
3	200	201
204	9	203
85	6	204
205	20	85
205	206	207
210	208	209
208	211	212
212	213	206
214	14	209
206	213	215
205	207	20
206	215	207
214	15	14
208	210	211
209	14	210
211	213	212
18	85	20
61	15	214
214	216	61
219	217	218
221	218	220
222	216	217
224	223	220
216	222	61
218	221	219
219	222	217
220	223	225
63	103	48
63	223	224
225	221	220
103	63	224
226	52	103
226	227	49
57	228	229
228	55	230
230	54	227
190	220	194	197	194	218	216	198	197	214	155	198	209	152	155	208	156	152	156	212	159	159	206	160	162	160	205	85	164	162	204	169	164	166	169	203	202	170	166	173	170	201	174	173	201	200	176	174	178	176	84	229	180	178	228	183	180	183	230	184	227	186	184	188	186	226	193	188	103	224	190	193
220	218	194
190	224	220	217	197	218	216	197	217	216	214	198	209	155	214	208	152	209	212	156	208	159	212	206	206	205	160	205	85	162	85	204	164	204	203	169	166	203	202	201	170	202	200	174	201	84	176	200	178	84	229	228	180	229	228	230	183	230	227	184	186	227	226	188	226	103	193	103	224
192	187	189	165	168	163
191	187	192	163	168	167
191	185	187	163	167	161
195	185	191
195	182	185	196	182	195	196	181	182	199	181	196	199	179	181	154	179	199	154	177	179	153	177	154	153	175	177	157	175	153	157	172	175	158	172	157	158	171	172	161	171	158
161	167	171
232	231	66
231	233	98
95	234	235
99	233	236
92	235	62
101	236	234
231	98	66
233	102	98
236	101	99
235	92	95
95	101	234
99	102	233
92	62	48
238	237	223
237	239	221
219	239	241
241	240	222
238	63	62
211	243	244
213	244	245
210	242	243
246	207	245
20	246	19
247	77	19
247	248	73
67	249	250
249	68	251
251	71	248
232	66	250
248	71	73
19	77	18
247	73	77
250	66	67
249	75	68
249	67	75
68	71	251
255	253	254	266	267	265
256	253	255	265	267	268
256	252	253	265	268	264
257	252	256
257	275	252	258	275	257	258	274	275	259	274	258	259	273	274	260	273	259	260	272	273	261	272	260	261	271	272	262	271	261	262	270	271	263	270	262	263	269	270	264	269	263
264	268	269
237	276	277	276	238	278	277	279	239	280	240	279	281	16	280	282	242	281	283	243	282	244	283	284	245	284	285	285	286	246	287	19	286	288	247	287	288	289	248	290	251	289	290	291	249	291	292	249	293	250	292	293	294	232	295	231	294	296	233	295	236	296	297	298	234	297	298	299	235	299	278	62
238	276	237	279	241	239	279	240	241	16	240	280	282	243	242	283	244	243	244	284	245	246	245	285	19	246	286	247	19	287	248	289	251	290	249	251	292	250	249	293	232	250	232	294	231	295	233	231	236	233	296	234	236	297	235	299	62	62	278	238
239	237	277	281	242	16	248	247	288	234	298	235
293	261	260	292	261	293	303	301	302	300	301	303
292	262	261	291	262	292	300	305	301	304	305	300
264	290	289	263	290	264	309	307	308	306	307	309
262	290	263	291	290	262	305	307	306	304	307	305
265	289	288	264	289	265	311	308	310	309	308	311
266	288	287	265	288	266	313	310	312	311	310	313
286	268	267	285	268	286	317	315	316	314	315	317
285	269	268	284	269	285	314	319	315	318	319	314
271	283	282	270	283	271	323	321	322	320	321	323
269	283	270	284	283	269	319	321	320	318	321	319
272	282	281	271	282	272	325	322	324	323	322	325
286	266	287	267	266	286	317	313	312	316	313	317
281	273	272	280	273	281	324	327	325	326	327	324
280	274	273	279	274	280	326	329	327	328	329	326
252	277	276	275	277	252	333	331	332	330	331	333
274	277	275	279	277	274	329	331	330	328	331	329
253	276	278	252	276	253	335	332	334	333	332	335
254	278	299	253	278	254	337	334	336	335	334	337
298	256	255	297	256	298	341	339	340	338	339	341
297	257	256	296	257	297	338	343	339	342	343	338
259	295	294	258	295	259	347	345	346	344	345	347
257	295	258	296	295	257	343	345	344	342	345	343
260	294	293	259	294	260	302	346	303	347	346	302
298	254	299	255	254	298	341	337	336	340	337	341
333	51	330	329	330	56	59	327	329	13	325	327	17	323	325	4	320	323	320	2	319	319	10	315	316	315	5	7	313	316	25	311	313	309	311	23	28	306	309	305	306	32	301	305	32	31	302	301	347	302	33	47	344	347	39	343	344	343	37	339	45	340	339	337	340	40	335	337	42	53	333	335
51	56	330	17	325	13	25	23	311	340	45	40
333	53	51	60	329	56	59	329	60	59	13	327	4	323	17	2	320	4	319	2	10	10	5	315	5	7	316	7	25	313	309	23	28	32	306	28	31	301	32	33	302	31	347	33	47	39	344	47	39	37	343	37	45	339	337	40	42	335	42	53
334	341	336	312	310	317
332	341	334	317	310	308
332	338	341	317	308	314
331	338	332
331	342	338	328	342	331	328	345	342	326	345	328	326	346	345	324	346	326	324	303	346	322	303	324	322	300	303	321	300	322	321	304	300	318	304	321	318	307	304	314	307	318
314	308	307

#	Normal	268
-4.38585e-005	4.54833e-005	-3.75549e-007
-2.89919e-005	4.58857e-005	-3.97644e-007
-0.991341	0.131185	0.00582173
-6.50405e-005	2.95521e-005	5.47485e-008
-8.32276e-005	2.19387e-005	-2.52502e-007
-6.12605e-005	4.28704e-005	-3.53394e-008
-5.68522e-006	4.77716e-005	-0
-7.25246e-006	5.55188e-005	2.85828e-007
-1.67712e-005	4.60896e-005	-2.42859e-007
-4.63164e-005	6.03586e-005	8.78967e-007
-7.17686e-005	5.50719e-005	7.80457e-007
-2.45455e-005	5.92147e-005	6.13464e-007
-0.923981	0.382388	0.00610477
-0.996352	0.0853357	-0
-6.50405e-005	-2.95521e-005	5.47485e-008
-8.32276e-005	-2.19387e-005	-2.52502e-007
-4.38585e-005	-4.54833e-005	-3.75549e-007
-1.67712e-005	-4.60896e-005	-2.42859e-007
-2.89919e-005	-4.58857e-005	-3.97644e-007
-6.12605e-005	-4.28704e-005	-3.53394e-008
-0.923981	-0.382388	0.00610477
-7.17686e-005	-5.50719e-005	7.80457e-007
-0.991366	-0.130991	0.00583525
-2.45455e-005	-5.92147e-005	6.13464e-007
-4.63164e-005	-6.03586e-005	8.78967e-007
-7.25246e-006	-5.55188e-005	2.85828e-007
-5.68522e-006	-4.77716e-005	-0
-0.996369	-0.0851401	0
4.38585e-005	-4.53486e-005	-3.65845e-007
2.89919e-005	-4.58857e-005	-3.97644e-007
0.991366	-0.130991	0.00583525
6.50405e-005	-2.95521e-005	5.47485e-008
8.32276e-005	-2.19387e-005	-2.52502e-007
6.12605e-005	-4.28704e-005	-3.53394e-008
5.68522e-006	-4.77716e-005	-0
7.25246e-006	-5.55188e-005	2.85828e-007
1.67712e-005	-4.6173e-005	-2.41943e-007
4.63164e-005	-6.02453e-005	8.92212e-007
7.17686e-005	-5.50719e-005	7.80457e-007
2.45455e-005	-5.93102e-005	6.1792e-007
0.923981	-0.382388	0.00610477
0.996369	-0.0851401	-0
6.50405e-005	2.95521e-005	5.47485e-008
8.32276e-005	2.19387e-005	-2.52502e-007
4.38585e-005	4.53486e-005	-3.65845e-007
1.67712e-005	4.6173e-005	-2.41943e-007
2.89919e-005	4.58857e-005	-3.97644e-007
6.12605e-005	4.28704e-005	-3.53394e-008
0.923981	0.382388	0.00610477
7.17686e-005	5.50719e-005	7.80457e-007
0.991341	0.131185	0.00582173
2.45455e-005	5.93102e-005	6.1792e-007
4.63164e-005	6.02453e-005	8.92212e-007
7.25246e-006	5.55188e-005	2.85828e-007
5.68522e-006	4.77716e-005	-0
0.996352	0.0853357	-0
-6.92305e-006	-0	-5.26003e-005
-7.86857e-006	1.18206e-007	-5.80393e-005
-4.99096e-005	-3.28572e-007	-6.50635e-005
-7.88663e-005	-7.29492e-007	-6.05362e-005
-2.17592e-005	-1.14813e-007	-5.24866e-005
-0.923867	-0.00753827	-0.38264
-2.52742e-005	3.1023e-009	-6.02125e-005
-3.59884e-005	-2.64368e-008	-4.80811e-005
-7.29673e-005	3.87636e-007	-3.94477e-005
-0.995313	-0	-0.0967014
-9.46932e-005	3.48042e-007	-2.88732e-005
-5.31093e-005	2.20139e-007	-4.53384e-005
-0.991368	-0.00508181	-0.131013
-0.991364	-0.00581602	0.131013
-0.923876	-0.00609504	0.382643
-2.45516e-005	-6.35672e-007	5.92224e-005
-4.62911e-005	-8.76746e-007	6.03464e-005
-7.1744e-005	-7.82575e-007	5.50692e-005
-7.30825e-006	-3.0625e-007	5.55271e-005
-6.12663e-005	3.68528e-008	4.28674e-005
-8.32693e-005	2.549e-007	2.1939e-005
-6.49761e-005	-5.34754e-008	2.95497e-005
-5.69393e-006	-0	4.77826e-005
-2.90587e-005	3.85989e-007	4.58865e-005
-1.67805e-005	2.24182e-007	4.60964e-005
-4.38208e-005	3.74818e-007	4.54785e-005
-0.996359	-0	0.0852531
5.69393e-006	-0	4.77826e-005
7.30825e-006	-3.0625e-007	5.55271e-005
4.62911e-005	-8.8999e-007	6.02332e-005
7.1744e-005	-7.82575e-007	5.50692e-005
2.45516e-005	-6.40163e-007	5.93179e-005
0.923876	-0.00609504	0.382643
1.67805e-005	2.23232e-007	4.61797e-005
2.90587e-005	3.85989e-007	4.58865e-005
6.12663e-005	3.68528e-008	4.28674e-005
8.32693e-005	2.549e-007	2.1939e-005
6.49761e-005	-5.34754e-008	2.95497e-005
4.38208e-005	3.65122e-007	4.53439e-005
0.991364	-0.00581602	0.131013
0.991368	-0.00508181	-0.131013
0.923867	-0.00753827	-0.38264
2.17592e-005	-1.14467e-007	-5.25712e-005
4.99096e-005	-3.25662e-007	-6.49414e-005
7.88663e-005	-7.29492e-007	-6.05362e-005
6.92305e-006	-0	-5.26003e-005
7.29673e-005	3.87636e-007	-3.94477e-005
0.995313	-0	-0.0967014
9.46932e-005	3.48042e-007	-2.88732e-005
7.86857e-006	1.18206e-007	-5.80393e-005
3.59884e-005	-4.47464e-009	-4.8103e-005
2.52742e-005	1.85261e-008	-6.02279e-005
5.31093e-005	2.20139e-007	-4.53384e-005
0.996359	0	0.0852531
0	1.39681e-005	0
0	1.25124e-005	-0
-0	1.24836e-005	0
-0	-8.91721e-006	-0
-0	-2.62057e-005	-0
-0	-5.0625e-005	-0
-0	-8.0332e-005	-0
-0	-1	-0
-0	-8.05078e-005	-0
-5.90617e-006	0	-4.48346e-005
-1.73142e-005	0	-4.18256e-005
-3.58959e-005	-0	-2.75627e-005
-2.75439e-005	-0	-3.58677e-005
-4.18011e-005	-0	-1.7332e-005
-4.4859e-005	-0	-5.89771e-006
-4.18011e-005	-0	1.7332e-005
-3.58959e-005	-0	2.75627e-005
-1.73142e-005	-0	4.18256e-005
-2.75439e-005	-0	3.58677e-005
-5.90617e-006	-0	4.48346e-005
-4.4859e-005	-0	5.89771e-006
5.90617e-006	-0	4.48948e-005
1.73142e-005	-0	4.17654e-005
3.58959e-005	0	2.75026e-005
2.75439e-005	0	3.59279e-005
4.18011e-005	0	1.7332e-005
4.4859e-005	0	5.89771e-006
4.18011e-005	-0	-1.7332e-005
3.58959e-005	-0	-2.75026e-005
1.73142e-005	-0	-4.17654e-005
2.75439e-005	-0	-3.59279e-005
5.90617e-006	-0	-4.48948e-005
4.4859e-005	-0	-5.89771e-006
-4.62911e-005	8.76746e-007	6.03464e-005
-7.1744e-005	7.82575e-007	5.50692e-005
-2.45516e-005	6.35672e-007	5.92224e-005
-0.923876	0.00609504	0.382643
-0.991364	0.00581602	0.131013
-0.991364	0.00581602	-0.131013
-0.923876	0.00609504	-0.382643
-2.45516e-005	6.35672e-007	-5.92224e-005
-4.62911e-005	8.76746e-007	-6.03464e-005
-7.1744e-005	7.82575e-007	-5.50692e-005
-7.30825e-006	3.0625e-007	-5.55271e-005
-6.12663e-005	-3.68528e-008	-4.28674e-005
-8.32693e-005	-2.549e-007	-2.1939e-005
-6.49761e-005	5.34754e-008	-2.95497e-005
-5.69393e-006	-0	-4.77826e-005
-2.90587e-005	-3.85989e-007	-4.58865e-005
-1.67805e-005	-2.24182e-007	-4.60964e-005
-4.38208e-005	-3.74818e-007	-4.54785e-005
-0.996359	-0	-0.0852531
5.69393e-006	-0	-4.77826e-005
7.30825e-006	3.0625e-007	-5.55271e-005
4.62911e-005	8.8999e-007	-6.02332e-005
7.1744e-005	7.82575e-007	-5.50692e-005
2.45516e-005	6.40163e-007	-5.93179e-005
0.923876	0.00609504	-0.382643
1.67805e-005	-2.23232e-007	-4.61797e-005
4.38208e-005	-3.65122e-007	-4.53439e-005
2.90587e-005	-3.85989e-007	-4.58865e-005
6.49761e-005	5.34754e-008	-2.95497e-005
0.996359	-0	-0.0852531
8.32693e-005	-2.549e-007	-2.1939e-005
6.12663e-005	-3.68528e-008	-4.28674e-005
0.991364	0.00581602	-0.131013
0.991364	0.00581602	0.131013
0.923876	0.00609504	0.382643
2.45516e-005	6.40163e-007	5.93179e-005
4.62911e-005	8.8999e-007	6.02332e-005
7.1744e-005	7.82575e-007	5.50692e-005
-0	-1.39681e-005	0
-0	-1.25124e-005	-0
-0	-1.24836e-005	0
-0	8.91721e-006	-0
-0	2.62057e-005	-0
-0	5.0625e-005	-0
-0	8.0332e-005	-0
-0	1	-0
0	8.05078e-005	-0
6.86964e-006	-5.25883e-005	-0
2.1757e-005	-5.25724e-005	-1.0199e-007
0.923973	-0.382385	-0.00753012
4.99158e-005	-6.49272e-005	-3.02917e-007
0.99137	-0.130992	-0.00507767
7.88732e-005	-6.05237e-005	-7.13745e-007
7.83899e-006	-5.80402e-005	1.32385e-007
2.52898e-005	-6.02182e-005	4.26025e-008
5.30875e-005	-4.53286e-005	2.35474e-007
9.47434e-005	-2.88691e-005	3.48633e-007
7.28975e-005	-3.94418e-005	3.94958e-007
3.59854e-005	-4.80953e-005	1.47705e-008
0.995313	-0.0967105	-0
0.923981	0.382388	-0.00610477
7.17686e-005	5.50719e-005	-7.80457e-007
4.63164e-005	6.02453e-005	-8.92212e-007
2.45455e-005	5.93102e-005	-6.1792e-007
0.991341	0.131185	-0.00582173
-4.63164e-005	6.03586e-005	-8.78967e-007
-7.17686e-005	5.50719e-005	-7.80457e-007
-2.45455e-005	5.92147e-005	-6.13464e-007
-0.923981	0.382388	-0.00610477
-0.991341	0.131185	-0.00582173
-0.99137	-0.130992	-0.00507767
-0.923973	-0.382385	-0.00753012
-2.1757e-005	-5.24878e-005	-1.02356e-007
-4.99158e-005	-6.50492e-005	-3.05786e-007
-7.88732e-005	-6.05237e-005	-7.13745e-007
-6.86964e-006	-5.25883e-005	-0
-7.28975e-005	-3.94418e-005	3.94958e-007
-0.995313	-0.0967105	0
-9.47434e-005	-2.88691e-005	3.48633e-007
-7.83899e-006	-5.80402e-005	1.32385e-007
-3.59854e-005	-4.80733e-005	-7.20215e-009
-2.52898e-005	-6.02028e-005	2.71606e-008
-5.30875e-005	-4.53286e-005	2.35474e-007
-0	0	-8.91833e-006
-0	-0	-2.6209e-005
-0	0	-5.0625e-005
-0	-0	-8.0332e-005
-0	0	-1
-0	0	-8.05078e-005
-0	-0	1.39718e-005
-0	-0	1.24978e-005
-0	-0	1.2509e-005
-5.89528e-006	-4.48161e-005	-0
-1.72647e-005	-4.18083e-005	-0
-3.59131e-005	-2.75514e-005	0
-2.75514e-005	-3.58529e-005	0
-4.17482e-005	-1.73249e-005	0
-4.48763e-005	-5.89528e-006	0
-4.18083e-005	1.73249e-005	-0
-3.58529e-005	2.75514e-005	-0
-1.72647e-005	4.18083e-005	-0
-2.75514e-005	3.58529e-005	-0
-5.95543e-006	4.48161e-005	-0
-4.48161e-005	5.89528e-006	-0
5.95543e-006	4.48763e-005	0
1.72647e-005	4.17482e-005	0
3.58529e-005	2.74912e-005	-0
2.75514e-005	3.59131e-005	-0
4.18083e-005	1.73249e-005	-0
4.48161e-005	5.89528e-006	-0
4.17482e-005	-1.73249e-005	-0
3.59131e-005	-2.74912e-005	-0
1.72647e-005	-4.17482e-005	-0
2.75514e-005	-3.59131e-005	-0
5.89528e-006	-4.48763e-005	-0
4.48763e-005	-5.89528e-006	-0
-0	-0	-1.39718e-005
-0	-0	-1.2509e-005
-0	-0	-1.24978e-005
-0	0	8.91833e-006
-0	-0	2.6209e-005
-0	0	5.0625e-005
-0	-0	8.0332e-005
-0	0	1
0	0	8.05078e-005

#	Mesh	0	End

