#	Mesh	0	Begin

#	Vertex	378
-188.868	117.858	-1.35653
-188.868	117.841	-1.35331
-188.868	117.824	-1.35009
-188.868	117.812	-1.35331
-188.868	117.799	-1.35653
-188.868	117.793	-1.36326
-188.868	117.788	-1.37
-188.868	117.793	-1.37674
-188.868	117.799	-1.38347
-188.868	117.815	-1.38669
-188.868	117.832	-1.38991
-188.868	117.845	-1.38669
-188.868	117.858	-1.38347
-188.868	117.863	-1.37674
-188.868	117.868	-1.37
-188.868	117.863	-1.36326
-191.148	117.815	-1.38669
-191.148	117.832	-1.38991
-190.008	117.823	-1.38981
-190.008	117.806	-1.3865
-191.148	117.799	-1.38347
-190.008	117.794	-1.3801
-190.008	117.788	-1.37
-191.148	117.793	-1.37674
-190.202	117.853	-1.38579
-190.008	117.862	-1.38048
-190.008	117.84	-1.38909
-190.078	117.868	-1.37
-190.008	117.868	-1.37
-191.148	117.863	-1.37664
-191.148	117.868	-1.37
-191.148	117.845	-1.38669
-191.148	117.858	-1.38347
-191.148	117.794	-1.37712
-190.078	117.788	-1.37
-191.148	117.788	-1.37
-191.148	117.841	-1.35331
-191.148	117.824	-1.35009
-190.008	117.834	-1.35019
-190.008	117.851	-1.3535
-191.148	117.858	-1.35653
-190.008	117.863	-1.3599
-191.148	117.863	-1.36326
-190.202	117.804	-1.35421
-190.008	117.794	-1.35952
-190.008	117.816	-1.35091
-191.148	117.793	-1.36336
-191.148	117.812	-1.35331
-191.148	117.799	-1.35653
-191.148	117.796	-1.3597
-191.148	117.794	-1.36288
-191.162	117.848	-1.38813
-191.175	117.832	-1.38993
-191.175	117.849	-1.38925
-191.17	117.799	-1.37
-191.181	117.805	-1.37
-191.172	117.795	-1.37804
-191.161	117.802	-1.3845
-191.16	117.791	-1.37681
-191.155	117.859	-1.38342
-191.154	117.867	-1.37707
-191.164	117.878	-1.37674
-191.159	117.871	-1.37809
-191.172	117.865	-1.38622
-191.161	117.862	-1.38336
-191.173	117.803	-1.38376
-191.184	117.799	-1.37741
-191.184	117.806	-1.38303
-191.187	117.858	-1.3897
-191.169	117.878	-1.38347
-191.162	117.83	-1.39
-191.232	117.85	-1.37641
-191.235	117.866	-1.37681
-191.228	117.864	-1.38258
-191.158	117.878	-1.37
-191.155	117.871	-1.37
-191.224	117.854	-1.38362
-191.196	117.864	-1.39
-191.21	117.864	-1.3888
-191.195	117.878	-1.38991
-191.202	117.847	-1.38907
-191.193	117.835	-1.38904
-191.182	117.878	-1.38669
-191.226	117.84	-1.37
-191.231	117.855	-1.37
-191.194	117.812	-1.3831
-191.178	117.817	-1.38785
-191.162	117.816	-1.38883
-191.211	117.878	-1.38669
-191.215	117.849	-1.38648
-191.189	117.823	-1.38784
-191.212	117.827	-1.382
-191.195	117.804	-1.37735
-191.204	117.811	-1.37713
-191.203	117.82	-1.38341
-191.224	117.837	-1.3786
-191.191	117.81	-1.37
-191.206	117.818	-1.37
-191.221	117.825	-1.37
-191.236	117.872	-1.37
-191.238	117.878	-1.37
-191.236	117.878	-1.37356
-191.233	117.878	-1.37674
-191.233	117.878	-1.37712
-191.235	117.866	-1.37
-191.228	117.878	-1.38347
-191.159	117.794	-1.37
-191.159	117.871	-1.36191
-191.163	117.792	-1.3623
-191.211	117.825	-1.35804
-191.195	117.834	-1.35128
-191.208	117.843	-1.35249
-191.164	117.824	-1.35027
-191.163	117.844	-1.351
-191.179	117.828	-1.35054
-191.157	117.855	-1.35465
-191.176	117.847	-1.35049
-191.164	117.878	-1.36326
-191.161	117.862	-1.35664
-191.154	117.867	-1.36293
-191.172	117.865	-1.35378
-191.236	117.878	-1.36644
-191.233	117.878	-1.36288
-191.233	117.878	-1.36326
-191.17	117.798	-1.35861
-191.181	117.868	-1.35161
-191.202	117.863	-1.35024
-191.19	117.854	-1.35003
-191.199	117.814	-1.35774
-191.222	117.835	-1.3601
-191.235	117.866	-1.36319
-191.229	117.865	-1.3578
-191.228	117.878	-1.35653
-191.215	117.878	-1.35331
-191.169	117.878	-1.35653
-191.185	117.878	-1.35331
-191.202	117.878	-1.35009
-191.189	117.807	-1.35772
-191.186	117.8	-1.36263
-191.232	117.852	-1.3635
-191.228	117.844	-1.3625
-191.226	117.855	-1.35709
-191.216	117.867	-1.35227
-191.216	117.854	-1.35324
-191.176	117.806	-1.35534
-191.161	117.81	-1.35247
-191.228	118.069	-1.35653
-191.211	118.069	-1.35331
-191.195	118.069	-1.35009
-191.182	118.069	-1.35331
-191.169	118.069	-1.35653
-191.163	118.069	-1.36426
-191.158	118.069	-1.37
-191.163	118.069	-1.37574
-191.169	118.069	-1.38347
-191.185	118.069	-1.38669
-191.202	118.069	-1.38991
-191.215	118.069	-1.38669
-191.228	118.069	-1.38347
-191.234	118.069	-1.37574
-191.238	118.069	-1.37
-191.234	118.069	-1.36426
-191.204	117.965	-1.38981
-191.233	117.973	-1.38006
-191.238	117.991	-1.37
-191.221	117.975	-1.38659
-191.187	117.97	-1.38924
-191.174	117.984	-1.38582
-191.158	117.991	-1.37
-191.164	117.973	-1.38006
-191.193	117.965	-1.35019
-191.164	117.973	-1.35994
-191.176	117.975	-1.35341
-191.209	117.97	-1.35076
-191.223	117.984	-1.35418
-191.233	117.973	-1.35994
-189.068	118.059	-1.49031
-189.079	118.059	-1.47226
-189.089	118.059	-1.45421
-189.104	118.059	-1.42896
-189.118	118.059	-1.4037
-189.143	118.059	-1.4037
-189.168	118.059	-1.4037
-189.193	118.059	-1.4037
-189.218	118.059	-1.4037
-189.233	118.059	-1.42896
-189.248	118.059	-1.45421
-189.258	118.059	-1.47226
-189.268	118.059	-1.49031
-189.258	118.059	-1.50835
-189.248	118.059	-1.5264
-189.233	118.059	-1.55165
-189.218	118.059	-1.57691
-189.193	118.059	-1.57691
-189.168	118.059	-1.57691
-189.143	118.059	-1.57691
-189.118	118.059	-1.57691
-189.106	118.059	-1.55526
-189.093	118.059	-1.53361
-189.081	118.059	-1.51196
-189.256	118.069	-1.46865
-189.243	118.069	-1.447
-189.231	118.069	-1.42535
-189.218	118.069	-1.4037
-189.193	118.069	-1.4037
-189.168	118.069	-1.4037
-189.143	118.069	-1.4037
-189.118	118.069	-1.4037
-189.106	118.069	-1.42535
-189.093	118.069	-1.447
-189.081	118.069	-1.46865
-189.068	118.069	-1.49031
-189.079	118.069	-1.50835
-189.093	118.069	-1.53361
-189.106	118.069	-1.55526
-189.118	118.069	-1.57691
-189.143	118.069	-1.57691
-189.168	118.069	-1.57691
-189.193	118.069	-1.57691
-189.218	118.069	-1.57691
-189.231	118.069	-1.55526
-189.243	118.069	-1.53361
-189.256	118.069	-1.51196
-189.268	118.069	-1.49031
-189.162	117.828	-1.39031
-189.165	117.833	-1.39031
-189.171	117.833	-1.39031
-189.174	117.828	-1.39031
-189.171	117.823	-1.39031
-189.165	117.823	-1.39031
-189.174	117.828	-1.47831
-189.171	117.823	-1.47831
-189.165	117.823	-1.47831
-189.162	117.828	-1.47831
-189.164	117.83	-1.47831
-189.165	117.833	-1.47831
-189.171	117.833	-1.47831
-189.173	117.83	-1.47831
-189.174	117.829	-1.47831
-189.168	117.823	-1.48495
-189.162	117.836	-1.48855
-189.165	117.83	-1.49178
-189.168	117.834	-1.49503
-189.171	117.826	-1.48893
-189.174	117.83	-1.48255
-189.174	117.83	-1.48317
-189.174	117.832	-1.48679
-189.162	117.84	-1.49031
-189.162	117.838	-1.4893
-189.162	117.835	-1.48829
-189.162	117.832	-1.48679
-189.174	117.84	-1.49031
-189.171	117.84	-1.4955
-189.162	117.83	-1.48255
-189.162	117.829	-1.48074
-189.165	117.84	-1.4955
-189.171	117.83	-1.49225
-189.174	117.829	-1.47952
-189.174	117.829	-1.48074
-189.165	117.827	-1.48888
-189.174	117.836	-1.48855
-189.174	117.838	-1.4893
-189.174	117.833	-1.48754
-189.174	117.835	-1.48829
-189.162	117.831	-1.48498
-189.162	117.83	-1.48317
-189.171	117.84	-1.48511
-189.168	117.836	-1.48255
-189.165	117.84	-1.48511
-189.164	117.84	-1.48831
-189.173	117.84	-1.48831
-189.174	118.059	-1.49031
-189.171	118.059	-1.48511
-189.165	118.059	-1.48511
-189.162	118.059	-1.49031
-189.165	118.059	-1.4955
-189.171	118.059	-1.4955
-190.368	118.059	-1.49031
-190.379	118.059	-1.47226
-190.389	118.059	-1.45421
-190.404	118.059	-1.42896
-190.418	118.059	-1.4037
-190.443	118.059	-1.4037
-190.468	118.059	-1.4037
-190.493	118.059	-1.4037
-190.518	118.059	-1.4037
-190.533	118.059	-1.42896
-190.548	118.059	-1.45421
-190.558	118.059	-1.47226
-190.568	118.059	-1.49031
-190.558	118.059	-1.50835
-190.548	118.059	-1.5264
-190.533	118.059	-1.55165
-190.518	118.059	-1.57691
-190.493	118.059	-1.57691
-190.468	118.059	-1.57691
-190.443	118.059	-1.57691
-190.418	118.059	-1.57691
-190.406	118.059	-1.55526
-190.393	118.059	-1.53361
-190.381	118.059	-1.51196
-190.556	118.069	-1.46865
-190.543	118.069	-1.447
-190.531	118.069	-1.42535
-190.518	118.069	-1.4037
-190.493	118.069	-1.4037
-190.468	118.069	-1.4037
-190.443	118.069	-1.4037
-190.418	118.069	-1.4037
-190.406	118.069	-1.42535
-190.393	118.069	-1.447
-190.381	118.069	-1.46865
-190.368	118.069	-1.49031
-190.379	118.069	-1.50835
-190.393	118.069	-1.53361
-190.406	118.069	-1.55526
-190.418	118.069	-1.57691
-190.443	118.069	-1.57691
-190.468	118.069	-1.57691
-190.493	118.069	-1.57691
-190.518	118.069	-1.57691
-190.531	118.069	-1.55526
-190.543	118.069	-1.53361
-190.556	118.069	-1.51196
-190.568	118.069	-1.49031
-190.462	117.828	-1.39031
-190.465	117.833	-1.39031
-190.471	117.833	-1.39031
-190.474	117.828	-1.39031
-190.471	117.823	-1.39031
-190.465	117.823	-1.39031
-190.474	117.828	-1.47831
-190.471	117.823	-1.47831
-190.465	117.823	-1.47831
-190.462	117.828	-1.47831
-190.464	117.83	-1.47831
-190.465	117.833	-1.47831
-190.471	117.833	-1.47831
-190.473	117.83	-1.47831
-190.474	117.829	-1.47831
-190.468	117.823	-1.48495
-190.462	117.836	-1.48855
-190.465	117.83	-1.49178
-190.468	117.834	-1.49503
-190.471	117.826	-1.48893
-190.474	117.83	-1.48255
-190.474	117.83	-1.48317
-190.474	117.832	-1.48679
-190.462	117.84	-1.49031
-190.462	117.838	-1.4893
-190.462	117.835	-1.48829
-190.462	117.832	-1.48679
-190.474	117.84	-1.49031
-190.471	117.84	-1.4955
-190.462	117.83	-1.48255
-190.462	117.829	-1.48074
-190.465	117.84	-1.4955
-190.471	117.83	-1.49225
-190.474	117.829	-1.47952
-190.474	117.829	-1.48074
-190.465	117.827	-1.48888
-190.474	117.836	-1.48855
-190.474	117.838	-1.4893
-190.474	117.833	-1.48754
-190.474	117.835	-1.48829
-190.462	117.831	-1.48498
-190.462	117.83	-1.48317
-190.471	117.84	-1.48511
-190.468	117.836	-1.48255
-190.465	117.84	-1.48511
-190.464	117.84	-1.48831
-190.473	117.84	-1.48831
-190.474	118.059	-1.49031
-190.471	118.059	-1.48511
-190.465	118.059	-1.48511
-190.462	118.059	-1.49031
-190.465	118.059	-1.4955
-190.471	118.059	-1.4955

#	Triangle	398
11	9	10	12	9	11	1	3	4	2	3	1
12	8	9	13	8	12	13	7	8	14	7	13	14	6	7	15	6	14	15	5	6	0	5	15	0	4	5	1	4	0
16	19	20	18	19	17
17	19	16
23	21	22
22	21	7
12	24	25
21	19	8
10	19	18	9	8	19
10	9	19
26	11	10
14	27	28	20	23	33	35	22	34	6	34	22	30	28	27	35	33	23	50	35	46	48	50	49	100	102	101	102	105	103	123	100	121	132	123	122	246	244	245	240	247	248	250	240	249	233	253	254	251	260	261	347	345	346	341	348	349	351	341	350	334	354	355	352	361	362
13	27	14
27	29	30
24	26	31
29	25	32
21	20	19
18	26	10
17	26	18
21	23	20
24	32	25
7	21	8
24	12	11
31	26	17
13	25	27
27	25	29
25	13	12
31	32	24
24	11	26
23	22	35	6	22	7
36	39	40	38	39	37
37	39	36
42	41	28
28	41	15
4	43	44
41	39	0
2	39	38	1	0	39
2	1	39
45	3	2
5	34	6
34	46	35
43	45	47
49	44	48
50	44	49
46	44	50
41	40	39
38	45	2
37	45	38
41	42	40
43	48	44
15	41	0
43	4	3
47	45	37
5	44	34
34	44	46
44	5	4
47	48	43
43	3	45
42	28	30	14	28	15
53	51	52
56	54	55
56	57	58
60	29	59
59	29	32
63	61	62
63	62	64
67	65	66
63	68	69
51	70	52
73	71	72
62	61	74
62	74	75
76	71	73
79	77	78
60	64	62
63	69	61
31	70	51
63	64	53
80	77	68
68	53	81
77	82	68
68	81	80
77	79	82
71	83	84
86	67	85
87	16	57
78	88	79
76	78	89
68	82	69
76	73	88
51	64	59
81	53	52
52	90	81
81	91	80
86	52	70
85	92	93
85	93	94
71	95	83
92	96	93
91	97	98
63	53	68
77	89	78
80	89	77
76	88	78
89	80	91
89	95	76
98	95	91
89	91	95
95	98	83
72	71	84
76	95	71
99	103	104
100	101	99
101	102	99
102	103	99
105	88	73
105	72	103
103	72	104
105	73	72
72	84	104
53	64	51
31	51	32
70	31	17
17	87	70
90	86	85
87	86	70
65	67	86
20	58	57
17	16	87
65	86	87
30	60	75
32	51	59
64	60	59
62	75	60
30	29	60
56	55	66
67	92	85
56	66	65
92	66	96
55	96	66
65	57	56
106	33	35
67	66	92
97	93	96
93	97	91
91	94	93
94	91	81
81	90	94
106	58	33
33	58	20
58	106	54
54	56	58
65	87	57
16	20	57
52	86	90
85	94	90
107	75	74
108	54	106
111	109	110
114	112	113
113	115	116
107	74	117
107	118	119
106	50	108
118	115	42
120	116	118
122	99	104
122	123	99
123	121	99
121	100	99
47	124	48
127	125	126
109	97	128
98	109	129
132	130	131
120	118	107
132	131	133
134	120	117
75	107	119
126	135	136
107	117	120
120	125	127
128	137	114
116	110	114
111	110	127
114	113	116
120	127	116
128	97	96
128	110	109
128	114	110
36	113	112
96	138	137
48	124	108
111	129	109
98	97	109
110	116	127
125	120	134
141	139	140
126	142	143
111	143	129
142	126	136
139	141	131
129	83	98
111	127	126
145	112	144
40	115	113
37	36	112
113	36	40
114	144	112
30	119	42
118	42	119
30	75	119
106	35	50
108	50	48
55	138	96
145	124	47
37	112	145
47	37	145
54	108	124
124	145	144
144	138	124
55	54	124
55	124	138
144	137	138
144	114	137
128	96	137
104	130	122
122	130	132
130	104	84
133	142	136
130	139	131
84	139	130
142	131	141
139	84	83
83	140	139
140	83	129
129	143	140
133	131	142
143	142	141
140	143	141
143	111	126
125	134	135
135	126	125
40	42	115
118	116	115
157	155	156	158	155	157	147	149	150	148	149	147
158	154	155	159	154	158	159	153	154	160	153	159	160	152	153	161	152	160	161	151	152	146	151	161	146	150	151	147	150	146	220	218	219	220	217	218	220	216	217	220	215	216	220	214	215	221	214	220	221	213	214	222	213	221	222	212	213	223	212	222	223	211	212	200	211	223	200	210	211	201	210	200	201	209	210	202	209	201	202	208	209	203	208	202	203	204	208	204	205	208	205	206	208	206	207	208	225	236	226	235	236	225	321	319	320	321	318	319	321	317	318	321	316	317	321	315	316	322	315	321	322	314	315	323	314	322	323	313	314	324	313	323	324	312	313	301	312	324	301	311	312	302	311	301	302	310	311	303	310	302	303	309	310	304	309	303	304	305	309	305	306	309	306	307	309	307	308	309	326	337	327	336	337	326
157	156	162
163	159	158
164	163	102
164	159	163
88	105	165
159	164	160
164	102	100
162	88	165
167	166	155
61	168	74
168	153	152
162	165	157
166	79	162
169	168	61
162	79	88
162	156	166
165	105	163
156	155	166
153	169	154
163	158	165
167	69	82
169	69	167
166	82	79
163	105	102
157	165	158
154	169	167
168	169	153
155	154	167
167	82	166
169	61	69
149	148	170
171	151	150
168	171	117
168	151	171
135	134	172
151	168	152
117	74	168
170	135	172
174	173	147
164	100	123
164	161	160
170	172	149
173	136	170
175	164	123
170	136	135
170	148	173
172	134	171
148	147	173
161	175	146
171	150	172
174	132	133
175	132	174
173	133	136
117	171	134
149	172	150
146	175	174
164	175	161
147	146	174
174	133	173
175	123	132
197	195	196	197	194	195	197	193	194	197	192	193	197	191	192	198	191	197	198	190	191	199	190	198	199	189	190	176	189	199	176	188	189	177	188	176	177	187	188	178	187	177	178	186	187	179	186	178	179	185	186	180	185	179	180	181	185	181	182	185	182	183	185	183	184	185	228	232	229	231	232	228	298	296	297	298	295	296	298	294	295	298	293	294	298	292	293	299	292	298	299	291	292	300	291	299	300	290	291	277	290	300	277	289	290	278	289	277	278	288	289	279	288	278	279	287	288	280	287	279	280	286	287	281	286	280	281	282	286	282	283	286	283	284	286	284	285	286	329	333	330	332	333	329
223	189	188	223	190	189	324	290	289	324	291	290
223	191	190	223	192	191	324	292	291	324	293	292
223	222	192	222	221	192	221	220	192	220	219	192	324	323	293	323	322	293	322	321	293	321	320	293
215	197	196	215	198	197	215	199	198	215	176	199	215	214	176	214	213	176	316	298	297	316	299	298	316	300	299	316	277	300	316	315	277	315	314	277
213	212	176	314	313	277
212	211	176	313	312	277
219	193	192	219	194	193	219	195	194	219	196	195	219	218	196	218	217	196	217	216	196	216	215	196	252	275	255	276	275	252	320	294	293	320	295	294	320	296	295	320	297	296	320	319	297	319	318	297	318	317	297	317	316	297	353	376	356	377	376	353
211	177	176	211	178	177	312	278	277	312	279	278
211	179	178	211	180	179	312	280	279	312	281	280
211	210	180	210	209	180	209	208	180	208	207	180	312	311	281	311	310	281	310	309	281	309	308	281
203	185	184	203	186	185	304	286	285	304	287	286
203	187	186	203	188	187	304	288	287	304	289	288
203	202	188	202	201	188	201	200	188	200	223	188	304	303	289	303	302	289	302	301	289	301	324	289
183	203	184	183	204	203	182	204	183	182	205	204	181	205	182	181	206	205	180	206	181	180	207	206	268	272	266	273	272	268	284	304	285	284	305	304	283	305	284	283	306	305	282	306	283	282	307	306	281	307	282	281	308	307	369	373	367	374	373	369
228	226	227	224	225	229	329	327	328	325	326	330
229	226	228	229	225	226	330	327	329	330	326	327
227	231	228	230	231	227	328	332	329	331	332	328
229	233	224	232	233	229	330	334	325	333	334	330
225	234	235	326	335	336
225	233	234	326	334	335
225	224	233	326	325	334
227	238	230	328	339	331
227	237	238	328	338	339
227	236	237	328	337	338
227	226	236	328	327	337
231	230	239	332	331	340
242	240	241	343	341	342
231	239	232	332	340	333
232	239	233	333	340	334
243	244	246	344	345	347
242	247	240	343	348	341
243	239	244	344	340	345
241	240	250	342	341	351
242	251	252	343	352	353
239	253	233	340	354	334
247	242	255	348	343	356
255	242	252	356	343	353
246	256	243	347	357	344
230	257	239	257	258	239	331	358	340	358	359	340
258	244	239	359	345	340
243	241	259	344	342	360
256	241	243	357	342	344
242	260	251	343	361	352
242	256	260	343	357	361
243	259	239	344	360	340
256	242	241	357	343	342
250	259	241	351	360	342
246	262	256	262	263	256	347	363	357	363	364	357
263	260	256	364	361	357
250	264	259	264	265	259	351	365	360	365	366	360
265	253	259	366	354	360
253	239	259	354	340	360
268	266	267	369	367	368
235	265	264	235	254	253	336	366	365	336	355	354
235	253	265	336	354	366
235	234	254	336	335	355
234	233	254	335	334	355
245	236	246
244	236	245	345	337	346
258	236	244	359	337	345
257	236	258	358	337	359
230	238	257	238	237	257	331	339	358	339	338	358
237	236	257	338	337	358
267	246	236	368	347	337
267	236	235	368	337	336
249	268	250	350	369	351
240	268	249	341	369	350
248	268	240	349	369	341
247	269	248	348	370	349
269	268	248	370	369	349
264	267	235	365	368	336
267	264	250	368	365	351
266	263	262	266	261	260	367	364	363	367	362	361
266	260	263	367	361	364
266	270	261	367	371	362
270	251	261	371	352	362
267	266	262	368	367	363
268	267	250	369	368	351
267	262	246	368	363	347
271	275	276	272	273	274	372	376	377	373	374	375
271	274	275	272	274	271	372	375	376	373	375	372
251	276	252	271	276	251	352	377	353	372	377	352
255	274	247	275	274	255	356	375	348	376	375	356
274	269	247	375	370	348
274	268	269	375	369	370
274	273	268	375	374	369
272	270	266	373	371	367
272	251	270	373	352	371
272	271	251	373	372	352
346	337	347

#	Normal	398
9.52012e-005	0	-0
1	0	-0
-0.00144612	-0.190176	-0.981749
-0.00144606	-0.190169	-0.98175
-0.0012103	-0.87927	-0.476322
0.0012103	-0.87927	-0.476322
-0.000336897	0.492325	-0.870411
-0.000548159	-0.473265	-0.88092
0.00144621	-0.190176	-0.981749
0.00144606	-0.190169	-0.98175
0.00104271	0.241544	-0.970389
-0	-0	-0
-0	0.790106	-0.61297
-0	0.790226	-0.612815
-0.00106113	0.237584	-0.971366
-0.00151839	0.790426	-0.612555
0.000548159	-0.473265	-0.88092
-0.000425054	0.0410257	-0.999158
0.000425054	0.0410257	-0.999158
-0.0016306	-0.790549	-0.612397
0.000398918	0.480873	-0.87679
0.0016306	-0.790549	-0.612397
0.000777413	0.24169	-0.970353
-0.00104271	0.241544	-0.970389
0.00105747	0.873111	-0.487521
-0.00107991	0.867036	-0.498244
0.00151929	0.790549	-0.612397
-0.00109648	0.24169	-0.970353
0.000927255	0.266191	-0.96392
0	-0.79055	-0.612397
-0.00144612	0.190176	0.981749
-0.00144606	0.190169	0.98175
-0.00121191	0.878985	0.476847
0.00121191	0.878985	0.476847
-0.000336897	-0.492325	0.870411
-0.000548159	0.473265	0.88092
0.00144621	0.190176	0.981749
0.00144606	0.190169	0.98175
0.00104373	-0.241682	0.970355
-0	-0.79055	0.612397
-0	-0.790676	0.612234
-0.00106287	-0.237559	0.971372
-0.00152048	-0.790711	0.612187
-0.00151899	-0.789771	0.6134
-0.0015059	-0.792894	0.609358
0.000548159	0.473265	0.88092
-0.000425054	-0.0410257	0.999158
0.000425054	-0.0410257	0.999158
-0.0016306	0.790549	0.612397
0.000398918	-0.480873	0.87679
0.0016306	0.790549	0.612397
0.000777989	-0.241553	0.970387
-0.00104373	-0.241682	0.970355
0.0010557	-0.873382	0.487035
-0.00107804	-0.867322	0.497747
0.00151929	-0.790549	0.612397
-0.0010973	-0.241553	0.970387
0.000928964	-0.266215	0.963913
-0	0.790106	0.61297
0.0898812	0.0364744	-0.995284
-0.391389	-0.767123	0.508269
-0.0920268	-0.600475	-0.79433
2.99042e-005	3.86543e-005	-5.2067e-005
7.61325e-006	4.41069e-005	-3.41814e-005
0.397436	0.368329	-0.840463
0.343024	0.457788	-0.820222
-0.216276	-0.582678	-0.783397
0.145803	0.174163	-0.973863
0.0111763	0.105388	-0.994368
-0.658854	-0.160362	-0.73498
5.06849e-005	3.47502e-005	-3.92629e-005
5.72678e-005	2.36404e-005	-2.98348e-005
-0.617248	-0.183479	-0.765075
-0.0847242	0.0158347	-0.996279
2.71473e-005	2.52325e-005	-4.69427e-005
0.789981	-0.0379356	-0.611957
0.12898	0.102961	-0.986288
0.282541	0.124328	-0.951164
-0.00300074	-0.0539669	-0.998538
0.0139948	-0.0314487	-0.999407
0.108201	0.122458	-0.986558
-0.0256293	-0.0208012	-0.999455
0.241488	-0.0216184	-0.970163
-0.895533	-0.291084	0.336586
-0.182704	-0.313702	-0.931778
0.126278	-0.268012	-0.955104
-0.18846	0.133778	-0.972927
-0.325588	-0.0516307	-0.944101
0.240621	0.0877448	-0.966645
-0.233714	-0.00232097	-0.972303
1.42365e-005	2.75604e-005	-8.53792e-005
-0.045573	0.0422177	-0.998069
-0.0680747	-0.130743	-0.989076
-0.262976	-0.196028	-0.944678
-0.0244636	-0.129031	-0.991339
-3.81797e-005	-5.21219e-005	-7.62476e-005
-0.398363	-0.481276	-0.78082
-0.865659	-0.500017	-0.0248452
-0.412188	-0.61569	0.671586
-0.412772	-0.810288	-0.415996
0.155097	0.154993	-0.975665
-0.0811358	-0.125444	-0.988777
-0.202664	0.01852	-0.979073
-0.428655	0.108084	-0.89698
-0.217518	-0.220559	-0.95081
-0.421759	-0.255512	-0.869961
-0.638285	-0.54536	-0.543299
-0.449761	-0.227381	-0.86372
-0.946167	-0.307542	-0.100929
-0.940859	-0.195647	0.276597
-0.602175	-0.220768	-0.767233
-4.15882e-005	-1.35662e-005	-3.23381e-005
-2.08219e-005	-6.7275e-006	-1.60918e-005
-1.85997e-005	-6.05308e-006	-1.4446e-005
-2.22219e-006	-7.36137e-007	-1.73718e-006
-0.189844	-0.0591025	-0.980034
-7.61868e-005	1.31104e-005	-5.89856e-005
-8.17458e-005	1.58254e-005	6.26453e-006
-0.648392	-0.0321513	-0.760627
-7.96886e-005	-2.58708e-005	7.85889e-006
0.114077	0.308706	-0.944292
0.157366	0.238679	-0.958263
-0.0210837	0.241491	-0.970174
0.0154734	-0.0829191	-0.996436
-0.184793	-0.307997	-0.933268
-0.0665091	-0.0812062	-0.994476
-0.154466	-0.331039	-0.930889
-0.0797095	-0.600849	-0.795378
0.134896	-0.188431	-0.972778
-0.0708542	-0.307449	-0.948923
2.06518e-005	5.00281e-005	-2.4929e-005
4.84971e-006	3.0799e-005	-7.89126e-005
1.9541e-005	3.66375e-005	-4.88739e-005
2.85837e-005	3.63308e-005	-1.62415e-005
2.97502e-005	4.05596e-005	-3.14537e-005
-0.193386	-0.719268	0.667275
-0.320738	-0.539906	-0.778221
-0.222048	-0.574552	-0.787772
-0.344716	-0.656134	0.671312
-0.333135	-0.653897	0.679294
-0.117106	-0.574792	-0.809877
-0.373245	-0.733675	-0.567811
-0.306372	-0.570371	-0.762111
-0.368246	-0.722896	0.584651
-0.893114	-0.432376	0.12409
-0.448602	-0.464144	-0.763758
-0.269686	-0.180148	-0.945947
-0.254678	-0.191105	-0.947955
1.6332e-005	-8.20369e-005	2.40938e-005
1.31081e-005	-7.61868e-005	-5.90792e-005
-3.72625e-005	-7.3141e-005	3.09883e-005
-0.293678	-0.809558	0.508301
-0.0920035	-0.291753	-0.952059
0.0354376	-0.190057	-0.981133
-0.073971	-0.121927	-0.989779
-0.223955	-0.290113	-0.930419
5.72678e-005	2.36404e-005	2.98348e-005
-4.21291e-005	-8.26935e-005	-3.20554e-005
-0.254896	-0.246834	0.934934
-0.00881693	0.0384506	0.999222
0.110321	0.243692	0.963558
5.06849e-005	3.47502e-005	3.92629e-005
2.71473e-005	2.52325e-005	4.69427e-005
0.0820756	-0.989702	-0.117279
0.400761	0.445858	0.800375
0.279133	0.109742	0.953961
-4.15882e-005	-1.35662e-005	3.23381e-005
-2.22219e-006	-7.36137e-007	1.73718e-006
-1.85997e-005	-6.05308e-006	1.4446e-005
-2.08219e-005	-6.7275e-006	1.60918e-005
-0.0886014	-0.240603	0.966571
0.0426816	0.0852252	0.995447
-0.663118	-0.724442	0.188304
-0.639957	-0.547685	0.538977
-0.662418	-0.0172059	0.748937
0.343024	0.457788	0.820222
-0.240873	-0.0749662	0.967657
0.789981	-0.0379356	0.611957
2.85837e-005	3.63308e-005	1.62415e-005
0.19015	-0.0142006	0.981652
0.397436	0.368329	0.840463
0.217072	-0.0204467	0.975941
-0.172931	-0.255383	0.951249
-0.0448626	0.00529744	0.998979
-0.112157	-0.0322022	0.993169
0.0364448	-0.00965065	0.999289
0.104695	0.157471	0.981958
-0.45389	-0.891022	0.00801871
-0.251894	-0.25169	0.934452
-0.159322	-0.272956	0.948742
0.162487	0.0240167	0.986418
-0.921812	-0.376638	0.0916881
-0.0626065	-0.600292	0.797326
-0.385527	-0.217248	0.896757
-0.425231	-0.834745	0.349826
0.00384994	-0.0651556	0.997868
0.260485	0.145865	0.954396
-5.90995e-005	-1.90635e-005	7.07314e-005
-0.16941	-0.0731813	0.982825
-0.385045	-0.218055	0.896768
-0.15012	-0.00674448	0.988645
-0.640039	-0.167811	0.749793
-0.9158	-0.297671	0.269635
-0.0801798	-0.0912159	0.992598
-0.136179	-0.186546	0.972963
1.43446e-005	2.24177e-005	9.48583e-005
-0.0172733	0.190141	0.981605
0.186578	0.186837	0.96451
-0.0740374	-0.226952	0.971088
3.02044e-005	4.11585e-005	3.1931e-005
2.83134e-005	3.64437e-005	5.72277e-005
2.06518e-005	5.00281e-005	2.4929e-005
-0.373245	-0.733675	0.567811
0.0942411	-0.786725	0.610068
-0.329508	-0.646777	-0.687826
0.116176	-0.516791	0.848192
-0.00605632	-0.158245	0.987381
0.09174	-0.240663	0.966264
-0.642216	-0.764265	-0.0588101
-0.0621603	-0.418583	0.906049
-0.24684	-0.527925	0.812629
-0.453238	-0.888347	-0.0735894
0.0450686	-0.847816	-0.528371
-0.205413	-0.572585	0.793695
-0.199786	-0.242145	0.949448
-0.554542	-0.829028	-0.0720852
-8.17458e-005	1.58254e-005	-6.26453e-006
-7.61868e-005	1.31104e-005	5.89856e-005
-7.96886e-005	-2.58708e-005	-7.85889e-006
-0.24016	0.106906	0.964829
-0.666573	-0.151938	0.729791
-8.97346e-005	-1.75974e-005	-2.81592e-005
-0.381382	-0.066295	0.922037
-0.900006	-0.292538	-0.323126
-6.97113e-005	-3.25678e-005	-6.02124e-006
-7.03116e-005	-5.62803e-005	5.37817e-006
-0.501112	-0.163298	0.849836
-0.39721	0.114638	0.91054
-0.377546	-0.0700464	0.923338
-0.394701	-0.311706	0.864321
-0.178678	-0.0592308	0.982123
0.1848	0.236103	0.953994
0.0206729	0.171522	0.984963
-5.17007e-006	6.01061e-005	4.6561e-005
0.0714498	0.322999	0.943699
-0	9.52012e-005	-0
-0	1	-0
-0.241543	0.00330735	-0.970384
-0.790717	0.0196947	-0.611865
-0.890377	-0.0139666	-0.45501
-0.86997	0.013498	-0.492919
-0.190148	-0.0174787	-0.9816
-0.790119	-0	-0.612954
-0.79055	-0	-0.612397
-0.197673	-0.0182125	-0.980099
0.224612	0.0204097	-0.974235
0.79055	-0	-0.612397
0.790119	-0	-0.612954
-0.182565	0.0100179	-0.983143
0.0330734	0.00471721	-0.999442
0.889751	-0.0138648	-0.456236
-0.190136	-0.0189056	-0.981576
0.0346978	-0.00164719	-0.999396
-0.471151	0.00680106	-0.882026
0.190126	0.0213086	-0.981528
0.790719	0.0195651	-0.611867
-0.470092	-0.00687705	-0.882591
0.241541	-0.00992134	-0.97034
0.49962	0.00481894	-0.866231
0.241527	-0.0119273	-0.970321
-0.790397	-0.019663	-0.612279
-0.241531	0.0136058	-0.970298
0.491871	-0.00538384	-0.870652
0.869459	0.0134016	-0.493822
0.190153	0.015661	-0.98163
0.255222	-0.0109702	-0.96682
0.790399	-0.0195335	-0.612281
0.241543	0.00330735	0.970384
0.790719	0.0195651	0.611867
0.889751	-0.0138648	0.456236
0.869459	0.0134016	0.493822
0.190148	-0.0174787	0.9816
0.790119	0	0.612954
0.79055	0	0.612397
0.197673	-0.0182125	0.980099
-0.224612	0.0204097	0.974235
-0.79055	-0	0.612397
-0.790119	-0	0.612954
0.182565	0.0100179	0.983143
-0.0330734	0.00471721	0.999442
-0.890377	-0.0139666	0.45501
0.190136	-0.0189056	0.981576
-0.0346978	-0.00164719	0.999396
0.471623	0.00684454	0.881774
-0.190126	0.0213086	0.981528
-0.790717	0.0196947	0.611865
0.470556	-0.00692093	0.882343
-0.241541	-0.00992134	0.97034
-0.49901	0.00478174	0.866583
-0.241527	-0.0119273	0.970321
0.790399	-0.0195335	0.612281
0.241531	0.0136058	0.970298
-0.491326	-0.00534289	0.870959
-0.86997	0.013498	0.492919
-0.190153	0.015661	0.98163
-0.255222	-0.0109702	0.96682
-0.790397	-0.019663	0.612279
-0	-1	-0
-0.865982	-0	-0.500075
-0.866056	-0.000618894	-0.499946
-0.866025	4.94396e-012	-0.5
0.866025	-0	-0.5
0.866056	0.000309447	-0.499946
0.865982	-0	-0.500075
0	-0	-1
0.865982	0	0.500075
0.866056	-0.000618894	0.499946
0.866025	4.90059e-012	0.5
-0.866056	-0	0.499946
-0.865982	-0.000865932	0.500075
-0.866025	4.94396e-012	0.5
-0	-0	1
-0	-0	3.11953e-005
-0	-0	6.23906e-005
-0.866315	-0.499497	-0
0.866315	-0.499497	-0
0.866678	0.498868	0
0.864884	0.501972	-0.000150555
0.86599	0.500061	-0
-0.864026	0.503448	-0
-0.865735	0.500503	-4.44339e-005
-0.866678	0.498868	-9.3832e-005
-0.86599	0.500061	-0
-3.4578e-005	-1.99369e-005	-1.70156e-005
3.07851e-005	2.96877e-006	-2.95811e-005
0	-3.98738e-005	-2.8125e-006
3.4578e-005	-1.99369e-005	-1.70156e-005
-2.68109e-005	-1.5446e-005	-6.37109e-006
3.17425e-005	-1.05447e-005	-2.54531e-005
-3.25628e-005	-2.9535e-005	-1.51062e-006
2.41794e-005	-4.44823e-006	-1.07578e-005
-3.45464e-005	-1.69922e-005	-1.99453e-005
3.17676e-005	-2.54553e-005	-1.05469e-005
3.45464e-005	-1.69922e-005	-1.99453e-005
-0	-2.80737e-006	-3.98906e-005
-2.60448e-005	-1.31837e-005	-1.08202e-005
-9.07723e-006	-7.29272e-006	-3e-006
-1.35834e-005	-1.08706e-005	-4.54688e-006
2.50228e-006	-1.71251e-005	-1.73669e-005
1.75187e-006	-2.08102e-005	-2.37395e-005
-3.17425e-005	-1.05447e-005	-2.54531e-005
-2.96587e-005	1.92671e-006	-2.81523e-005
3.37144e-006	-2.33748e-005	-1.84822e-005
1.65678e-006	-1.90235e-005	-2.24509e-005
1.95308e-005	-6.95129e-006	-7.54822e-006
-1.11621e-005	-2.34528e-006	-5.66406e-006
-3.836e-006	-8.01086e-007	-1.95313e-006
9.94553e-006	-4.44449e-006	-1.83984e-006
3.36273e-006	-1.51883e-006	-6.13281e-007
3.4192e-005	-3.20898e-005	1.32385e-006
-0	1.53677e-005	2.54531e-005
9.42128e-006	5.4353e-006	2.25e-006
3.18893e-006	1.85742e-006	7.5e-007
7.78611e-006	4.48176e-006	1.87427e-006
4.84258e-006	2.8106e-006	1.15625e-006
-1.88426e-005	1.08706e-005	4.5e-006
-3.18893e-006	1.85742e-006	7.5e-007
-9.44301e-006	5.4353e-006	2.27344e-006
-6.31409e-006	3.646e-006	1.5e-006
-1.20596e-006	7.02684e-007	2.89063e-007
-3.89325e-006	2.24099e-006	9.52393e-007
-2.89027e-005	3.81833e-005	2.625e-006
0	2.54553e-005	1.5375e-005
1.88416e-005	4.50293e-006	1.0875e-005
3.23668e-006	7.69043e-007	1.875e-006
9.38953e-006	2.25146e-006	5.41406e-006
4.85953e-006	1.1643e-006	2.81836e-006
7.80613e-006	1.88369e-006	4.49414e-006
2.7442e-005	3.2748e-005	3.75e-007
1.0882e-005	1.08706e-005	4.5e-006
-9.42082e-006	2.25146e-006	5.4375e-006
-3.23668e-006	7.69043e-007	1.875e-006
-7.80613e-006	1.88369e-006	4.49414e-006
-4.85953e-006	1.1643e-006	2.81836e-006
-2.74251e-005	3.88184e-007	3.27656e-005
2.88837e-005	2.63965e-006	3.82031e-005
-1.08794e-005	4.50293e-006	1.0875e-005
-0	3.1177e-005	-0
-0	6.2354e-005	-0
-0.866026	0	-0.499999
0.866026	-0	-0.499999
0.865044	0	0.501696
0.866637	-3.35601e-005	0.49894
0.866026	-0	0.499999
-0.866637	-0	0.49894
-0.865044	-5.38104e-005	0.501696
-0.866026	-0	0.499999
-1.88426e-005	1.08706e-005	4.5e-006

#	Mesh	0	End

