#	Mesh	0	Begin

#	Vertex	966
-159.296	104.332	-1.32693
-159.296	104.336	-1.32
-159.296	104.328	-1.32
-159.296	104.324	-1.32693
-159.296	104.332	-1.31307
-159.296	104.324	-1.31307
-159.296	104.32	-1.32
-159.305	104.328	-1.32
-159.305	104.336	-1.32
-159.305	104.332	-1.32693
-159.305	104.324	-1.32693
-159.305	104.32	-1.32
-159.305	104.332	-1.31307
-159.305	104.324	-1.31307
-159.304	104.321	-1.32612
-159.304	104.325	-1.3282
-159.303	104.328	-1.32868
-159.302	104.336	-1.32
-159.303	104.332	-1.32731
-159.303	104.336	-1.32
-159.303	104.319	-1.32
-159.303	104.323	-1.32731
-159.304	104.319	-1.32
-159.304	104.334	-1.32612
-159.302	104.332	-1.32693
-159.302	104.324	-1.32693
-159.304	104.336	-1.32
-159.302	104.32	-1.32
-159.303	104.319	-1.32
-159.303	104.336	-1.32
-159.304	104.334	-1.31388
-159.304	104.33	-1.3118
-159.303	104.328	-1.31132
-159.303	104.323	-1.31269
-159.303	104.332	-1.31269
-159.304	104.321	-1.31388
-159.302	104.324	-1.31307
-159.302	104.332	-1.31307
-159.301	104.321	-1.32612
-159.301	104.325	-1.3282
-159.3	104.328	-1.32868
-159.299	104.336	-1.32
-159.3	104.332	-1.32731
-159.3	104.336	-1.32
-159.3	104.319	-1.32
-159.3	104.323	-1.32731
-159.301	104.319	-1.32
-159.301	104.334	-1.32612
-159.299	104.332	-1.32693
-159.299	104.324	-1.32693
-159.301	104.336	-1.32
-159.299	104.32	-1.32
-159.3	104.319	-1.32
-159.3	104.336	-1.32
-159.301	104.334	-1.31388
-159.301	104.33	-1.3118
-159.3	104.328	-1.31132
-159.3	104.323	-1.31269
-159.3	104.332	-1.31269
-159.301	104.321	-1.31388
-159.299	104.324	-1.31307
-159.299	104.332	-1.31307
-159.298	104.321	-1.32612
-159.298	104.325	-1.3282
-159.297	104.328	-1.32868
-159.297	104.332	-1.32731
-159.297	104.336	-1.32
-159.297	104.319	-1.32
-159.297	104.323	-1.32731
-159.298	104.319	-1.32
-159.298	104.334	-1.32612
-159.298	104.336	-1.32
-159.297	104.319	-1.32
-159.297	104.336	-1.32
-159.298	104.334	-1.31388
-159.298	104.33	-1.3118
-159.297	104.328	-1.31132
-159.297	104.323	-1.31269
-159.297	104.332	-1.31269
-159.298	104.321	-1.31388
-159.236	104.324	-1.32693
-159.235	104.321	-1.32608
-159.236	104.32	-1.32
-159.234	104.334	-1.32608
-159.235	104.334	-1.32602
-159.234	104.336	-1.32
-159.234	104.321	-1.32602
-159.233	104.32	-1.32
-159.234	104.319	-1.32
-159.234	104.328	-1.32868
-159.236	104.336	-1.32
-159.236	104.332	-1.32693
-159.233	104.336	-1.32
-159.233	104.324	-1.32693
-159.233	104.332	-1.32693
-159.236	104.332	-1.31307
-159.235	104.334	-1.31392
-159.234	104.334	-1.31398
-159.234	104.328	-1.31132
-159.233	104.332	-1.31307
-159.233	104.324	-1.31307
-159.234	104.321	-1.31392
-159.235	104.321	-1.31398
-159.236	104.324	-1.31307
-159.232	104.321	-1.32608
-159.231	104.334	-1.32608
-159.232	104.334	-1.32602
-159.231	104.336	-1.32
-159.231	104.321	-1.32602
-159.23	104.32	-1.32
-159.231	104.319	-1.32
-159.231	104.328	-1.32868
-159.23	104.336	-1.32
-159.23	104.324	-1.32693
-159.23	104.332	-1.32693
-159.232	104.334	-1.31392
-159.231	104.334	-1.31398
-159.231	104.328	-1.31132
-159.23	104.332	-1.31307
-159.23	104.324	-1.31307
-159.231	104.321	-1.31392
-159.232	104.321	-1.31398
-159.229	104.321	-1.32608
-159.228	104.334	-1.32608
-159.229	104.334	-1.32602
-159.228	104.336	-1.32
-159.228	104.321	-1.32602
-159.227	104.32	-1.32
-159.228	104.319	-1.32
-159.228	104.328	-1.32868
-159.227	104.336	-1.32
-159.227	104.324	-1.32693
-159.227	104.332	-1.32693
-159.229	104.334	-1.31392
-159.228	104.334	-1.31398
-159.228	104.328	-1.31132
-159.227	104.332	-1.31307
-159.227	104.324	-1.31307
-159.228	104.321	-1.31392
-159.229	104.321	-1.31398
-159.227	104.328	-1.32
-159.236	104.328	-1.32
-159.296	104.332	-1.48693
-159.296	104.336	-1.48
-159.296	104.328	-1.48
-159.296	104.324	-1.48693
-159.296	104.332	-1.47307
-159.296	104.324	-1.47307
-159.296	104.32	-1.48
-159.305	104.328	-1.48
-159.305	104.336	-1.48
-159.305	104.332	-1.48693
-159.305	104.324	-1.48693
-159.305	104.32	-1.48
-159.305	104.332	-1.47307
-159.305	104.324	-1.47307
-159.304	104.321	-1.48612
-159.304	104.325	-1.4882
-159.303	104.328	-1.48868
-159.302	104.336	-1.48
-159.303	104.332	-1.48731
-159.303	104.336	-1.48
-159.303	104.319	-1.48
-159.303	104.323	-1.48731
-159.304	104.319	-1.48
-159.304	104.334	-1.48612
-159.302	104.332	-1.48693
-159.302	104.324	-1.48693
-159.304	104.336	-1.48
-159.302	104.32	-1.48
-159.303	104.319	-1.48
-159.303	104.336	-1.48
-159.304	104.334	-1.47388
-159.304	104.33	-1.4718
-159.303	104.328	-1.47132
-159.303	104.323	-1.47269
-159.303	104.332	-1.47269
-159.304	104.321	-1.47388
-159.302	104.324	-1.47307
-159.302	104.332	-1.47307
-159.301	104.321	-1.48612
-159.301	104.325	-1.4882
-159.3	104.328	-1.48868
-159.299	104.336	-1.48
-159.3	104.332	-1.48731
-159.3	104.336	-1.48
-159.3	104.319	-1.48
-159.3	104.323	-1.48731
-159.301	104.319	-1.48
-159.301	104.334	-1.48612
-159.299	104.332	-1.48693
-159.299	104.324	-1.48693
-159.301	104.336	-1.48
-159.299	104.32	-1.48
-159.3	104.319	-1.48
-159.3	104.336	-1.48
-159.301	104.334	-1.47388
-159.301	104.33	-1.4718
-159.3	104.328	-1.47132
-159.3	104.323	-1.47269
-159.3	104.332	-1.47269
-159.301	104.321	-1.47388
-159.299	104.324	-1.47307
-159.299	104.332	-1.47307
-159.298	104.321	-1.48612
-159.298	104.325	-1.4882
-159.297	104.328	-1.48868
-159.297	104.332	-1.48731
-159.297	104.336	-1.48
-159.297	104.319	-1.48
-159.297	104.323	-1.48731
-159.298	104.319	-1.48
-159.298	104.334	-1.48612
-159.298	104.336	-1.48
-159.297	104.319	-1.48
-159.297	104.336	-1.48
-159.298	104.334	-1.47388
-159.298	104.33	-1.4718
-159.297	104.328	-1.47132
-159.297	104.323	-1.47269
-159.297	104.332	-1.47269
-159.298	104.321	-1.47388
-159.236	104.324	-1.48693
-159.235	104.321	-1.48608
-159.236	104.32	-1.48
-159.234	104.334	-1.48608
-159.235	104.334	-1.48602
-159.234	104.336	-1.48
-159.234	104.321	-1.48602
-159.233	104.32	-1.48
-159.234	104.319	-1.48
-159.234	104.328	-1.48868
-159.236	104.336	-1.48
-159.236	104.332	-1.48693
-159.233	104.336	-1.48
-159.233	104.324	-1.48693
-159.233	104.332	-1.48693
-159.236	104.332	-1.47307
-159.235	104.334	-1.47392
-159.234	104.334	-1.47398
-159.234	104.328	-1.47132
-159.233	104.332	-1.47307
-159.233	104.324	-1.47307
-159.234	104.321	-1.47392
-159.235	104.321	-1.47398
-159.236	104.324	-1.47307
-159.232	104.321	-1.48608
-159.231	104.334	-1.48608
-159.232	104.334	-1.48602
-159.231	104.336	-1.48
-159.231	104.321	-1.48602
-159.23	104.32	-1.48
-159.231	104.319	-1.48
-159.231	104.328	-1.48868
-159.23	104.336	-1.48
-159.23	104.324	-1.48693
-159.23	104.332	-1.48693
-159.232	104.334	-1.47392
-159.231	104.334	-1.47398
-159.231	104.328	-1.47132
-159.23	104.332	-1.47307
-159.23	104.324	-1.47307
-159.231	104.321	-1.47392
-159.232	104.321	-1.47398
-159.229	104.321	-1.48608
-159.228	104.334	-1.48608
-159.229	104.334	-1.48602
-159.228	104.336	-1.48
-159.228	104.321	-1.48602
-159.227	104.32	-1.48
-159.228	104.319	-1.48
-159.228	104.328	-1.48868
-159.227	104.336	-1.48
-159.227	104.324	-1.48693
-159.227	104.332	-1.48693
-159.229	104.334	-1.47392
-159.228	104.334	-1.47398
-159.228	104.328	-1.47132
-159.227	104.332	-1.47307
-159.227	104.324	-1.47307
-159.228	104.321	-1.47392
-159.229	104.321	-1.47398
-159.227	104.328	-1.48
-159.236	104.328	-1.48
-159.332	104.319	-1.324
-159.341	104.328	-1.324
-159.329	104.328	-1.324
-159.341	104.316	-1.324
-159.349	104.319	-1.324
-159.353	104.328	-1.324
-159.349	104.336	-1.324
-159.341	104.34	-1.324
-159.332	104.336	-1.324
-159.352	104.321	-1.32311
-159.351	104.321	-1.32195
-159.354	104.328	-1.3225
-159.336	104.316	-1.32296
-159.33	104.321	-1.32297
-159.33	104.321	-1.32187
-159.346	104.316	-1.3225
-159.353	104.328	-1.321
-159.349	104.319	-1.321
-159.341	104.316	-1.321
-159.336	104.316	-1.3218
-159.332	104.319	-1.321
-159.328	104.328	-1.3225
-159.329	104.328	-1.321
-159.33	104.334	-1.32311
-159.331	104.335	-1.32195
-159.346	104.339	-1.32296
-159.352	104.334	-1.32297
-159.352	104.334	-1.32187
-159.336	104.339	-1.3225
-159.332	104.336	-1.321
-159.341	104.34	-1.321
-159.346	104.339	-1.3218
-159.349	104.336	-1.321
-159.352	104.321	-1.32011
-159.351	104.321	-1.31895
-159.354	104.328	-1.3195
-159.336	104.316	-1.31996
-159.33	104.321	-1.31997
-159.33	104.321	-1.31887
-159.346	104.316	-1.3195
-159.353	104.328	-1.318
-159.349	104.319	-1.318
-159.341	104.316	-1.318
-159.336	104.316	-1.3188
-159.332	104.319	-1.318
-159.328	104.328	-1.3195
-159.329	104.328	-1.318
-159.33	104.334	-1.32011
-159.331	104.335	-1.31895
-159.346	104.339	-1.31996
-159.352	104.334	-1.31997
-159.352	104.334	-1.31887
-159.336	104.339	-1.3195
-159.332	104.336	-1.318
-159.341	104.34	-1.318
-159.346	104.339	-1.3188
-159.349	104.336	-1.318
-159.352	104.321	-1.31711
-159.351	104.321	-1.31595
-159.354	104.328	-1.3165
-159.336	104.316	-1.31696
-159.33	104.321	-1.31697
-159.33	104.321	-1.31587
-159.346	104.316	-1.3165
-159.353	104.328	-1.315
-159.349	104.319	-1.315
-159.341	104.316	-1.315
-159.336	104.316	-1.3158
-159.332	104.319	-1.315
-159.328	104.328	-1.3165
-159.329	104.328	-1.315
-159.33	104.334	-1.31711
-159.331	104.335	-1.31595
-159.346	104.339	-1.31696
-159.352	104.334	-1.31697
-159.352	104.334	-1.31587
-159.336	104.339	-1.3165
-159.332	104.336	-1.315
-159.341	104.34	-1.315
-159.346	104.339	-1.3158
-159.349	104.336	-1.315
-159.352	104.321	-1.31411
-159.351	104.321	-1.31295
-159.354	104.328	-1.3135
-159.336	104.316	-1.31396
-159.33	104.321	-1.31397
-159.33	104.321	-1.31287
-159.346	104.316	-1.3135
-159.353	104.328	-1.312
-159.349	104.319	-1.312
-159.341	104.316	-1.312
-159.336	104.316	-1.3128
-159.332	104.319	-1.312
-159.328	104.328	-1.3135
-159.329	104.328	-1.312
-159.33	104.334	-1.31411
-159.331	104.335	-1.31295
-159.346	104.339	-1.31396
-159.352	104.334	-1.31397
-159.352	104.334	-1.31287
-159.336	104.339	-1.3135
-159.332	104.336	-1.312
-159.341	104.34	-1.312
-159.346	104.339	-1.3128
-159.349	104.336	-1.312
-159.341	104.328	-1.312
-159.332	104.319	-1.488
-159.341	104.328	-1.488
-159.329	104.328	-1.488
-159.341	104.316	-1.488
-159.349	104.319	-1.488
-159.353	104.328	-1.488
-159.349	104.336	-1.488
-159.341	104.34	-1.488
-159.332	104.336	-1.488
-159.352	104.321	-1.48711
-159.351	104.321	-1.48595
-159.354	104.328	-1.4865
-159.336	104.316	-1.48696
-159.33	104.321	-1.48697
-159.33	104.321	-1.48587
-159.346	104.316	-1.4865
-159.353	104.328	-1.485
-159.349	104.319	-1.485
-159.341	104.316	-1.485
-159.336	104.316	-1.4858
-159.332	104.319	-1.485
-159.328	104.328	-1.4865
-159.329	104.328	-1.485
-159.33	104.334	-1.48711
-159.331	104.335	-1.48595
-159.346	104.339	-1.48696
-159.352	104.334	-1.48697
-159.352	104.334	-1.48587
-159.336	104.339	-1.4865
-159.332	104.336	-1.485
-159.341	104.34	-1.485
-159.346	104.339	-1.4858
-159.349	104.336	-1.485
-159.352	104.321	-1.48411
-159.351	104.321	-1.48295
-159.354	104.328	-1.4835
-159.336	104.316	-1.48396
-159.33	104.321	-1.48397
-159.33	104.321	-1.48287
-159.346	104.316	-1.4835
-159.353	104.328	-1.482
-159.349	104.319	-1.482
-159.341	104.316	-1.482
-159.336	104.316	-1.4828
-159.332	104.319	-1.482
-159.328	104.328	-1.4835
-159.329	104.328	-1.482
-159.33	104.334	-1.48411
-159.331	104.335	-1.48295
-159.346	104.339	-1.48396
-159.352	104.334	-1.48397
-159.352	104.334	-1.48287
-159.336	104.339	-1.4835
-159.332	104.336	-1.482
-159.341	104.34	-1.482
-159.346	104.339	-1.4828
-159.349	104.336	-1.482
-159.352	104.321	-1.48111
-159.351	104.321	-1.47995
-159.354	104.328	-1.4805
-159.336	104.316	-1.48096
-159.33	104.321	-1.48097
-159.33	104.321	-1.47987
-159.346	104.316	-1.4805
-159.353	104.328	-1.479
-159.349	104.319	-1.479
-159.341	104.316	-1.479
-159.336	104.316	-1.4798
-159.332	104.319	-1.479
-159.328	104.328	-1.4805
-159.329	104.328	-1.479
-159.33	104.334	-1.48111
-159.331	104.335	-1.47995
-159.346	104.339	-1.48096
-159.352	104.334	-1.48097
-159.352	104.334	-1.47987
-159.336	104.339	-1.4805
-159.332	104.336	-1.479
-159.341	104.34	-1.479
-159.346	104.339	-1.4798
-159.349	104.336	-1.479
-159.352	104.321	-1.47811
-159.351	104.321	-1.47695
-159.354	104.328	-1.4775
-159.336	104.316	-1.47796
-159.33	104.321	-1.47797
-159.33	104.321	-1.47687
-159.346	104.316	-1.4775
-159.353	104.328	-1.476
-159.349	104.319	-1.476
-159.341	104.316	-1.476
-159.336	104.316	-1.4768
-159.332	104.319	-1.476
-159.328	104.328	-1.4775
-159.329	104.328	-1.476
-159.33	104.334	-1.47811
-159.331	104.335	-1.47695
-159.346	104.339	-1.47796
-159.352	104.334	-1.47797
-159.352	104.334	-1.47687
-159.336	104.339	-1.4775
-159.332	104.336	-1.476
-159.341	104.34	-1.476
-159.346	104.339	-1.4768
-159.349	104.336	-1.476
-159.341	104.328	-1.476
-159.18	104.32	-1.31341
-159.184	104.317	-1.31281
-159.186	104.316	-1.3136
-159.178	104.328	-1.3136
-159.179	104.328	-1.31309
-159.182	104.319	-1.3121
-159.179	104.328	-1.3121
-159.202	104.321	-1.31424
-159.202	104.321	-1.31313
-159.204	104.328	-1.3136
-159.179	104.328	-1.31435
-159.182	104.318	-1.3143
-159.182	104.319	-1.3151
-159.191	104.316	-1.3151
-159.196	104.316	-1.31315
-159.191	104.316	-1.3121
-159.199	104.319	-1.3121
-159.196	104.316	-1.31431
-159.199	104.319	-1.3151
-159.203	104.328	-1.31435
-159.203	104.328	-1.3151
-159.203	104.328	-1.3121
-159.203	104.328	-1.31309
-159.19	104.315	-1.31288
-159.179	104.328	-1.3151
-159.199	104.336	-1.3121
-159.196	104.339	-1.31267
-159.201	104.335	-1.31341
-159.18	104.334	-1.31424
-159.18	104.334	-1.31313
-159.2	104.337	-1.3143
-159.199	104.336	-1.3151
-159.191	104.34	-1.3151
-159.191	104.34	-1.3121
-159.182	104.336	-1.3121
-159.186	104.339	-1.31315
-159.186	104.339	-1.31431
-159.182	104.336	-1.3151
-159.196	104.339	-1.3136
-159.18	104.32	-1.31641
-159.184	104.317	-1.31581
-159.186	104.316	-1.3166
-159.178	104.328	-1.3166
-159.179	104.328	-1.31609
-159.202	104.321	-1.31724
-159.202	104.321	-1.31613
-159.204	104.328	-1.3166
-159.179	104.328	-1.31735
-159.182	104.318	-1.3173
-159.182	104.319	-1.3181
-159.191	104.316	-1.3181
-159.196	104.316	-1.31615
-159.196	104.316	-1.31731
-159.199	104.319	-1.3181
-159.203	104.328	-1.31735
-159.203	104.328	-1.3181
-159.203	104.328	-1.31609
-159.19	104.315	-1.31588
-159.179	104.328	-1.3181
-159.196	104.339	-1.31567
-159.201	104.335	-1.31641
-159.18	104.334	-1.31724
-159.18	104.334	-1.31613
-159.2	104.337	-1.3173
-159.199	104.336	-1.3181
-159.191	104.34	-1.3181
-159.186	104.339	-1.31615
-159.186	104.339	-1.31731
-159.182	104.336	-1.3181
-159.196	104.339	-1.3166
-159.18	104.32	-1.31941
-159.184	104.317	-1.31881
-159.186	104.316	-1.3196
-159.178	104.328	-1.3196
-159.179	104.328	-1.31909
-159.202	104.321	-1.32024
-159.202	104.321	-1.31913
-159.204	104.328	-1.3196
-159.179	104.328	-1.32035
-159.182	104.318	-1.3203
-159.182	104.319	-1.3211
-159.191	104.316	-1.3211
-159.196	104.316	-1.31915
-159.196	104.316	-1.32031
-159.199	104.319	-1.3211
-159.203	104.328	-1.32035
-159.203	104.328	-1.3211
-159.203	104.328	-1.31909
-159.19	104.315	-1.31888
-159.179	104.328	-1.3211
-159.196	104.339	-1.31867
-159.201	104.335	-1.31941
-159.18	104.334	-1.32024
-159.18	104.334	-1.31913
-159.2	104.337	-1.3203
-159.199	104.336	-1.3211
-159.191	104.34	-1.3211
-159.186	104.339	-1.31915
-159.186	104.339	-1.32031
-159.182	104.336	-1.3211
-159.196	104.339	-1.3196
-159.18	104.32	-1.32241
-159.184	104.317	-1.32181
-159.186	104.316	-1.3226
-159.178	104.328	-1.3226
-159.179	104.328	-1.32209
-159.202	104.321	-1.32324
-159.202	104.321	-1.32213
-159.204	104.328	-1.3226
-159.179	104.328	-1.32335
-159.182	104.318	-1.3233
-159.182	104.319	-1.3241
-159.191	104.316	-1.3241
-159.196	104.316	-1.32215
-159.196	104.316	-1.32331
-159.199	104.319	-1.3241
-159.203	104.328	-1.32335
-159.203	104.328	-1.3241
-159.203	104.328	-1.32209
-159.19	104.315	-1.32188
-159.179	104.328	-1.3241
-159.196	104.339	-1.32167
-159.201	104.335	-1.32241
-159.18	104.334	-1.32324
-159.18	104.334	-1.32213
-159.2	104.337	-1.3233
-159.199	104.336	-1.3241
-159.191	104.34	-1.3241
-159.186	104.339	-1.32215
-159.186	104.339	-1.32331
-159.182	104.336	-1.3241
-159.196	104.339	-1.3226
-159.191	104.328	-1.3241
-159.191	104.328	-1.3121
-159.199	104.319	-1.476
-159.191	104.328	-1.476
-159.203	104.328	-1.476
-159.191	104.316	-1.476
-159.182	104.319	-1.476
-159.179	104.328	-1.476
-159.182	104.336	-1.476
-159.191	104.34	-1.476
-159.199	104.336	-1.476
-159.18	104.32	-1.4773
-159.184	104.317	-1.4767
-159.186	104.316	-1.4775
-159.178	104.328	-1.4775
-159.179	104.328	-1.47699
-159.202	104.321	-1.47813
-159.202	104.321	-1.47703
-159.204	104.328	-1.4775
-159.179	104.328	-1.47825
-159.182	104.318	-1.4782
-159.182	104.319	-1.479
-159.191	104.316	-1.479
-159.196	104.316	-1.47704
-159.196	104.316	-1.4782
-159.199	104.319	-1.479
-159.203	104.328	-1.47825
-159.203	104.328	-1.479
-159.203	104.328	-1.47699
-159.19	104.315	-1.47677
-159.179	104.328	-1.479
-159.196	104.339	-1.47656
-159.201	104.335	-1.4773
-159.18	104.334	-1.47813
-159.18	104.334	-1.47703
-159.2	104.337	-1.4782
-159.199	104.336	-1.479
-159.191	104.34	-1.479
-159.186	104.339	-1.47704
-159.186	104.339	-1.4782
-159.182	104.336	-1.479
-159.196	104.339	-1.4775
-159.18	104.32	-1.4803
-159.184	104.317	-1.4797
-159.186	104.316	-1.4805
-159.178	104.328	-1.4805
-159.179	104.328	-1.47999
-159.202	104.321	-1.48113
-159.202	104.321	-1.48003
-159.204	104.328	-1.4805
-159.179	104.328	-1.48125
-159.182	104.318	-1.4812
-159.182	104.319	-1.482
-159.191	104.316	-1.482
-159.196	104.316	-1.48004
-159.196	104.316	-1.4812
-159.199	104.319	-1.482
-159.203	104.328	-1.48125
-159.203	104.328	-1.482
-159.203	104.328	-1.47999
-159.19	104.315	-1.47977
-159.179	104.328	-1.482
-159.196	104.339	-1.47956
-159.201	104.335	-1.4803
-159.18	104.334	-1.48113
-159.18	104.334	-1.48003
-159.2	104.337	-1.4812
-159.199	104.336	-1.482
-159.191	104.34	-1.482
-159.186	104.339	-1.48004
-159.186	104.339	-1.4812
-159.182	104.336	-1.482
-159.196	104.339	-1.4805
-159.18	104.32	-1.4833
-159.184	104.317	-1.4827
-159.186	104.316	-1.4835
-159.178	104.328	-1.4835
-159.179	104.328	-1.48299
-159.202	104.321	-1.48413
-159.202	104.321	-1.48303
-159.204	104.328	-1.4835
-159.179	104.328	-1.48425
-159.182	104.318	-1.4842
-159.182	104.319	-1.485
-159.191	104.316	-1.485
-159.196	104.316	-1.48304
-159.196	104.316	-1.4842
-159.199	104.319	-1.485
-159.203	104.328	-1.48425
-159.203	104.328	-1.485
-159.203	104.328	-1.48299
-159.19	104.315	-1.48277
-159.179	104.328	-1.485
-159.196	104.339	-1.48256
-159.201	104.335	-1.4833
-159.18	104.334	-1.48413
-159.18	104.334	-1.48303
-159.2	104.337	-1.4842
-159.199	104.336	-1.485
-159.191	104.34	-1.485
-159.186	104.339	-1.48304
-159.186	104.339	-1.4842
-159.182	104.336	-1.485
-159.196	104.339	-1.4835
-159.18	104.32	-1.4863
-159.184	104.317	-1.4857
-159.186	104.316	-1.4865
-159.178	104.328	-1.4865
-159.179	104.328	-1.48599
-159.202	104.321	-1.48713
-159.202	104.321	-1.48603
-159.204	104.328	-1.4865
-159.179	104.328	-1.48725
-159.182	104.318	-1.4872
-159.182	104.319	-1.488
-159.191	104.316	-1.488
-159.196	104.316	-1.48604
-159.196	104.316	-1.4872
-159.199	104.319	-1.488
-159.203	104.328	-1.48725
-159.203	104.328	-1.488
-159.203	104.328	-1.48599
-159.19	104.315	-1.48577
-159.179	104.328	-1.488
-159.196	104.339	-1.48556
-159.201	104.335	-1.4863
-159.18	104.334	-1.48713
-159.18	104.334	-1.48603
-159.2	104.337	-1.4872
-159.199	104.336	-1.488
-159.191	104.34	-1.488
-159.186	104.339	-1.48604
-159.186	104.339	-1.4872
-159.182	104.336	-1.488
-159.196	104.339	-1.4865
-159.191	104.328	-1.488
-159.35	104.322	-1.49974
-159.346	104.319	-1.5
-159.344	104.317	-1.49984
-159.331	104.321	-1.49894
-159.332	104.321	-1.49977
-159.33	104.328	-1.49941
-159.352	104.328	-1.49941
-159.351	104.321	-1.49898
-159.353	104.328	-1.498
-159.351	104.328	-1.5
-159.346	104.317	-1.49936
-159.332	104.319	-1.498
-159.336	104.317	-1.49912
-159.341	104.316	-1.498
-159.349	104.319	-1.498
-159.331	104.328	-1.5
-159.338	104.317	-1.49977
-159.336	104.319	-1.5
-159.329	104.328	-1.498
-159.332	104.333	-1.49974
-159.336	104.336	-1.5
-159.338	104.338	-1.49984
-159.351	104.334	-1.49894
-159.35	104.334	-1.49977
-159.331	104.334	-1.49898
-159.336	104.338	-1.49936
-159.349	104.336	-1.498
-159.346	104.338	-1.49912
-159.341	104.34	-1.498
-159.332	104.336	-1.498
-159.344	104.338	-1.49977
-159.346	104.336	-1.5
-159.349	104.319	-1.302
-159.353	104.328	-1.302
-159.341	104.316	-1.302
-159.329	104.328	-1.302
-159.332	104.319	-1.302
-159.332	104.336	-1.302
-159.341	104.34	-1.302
-159.349	104.336	-1.302
-159.351	104.321	-1.30105
-159.353	104.328	-1.3015
-159.35	104.322	-1.30029
-159.346	104.317	-1.30064
-159.352	104.328	-1.30059
-159.346	104.319	-1.3
-159.351	104.328	-1.3
-159.332	104.321	-1.30023
-159.33	104.328	-1.30059
-159.331	104.328	-1.3
-159.329	104.328	-1.3015
-159.331	104.321	-1.30105
-159.336	104.317	-1.30088
-159.338	104.317	-1.30023
-159.336	104.319	-1.3
-159.344	104.317	-1.30016
-159.331	104.334	-1.30105
-159.332	104.333	-1.30029
-159.336	104.338	-1.30064
-159.336	104.336	-1.3
-159.35	104.334	-1.30023
-159.351	104.334	-1.30105
-159.346	104.338	-1.30088
-159.344	104.338	-1.30023
-159.346	104.336	-1.3
-159.338	104.338	-1.30016
-159.341	104.328	-1.3
-159.341	104.328	-1.5
-159.196	104.319	-1.5
-159.201	104.328	-1.5
-159.191	104.328	-1.5
-159.186	104.319	-1.5
-159.196	104.336	-1.5
-159.186	104.336	-1.5
-159.181	104.328	-1.5
-159.191	104.328	-1.3
-159.201	104.328	-1.3
-159.196	104.319	-1.3
-159.186	104.319	-1.3
-159.181	104.328	-1.3
-159.196	104.336	-1.3
-159.186	104.336	-1.3
-159.182	104.322	-1.30026
-159.188	104.317	-1.30016
-159.179	104.328	-1.302
-159.181	104.321	-1.30102
-159.182	104.319	-1.302
-159.18	104.328	-1.30059
-159.186	104.317	-1.30064
-159.2	104.321	-1.30023
-159.194	104.317	-1.30023
-159.191	104.316	-1.302
-159.202	104.328	-1.30059
-159.196	104.317	-1.30088
-159.199	104.319	-1.302
-159.201	104.321	-1.30106
-159.203	104.328	-1.302
-159.2	104.333	-1.30026
-159.194	104.338	-1.30016
-159.181	104.334	-1.30106
-159.182	104.336	-1.302
-159.186	104.338	-1.30088
-159.201	104.334	-1.30102
-159.196	104.338	-1.30064
-159.182	104.334	-1.30023
-159.188	104.338	-1.30023
-159.191	104.34	-1.302
-159.199	104.336	-1.302
-159.182	104.319	-1.498
-159.179	104.328	-1.498
-159.191	104.316	-1.498
-159.203	104.328	-1.498
-159.199	104.319	-1.498
-159.199	104.336	-1.498
-159.191	104.34	-1.498
-159.182	104.336	-1.498
-159.181	104.321	-1.49925
-159.201	104.321	-1.49894
-159.196	104.317	-1.49912
-159.182	104.321	-1.49982
-159.186	104.317	-1.49936
-159.188	104.317	-1.49984
-159.2	104.321	-1.49977
-159.194	104.317	-1.49977
-159.202	104.328	-1.49941
-159.18	104.328	-1.49941
-159.201	104.334	-1.49925
-159.182	104.334	-1.49977
-159.2	104.334	-1.49982
-159.196	104.338	-1.49936
-159.194	104.338	-1.49984
-159.181	104.334	-1.49894
-159.186	104.338	-1.49912
-159.188	104.338	-1.49977
-159.191	104.324	-1.32693
-159.191	104.32	-1.32
-159.191	104.332	-1.32693
-159.191	104.336	-1.32
-159.191	104.332	-1.31307
-159.191	104.324	-1.31307
-159.191	104.328	-1.32
-159.341	104.328	-1.32
-159.341	104.336	-1.32
-159.341	104.332	-1.32693
-159.341	104.324	-1.32693
-159.341	104.32	-1.32
-159.341	104.332	-1.31307
-159.341	104.324	-1.31307
-159.191	104.324	-1.48693
-159.191	104.32	-1.48
-159.191	104.332	-1.48693
-159.191	104.336	-1.48
-159.191	104.332	-1.47307
-159.191	104.324	-1.47307
-159.191	104.328	-1.48
-159.341	104.328	-1.48
-159.341	104.336	-1.48
-159.341	104.332	-1.48693
-159.341	104.324	-1.48693
-159.341	104.32	-1.48
-159.341	104.332	-1.47307
-159.341	104.324	-1.47307
-159.236	104.428	-0.32
-159.236	102.928	-0.32
-159.236	102.928	-2.42
-159.236	104.428	-2.42
-159.296	104.428	-0.32
-159.296	104.428	-2.42
-159.296	102.928	-2.42
-159.296	102.928	-0.32
-159.366	102.853	-0.245
-159.366	104.503	-0.245
-159.366	104.503	-2.42
-159.366	104.428	-2.42
-159.366	104.428	-0.32
-159.366	102.928	-0.32
-159.366	102.928	-2.42
-159.366	102.853	-2.42
-159.341	102.853	-0.245
-159.341	102.853	-2.42
-159.341	102.928	-2.42
-159.341	102.928	-0.32
-159.341	104.428	-0.32
-159.341	104.428	-2.42
-159.341	104.503	-2.42
-159.341	104.503	-0.245
-159.166	102.853	-0.245
-159.166	102.853	-2.42
-159.166	102.928	-2.42
-159.166	102.928	-0.32
-159.166	104.428	-0.32
-159.166	104.428	-2.42
-159.166	104.503	-2.42
-159.166	104.503	-0.245
-159.191	102.853	-0.245
-159.191	104.503	-0.245
-159.191	104.503	-2.42
-159.191	104.428	-2.42
-159.191	104.428	-0.32
-159.191	102.928	-0.32
-159.191	102.928	-2.42
-159.191	102.853	-2.42

#	Triangle	383
2	0	1	0	2	3	2	1	4	4	5	2	6	2	5	3	2	6	140	132	130	132	140	131	140	130	136	136	137	140	127	140	137	131	140	127	144	142	143	142	144	145	144	143	146	146	147	144	148	144	147	145	144	148	282	274	272	274	282	273	282	272	278	278	279	282	269	282	279	273	282	269	904	900	901	900	904	898	904	901	902	902	903	904	899	904	903	898	904	899	2	0	1	0	2	3	2	1	4	4	5	2	6	2	5	3	2	6	918	914	915	914	918	912	918	915	916	916	917	918	913	918	917	912	918	913	144	142	143	142	144	145	144	143	146	146	147	144	148	144	147	145	144	148
9	7	8	7	9	10	7	10	11	8	7	12	7	11	13	13	12	7	91	141	90	141	91	80	141	80	82	90	141	95	141	82	103	103	95	141	151	149	150	149	151	152	149	152	153	150	149	154	149	153	155	155	154	149	233	283	232	283	233	222	283	222	224	232	283	237	283	224	245	245	237	283	91	141	90	141	91	80	141	80	82	90	141	95	141	82	103	103	95	141	907	905	906	905	907	908	905	908	909	906	905	910	905	909	911	911	910	905	233	283	232	283	233	222	283	222	224	232	283	237	283	224	245	245	237	283	921	919	920	919	921	922	919	922	923	920	919	924	919	923	925	925	924	919
16	14	15	40	38	39	64	62	63	158	156	157	182	180	181	206	204	205
19	17	18	43	41	42	66	1	65	161	159	160	185	183	184	208	143	207
21	20	14	45	44	38	68	67	62	163	162	156	187	186	180	210	209	204
11	10	22	27	25	46	51	49	69	153	152	164	169	167	188	193	191	211
23	15	9	47	39	24	70	63	48	165	157	151	189	181	166	212	205	190
10	15	22	25	39	46	49	63	69	152	157	164	167	181	188	191	205	211
18	25	21	42	49	45	65	3	68	160	167	163	184	191	187	207	145	210
24	25	18	48	49	42	0	3	65	166	167	160	190	191	184	142	145	207
9	26	23	24	50	47	48	71	70	151	168	165	166	192	189	190	213	212
26	9	8	50	24	17	71	48	41	168	151	150	192	166	159	213	190	183
27	20	21	51	44	45	6	67	68	169	162	163	193	186	187	148	209	210
24	18	17	48	42	41	0	65	1	166	160	159	190	184	183	142	207	143
16	23	18	40	47	42	64	70	65	158	165	160	182	189	184	206	212	207
18	21	16	42	45	40	65	68	64	160	163	158	184	187	182	207	210	206
20	28	14	44	52	38	67	72	62	162	170	156	186	194	180	209	214	204
16	21	14	40	45	38	64	68	62	158	163	156	182	187	180	206	210	204
26	29	23	50	53	47	71	73	70	168	171	165	192	195	189	213	215	212
27	21	25	51	45	49	6	68	3	169	163	167	193	187	191	148	210	145
14	28	22	38	52	46	62	72	69	156	170	164	180	194	188	204	214	211
15	23	16	39	47	40	63	70	64	157	165	158	181	189	182	205	212	206
19	23	29	43	47	53	66	70	73	161	165	171	185	189	195	208	212	215
23	19	18	47	43	42	70	66	65	165	161	160	189	185	184	212	208	207
14	22	15	38	46	39	62	69	63	156	164	157	180	188	181	204	211	205
10	9	15	25	24	39	49	48	63	152	151	157	167	166	181	191	190	205
32	30	31	56	54	55	76	74	75	174	172	173	198	196	197	218	216	217
20	27	33	44	51	57	67	6	77	162	169	175	186	193	199	209	148	219
34	19	30	58	43	54	78	66	74	176	161	172	200	185	196	220	208	216
8	12	26	17	37	50	41	61	71	150	154	168	159	179	192	183	203	213
35	31	13	59	55	36	79	75	60	177	173	155	201	197	178	221	217	202
12	31	26	37	55	50	61	75	71	154	173	168	179	197	192	203	217	213
34	36	37	58	60	61	78	5	4	176	178	179	200	202	203	220	147	146
13	22	35	36	46	59	60	69	79	155	164	177	178	188	201	202	211	221
22	13	11	46	36	27	69	60	51	164	155	153	188	178	169	211	202	193
17	19	34	41	43	58	1	66	78	159	161	176	183	185	200	143	208	220
36	33	27	60	57	51	5	77	6	178	175	169	202	199	193	147	219	148
32	35	33	56	59	57	76	79	77	174	177	175	198	201	199	218	221	219
33	34	32	57	58	56	77	78	76	175	176	174	199	200	198	219	220	218
19	29	30	43	53	54	66	73	74	161	171	172	185	195	196	208	215	216
32	34	30	56	58	54	76	78	74	174	176	172	198	200	196	218	220	216
22	28	35	46	52	59	69	72	79	164	170	177	188	194	201	211	214	221
17	34	37	41	58	61	1	78	4	159	176	179	183	200	203	143	220	146
30	29	26	54	53	50	74	73	71	172	171	168	196	195	192	216	215	213
31	35	32	55	59	56	75	79	76	173	177	174	197	201	198	217	221	218
20	35	28	44	59	52	67	79	72	162	177	170	186	201	194	209	221	214
35	20	33	59	44	57	79	67	77	177	162	175	201	186	199	221	209	219
36	34	33	60	58	57	5	78	77	178	176	175	202	200	199	147	220	219
30	26	31	54	50	55	74	71	75	172	168	173	196	192	197	216	213	217
12	13	31	37	36	55	61	60	75	154	155	173	179	178	197	203	202	217
82	80	81	87	93	104	109	113	122	224	222	223	229	235	246	251	255	264
85	83	84	107	105	106	125	123	124	227	225	226	249	247	248	267	265	266
88	86	87	110	108	109	128	126	127	230	228	229	252	250	251	270	268	269
86	81	89	108	104	111	126	122	129	228	223	231	250	246	253	268	264	271
91	90	84	94	92	106	114	112	124	233	232	226	236	234	248	256	254	266
85	92	83	107	112	105	125	130	123	227	234	225	249	254	247	267	272	265
89	80	91	111	93	94	129	113	114	231	222	233	253	235	236	271	255	256
81	80	89	93	86	89	104	93	111	113	108	111	122	113	129	131	126	129	223	222	231	235	228	231	246	235	253	255	250	253	264	255	271	273	268	271
84	90	85	106	92	107	124	112	125	226	232	227	248	234	249	266	254	267
94	83	92	114	105	112	132	123	130	236	225	234	256	247	254	274	265	272
83	89	84	105	111	106	123	129	124	225	231	226	247	253	248	265	271	266
93	87	86	113	109	108	131	127	126	235	229	228	255	251	250	273	269	268
84	89	91	83	94	89	106	111	94	105	114	111	124	129	114	123	132	129	226	231	233	225	236	231	248	253	236	247	256	253	266	271	256	265	274	271
88	81	86	110	104	108	128	122	126	230	223	228	252	246	250	270	264	268
89	94	93	111	114	113	129	132	131	231	236	235	253	256	255	271	274	273
88	82	81	110	87	104	128	109	122	230	224	223	252	229	246	270	251	264
90	95	96	92	99	115	112	118	133	232	237	238	234	241	257	254	260	275
85	96	97	107	115	116	125	133	134	227	238	239	249	257	258	267	275	276
85	97	92	107	116	112	125	134	130	227	239	234	249	258	254	267	276	272
97	96	98	116	115	117	134	133	135	239	238	240	258	257	259	276	275	277
99	92	97	118	112	116	136	130	134	241	234	239	260	254	258	278	272	276
85	90	96	107	92	115	125	112	133	227	232	238	249	234	257	267	254	275
99	98	100	118	117	119	136	135	137	241	240	242	260	259	261	278	277	279
101	100	98	102	98	103	120	119	117	121	117	100	138	137	135	139	135	119	243	242	240	244	240	245	262	261	259	263	259	242	280	279	277	281	277	261
102	82	88	121	87	110	139	109	128	244	224	230	263	229	252	281	251	270
95	103	98	99	100	117	118	119	135	237	245	240	241	242	259	260	261	277
100	101	87	119	120	109	137	138	127	242	243	229	261	262	251	279	280	269
101	98	102	120	117	121	138	135	139	243	240	244	262	259	263	280	277	281
103	82	102	100	87	121	119	109	139	245	224	244	242	229	263	261	251	281
99	97	98	96	95	98	118	116	117	115	99	117	136	134	135	133	118	135	241	239	240	238	237	240	260	258	259	257	241	259	278	276	277	275	260	277
88	101	102	110	120	121	128	138	139	230	243	244	252	262	263	270	280	281
88	87	101	110	109	120	128	127	138	230	229	243	252	251	262	270	269	280
286	284	285	284	287	285	285	287	288	288	289	285	285	289	290	290	291	285	285	291	292	285	292	286	392	390	391	390	393	391	391	393	394	394	395	391	391	395	396	396	397	391	391	397	398	391	398	392	611	613	628	622	628	613	623	628	622	623	626	628	616	628	626	616	607	628	608	628	607	608	611	628	746	748	763	757	763	748	758	763	757	758	761	763	751	763	761	751	742	763	743	763	742	743	746	763	898	91	900	80	91	898	3	907	0	908	907	3	912	233	914	222	233	912	145	921	142	922	921	145	931	928	932	929	928	931	947	936	948	937	936	947	945	938	946	939	938	945	943	940	944	941	940	943	964	951	965	952	951	964	962	953	963	954	953	962	960	955	961	956	955	960
293	289	288	317	300	301	341	324	325	365	348	349	399	395	394	423	406	407	447	430	431	471	454	455
295	293	294	319	317	318	343	341	342	367	365	366	401	399	400	425	423	424	449	447	448	473	471	472
298	296	297	303	296	298	322	320	321	327	320	322	346	344	345	351	344	346	370	368	369	375	368	370	404	402	403	409	402	404	428	426	427	433	426	428	452	450	451	457	450	452	476	474	475	481	474	476
299	294	293	323	318	317	347	342	341	371	366	365	405	400	399	429	424	423	453	448	447	477	472	471	503	510	504	513	510	503	540	547	541	548	547	540	571	578	572	579	578	571	602	609	603	610	609	602	644	651	645	652	651	644	675	682	676	683	682	675	706	713	707	714	713	706	737	744	738	745	744	737
295	294	300	319	318	324	343	342	348	367	366	372	401	400	406	425	424	430	449	448	454	473	472	478
302	301	299	326	325	323	350	349	347	374	373	371	408	407	405	432	431	429	456	455	453	480	479	477
301	294	299	325	318	323	349	342	347	373	366	371	407	400	405	431	424	429	455	448	453	479	472	477
302	299	303	326	323	327	350	347	351	374	371	375	408	405	409	432	429	433	456	453	457	480	477	481
284	296	287	304	320	302	328	344	326	352	368	350	390	402	393	410	426	408	434	450	432	458	474	456
299	288	287	323	301	302	347	325	326	371	349	350	405	394	393	429	407	408	453	431	432	477	455	456
304	302	303	328	326	327	352	350	351	376	374	375	410	408	409	434	432	433	458	456	457	482	480	481
297	286	305	321	306	329	345	330	353	369	354	377	403	392	411	427	412	435	451	436	459	475	460	483
287	296	299	302	320	323	326	344	347	350	368	371	393	402	405	408	426	429	432	450	453	456	474	477
304	298	306	328	322	330	352	346	354	376	370	378	410	404	412	434	428	436	458	452	460	482	476	484
304	303	298	328	327	322	352	351	346	376	375	370	410	409	404	434	433	428	458	457	452	482	481	476
297	296	284	321	320	304	345	344	328	369	368	352	403	402	390	427	426	410	451	450	434	475	474	458
305	298	297	329	322	321	353	346	345	377	370	369	411	404	403	435	428	427	459	452	451	483	476	475
284	286	297	304	306	321	328	330	345	352	354	369	390	392	403	410	412	427	434	436	451	458	460	475
303	299	296	327	323	320	351	347	344	375	371	368	409	405	402	433	429	426	457	453	450	481	477	474
301	300	294	325	324	318	349	348	342	373	372	366	407	406	400	431	430	424	455	454	448	479	478	472
305	306	298	329	330	322	353	354	346	377	378	370	411	412	404	435	436	428	459	460	452	483	484	476
295	289	293	319	300	317	343	324	341	367	348	365	401	395	399	425	406	423	449	430	447	473	454	471
288	299	293	301	323	317	325	347	341	349	371	365	394	405	399	407	429	423	431	453	447	455	477	471
307	286	292	331	306	313	355	330	337	379	354	361	413	392	398	437	412	419	461	436	443	485	460	467
305	307	308	329	331	332	353	355	356	377	379	380	411	413	414	435	437	438	459	461	462	483	485	486
311	309	310	315	309	311	335	333	334	339	333	335	359	357	358	363	357	359	383	381	382	387	381	383	417	415	416	421	415	417	441	439	440	445	439	441	465	463	464	469	463	465	489	487	488	493	487	489
312	308	307	336	332	331	360	356	355	384	380	379	418	414	413	442	438	437	466	462	461	490	486	485	524	531	525	532	531	524	557	562	558	563	562	557	588	593	589	594	593	588	619	624	620	625	624	619	661	666	662	667	666	661	692	697	693	698	697	692	723	728	724	729	728	723	754	759	755	760	759	754
305	308	306	329	332	330	353	356	354	377	380	378	411	414	412	435	438	436	459	462	460	483	486	484
314	313	312	338	337	336	362	361	360	386	385	384	420	419	418	444	443	442	468	467	466	492	491	490
295	311	310	319	335	334	343	359	358	367	383	382	401	417	416	425	441	440	449	465	464	473	489	488
314	312	315	338	336	339	362	360	363	386	384	387	420	418	421	444	442	445	468	466	469	492	490	493
290	309	291	316	333	314	340	357	338	364	381	362	396	415	397	422	439	420	446	463	444	470	487	468
292	291	312	313	314	336	337	338	360	361	362	384	398	397	418	419	420	442	443	444	466	467	468	490
316	314	315	340	338	339	364	362	363	388	386	387	422	420	421	446	444	445	470	468	469	494	492	493
310	289	295	334	300	319	358	324	343	382	348	367	416	395	401	440	406	425	464	430	449	488	454	473
315	312	309	339	336	333	363	360	357	387	384	381	421	418	415	445	442	439	469	466	463	493	490	487
316	311	300	340	335	324	364	359	348	388	383	372	422	417	406	446	441	430	470	465	454	494	489	478
316	315	311	340	339	335	364	363	359	388	387	383	422	421	417	446	445	441	470	469	465	494	493	489
310	309	290	334	333	316	358	357	340	382	381	364	416	415	396	440	439	422	464	463	446	488	487	470
313	308	312	337	332	336	361	356	360	385	380	384	419	414	418	443	438	442	467	462	466	491	486	490
290	289	310	316	300	334	340	324	358	364	348	382	396	395	416	422	406	440	446	430	464	470	454	488
312	291	309	336	314	333	360	338	357	384	362	381	418	397	415	442	420	439	466	444	463	490	468	487
313	306	308	337	330	332	361	354	356	385	378	380	419	412	414	443	436	438	467	460	462	491	484	486
295	300	311	319	324	335	343	348	359	367	372	383	401	406	417	425	430	441	449	454	465	473	478	489
305	286	307	329	306	331	353	330	355	377	354	379	411	392	413	435	412	437	459	436	461	483	460	485
292	312	307	313	336	331	337	360	355	361	384	379	398	418	413	419	442	437	443	466	461	467	490	485
376	378	389	385	389	378	386	389	385	386	388	389	372	389	388	372	373	389	374	389	373	374	376	389	482	484	495	491	495	484	492	495	491	492	494	495	478	495	494	478	479	495	480	495	479	480	482	495	517	512	629	512	511	629	629	511	501	501	502	629	629	502	530	530	529	629	629	529	521	629	521	517	632	630	631	630	633	631	631	633	634	634	635	631	631	635	636	636	637	631	631	637	638	631	638	632	902	103	903	95	103	902	4	911	5	910	911	4	916	245	917	237	245	916	146	925	147	924	925	146	933	926	930	927	926	933	949	934	942	935	934	949	958	957	959	950	957	958
498	496	497	537	535	536	568	566	567	599	597	598	641	639	640	672	670	671	703	701	702	734	732	733
496	499	500	535	538	539	566	569	570	597	600	601	639	642	643	670	673	674	701	704	705	732	735	736
500	501	496	539	508	535	570	545	566	601	576	597	643	634	639	674	649	670	705	680	701	736	711	732
501	500	502	508	539	520	545	570	554	576	601	585	634	643	635	649	674	658	680	705	689	711	736	720
505	503	504	542	540	541	573	571	572	604	602	603	646	644	645	677	675	676	708	706	707	739	737	738
507	506	496	544	543	535	575	574	566	606	605	597	648	647	639	679	678	670	710	709	701	741	740	732
509	508	507	546	545	544	577	576	575	608	607	606	650	649	648	681	680	679	712	711	710	743	742	741
506	499	496	543	538	535	574	569	566	605	600	597	647	642	639	678	673	670	709	704	701	740	735	732
512	510	511	514	547	509	549	578	546	580	609	577	630	651	633	653	682	650	684	713	681	715	744	712
514	509	513	549	546	548	580	577	579	611	608	610	653	650	652	684	681	683	715	712	714	746	743	745
510	513	498	547	548	537	578	579	568	609	610	599	651	652	641	682	683	672	713	714	703	744	745	734
504	510	512	541	547	514	572	578	549	603	609	580	645	651	630	676	682	653	707	713	684	738	744	715
516	505	515	505	517	518	520	499	506	499	502	500	551	542	550	542	516	552	554	538	543	538	520	539	582	573	581	573	551	583	585	569	574	569	554	570	613	604	612	604	582	614	616	600	605	600	585	601	655	646	654	646	632	656	658	642	647	642	635	643	686	677	685	677	655	687	689	673	678	673	658	674	717	708	716	708	686	718	720	704	709	704	689	705	748	739	747	739	717	749	751	735	740	735	720	736
503	505	516	540	542	551	571	573	582	602	604	613	644	646	655	675	677	686	706	708	717	737	739	748
504	517	505	541	516	542	572	551	573	603	582	604	645	632	646	676	655	677	707	686	708	738	717	739
514	503	516	549	540	551	580	571	582	611	602	613	653	644	655	684	675	686	715	706	717	746	737	748
514	513	503	549	548	540	580	579	571	611	610	602	653	652	644	684	683	675	715	714	706	746	745	737
498	519	510	537	553	547	568	584	578	599	615	609	641	657	651	672	688	682	703	719	713	734	750	744
519	498	497	553	537	536	584	568	567	615	599	598	657	641	640	688	672	671	719	703	702	750	734	733
512	517	504	514	516	541	549	551	572	580	582	603	630	632	645	653	655	676	684	686	707	715	717	738
509	498	513	546	537	548	577	568	579	608	599	610	650	641	652	681	672	683	712	703	714	743	734	745
498	509	507	537	546	544	568	577	575	599	608	606	641	650	648	672	681	679	703	712	710	734	743	741
498	507	496	537	544	535	568	575	566	599	606	597	641	648	639	672	679	670	703	710	701	734	741	732
520	506	507	554	543	544	585	574	575	616	605	606	658	647	648	689	678	679	720	709	710	751	740	741
520	507	508	554	544	545	585	575	576	616	606	607	658	648	649	689	679	680	720	710	711	751	741	742
497	496	501	536	535	508	567	566	545	598	597	576	640	639	634	671	670	649	702	701	680	733	732	711
501	511	497	508	509	536	545	546	567	576	577	598	634	633	640	649	650	671	680	681	702	711	712	733
519	497	511	553	536	509	584	567	546	615	598	577	657	640	633	688	671	650	719	702	681	750	733	712
519	511	510	553	509	547	584	546	578	615	577	609	657	633	651	688	650	682	719	681	713	750	712	744
523	521	522	556	527	555	587	560	586	618	591	617	660	638	659	691	664	690	722	695	721	753	726	752
523	505	518	556	542	552	587	573	583	618	604	614	660	646	656	691	677	687	722	708	718	753	739	749
518	521	523	552	527	556	583	560	587	614	591	618	656	638	660	687	664	691	718	695	722	749	726	753
521	518	517	527	552	516	560	583	551	591	614	582	638	656	632	664	687	655	695	718	686	726	749	717
499	524	525	538	557	558	569	588	589	600	619	620	642	661	662	673	692	693	704	723	724	735	754	755
526	515	523	559	550	556	590	581	587	621	612	618	663	654	660	694	685	691	725	716	722	756	747	753
528	527	526	561	560	559	592	591	590	623	622	621	665	664	663	696	695	694	727	726	725	758	757	756
521	529	522	527	528	555	560	561	586	591	592	617	638	637	659	664	665	690	695	696	721	726	727	752
531	529	530	562	528	533	593	561	564	624	592	595	666	637	636	697	665	668	728	696	699	759	727	730
533	528	532	564	561	563	595	592	594	626	623	625	668	665	667	699	696	698	730	727	729	761	758	760
522	531	534	555	562	565	586	593	596	617	624	627	659	666	669	690	697	700	721	728	731	752	759	762
525	531	530	558	562	533	589	593	564	620	624	595	662	666	636	693	697	668	724	728	699	755	759	730
524	499	520	557	538	554	588	569	585	619	600	616	661	642	658	692	673	689	723	704	720	754	735	751
525	502	499	558	520	538	589	554	569	620	585	600	662	635	642	693	658	673	724	689	704	755	720	735
533	524	520	564	557	554	595	588	585	626	619	616	668	661	658	699	692	689	730	723	720	761	754	751
533	532	524	564	563	557	595	594	588	626	625	619	668	667	661	699	698	692	730	729	723	761	760	754
515	505	523	550	542	556	581	573	587	612	604	618	654	646	660	685	677	691	716	708	722	747	739	753
532	534	531	563	565	562	594	596	593	625	627	624	667	669	666	698	700	697	729	731	728	760	762	759
530	502	525	533	520	558	564	554	589	595	585	620	636	635	662	668	658	693	699	689	724	730	720	755
528	534	532	561	565	563	592	596	594	623	627	625	665	669	667	696	700	698	727	731	729	758	762	760
534	528	526	565	561	559	596	592	590	627	623	621	669	665	663	700	696	694	731	727	725	762	758	756
534	526	523	565	559	556	596	590	587	627	621	618	669	663	660	700	694	691	731	725	722	762	756	753
516	515	526	551	550	559	582	581	590	613	612	621	655	654	663	686	685	694	717	716	725	748	747	756
516	526	527	551	559	560	582	590	591	613	621	622	655	663	664	686	694	695	717	725	726	748	756	757
529	531	522	528	562	555	561	593	586	592	624	617	637	666	659	665	697	690	696	728	721	727	759	752
534	523	522	565	556	555	596	587	586	627	618	617	669	660	659	700	691	690	731	722	721	762	753	752
766	764	765
769	767	768
772	770	771
764	770	773
764	774	771
776	767	775
778	774	777
770	764	771
768	779	769	883	838	889
781	768	780
774	766	780	817	819	807	852	847	854	887	885	884
776	775	777
776	777	774	882	884	874
775	767	782
780	766	781	887	832	885
778	771	774
780	776	774	887	884	882
779	768	781
778	772	771
776	780	768
773	765	764
776	768	767
769	782	767
774	764	766
765	781	766	835	885	832
785	783	784
770	786	787
782	769	788
783	769	779
783	789	788
791	786	790
793	789	792
769	783	788
787	773	770	892	833	888
795	787	794
789	785	794	827	829	822	867	862	869	897	894	893
791	790	792
793	788	789
792	789	791	896	893	878
772	790	786
794	785	795	897	837	894
794	791	789	897	893	896
773	787	795
793	782	788
791	794	787
779	784	783
791	787	786
770	772	786
789	783	785
784	795	785	836	894	837
797	778	796	772	778	797	876	860	875	858	860	876
798	778	777	796	778	798	858	874	855	876	874	858
800	782	799	775	782	800	873	850	872	848	850	873
800	777	775	798	777	800	874	850	855	872	850	874
801	782	793	799	782	801	879	848	873	864	848	879
792	801	793	802	801	792	870	879	878	864	879	870
803	772	797	790	772	803	875	871	877	860	871	875
790	802	792	803	802	790	871	878	877	870	878	871
796	804	805
807	806	804
804	806	808
804	796	807
806	809	810
813	811	812
807	796	798
815	800	814
798	816	807	855	852	857
808	805	804
817	807	816	854	857	852
815	814	812
818	811	813
817	816	811
812	811	815
816	798	800
809	819	818	842	841	847
796	805	797
818	817	811
819	806	807
806	810	808
814	800	799
815	811	816
816	800	815
817	818	819	854	847	841
809	806	819
801	820	814
822	821	820
820	821	812
820	801	822
821	823	813
810	824	808
822	801	802
825	803	805
802	826	822	870	867	865
812	814	820
827	822	826	869	865	867
825	805	808
828	824	810
827	826	824
808	824	825
826	802	803
823	829	828	844	845	862
801	814	799
828	827	824
829	821	822
821	813	812
805	803	797
825	824	826
826	803	825
827	828	829	869	862	845
823	821	829
830	818	813	818	830	809	830	813	823	823	828	830	810	830	828	809	830	810	841	839	840	839	841	842	839	842	843	840	839	844	839	843	845	845	844	839
781	831	779	831	781	765	831	765	773	779	831	784	831	773	795	795	784	831	834	832	833	832	834	835	834	833	836	836	837	834	838	834	837	835	834	838
847	846	842
850	848	849
848	851	849
846	851	843
846	852	849
841	853	854
850	852	855
851	846	849
853	840	856
857	854	853
857	858	855
860	858	859
850	849	852
856	859	853
840	853	841
857	859	858
843	842	846
857	853	859
856	860	859
852	846	847
862	861	844
865	863	864
860	856	866
861	856	840
861	867	866
845	868	869
871	867	870
856	861	866
868	843	851
865	864	870
871	866	867
848	864	863
865	869	868
843	868	845
871	860	866
851	863	868
840	844	861
865	868	863
851	848	863
867	861	862
873	872	880
882	876	881
885	883	884
883	880	884
882	881	886
832	887	886
884	872	874
833	886	888
882	874	876
883	835	838
881	875	888
832	886	833
887	882	886
889	880	883
889	873	880
880	872	884
876	875	881
888	886	881
835	883	885
875	877	890
838	891	889
894	892	893
892	890	893
896	879	895
896	895	891
893	877	878
837	897	891
896	878	879
892	836	833
895	873	889
837	891	838
897	896	891
888	890	892
888	875	890
890	877	893
879	873	895
889	891	895
836	892	894
899	80	898	82	80	899	6	908	3	909	908	6	913	222	912	224	222	913	148	922	145	923	922	148
900	90	901	91	90	900	0	906	1	907	906	0	914	232	915	233	232	914	142	920	143	921	920	142
901	95	902	90	95	901	1	910	4	906	910	1	915	237	916	232	237	915	143	924	146	920	924	143
903	82	899	103	82	903	5	909	6	911	909	5	917	224	913	245	224	917	147	923	148	925	923	147
929	927	928	926	927	929	949	947	948	949	946	947	945	943	944	945	942	943	949	945	946	949	942	945	957	955	956	957	954	955	953	951	952	953	950	951	957	953	954	957	950	953
933	931	932	930	931	933	934	940	941	934	939	940	938	936	937	938	935	936	934	938	939	934	935	938	958	964	965	958	963	964	962	960	961	962	959	960	958	962	963	958	959	962
932	927	933	928	927	932	946	937	947	938	937	946	942	941	943	934	941	942	965	950	958	951	950	965	961	954	962	955	954	961
930	929	931	926	929	930	948	935	949	936	935	948	944	939	945	940	939	944	963	952	964	953	952	963	959	956	960	957	956	959

#	Normal	383
5.54258e-005	-0	0
-5.54258e-005	-0	0
2.82109e-006	-1.97856e-006	-4.52588e-006
2.51128e-006	5.47916e-006	-2.9458e-006
7.77387e-006	-6.67609e-006	-3.61243e-006
-3.08522e-006	-6.81997e-006	-3.9375e-006
2.32228e-006	2.20308e-006	-9.57178e-006
6.47116e-006	-6.01501e-006	-4.77881e-006
3.34871e-006	-0	-7.07227e-006
3.01855e-006	-0	-6.375e-006
-1.11894e-005	8.19208e-006	-3.67566e-006
-3.13935e-006	6.81997e-006	-3.9375e-006
2.45421e-006	-5.47916e-006	-2.93958e-006
4.54037e-006	5.52093e-006	-3.1875e-006
-2.92369e-006	2.0747e-006	-5.2135e-006
1.21728e-005	-0	-6.24023e-006
2.05684e-006	-4.59201e-006	-1.97253e-006
-2.92369e-006	-2.0747e-006	-5.2135e-006
-1.38717e-006	3.15701e-006	-1.26721e-006
4.54037e-006	-5.52093e-006	-3.1875e-006
-1.38717e-006	-3.15701e-006	-1.26318e-006
-8.67391e-006	1.97856e-006	-5.43994e-006
2.05684e-006	4.59201e-006	-1.97839e-006
7.76462e-006	6.67609e-006	-3.61951e-006
-1.89695e-005	-4.38016e-006	-2.62256e-006
-1.01738e-005	-0	-5.5e-006
2.84104e-006	1.97856e-006	4.52429e-006
2.45421e-006	-5.47916e-006	2.93958e-006
7.76462e-006	6.67609e-006	3.61951e-006
-3.13935e-006	6.81997e-006	3.9375e-006
2.32857e-006	-2.20308e-006	9.58191e-006
6.4071e-006	6.01501e-006	4.77649e-006
3.01855e-006	0	6.375e-006
-1.11957e-005	-8.19208e-006	3.66553e-006
-3.08522e-006	-6.81997e-006	3.9375e-006
2.51128e-006	5.47916e-006	2.9458e-006
4.54037e-006	-5.52093e-006	3.1875e-006
-2.92369e-006	-2.0747e-006	5.2135e-006
1.21728e-005	-0	6.24023e-006
2.05684e-006	4.59201e-006	1.97839e-006
-2.92369e-006	2.0747e-006	5.2135e-006
-1.38717e-006	-3.15701e-006	1.26318e-006
4.54037e-006	5.52093e-006	3.1875e-006
-1.38717e-006	3.15701e-006	1.26721e-006
-8.69387e-006	-1.97856e-006	5.44153e-006
2.05684e-006	-4.59201e-006	1.97253e-006
7.77387e-006	-6.67609e-006	3.61243e-006
3.34871e-006	-0	7.07227e-006
-1.89055e-005	4.38016e-006	2.62488e-006
-1.01738e-005	-0	5.5e-006
-1.13216e-005	-7.36124e-006	-4.25e-006
-1.98581e-007	6.33695e-006	-2.66968e-006
4.0438e-006	-9.02802e-006	-3.42261e-006
3.83678e-007	-2.74691e-006	-6.40869e-006
-1.10843e-005	6.17045e-006	-3.5625e-006
4.13114e-006	9.117e-006	-3.52295e-006
-1.39912e-005	-0	-1.2e-005
-3.15536e-007	-3.13354e-006	-7.4375e-006
-4.09082e-006	9.02802e-006	-3.41785e-006
1.13757e-005	7.36124e-006	-4.25e-006
-3.84142e-007	2.74691e-006	-6.41687e-006
1.10302e-005	-6.17045e-006	-3.5625e-006
-7.82318e-008	2.92193e-006	-6.75e-006
1.98581e-007	-6.33695e-006	-2.66968e-006
1.39912e-005	-0	-1.2e-005
-4.08366e-006	-9.117e-006	-3.52637e-006
-1.13757e-005	7.36124e-006	4.25e-006
1.98581e-007	6.33695e-006	2.66968e-006
4.09082e-006	9.02802e-006	3.41785e-006
3.84142e-007	2.74691e-006	6.41687e-006
1.10843e-005	6.17045e-006	3.5625e-006
-4.13114e-006	9.117e-006	3.52295e-006
1.39912e-005	0	1.2e-005
3.15536e-007	-3.13354e-006	7.4375e-006
-4.0438e-006	-9.02802e-006	3.42261e-006
-1.39912e-005	-0	1.2e-005
1.13216e-005	-7.36124e-006	4.25e-006
-3.83678e-007	-2.74691e-006	6.40869e-006
-1.10302e-005	-6.17045e-006	3.5625e-006
7.82318e-008	2.92193e-006	6.75e-006
-1.98581e-007	-6.33695e-006	2.66968e-006
4.08366e-006	-9.117e-006	3.52637e-006
-0	-0	-1
-7.58332e-006	-3.14226e-006	-1.22102e-005
-7.94395e-006	-2.4518e-006	8.54004e-007
5.52292e-006	-6.68554e-006	1.23486e-006
-5.73981e-006	-6.89409e-006	-1.17822e-006
-1.05703e-005	-2.98003e-006	4.73462e-006
-5.27344e-006	-1.27266e-005	1.45477e-005
-5.30066e-006	-6.5994e-006	9.14673e-007
3.36762e-007	-1.05587e-005	-2.40967e-006
3.67012e-006	-8.85722e-006	-1.40837e-005
-5.27344e-006	-1.27266e-005	-1.45477e-005
2.79765e-006	-6.75167e-006	1.3366e-005
1.01367e-005	-2.70563e-006	-4.54041e-006
1.71104e-007	-1.1726e-005	2.05261e-006
7.36272e-006	-3.05085e-006	1.24241e-005
4.39496e-006	-5.21651e-006	-5.92529e-007
5.15616e-006	-6.24686e-006	-4.021e-007
7.31739e-006	-2.1612e-006	-3.04687e-007
8.71326e-006	-3.61047e-006	-1.23571e-005
9.9082e-008	-1.06892e-005	7.21069e-007
-8.03489e-006	-3.32937e-006	1.15173e-005
9.65625e-006	-2.38774e-006	4.3252e-006
-9.96094e-006	-2.56927e-006	-4.46167e-006
-5.73332e-006	-6.76816e-006	-1.70532e-007
7.58332e-006	3.14226e-006	-1.22377e-005
7.953e-006	2.4518e-006	8.55957e-007
-5.52292e-006	6.68554e-006	1.23486e-006
5.73981e-006	6.89409e-006	-1.17822e-006
1.0582e-005	2.98003e-006	4.73987e-006
5.27344e-006	1.27266e-005	1.4614e-005
-7.32602e-006	2.1612e-006	-3.05786e-007
-3.31261e-007	1.05587e-005	-2.33777e-006
-3.67012e-006	8.85722e-006	-1.415e-005
5.27344e-006	1.27266e-005	-1.4614e-005
-2.79765e-006	6.75167e-006	1.34323e-005
-1.01484e-005	2.70563e-006	-4.54565e-006
-9.9082e-008	1.06892e-005	7.21069e-007
-7.36272e-006	3.05085e-006	1.24515e-005
-4.39552e-006	5.21651e-006	-5.44067e-007
-5.15603e-006	6.24686e-006	-4.49341e-007
5.29634e-006	6.5994e-006	9.60205e-007
-8.71326e-006	3.61047e-006	-1.23845e-005
-1.67542e-007	1.1726e-005	1.98059e-006
8.03489e-006	3.32937e-006	1.15448e-005
-9.66797e-006	2.38774e-006	4.33044e-006
9.97266e-006	2.56927e-006	-4.46692e-006
5.72858e-006	6.76816e-006	-2.18018e-007
-0	-0	1
3.4239e-006	-4.18469e-006	-2.77954e-006
3.6383e-006	-1.07971e-006	1.56201e-006
9.73436e-006	-3.21056e-006	1.15032e-005
8.40359e-006	-3.48215e-006	3.84448e-006
-7.31739e-006	-2.1612e-006	3.04687e-007
8.19995e-006	-3.37147e-006	-9.198e-006
2.82683e-006	-6.82209e-006	-5.69678e-006
5.35547e-006	-1.71659e-006	-2.34302e-006
-3.67012e-006	-8.85722e-006	1.40837e-005
-2.79765e-006	-6.75167e-006	-1.3366e-005
-9.9082e-008	-1.06892e-005	-7.21069e-007
-5.15616e-006	-6.24686e-006	4.021e-007
-0	-1.17188e-008	-0
-9.65625e-006	-2.38774e-006	-4.3252e-006
-1.01367e-005	-2.70563e-006	4.54041e-006
-7.36272e-006	-3.05085e-006	-1.24241e-005
-4.39496e-006	-5.21651e-006	5.92529e-007
-3.46212e-007	-5.18432e-006	-6.37671e-006
1.63902e-006	-4.48687e-006	3.38818e-006
-8.71326e-006	-3.61047e-006	1.23571e-005
-3.36762e-007	-1.05587e-005	2.40967e-006
4.22577e-006	-9.30152e-006	-1.17743e-005
3.77969e-006	-4.87311e-006	2.9718e-006
6.80859e-006	-2.7725e-006	-3.12061e-006
6.82209e-006	-2.82683e-006	-3.67822e-006
3.29735e-006	-3.18684e-006	1.73352e-006
2.46892e-006	-5.95833e-006	1.04777e-005
1.65589e-006	-4.60117e-006	5.55347e-006
-6.90559e-007	-4.88068e-006	1.88025e-006
-4.76838e-006	6.18745e-006	8.80127e-007
-3.6383e-006	1.07971e-006	1.56201e-006
-9.73436e-006	3.21056e-006	1.15032e-005
-8.40359e-006	3.48215e-006	3.84448e-006
7.32602e-006	2.1612e-006	3.05786e-007
-8.20734e-006	3.37147e-006	-9.18335e-006
-2.82683e-006	6.82209e-006	-5.76306e-006
-1.97239e-006	4.76003e-006	1.2438e-005
3.67012e-006	8.85722e-006	1.415e-005
2.79765e-006	6.75167e-006	-1.34323e-005
-6.2664e-008	8.64896e-006	2.30383e-006
5.15603e-006	6.24686e-006	4.49341e-007
9.66797e-006	2.38774e-006	-4.33044e-006
1.01484e-005	2.70563e-006	4.54565e-006
7.36272e-006	3.05085e-006	-1.24515e-005
4.39552e-006	5.21651e-006	5.44067e-007
-5.35547e-006	1.71659e-006	-2.34302e-006
9.9082e-008	1.06892e-005	-7.21069e-007
8.71326e-006	3.61047e-006	1.23845e-005
3.31261e-007	1.05587e-005	2.33777e-006
-4.22033e-006	9.30152e-006	-1.1806e-005
-3.78513e-006	4.87311e-006	3.00354e-006
-6.81445e-006	2.7725e-006	-3.12329e-006
-6.82209e-006	2.82683e-006	-3.70569e-006
-3.2085e-007	7.38165e-006	-3.12915e-006
-4.33778e-006	5.50481e-006	1.53784e-006
-9.09401e-007	-1.26606e-006	-1.18066e-006
5.24007e-006	-1.69268e-006	-6.54492e-006
-9.26954e-006	-2.6381e-006	-3.78943e-006
-3.3959e-006	-7.66027e-007	-8.24243e-006
-3.31295e-006	-3.78502e-006	-5.5719e-006
4.63914e-006	-5.33867e-006	-5.50085e-006
-4.79751e-006	-1.1578e-005	3.36841e-006
-4.68855e-006	-1.47564e-006	-4.04407e-006
3.69338e-006	-9.51216e-007	-8.86597e-006
9.42759e-007	-1.29425e-006	-2.87671e-006
1.69563e-009	-2.98454e-006	-4.84253e-007
3.93834e-006	-9.50453e-006	5.21301e-006
7.87268e-008	-1.13973e-005	-1.27921e-005
7.9396e-006	-3.28989e-006	4.83911e-006
1.20954e-007	-1.50058e-006	-1.06819e-005
-4.60636e-006	-5.52954e-006	-5.01831e-006
-6.84328e-008	-5.63961e-006	-2.29944e-006
1.96752e-006	-1.13647e-006	-2.21909e-005
-8.3052e-006	-3.44138e-006	3.82141e-006
2.68174e-006	-3.681e-006	-7.06934e-006
-2.21161e-006	-1.27747e-006	-2.30332e-005
3.75392e-006	-4.32571e-006	-4.31091e-006
8.77236e-006	-2.27274e-006	-3.68311e-006
-2.20477e-006	-2.94376e-006	-8.96777e-006
-0	-1.60278e-006	-1.76563e-005
9.09401e-007	1.26606e-006	-1.18066e-006
-5.24661e-006	1.70576e-006	-6.55176e-006
9.28059e-006	2.6228e-006	-3.89648e-006
3.40048e-006	7.62035e-007	-8.16284e-006
3.31295e-006	3.78502e-006	-5.5719e-006
-4.6377e-006	5.33867e-006	-5.45862e-006
4.79751e-006	1.1578e-005	3.43469e-006
4.69454e-006	1.46367e-006	-4.03552e-006
-3.69796e-006	9.54767e-007	-8.97559e-006
-9.42759e-007	1.29425e-006	-2.87671e-006
-1.69563e-009	2.98454e-006	-4.84253e-007
-3.93834e-006	9.50453e-006	5.2793e-006
4.60334e-006	5.52954e-006	-4.97803e-006
-7.68175e-008	1.13973e-005	-1.27205e-005
-7.9396e-006	3.28989e-006	4.86658e-006
-1.20954e-007	1.50058e-006	-1.06819e-005
6.84328e-008	5.63961e-006	-2.29944e-006
-1.9693e-006	1.13647e-006	-2.22216e-005
8.3052e-006	3.44138e-006	3.84888e-006
-2.68174e-006	3.681e-006	-7.06934e-006
2.21361e-006	1.27747e-006	-2.30669e-005
-3.75392e-006	4.32571e-006	-4.31091e-006
-8.78341e-006	2.28736e-006	-3.5907e-006
2.20477e-006	2.94376e-006	-8.96777e-006
-0	1.60278e-006	-1.76563e-005
-0.92383	-0.382803	-0
-0.382803	-0.92383	-0
0.92383	-0.382803	-0
0.382803	-0.92383	-0
0.92383	0.382803	0
0.382803	0.92383	-0
-0.92383	0.382803	-0
-0.382803	0.92383	-0
-6.97836e-006	-2.43195e-006	-4.92114e-006
-3.35485e-006	-3.80813e-006	4.80261e-006
-4.58575e-006	-1.4102e-006	4.25818e-006
-4.85869e-006	-5.65393e-006	5.55688e-006
-2.51805e-006	-1.45447e-006	2.36553e-005
3.69338e-006	-9.51216e-007	8.86597e-006
-4.79751e-006	-1.1578e-005	-3.36841e-006
6.93064e-006	-2.397e-006	-5.1958e-006
7.87268e-008	-1.13973e-005	1.27921e-005
-5.75727e-006	-1.55271e-006	2.37305e-006
-6.84328e-008	-5.63961e-006	2.29944e-006
5.65065e-006	-1.47414e-006	2.42615e-006
1.96752e-006	-1.13647e-006	2.21909e-005
2.68174e-006	-3.681e-006	7.06934e-006
5.14051e-006	-1.65795e-006	6.46582e-006
3.93834e-006	-9.50453e-006	-5.21301e-006
-0	-1.60278e-006	1.76563e-005
-4.27947e-006	-1.77326e-006	1.72339e-006
9.42759e-007	-1.29425e-006	2.87671e-006
-2.17413e-006	-2.89389e-006	8.84167e-006
-3.43709e-006	-7.98056e-007	8.34241e-006
4.27947e-006	-1.77326e-006	1.72339e-006
3.67728e-006	-4.24524e-006	4.27588e-006
4.66654e-006	-5.38434e-006	5.50525e-006
1.20954e-007	-1.50058e-006	1.06819e-005
-9.60635e-007	-1.35072e-006	1.39404e-006
6.97836e-006	2.43195e-006	-4.92114e-006
3.36077e-006	3.80813e-006	4.80701e-006
4.58575e-006	1.39835e-006	4.25098e-006
4.86612e-006	5.65393e-006	5.54578e-006
2.52032e-006	1.45447e-006	2.36501e-005
-3.69796e-006	9.54767e-007	8.97559e-006
4.79751e-006	1.1578e-005	-3.43469e-006
-6.93458e-006	2.397e-006	-5.22168e-006
-7.68175e-008	1.13973e-005	1.27205e-005
5.75727e-006	1.54574e-006	2.47192e-006
6.84328e-008	5.63961e-006	2.29944e-006
-5.65776e-006	1.48113e-006	2.33203e-006
-1.9693e-006	1.13647e-006	2.22216e-005
-2.68174e-006	3.681e-006	7.06934e-006
-5.14692e-006	1.67077e-006	6.47266e-006
-3.93834e-006	9.50453e-006	-5.2793e-006
0	1.60278e-006	1.76563e-005
4.27947e-006	1.77326e-006	1.72339e-006
-9.42759e-007	1.29425e-006	2.87671e-006
2.17784e-006	2.89389e-006	8.85596e-006
3.43709e-006	7.9351e-007	8.25073e-006
-4.27947e-006	1.77326e-006	1.72339e-006
-3.67728e-006	4.24524e-006	4.27588e-006
-4.66523e-006	5.38434e-006	5.46313e-006
-1.20954e-007	1.50058e-006	1.06819e-005
9.61887e-007	1.35072e-006	1.37646e-006
-0	0	8.65625e-005
-0	0	-8.65625e-005
9.09401e-007	-1.26606e-006	1.18066e-006
8.3052e-006	-3.44138e-006	-3.82141e-006
9.26954e-006	-2.6228e-006	3.89185e-006
3.3959e-006	-7.62035e-007	8.15186e-006
3.31295e-006	-3.78502e-006	5.5719e-006
-9.42759e-007	-1.29425e-006	2.87671e-006
4.79751e-006	-1.1578e-005	-3.36841e-006
4.68855e-006	-1.46367e-006	4.03223e-006
-3.69338e-006	-9.54767e-007	8.96448e-006
-2.68174e-006	-3.681e-006	7.06934e-006
-3.93834e-006	-9.50453e-006	-5.21301e-006
-7.9396e-006	-3.28989e-006	-4.83911e-006
4.60636e-006	-5.52954e-006	5.01831e-006
-5.24007e-006	-1.70576e-006	6.54333e-006
-1.96752e-006	-1.13647e-006	2.21909e-005
-4.63914e-006	-5.33867e-006	5.50085e-006
2.21161e-006	-1.27747e-006	2.30332e-005
-3.75392e-006	-4.32571e-006	4.31091e-006
-8.77236e-006	-2.28736e-006	3.58618e-006
2.20477e-006	-2.94376e-006	8.96777e-006
-9.09401e-007	1.26606e-006	1.18066e-006
4.6377e-006	5.33867e-006	5.45862e-006
-9.28059e-006	2.6381e-006	3.79395e-006
-3.40048e-006	7.66027e-007	8.25354e-006
-3.31295e-006	3.78502e-006	5.5719e-006
9.42759e-007	1.29425e-006	2.87671e-006
-4.79751e-006	1.1578e-005	-3.43469e-006
-4.69454e-006	1.47564e-006	4.04736e-006
3.69796e-006	9.51216e-007	8.87695e-006
3.93834e-006	9.50453e-006	-5.2793e-006
-4.60334e-006	5.52954e-006	4.97803e-006
7.9396e-006	3.28989e-006	-4.86658e-006
2.68174e-006	3.681e-006	7.06934e-006
1.9693e-006	1.13647e-006	2.22216e-005
-8.3052e-006	3.44138e-006	-3.84888e-006
5.24661e-006	1.69268e-006	6.55334e-006
-2.21361e-006	1.27747e-006	2.30669e-005
3.75392e-006	4.32571e-006	4.31091e-006
8.78341e-006	2.27274e-006	3.68774e-006
-2.20477e-006	2.94376e-006	8.96777e-006
1.05837e-005	-4.38552e-006	2.31665e-006
-4.63914e-006	-5.33867e-006	-5.50085e-006
2.01698e-006	-2.88169e-006	-8.23499e-006
2.37838e-006	-2.80456e-006	-4.0824e-006
-3.75392e-006	-4.32571e-006	-4.31091e-006
-9.42759e-007	-1.29425e-006	-2.87671e-006
4.79751e-006	-1.1578e-005	3.36841e-006
-3.69338e-006	-9.54767e-007	-8.96448e-006
-3.93834e-006	-9.50453e-006	5.21301e-006
1.55648e-006	-8.99048e-007	-2.12954e-005
-8.77236e-006	-2.28736e-006	-3.58618e-006
-1.96752e-006	-1.13647e-006	-2.21909e-005
-2.68174e-006	-3.681e-006	-7.06934e-006
3.62508e-006	-1.14267e-006	-5.06885e-006
9.03752e-006	-2.61802e-006	-3.79443e-006
5.37155e-006	-6.42932e-006	-5.87964e-006
-7.9396e-006	-3.28989e-006	4.83911e-006
-5.24007e-006	-1.70576e-006	-6.54333e-006
7.14416e-007	-1.02815e-006	-1.29712e-006
-1.05837e-005	4.38552e-006	2.47668e-006
3.69796e-006	9.51216e-007	-8.87695e-006
-2.01698e-006	2.88169e-006	-8.23499e-006
-2.37838e-006	2.81168e-006	-4.1499e-006
4.6377e-006	5.33867e-006	-5.45862e-006
3.75392e-006	4.32571e-006	-4.31091e-006
-4.79751e-006	1.1578e-005	3.43469e-006
9.42759e-007	1.29425e-006	-2.87671e-006
3.93834e-006	9.50453e-006	5.2793e-006
-1.55788e-006	8.99048e-007	-2.13258e-005
8.78341e-006	2.27274e-006	-3.68774e-006
1.9693e-006	1.13647e-006	-2.22216e-005
2.68174e-006	3.681e-006	-7.06934e-006
-3.62956e-006	1.14528e-006	-5.17456e-006
-9.04857e-006	2.61542e-006	-3.6991e-006
-5.37063e-006	6.45065e-006	-5.80859e-006
7.9396e-006	3.28989e-006	4.86658e-006
5.24661e-006	1.69268e-006	-6.55334e-006
-7.14416e-007	1.02815e-006	-1.29712e-006
-0	-0.866026	-0.499999
-0	0.866026	-0.499999
0	0.866026	0.499999
-0	-0.866026	0.499999
1	-0	-0
-1	0	-0
-0	-1	-0
-0	1	-0

#	Mesh	0	End

