#	Mesh	0	Begin

#	Vertex	72
91.669	-126.22	0.583708
91.6679	-126.207	0.587294
91.6669	-126.195	0.593151
91.666	-126.183	0.601099
91.6652	-126.174	0.610898
91.6646	-126.166	0.62225
91.6641	-126.16	0.634809
91.6638	-126.156	0.648195
91.6637	-126.155	0.662
91.6638	-126.156	0.675805
91.6641	-126.16	0.689191
91.6646	-126.166	0.70175
91.6652	-126.174	0.713102
91.666	-126.183	0.722901
91.6669	-126.195	0.730849
91.6679	-126.207	0.736706
91.669	-126.22	0.740292
91.6701	-126.234	0.7415
91.6713	-126.248	0.740292
91.6723	-126.261	0.736706
91.6733	-126.274	0.730849
91.6743	-126.285	0.722901
91.6751	-126.295	0.713102
91.6757	-126.303	0.70175
91.6762	-126.309	0.689191
91.6765	-126.312	0.675805
91.6766	-126.313	0.662
91.6765	-126.312	0.648195
91.6762	-126.309	0.634809
91.6757	-126.303	0.62225
91.6751	-126.295	0.610898
91.6743	-126.285	0.601099
91.6733	-126.274	0.593151
91.6723	-126.261	0.587294
91.6713	-126.248	0.583708
91.6701	-126.234	0.5825
98.1024	-125.699	0.583708
98.1013	-125.686	0.587294
98.1003	-125.673	0.593151
98.0993	-125.662	0.601099
98.0986	-125.652	0.610898
98.0979	-125.644	0.62225
98.0974	-125.639	0.634809
98.0971	-125.635	0.648195
98.0971	-125.634	0.662
98.0971	-125.635	0.675805
98.0974	-125.639	0.689191
98.0979	-125.644	0.70175
98.0986	-125.652	0.713102
98.0993	-125.662	0.722901
98.1003	-125.673	0.730849
98.1013	-125.686	0.736706
98.1024	-125.699	0.740292
98.1035	-125.713	0.7415
98.1046	-125.727	0.740292
98.1057	-125.74	0.736706
98.1067	-125.753	0.730849
98.1076	-125.764	0.722901
98.1084	-125.774	0.713102
98.109	-125.782	0.70175
98.1095	-125.787	0.689191
98.1098	-125.791	0.675805
98.1099	-125.792	0.662
98.1098	-125.791	0.648195
98.1095	-125.787	0.634809
98.109	-125.782	0.62225
98.1084	-125.774	0.610898
98.1076	-125.764	0.601099
98.1067	-125.753	0.593151
98.1057	-125.74	0.587294
98.1046	-125.727	0.583708
98.1035	-125.713	0.5825

#	Triangle	93
35	36	71
0	36	35
0	37	36
1	37	0
1	38	37
2	38	1
2	39	38
3	39	2
3	40	39
4	40	3
4	41	40
5	41	4
5	42	41
6	42	5
6	43	42	7	43	6
7	44	43
8	44	7
8	45	44
9	45	8
9	46	45	10	46	9
10	47	46
11	47	10
11	48	47
12	48	11
12	49	48
13	49	12
13	50	49
14	50	13
14	51	50
15	51	14
15	52	51
16	52	15
16	53	52
17	53	16
17	54	53
18	54	17
18	55	54
19	55	18
19	56	55
20	56	19
20	57	56	21	57	20
21	58	57
22	58	21
22	59	58	23	59	22
23	60	59
24	60	23
24	61	60
25	61	24
25	62	61	26	62	25
26	63	62	27	63	26
27	64	63
28	64	27
28	65	64
29	65	28
29	66	65	30	66	29
30	67	66
31	67	30
31	68	67	32	68	31
32	69	68
33	69	32
33	70	69
34	70	33
34	71	70
35	71	34
7	9	8	26	25	27
6	9	7	27	25	24
6	10	9	27	24	28
5	10	6	5	11	10	28	23	29	28	24	23
4	11	5	4	12	11	29	22	30	29	23	22
3	12	4	3	13	12	30	21	31	30	22	21
2	13	3	2	14	13	31	20	32	31	21	20
1	14	2	1	15	14
0	15	1	0	16	15
35	16	0	35	17	16
34	17	35	34	18	17
33	18	34	33	19	18
32	19	33	32	20	19
45	43	44	62	63	61
46	43	45	61	63	64
46	42	43
47	42	46	47	41	42	60	65	59	60	64	65
48	41	47	48	40	41
49	40	48	49	39	40	58	67	57	58	66	67
50	39	49	50	38	39
51	38	50	51	37	38
52	37	51	52	36	37
53	36	52	53	71	36
54	71	53	54	70	71
55	70	54	55	69	70
56	69	55	56	68	69
57	68	56	57	67	68
59	66	58	59	65	66
61	64	60

#	Normal	93
-0.00703975	0.0868817	-0.996194
-0.0070357	0.0868331	-0.996198
-0.0209001	0.257945	-0.965934
-0.0209118	0.258085	-0.965896
-0.0341375	0.421312	-0.906273
-0.0341197	0.421097	-0.906374
-0.046327	0.571757	-0.819114
-0.0463288	0.571779	-0.819099
-0.0571109	0.704849	-0.707055
-0.057109	0.704826	-0.707078
-0.0661362	0.816239	-0.573917
-0.0661585	0.816502	-0.57354
-0.073198	0.90338	-0.422549
-0.073181	0.903183	-0.422973
-0.078016	0.962854	-0.258506
-0.0804542	0.992947	-0.0870827
-0.0804538	0.992943	-0.0871279
-0.0804541	0.992947	0.0870827
-0.0804539	0.992943	0.0871279
-0.078016	0.962854	0.258506
-0.073197	0.90338	0.422549
-0.073182	0.903182	0.422973
-0.0661372	0.816239	0.573917
-0.0661576	0.816502	0.57354
-0.0571108	0.704849	0.707055
-0.057109	0.704826	0.707078
-0.0463271	0.571757	0.819114
-0.0463287	0.571779	0.819099
-0.034137	0.421312	0.906273
-0.0341202	0.421097	0.906374
-0.0209005	0.257945	0.965934
-0.0209115	0.258085	0.965896
-0.00703964	0.0868817	0.996194
-0.00703581	0.0868331	0.996198
0.00703613	-0.086837	0.996198
0.00703965	-0.0868817	0.996194
0.0209106	-0.258074	0.965899
0.0209005	-0.257945	0.965934
0.0341202	-0.421097	0.906374
0.034137	-0.421312	0.906273
0.0463287	-0.571779	0.819099
0.0571108	-0.704849	0.707055
0.057109	-0.704826	0.707078
0.0661576	-0.816502	0.57354
0.073197	-0.90338	0.422549
0.073182	-0.903182	0.422973
0.0780057	-0.962714	0.25903
0.0780159	-0.962854	0.258506
0.0804538	-0.992943	0.0871279
0.0804538	-0.992943	-0.0871279
0.0780045	-0.962714	-0.25903
0.078017	-0.962854	-0.258506
0.073198	-0.90338	-0.422549
0.073181	-0.903183	-0.422973
0.0661576	-0.816502	-0.57354
0.0571109	-0.704849	-0.707055
0.057109	-0.704826	-0.707078
0.0463287	-0.571779	-0.819099
0.0341197	-0.421097	-0.906374
0.0341375	-0.421312	-0.906273
0.0209109	-0.258074	-0.965899
0.0209002	-0.257945	-0.965934
0.00703603	-0.086837	-0.996198
0.00703975	-0.0868817	-0.996194
-3.32184e-005	-2.80415e-006	-0
-9.85767e-005	-7.98105e-006	0
-0.996739	-0.0806987	-0
-0.996798	-0.0799571	0
-0.996746	-0.0806047	0
-0.996687	-0.0813297	0
-0.996751	-0.0805386	0
-0.996728	-0.0808326	0
-0.996748	-0.0805807	0
-0.996723	-0.0808918	0
-0.996719	-0.0809374	0
-0.996752	-0.0805338	0
-0.996724	-0.0808827	0
3.32184e-005	2.58845e-006	-0
9.85767e-005	7.98105e-006	0
0.996739	0.0806987	-0
0.996682	0.0813891	0
0.996753	0.0805258	0
0.996752	0.0805375	0
0.996696	0.0812225	0
0.996724	0.0808827	0
0.996752	0.0805338	0
0.996719	0.0809374	0
0.996768	0.0803298	0
0.996701	0.0811608	0
0.996728	0.0808326	0
0.996751	0.0805386	0
0.996746	0.0806047	0
0.996753	0.0805237	0

#	Mesh	0	End

