#	Mesh	0	Begin

#	Vertex	28
-201.052	101.694	1.73
-201.052	101.694	1.53
-201.052	102.094	1.53
-201.052	102.094	1.73
-201.052	102.091	1.73
-201.052	102.091	1.53254
-201.052	101.696	1.53254
-201.052	101.696	1.73
-201.121	101.694	1.72656
-201.121	101.696	1.72656
-201.102	101.696	1.53007
-201.102	102.091	1.53007
-201.121	102.091	1.72656
-201.121	102.094	1.72656
-201.102	102.094	1.52755
-201.102	101.694	1.52755
-201.087	101.694	1.73
-201.089	101.694	1.52877
-201.065	101.694	1.53
-201.065	102.094	1.53
-201.089	102.094	1.52877
-201.087	102.094	1.73
-201.087	102.091	1.73
-201.089	102.091	1.53131
-201.065	102.091	1.53254
-201.065	101.696	1.53254
-201.089	101.696	1.53131
-201.087	101.696	1.73

#	Triangle	16
4	2	3	4	5	2	5	1	2	6	1	5	0	6	7	0	1	6
15	11	14	15	10	11
11	13	14
11	12	13
15	9	10
15	8	9
16	1	0	16	18	1	16	17	18	8	17	16	8	15	17	22	5	4	22	24	5	22	23	24	12	23	22	12	11	23
19	1	18	2	1	19
19	3	2	19	21	3	20	21	19	20	13	21	14	13	20	25	7	6	25	27	7	26	27	25	26	9	27	10	9	26
22	3	21	4	3	22	27	0	7	16	0	27
25	5	24	6	5	25
19	17	20	18	17	19
25	23	26	24	23	25
17	14	20	15	14	17
21	12	22	13	12	21	16	9	8	27	9	16
23	10	26	11	10	23

#	Normal	16
1	-0	-0
-0.995144	0	-0.0984282
-0.995089	-0.000558855	-0.0989842
-0.995088	-0	-0.0989913
-0.995088	0.000566044	-0.0989913
-0.995089	-0	-0.0989842
0	-1	-0
0	-0	-1
-0	1	-0
-0	-0	8.81927e-005
-0	-0	1
0.04953	-0	-0.998773
-0.0495311	-0	0.998773
0.0990042	-0	-0.995087
-8.72555e-006	-0	8.77167e-005
-0.0990048	-0	0.995087

#	Mesh	0	End

