#	Mesh	0	Begin

#	Vertex	72
96.1399	-128.352	-3.358
96.154	-128.348	-3.358
96.1673	-128.342	-3.358
96.1793	-128.333	-3.358
96.1897	-128.323	-3.358
96.1981	-128.311	-3.358
96.2043	-128.298	-3.358
96.2081	-128.283	-3.358
96.2094	-128.269	-3.358
96.2081	-128.254	-3.358
96.2043	-128.24	-3.358
96.1981	-128.227	-3.358
96.1897	-128.215	-3.358
96.1793	-128.204	-3.358
96.1673	-128.196	-3.358
96.154	-128.19	-3.358
96.1399	-128.186	-3.358
96.1252	-128.185	-3.358
96.1106	-128.186	-3.358
96.0965	-128.19	-3.358
96.0832	-128.196	-3.358
96.0712	-128.204	-3.358
96.0608	-128.215	-3.358
96.0524	-128.227	-3.358
96.0462	-128.24	-3.358
96.0424	-128.254	-3.358
96.0411	-128.269	-3.358
96.0424	-128.283	-3.358
96.0462	-128.298	-3.358
96.0524	-128.311	-3.358
96.0608	-128.323	-3.358
96.0712	-128.333	-3.358
96.0832	-128.342	-3.358
96.0965	-128.348	-3.358
96.1106	-128.352	-3.358
96.1252	-128.353	-3.358
96.1399	-128.352	0.470016
96.154	-128.348	0.470016
96.1673	-128.342	0.470016
96.1793	-128.333	0.470016
96.1897	-128.323	0.470016
96.1981	-128.311	0.470016
96.2043	-128.298	0.470016
96.2081	-128.283	0.470016
96.2094	-128.269	0.470016
96.2081	-128.254	0.470016
96.2043	-128.24	0.470016
96.1981	-128.227	0.470016
96.1897	-128.215	0.470016
96.1793	-128.204	0.470016
96.1673	-128.196	0.470016
96.154	-128.19	0.470016
96.1399	-128.186	0.470016
96.1252	-128.185	0.470016
96.1106	-128.186	0.470016
96.0965	-128.19	0.470016
96.0832	-128.196	0.470016
96.0712	-128.204	0.470016
96.0608	-128.215	0.470016
96.0524	-128.227	0.470016
96.0462	-128.24	0.470016
96.0424	-128.254	0.470016
96.0411	-128.269	0.470016
96.0424	-128.283	0.470016
96.0462	-128.298	0.470016
96.0524	-128.311	0.470016
96.0608	-128.323	0.470016
96.0712	-128.333	0.470016
96.0832	-128.342	0.470016
96.0965	-128.348	0.470016
96.1106	-128.352	0.470016
96.1252	-128.353	0.470016

#	Triangle	40
35	36	71	0	36	35
0	37	36	1	37	0
1	38	37	2	38	1
2	39	38	3	39	2
3	40	39	4	40	3
4	41	40	5	41	4
5	42	41	6	42	5
6	43	42	7	43	6
7	44	43	8	44	7
8	45	44	9	45	8
9	46	45	10	46	9
10	47	46	11	47	10
11	48	47	12	48	11
12	49	48	13	49	12
13	50	49	14	50	13
14	51	50	15	51	14
15	52	51	16	52	15
16	53	52	17	53	16
17	54	53	18	54	17
18	55	54	19	55	18
19	56	55	20	56	19
20	57	56	21	57	20
21	58	57	22	58	21
22	59	58	23	59	22
23	60	59	24	60	23
24	61	60	25	61	24
25	62	61	26	62	25
26	63	62	27	63	26
27	64	63	28	64	27
28	65	64	29	65	28
29	66	65	30	66	29
30	67	66	31	67	30
31	68	67	32	68	31
32	69	68	33	69	32
33	70	69	34	70	33
34	71	70	35	71	34
7	9	8	26	25	27
6	9	7	6	10	9	5	10	6	5	11	10	4	11	5	4	12	11	3	12	4	3	13	12	2	13	3	2	14	13	1	14	2	1	15	14	0	15	1	0	16	15	35	16	0	35	17	16	34	17	35	34	18	17	33	18	34	33	19	18	32	19	33	32	20	19	31	20	32	31	21	20	30	21	31	30	22	21	29	22	30	29	23	22	28	23	29	28	24	23	27	24	28	27	25	24
45	43	44	62	63	61
46	43	45	46	42	43	47	42	46	47	41	42	48	41	47	48	40	41	49	40	48	49	39	40	50	39	49	50	38	39	51	38	50	51	37	38	52	37	51	52	36	37	53	36	52	53	71	36	54	71	53	54	70	71	55	70	54	55	69	70	56	69	55	56	68	69	57	68	56	57	67	68	58	67	57	58	66	67	59	66	58	59	65	66	60	65	59	60	64	65	61	64	60	61	63	64

#	Normal	40
0.0873652	-0.996176	-0
0.258922	-0.965898	-0
0.422331	-0.906441	-0
0.573605	-0.819132	-0
0.707107	-0.707107	-0
0.819132	-0.573605	-0
0.906346	-0.422535	-0
0.965934	-0.258789	-0
0.996176	-0.0873652	-0
0.996176	0.0873652	-0
0.965898	0.258922	-0
0.906346	0.422535	-0
0.819132	0.573605	-0
0.707373	0.70684	-0
0.573248	0.819382	-0
0.422769	0.906238	-0
0.258922	0.965898	-0
0.0868365	0.996223	-0
-0.0868365	0.996223	-0
-0.258922	0.965898	-0
-0.422769	0.906238	-0
-0.573248	0.819382	-0
-0.707373	0.70684	-0
-0.819132	0.573605	-0
-0.906346	0.422535	-0
-0.965898	0.258922	-0
-0.996176	0.0873652	-0
-0.996176	-0.0873652	0
-0.965934	-0.258789	0
-0.906346	-0.422535	0
-0.819132	-0.573605	0
-0.707107	-0.707107	0
-0.573605	-0.819132	0
-0.422331	-0.906441	0
-0.258922	-0.965898	0
-0.0873652	-0.996176	0
-0	0	-3.74365e-005
-0	-0	-1
-0	0	3.74365e-005
-0	-0	1

#	Mesh	0	End

