#	Mesh	0	Begin

#	Vertex	72
95.2541	-101.748	-13.787
95.2538	-101.745	-13.7861
95.2535	-101.741	-13.7845
95.2533	-101.738	-13.7824
95.2531	-101.736	-13.7797
95.2529	-101.734	-13.7767
95.2528	-101.732	-13.7733
95.2527	-101.731	-13.7697
95.2527	-101.731	-13.766
95.2527	-101.731	-13.7623
95.2528	-101.732	-13.7587
95.2529	-101.734	-13.7553
95.2531	-101.736	-13.7523
95.2533	-101.738	-13.7496
95.2535	-101.741	-13.7475
95.2538	-101.745	-13.7459
95.2541	-101.748	-13.745
95.2544	-101.752	-13.7447
95.2547	-101.756	-13.745
95.255	-101.759	-13.7459
95.2553	-101.763	-13.7475
95.2555	-101.766	-13.7496
95.2557	-101.768	-13.7523
95.2559	-101.77	-13.7553
95.256	-101.772	-13.7587
95.2561	-101.773	-13.7623
95.2561	-101.773	-13.766
95.2561	-101.773	-13.7697
95.256	-101.772	-13.7733
95.2559	-101.77	-13.7767
95.2557	-101.768	-13.7797
95.2555	-101.766	-13.7824
95.2553	-101.763	-13.7845
95.255	-101.759	-13.7861
95.2547	-101.756	-13.787
95.2544	-101.752	-13.7873
97.3187	-101.581	-13.787
97.3184	-101.578	-13.7861
97.3181	-101.574	-13.7845
97.3179	-101.571	-13.7824
97.3177	-101.569	-13.7797
97.3175	-101.566	-13.7767
97.3174	-101.565	-13.7733
97.3173	-101.564	-13.7697
97.3173	-101.564	-13.766
97.3173	-101.564	-13.7623
97.3174	-101.565	-13.7587
97.3175	-101.566	-13.7553
97.3177	-101.569	-13.7523
97.3179	-101.571	-13.7496
97.3181	-101.574	-13.7475
97.3184	-101.578	-13.7459
97.3187	-101.581	-13.745
97.319	-101.585	-13.7447
97.3193	-101.589	-13.745
97.3196	-101.592	-13.7459
97.3198	-101.595	-13.7475
97.3201	-101.599	-13.7496
97.3203	-101.601	-13.7523
97.3205	-101.603	-13.7553
97.3206	-101.605	-13.7587
97.3207	-101.606	-13.7623
97.3207	-101.606	-13.766
97.3207	-101.606	-13.7697
97.3206	-101.605	-13.7733
97.3205	-101.603	-13.7767
97.3203	-101.601	-13.7797
97.3201	-101.599	-13.7824
97.3198	-101.595	-13.7845
97.3196	-101.592	-13.7861
97.3193	-101.589	-13.787
97.319	-101.585	-13.7873

#	Triangle	95
35	36	71
0	36	35
0	37	36
1	37	0
1	38	37
2	38	1
2	39	38
3	39	2
3	40	39	4	40	3
4	41	40	5	41	4
5	42	41
6	42	5
6	43	42	7	43	6
7	44	43
8	44	7
8	45	44
9	45	8
9	46	45	10	46	9
10	47	46
11	47	10
11	48	47	12	48	11
12	49	48	13	49	12
13	50	49
14	50	13
14	51	50
15	51	14
15	52	51
16	52	15
16	53	52
17	53	16
17	54	53	18	54	17
18	55	54
19	55	18
19	56	55
20	56	19
20	57	56
21	57	20
21	58	57
22	58	21
22	59	58	23	59	22
23	60	59	24	60	23
24	61	60	25	61	24
25	62	61	26	62	25
26	63	62	27	63	26
27	64	63	28	64	27
28	65	64	29	65	28
29	66	65	30	66	29
30	67	66
31	67	30
31	68	67
32	68	31
32	69	68
33	69	32
33	70	69
34	70	33
34	71	70	35	71	34
7	9	8	26	25	27
6	9	7	27	25	24
6	10	9	27	24	28
5	10	6	28	24	23
5	11	10
4	11	5
4	12	11
3	12	4	30	22	21
3	13	12	30	21	31
2	13	3	31	21	20
2	14	13	31	20	32
1	14	2	1	15	14
0	15	1	0	16	15
35	16	0	35	17	16
34	17	35	34	18	17
33	18	34	33	19	18
32	19	33	32	20	19
29	22	30
29	23	22
28	23	29
45	43	44	62	63	61
46	43	45	61	63	64
46	42	43	61	64	60
47	42	46	60	64	65
47	41	42
48	41	47
48	40	41
49	40	48	58	66	67
49	39	40	58	67	57
50	39	49	57	67	68
50	38	39	57	68	56
51	38	50	51	37	38
52	37	51	52	36	37
53	36	52	53	71	36	54	71	53	54	70	71
55	70	54	55	69	70
56	69	55	56	68	69
59	66	58
59	65	66
60	65	59

#	Normal	95
-0.00703113	0.0868394	-0.996198
-0.00702991	0.0868247	-0.996199
-0.0208622	0.257664	-0.966009
-0.0208657	0.257706	-0.965998
-0.0341396	0.421648	-0.906117
-0.0341342	0.421583	-0.906147
-0.0462692	0.571459	-0.819325
-0.0462758	0.571538	-0.819269
-0.057048	0.704583	-0.707325
-0.0661373	0.816842	-0.573058
-0.0731218	0.903105	-0.423148
-0.0731163	0.903041	-0.423287
-0.0779479	0.962715	-0.259046
-0.0804003	0.993004	-0.08648
-0.0804018	0.993019	-0.0863118
-0.0804006	0.993004	0.08648
-0.0804015	0.993019	0.0863118
-0.0779479	0.962715	0.259046
-0.0731215	0.903105	0.423148
-0.0731165	0.903041	0.423287
-0.0661373	0.816842	0.573058
-0.057048	0.704583	0.707325
-0.0462694	0.571459	0.819325
-0.0462756	0.571538	0.819269
-0.0341394	0.421648	0.906117
-0.0341343	0.421583	0.906147
-0.0208623	0.257664	0.966009
-0.0208656	0.257706	0.965998
-0.0070311	0.0868394	0.996198
-0.00702994	0.0868247	0.996199
0.00703113	-0.0868394	0.996198
0.0208657	-0.257706	0.965998
0.020907	-0.258228	0.965858
0.0341327	-0.421583	0.906147
0.0340697	-0.420785	0.906521
0.0462694	-0.571459	0.819325
0.0462756	-0.571538	0.819269
0.0571322	-0.705626	0.706278
0.0571256	-0.705541	0.706363
0.0660579	-0.815862	0.574461
0.0731864	-0.903904	0.421428
0.0779482	-0.962715	0.259046
0.0803871	-0.992837	0.0883884
0.0803871	-0.992837	-0.0883884
0.0779482	-0.962715	-0.259046
0.0731864	-0.903904	-0.421428
0.0660579	-0.815862	-0.574461
0.0571324	-0.705626	-0.706278
0.0571254	-0.705541	-0.706363
0.0462692	-0.571459	-0.819325
0.0462758	-0.571538	-0.819269
0.0341343	-0.421583	-0.906147
0.0340681	-0.420785	-0.906521
0.0208648	-0.257706	-0.965998
0.020908	-0.258228	-0.965858
0.00703113	-0.0868394	-0.996198
-2.37482e-006	-1.73767e-007	-0
-7.12445e-006	-5.79224e-007	0
-1.40331e-005	-1.1409e-006	-0
-2.29321e-005	-1.93953e-006	0
-3.35256e-005	-2.83549e-006	-0
-4.53679e-005	-3.66946e-006	0
-5.83254e-005	-4.7175e-006	-0
-7.20491e-005	-5.78966e-006	0
-8.58662e-005	-6.89996e-006	-0
-9.94106e-005	-7.92218e-006	0
-0.99684	-0.0794397	-0
-0.996704	-0.0811271	0
-0.996767	-0.0803494	0
-0.996618	-0.0821736	0
-0.996788	-0.0800803	0
-0.996753	-0.0805237	0
-0.996719	-0.0809401	0
-5.85399e-005	-4.7175e-006	0
-4.55347e-005	-3.66946e-006	-0
-3.33588e-005	-2.6687e-006	0
2.37482e-006	2.31689e-007	-0
7.12445e-006	5.79224e-007	0
1.40331e-005	1.1409e-006	-0
2.29321e-005	1.82544e-006	0
3.35256e-005	2.6687e-006	-0
4.53679e-005	3.66946e-006	0
5.83254e-005	4.7175e-006	-0
7.20491e-005	5.78966e-006	0
8.58662e-005	6.89996e-006	-0
9.94106e-005	8.17773e-006	0
0.996634	0.0819853	-0
0.996889	0.0788237	0
0.996591	0.0825064	0
0.996788	0.0800803	0
0.996767	0.0803494	0
0.996704	0.0811271	0
5.85399e-005	4.7175e-006	0
4.55347e-005	3.66946e-006	-0
3.33588e-005	2.6687e-006	0

#	Mesh	0	End

