#	Mesh	0	Begin

#	Vertex	72
90.7836	-46.4676	-13.7827
90.7808	-46.4679	-13.782
90.7781	-46.4681	-13.7807
90.7757	-46.4683	-13.779
90.7736	-46.4684	-13.7769
90.7719	-46.4686	-13.7745
90.7706	-46.4687	-13.7718
90.7699	-46.4687	-13.769
90.7696	-46.4688	-13.766
90.7699	-46.4687	-13.763
90.7706	-46.4687	-13.7602
90.7719	-46.4686	-13.7575
90.7736	-46.4684	-13.7551
90.7757	-46.4683	-13.753
90.7781	-46.4681	-13.7513
90.7808	-46.4679	-13.75
90.7836	-46.4676	-13.7493
90.7866	-46.4674	-13.749
90.7895	-46.4671	-13.7493
90.7923	-46.4669	-13.75
90.795	-46.4667	-13.7513
90.7974	-46.4665	-13.753
90.7995	-46.4663	-13.7551
90.8012	-46.4662	-13.7575
90.8025	-46.4661	-13.7602
90.8032	-46.466	-13.763
90.8035	-46.466	-13.766
90.8032	-46.466	-13.769
90.8025	-46.4661	-13.7718
90.8012	-46.4662	-13.7745
90.7995	-46.4663	-13.7769
90.7974	-46.4665	-13.779
90.795	-46.4667	-13.7807
90.7923	-46.4669	-13.782
90.7895	-46.4671	-13.7827
90.7866	-46.4674	-13.783
90.6539	-44.8659	-13.7827
90.6511	-44.8662	-13.782
90.6484	-44.8664	-13.7807
90.646	-44.8666	-13.779
90.6439	-44.8667	-13.7769
90.6422	-44.8669	-13.7745
90.6409	-44.867	-13.7718
90.6402	-44.867	-13.769
90.6399	-44.8671	-13.766
90.6402	-44.867	-13.763
90.6409	-44.867	-13.7602
90.6422	-44.8669	-13.7575
90.6439	-44.8667	-13.7551
90.646	-44.8666	-13.753
90.6484	-44.8664	-13.7513
90.6511	-44.8662	-13.75
90.6539	-44.8659	-13.7493
90.6569	-44.8657	-13.749
90.6598	-44.8654	-13.7493
90.6627	-44.8652	-13.75
90.6653	-44.865	-13.7513
90.6678	-44.8648	-13.753
90.6699	-44.8646	-13.7551
90.6715	-44.8645	-13.7575
90.6728	-44.8644	-13.7602
90.6736	-44.8643	-13.763
90.6738	-44.8643	-13.766
90.6736	-44.8643	-13.769
90.6728	-44.8644	-13.7718
90.6715	-44.8645	-13.7745
90.6699	-44.8646	-13.7769
90.6678	-44.8648	-13.779
90.6653	-44.865	-13.7807
90.6627	-44.8652	-13.782
90.6598	-44.8654	-13.7827
90.6569	-44.8657	-13.783

#	Triangle	96
35	36	71	0	36	35
0	37	36	1	37	0
1	38	37
2	38	1
2	39	38
3	39	2
3	40	39
4	40	3
4	41	40	5	41	4
5	42	41
6	42	5
6	43	42	7	43	6
7	44	43
8	44	7
8	45	44
9	45	8
9	46	45	10	46	9
10	47	46
11	47	10
11	48	47	12	48	11
12	49	48
13	49	12
13	50	49
14	50	13
14	51	50
15	51	14
15	52	51	16	52	15
16	53	52	17	53	16
17	54	53
18	54	17
18	55	54	19	55	18
19	56	55
20	56	19
20	57	56
21	57	20
21	58	57
22	58	21
22	59	58
23	59	22
23	60	59	24	60	23
24	61	60	25	61	24
25	62	61	26	62	25
26	63	62	27	63	26
27	64	63	28	64	27
28	65	64	29	65	28
29	66	65
30	66	29
30	67	66
31	67	30
31	68	67
32	68	31
32	69	68
33	69	32
33	70	69	34	70	33
34	71	70
35	71	34
7	9	8	26	25	27
6	9	7	27	25	24
6	10	9	27	24	28
5	10	6
5	11	10	28	23	29
4	11	5	29	23	22
4	12	11	29	22	30
3	12	4	30	22	21
3	13	12
2	13	3	31	21	20
2	14	13	31	20	32
1	14	2	32	20	19
1	15	14	32	19	33
0	15	1	33	19	18
0	16	15	33	18	34
35	16	0
35	17	16
34	17	35
34	18	17
30	21	31
28	24	23
45	43	44	62	63	61
46	43	45	61	63	64
46	42	43	61	64	60
47	42	46	60	64	65
47	41	42	60	65	59
48	41	47	59	65	66
48	40	41	59	66	58
49	40	48	58	66	67
49	39	40
50	39	49	57	67	68
50	38	39	57	68	56
51	38	50	56	68	69
51	37	38
52	37	51	55	69	70
52	36	37	55	70	54
53	36	52	54	70	71
53	71	36	54	71	53
56	69	55
58	67	57

#	Normal	96
-0.0866344	-0.00701469	-0.996215
-0.258293	-0.0209137	-0.96584
-0.421798	-0.0341525	-0.906047
-0.420753	-0.0340658	-0.906535
-0.571402	-0.0462629	-0.819365
-0.572683	-0.0463695	-0.818464
-0.705143	-0.0570947	-0.706763
-0.703834	-0.0569852	-0.708075
-0.816338	-0.066094	-0.57378
-0.903116	-0.0731199	-0.423125
-0.904118	-0.0732055	-0.420964
-0.962672	-0.0779465	-0.259203
-0.992937	-0.080397	-0.0872456
-0.992928	-0.0803961	-0.0873512
-0.992937	-0.0803968	0.0872456
-0.992928	-0.0803963	0.0873512
-0.962672	-0.0779465	0.259203
-0.903116	-0.0731243	0.423125
-0.904119	-0.0732011	0.420964
-0.816338	-0.066094	0.57378
-0.705143	-0.0570912	0.706763
-0.703834	-0.0569886	0.708075
-0.571402	-0.0462658	0.819365
-0.572683	-0.0463666	0.818464
-0.421798	-0.0341504	0.906047
-0.420753	-0.0340679	0.906535
-0.258293	-0.0209137	0.96584
-0.0866344	-0.00701469	0.996215
0.0866344	0.00701469	0.996215
0.0868616	0.00703266	0.996196
0.258293	0.0209124	0.96584
0.420753	0.0340659	0.906535
0.420794	0.0340691	0.906516
0.572683	0.0463666	0.818464
0.571452	0.0462697	0.81933
0.703834	0.0569885	0.708075
0.70509	0.0570869	0.706816
0.817569	0.0661937	0.572014
0.816338	0.066098	0.57378
0.903116	0.0731243	0.423125
0.962672	0.0779465	0.259203
0.992937	0.080397	0.0872456
0.992937	0.080397	-0.0872456
0.962672	0.0779465	-0.259203
0.903116	0.0731243	-0.423125
0.817568	0.0661976	-0.572014
0.816338	0.066094	-0.57378
0.703834	0.0569852	-0.708075
0.70509	0.0570902	-0.706816
0.572683	0.0463694	-0.818464
0.571452	0.0462669	-0.81933
0.420753	0.0340658	-0.906535
0.420794	0.0340692	-0.906516
0.258293	0.0209124	-0.96584
0.0866344	0.00701427	-0.996215
0.0868616	0.00703308	-0.996196
1.38382e-007	-1.5222e-006	-0
3.69019e-007	-4.52048e-006	-0
7.26807e-007	-8.90338e-006	-0
1.18106e-006	-1.44453e-005	-0
1.72656e-006	-2.11172e-005	-0
2.32422e-006	-2.88203e-005	-0
2.98805e-006	-3.70518e-005	-0
3.67104e-006	-4.57599e-005	-0
4.37473e-006	-5.45316e-005	-0
5.0869e-006	-6.28741e-005	-0
5.75104e-006	-7.10828e-005	-0
6.44116e-006	-7.89042e-005	-0
6.98889e-006	-8.56139e-005	-0
7.3633e-006	-9.11052e-005	-0
7.7171e-006	-9.54828e-005	-0
7.9787e-006	-9.86219e-005	-0
0.0806384	-0.996743	-0
0.0808515	-0.996726	-0
7.9787e-006	-9.83604e-005	-0
4.47647e-006	-5.43281e-005	-0
1.18106e-006	-1.45361e-005	-0
-1.15318e-007	1.5222e-006	-0
-3.69019e-007	4.52048e-006	-0
-7.26807e-007	8.90338e-006	-0
-1.18106e-006	1.45361e-005	-0
-1.72656e-006	2.125e-005	-0
-2.32422e-006	2.88203e-005	-0
-2.98805e-006	3.70518e-005	-0
-3.67104e-006	4.55891e-005	-0
-4.37473e-006	5.43281e-005	-0
-5.18864e-006	6.30775e-005	-0
-5.86606e-006	7.13129e-005	-0
-6.32614e-006	7.86742e-005	-0
-6.86409e-006	8.53643e-005	-0
-7.3633e-006	9.11052e-005	-0
-7.7171e-006	9.54828e-005	-0
-7.9787e-006	9.86219e-005	-0
-0.0806384	0.996743	-0
-6.98889e-006	8.56139e-005	-0
-4.37473e-006	5.45316e-005	-0

#	Mesh	0	End

