#	Mesh	0	Begin

#	Vertex	92
98.8124	-94.6468	-13.811
98.8094	-94.647	-13.811
98.8789	-95.5042	-13.811
98.8819	-95.504	-13.811
98.8124	-94.6468	-13.351
98.8094	-94.647	-13.351
98.8789	-95.5042	-13.351
98.8819	-95.504	-13.351
98.9183	-95.5157	-13.811
98.9206	-95.5177	-13.811
99.4776	-94.8624	-13.811
99.4753	-94.8605	-13.811
98.9183	-95.5157	-13.351
98.9206	-95.5177	-13.351
99.4776	-94.8624	-13.351
99.4753	-94.8605	-13.351
98.8148	-94.6767	-13.781
98.8794	-95.4741	-13.781
98.8829	-95.4739	-13.781
98.8864	-95.4738	-13.781
98.8899	-95.4739	-13.781
98.8934	-95.4742	-13.781
98.8969	-95.4746	-13.781
98.9003	-95.4751	-13.781
98.9037	-95.4758	-13.781
98.9071	-95.4767	-13.781
98.9105	-95.4777	-13.781
98.9138	-95.4788	-13.781
98.917	-95.4801	-13.781
98.9202	-95.4815	-13.781
98.9233	-95.4831	-13.781
98.9264	-95.4848	-13.781
98.9293	-95.4866	-13.781
98.9322	-95.4886	-13.781
98.935	-95.4907	-13.781
98.9377	-95.4929	-13.781
99.4559	-94.8833	-13.781
99.4261	-94.8591	-13.781
99.3953	-94.8362	-13.781
99.3635	-94.8147	-13.781
99.3308	-94.7945	-13.781
99.2972	-94.7759	-13.781
99.2629	-94.7587	-13.781
99.2279	-94.743	-13.781
99.1922	-94.7288	-13.781
99.1559	-94.7163	-13.781
99.1191	-94.7053	-13.781
99.0819	-94.6959	-13.781
99.0443	-94.6882	-13.781
99.0064	-94.6821	-13.781
98.9682	-94.6777	-13.781
98.9299	-94.6749	-13.781
98.8916	-94.6738	-13.781
98.8532	-94.6744	-13.781
98.8148	-94.6767	-13.381
98.8794	-95.4741	-13.381
98.8829	-95.4739	-13.381
98.8864	-95.4738	-13.381
98.8899	-95.4739	-13.381
98.8934	-95.4742	-13.381
98.8969	-95.4746	-13.381
98.9003	-95.4751	-13.381
98.9037	-95.4758	-13.381
98.9071	-95.4767	-13.381
98.9105	-95.4777	-13.381
98.9138	-95.4788	-13.381
98.917	-95.4801	-13.381
98.9202	-95.4815	-13.381
98.9233	-95.4831	-13.381
98.9264	-95.4848	-13.381
98.9293	-95.4866	-13.381
98.9322	-95.4886	-13.381
98.935	-95.4907	-13.381
98.9377	-95.4929	-13.381
99.4559	-94.8833	-13.381
99.4261	-94.8591	-13.381
99.3953	-94.8362	-13.381
99.3635	-94.8147	-13.381
99.3308	-94.7945	-13.381
99.2972	-94.7759	-13.381
99.2629	-94.7587	-13.381
99.2279	-94.743	-13.381
99.1922	-94.7288	-13.381
99.1559	-94.7163	-13.381
99.1191	-94.7053	-13.381
99.0819	-94.6959	-13.381
99.0443	-94.6882	-13.381
99.0064	-94.6821	-13.381
98.9682	-94.6777	-13.381
98.9299	-94.6749	-13.381
98.8916	-94.6738	-13.381
98.8532	-94.6744	-13.381

#	Triangle	48
3	4	7	0	4	3
0	5	4	1	5	0
1	6	5	2	6	1
2	7	6	3	7	2
3	1	0	2	1	3	11	9	8	10	9	11	53	17	16	52	17	53	51	17	52	50	17	51	49	17	50	48	17	49	47	17	48	46	17	47	45	17	46	44	17	45	43	17	44	42	17	43	41	17	42	40	17	41	39	17	40	38	17	39	37	17	38	36	17	37	35	34	36	34	33	36	33	32	36	32	31	36	31	30	36	30	29	36	29	28	36	28	27	36	27	26	36	26	25	36	25	24	36	24	23	36	23	22	36	22	21	36	21	20	36	20	19	36	19	18	36	18	17	36
4	6	7	5	6	4	12	14	15	13	14	12	55	91	54	55	90	91	55	89	90	55	88	89	55	87	88	55	86	87	55	85	86	55	84	85	55	83	84	55	82	83	55	81	82	55	80	81	55	79	80	55	78	79	55	77	78	55	76	77	55	75	76	55	74	75	55	56	74	56	57	74	57	58	74	58	59	74	59	60	74	60	61	74	61	62	74	62	63	74	63	64	74	64	65	74	65	66	74	66	67	74	67	68	74	68	69	74	69	70	74	70	71	74	71	72	74	72	73	74
11	12	15	8	12	11
8	13	12	9	13	8
9	14	13	10	14	9
10	15	14	11	15	10
53	54	91	16	54	53
16	55	54	17	55	16
17	56	55	18	56	17
18	57	56	19	57	18
19	58	57	20	58	19
20	59	58	21	59	20
21	60	59	22	60	21
22	61	60	23	61	22
23	62	61	24	62	23
24	63	62	25	63	24
25	64	63	26	64	25
26	65	64	27	65	26
27	66	65	28	66	27
28	67	66	29	67	28
29	68	67	30	68	29
30	69	68	31	69	30
31	70	69	32	70	31
32	71	70	33	71	32
33	72	71	34	72	33
34	73	72	35	73	34
35	74	73	36	74	35
36	75	74	37	75	36
37	76	75	38	76	37
38	77	76	39	77	38
39	78	77	40	78	39
40	79	78	41	79	40
41	80	79	42	80	41
42	81	80	43	81	42
43	82	81	44	82	43
44	83	82	45	83	44
45	84	83	46	84	45
46	85	84	47	85	46
47	86	85	48	86	47
48	87	86	49	87	48
49	88	87	50	88	49
50	89	88	51	89	50
51	90	89	52	90	51
52	91	90	53	91	52

#	Normal	48
0.996734	0.0807598	-0
-0.0806761	0.99674	-0
-0.996734	-0.0807598	0
0.0806761	-0.99674	-0
-0	-0	-1
-0	0	1
-0.761901	0.647693	-0
-0.647573	-0.762003	0
0.76191	-0.647683	-0
0.647345	0.762197	-0
-0.0590083	0.998257	-0
-0.996733	-0.0807613	0
0.0604275	-0.998173	-0
0.0134517	-0.99991	-0
-0.026836	-0.99964	0
-0.0715649	-0.997436	0
-0.116581	-0.993181	0
-0.156422	-0.98769	0
-0.201716	-0.979444	0
-0.244116	-0.969746	0
-0.285913	-0.958256	0
-0.328955	-0.944346	0
-0.367524	-0.930014	0
-0.409249	-0.912423	0
-0.44811	-0.893979	0
-0.485263	-0.874368	0
-0.524347	-0.851504	0
-0.561392	-0.82755	0
-0.597848	-0.801609	0
-0.629327	-0.777141	0
0.761901	-0.647693	-0
0.63083	0.775921	-0
0.59638	0.802702	-0
0.561024	0.8278	-0
0.524188	0.851602	-0
0.486644	0.8736	-0
0.448109	0.893979	-0
0.408553	0.912734	-0
0.368301	0.929706	-0
0.327621	0.944809	-0
0.28591	0.958256	-0
0.243972	0.969782	-0
0.201435	0.979502	-0
0.158324	0.987387	-0
0.115365	0.993323	-0
0.0718254	0.997417	-0
0.0280834	0.999606	-0
-0.0152607	0.999884	-0

#	Mesh	0	End

