#	Mesh	0	Begin

#	Vertex	72
59.7928	5.74833	1.21784
59.802	5.74908	1.22032
59.8107	5.74978	1.22437
59.8185	5.75041	1.22987
59.8253	5.75096	1.23665
59.8308	5.75141	1.2445
59.8348	5.75173	1.25319
59.8373	5.75193	1.26245
59.8381	5.752	1.272
59.8373	5.75193	1.28155
59.8348	5.75173	1.29081
59.8308	5.75141	1.2995
59.8253	5.75096	1.30735
59.8185	5.75041	1.31413
59.8107	5.74978	1.31963
59.802	5.74908	1.32368
59.7928	5.74833	1.32616
59.7833	5.74756	1.327
59.7738	5.74679	1.32616
59.7645	5.74604	1.32368
59.7559	5.74534	1.31963
59.748	5.7447	1.31413
59.7413	5.74416	1.30735
59.7358	5.74371	1.2995
59.7318	5.74338	1.29081
59.7293	5.74318	1.28155
59.7285	5.74312	1.272
59.7293	5.74318	1.26245
59.7318	5.74338	1.25319
59.7358	5.74371	1.2445
59.7413	5.74416	1.23665
59.748	5.7447	1.22987
59.7559	5.74534	1.22437
59.7645	5.74604	1.22032
59.7738	5.74679	1.21784
59.7833	5.74756	1.217
59.9748	3.50269	1.21784
59.984	3.50344	1.22032
59.9926	3.50414	1.22437
60.0005	3.50478	1.22987
60.0072	3.50532	1.23665
60.0127	3.50577	1.2445
60.0168	3.50609	1.25319
60.0192	3.50629	1.26245
60.0201	3.50636	1.272
60.0192	3.50629	1.28155
60.0168	3.50609	1.29081
60.0127	3.50577	1.2995
60.0072	3.50532	1.30735
60.0005	3.50478	1.31413
59.9926	3.50414	1.31963
59.984	3.50344	1.32368
59.9748	3.50269	1.32616
59.9652	3.50192	1.327
59.9557	3.50115	1.32616
59.9465	3.5004	1.32368
59.9378	3.4997	1.31963
59.93	3.49906	1.31413
59.9232	3.49852	1.30735
59.9178	3.49807	1.2995
59.9137	3.49775	1.29081
59.9113	3.49755	1.28155
59.9104	3.49748	1.272
59.9113	3.49755	1.26245
59.9137	3.49775	1.25319
59.9178	3.49807	1.2445
59.9232	3.49852	1.23665
59.93	3.49906	1.22987
59.9378	3.4997	1.22437
59.9465	3.5004	1.22032
59.9557	3.50115	1.21784
59.9652	3.50192	1.217

#	Triangle	85
35	36	71	0	36	35
0	37	36
1	37	0
1	38	37	2	38	1
2	39	38	3	39	2
3	40	39
4	40	3
4	41	40
5	41	4
5	42	41	6	42	5
6	43	42
7	43	6
7	44	43	8	44	7
8	45	44	9	45	8
9	46	45
10	46	9
10	47	46	11	47	10
11	48	47
12	48	11
12	49	48
13	49	12
13	50	49	14	50	13
14	51	50	15	51	14
15	52	51
16	52	15
16	53	52	17	53	16
17	54	53	18	54	17
18	55	54
19	55	18
19	56	55
20	56	19
20	57	56
21	57	20
21	58	57
22	58	21
22	59	58
23	59	22
23	60	59	24	60	23
24	61	60
25	61	24
25	62	61	26	62	25
26	63	62	27	63	26
27	64	63
28	64	27
28	65	64	29	65	28
29	66	65
30	66	29
30	67	66
31	67	30
31	68	67
32	68	31
32	69	68
33	69	32
33	70	69
34	70	33
34	71	70	35	71	34
7	9	8	26	25	27
6	9	7	27	25	24
6	10	9	27	24	28
5	10	6	5	11	10
4	11	5	4	12	11
3	12	4	3	13	12
2	13	3	2	14	13
1	14	2	1	15	14
0	15	1	0	16	15	33	18	34	33	19	18
35	16	0	35	17	16	34	17	35	34	18	17
32	19	33	32	20	19
31	20	32	31	21	20
30	21	31	30	22	21
29	22	30	29	23	22
28	23	29	28	24	23
45	43	44	62	63	61
46	43	45	61	63	64
46	42	43	61	64	60
47	42	46	47	41	42
48	41	47	48	40	41
49	40	48	49	39	40
50	39	49	50	38	39	57	68	56	57	67	68
51	38	50	51	37	38	56	69	55	56	68	69
52	37	51	52	36	37	55	70	54	55	69	70
53	36	52	53	71	36
54	71	53	54	70	71
58	67	57	58	66	67
59	66	58	59	65	66
60	65	59	60	64	65

#	Normal	85
0.08687	0.00703865	-0.996195
0.257966	0.0209017	-0.965928
0.257967	0.0209018	-0.965928
0.421257	0.0341324	-0.906299
0.571677	0.0463202	-0.81917
0.704958	0.0571193	-0.706945
0.704957	0.0571193	-0.706946
0.81631	0.0661416	-0.573815
0.816311	0.0661417	-0.573813
0.903478	0.0732044	-0.422337
0.962684	0.0780016	-0.259142
0.962684	0.0780016	-0.259144
0.992948	0.0804537	-0.087071
0.992948	0.0804537	0.087071
0.962684	0.0780016	0.259142
0.962684	0.0780016	0.259144
0.903478	0.0732044	0.422337
0.81631	0.0661416	0.573815
0.816311	0.0661417	0.573813
0.704958	0.0571193	0.706945
0.704957	0.0571193	0.706946
0.571677	0.0463202	0.81917
0.421257	0.0341324	0.906299
0.257966	0.0209017	0.965928
0.257967	0.0209018	0.965928
0.08687	0.00703865	0.996195
-0.0868702	-0.00703866	0.996195
-0.257966	-0.0209017	0.965928
-0.257967	-0.0209018	0.965928
-0.421257	-0.0341324	0.906299
-0.421256	-0.0341323	0.906299
-0.571677	-0.0463202	0.81917
-0.571679	-0.0463203	0.819169
-0.704756	-0.0571029	0.707148
-0.704755	-0.0571029	0.707149
-0.8165	-0.066157	0.573542
-0.816501	-0.0661571	0.573541
-0.903323	-0.0731918	0.422671
-0.962786	-0.0780098	0.258763
-0.962785	-0.0780098	0.258765
-0.992948	-0.0804537	0.087071
-0.992948	-0.0804537	-0.087071
-0.962786	-0.0780098	-0.258763
-0.962785	-0.0780098	-0.258765
-0.903323	-0.0731918	-0.422671
-0.8165	-0.066157	-0.573542
-0.816501	-0.0661571	-0.573541
-0.704756	-0.0571029	-0.707148
-0.704755	-0.0571029	-0.707149
-0.571677	-0.0463202	-0.81917
-0.571679	-0.0463203	-0.819169
-0.421257	-0.0341324	-0.906299
-0.421256	-0.0341323	-0.906299
-0.257966	-0.0209017	-0.965928
-0.257967	-0.0209018	-0.965928
-0.0868702	-0.00703867	-0.996195
-1.2871e-006	1.58929e-005	-0
-3.83332e-006	4.73056e-005	-0
-7.55018e-006	9.3174e-005	-0
-0.0808094	0.99673	-0
-0.0806658	0.996741	-0
-0.0808507	0.996726	-0
-0.0807608	0.996734	-0
-0.080757	0.996734	-0
-0.0807238	0.996737	-0
-0.0807774	0.996732	-0
-0.0808129	0.996729	-0
-0.080699	0.996739	-0
-0.0808043	0.99673	-0
-0.0807229	0.996737	-0
-0.0807317	0.996736	-0
1.2871e-006	-1.58929e-005	-0
3.82866e-006	-4.73056e-005	-0
7.541e-006	-9.3174e-005	-0
0.0808094	-0.99673	-0
0.0807098	-0.996738	-0
0.0808149	-0.996729	-0
0.0807608	-0.996734	-0
0.080757	-0.996734	-0
0.08075	-0.996734	-0
0.0807774	-0.996732	-0
0.080752	-0.996734	-0
0.0807685	-0.996733	-0
0.080767	-0.996733	-0
0.0807317	-0.996736	-0

#	Mesh	0	End

