#	Mesh	0	Begin

#	Vertex	192
80.653	101.769	-3.91215
80.6548	101.748	-3.90928
80.6564	101.727	-3.90088
80.6578	101.71	-3.8875
80.6589	101.697	-3.87007
80.6596	101.688	-3.84978
80.6598	101.686	-3.828
80.6596	101.688	-3.80622
80.6589	101.697	-3.78593
80.6578	101.71	-3.7685
80.6564	101.727	-3.75512
80.6548	101.748	-3.74672
80.653	101.769	-3.74385
80.6513	101.791	-3.74672
80.6496	101.811	-3.75512
80.6482	101.829	-3.7685
80.6471	101.842	-3.78593
80.6465	101.85	-3.80622
80.6462	101.853	-3.828
80.6465	101.85	-3.84978
80.6471	101.842	-3.87007
80.6482	101.829	-3.8875
80.6496	101.811	-3.90088
80.6513	101.791	-3.90928
80.7696	101.931	-3.90928
80.7494	101.929	-3.90088
80.7321	101.928	-3.8875
80.7188	101.927	-3.87007
80.7104	101.926	-3.84978
80.7075	101.926	-3.828
80.7104	101.926	-3.80622
80.7188	101.927	-3.78593
80.7321	101.928	-3.7685
80.7494	101.929	-3.75512
80.7696	101.931	-3.74672
80.7914	101.933	-3.74385
80.813	101.935	-3.74672
80.8333	101.937	-3.75512
80.8506	101.938	-3.7685
80.864	101.939	-3.78593
80.8723	101.94	-3.80622
80.8752	101.94	-3.828
80.8723	101.94	-3.84978
80.864	101.939	-3.87007
80.8506	101.938	-3.8875
80.8333	101.937	-3.90088
80.813	101.935	-3.90928
80.7914	101.933	-3.91215
80.6977	101.707	-3.78105
80.7087	101.724	-3.76569
80.6804	101.69	-3.828
80.7117	101.696	-3.828
80.7992	101.748	-3.81246
80.8023	101.749	-3.828
80.8194	101.769	-3.81218
80.7062	101.698	-3.80189
80.6905	101.783	-3.74402
80.6985	101.808	-3.74764
80.671	101.802	-3.74908
80.7774	101.732	-3.80535
80.76	101.717	-3.828
80.7812	101.733	-3.828
80.7444	101.711	-3.80794
80.7405	101.719	-3.78624
80.8554	101.855	-3.78624
80.8487	101.817	-3.80535
80.8631	101.853	-3.80515
80.7111	101.891	-3.79006
80.7768	101.798	-3.75
80.7842	101.826	-3.74636
80.7592	101.81	-3.74449
80.8454	101.855	-3.77283
80.8608	101.9	-3.78105
80.7061	101.897	-3.80852
80.6908	101.76	-3.74541
80.8456	101.886	-3.76569
80.6962	101.74	-3.75253
80.7319	101.743	-3.75885
80.7962	101.77	-3.77463
80.7948	101.79	-3.76069
80.7624	101.748	-3.76855
80.6876	101.866	-3.80066
80.6696	101.851	-3.79205
80.6714	101.86	-3.828
80.8393	101.816	-3.7857
80.761	101.882	-3.74764
80.7721	101.854	-3.74396
80.7842	101.894	-3.74402
80.6806	101.824	-3.75811
80.7163	101.836	-3.7529
80.6998	101.84	-3.76185
80.7423	101.895	-3.75793
80.6806	101.841	-3.77221
80.8368	101.793	-3.81246
80.8486	101.813	-3.828
80.8275	101.895	-3.75253
80.7259	101.801	-3.74399
80.8065	101.897	-3.74541
80.6953	101.861	-3.7823
80.8335	101.795	-3.79743
80.8672	101.862	-3.828
80.8703	101.892	-3.80189
80.7433	101.833	-3.74558
80.7623	101.91	-3.74908
80.7287	101.877	-3.76299
80.7255	101.897	-3.77264
80.8738	101.888	-3.828
80.8746	101.919	-3.828
80.7046	101.9	-3.828
80.692	101.877	-3.828
80.7359	101.706	-3.828
80.7393	101.862	-3.75233
80.8056	101.825	-3.75356
80.8013	101.855	-3.74677
80.739	101.729	-3.77283
80.7761	101.742	-3.7857
80.7627	101.767	-3.75638
80.8203	101.859	-3.75317
80.8345	101.86	-3.76158
80.8199	101.797	-3.77564
80.7119	101.861	-3.7675
80.7565	101.856	-3.74603
80.7315	101.773	-3.74677
80.7212	101.821	-3.74733
80.7959	101.751	-3.79743
80.8364	101.789	-3.828
80.8307	101.829	-3.76855
80.8142	101.774	-3.79163
80.8607	101.836	-3.828
80.8194	101.769	-3.828
80.6811	101.824	-3.89794
80.6919	101.806	-3.90802
80.7479	101.754	-3.89819
80.7409	101.772	-3.90764
80.7801	101.774	-3.89508
80.6843	101.782	-3.91192
80.6829	101.704	-3.8766
80.7208	101.793	-3.91215
80.7007	101.697	-3.85486
80.7402	101.712	-3.85455
80.6876	101.866	-3.85534
80.846	101.895	-3.89113
80.8267	101.879	-3.90245
80.8269	101.912	-3.90444
80.7075	101.826	-3.90426
80.8029	101.755	-3.85261
80.7619	101.889	-3.90802
80.6674	101.838	-3.88194
80.6944	101.761	-3.91049
80.8137	101.774	-3.86579
80.8194	101.799	-3.88203
80.8371	101.813	-3.87072
80.6998	101.722	-3.89113
80.7759	101.733	-3.85542
80.7882	101.75	-3.86832
80.703	101.868	-3.87485
80.6796	101.852	-3.86991
80.8065	101.894	-3.91049
80.6797	101.738	-3.90444
80.7121	101.744	-3.90245
80.7529	101.74	-3.88582
80.7155	101.711	-3.87287
80.8102	101.815	-3.89715
80.803	101.846	-3.90764
80.8194	101.846	-3.90086
80.712	101.894	-3.86546
80.7582	101.73	-3.87111
80.7062	101.897	-3.84725
80.7221	101.883	-3.88534
80.8291	101.783	-3.848
80.7264	101.908	-3.88189
80.7052	101.841	-3.89629
80.7122	101.86	-3.88908
80.7263	101.848	-3.90244
80.7843	101.9	-3.91192
80.8605	101.915	-3.8766
80.779	101.803	-3.90671
80.7424	101.896	-3.89794
80.759	101.819	-3.91202
80.7291	101.822	-3.90998
80.8477	101.818	-3.85542
80.8519	101.844	-3.8695
80.863	101.857	-3.85455
80.8372	101.84	-3.88582
80.8706	101.898	-3.85486
80.7949	101.768	-3.88118
80.7514	101.852	-3.90936
80.8597	101.881	-3.87287
80.7799	101.862	-3.91215
80.7314	101.872	-3.89681
80.7424	101.865	-3.90434
80.6918	101.846	-3.88542

#	Triangle	368
1	23	0
2	23	1
2	22	23
3	22	2
3	21	22
4	21	3	9	15	16
4	20	21	9	16	8
5	20	4
5	19	20
6	19	5	7	17	18
6	18	19	7	18	6
8	17	7
8	16	17
10	15	9
10	14	15
11	14	10
11	13	14
12	13	11
24	46	47
25	46	24	34	36	37
25	45	46	34	37	33
26	45	25	33	37	38
26	44	45	33	38	32
27	44	26
27	43	44
28	43	27	31	39	40
28	42	43	31	40	30
29	42	28
29	41	42
30	41	29
30	40	41
32	39	31
32	38	39
35	36	34
49	9	48
6	51	7
50	51	6	41	106	107
54	52	53
7	55	8
51	55	7
58	56	57
9	8	48
61	59	60
63	55	62
66	64	65
10	9	49
30	67	31
70	68	69
72	71	64
67	30	73
12	11	74
37	75	38
58	14	13
76	10	49
76	49	77
80	78	79
82	81	17
18	17	83
81	83	17
84	65	64
87	85	86
90	88	89
91	33	32
15	88	92
65	93	94
95	75	37
96	57	56
35	97	36
81	82	98
65	99	93
101	66	100
70	86	102
87	35	34
87	34	103
39	101	40
72	75	71
72	39	38
81	98	67
66	101	64
105	104	91
40	106	41
88	15	14
39	72	101
88	57	89
73	29	108
16	15	92
109	81	73
16	82	17
83	81	109
62	110	60
32	105	91
67	73	81
111	85	91
36	95	37
11	10	76
113	69	112
103	91	85
33	103	34
114	49	48
63	48	55
30	29	73
115	63	59
56	13	12
77	80	116
118	95	117
119	79	78
105	32	31
111	120	89
102	86	121
113	97	87
12	74	56
96	122	70
77	49	114
122	74	76
36	97	95
117	113	112
14	58	88
89	57	123
105	31	67
67	120	105
8	55	48
114	48	63
38	75	72
64	101	72
102	121	111
120	92	90
35	87	97
117	97	113
11	76	74
122	56	74
96	102	123
86	113	87
68	122	116
69	86	70
56	122	96
70	102	96
124	52	54
114	115	80
84	64	71
54	125	93
104	111	91
89	102	111
79	116	80
77	122	76
79	68	116
116	122	77
112	68	79
70	122	68
112	79	126
97	117	95
117	112	126
118	126	71
82	16	92
120	98	92
82	92	98
120	67	98
68	112	69
113	86	69
115	59	124
127	78	115
126	119	84
84	99	65
101	106	40
124	54	127
33	91	103
85	87	103
13	56	58
57	88	58
60	59	62
110	55	51
101	100	106
109	73	108
63	115	114
80	77	114
80	115	78
127	99	119
126	79	119
78	127	119
75	118	71
126	84	71
75	95	118
117	126	118
104	105	120
120	111	104
57	96	123
123	102	89
92	88	90
90	89	120
121	86	85
85	111	121
52	124	59
53	52	61
65	94	128
124	127	115
59	61	52
129	54	53	125	54	129
84	119	99
127	54	99
99	54	93
125	94	93
59	63	62
55	110	62
66	65	128
128	100	66
131	22	130
134	132	133
135	0	23
4	3	136
137	135	131
22	131	23
19	18	83
110	138	139
140	19	83
143	141	142
131	130	144
145	129	53
25	24	146
21	20	147
136	138	4
0	148	1
5	138	50
151	149	150
2	152	3
130	22	21
145	153	154
156	140	155
47	46	157
4	138	5
152	2	158
133	159	148
152	160	161
158	2	1
164	162	163
165	28	27
83	109	140
160	154	166
28	165	167
165	168	155
29	28	167
156	19	140
94	125	169
170	27	26
173	171	172
141	45	44
46	143	157
146	24	174
43	175	44
47	174	24
176	163	162
177	26	25
179	178	137
143	46	45
182	180	181
61	60	153
176	162	134
165	27	170
145	169	129
158	148	159
183	142	141
177	25	146
106	184	107
160	185	154
179	173	186
175	184	187
184	43	42
188	157	163
181	187	182
179	137	131
168	177	189
109	108	167
138	161	139
179	131	144
184	182	187
155	168	172
29	167	108
44	175	141
187	183	141
142	163	157
188	174	157
162	164	183
178	163	176
107	184	42
182	184	100
159	160	152
161	136	152
0	135	148
133	137	178
148	137	133
134	133	176
161	166	139
107	42	41
21	147	130
173	144	171
190	186	173
168	170	177
162	183	150
134	150	185
150	134	162
132	134	160
23	131	135
137	148	135
47	157	174
188	146	174
110	139	60
128	180	182
153	145	61
138	110	51
189	190	173
133	178	176
179	186	178
188	163	178
186	146	188
188	178	186
151	183	181
185	150	149
149	154	185
185	160	134
149	145	154
166	154	153
153	139	166
166	161	160
169	145	149
61	145	53
149	151	169
94	180	128
180	151	181
181	183	187
169	151	180
150	183	151
191	156	155
155	140	165
191	147	156
20	19	156
167	165	140
140	109	167
191	171	130
173	179	144
144	130	171
191	172	171
191	155	172
189	172	168
51	50	138
5	50	6
20	156	147
191	130	147
26	177	170
168	165	170
45	141	143
142	157	143
43	184	175
187	141	175
1	148	158
159	152	158
3	152	136
161	138	136
139	153	60
180	94	169
190	177	146
173	172	189
189	177	190
190	146	186
164	163	142
142	183	164
132	160	159
159	133	132
106	100	184
182	100	128
129	169	125

#	Normal	368
-0.996722	-0.0808928	-0.00146814
-0.996723	-0.0808929	-0.000111512
-0.996725	-0.0808632	0.000114749
-0.996725	-0.0808632	-0.00025079
-0.996729	-0.0808123	0.000137029
-0.996729	-0.0808123	-0.000142197
-0.996732	-0.0807784	0.000116105
-0.996732	-0.0807784	4.66525e-005
-0.996731	-0.0807862	-1.23392e-005
-0.996731	-0.0807862	0.00011988
-0.996729	-0.0808171	-0.000115793
-0.996731	-0.0807862	-4.3437e-005
-0.996732	-0.0807784	1.55577e-005
-0.996729	-0.0808123	0.000184239
-0.996725	-0.0808632	-0.00020355
-0.996725	-0.0808632	3.96012e-005
-0.996723	-0.0808929	-0.000186687
-0.996722	-0.0808928	0.00146814
-0.0867999	0.996226	-0.000118256
-0.0867999	0.996226	-0.00045282
-0.0867097	0.996234	0.000234408
-0.0867097	0.996234	0.000350684
-0.0867883	0.996227	-0.000247985
-0.0867883	0.996227	-0.000238668
-0.0867268	0.996232	0.000230188
-0.0867268	0.996232	-0.000123758
-0.086696	0.996235	0.000110959
-0.086696	0.996235	5.33709e-005
-0.0867137	0.996233	-8.2125e-005
-0.0867137	0.996233	-5.10201e-005
-0.086696	0.996235	8.44695e-005
-0.0867268	0.996232	0.000191311
-0.0867883	0.996227	-0.000277572
-0.0867999	0.996226	0.000118256
0.152837	-0.710054	0.687361
0.190596	-0.973049	0.1298
0	-0	2.11487e-007
0.718889	-0.687458	0.102959
0.159393	-0.910676	0.381133
0.194616	-0.970812	0.140173
-0.0882028	0.171136	0.981291
0.121025	-0.784874	0.607722
0.598756	-0.797654	0.0723854
0.354091	-0.858869	0.370085
0.8581	-0.340123	0.384683
0.117431	-0.599724	0.791543
-0.915498	0.152434	0.372328
0.182332	-0.174581	0.967614
0.7912	-0.165226	0.588815
-0.948177	0.116171	0.295744
0.0100053	-0.130122	0.991447
0.611057	-0.0156544	0.791431
-0.0950399	0.375354	0.921996
0.12484	-0.564567	0.815891
0.191017	-0.524694	0.829584
0.448303	-0.487248	0.749409
-0.356648	0.743283	0.56598
-0.272105	0.953698	0.128137
-0.355451	0.934397	0.0236165
0.84707	-0.347042	0.402535
-0.183155	0.0576255	0.981394
-0.291792	0.515101	0.805933
-0.612511	0.0631481	0.787936
-0.152399	0.615164	0.77353
0.886102	-0.457787	0.072491
0.577489	-0.0288826	0.815887
-0.0884559	0.171213	0.981255
0.129994	0.0118432	0.991444
-0.464486	0.783788	0.412224
0.828555	-0.488582	0.273466
0.976459	-0.187578	0.1065
-0.06001	0.00534108	0.998183
-0.132641	0.019798	0.990966
-0.24161	-0.0243246	0.970069
0.924441	-0.00522077	0.381288
0.767619	-0.150753	0.622925
0.793909	0.0117332	0.607924
-0.740312	0.500373	0.44896
0.900984	-0.19696	0.386567
-0.616692	0.263325	0.741856
0.991253	-0.0254919	0.129491
-0.160417	0.594014	0.788298
0.907733	-0.0203202	0.419056
-0.244078	0.327892	0.91264
-0.989923	0.109497	0.0897928
-0.231315	0.765838	0.599988
-0.848282	0.524416	0.0735287
-0.243348	0.893576	0.377232
-0.60902	0.765575	0.207342
0.40592	-0.912139	0.056849
-0.656334	0.0386208	0.753482
-0.75216	0.543133	0.373178
-0.368036	0.18821	0.910564
0.383569	0.00474657	0.9235
0.0593336	-0.379015	0.923487
0.306164	-0.165827	0.937425
-0.444027	0.065755	0.893597
-0.386037	0.0309942	0.921963
0.276642	-0.731748	0.622908
0.303888	-0.838335	0.4526
-0.982676	0.134533	0.127469
0.483584	-0.777283	0.402464
-0.04165	0.127527	0.99096
0.335193	-0.503433	0.796367
0.51181	-0.116478	0.851166
0.553817	-0.447476	0.702177
-0.79422	0.0884351	0.60116
-0.461707	0.38633	0.798483
-0.119523	0.0887331	0.988858
0.0684953	-0.0407597	0.996818
0.0265912	-0.0611734	0.997773
0.0394709	-0.0894454	0.995209
0.282814	-0.604994	0.74431
0.120865	-0.298329	0.94678
0.318723	-0.0225525	0.94758
0.34285	-0.158143	0.925983
-0.0757442	0.410463	0.908726
-0.192595	0.299166	0.934562
-0.783916	0.0962371	0.613363
-0.775433	0.36264	0.51691
0.171554	-0.891588	0.419095
0.294923	-0.752673	0.588645
0.725486	-0.0321009	0.687488
0.877283	-0.159771	0.452601
-0.283878	0.182818	0.941271
-0.402379	0.461422	0.790684
0.0647488	-0.0160201	0.997773
0.331111	-0.0712066	0.940901
0.0754313	-0.310515	0.947571
0.0516352	-0.0607405	0.996817
-0.146459	0.126786	0.981058
0.0967865	-0.0281639	0.994907
0.235005	-0.301024	0.924206
0.100156	-0.0413587	0.994112
0.0445352	-0.0884275	0.995087
0.00199089	0.0479144	0.998849
0.693364	-0.665341	0.276707
0.434712	-0.675246	0.595875
0.763584	-0.310011	0.566421
0.797881	-0.593941	0.103055
-0.546947	0.188091	0.815764
-0.242064	0.190969	0.951281
0.438479	-0.481434	0.758919
0.192057	-0.368924	0.909401
0.358377	-0.3461	0.867052
0.217983	-0.366613	0.904477
0.384182	-0.297956	0.873857
0.17378	-0.186641	0.966936
0.523413	-0.323457	0.788298
0.31332	-0.0786751	0.946383
0.526051	-0.23575	0.817124
0.642206	-0.240514	0.727821
-0.189849	0.843494	0.50247
-0.492602	0.66445	0.562004
-0.479017	0.661797	0.576686
-0.583504	0.472646	0.660401
0.302088	-0.201644	0.931709
0.097224	-0.0426421	0.994349
0.565658	-0.729164	0.385164
0.600763	-0.626325	0.496791
0.690139	-0.378032	0.61709
0.813258	-0.436158	0.385199
0.989681	-0.0299405	0.140129
0.698765	-0.643582	0.312298
-0.410959	0.0112896	0.911584
-0.183527	0.0583743	0.98128
-0.0163756	0.242221	0.970083
-0.139926	0.431602	0.891145
0.516869	-0.840268	0.163697
0.400338	-0.899306	0.176007
0.953518	-0.244634	0.175946
-0.867499	0.478926	0.134447
0.433192	-0.701235	0.566228
0.331073	-0.580162	0.744179
0.499933	-0.603262	0.621403
0.712293	-0.498642	0.493959
0.55571	-0.361194	0.748816
0.63967	-0.525985	0.560502
0.668733	-0.173231	0.72304
0.738368	-0.31581	0.595883
0.547927	-0.103895	0.83005
0.508648	-0.245935	0.825102
-0.519208	0.306385	0.797842
-0.478093	0.253485	0.840935
-0.0970688	0.138804	0.985551
-0.228401	0.285375	0.930803
-0.363076	0.579841	0.729356
-0.332271	0.432849	0.837997
-0.120275	0.0837571	0.989201
-0.307788	0.114021	0.944598
0.619926	-0.735507	0.273354
0.598871	-0.797512	0.0730008
0.886473	-0.457087	0.0723708
0.593006	-0.612156	0.523076
0.599179	-0.797329	0.0724665
0.763868	-0.645372	0.000696125
0.724368	-0.475388	0.499297
0.751291	-0.581412	0.312285
0.771807	-0.572467	0.276759
0.886244	-0.457416	0.0730832
0.474454	-0.798643	0.370221
0.33695	-0.936975	0.0924273
0.916419	-0.361887	0.170922
0.965408	-0.247684	0.0814895
-0.0927442	0.444343	-0.891043
0.297408	-0.343832	-0.89069
-0.0432704	0.127388	-0.990909
0.081488	-0.789259	-0.60863
-0.0581602	0.177795	-0.982347
-0.107028	0.374055	-0.92121
-0.272105	0.953698	-0.128137
0.342113	-0.931633	-0.122548
-0.355451	0.934397	-0.0236165
0.537455	-0.05466	-0.841519
-0.241359	0.361087	-0.900757
0.757439	-0.63994	-0.129472
-0.38676	0.0430929	-0.921173
-0.187136	0.774686	-0.604021
0.162086	-0.889273	-0.427694
0.0136046	-0.12983	-0.991443
0.18945	-0.973397	-0.128868
0.70622	-0.489693	-0.511325
0.100194	-0.601756	-0.79237
-0.16152	0.593848	-0.788198
0.605092	-0.710508	-0.359224
-0.567568	0.731352	-0.378141
0.130306	0.00825556	-0.991439
0.145449	-0.912831	-0.381555
0.115804	-0.546009	-0.829737
0.131586	-0.300288	-0.944728
0.296237	-0.678959	-0.671757
0.0284262	-0.381676	-0.923859
0.376443	-0.220647	-0.899781
-0.917378	0.137117	-0.373652
-0.60902	0.765575	-0.207342
0.48288	-0.638538	-0.599246
-0.941293	0.109347	-0.319392
-0.669306	0.442491	-0.596851
-0.982964	0.13235	-0.127531
-0.361167	0.769157	-0.527215
0.874335	-0.45127	-0.178589
-0.795076	0.0541286	-0.60409
-0.380961	0.445838	-0.809998
0.61018	0.00170722	-0.792261
0.299763	-0.0198883	-0.953807
-0.172485	0.00218235	-0.98501
0.791646	0.0513261	-0.60882
-0.132775	0.0214242	-0.990915
0.364348	-0.224856	-0.903709
-0.612458	0.0600352	-0.78822
-0.058461	0.0904023	-0.994188
0.381043	0.0355805	-0.923872
0.870985	-0.334169	-0.360162
0.596423	-0.794545	-0.113921
0.390411	-0.325336	-0.861241
-0.77834	0.0731685	-0.623565
0.73941	-0.665429	-0.102356
0.113768	-0.316818	-0.941639
0.597707	-0.170234	-0.783433
-0.453751	0.0172512	-0.890962
0.991475	-0.0255159	-0.127776
0.486149	-0.617962	-0.617885
-0.297563	0.234983	-0.925332
0.882153	-0.0742684	-0.46507
0.92424	0.00885606	-0.381709
0.143197	-0.0694482	-0.987255
0.86448	-0.22244	-0.45077
-0.0948699	0.100477	-0.990406
-0.626446	0.245907	-0.739659
-0.868055	0.479233	-0.129675
0.319447	-0.864055	-0.389054
-0.18699	0.323377	-0.927611
0.905297	-0.170782	-0.388935
-0.657491	0.395989	-0.641014
-0.98961	0.109462	-0.0932169
0.719497	-0.0180999	-0.69426
0.7188	-0.178772	-0.671838
0.318065	-0.0796031	-0.944721
0.0637805	-0.00139119	-0.997963
0.5627	-0.262306	-0.783942
0.170354	-0.117197	-0.978389
0.991397	-0.0244881	-0.128577
0.975661	-0.181844	-0.122547
0.267582	-0.560865	-0.783473
0.217148	-0.7373	-0.639716
0.0290158	-0.0544192	-0.998097
0.0920252	-0.129992	-0.987235
0.092386	-0.129633	-0.987249
0.297656	-0.340794	-0.891774
0.379235	-0.795283	-0.472975
0.991254	-0.0254641	-0.129491
-0.120566	0.696586	-0.70727
-0.371266	0.384252	-0.845288
-0.290566	0.172299	-0.941214
-0.614185	0.207962	-0.761268
0.60203	-0.333837	-0.725336
0.523132	-0.433473	-0.733781
0.514274	-0.409612	-0.753485
0.392937	-0.520146	-0.75832
-0.0309478	0.169692	-0.985011
0.0120266	-0.0626679	-0.997962
0.0584773	-0.0195346	-0.998098
-0.185016	0.0276567	-0.982346
0.404197	-0.908269	-0.108038
0.91424	-0.354845	-0.19558
0.627309	-0.769483	-0.119915
0.39773	-0.893447	-0.208721
-0.406024	0.291478	-0.866132
0.145203	-0.14993	-0.977976
-0.0613747	0.0645624	-0.996025
0.142329	-0.0706736	-0.987293
-0.122084	0.071794	-0.98992
-0.115361	0.0521429	-0.991954
0.7457	-0.331002	-0.578246
0.632643	-0.515793	-0.577685
0.611067	-0.595641	-0.521353
0.450028	-0.550663	-0.703026
0.644144	-0.642029	-0.415785
0.524863	-0.721967	-0.450868
0.471479	-0.79787	-0.375647
0.349062	-0.716653	-0.603792
0.722851	-0.615959	-0.313179
0.591977	-0.788332	-0.167617
0.76157	-0.509014	-0.401143
0.883025	-0.45531	-0.113838
0.816795	-0.370053	-0.442614
0.755349	-0.214771	-0.619129
0.782598	-0.495837	-0.376412
0.684567	-0.361613	-0.632934
-0.519502	0.580335	-0.62716
-0.725822	0.43807	-0.530356
-0.347085	0.754489	-0.557026
-0.274852	0.885383	-0.374903
-0.767493	0.541862	-0.34255
-0.850426	0.521159	-0.0718946
-0.362283	0.577889	-0.731297
-0.204612	0.251301	-0.946035
-0.239365	0.419423	-0.875665
-0.444493	0.454809	-0.771735
-0.504548	0.579068	-0.6404
-0.528113	0.360322	-0.768937
0.190767	-0.973275	-0.12784
0.19041	-0.973085	-0.129803
-0.223948	0.726927	-0.649172
-0.310532	0.569774	-0.760873
-0.708627	0.00136407	-0.705582
-0.815343	0.211864	-0.538822
0.55752	-0.0231309	-0.829841
0.331412	-0.0592357	-0.941625
0.90377	-0.0114884	-0.427863
0.763204	-0.0909251	-0.639728
0.0696307	-0.292158	-0.953832
0.143695	-0.520814	-0.841489
0.138026	-0.706354	-0.694271
0.220591	-0.857366	-0.465041
0.502509	-0.842126	-0.195725
0.86597	-0.485708	-0.119099
-0.394797	0.181881	-0.900586
-0.50714	0.299613	-0.80811
-0.477462	0.173821	-0.861288
-0.339602	0.13249	-0.931191
0.3808	-0.128853	-0.915635
0.597228	-0.170491	-0.783742
0.261448	-0.578738	-0.772468
0.21797	-0.378322	-0.899645
0.947298	-0.243038	-0.208711
0.962961	-0.247056	-0.108026
0.761638	-0.643489	-0.0763522

#	Mesh	0	End

