#	Mesh	0	Begin

#	Vertex	72
96.7449	-86.3033	-17.9818
96.7476	-86.3031	-17.981
96.7501	-86.3029	-17.9799
96.7524	-86.3027	-17.9783
96.7544	-86.3025	-17.9763
96.756	-86.3024	-17.974
96.7571	-86.3023	-17.9715
96.7579	-86.3023	-17.9688
96.7581	-86.3022	-17.966
96.7579	-86.3023	-17.9632
96.7571	-86.3023	-17.9605
96.756	-86.3024	-17.958
96.7544	-86.3025	-17.9557
96.7524	-86.3027	-17.9537
96.7501	-86.3029	-17.9521
96.7476	-86.3031	-17.951
96.7449	-86.3033	-17.9502
96.7422	-86.3035	-17.95
96.7394	-86.3038	-17.9502
96.7367	-86.304	-17.951
96.7342	-86.3042	-17.9521
96.7319	-86.3044	-17.9537
96.7299	-86.3045	-17.9557
96.7283	-86.3046	-17.958
96.7272	-86.3047	-17.9605
96.7265	-86.3048	-17.9632
96.7262	-86.3048	-17.966
96.7265	-86.3048	-17.9688
96.7272	-86.3047	-17.9715
96.7283	-86.3046	-17.974
96.7299	-86.3045	-17.9763
96.7319	-86.3044	-17.9783
96.7342	-86.3042	-17.9799
96.7367	-86.304	-17.981
96.7394	-86.3038	-17.9818
96.7422	-86.3035	-17.982
98.6226	-109.477	-17.9818
98.6253	-109.477	-17.981
98.6278	-109.477	-17.9799
98.6301	-109.477	-17.9783
98.6321	-109.477	-17.9763
98.6337	-109.476	-17.974
98.6348	-109.476	-17.9715
98.6356	-109.476	-17.9688
98.6358	-109.476	-17.966
98.6356	-109.476	-17.9632
98.6348	-109.476	-17.9605
98.6337	-109.476	-17.958
98.6321	-109.477	-17.9557
98.6301	-109.477	-17.9537
98.6278	-109.477	-17.9521
98.6253	-109.477	-17.951
98.6226	-109.477	-17.9502
98.6199	-109.478	-17.95
98.6171	-109.478	-17.9502
98.6144	-109.478	-17.951
98.6119	-109.478	-17.9521
98.6096	-109.478	-17.9537
98.6076	-109.479	-17.9557
98.606	-109.479	-17.958
98.6049	-109.479	-17.9605
98.6041	-109.479	-17.9632
98.6039	-109.479	-17.966
98.6041	-109.479	-17.9688
98.6049	-109.479	-17.9715
98.606	-109.479	-17.974
98.6076	-109.479	-17.9763
98.6096	-109.478	-17.9783
98.6119	-109.478	-17.9799
98.6144	-109.478	-17.981
98.6171	-109.478	-17.9818
98.6199	-109.478	-17.982

#	Triangle	99
35	36	71
0	36	35
0	37	36
1	37	0
1	38	37
2	38	1
2	39	38
3	39	2
3	40	39
4	40	3
4	41	40	5	41	4
5	42	41
6	42	5
6	43	42	7	43	6
7	44	43	8	44	7
8	45	44	9	45	8
9	46	45	10	46	9
10	47	46
11	47	10
11	48	47	12	48	11
12	49	48
13	49	12
13	50	49
14	50	13
14	51	50
15	51	14
15	52	51
16	52	15
16	53	52
17	53	16
17	54	53
18	54	17
18	55	54	19	55	18
19	56	55	20	56	19
20	57	56
21	57	20
21	58	57
22	58	21
22	59	58	23	59	22
23	60	59
24	60	23
24	61	60
25	61	24
25	62	61
26	62	25
26	63	62
27	63	26
27	64	63
28	64	27
28	65	64
29	65	28
29	66	65	30	66	29
30	67	66
31	67	30
31	68	67
32	68	31
32	69	68	33	69	32
33	70	69	34	70	33
34	71	70
35	71	34
7	9	8	26	25	27
6	9	7	27	25	24
6	10	9	27	24	28
5	10	6	28	24	23
5	11	10	28	23	29
4	11	5
4	12	11	29	22	30
3	12	4	30	22	21
3	13	12	30	21	31
2	13	3
2	14	13	31	20	32
1	14	2	32	20	19
1	15	14	32	19	33
0	15	1
0	16	15
35	16	0	34	18	17
35	17	16	34	17	35
33	18	34
33	19	18
31	21	20
29	23	22
45	43	44	62	63	61
46	43	45	61	63	64
46	42	43	61	64	60
47	42	46	60	64	65
47	41	42	60	65	59
48	41	47	59	65	66
48	40	41	59	66	58
49	40	48	58	66	67
49	39	40	58	67	57
50	39	49	57	67	68
50	38	39	57	68	56
51	38	50	56	68	69
51	37	38	56	69	55
52	37	51	55	69	70
52	36	37	55	70	54
53	36	52	54	70	71
53	71	36
54	71	53

#	Normal	99
0.0866637	0.00702202	-0.996213
0.086423	0.00700249	-0.996234
0.258027	0.0209069	-0.965911
0.258781	0.020968	-0.965708
0.422065	0.0341983	-0.90592
0.420912	0.0341047	-0.90646
0.57106	0.0462706	-0.819603
0.572368	0.0463767	-0.818685
0.70532	0.0571493	-0.706582
0.703927	0.0570363	-0.707978
0.816719	0.0661753	-0.573229
0.902678	0.0731402	-0.424056
0.903744	0.0732269	-0.421763
0.962791	0.0780112	-0.258741
0.992956	0.0804553	-0.0869784
0.992956	0.0804553	0.0869784
0.962791	0.0780112	0.258741
0.902678	0.0731405	0.424056
0.903744	0.0732266	0.421763
0.816719	0.0661753	0.573229
0.70532	0.0571491	0.706582
0.703927	0.0570365	0.707978
0.57106	0.0462708	0.819603
0.572368	0.0463765	0.818685
0.422065	0.0341981	0.90592
0.420912	0.0341049	0.90646
0.258027	0.020907	0.965911
0.258781	0.0209679	0.965708
0.0866637	0.00702199	0.996213
0.086423	0.00700252	0.996234
-0.086423	-0.00700252	0.996234
-0.0866637	-0.00702199	0.996213
-0.258027	-0.0209069	0.965911
-0.422065	-0.0341981	0.90592
-0.57106	-0.0462706	0.819603
-0.570954	-0.046262	0.819677
-0.70532	-0.0571491	0.706582
-0.70404	-0.0570456	0.707865
-0.816719	-0.0661755	0.573229
-0.902678	-0.0731405	0.424056
-0.903658	-0.0732196	0.421949
-0.962791	-0.0780109	0.258741
-0.962848	-0.0780155	0.25853
-0.992956	-0.080455	0.0869784
-0.992937	-0.0804535	0.0872028
-0.992956	-0.080455	-0.0869784
-0.992937	-0.0804534	-0.0872028
-0.962792	-0.0780109	-0.258741
-0.962848	-0.0780155	-0.25853
-0.902678	-0.0731402	-0.424056
-0.903658	-0.0732199	-0.421949
-0.816719	-0.0661755	-0.573229
-0.70532	-0.0571493	-0.706582
-0.70404	-0.0570454	-0.707865
-0.57106	-0.0462706	-0.819603
-0.570954	-0.046262	-0.819677
-0.422065	-0.0341981	-0.90592
-0.258027	-0.0209069	-0.965911
-0.086423	-0.00700249	-0.996234
-0.0866637	-0.00702202	-0.996213
-8.6853e-008	1.34622e-006	-0
-3.47412e-007	3.99524e-006	-0
-6.84082e-007	7.86694e-006	-0
-1.02612e-006	1.28265e-005	-0
-1.5e-006	1.875e-005	-0
-2e-006	2.55e-005	-0
-2.57129e-006	3.27839e-005	-0
-3.37482e-006	4.04978e-005	-0
-4.02145e-006	4.82574e-005	-0
-4.40445e-006	5.57259e-005	-0
-4.97931e-006	6.29991e-005	-0
-5.84528e-006	6.99268e-005	-0
-6.34296e-006	7.58806e-005	-0
-6.34296e-006	8.0579e-005	-0
-6.64783e-006	8.4452e-005	-0
-7.14026e-006	8.74066e-005	-0
-7.25e-006	8.875e-005	-0
-6.89404e-006	8.46982e-005	-0
-6.57788e-006	8.0814e-005	-0
-4.59595e-006	5.59174e-005	-0
-2e-006	2.55e-005	-0
8.6853e-008	-1.34622e-006	-0
3.47412e-007	-3.99524e-006	-0
6.84082e-007	-7.86694e-006	-0
1.02612e-006	-1.2912e-005	-0
1.5e-006	-1.8875e-005	-0
2e-006	-2.55e-005	-0
2.57129e-006	-3.27839e-005	-0
3.37482e-006	-4.03371e-005	-0
4.02145e-006	-4.80659e-005	-0
4.40445e-006	-5.59174e-005	-0
4.97931e-006	-6.32156e-005	-0
5.62878e-006	-6.97103e-005	-0
6.10803e-006	-7.56456e-005	-0
6.57788e-006	-8.0814e-005	-0
6.89404e-006	-8.46982e-005	-0
7.14026e-006	-8.71604e-005	-0
7.25e-006	-8.85e-005	-0
7.25e-006	-8.875e-005	-0

#	Mesh	0	End

