#	Mesh	0	Begin

#	Vertex	16
65.4163	79.7563	-11.386
65.4254	79.6436	-11.386
65.4324	79.5569	-11.386
65.6318	79.5731	-11.386
65.6248	79.6597	-11.386
65.6156	79.7724	-11.386
65.4324	79.5569	-16.735
65.4163	79.7563	-16.735
65.5932	79.7706	-16.735
65.6137	79.5716	-16.735
65.4324	79.5569	-11.4605
65.6137	79.5716	-16.665
65.6318	79.5731	-16.665
65.6318	79.5731	-11.4605
65.6156	79.7724	-16.665
65.5932	79.7706	-16.665

#	Triangle	15
1	5	0	2	5	1	3	4	2	4	5	2
9	7	8	6	7	9	12	15	14	11	15	12
10	7	6	10	0	7
2	1	10
1	0	10
11	6	9	11	10	6
13	11	12
13	10	11	3	10	13	3	2	10
5	12	14	5	13	12
5	4	13
4	3	13
0	8	7	0	15	8
0	14	15
0	5	14
8	11	9	15	11	8

#	Normal	15
-0	-0	1
-0	-0	-1
-0.99674	-0.0806853	-0
-0.996741	-0.0806723	-0
-0.996739	-0.0806953	2.69478e-005
0.0806895	-0.996739	-0
0.080839	-0.996727	-0
0.0807031	-0.996738	4.7578e-007
0.996738	0.0807047	0
0.996739	0.0806953	2.53141e-005
0.996737	0.0807169	-0
-0.080732	0.996736	-0
-0.0804898	0.996755	8.16681e-006
-0.0807047	0.996738	-0
0.994748	0.102357	-0

#	Mesh	0	End

