#	Mesh	0	Begin

#	Vertex	16
63.2984	94.0047	-9.956
63.3146	93.8053	-9.956
63.5139	93.8214	-9.956
63.4978	94.0208	-9.956
63.2984	94.0047	-9.586
63.3146	93.8053	-9.586
63.5139	93.8214	-9.586
63.4978	94.0208	-9.586
63.5139	93.8214	-16.695
63.5084	93.8904	-16.695
63.309	93.8743	-16.695
63.3146	93.8053	-16.695
63.5139	93.8214	-16.6403
63.5084	93.8904	-16.6403
63.309	93.8743	-16.6403
63.3146	93.8053	-16.6403

#	Triangle	8
3	4	7	0	4	3	9	14	13	10	14	9
0	5	4	1	5	0
1	6	5	2	6	1	11	12	15	8	12	11
2	7	6	3	7	2
3	1	0	2	1	3	11	9	8	10	9	11
4	6	7	5	6	4	12	14	15	13	14	12
8	13	12	9	13	8
10	15	14	11	15	10

#	Normal	8
-0.0807031	0.996738	-0
-0.996738	-0.0807015	0
0.0807031	-0.996738	-0
0.996738	0.0807015	-0
-0	-0	-1
-0	-0	1
0.996739	0.08069	-0
-0.996739	-0.08069	0

#	Mesh	0	End

