#	Mesh	0	Begin

#	Vertex	12
64.5244	102.102	-9.586
64.7231	102.125	-9.586
64.7231	102.126	-9.586
64.5236	102.109	-9.586
64.7231	102.125	-16.695
64.5244	102.102	-16.695
64.5013	102.301	-16.695
64.7	102.324	-16.695
64.7	102.324	-9.63094
64.7231	102.126	-9.63094
64.5013	102.301	-9.63094
64.5236	102.109	-9.63094

#	Triangle	14
3	1	2
0	1	3	10	9	8	11	9	10
7	5	6	4	5	7
8	4	7
8	9	4
9	1	4
2	1	9
8	6	10	7	6	8
0	6	5
0	11	6
11	10	6
0	3	11
4	0	5	1	0	4
2	11	3	9	11	2

#	Normal	14
-0	-0	4.55708e-005
-0	-0	1
-0	-0	-1
0.993311	0.115468	0
0.99331	0.115482	-4.08151e-007
0.994692	0.102899	-0
1.01827e-005	1.05338e-006	0
-0.115468	0.993311	-0
-0.993309	-0.115487	-0
-0.993326	-0.115338	4.21791e-006
-0.993308	-0.115492	0
-0.993323	-0.115364	0
0.11547	-0.993311	-0
-0.080732	0.996736	-0

#	Mesh	0	End

