#	Mesh	0	Begin

#	Vertex	16
-293.413	117.46	0.81
-293.213	116.164	0.81
-293.338	117.264	0.81
-293.413	117.264	2.91
-293.338	117.264	2.91
-293.213	116.164	2.91
-293.213	116.943	2.91
-293.213	116.943	6.142
-293.413	117.46	6.142
-293.413	114.46	0.81
-293.413	116.164	2.91
-293.413	117.264	0.81
-293.413	114.46	6.142
-293.213	114.46	6.142
-293.213	114.46	0.81
-293.413	116.164	0.81

#	Triangle	9
8	2	0	8	4	2
8	6	4
8	7	6
12	15	9	12	10	15	3	0	11	3	8	0	12	3	10	12	8	3
9	13	12	14	13	9	11	4	3	2	4	11
5	14	1	5	13	14	7	5	6	7	13	5
1	9	15	14	9	1	11	0	2	6	3	4	6	10	3	5	10	6
8	13	7	12	13	8
15	5	1	10	5	15

#	Normal	9
0.932831	0.360314	0
0.932811	0.360366	-3.63374e-006
0.932819	0.360346	-0
-1	0	-0
-0	-1	-0
1	0	0
-0	-0	-1
-0	-0	1
-0	1	-0

#	Mesh	0	End

