#	Mesh	0	Begin

#	Vertex	72
94.3755	83.1443	0.565718
94.3747	83.1539	0.568297
94.374	83.1629	0.572507
94.3733	83.171	0.578221
94.3727	83.1781	0.585265
94.3723	83.1838	0.593425
94.372	83.188	0.602454
94.3717	83.1905	0.612076
94.3717	83.1914	0.622
94.3717	83.1905	0.631924
94.372	83.188	0.641546
94.3723	83.1838	0.650575
94.3727	83.1781	0.658735
94.3733	83.171	0.665779
94.374	83.1629	0.671493
94.3747	83.1539	0.675703
94.3755	83.1443	0.678282
94.3763	83.1344	0.67915
94.3771	83.1245	0.678282
94.3779	83.1149	0.675703
94.3786	83.1059	0.671493
94.3793	83.0978	0.665779
94.3798	83.0908	0.658735
94.3803	83.0851	0.650575
94.3806	83.0809	0.641546
94.3808	83.0783	0.631924
94.3809	83.0775	0.622
94.3808	83.0783	0.612076
94.3806	83.0809	0.602454
94.3803	83.0851	0.593425
94.3798	83.0908	0.585265
94.3793	83.0978	0.578221
94.3786	83.1059	0.572507
94.3779	83.1149	0.568297
94.3771	83.1245	0.565718
94.3763	83.1344	0.56485
95.2921	83.2186	0.565718
95.2914	83.2282	0.568297
95.2906	83.2372	0.572507
95.29	83.2453	0.578221
95.2894	83.2523	0.585265
95.2889	83.258	0.593425
95.2886	83.2622	0.602454
95.2884	83.2648	0.612076
95.2883	83.2657	0.622
95.2884	83.2648	0.631924
95.2886	83.2622	0.641546
95.2889	83.258	0.650575
95.2894	83.2523	0.658735
95.29	83.2453	0.665779
95.2906	83.2372	0.671493
95.2914	83.2282	0.675703
95.2921	83.2186	0.678282
95.2929	83.2087	0.67915
95.2937	83.1988	0.678282
95.2945	83.1892	0.675703
95.2952	83.1802	0.671493
95.2959	83.1721	0.665779
95.2965	83.1651	0.658735
95.2969	83.1594	0.650575
95.2973	83.1552	0.641546
95.2975	83.1526	0.631924
95.2976	83.1517	0.622
95.2975	83.1526	0.612076
95.2973	83.1552	0.602454
95.2969	83.1594	0.593425
95.2965	83.1651	0.585265
95.2959	83.1721	0.578221
95.2952	83.1802	0.572507
95.2945	83.1892	0.568297
95.2937	83.1988	0.565718
95.2929	83.2087	0.56485

#	Triangle	82
35	36	71
0	36	35
0	37	36
1	37	0
1	38	37	2	38	1
2	39	38
3	39	2
3	40	39
4	40	3
4	41	40	5	41	4
5	42	41
6	42	5
6	43	42	7	43	6
7	44	43	8	44	7
8	45	44	9	45	8
9	46	45	10	46	9
10	47	46
11	47	10
11	48	47	12	48	11
12	49	48
13	49	12
13	50	49
14	50	13
14	51	50	15	51	14
15	52	51
16	52	15
16	53	52
17	53	16
17	54	53	18	54	17
18	55	54	19	55	18
19	56	55
20	56	19
20	57	56
21	57	20
21	58	57	22	58	21
22	59	58	23	59	22
23	60	59
24	60	23
24	61	60
25	61	24
25	62	61
26	62	25
26	63	62
27	63	26
27	64	63
28	64	27
28	65	64
29	65	28
29	66	65	30	66	29
30	67	66	31	67	30
31	68	67
32	68	31
32	69	68
33	69	32
33	70	69	34	70	33
34	71	70	35	71	34
7	9	8	26	25	27
6	9	7	27	25	24
6	10	9	27	24	28
5	10	6	5	11	10	28	23	29	28	24	23
4	11	5	4	12	11	29	22	30	29	23	22
3	12	4	3	13	12	30	21	31	30	22	21
2	13	3	2	14	13	31	20	32	31	21	20
1	14	2	1	15	14	32	19	33	32	20	19
0	15	1	0	16	15	33	18	34	33	19	18
35	16	0	35	17	16	34	17	35	34	18	17
45	43	44	62	63	61
46	43	45	61	63	64
46	42	43
47	42	46	47	41	42	60	65	59	60	64	65
48	41	47	48	40	41	59	66	58	59	65	66
49	40	48	49	39	40
50	39	49	50	38	39
51	38	50	51	37	38
52	37	51	52	36	37
53	36	52	53	71	36
54	71	53	54	70	71
55	70	54	55	69	70
56	69	55	56	68	69
57	68	56	57	67	68
58	67	57	58	66	67
61	64	60

#	Normal	82
-0.00704098	0.0868873	-0.996193
-0.00704047	0.0868819	-0.996194
-0.0208985	0.257895	-0.965947
-0.0209	0.257911	-0.965943
-0.034133	0.42121	-0.906321
-0.0463325	0.571754	-0.819116
-0.0463297	0.571724	-0.819137
-0.0571034	0.704675	-0.707229
-0.0571409	0.705064	-0.706838
-0.0661699	0.816473	-0.57358
-0.0732126	0.903374	-0.422559
-0.0731833	0.9031	-0.423149
-0.0780175	0.962754	-0.258878
-0.0804678	0.992992	-0.0865588
-0.0804678	0.992992	0.0865588
-0.0780175	0.962754	0.258878
-0.0732056	0.903374	0.422559
-0.0731904	0.903099	0.423149
-0.0661699	0.816473	0.57358
-0.0571093	0.704675	0.707229
-0.0571349	0.705065	0.706838
-0.0463321	0.571754	0.819116
-0.04633	0.571724	0.819137
-0.034133	0.42121	0.906321
-0.0208987	0.257895	0.965947
-0.0208998	0.257911	0.965943
-0.00704092	0.0868873	0.996193
-0.00704053	0.0868818	0.996194
0.00704053	-0.0868818	0.996194
0.0209	-0.257911	0.965943
0.0341552	-0.421484	0.906192
0.0341363	-0.421209	0.906321
0.0463072	-0.571387	0.819373
0.04633	-0.571724	0.819137
0.0571354	-0.705065	0.706838
0.0661635	-0.816473	0.57358
0.0732056	-0.903374	0.422559
0.0731904	-0.903099	0.423149
0.0780262	-0.962769	0.258819
0.0780256	-0.962753	0.258878
0.0804707	-0.992924	0.0873345
0.0804678	-0.992992	0.0865588
0.0804623	-0.992924	-0.0873345
0.0804762	-0.992991	-0.0865588
0.0780269	-0.962769	-0.258819
0.0780249	-0.962754	-0.258878
0.0732126	-0.903374	-0.422559
0.0731833	-0.9031	-0.423149
0.0661635	-0.816473	-0.57358
0.0571354	-0.705065	-0.706838
0.0463028	-0.571388	-0.819373
0.0463345	-0.571724	-0.819137
0.0341585	-0.421484	-0.906192
0.034133	-0.42121	-0.906321
0.0209	-0.257911	-0.965943
0.00704053	-0.0868818	-0.996194
-1.70569e-005	-1.39556e-006	-0
-5.10156e-005	-4.18669e-006	0
-0.996649	-0.0817919	-0
-0.996821	-0.0796716	0
-0.996741	-0.080669	0
-0.996712	-0.0810245	0
-0.996683	-0.0813814	0
-0.996757	-0.0804674	0
-0.996766	-0.0803582	0
-0.996707	-0.0810907	0
1.70569e-005	1.39556e-006	-0
5.10156e-005	4.18669e-006	0
0.996649	0.0817919	-0
0.99666	0.081663	0
0.996741	0.080669	0
0.996719	0.0809349	0
0.99676	0.0804302	0
0.996757	0.0804674	0
0.996701	0.0811646	0
0.99677	0.0803085	0
0.996707	0.0810907	0
0.996766	0.0803582	0
0.996682	0.0813971	0
0.996766	0.0803535	0
0.996712	0.0810245	0
0.996892	0.0787817	0

#	Mesh	0	End

