#	Mesh	0	Begin

#	Vertex	24
94.0546	-58.8199	-3.337
94.0546	-58.8199	2.563
94.254	-58.8038	2.563
94.254	-58.8038	-3.337
93.804	-53.2462	2.563
93.804	-53.2462	-3.337
94.068	-56.5072	-0.837
94.2133	-58.3014	-0.837
94.2133	-58.3014	-2.937
94.068	-56.5072	-2.937
93.9066	-54.5138	-0.837
94.0519	-56.3079	-0.837
94.0519	-56.3079	-2.937
93.9066	-54.5138	-2.937
93.6046	-53.2623	2.563
93.6046	-53.2623	-3.337
94.0139	-58.3175	-0.837
93.8687	-56.5234	-0.837
93.8687	-56.5234	-2.937
94.0139	-58.3175	-2.937
93.8525	-56.324	-0.837
93.7073	-54.5299	-0.837
93.7073	-54.5299	-2.937
93.8525	-56.324	-2.937

#	Triangle	12
0	2	1	3	2	0	17	9	6	18	9	17	21	13	10	22	13	21
4	13	5	4	10	13	11	9	12	11	6	9	4	11	10	4	6	11	4	7	6	4	2	7
13	3	5
13	12	3	12	9	3	9	8	3
8	2	3	7	2	8
5	14	4	15	14	5	19	7	8	16	7	19	23	11	12	20	11	23
1	19	0	1	16	19
19	15	0
19	18	15	18	23	15	23	22	15
22	14	15	17	23	18	17	20	23	21	14	22	1	17	16	1	20	17	1	21	20	1	14	21
0	5	3	15	5	0	16	6	7	17	6	16	20	10	11	21	10	20
2	14	1	4	14	2	18	8	9	19	8	18	22	12	13	23	12	22

#	Normal	12
0.0807047	-0.996738	-0
0.996738	0.0807025	0
0.996738	0.0807028	8.49632e-007
0.996738	0.0807031	-2.3983e-006
0.996738	0.0807012	-0
-0.0807047	0.996738	-0
-0.996738	-0.0807012	-0
-0.996738	-0.0807028	2.01791e-006
-0.996738	-0.0807031	-1.80931e-006
-0.996738	-0.0807025	0
-0	0	-1
0	-0	1

#	Mesh	0	End

