#	Mesh	0	Begin

#	Vertex	10
80.8586	-205.83	4.47948
80.8586	-205.83	0.0945433
80.3603	-205.87	0.0945433
80.3603	-205.87	4.47948
79.5746	-189.971	4.47948
79.5746	-189.971	0.179421
79.0763	-190.012	4.47948
79.0763	-190.012	0.179421
80.8586	-205.83	4.39342
80.3603	-205.87	4.39342

#	Triangle	6
8	2	1	9	2	8
4	1	5	8	1	4
5	6	4	7	6	5
9	7	2	6	7	9
5	2	7	1	2	5
6	8	4	9	8	6

#	Normal	6
0.0807177	-0.996737	-0
0.996738	0.0807025	0
-0.0807177	0.996737	-0
-0.996738	-0.0807025	-0
-0.0004306	0.00531724	-0.999986
0.000436622	-0.00539159	0.999985

#	Mesh	0	End

