#	Mesh	0	Begin

#	Vertex	72
74.8225	57.4043	-24.473
74.6542	57.3592	-24.473
74.4962	57.2855	-24.473
74.3534	57.1855	-24.473
74.2301	57.0623	-24.473
74.1302	56.9195	-24.473
74.0565	56.7615	-24.473
74.0114	56.5931	-24.473
73.9962	56.4195	-24.473
74.0114	56.2458	-24.473
74.0565	56.0775	-24.473
74.1302	55.9195	-24.473
74.2301	55.7767	-24.473
74.3534	55.6534	-24.473
74.4962	55.5535	-24.473
74.6542	55.4798	-24.473
74.8225	55.4347	-24.473
74.9962	55.4195	-24.473
75.1698	55.4347	-24.473
75.3382	55.4798	-24.473
75.4962	55.5535	-24.473
75.639	55.6534	-24.473
75.7622	55.7767	-24.473
75.8622	55.9195	-24.473
75.9359	56.0775	-24.473
75.981	56.2458	-24.473
75.9962	56.4195	-24.473
75.981	56.5931	-24.473
75.9359	56.7615	-24.473
75.8622	56.9195	-24.473
75.7622	57.0623	-24.473
75.639	57.1855	-24.473
75.4962	57.2855	-24.473
75.3382	57.3592	-24.473
75.1698	57.4043	-24.473
74.9962	57.4195	-24.473
74.8225	57.4043	-18.273
74.6542	57.3592	-18.273
74.4962	57.2855	-18.273
74.3534	57.1855	-18.273
74.2301	57.0623	-18.273
74.1302	56.9195	-18.273
74.0565	56.7615	-18.273
74.0114	56.5931	-18.273
73.9962	56.4195	-18.273
74.0114	56.2458	-18.273
74.0565	56.0775	-18.273
74.1302	55.9195	-18.273
74.2301	55.7767	-18.273
74.3534	55.6534	-18.273
74.4962	55.5535	-18.273
74.6542	55.4798	-18.273
74.8225	55.4347	-18.273
74.9962	55.4195	-18.273
75.1698	55.4347	-18.273
75.3382	55.4798	-18.273
75.4962	55.5535	-18.273
75.639	55.6534	-18.273
75.7622	55.7767	-18.273
75.8622	55.9195	-18.273
75.9359	56.0775	-18.273
75.981	56.2458	-18.273
75.9962	56.4195	-18.273
75.981	56.5931	-18.273
75.9359	56.7615	-18.273
75.8622	56.9195	-18.273
75.7622	57.0623	-18.273
75.639	57.1855	-18.273
75.4962	57.2855	-18.273
75.3382	57.3592	-18.273
75.1698	57.4043	-18.273
74.9962	57.4195	-18.273

#	Triangle	38
35	36	71	0	36	35
0	37	36	1	37	0
1	38	37	2	38	1
2	39	38	3	39	2
3	40	39	4	40	3
4	41	40	5	41	4
5	42	41	6	42	5
6	43	42	7	43	6
7	44	43	8	44	7
8	45	44	9	45	8
9	46	45	10	46	9
10	47	46	11	47	10
11	48	47	12	48	11
12	49	48	13	49	12
13	50	49	14	50	13
14	51	50	15	51	14
15	52	51	16	52	15
16	53	52	17	53	16
17	54	53	18	54	17
18	55	54	19	55	18
19	56	55	20	56	19
20	57	56	21	57	20
21	58	57	22	58	21
22	59	58	23	59	22
23	60	59	24	60	23
24	61	60	25	61	24
25	62	61	26	62	25
26	63	62	27	63	26
27	64	63	28	64	27
28	65	64	29	65	28
29	66	65	30	66	29
30	67	66	31	67	30
31	68	67	32	68	31
32	69	68	33	69	32
33	70	69	34	70	33
34	71	70	35	71	34
7	9	8	6	9	7	6	10	9	5	10	6	5	11	10	4	11	5	4	12	11	3	12	4	3	13	12	2	13	3	2	14	13	1	14	2	1	15	14	0	15	1	0	16	15	35	16	0	35	17	16	34	17	35	34	18	17	33	18	34	33	19	18	32	19	33	32	20	19	31	20	32	31	21	20	30	21	31	30	22	21	29	22	30	29	23	22	28	23	29	28	24	23	27	24	28	27	25	24	26	25	27
45	43	44	46	43	45	46	42	43	47	42	46	47	41	42	48	41	47	48	40	41	49	40	48	49	39	40	50	39	49	50	38	39	51	38	50	51	37	38	52	37	51	52	36	37	53	36	52	53	71	36	54	71	53	54	70	71	55	70	54	55	69	70	56	69	55	56	68	69	57	68	56	57	67	68	58	67	57	58	66	67	59	66	58	59	65	66	60	65	59	60	64	65	61	64	60	61	63	64	62	63	61

#	Normal	38
-0.0871508	0.996195	-0
-0.258805	0.96593	-0
-0.422629	0.906303	-0
-0.573571	0.819156	-0
-0.707107	0.707107	-0
-0.819167	0.573556	-0
-0.906294	0.422647	-0
-0.965924	0.258826	-0
-0.996197	0.0871286	-0
-0.996197	-0.0871286	0
-0.965923	-0.258831	0
-0.906298	-0.422639	0
-0.819159	-0.573566	0
-0.707107	-0.707107	0
-0.573571	-0.819156	0
-0.422629	-0.906303	0
-0.258805	-0.96593	0
-0.0871731	-0.996193	0
0.0871731	-0.996193	-0
0.258816	-0.965927	-0
0.422612	-0.906311	-0
0.573571	-0.819156	-0
0.707129	-0.707084	-0
0.819138	-0.573596	-0
0.906315	-0.422602	-0
0.965923	-0.258831	-0
0.996193	-0.0871731	-0
0.996193	0.0871731	-0
0.965924	0.258826	-0
0.906311	0.422611	-0
0.819146	0.573586	-0
0.707129	0.707084	-0
0.573571	0.819156	-0
0.422612	0.906311	-0
0.258816	0.965927	-0
0.0871508	0.996195	-0
-0	-0	-1
-0	-0	1

#	Mesh	0	End

