#	Mesh	0	Begin

#	Vertex	28
92.205	-40.8055	-21.1137
93.7155	-59.4478	-21.1137
93.7151	-59.4421	-18.4137
92.3179	-42.1993	-18.4137
92.318	-42.1996	-21.1072
92.2038	-40.7904	-21.1074
93.8995	-40.6682	-21.1137
95.41	-59.3105	-21.1137
93.8982	-40.6531	-21.1074
94.0124	-42.0623	-21.1072
94.0124	-42.062	-18.4137
95.4095	-59.3048	-18.4137
94.1074	-59.4103	-18.4137
94.0586	-58.8073	-18.4137
94.9557	-58.7347	-18.4137
95.0045	-59.3376	-18.4137
94.2248	-49.7594	-18.4137
94.3216	-50.9554	-18.4137
93.4246	-51.0281	-18.4137
93.3277	-49.832	-18.4137
95.0047	-59.3397	-19.3727
94.1076	-59.4123	-19.3727
93.4248	-51.0301	-19.3905
94.3218	-50.9575	-19.3905
94.225	-49.7614	-19.393
93.3279	-49.8341	-19.393
94.9558	-58.7367	-19.374
94.0588	-58.8093	-19.374

#	Triangle	30
0	4	5
1	4	0
4	2	3
1	2	4
7	0	6	1	0	7
9	6	8
9	7	6
11	9	10
11	7	9
12	3	2	12	18	3	18	19	3	19	10	3	12	13	18	13	17	18	16	10	19	14	17	13	14	16	17	14	10	16	11	14	15	11	10	14
8	0	5
6	0	8
7	21	1	21	2	1
21	12	2	7	11	15
7	20	21
7	15	20
10	4	3	9	4	10
5	9	8	4	9	5
25	23	24	22	23	25
16	23	17
24	23	16
19	24	16
25	24	19
18	25	19
22	25	18
17	22	18	23	22	17
20	27	21	26	27	20
14	20	15	26	20	14
13	26	14	27	26	13
12	27	13	21	27	12

#	Normal	30
-0.996733	-0.0807655	0.000227063
-0.996733	-0.0807614	0.00111345
-0.996733	-0.0807611	-8.25789e-007
-0.996733	-0.080761	-3.88883e-007
-0	-0	-1
0.996734	0.0807601	-0.00016452
0.996733	0.080761	4.10608e-005
0.996733	0.0807611	8.25787e-007
0.996733	0.080761	3.88845e-007
0	-0	1
-0.0313892	0.387401	-0.921377
-0.0313969	0.387486	-0.921341
0.0807628	-0.996731	0.00210909
0.0807621	-0.996731	0.00210875
0.0807635	-0.996731	0.00210963
0.0807597	-0.996731	0.00210875
-0.0807606	0.996734	-9.75526e-005
-8.03282e-006	9.91401e-005	1
-0.000170232	0.0021025	0.999998
-0.996738	-0.0807029	2.02362e-006
-0.996739	-0.0806969	-5.30221e-006
0.0807031	-0.996736	0.00210948
0.0807024	-0.996736	0.00210884
0.996738	0.0807029	-2.66223e-006
0.996738	0.0807034	-2.02472e-006
-0.0807031	0.996736	-0.00210633
-0.000170262	0.00210126	0.999998
-0.996738	-0.0807046	-8.9387e-007
0.0806988	-0.996736	0.00211
0.996739	0.0806968	5.80881e-007

#	Mesh	0	End

