#	Mesh	0	Begin

#	Vertex	45
53.3351	70.2142	3.535
53.3351	70.2142	2.635
53.3524	70.0004	2.635
53.3524	70.0004	3.535
94.8961	72.3778	3.535
94.8961	72.3778	2.635
94.7992	73.5739	2.635
94.7992	73.5739	3.535
53.5642	69.0289	3.535
75.037	71.9727	2.635
74.4919	71.9285	2.635
74.0948	71.8963	2.635
73.2466	71.8276	2.635
72.7974	71.7912	2.635
72.2524	71.747	2.635
64.9235	71.1532	2.635
65.2755	71.1817	2.67424
64.3784	71.109	2.67424
64.3784	71.109	2.635
63.9812	71.0769	2.635
63.9812	71.0769	2.67424
63.1331	71.0081	2.67424
63.1331	71.0081	2.635
62.6839	70.9717	2.635
62.6839	70.9717	2.67424
61.7868	70.899	2.67424
62.1388	70.9276	2.635
62.1911	69.7279	2.635
53.5642	69.0289	2.635
53.5642	69.0289	2.66816
61.8936	69.7038	2.66817
62.7907	69.7765	2.66817
62.7907	69.7765	2.635
63.2399	69.8129	2.635
63.2399	69.8129	2.66817
64.088	69.8816	2.66817
64.088	69.8816	2.635
64.4852	69.9138	2.635
64.4852	69.9138	2.66817
65.3823	69.9864	2.66817
65.0847	69.9623	2.635
72.3047	70.5473	2.635
72.9042	70.5959	2.635
74.5987	70.7332	2.635
75.1982	70.7818	2.635

#	Triangle	49
3	1	2	0	1	3
7	5	6	4	5	7
0	4	7	0	8	4	0	3	8
0	26	1
0	25	26
24	22	23
24	21	22
20	18	19	16	7	6
20	17	18
16	14	15
16	13	14
16	12	13
16	11	12
16	10	11
16	9	10
16	6	9
0	24	25
0	21	24
0	20	21
0	17	20
0	16	17
0	7	16
27	1	26	28	1	27	2	1	28	37	19	18	36	19	37	23	33	32	22	33	23	44	6	5	44	9	6	43	9	44	43	10	9	42	10	43	42	11	10	42	12	11	42	13	12	41	13	42	41	14	13	41	15	14	40	15	41
8	5	4	38	36	37	35	36	38
8	44	5
8	43	44
8	42	43
8	41	42
8	39	41
39	40	41
8	38	39
8	35	38
8	34	35
34	32	33
8	31	34
31	32	34
8	30	31
30	28	27
8	29	30	29	28	30
29	2	28	29	3	2	8	3	29
21	35	34	20	35	21	25	31	30	24	31	25	39	17	16	38	17	39
32	24	23
31	24	32
26	30	27	25	30	26
40	16	15
39	16	40
18	38	37	22	34	33
17	38	18	21	34	22
36	20	19	35	20	36

#	Normal	49
-0.996734	-0.0807489	-0
0.996733	0.0807619	0
-0	-0	1
-0.0807609	0.996734	-0
-0.0807243	0.996736	0.000359973
-0.08076	0.996734	0.000198445
-0.0807779	0.996732	-8.04121e-006
-0.0807614	0.996733	-0
-0.0807622	0.996733	-8.03959e-006
-0.0807609	0.996734	-2.97986e-005
-0.0807633	0.996733	-0.000463003
-0.08076	0.996734	0.00017324
-0.0807589	0.996734	0.000397138
-0.0807622	0.996733	-0.00033753
-0.0807633	0.996733	-0.000608228
-0.0807611	0.996733	-6.60067e-005
-0.0807612	0.996733	-4.57512e-006
-0.0807779	0.996732	-0.000187385
-0.0807589	0.996734	3.04708e-005
-0.0807622	0.996733	-9.95958e-006
-0.0807612	0.996733	2.37967e-006
-0.0807612	0.996733	3.20685e-006
-0	-0	-1
0.0807613	-0.996733	-0
0.0807614	-0.996733	4.52836e-006
0.0807503	-0.996734	-0.000263318
0.0807645	-0.996733	7.15688e-005
0.0807611	-0.996733	-2.45954e-006
0.0807609	-0.996734	-7.82944e-006
0.0807611	-0.996733	4.09232e-005
0.0807612	-0.996733	-2.97341e-006
0.0807614	-0.996733	-8.64123e-007
0.0807593	-0.996734	-2.63902e-005
0.0807607	-0.996734	-0
0.08076	-0.996734	-1.82389e-005
0.08076	-0.996734	9.51174e-006
0.0807612	-0.996733	-5.4145e-006
0.080762	-0.996733	-5.19383e-005
0.0807618	-0.996733	-0
-0.977042	-0.213047	-0
-0.000408467	0.00504486	-0.999987
-0.996032	-0.0890007	-1.77196e-005
-0.996032	-0.0889974	-0.00011731
0.110399	0.00481398	0.993876
-0.109589	-0.0148421	0.993866
-0.109586	-0.0148426	0.993866
0.996032	0.0889974	-0
0.996032	0.0890002	9.91514e-005
-0.996032	-0.0889974	0

#	Mesh	0	End

