#	Mesh	0	Begin

#	Vertex	72
-313.492	106.7	-17.57
-313.661	106.654	-17.57
-313.818	106.581	-17.57
-313.961	106.481	-17.57
-314.085	106.358	-17.57
-314.185	106.215	-17.57
-314.258	106.057	-17.57
-314.303	105.888	-17.57
-314.318	105.715	-17.57
-314.303	105.541	-17.57
-314.258	105.373	-17.57
-314.185	105.215	-17.57
-314.085	105.072	-17.57
-313.961	104.949	-17.57
-313.818	104.849	-17.57
-313.661	104.775	-17.57
-313.492	104.73	-17.57
-313.318	104.715	-17.57
-313.145	104.73	-17.57
-312.976	104.775	-17.57
-312.818	104.849	-17.57
-312.676	104.949	-17.57
-312.552	105.072	-17.57
-312.452	105.215	-17.57
-312.379	105.373	-17.57
-312.334	105.541	-17.57
-312.318	105.715	-17.57
-312.334	105.888	-17.57
-312.379	106.057	-17.57
-312.452	106.215	-17.57
-312.552	106.358	-17.57
-312.676	106.481	-17.57
-312.818	106.581	-17.57
-312.976	106.654	-17.57
-313.145	106.7	-17.57
-313.318	106.715	-17.57
-313.492	106.7	-10.69
-313.661	106.654	-10.69
-313.818	106.581	-10.69
-313.961	106.481	-10.69
-314.085	106.358	-10.69
-314.185	106.215	-10.69
-314.258	106.057	-10.69
-314.303	105.888	-10.69
-314.318	105.715	-10.69
-314.303	105.541	-10.69
-314.258	105.373	-10.69
-314.185	105.215	-10.69
-314.085	105.072	-10.69
-313.961	104.949	-10.69
-313.818	104.849	-10.69
-313.661	104.775	-10.69
-313.492	104.73	-10.69
-313.318	104.715	-10.69
-313.145	104.73	-10.69
-312.976	104.775	-10.69
-312.818	104.849	-10.69
-312.676	104.949	-10.69
-312.552	105.072	-10.69
-312.452	105.215	-10.69
-312.379	105.373	-10.69
-312.334	105.541	-10.69
-312.318	105.715	-10.69
-312.334	105.888	-10.69
-312.379	106.057	-10.69
-312.452	106.215	-10.69
-312.552	106.358	-10.69
-312.676	106.481	-10.69
-312.818	106.581	-10.69
-312.976	106.654	-10.69
-313.145	106.7	-10.69
-313.318	106.715	-10.69

#	Triangle	38
35	36	71	0	36	35
0	37	36	1	37	0
1	38	37	2	38	1
2	39	38	3	39	2
3	40	39	4	40	3
4	41	40	5	41	4
5	42	41	6	42	5
6	43	42	7	43	6
7	44	43	8	44	7
8	45	44	9	45	8
9	46	45	10	46	9
10	47	46	11	47	10
11	48	47	12	48	11
12	49	48	13	49	12
13	50	49	14	50	13
14	51	50	15	51	14
15	52	51	16	52	15
16	53	52	17	53	16
17	54	53	18	54	17
18	55	54	19	55	18
19	56	55	20	56	19
20	57	56	21	57	20
21	58	57	22	58	21
22	59	58	23	59	22
23	60	59	24	60	23
24	61	60	25	61	24
25	62	61	26	62	25
26	63	62	27	63	26
27	64	63	28	64	27
28	65	64	29	65	28
29	66	65	30	66	29
30	67	66	31	67	30
31	68	67	32	68	31
32	69	68	33	69	32
33	70	69	34	70	33
34	71	70	35	71	34
7	9	8	6	9	7	6	10	9	5	10	6	5	11	10	4	11	5	4	12	11	3	12	4	3	13	12	2	13	3	2	14	13	1	14	2	1	15	14	0	15	1	0	16	15	35	16	0	35	17	16	34	17	35	34	18	17	33	18	34	33	19	18	32	19	33	32	20	19	31	20	32	31	21	20	30	21	31	30	22	21	29	22	30	29	23	22	28	23	29	28	24	23	27	24	28	27	25	24	26	25	27
45	43	44	46	43	45	46	42	43	47	42	46	47	41	42	48	41	47	48	40	41	49	40	48	49	39	40	50	39	49	50	38	39	51	38	50	51	37	38	52	37	51	52	36	37	53	36	52	53	71	36	54	71	53	54	70	71	55	70	54	55	69	70	56	69	55	56	68	69	57	68	56	57	67	68	58	67	57	58	66	67	59	66	58	59	65	66	60	65	59	60	64	65	61	64	60	61	63	64	62	63	61

#	Normal	38
-0.0871692	0.996194	-0
-0.258826	0.965924	-0
-0.422628	0.906303	-0
-0.573607	0.819131	-0
-0.70704	0.707174	-0
-0.819173	0.573547	-0
-0.906337	0.422557	-0
-0.965913	0.258868	-0
-0.996197	0.0871325	-0
-0.996197	-0.0871286	0
-0.965913	-0.258868	0
-0.906329	-0.422574	0
-0.819188	-0.573526	0
-0.70704	-0.707174	0
-0.573607	-0.819131	0
-0.422628	-0.906303	0
-0.258826	-0.965924	0
-0.0871247	-0.996197	0
0.0871247	-0.996197	-0
0.258871	-0.965912	-0
0.422559	-0.906335	-0
0.573607	-0.819131	-0
0.707129	-0.707084	-0
0.819103	-0.573646	-0
0.906329	-0.422574	-0
0.965913	-0.258868	-0
0.996197	-0.0871286	-0
0.996197	0.0871325	-0
0.965913	0.258868	-0
0.906337	0.422557	-0
0.819089	0.573667	-0
0.707129	0.707084	-0
0.573607	0.819131	-0
0.422559	0.906335	-0
0.258871	0.965912	-0
0.0871692	0.996194	-0
-0	-0	-1
-0	-0	1

#	Mesh	0	End

