#	Mesh	0	Begin

#	Vertex	16
-266.778	113.965	3.38
-266.778	113.965	3.58
-266.778	113.065	3.38
-256.32	113.965	3.38
-256.32	113.965	3.58
-256.32	113.065	3.38
-266.778	115.365	3.38
-266.778	115.365	4.58
-266.778	113.965	4.58
-256.32	115.365	3.38
-256.32	115.365	4.58
-256.32	113.965	4.58
-266.778	116.265	3.38
-266.778	115.365	3.58
-256.32	116.265	3.38
-256.32	115.365	3.58

#	Triangle	8
2	3	5	0	3	2	0	9	3	6	9	0	6	14	9	12	14	6
0	4	3	1	4	0	6	10	9	7	10	6
1	5	4	2	5	1
2	1	0	0	7	6	8	7	0	13	12	6
3	4	5	9	11	3	10	11	9	9	14	15
7	11	10	8	11	7
8	3	11	0	3	8	13	9	15	6	9	13
12	15	14	13	15	12

#	Normal	8
-0	-0	-1
-0	1	-0
-0	-0.21693	0.976187
-1	-0	-0
1	-0	-0
-0	-0	1
0	-1	-0
-0	0.21693	0.976187

#	Mesh	0	End

