#	Mesh	0	Begin

#	Vertex	66
21.6533	114.069	0.29
21.6533	114.069	-0.36
21.6533	133.364	-0.36
21.6533	133.364	0.29
77.3094	133.364	-0.36
77.3094	133.364	0.29
77.3094	122.029	-0.36
77.3094	122.029	0.29
80.5687	122.029	-0.36
80.5687	122.029	0.29
80.5687	114.069	-0.36
80.5687	114.069	0.29
79.3847	114.069	-0.36
79.3847	114.069	0.29
70.6298	114.339	-0.36
70.6298	114.339	0.29
47.2615	113.191	-0.36
47.2615	113.191	0.29
26.6579	130.864	0.29
25.7579	130.864	0.29
25.7579	130.214	0.29
26.6579	130.214	0.29
26.6579	130.014	0.29
25.7579	130.014	0.29
25.7579	129.364	0.29
26.6579	129.364	0.29
40.0578	130.864	0.29
39.1578	130.864	0.29
39.1578	130.214	0.29
40.0578	130.214	0.29
40.0578	130.014	0.29
39.1578	130.014	0.29
39.1578	129.364	0.29
40.0578	129.364	0.29
43.6579	130.014	0.29
42.7579	130.014	0.29
42.7579	129.364	0.29
43.6579	129.364	0.29
43.6579	130.864	0.29
42.7579	130.864	0.29
42.7579	130.214	0.29
43.6579	130.214	0.29
25.7579	130.864	-0.36
26.6579	130.864	-0.36
26.6579	130.214	-0.36
25.7579	130.214	-0.36
25.7579	130.014	-0.36
26.6579	130.014	-0.36
26.6579	129.364	-0.36
25.7579	129.364	-0.36
39.1578	130.864	-0.36
40.0578	130.864	-0.36
40.0578	130.214	-0.36
39.1578	130.214	-0.36
39.1578	130.014	-0.36
40.0578	130.014	-0.36
40.0578	129.364	-0.36
39.1578	129.364	-0.36
42.7579	130.014	-0.36
43.6579	130.014	-0.36
43.6579	129.364	-0.36
42.7579	129.364	-0.36
42.7579	130.864	-0.36
43.6579	130.864	-0.36
43.6579	130.214	-0.36
42.7579	130.214	-0.36

#	Triangle	9
0	2	1	3	2	0	21	43	44	18	43	21	25	47	48	22	47	25	29	51	52	26	51	29	33	55	56	30	55	33	37	59	60	34	59	37	41	63	64	38	63	41
3	4	2	5	4	3	7	8	6	9	8	7	20	44	45	21	44	20	24	48	49	25	48	24	28	52	53	29	52	28	32	56	57	33	56	32	36	60	61	37	60	36	40	64	65	41	64	40
5	6	4	7	6	5	9	10	8	11	10	9	19	45	42	20	45	19	23	49	46	24	49	23	27	53	50	28	53	27	31	57	54	32	57	31	35	61	58	36	61	35	39	65	62	40	65	39
11	12	10	13	12	11	18	42	43	19	42	18	22	46	47	23	46	22	26	50	51	27	50	26	30	54	55	31	54	30	34	58	59	35	58	34	38	62	63	39	62	38
13	14	12	15	14	13
15	16	14	17	16	15
17	1	16	0	1	17
17	24	0	24	3	0	24	23	3	23	20	3	20	19	3	19	5	3	17	25	24	22	20	23	22	21	20	18	5	19	17	22	25	17	21	22	17	18	21	17	32	18	32	31	18	31	28	18	28	27	18	27	5	18	17	33	32	30	28	31	30	29	28	26	5	27	17	30	33	17	29	30	17	26	29	17	36	26	36	35	26	35	40	26	40	39	26	39	5	26	17	37	36	34	40	35	34	41	40	38	5	39	17	34	37	17	41	34	17	38	41	17	5	38	15	5	17	13	7	15	7	5	15	13	9	7	11	9	13
4	42	2	42	1	2	42	45	1	45	46	1	46	49	1	49	16	1	4	43	42	44	46	45	44	47	46	48	16	49	4	44	43	4	50	44	50	47	44	50	48	47	50	53	48	53	54	48	54	57	48	57	16	48	4	51	50	52	54	53	52	55	54	56	16	57	4	62	51	62	52	51	62	55	52	62	56	55	62	65	56	65	58	56	58	61	56	61	16	56	4	63	62	64	58	65	64	59	58	60	16	61	4	64	63	4	59	64	4	60	59	4	16	60	4	14	16	4	6	14	6	12	14	8	12	6	8	10	12

#	Normal	9
-1	0	-0
-0	1	-0
1	0	0
-0	-1	-0
-0.0308796	-0.999523	-0
0.0490672	-0.998795	-0
-0.0342472	-0.999413	-0
-0	-0	1
-0	-0	-1

#	Mesh	0	End

