#	Mesh	0	Begin

#	Vertex	28
-319.918	118.915	6.142
-319.918	118.915	4.942
-319.918	117.915	4.942
-319.918	117.915	6.142
-305.44	117.915	6.142
-305.418	117.915	6.142
-305.418	118.415	6.142
-305.418	118.915	6.142
-305.44	117.915	4.942
-305.418	117.915	4.942
-305.418	118.915	4.942
-305.418	118.785	4.942
-306.027	118.785	4.942
-306.027	118.085	4.942
-305.418	118.085	4.942
-313.627	118.769	4.942
-314.527	118.769	4.942
-314.527	118.069	4.942
-313.627	118.069	4.942
-313.627	118.769	5.542
-314.527	118.769	5.542
-314.527	118.069	5.542
-313.627	118.069	5.542
-306.027	118.785	5.542
-305.418	118.785	5.542
-306.027	118.085	5.542
-305.418	118.085	5.542
-305.418	118.415	5.542

#	Triangle	6
3	1	2	0	1	3	18	19	15	22	19	18
4	0	3	4	7	0	5	6	4	6	7	4
5	8	9	5	2	8	5	4	2	4	3	2	15	20	16	19	20	15	24	12	11	23	12	24
10	16	1	16	2	1	16	17	2	17	8	2	10	15	16	18	8	17	10	18	15	10	12	18	12	13	18	13	8	18	10	11	12	14	8	13	14	9	8	21	19	22	20	19	21	24	25	23	24	27	25	27	26	25
10	0	7	1	0	10	17	22	18	21	22	17	14	25	26	13	25	14
16	21	17	20	21	16	12	25	13	23	25	12	7	11	10	7	24	11	26	9	14	26	5	9	7	27	24	7	26	27	7	6	26	6	5	26

#	Normal	6
-1	0	-0
-0	-0	1
-0	-1	-0
-0	-0	-1
-0	1	-0
1	-0	-0

#	Mesh	0	End

