#	Mesh	0	Begin

#	Vertex	12
-76.4468	72.8148	3.38
-76.4468	71.4148	3.38
-88.9822	71.4148	3.38
-88.9822	72.8148	3.38
-76.4468	71.4148	1.38
-88.9822	71.4148	1.38
-76.4468	72.8148	1.38
-88.9822	72.8148	1.38
-82.6791	72.8148	1.38
-76.4468	72.1145	1.38
-76.4468	72.1145	3.38
-82.6791	72.8148	3.38

#	Triangle	7
1	3	2	1	11	3	1	10	11
2	4	1	5	4	2
8	5	7	8	4	5	9	4	8
11	7	3	8	7	11
3	5	2	7	5	3
9	1	4	10	1	9
8	10	9	11	10	8

#	Normal	7
-0	-0	1
0	-1	-0
-0	-0	-1
0	1	0
-1	-0	-0
1	-0	-0
0.111658	0.993747	-0

#	Mesh	0	End

