#	Mesh	0	Begin

#	Vertex	36
103.246	-48.4327	0.057
99.811	-48.7108	0.057
99.8118	-48.7208	0.057
99.9065	-49.8905	0.057
103.341	-49.6124	0.057
103.247	-48.4427	0.057
103.247	-48.4427	0.042
103.341	-49.6124	0.042
99.9065	-49.8905	0.042
99.8118	-48.7208	0.042
99.811	-48.7108	0.042
103.246	-48.4327	0.042
99.9065	-49.8905	0.027
99.9067	-49.8932	0.0285697
99.907	-49.897	0.03075
99.9073	-49.9002	0.032625
99.9075	-49.9034	0.0345
99.9075	-49.9034	0.03825
99.9075	-49.9034	0.042
99.9075	-49.9034	0.04575
99.9075	-49.9034	0.0495
99.9073	-49.9002	0.051375
99.907	-49.897	0.05325
99.9067	-49.8937	0.055125
103.341	-49.6151	0.0554303
103.342	-49.6178	0.0538605
103.342	-49.6216	0.0516803
103.342	-49.6253	0.0495
103.342	-49.6253	0.04575
103.342	-49.6253	0.042
103.342	-49.6253	0.03825
103.342	-49.6253	0.0345
103.342	-49.6221	0.032625
103.342	-49.6189	0.03075
103.342	-49.6156	0.028875
103.341	-49.6124	0.027

#	Triangle	39
2	0	1	3	0	2	4	5	3	5	0	3
11	9	10	11	8	9	11	6	8	6	7	8
13	8	12
14	8	13
15	8	14	16	8	15	17	8	16	18	8	17	19	8	18
19	9	8
19	10	9
19	1	10	20	1	19
21	1	20
22	1	21
23	1	22
3	2	23
2	1	23
7	34	35	7	33	34	7	32	33	7	31	32	7	30	31	7	29	30
0	6	11
0	7	6
0	29	7
0	28	29	0	27	28
0	26	27
0	25	26
0	24	25
0	5	24
5	4	24
10	0	11	1	0	10
23	4	3
22	4	23	20	4	21
21	4	22
27	26	20
26	25	20
25	24	20
24	4	20
35	13	12
35	14	13
35	15	14	35	34	16
35	16	15	34	33	16
33	32	16
32	31	16
30	16	31	30	17	16	29	17	30	29	18	17	28	18	29	28	19	18	27	19	28	27	20	19
8	35	12	7	35	8

#	Normal	39
-0	-0	1
-0	-0	-1
-4.06641e-005	-3.28125e-006	0
-5.64839e-005	-4.56896e-006	2.2583e-009
-4.85303e-005	-3.96973e-006	2.73438e-008
-0.996738	-0.0807054	-0.000429813
-3.73828e-005	-3.01758e-006	2.91385e-006
-0.996738	-0.080702	0
-0.996734	-0.0807165	0.00235312
-0.996737	-0.0806961	-0.00200365
-0.996735	-0.0807097	0.00234126
-0.996736	-0.0807053	-0.00181959
-1.86914e-005	-1.50879e-006	-2.94003e-006
4.85156e-005	3.98437e-006	0
0.996695	0.0812353	0
0.996738	0.0806985	0.000359114
0.995916	0.0811398	-0.039584
0.996738	0.0807085	-0
0.996738	0.0807082	4.21496e-005
0.996738	0.0807089	-0.000103577
0.996729	0.0806959	0.00449734
1.56483e-005	1.27541e-006	-6.34033e-006
0.996739	0.0806985	-0.000265557
-0.0807028	0.996738	-0
0.0403363	-0.49819	0.866129
0.0403422	-0.498262	0.866087
0.0403736	-0.498638	0.86587
0.0403696	-0.498595	0.865894
0.0403378	-0.49821	0.866118
0.0403338	-0.498162	0.866146
0.0403866	-0.498784	0.865785
0.040341	-0.498248	-0.866095
0.0403379	-0.49821	-0.866118
0.0403736	-0.498638	-0.86587
0.0403418	-0.498262	-0.866087
0.0403362	-0.49819	-0.866129
0.040373	-0.498638	-0.86587
0.0807026	-0.996738	-0
-0.0807016	0.996738	-0

#	Mesh	0	End

