#	Mesh	0	Begin

#	Vertex	72
31.0758	79.9186	1.15393
31.0799	79.9186	1.15283
31.0837	79.9186	1.15104
31.0872	79.9186	1.14861
31.0902	79.9186	1.14562
31.0926	79.9186	1.14215
31.0944	79.9186	1.13831
31.0955	79.9186	1.13422
31.0959	79.9186	1.13
31.0955	79.9186	1.12578
31.0944	79.9186	1.12169
31.0926	79.9186	1.11785
31.0902	79.9186	1.11438
31.0872	79.9186	1.11139
31.0837	79.9186	1.10896
31.0799	79.9186	1.10717
31.0758	79.9186	1.10607
31.0716	79.9186	1.1057
31.0673	79.9186	1.10607
31.0632	79.9186	1.10717
31.0594	79.9186	1.10896
31.0559	79.9186	1.11139
31.0529	79.9186	1.11438
31.0505	79.9186	1.11785
31.0487	79.9186	1.12169
31.0476	79.9186	1.12578
31.0473	79.9186	1.13
31.0476	79.9186	1.13422
31.0487	79.9186	1.13831
31.0505	79.9186	1.14215
31.0529	79.9186	1.14562
31.0559	79.9186	1.14861
31.0594	79.9186	1.15104
31.0632	79.9186	1.15283
31.0673	79.9186	1.15393
31.0716	79.9186	1.1543
31.0758	80.3187	1.15393
31.0799	80.3187	1.15283
31.0837	80.3187	1.15104
31.0872	80.3187	1.14861
31.0902	80.3187	1.14562
31.0926	80.3187	1.14215
31.0944	80.3187	1.13831
31.0955	80.3187	1.13422
31.0959	80.3187	1.13
31.0955	80.3187	1.12578
31.0944	80.3187	1.12169
31.0926	80.3187	1.11785
31.0902	80.3187	1.11438
31.0872	80.3187	1.11139
31.0837	80.3187	1.10896
31.0799	80.3187	1.10717
31.0758	80.3187	1.10607
31.0716	80.3187	1.1057
31.0673	80.3187	1.10607
31.0632	80.3187	1.10717
31.0594	80.3187	1.10896
31.0559	80.3187	1.11139
31.0529	80.3187	1.11438
31.0505	80.3187	1.11785
31.0487	80.3187	1.12169
31.0476	80.3187	1.12578
31.0473	80.3187	1.13
31.0476	80.3187	1.13422
31.0487	80.3187	1.13831
31.0505	80.3187	1.14215
31.0529	80.3187	1.14562
31.0559	80.3187	1.14861
31.0594	80.3187	1.15104
31.0632	80.3187	1.15283
31.0673	80.3187	1.15393
31.0716	80.3187	1.1543

#	Triangle	54
35	36	71	0	36	35
0	37	36	1	37	0
1	38	37	2	38	1
2	39	38	3	39	2
3	40	39	4	40	3
4	41	40	5	41	4
5	42	41	6	42	5
6	43	42	7	43	6
7	44	43	8	44	7
8	45	44	9	45	8
9	46	45	10	46	9
10	47	46	11	47	10
11	48	47	12	48	11
12	49	48	13	49	12
13	50	49	14	50	13
14	51	50	15	51	14
15	52	51	16	52	15
16	53	52	17	53	16
17	54	53	18	54	17
18	55	54	19	55	18
19	56	55	20	56	19
20	57	56	21	57	20
21	58	57	22	58	21
22	59	58	23	59	22
23	60	59	24	60	23
24	61	60	25	61	24
25	62	61	26	62	25
26	63	62	27	63	26
27	64	63	28	64	27
28	65	64	29	65	28
29	66	65	30	66	29
30	67	66	31	67	30
31	68	67	32	68	31
32	69	68	33	69	32
33	70	69	34	70	33
34	71	70	35	71	34
7	9	8	26	25	27
6	9	7	27	25	24
6	10	9	27	24	28
5	10	6	28	24	23
5	11	10	28	23	29
4	11	5	29	23	22
4	12	11	29	22	30
3	12	4	30	22	21
3	13	12	2	13	3	2	14	13	1	14	2	1	15	14	0	15	1	0	16	15	35	16	0	35	17	16	34	17	35	34	18	17	33	18	34	33	19	18	32	19	33	32	20	19	31	20	32	31	21	20	30	21	31
45	43	44	62	63	61
46	43	45	61	63	64
46	42	43	61	64	60
47	42	46	60	64	65
47	41	42	60	65	59
48	41	47	59	65	66
48	40	41	59	66	58
49	40	48	58	66	67
49	39	40	50	39	49	50	38	39	51	38	50	51	37	38	52	37	51	52	36	37	53	36	52	53	71	36	54	71	53	54	70	71	55	70	54	55	69	70	56	69	55	56	68	69	57	68	56	57	67	68	58	67	57

#	Normal	54
0.0871555	-0	0.996195
0.258801	-0	0.965931
0.422696	-0	0.906271
0.573474	-0	0.819224
0.707222	-0	0.706991
0.819134	-0	0.573602
0.90623	-0	0.422786
0.965961	-0	0.258689
0.996195	-0	0.0871494
0.996195	-0	-0.0871494
0.965961	-0	-0.258689
0.90623	-0	-0.422786
0.819134	-0	-0.573602
0.707222	-0	-0.706991
0.573474	-0	-0.819224
0.422696	-0	-0.906271
0.258801	-0	-0.965931
0.0871555	-0	-0.996195
-0.0871956	0	-0.996191
-0.258801	0	-0.965931
-0.422696	0	-0.906271
-0.573474	0	-0.819224
-0.707222	0	-0.706991
-0.819134	0	-0.573602
-0.90623	0	-0.422786
-0.965961	0	-0.258689
-0.996195	0	-0.0871494
-0.996195	-0	0.0871494
-0.965961	-0	0.258689
-0.90623	-0	0.422786
-0.819134	-0	0.573602
-0.707222	-0	0.706991
-0.573474	-0	0.819224
-0.422696	-0	0.906271
-0.258801	-0	0.965931
-0.0871956	-0	0.996191
-0	-3.11525e-006	-0
-0	-9.24687e-006	-0
-0	-1.82129e-005	-0
-0	-2.97704e-005	-0
-0	-4.35218e-005	-0
-0	-5.90415e-005	-0
-0	-7.59022e-005	-0
-0	-9.35355e-005	-0
-0	-1	-0
-0	3.11525e-006	-0
-0	9.24687e-006	-0
-0	1.82129e-005	-0
-0	2.97704e-005	-0
-0	4.35218e-005	-0
-0	5.90415e-005	-0
-0	7.59022e-005	-0
-0	9.35355e-005	-0
-0	1	-0

#	Mesh	0	End

