#	Mesh	0	Begin

#	Vertex	331
102.06	-88.1434	-9.57914
102.06	-88.1434	-9.725
102.061	-88.1558	-9.725
102.061	-88.1558	-9.57914
104.153	-87.9739	-9.57914
104.154	-87.9864	-9.57914
104.154	-87.9864	-9.725
104.153	-87.9739	-9.725
102.083	-88.4225	-9.55
104.176	-88.253	-9.55
104.154	-87.9789	-9.55
102.061	-88.1484	-9.55
102.061	-88.1484	-9.565
104.154	-87.9789	-9.565
104.176	-88.253	-9.565
102.083	-88.4225	-9.565
104.154	-87.9789	-9.58
104.154	-87.9767	-9.57871
104.153	-87.9744	-9.57742
104.153	-87.9724	-9.57625
104.153	-87.9692	-9.57437
104.153	-87.9659	-9.5725
104.153	-87.9659	-9.56875
104.153	-87.9659	-9.565
104.153	-87.9659	-9.56125
104.153	-87.9659	-9.5575
104.153	-87.9692	-9.55563
104.153	-87.9724	-9.55375
104.154	-87.9756	-9.55188
102.06	-88.1461	-9.55129
102.06	-88.1439	-9.55258
102.06	-88.1417	-9.55386
102.06	-88.1395	-9.55515
102.06	-88.1354	-9.5575
102.06	-88.1354	-9.56125
102.06	-88.1354	-9.565
102.06	-88.1354	-9.56875
102.06	-88.1354	-9.5725
102.06	-88.1386	-9.57437
102.06	-88.1419	-9.57625
102.06	-88.1451	-9.57813
102.061	-88.1484	-9.58
102.083	-88.4225	-9.41914
102.084	-88.4349	-9.565
102.084	-88.4349	-9.41914
104.176	-88.253	-9.41914
104.177	-88.2654	-9.41914
104.177	-88.2654	-9.565
102.105	-88.7015	-9.39
104.199	-88.5321	-9.39
104.176	-88.258	-9.39
102.083	-88.4274	-9.39
102.083	-88.4274	-9.405
104.176	-88.258	-9.405
104.199	-88.5321	-9.405
102.105	-88.7015	-9.405
104.176	-88.258	-9.42
104.176	-88.2557	-9.41871
104.176	-88.2535	-9.41742
104.176	-88.2515	-9.41625
104.176	-88.2482	-9.41437
104.175	-88.245	-9.4125
104.175	-88.245	-9.40875
104.175	-88.245	-9.405
104.175	-88.245	-9.40125
104.175	-88.245	-9.3975
104.176	-88.2482	-9.39563
104.176	-88.2515	-9.39375
104.176	-88.2547	-9.39188
102.083	-88.4252	-9.39129
102.083	-88.423	-9.39258
102.083	-88.4208	-9.39386
102.083	-88.4185	-9.39515
102.082	-88.4145	-9.3975
102.082	-88.4145	-9.40125
102.082	-88.4145	-9.405
102.082	-88.4145	-9.40875
102.082	-88.4145	-9.4125
102.082	-88.4177	-9.41437
102.083	-88.421	-9.41625
102.083	-88.4242	-9.41812
102.083	-88.4274	-9.42
102.105	-88.7015	-9.25914
102.106	-88.714	-9.405
102.106	-88.714	-9.25914
104.199	-88.5321	-9.25914
104.2	-88.5445	-9.25914
104.2	-88.5445	-9.405
102.128	-88.9806	-9.23
104.221	-88.8112	-9.23
104.199	-88.537	-9.23
102.106	-88.7065	-9.23
102.106	-88.7065	-9.245
104.199	-88.537	-9.245
104.221	-88.8112	-9.245
102.128	-88.9806	-9.245
104.199	-88.537	-9.26
104.199	-88.5348	-9.25871
104.199	-88.5326	-9.25742
104.198	-88.5306	-9.25625
104.198	-88.5273	-9.25437
104.198	-88.5241	-9.2525
104.198	-88.5241	-9.24875
104.198	-88.5241	-9.245
104.198	-88.5241	-9.24125
104.198	-88.5241	-9.2375
104.198	-88.5273	-9.23563
104.198	-88.5306	-9.23375
104.199	-88.5338	-9.23188
102.106	-88.7043	-9.23129
102.105	-88.7021	-9.23258
102.105	-88.6999	-9.23386
102.105	-88.6976	-9.23515
102.105	-88.6936	-9.2375
102.105	-88.6936	-9.24125
102.105	-88.6936	-9.245
102.105	-88.6936	-9.24875
102.105	-88.6936	-9.2525
102.105	-88.6968	-9.25437
102.105	-88.7001	-9.25625
102.106	-88.7033	-9.25812
102.106	-88.7065	-9.26
102.128	-88.9806	-9.09914
102.129	-88.9931	-9.245
102.129	-88.9931	-9.09914
104.221	-88.8112	-9.09914
104.222	-88.8236	-9.09914
104.222	-88.8236	-9.245
102.151	-89.2597	-9.07
104.244	-89.0902	-9.07
104.222	-88.8161	-9.07
102.128	-88.9856	-9.07
102.128	-88.9856	-9.085
104.222	-88.8161	-9.085
104.244	-89.0902	-9.085
102.151	-89.2597	-9.085
104.222	-88.8161	-9.1
104.221	-88.8139	-9.09871
104.221	-88.8117	-9.09742
104.221	-88.8097	-9.09625
104.221	-88.8064	-9.09437
104.221	-88.8032	-9.0925
104.221	-88.8032	-9.08875
104.221	-88.8032	-9.085
104.221	-88.8032	-9.08125
104.221	-88.8032	-9.0775
104.221	-88.8064	-9.07563
104.221	-88.8097	-9.07375
104.221	-88.8129	-9.07188
102.128	-88.9834	-9.07129
102.128	-88.9812	-9.07258
102.128	-88.9789	-9.07386
102.128	-88.9767	-9.07515
102.127	-88.9727	-9.0775
102.127	-88.9727	-9.08125
102.127	-88.9727	-9.085
102.127	-88.9727	-9.08875
102.127	-88.9727	-9.0925
102.128	-88.9759	-9.09437
102.128	-88.9791	-9.09625
102.128	-88.9824	-9.09812
102.128	-88.9856	-9.1
102.151	-89.2597	-8.93914
102.152	-89.2722	-9.085
102.152	-89.2722	-8.93914
104.244	-89.0902	-8.93914
104.245	-89.1027	-8.93914
104.245	-89.1027	-9.085
102.173	-89.5388	-8.91
104.266	-89.3693	-8.91
104.244	-89.0952	-8.91
102.151	-89.2647	-8.91
102.151	-89.2647	-8.925
104.244	-89.0952	-8.925
104.266	-89.3693	-8.925
102.173	-89.5388	-8.925
104.244	-89.0952	-8.94
104.244	-89.093	-8.93871
104.244	-89.0908	-8.93742
104.244	-89.0888	-8.93625
104.243	-89.0855	-8.93438
104.243	-89.0823	-8.9325
104.243	-89.0823	-8.92875
104.243	-89.0823	-8.925
104.243	-89.0823	-8.92125
104.243	-89.0823	-8.9175
104.243	-89.0855	-8.91563
104.244	-89.0888	-8.91375
104.244	-89.092	-8.91188
102.151	-89.2625	-8.91129
102.151	-89.2602	-8.91258
102.15	-89.258	-8.91386
102.15	-89.2558	-8.91515
102.15	-89.2518	-8.9175
102.15	-89.2518	-8.92125
102.15	-89.2518	-8.925
102.15	-89.2518	-8.92875
102.15	-89.2518	-8.9325
102.15	-89.255	-8.93438
102.15	-89.2582	-8.93625
102.151	-89.2615	-8.93812
102.151	-89.2647	-8.94
102.173	-89.5388	-8.77914
102.174	-89.5513	-8.925
102.174	-89.5513	-8.77914
104.266	-89.3693	-8.77914
104.267	-89.3818	-8.77914
104.267	-89.3818	-8.925
102.196	-89.8179	-8.75
104.289	-89.6484	-8.75
104.267	-89.3743	-8.75
102.174	-89.5438	-8.75
102.174	-89.5438	-8.765
104.267	-89.3743	-8.765
104.289	-89.6484	-8.765
102.196	-89.8179	-8.765
104.267	-89.3743	-8.78
104.267	-89.3721	-8.77871
104.266	-89.3699	-8.77742
104.266	-89.3678	-8.77625
104.266	-89.3646	-8.77438
104.266	-89.3614	-8.7725
104.266	-89.3614	-8.76875
104.266	-89.3614	-8.765
104.266	-89.3614	-8.76125
104.266	-89.3614	-8.7575
104.266	-89.3646	-8.75563
104.266	-89.3678	-8.75375
104.267	-89.3711	-8.75188
102.173	-89.5416	-8.75129
102.173	-89.5393	-8.75258
102.173	-89.5371	-8.75386
102.173	-89.5349	-8.75515
102.173	-89.5308	-8.7575
102.173	-89.5308	-8.76125
102.173	-89.5308	-8.765
102.173	-89.5308	-8.76875
102.173	-89.5308	-8.7725
102.173	-89.5341	-8.77438
102.173	-89.5373	-8.77625
102.173	-89.5405	-8.77813
102.174	-89.5438	-8.78
102.196	-89.8179	-8.61914
102.197	-89.8303	-8.765
102.197	-89.8303	-8.61914
104.289	-89.6484	-8.61914
104.29	-89.6609	-8.61914
104.29	-89.6609	-8.765
102.218	-90.097	-8.59
104.312	-89.9275	-8.59
104.289	-89.6534	-8.59
102.196	-89.8229	-8.59
102.196	-89.8229	-8.605
104.289	-89.6534	-8.605
104.312	-89.9275	-8.605
102.218	-90.097	-8.605
104.289	-89.6534	-8.62
104.289	-89.6512	-8.61871
104.289	-89.649	-8.61742
104.289	-89.6469	-8.61625
104.289	-89.6437	-8.61438
104.288	-89.6404	-8.6125
104.288	-89.6404	-8.60875
104.288	-89.6404	-8.605
104.288	-89.6404	-8.60125
104.288	-89.6404	-8.5975
104.289	-89.6437	-8.59563
104.289	-89.6469	-8.59375
104.289	-89.6502	-8.59187
102.196	-89.8206	-8.59129
102.196	-89.8184	-8.59258
102.196	-89.8162	-8.59386
102.195	-89.814	-8.59515
102.195	-89.8099	-8.5975
102.195	-89.8099	-8.60125
102.195	-89.8099	-8.605
102.195	-89.8099	-8.60875
102.195	-89.8099	-8.6125
102.195	-89.8132	-8.61438
102.196	-89.8164	-8.61625
102.196	-89.8196	-8.61813
102.196	-89.8229	-8.62
102.241	-90.3761	-8.29914
102.241	-90.3761	-8.445
102.242	-90.3885	-8.445
102.242	-90.3885	-8.29914
104.364	-90.2042	-8.29914
104.365	-90.2166	-8.29914
104.365	-90.2166	-8.445
104.364	-90.2042	-8.445
102.218	-90.097	-8.45914
102.219	-90.1094	-8.605
102.219	-90.1094	-8.45914
104.312	-89.9275	-8.45914
104.313	-89.94	-8.45914
104.313	-89.94	-8.605
102.241	-90.3761	-8.43
104.334	-90.2066	-8.43
104.312	-89.9325	-8.43
102.219	-90.102	-8.43
102.24	-90.3661	-8.43
102.219	-90.102	-8.445
104.312	-89.9325	-8.445
104.334	-90.2066	-8.445
102.24	-90.3661	-8.445
104.312	-89.9325	-8.46
104.312	-89.9303	-8.45871
104.312	-89.928	-8.45742
104.311	-89.926	-8.45625
104.311	-89.9228	-8.45438
104.311	-89.9195	-8.4525
104.311	-89.9195	-8.44875
104.311	-89.9195	-8.445
104.311	-89.9195	-8.44125
104.311	-89.9195	-8.4375
104.311	-89.9228	-8.43562
104.311	-89.926	-8.43375
104.312	-89.9292	-8.43187
102.219	-90.0997	-8.43129
102.218	-90.0975	-8.43258
102.218	-90.0953	-8.43386
102.218	-90.0931	-8.43515
102.218	-90.089	-8.4375
102.218	-90.089	-8.44125
102.218	-90.089	-8.445
102.218	-90.089	-8.44875
102.218	-90.089	-8.4525
102.218	-90.0923	-8.45438
102.218	-90.0955	-8.45625
102.219	-90.0987	-8.45813
102.219	-90.102	-8.46

#	Triangle	116
3	1	2	0	1	3	44	15	43	42	15	44	84	55	83	82	55	84	124	95	123	122	95	124	285	283	284	282	283	285	292	255	291	290	255	292
7	5	6	4	5	7	14	46	47	45	46	14	54	86	87	85	86	54	174	206	207	205	206	174	214	246	247	245	246	214
7	0	4	1	0	7	36	21	37	36	22	21	35	22	36	35	23	22	34	23	35	34	24	23	33	24	34	33	25	24	14	42	45	15	42	14	76	61	77	76	62	61	75	62	76	75	63	62	74	63	75	74	64	63	73	64	74	73	65	64	54	82	85	55	82	54	116	101	117	116	102	101	115	102	116	115	103	102	114	103	115	114	104	103	113	104	114	113	105	104	156	141	157	156	142	141	155	142	156	155	143	142	154	143	155	154	144	143	153	144	154	153	145	144	134	162	165	135	162	134	196	181	197	196	182	181	195	182	196	195	183	182	194	183	195	194	184	183	193	184	194	193	185	184	174	202	205	175	202	174	236	221	237	236	222	221	235	222	236	235	223	222	234	223	235	234	224	223	233	224	234	233	225	224	214	242	245	215	242	214	276	261	277	276	262	261	275	262	276	275	263	262	274	263	275	274	264	263	273	264	274	273	265	264	254	290	293	255	290	254
6	1	7	2	1	6	15	13	14	12	13	15	47	15	14	43	15	47	55	53	54	52	53	55	87	55	54	83	55	87	95	93	94	92	93	95	127	95	94	123	95	127	135	133	134	132	133	135	167	135	134	163	135	167	175	173	174	172	173	175	207	175	174	203	175	207	215	213	214	212	213	215	247	215	214	243	215	247	255	253	254	252	253	255	288	283	289	284	283	288	295	255	254	291	255	295	302	304	301	302	283	304	302	303	283
5	2	6	3	2	5	14	8	15	9	8	14	13	41	16	12	41	13	46	43	47	44	43	46	54	48	55	49	48	54	53	81	56	52	81	53	86	83	87	84	83	86	93	121	96	92	121	93	126	123	127	124	123	126	134	128	135	129	128	134	133	161	136	132	161	133	166	163	167	164	163	166	174	168	175	169	168	174	214	208	215	209	208	214	213	241	216	212	241	213	254	248	255	249	248	254	253	281	256	252	281	253	294	291	295	292	291	294	303	296	283	297	296	303	302	330	305	301	330	302
4	3	5	0	3	4	11	9	10	8	9	11	45	44	46	42	44	45	51	49	50	48	49	51	85	84	86	82	84	85	91	89	90	88	89	91	125	124	126	122	124	125	131	129	130	128	129	131	165	164	166	162	164	165	171	169	170	168	169	171	205	204	206	202	204	205	211	209	210	208	209	211	245	244	246	242	244	245	251	249	250	248	249	251	286	285	287	282	285	286	293	292	294	290	292	293	300	298	299	296	298	300	297	298	296
17	13	16	18	13	17	57	53	56	58	53	57	97	93	96	98	93	97	137	133	136	138	133	137	177	173	176	178	173	177	217	213	216	218	213	217	257	253	256	258	253	257	306	302	305	307	302	306
19	13	18	59	53	58	99	93	98	139	133	138	179	173	178	219	213	218	259	253	258	308	302	307
20	13	19	21	13	20	22	13	21	23	13	22	24	13	23	60	53	59	61	53	60	62	53	61	63	53	62	64	53	63	100	93	99	101	93	100	102	93	101	103	93	102	104	93	103	140	133	139	141	133	140	142	133	141	143	133	142	144	133	143	180	173	179	181	173	180	182	173	181	183	173	182	184	173	183	220	213	219	221	213	220	222	213	221	223	213	222	224	213	223	260	253	259	261	253	260	262	253	261	263	253	262	264	253	263	309	302	308	310	302	309	311	302	310	312	302	311	313	302	312
24	14	13	64	54	53	313	303	302
24	9	14	25	9	24	64	49	54	65	49	64	313	297	303	314	297	313
26	9	25	267	249	266
27	9	26
28	9	27
10	9	28	298	297	317
12	40	41	12	39	40	12	38	39	12	37	38	12	36	37	12	35	36	52	80	81	52	79	80	52	78	79	52	77	78	52	76	77	52	75	76	92	120	121	92	119	120	92	118	119	92	117	118	92	116	117	92	115	116	132	160	161	132	159	160	132	158	159	132	157	158	132	156	157	132	155	156	172	200	201	172	199	200	172	198	199	172	197	198	172	196	197	172	195	196	212	240	241	212	239	240	212	238	239	212	237	238	212	236	237	212	235	236	252	280	281	252	279	280	252	278	279	252	277	278	252	276	277	252	275	276	301	329	330	301	328	329	301	327	328	301	326	327	301	325	326	301	324	325
8	12	15	88	92	95	208	212	215	248	252	255
8	35	12	88	115	92
8	34	35	8	33	34	48	74	75	48	73	74	88	114	115	88	113	114
8	32	33	48	72	73	88	112	113
8	31	32	48	71	72	88	111	112	128	150	151	208	230	231	248	270	271
8	30	31	48	70	71	88	110	111	88	109	110	296	319	320
8	29	30	128	131	149	296	318	319
8	11	29	128	149	150	208	229	230	208	211	229	248	269	270	248	251	269
32	25	33	72	65	73	112	105	113	152	145	153	232	225	233	272	265	273
31	25	32	71	65	72	111	105	112
30	25	31	70	65	71	110	105	111	109	105	110	149	145	150	189	185	190	229	225	230	211	225	229	269	265	270	251	265	269	319	314	320
29	25	30	150	145	151	190	185	191	230	225	231	270	265	271	318	314	319
11	25	29	299	314	318
10	28	11	68	67	51	90	108	91	188	187	171	298	317	299
28	27	11	50	68	51	108	107	91	130	148	131	148	147	131	187	186	171
27	26	11	107	106	91	147	146	131
26	25	11	106	105	91	146	145	131	228	227	211	267	266	251	316	315	299
21	38	37	61	78	77	141	158	157	181	198	197	180	179	201	310	328	327
21	39	38	61	79	78	101	118	117	310	329	328
21	40	39	61	80	79	60	59	81	221	220	241	261	260	281
21	41	40	61	60	81	101	120	119	141	161	160	181	200	199	220	219	241	261	279	278	310	309	330
21	20	41	61	81	80	101	121	120	101	100	121	141	160	159	141	140	161	181	201	200	221	239	238	221	240	239	261	280	279	260	259	281	309	308	330
20	19	41	100	99	121	140	139	161	221	241	240	261	281	280
19	18	41	59	58	81	99	98	121	139	138	161	179	178	201
18	17	41	58	57	81	98	97	121	178	177	201	177	176	201
17	16	41	57	56	81	97	96	121	137	136	161
66	49	65	315	297	314
67	49	66
68	49	67
50	49	68
48	52	55
48	75	52
48	69	70
48	51	69
69	65	70
51	65	69	91	105	109	131	145	149	171	185	189
67	66	51	226	225	211	266	265	251
66	65	51	227	226	211	268	267	251	315	314	299
104	94	93
104	89	94	105	89	104	144	129	134	145	129	144	184	169	174	185	169	184	224	209	214	225	209	224	264	249	254	265	249	264
106	89	105	146	129	145
107	89	106	147	129	146
108	89	107	148	129	147	130	129	148	187	169	186	228	209	227	316	297	315
90	89	108	268	249	267
88	91	109
94	88	95	89	88	94	173	201	176	172	201	173	206	203	207	204	203	206	246	243	247	244	243	246
101	119	118	181	199	198
94	126	127	125	126	94	134	166	167	165	166	134	289	287	288	286	287	289
94	122	125	95	122	94	325	310	326	325	311	310	324	311	325	324	312	311	323	312	324	323	313	312	322	313	323	322	314	313
144	134	133
128	132	135
128	155	132
128	154	155	128	153	154	168	194	195	168	193	194	208	234	235	208	233	234	248	274	275	248	273	274	296	323	324	296	322	323
128	152	153	208	232	233	248	272	273	296	321	322
128	151	152	208	231	232	248	271	272	296	320	321
151	145	152	191	185	192	231	225	232	271	265	272
141	159	158	310	327	326
138	137	161
164	135	163	162	135	164	244	215	243	242	215	244
184	174	173	224	214	213
186	169	185
188	169	187	227	209	226
170	169	188
168	172	175
168	195	172
168	192	193
168	191	192
168	190	191
168	189	190
168	171	189
192	185	193
170	188	171	317	316	299
186	185	171
181	180	201
204	175	203	202	175	204
226	209	225	266	249	265
210	209	228
208	235	212	248	275	252	296	324	301
210	228	211
221	238	237
219	218	241
218	217	241	217	216	241	257	256	281	306	305	330
264	254	253
250	249	268
250	268	251
261	278	277
259	258	281	308	307	330
258	257	281
289	282	286	283	282	289
287	284	288	285	284	287
254	294	295	293	294	254
317	297	316
296	304	283
296	301	304
296	300	318
300	299	318
321	314	322
320	314	321
310	330	329
307	306	330

#	Normal	116
-0.996745	-0.0806145	-0
0.996745	0.0806145	-0
-0.0807032	0.996738	-0
-0	-0	-1
0.0807032	-0.996738	-0
-0	0	1
3.32812e-005	2.69531e-006	-0
3.03569e-005	2.46013e-006	2.13623e-009
4.86035e-005	3.88184e-006	-2.93579e-008
0.996738	0.0807106	-0.000363816
0.996738	0.0807059	-0
0.99674	0.0806517	-0.00208068
0.996732	0.0807431	0.00256773
0.996738	0.0806822	-0.00202771
0.996735	0.0807104	0.00217437
-4.85156e-005	-3.86719e-006	-0
-0.996738	-0.0807106	-0
-0.996744	-0.0806057	0.00192585
-0.996738	-0.0807059	0
-0.996738	-0.080708	-8.13658e-005
-0.996738	-0.080706	2.70718e-005
-0.996737	-0.0807129	-0.000474376
-0.996738	-0.0807083	2.30886e-005
-0.996737	-0.0807106	-0.0004704
-0.0403517	0.49837	0.866025
-0.0403982	0.498927	0.865702
-0.0403114	0.497905	0.866294
-0.0404242	0.49921	0.865537
-0.0403095	0.497906	0.866294
-0.0403792	0.49871	0.865828
-0.0403732	0.498638	0.86587
-0.0403031	0.497815	0.866346
-0.0403749	0.498638	0.86587
-0.0403734	0.498638	-0.86587
-0.0403794	0.49871	-0.865828
-0.040297	0.497742	-0.866388
-0.0403814	0.49871	-0.865828
-0.0403749	0.498638	-0.86587
-0.0403031	0.497815	-0.866346
-0.0403981	0.498931	-0.8657
-0.0403122	0.497905	-0.866294
-0.0404197	0.499211	-0.865537
0.996731	0.0807646	0.0022684
0.996738	0.0806868	-0.00168358
0.996733	0.0807386	0.00222337
0.996736	0.0807104	-0.0019787
-0.99674	-0.0806824	-0
-0.996652	-0.0811998	-0.00958452
-0.996726	-0.0806551	0.00566919
-0.99674	-0.0806824	6.80617e-005
-0.0403021	0.4978	0.866355
-0.040426	0.49921	0.865537
-0.040297	0.497742	0.866388
-0.0403814	0.49871	0.865828
0.996738	0.0807083	-0.000355875
0.996738	0.0807037	-0
0.99674	0.0806494	-0.00208465
0.996732	0.0807408	0.00256375
0.996738	0.0806799	-0.00203168
0.996735	0.0807081	0.0021704
-0.996738	-0.0807106	1.91261e-005
0.0806995	-0.996738	-0
-0.0402988	0.497742	-0.866388
0.996741	0.0806648	-0
-0.0806995	0.996738	-0
0.996738	0.08068	0.00181873
-0.996738	-0.0807083	-0
-0.996744	-0.0806058	0.00188387
-0.996738	-0.0807037	0
-0.996738	-0.0807057	-7.73945e-005
-0.996737	-0.0807129	-0.000474745
-0.0402892	0.497622	0.866458
-0.040305	0.497815	-0.866346
-0.0403034	0.4978	-0.866355
-0.996741	-0.0806648	-0
0.996737	0.0807106	-0.000531963
0.996729	0.0807713	0.00261685
0.996733	0.0807363	0.0022194
0.996736	0.0807105	-0.00164241
-0.99674	-0.0806801	-0
-0.996651	-0.0811997	-0.0096268
-0.99674	-0.0806151	0.00339478
-0.99674	-0.0806847	-0.000425599
-0.99674	-0.0806778	7.59835e-005
-0.99674	-0.0806824	-0.000421293
-0.99674	-0.0806801	7.20227e-005
-0.0403468	0.498312	0.866058
-0.040299	0.497742	0.866388
-0.0403015	0.497815	0.866346
-0.0403015	0.497815	-0.866346
-0.996691	-0.081286	-0
0.99674	0.0806586	-0.00173271
0.996734	0.0807103	0.00251066
-0.996746	-0.0805573	0.00281424
-0.0403067	0.497814	0.866346
-0.0403067	0.497814	-0.866346
-0.0404	0.498931	-0.8657
-0.040314	0.497905	-0.866294
0.996739	0.0806823	0.00164271
0.996738	0.0806823	-0.00169153
-0.0403007	0.497742	0.866388
-0.0403008	0.497742	-0.866388
-0.0402781	0.4975	-0.866528
-0.0404214	0.499211	-0.865537
-0.0807017	0.996738	-0
0.0807054	-0.996738	-0
0.996695	0.0812353	-0
0.996738	0.0806845	-0.00168756
-0.996695	-0.0812353	-0
-0.996739	-0.0806908	0.00036428
-1.28406e-005	-1.04657e-006	-1.46582e-006
-0.996739	-0.0806908	-0.000435941
-0.0403498	0.49837	0.866025
-0.0402873	0.497622	0.866458
-0.040295	0.497743	-0.866388
-0.0404216	0.49921	-0.865537

#	Mesh	0	End

