#	Mesh	0	Begin

#	Vertex	72
93.7334	88.655	0.704859
93.7193	88.6539	0.701063
93.706	88.6528	0.694865
93.6941	88.6518	0.686453
93.6837	88.651	0.676083
93.6753	88.6503	0.664069
93.6692	88.6498	0.650777
93.6654	88.6495	0.63661
93.6641	88.6494	0.622
93.6654	88.6495	0.60739
93.6692	88.6498	0.593223
93.6753	88.6503	0.579931
93.6837	88.651	0.567917
93.6941	88.6518	0.557547
93.706	88.6528	0.549135
93.7193	88.6539	0.542937
93.7334	88.655	0.539141
93.748	88.6562	0.537862
93.7625	88.6574	0.539141
93.7766	88.6585	0.542937
93.7899	88.6596	0.549135
93.8019	88.6606	0.557547
93.8122	88.6614	0.567917
93.8206	88.6621	0.579931
93.8268	88.6626	0.593223
93.8306	88.6629	0.60739
93.8318	88.663	0.622
93.8306	88.6629	0.63661
93.8268	88.6626	0.650777
93.8206	88.6621	0.664069
93.8122	88.6614	0.676083
93.8019	88.6606	0.686453
93.7899	88.6596	0.694865
93.7766	88.6585	0.701063
93.7625	88.6574	0.704859
93.748	88.6562	0.706138
94.1726	83.2383	0.704859
94.1585	83.2372	0.701063
94.1453	83.2361	0.694865
94.1333	83.2351	0.686453
94.1229	83.2343	0.676083
94.1145	83.2336	0.664069
94.1084	83.2331	0.650777
94.1046	83.2328	0.63661
94.1033	83.2327	0.622
94.1046	83.2328	0.60739
94.1084	83.2331	0.593223
94.1145	83.2336	0.579931
94.1229	83.2343	0.567917
94.1333	83.2351	0.557547
94.1453	83.2361	0.549135
94.1585	83.2372	0.542937
94.1726	83.2383	0.539141
94.1872	83.2395	0.537862
94.2017	83.2407	0.539141
94.2159	83.2418	0.542937
94.2291	83.2429	0.549135
94.2411	83.2439	0.557547
94.2514	83.2447	0.567917
94.2598	83.2454	0.579931
94.266	83.2459	0.593223
94.2698	83.2462	0.60739
94.271	83.2463	0.622
94.2698	83.2462	0.63661
94.266	83.2459	0.650777
94.2598	83.2454	0.664069
94.2514	83.2447	0.676083
94.2411	83.2439	0.686453
94.2291	83.2429	0.694865
94.2159	83.2418	0.701063
94.2017	83.2407	0.704859
94.1872	83.2395	0.706138

#	Triangle	94
35	36	71	0	36	35
0	37	36
1	37	0
1	38	37
2	38	1
2	39	38
3	39	2
3	40	39	4	40	3
4	41	40
5	41	4
5	42	41
6	42	5
6	43	42
7	43	6
7	44	43
8	44	7
8	45	44
9	45	8
9	46	45
10	46	9
10	47	46
11	47	10
11	48	47
12	48	11
12	49	48	13	49	12
13	50	49
14	50	13
14	51	50
15	51	14
15	52	51
16	52	15
16	53	52	17	53	16
17	54	53	18	54	17
18	55	54
19	55	18
19	56	55
20	56	19
20	57	56
21	57	20
21	58	57	22	58	21
22	59	58
23	59	22
23	60	59
24	60	23
24	61	60
25	61	24
25	62	61
26	62	25
26	63	62
27	63	26
27	64	63
28	64	27
28	65	64
29	65	28
29	66	65
30	66	29
30	67	66	31	67	30
31	68	67
32	68	31
32	69	68
33	69	32
33	70	69
34	70	33
34	71	70	35	71	34
7	9	8	26	25	27
6	9	7	6	10	9
5	10	6	5	11	10
4	11	5	4	12	11
3	12	4	3	13	12	30	21	31	30	22	21
2	13	3	2	14	13
1	14	2	1	15	14
0	15	1	0	16	15
35	16	0	35	17	16	34	17	35	34	18	17
33	18	34	33	19	18
32	19	33	32	20	19
31	20	32	31	21	20
29	22	30	29	23	22
28	23	29	28	24	23
27	24	28	27	25	24
45	43	44	62	63	61
46	43	45	46	42	43
47	42	46	47	41	42
48	41	47	48	40	41
49	40	48	49	39	40	58	67	57	58	66	67
50	39	49	50	38	39
51	38	50	51	37	38
52	37	51	52	36	37
53	36	52	53	71	36	54	71	53	54	70	71
55	70	54	55	69	70
56	69	55	56	68	69
57	68	56	57	67	68
59	66	58	59	65	66
60	65	59	60	64	65
61	64	60	61	63	64

#	Normal	94
-0.0868728	-0.00704416	0.996195
-0.257892	-0.0209114	0.965947
-0.258014	-0.0209209	0.965915
-0.421393	-0.0341685	0.906234
-0.421207	-0.0341539	0.906321
-0.571641	-0.046352	0.819194
-0.571621	-0.0463504	0.819208
-0.704823	-0.0571513	0.707078
-0.816282	-0.066189	0.573849
-0.816531	-0.066208	0.573493
-0.903484	-0.0732586	0.422314
-0.903298	-0.0732447	0.422715
-0.962674	-0.0780592	0.259164
-0.962806	-0.0780686	0.258669
-0.99294	-0.080512	0.0871043
-0.992937	-0.0805118	0.087147
-0.99294	-0.0805121	-0.0871043
-0.992937	-0.0805117	-0.087147
-0.962674	-0.0780579	-0.259164
-0.962806	-0.07807	-0.258669
-0.903484	-0.0732598	-0.422314
-0.903298	-0.0732435	-0.422715
-0.816282	-0.0661879	-0.573849
-0.816531	-0.0662092	-0.573493
-0.704823	-0.0571513	-0.707078
-0.571641	-0.0463521	-0.819194
-0.571621	-0.0463504	-0.819208
-0.421393	-0.034169	-0.906234
-0.421207	-0.0341534	-0.906321
-0.257892	-0.0209111	-0.965947
-0.258014	-0.0209213	-0.965915
-0.0868728	-0.00704416	-0.996195
0.0868728	0.00704416	-0.996195
0.258014	0.0209213	-0.965915
0.257892	0.0209111	-0.965947
0.421207	0.0341534	-0.906321
0.421393	0.034169	-0.906234
0.571621	0.0463504	-0.819208
0.571641	0.0463521	-0.819194
0.704823	0.0571513	-0.707078
0.816531	0.0662092	-0.573493
0.816262	0.0661861	-0.573878
0.903298	0.0732434	-0.422715
0.903501	0.0732611	-0.422279
0.962806	0.07807	-0.258669
0.962674	0.0780579	-0.259164
0.992937	0.0805117	-0.087147
0.99294	0.0805121	-0.0871043
0.992937	0.0805118	0.087147
0.99294	0.080512	0.0871043
0.962806	0.0780686	0.258669
0.962674	0.0780592	0.259164
0.903298	0.0732447	0.422715
0.903501	0.0732599	0.422279
0.816531	0.0662079	0.573493
0.816262	0.0661874	0.573878
0.704823	0.0571513	0.707078
0.571621	0.0463504	0.819208
0.571641	0.046352	0.819194
0.421207	0.0341539	0.906321
0.421393	0.0341685	0.906234
0.258014	0.0209209	0.965915
0.257892	0.0209114	0.965947
0.0868728	0.00704416	0.996195
-3.19601e-006	3.72107e-005	-0
-0.0803182	0.996769	-0
-0.0806467	0.996743	-0
-0.0808159	0.996729	-0
-0.0806136	0.996745	-0
-0.0812697	0.996692	-0
-0.080516	0.996753	-0
-0.0810825	0.996707	-0
-0.0807441	0.996735	-0
-0.0804902	0.996755	-0
-0.0811474	0.996702	-0
-0.0806238	0.996745	-0
-0.081663	0.99666	-0
-0.0807481	0.996735	-0
-0.0801536	0.996783	-0
2.96773e-006	-3.72107e-005	-0
0.0801536	-0.996783	-0
0.0820014	-0.996632	-0
0.0807411	-0.996735	-0
0.0806136	-0.996745	-0
0.0806238	-0.996745	-0
0.0811474	-0.996702	-0
0.0804902	-0.996755	-0
0.0807441	-0.996735	-0
0.0810825	-0.996707	-0
0.080516	-0.996753	-0
0.0812697	-0.996692	-0
0.0808159	-0.996729	-0
0.0806467	-0.996743	-0
0.0803182	-0.996769	-0

#	Mesh	0	End

