#	Mesh	0	Begin

#	Vertex	72
5.22621	97.5718	-4.60537
5.18597	97.5718	-4.59459
5.14821	97.5718	-4.57698
5.11408	97.5718	-4.55308
5.08462	97.5718	-4.52363
5.06073	97.5718	-4.4895
5.04312	97.5718	-4.45174
5.03234	97.5718	-4.4115
5.02871	97.5718	-4.37
5.03234	97.5718	-4.3285
5.04312	97.5718	-4.28826
5.06073	97.5718	-4.2505
5.08462	97.5718	-4.21637
5.11408	97.5718	-4.18692
5.14821	97.5718	-4.16302
5.18597	97.5718	-4.14541
5.22621	97.5718	-4.13463
5.26771	97.5718	-4.131
5.30921	97.5718	-4.13463
5.34945	97.5718	-4.14541
5.38721	97.5718	-4.16302
5.42133	97.5718	-4.18692
5.45079	97.5718	-4.21637
5.47469	97.5718	-4.2505
5.4923	97.5718	-4.28826
5.50308	97.5718	-4.3285
5.50671	97.5718	-4.37
5.50308	97.5718	-4.4115
5.4923	97.5718	-4.45174
5.47469	97.5718	-4.4895
5.45079	97.5718	-4.52363
5.42133	97.5718	-4.55308
5.38721	97.5718	-4.57698
5.34945	97.5718	-4.59459
5.30921	97.5718	-4.60537
5.26771	97.5718	-4.609
5.22621	100.548	-4.60537
5.18597	100.548	-4.59459
5.14821	100.548	-4.57698
5.11408	100.548	-4.55308
5.08462	100.548	-4.52363
5.06073	100.548	-4.4895
5.04312	100.548	-4.45174
5.03234	100.548	-4.4115
5.02871	100.548	-4.37
5.03234	100.548	-4.3285
5.04312	100.548	-4.28826
5.06073	100.548	-4.2505
5.08462	100.548	-4.21637
5.11408	100.548	-4.18692
5.14821	100.548	-4.16302
5.18597	100.548	-4.14541
5.22621	100.548	-4.13463
5.26771	100.548	-4.131
5.30921	100.548	-4.13463
5.34945	100.548	-4.14541
5.38721	100.548	-4.16302
5.42133	100.548	-4.18692
5.45079	100.548	-4.21637
5.47469	100.548	-4.2505
5.4923	100.548	-4.28826
5.50308	100.548	-4.3285
5.50671	100.548	-4.37
5.50308	100.548	-4.4115
5.4923	100.548	-4.45174
5.47469	100.548	-4.4895
5.45079	100.548	-4.52363
5.42133	100.548	-4.55308
5.38721	100.548	-4.57698
5.34945	100.548	-4.59459
5.30921	100.548	-4.60537
5.26771	100.548	-4.609

#	Triangle	38
35	36	71	0	36	35
0	37	36	1	37	0
1	38	37	2	38	1
2	39	38	3	39	2
3	40	39	4	40	3
4	41	40	5	41	4
5	42	41	6	42	5
6	43	42	7	43	6
7	44	43	8	44	7
8	45	44	9	45	8
9	46	45	10	46	9
10	47	46	11	47	10
11	48	47	12	48	11
12	49	48	13	49	12
13	50	49	14	50	13
14	51	50	15	51	14
15	52	51	16	52	15
16	53	52	17	53	16
17	54	53	18	54	17
18	55	54	19	55	18
19	56	55	20	56	19
20	57	56	21	57	20
21	58	57	22	58	21
22	59	58	23	59	22
23	60	59	24	60	23
24	61	60	25	61	24
25	62	61	26	62	25
26	63	62	27	63	26
27	64	63	28	64	27
28	65	64	29	65	28
29	66	65	30	66	29
30	67	66	31	67	30
31	68	67	32	68	31
32	69	68	33	69	32
33	70	69	34	70	33
34	71	70	35	71	34
7	9	8	6	9	7	6	10	9	5	10	6	5	11	10	4	11	5	4	12	11	3	12	4	3	13	12	2	13	3	2	14	13	1	14	2	1	15	14	0	15	1	0	16	15	35	16	0	35	17	16	34	17	35	34	18	17	33	18	34	33	19	18	32	19	33	32	20	19	31	20	32	31	21	20	30	21	31	30	22	21	29	22	30	29	23	22	28	23	29	28	24	23	27	24	28	27	25	24	26	25	27
45	43	44	46	43	45	46	42	43	47	42	46	47	41	42	48	41	47	48	40	41	49	40	48	49	39	40	50	39	49	50	38	39	51	38	50	51	37	38	52	37	51	52	36	37	53	36	52	53	71	36	54	71	53	54	70	71	55	70	54	55	69	70	56	69	55	56	68	69	57	68	56	57	67	68	58	67	57	58	66	67	59	66	58	59	65	66	60	65	59	60	64	65	61	64	60	61	63	64	62	63	61

#	Normal	38
-0.0871536	0	-0.996195
-0.258825	0	-0.965924
-0.422617	0	-0.906309
-0.573575	0	-0.819153
-0.707101	0	-0.707113
-0.819159	0	-0.573567
-0.906309	0	-0.422617
-0.965924	0	-0.258825
-0.996195	0	-0.0871536
-0.996195	-0	0.0871536
-0.965924	-0	0.258825
-0.906309	-0	0.422617
-0.819159	-0	0.573567
-0.707101	-0	0.707113
-0.573575	-0	0.819153
-0.422617	-0	0.906309
-0.258825	-0	0.965924
-0.0871536	-0	0.996195
0.0871536	-0	0.996195
0.258825	-0	0.965924
0.422617	-0	0.906309
0.57358	-0	0.819149
0.707101	-0	0.707113
0.819153	-0	0.573575
0.906309	-0	0.422617
0.965924	-0	0.258825
0.996195	-0	0.0871536
0.996195	-0	-0.0871536
0.965924	-0	-0.258825
0.906309	-0	-0.422617
0.819153	-0	-0.573575
0.707101	-0	-0.707113
0.57358	-0	-0.819149
0.422617	-0	-0.906309
0.258825	-0	-0.965924
0.0871536	-0	-0.996195
-0	-1	0
-0	1	0

#	Mesh	0	End

