#	Mesh	0	Begin

#	Vertex	8
78.7128	-24.1304	-3.35544
78.7128	-24.1304	-11.386
78.6966	-23.9311	-11.386
81.0482	-23.9412	-3.35544
81.0482	-23.9412	-11.386
81.032	-23.7418	-11.386
78.6966	-23.9311	-3.35444
81.032	-23.7418	-3.35444

#	Triangle	7
6	1	0	2	1	6
0	4	3	1	4	0
3	5	7	4	5	3
5	6	7	2	6	5
2	4	1	5	4	2
3	6	0
7	6	3

#	Normal	7
-0.996735	-0.0807427	-0
0.0807607	-0.996734	-0
0.996732	0.0807807	0
-0.0807618	0.996733	-0
0	-0	-1
0.000403785	-0.00498731	0.999987
0.000403801	-0.00498357	0.999988

#	Mesh	0	End

