#	Mesh	0	Begin

#	Vertex	72
-293.693	106.712	1.34576
-293.693	106.709	1.34504
-293.693	106.707	1.34386
-293.693	106.705	1.34226
-293.693	106.703	1.34028
-293.693	106.701	1.338
-293.693	106.7	1.33547
-293.693	106.699	1.33278
-293.693	106.699	1.33
-293.693	106.699	1.32722
-293.693	106.7	1.32453
-293.693	106.701	1.322
-293.693	106.703	1.31972
-293.693	106.705	1.31774
-293.693	106.707	1.31614
-293.693	106.709	1.31496
-293.693	106.712	1.31424
-293.693	106.715	1.314
-293.693	106.718	1.31424
-293.693	106.72	1.31496
-293.693	106.723	1.31614
-293.693	106.725	1.31774
-293.693	106.727	1.31972
-293.693	106.729	1.322
-293.693	106.73	1.32453
-293.693	106.731	1.32722
-293.693	106.731	1.33
-293.693	106.731	1.33278
-293.693	106.73	1.33547
-293.693	106.729	1.338
-293.693	106.727	1.34028
-293.693	106.725	1.34226
-293.693	106.723	1.34386
-293.693	106.72	1.34504
-293.693	106.718	1.34576
-293.693	106.715	1.346
-290.943	106.712	1.34576
-290.943	106.709	1.34504
-290.943	106.707	1.34386
-290.943	106.705	1.34226
-290.943	106.703	1.34028
-290.943	106.701	1.338
-290.943	106.7	1.33547
-290.943	106.699	1.33278
-290.943	106.699	1.33
-290.943	106.699	1.32722
-290.943	106.7	1.32453
-290.943	106.701	1.322
-290.943	106.703	1.31972
-290.943	106.705	1.31774
-290.943	106.707	1.31614
-290.943	106.709	1.31496
-290.943	106.712	1.31424
-290.943	106.715	1.314
-290.943	106.718	1.31424
-290.943	106.72	1.31496
-290.943	106.723	1.31614
-290.943	106.725	1.31774
-290.943	106.727	1.31972
-290.943	106.729	1.322
-290.943	106.73	1.32453
-290.943	106.731	1.32722
-290.943	106.731	1.33
-290.943	106.731	1.33278
-290.943	106.73	1.33547
-290.943	106.729	1.338
-290.943	106.727	1.34028
-290.943	106.725	1.34226
-290.943	106.723	1.34386
-290.943	106.72	1.34504
-290.943	106.718	1.34576
-290.943	106.715	1.346

#	Triangle	76
35	36	71	0	36	35
0	37	36	1	37	0
1	38	37	2	38	1
2	39	38	3	39	2
3	40	39	4	40	3
4	41	40	5	41	4
5	42	41	6	42	5
6	43	42	7	43	6
7	44	43	8	44	7
8	45	44	9	45	8
9	46	45	10	46	9
10	47	46	11	47	10
11	48	47	12	48	11
12	49	48	13	49	12
13	50	49	14	50	13
14	51	50	15	51	14
15	52	51	16	52	15
16	53	52	17	53	16
17	54	53	18	54	17
18	55	54	19	55	18
19	56	55	20	56	19
20	57	56	21	57	20
21	58	57	22	58	21
22	59	58	23	59	22
23	60	59	24	60	23
24	61	60	25	61	24
25	62	61	26	62	25
26	63	62	27	63	26
27	64	63	28	64	27
28	65	64	29	65	28
29	66	65	30	66	29
30	67	66	31	67	30
31	68	67	32	68	31
32	69	68	33	69	32
33	70	69	34	70	33
34	71	70	35	71	34
7	9	8	26	25	27
6	9	7	27	25	24
6	10	9	27	24	28
5	10	6	28	24	23
5	11	10	28	23	29
4	11	5
4	12	11	29	22	30
3	12	4
3	13	12	30	21	31
2	13	3	31	21	20
2	14	13	31	20	32
1	14	2	32	20	19
1	15	14	32	19	33
0	15	1	33	19	18
0	16	15	33	18	34
35	16	0
35	17	16	34	17	35
34	18	17
30	22	21
29	23	22
45	43	44	62	63	61
46	43	45	61	63	64
46	42	43	61	64	60
47	42	46	60	64	65
47	41	42	60	65	59
48	41	47
48	40	41	59	66	58
49	40	48
49	39	40	58	67	57
50	39	49	57	67	68
50	38	39	57	68	56
51	38	50	56	68	69
51	37	38	56	69	55
52	37	51	55	69	70
52	36	37	55	70	54
53	36	52
53	71	36	54	71	53
54	70	71
58	66	67
59	65	66

#	Normal	76
-0	-0.0872975	0.996182
-0	-0.258724	0.965951
-0	-0.422103	0.906548
-0	-0.57415	0.81875
-0	-0.706319	0.707893
-0	-0.820147	0.572153
-0	-0.906171	0.422912
-0	-0.965502	0.260395
-0	-0.996222	0.0868412
0	-0.996222	-0.0868412
0	-0.965502	-0.260395
0	-0.906171	-0.422912
0	-0.820147	-0.572153
0	-0.706319	-0.707893
0	-0.57415	-0.81875
0	-0.422103	-0.906548
0	-0.258724	-0.965951
0	-0.0872975	-0.996182
-0	0.0870541	-0.996204
-0	0.258724	-0.965951
-0	0.423176	-0.906048
-0	0.572834	-0.819671
-0	0.70772	-0.706493
-0	0.818831	-0.574035
-0	0.906171	-0.422912
-0	0.966203	-0.257783
-0	0.996222	-0.0868412
-0	0.996222	0.0868412
-0	0.966203	0.257783
-0	0.906171	0.422912
-0	0.818831	0.574035
-0	0.70772	0.706493
-0	0.572834	0.819671
-0	0.423176	0.906048
-0	0.258724	0.965951
-0	0.0870541	0.996204
-1.34575e-006	-0	-0
-4.03725e-006	-0	-0
-7.95192e-006	-0	-0
-1.29112e-005	-0	-0
-1.8875e-005	-0	-0
-2.55e-005	-0	-0
-3.2782e-005	-0	-0
-4.06561e-005	-0	-0
-4.84523e-005	-0	-0
-5.59213e-005	-0	-0
-6.322e-005	-0	-0
-7.01483e-005	-0	-0
-7.61149e-005	-0	-0
-8.10482e-005	-0	-0
-8.49399e-005	-0	-0
-8.74019e-005	-0	-0
-8.875e-005	-0	-0
-8.76481e-005	0	-0
-4.04954e-005	0	-0
-2.5625e-005	0	-0
1.34575e-006	-0	-0
4.03725e-006	-0	-0
7.95192e-006	-0	-0
1.29112e-005	-0	-0
1.8875e-005	-0	-0
2.55e-005	-0	-0
3.2782e-005	-0	-0
4.06561e-005	-0	-0
4.84523e-005	-0	-0
5.59213e-005	-0	-0
6.322e-005	-0	-0
7.01483e-005	-0	-0
7.61149e-005	-0	-0
8.10482e-005	-0	-0
8.49399e-005	-0	-0
8.74019e-005	-0	-0
8.875e-005	-0	-0
8.76481e-005	-0	-0
4.04954e-005	-0	-0
2.5625e-005	-0	-0

#	Mesh	0	End

