#	Mesh	0	Begin

#	Vertex	351
94.4873	-21.1893	-4.32993
94.4973	-21.1885	-4.32577
94.5081	-21.1876	-4.32435
94.5188	-21.1867	-4.32577
94.5288	-21.1859	-4.32993
94.5374	-21.1852	-4.33655
94.544	-21.1847	-4.34517
94.5481	-21.1843	-4.35522
94.5496	-21.1842	-4.366
94.5481	-21.1843	-4.37678
94.544	-21.1847	-4.38683
94.5374	-21.1852	-4.39545
94.5288	-21.1859	-4.40207
94.5188	-21.1867	-4.40623
94.5081	-21.1876	-4.40765
94.4973	-21.1885	-4.40623
94.4873	-21.1893	-4.40207
94.4787	-21.19	-4.39545
94.4721	-21.1905	-4.38683
94.468	-21.1908	-4.37678
94.4665	-21.191	-4.366
94.468	-21.1908	-4.35522
94.4721	-21.1905	-4.34517
94.4787	-21.19	-4.33655
94.489	-21.2105	-4.32993
94.4804	-21.2112	-4.33655
94.4915	-21.2103	-4.33417
94.5003	-21.2096	-4.3305
94.499	-21.2097	-4.32577
94.4839	-21.2109	-4.34001
94.4738	-21.2117	-4.34517
94.478	-21.2114	-4.34762
94.4744	-21.2117	-4.35649
94.4697	-21.2121	-4.35522
94.4731	-21.2118	-4.366
94.4683	-21.2122	-4.366
94.4744	-21.2117	-4.37551
94.4697	-21.2121	-4.37678
94.478	-21.2114	-4.38438
94.4738	-21.2117	-4.38683
94.4839	-21.2109	-4.39199
94.4804	-21.2112	-4.39545
94.4915	-21.2103	-4.39783
94.489	-21.2105	-4.40207
94.5003	-21.2096	-4.4015
94.499	-21.2097	-4.40623
94.5098	-21.2088	-4.40275
94.5098	-21.2088	-4.40765
94.5193	-21.2081	-4.4015
94.5205	-21.208	-4.40623
94.5281	-21.2073	-4.39783
94.5305	-21.2071	-4.40207
94.5319	-21.207	-4.39491
94.5357	-21.2067	-4.39199
94.5391	-21.2064	-4.39545
94.5371	-21.2066	-4.39008
94.5386	-21.2065	-4.38818
94.54	-21.2064	-4.38628
94.5415	-21.2063	-4.38438
94.5457	-21.2059	-4.38683
94.5499	-21.2056	-4.37678
94.5424	-21.2062	-4.38216
94.5433	-21.2061	-4.37994
94.5438	-21.2061	-4.37884
94.5442	-21.206	-4.37773
94.5447	-21.206	-4.37662
94.5452	-21.206	-4.37551
94.5513	-21.2055	-4.366
94.5453	-21.2059	-4.37432
94.5455	-21.2059	-4.37313
94.5456	-21.2059	-4.37194
94.5458	-21.2059	-4.37076
94.5459	-21.2059	-4.36957
94.5461	-21.2059	-4.36838
94.5462	-21.2059	-4.36719
94.5464	-21.2059	-4.366
94.5499	-21.2056	-4.35522
94.5462	-21.2059	-4.36481
94.5461	-21.2059	-4.36362
94.5459	-21.2059	-4.36243
94.5458	-21.2059	-4.36124
94.5456	-21.2059	-4.36006
94.5455	-21.2059	-4.35887
94.5453	-21.2059	-4.35768
94.5452	-21.206	-4.35649
94.5457	-21.2059	-4.34517
94.5447	-21.206	-4.35538
94.5442	-21.206	-4.35427
94.5438	-21.2061	-4.35316
94.5433	-21.2061	-4.35206
94.5424	-21.2062	-4.34984
94.5415	-21.2063	-4.34762
94.5391	-21.2064	-4.33655
94.54	-21.2064	-4.34572
94.5386	-21.2065	-4.34382
94.5371	-21.2066	-4.34192
94.5357	-21.2067	-4.34001
94.5305	-21.2071	-4.32993
94.5319	-21.207	-4.33709
94.5281	-21.2073	-4.33417
94.5205	-21.208	-4.32577
94.5193	-21.2081	-4.3305
94.5098	-21.2088	-4.32435
94.5098	-21.2088	-4.32925
94.4943	-21.2928	-4.32755
94.4819	-21.2938	-4.33135
94.492	-21.293	-4.32356
94.505	-21.2919	-4.32311
94.4851	-21.2935	-4.3346
94.4741	-21.2944	-4.3415
94.4781	-21.2941	-4.3438
94.4737	-21.2944	-4.35451
94.4693	-21.2948	-4.35332
94.4722	-21.2946	-4.366
94.4676	-21.2949	-4.366
94.4737	-21.2944	-4.37749
94.4693	-21.2948	-4.37868
94.4781	-21.2941	-4.3882
94.4741	-21.2944	-4.3905
94.4851	-21.2935	-4.3974
94.4819	-21.2938	-4.40065
94.4943	-21.2928	-4.40445
94.492	-21.293	-4.40844
94.505	-21.2919	-4.40889
94.5038	-21.292	-4.41333
94.5164	-21.291	-4.4104
94.5164	-21.291	-4.415
94.5279	-21.2901	-4.40889
94.5291	-21.29	-4.41333
94.5385	-21.2892	-4.40445
94.5408	-21.289	-4.40844
94.5431	-21.2888	-4.40092
94.5477	-21.2885	-4.3974
94.551	-21.2882	-4.40065
94.5512	-21.2882	-4.3928
94.553	-21.288	-4.3905
94.5547	-21.2879	-4.3882
94.5587	-21.2876	-4.3905
94.5636	-21.2872	-4.37868
94.5559	-21.2878	-4.38552
94.557	-21.2877	-4.38285
94.5581	-21.2876	-4.38017
94.5592	-21.2875	-4.37749
94.5653	-21.287	-4.366
94.5594	-21.2875	-4.37606
94.5595	-21.2875	-4.37462
94.5597	-21.2875	-4.37318
94.5599	-21.2875	-4.37175
94.5601	-21.2874	-4.37031
94.5603	-21.2874	-4.36887
94.5605	-21.2874	-4.36744
94.5607	-21.2874	-4.366
94.5636	-21.2872	-4.35332
94.5605	-21.2874	-4.36456
94.5603	-21.2874	-4.36313
94.5601	-21.2874	-4.36169
94.5599	-21.2875	-4.36025
94.5597	-21.2875	-4.35882
94.5595	-21.2875	-4.35738
94.5594	-21.2875	-4.35594
94.5592	-21.2875	-4.35451
94.5587	-21.2876	-4.3415
94.5581	-21.2876	-4.35183
94.557	-21.2877	-4.34915
94.5559	-21.2878	-4.34648
94.5547	-21.2879	-4.3438
94.551	-21.2882	-4.33135
94.553	-21.288	-4.3415
94.5512	-21.2882	-4.3392
94.5477	-21.2885	-4.3346
94.5408	-21.289	-4.32356
94.5431	-21.2888	-4.33108
94.5385	-21.2892	-4.32755
94.5291	-21.29	-4.31867
94.5279	-21.2901	-4.32311
94.5164	-21.291	-4.317
94.5164	-21.291	-4.3216
94.5038	-21.292	-4.31867
94.5057	-21.3158	-4.31867
94.4939	-21.3168	-4.32356
94.4838	-21.3176	-4.33135
94.4761	-21.3182	-4.3415
94.4712	-21.3186	-4.35332
94.4695	-21.3188	-4.366
94.4712	-21.3186	-4.37868
94.4761	-21.3182	-4.3905
94.4838	-21.3176	-4.40065
94.4939	-21.3168	-4.40844
94.5057	-21.3158	-4.41333
94.5184	-21.3148	-4.415
94.531	-21.3138	-4.41333
94.5428	-21.3128	-4.40844
94.5529	-21.312	-4.40065
94.5606	-21.3114	-4.3905
94.5655	-21.311	-4.37868
94.5672	-21.3109	-4.366
94.5655	-21.311	-4.35332
94.5606	-21.3114	-4.3415
94.5529	-21.312	-4.33135
94.5428	-21.3128	-4.32356
94.531	-21.3138	-4.31867
94.5184	-21.3148	-4.317
94.5458	-21.2116	-4.35755
94.5461	-21.2112	-4.35924
94.5453	-21.2123	-4.35416
94.545	-21.2126	-4.35247
94.5466	-21.2105	-4.36262
94.5424	-21.2162	-4.34703
94.5437	-21.2144	-4.34975
94.5582	-21.2811	-4.35756
94.5579	-21.2808	-4.35587
94.5399	-21.2197	-4.34159
94.5585	-21.2814	-4.35925
94.5367	-21.2247	-4.33779
94.5336	-21.2297	-4.33399
94.5411	-21.218	-4.34431
94.554	-21.2771	-4.34709
94.5524	-21.2756	-4.34439
94.5468	-21.2102	-4.36431
94.5444	-21.2135	-4.35111
94.5455	-21.2119	-4.35585
94.5576	-21.2805	-4.35418
94.5572	-21.2802	-4.3525
94.5595	-21.2823	-4.36431
94.5592	-21.282	-4.36262
94.5589	-21.2817	-4.36094
94.5465	-21.2699	-4.33797
94.5338	-21.2554	-4.33004
94.5423	-21.2657	-4.33425
94.5508	-21.2741	-4.34169
94.5294	-21.2423	-4.32971
94.5315	-21.236	-4.33185
94.5463	-21.2109	-4.36093
94.5462	-21.2111	-4.36008
94.5556	-21.2787	-4.3498
94.5316	-21.2489	-4.32987
94.5598	-21.2826	-4.366
94.547	-21.21	-4.36515
94.5467	-21.2104	-4.36346
94.5471	-21.2098	-4.366
94.5595	-21.2823	-4.36769
94.5458	-21.2116	-4.37445
94.554	-21.2771	-4.38491
94.5556	-21.2787	-4.3822
94.5463	-21.2109	-4.37107
94.5444	-21.2135	-4.38089
94.5437	-21.2144	-4.38225
94.5424	-21.2162	-4.38497
94.5524	-21.2756	-4.38761
94.5508	-21.2741	-4.39031
94.5294	-21.2423	-4.40229
94.5399	-21.2197	-4.39041
94.5367	-21.2247	-4.39421
94.5336	-21.2297	-4.39801
94.5338	-21.2554	-4.40196
94.5468	-21.2102	-4.36769
94.5467	-21.2104	-4.36854
94.5466	-21.2105	-4.36938
94.5316	-21.2489	-4.40213
94.5461	-21.2112	-4.37276
94.5423	-21.2657	-4.39775
94.5465	-21.2699	-4.39403
94.5411	-21.218	-4.38769
94.5455	-21.2119	-4.37615
94.545	-21.2126	-4.37953
94.5453	-21.2123	-4.37784
94.5462	-21.2111	-4.37192
94.5589	-21.2817	-4.37106
94.5585	-21.2814	-4.37275
94.5582	-21.2811	-4.37444
94.5576	-21.2805	-4.37782
94.5572	-21.2802	-4.3795
94.5579	-21.2808	-4.37613
94.5315	-21.236	-4.40015
94.547	-21.21	-4.36685
94.5592	-21.282	-4.36938
94.5589	-21.2089	-4.366
94.559	-21.2101	-4.37551
94.5604	-21.2272	-4.39783
94.5611	-21.236	-4.4015
94.5598	-21.2196	-4.39199
94.5593	-21.2138	-4.38438
94.5619	-21.2455	-4.40275
94.5649	-21.2821	-4.366
94.5648	-21.2815	-4.37076
94.5627	-21.255	-4.4015
94.5634	-21.2638	-4.39783
94.5646	-21.2791	-4.37994
94.5648	-21.2809	-4.37551
94.5645	-21.2772	-4.38438
94.564	-21.2714	-4.39199
94.5648	-21.2815	-4.36124
94.5648	-21.2809	-4.35649
94.564	-21.2714	-4.34001
94.5593	-21.2138	-4.34762
94.5646	-21.2791	-4.35206
94.5645	-21.2772	-4.34762
94.5634	-21.2638	-4.33417
94.5619	-21.2455	-4.32925
94.5611	-21.236	-4.3305
94.5627	-21.255	-4.3305
94.5604	-21.2272	-4.33417
94.5598	-21.2196	-4.34001
94.559	-21.2101	-4.35649
94.5643	-21.2749	-4.33655
94.5636	-21.2663	-4.32993
94.5648	-21.2815	-4.34517
94.5651	-21.2856	-4.35522
94.5651	-21.2856	-4.37678
94.5648	-21.2815	-4.38683
94.5643	-21.2749	-4.39545
94.5636	-21.2663	-4.40207
94.5628	-21.2563	-4.40623
94.5619	-21.2455	-4.40765
94.561	-21.2348	-4.40623
94.5602	-21.2248	-4.40207
94.5595	-21.2162	-4.39545
94.559	-21.2096	-4.38683
94.5587	-21.2054	-4.37678
94.5585	-21.204	-4.366
94.5587	-21.2054	-4.35522
94.559	-21.2096	-4.34517
94.5595	-21.2162	-4.33655
94.5602	-21.2248	-4.32993
94.561	-21.2348	-4.32577
94.5619	-21.2455	-4.32435
94.5628	-21.2563	-4.32577
94.584	-21.2545	-4.32577
94.5848	-21.2646	-4.32993
94.5855	-21.2732	-4.33655
94.586	-21.2798	-4.34517
94.5864	-21.2839	-4.35522
94.5865	-21.2853	-4.366
94.5864	-21.2839	-4.37678
94.586	-21.2798	-4.38683
94.5855	-21.2732	-4.39545
94.5848	-21.2646	-4.40207
94.584	-21.2545	-4.40623
94.5831	-21.2438	-4.40765
94.5823	-21.2331	-4.40623
94.5815	-21.223	-4.40207
94.5808	-21.2144	-4.39545
94.5802	-21.2078	-4.38683
94.5799	-21.2037	-4.37678
94.5798	-21.2023	-4.366
94.5799	-21.2037	-4.35522
94.5802	-21.2078	-4.34517
94.5808	-21.2144	-4.33655
94.5815	-21.223	-4.32993
94.5823	-21.2331	-4.32577
94.5831	-21.2438	-4.32435

#	Triangle	381
3	1	2	14	15	13
4	1	3	13	15	16
4	0	1	13	16	12
5	0	4
5	23	0
6	23	5	11	17	18
6	22	23	11	18	10
7	22	6	10	18	19
7	21	22	10	19	9
8	21	7	9	19	20
8	20	21	9	20	8
12	17	11
12	16	17
26	24	25	24	27	28	25	30	29	33	32	30	35	34	33	37	36	35	39	38	37	40	39	41	42	41	43	43	45	44	47	46	45	49	48	47	49	51	50	54	53	51	54	59	58	59	60	58	67	66	60	67	76	75	85	84	76	92	91	85	96	92	97	100	99	97	100	102	101	102	28	103
27	24	26	29	26	25	30	31	29	30	32	31	34	32	33	35	36	34	37	38	36	39	40	38	40	41	42	44	42	43	46	44	45	48	46	47	50	48	49	99	100	101	101	102	103	103	28	27
50	51	52	52	51	53	96	97	98	98	97	99
53	54	55	55	54	56	56	54	57	57	54	58	58	60	61	61	60	62	89	85	90	90	85	91	91	92	93	93	92	94	94	92	95	95	92	96
62	60	63	63	60	64	64	60	65	65	60	66	66	67	68	68	67	69	69	67	70	70	67	71	71	67	72	72	67	73	73	67	74	74	67	75	75	76	77	77	76	78	78	76	79	79	76	80	80	76	81	81	76	82	82	76	83	83	76	84	84	85	86	86	85	87	87	85	88	88	85	89
67	9	8	60	9	67
60	10	9
59	10	60
12	54	51
11	54	12
10	54	11
59	54	10
13	51	49
12	51	13
14	49	47
13	49	14
45	16	15	43	16	45
43	17	16	41	17	43
19	39	37	18	39	19
17	39	18	41	39	17
20	37	35	19	37	20
45	14	47	15	14	45
35	21	20	33	21	35
33	22	21	30	22	33
0	25	24	23	25	0
22	25	23	30	25	22
1	24	28	0	24	1
2	28	102	1	28	2
100	4	3
97	4	100
97	5	4
92	5	97
7	85	76
6	85	7
5	85	6
92	85	5
8	76	67	7	76	8
100	2	102
3	2	100
106	104	105	109	105	108	112	109	111	113	114	112	114	115	116	118	116	117	119	120	118	120	121	122	124	122	123	125	126	124	127	128	126	130	128	129	132	133	130	137	133	136	136	138	137	143	138	142	152	143	151	160	161	152	165	166	161	166	169	170	172	173	170	175	173	174	177	175	176	107	106	177
106	107	104	104	108	105	108	110	109	110	111	109	112	111	113	115	114	113	115	117	116	117	119	118	121	120	119	121	123	122	123	125	124	125	127	126	127	129	128	173	172	174	175	174	176	177	176	107
131	130	129	132	130	131	134	133	132	169	166	168	171	170	169	172	170	171
135	133	134	136	133	135	139	138	136	140	138	139	141	138	140	142	138	141	162	161	160	163	161	162	164	161	163	165	161	164	167	166	165	168	166	167
144	143	142	145	143	144	146	143	145	147	143	146	148	143	147	149	143	148	150	143	149	151	143	150	153	152	151	154	152	153	155	152	154	156	152	155	157	152	156	158	152	157	159	152	158	160	152	159
178	200	201	189	190	188
179	200	178	188	190	191
179	199	200	188	191	187
180	199	179
180	198	199
181	198	180
181	197	198
182	197	181
182	196	197
183	196	182	184	194	195
183	195	196	184	195	183
185	194	184
185	193	194
186	193	185
186	192	193
187	192	186
187	191	192
195	138	143	194	138	195
194	137	138
193	137	194
130	192	191
133	192	130
137	192	133
193	192	137
128	191	190	130	191	128
126	190	189	128	190	126
188	122	124
187	122	188
187	120	122
186	120	187
116	185	184
118	185	116
120	185	118	186	185	120
114	184	183	116	184	114
188	126	189	124	126	188
183	112	114	182	112	183
182	109	112
181	109	182
106	180	179
105	180	106
109	180	105	181	180	109
177	179	178
106	179	177
175	178	201	177	178	175
200	170	173	199	170	200
199	166	170
198	166	199
152	197	196
161	197	152
166	197	161
198	197	166
143	196	195	152	196	143
200	175	201	173	175	200
84	82	83	95	96	94	214	230	231	157	159	158	230	227	235	218	206	238	69	66	68	56	53	55	257	255	256	254	250	258	266	259	244	139	136	140	250	253	273	73	71	72	247	251	262	251	253	252	250	254	258	275	236	240	242	271	243	272	268	269	268	275	267	260	249	261	249	242	248	271	272	270	216	229	217	236	224	223	222	216	234	229	228	226	227	230	235	210	222	221	212	210	209	224	212	225	214	211	213	211	207	215
202	82	84
82	203	81	79	206	78	80	206	79	80	81	232
205	204	88	210	159	209
91	207	208
94	96	211
156	212	157	224	154	223	223	153	236
211	96	213
213	98	214
94	215	93
217	165	216
78	218	77	77	237	75
89	219	205
87	204	86	88	204	87	86	220	84
91	93	207
222	162	221
156	225	212	212	209	157	224	225	155
221	162	160
226	169	168
164	216	165	163	216	164
228	227	171
167	165	217
228	171	169
228	169	226
172	171	227
220	86	204	202	84	220
167	229	168
167	217	229
99	230	214
233	81	203	232	81	233
174	230	101
89	205	88
103	107	176
27	107	103
174	103	176
101	103	174
216	163	234
104	27	26
107	27	104
99	214	98
163	162	234
209	159	157
111	31	32
110	31	111
110	29	31
108	29	110
221	160	210
108	26	29
104	26	108
113	32	34
111	32	113
172	227	174
174	227	230
82	202	203
226	168	229
222	234	162
89	90	219
90	91	208
98	213	96
101	230	99
208	219	90
215	94	211
159	210	160
206	80	232	78	206	218
156	155	225	154	224	155
215	207	93
151	236	153	153	223	154
239	75	237
237	77	218
38	115	36
117	115	38
149	240	150	151	150	236
34	115	113
36	115	34
241	66	69
38	119	117
40	119	38
243	140	242
123	42	44
121	42	123
244	70	71	70	259	69
127	46	48
125	46	127
61	245	246
247	58	246
123	46	125
44	46	123
249	248	135
119	42	121
40	42	119
61	246	58
250	127	48
251	53	56
252	53	251
52	253	50
134	249	135
242	136	248
127	254	129
73	255	257	244	71	257
127	250	254
50	250	48
52	53	252
243	141	140
261	132	260
252	253	52
247	262	57
245	61	62
65	66	263	64	265	63	65	265	64
263	66	241	263	265	65
265	264	63	272	269	144
244	259	70	259	241	69
131	260	132
136	135	248
56	262	251
63	264	62
148	147	267	148	275	149
261	249	134
269	268	146	148	267	275	267	147	268
58	247	57
131	129	254
261	134	132
131	254	260
271	270	141
271	141	243
140	136	242
272	144	142
245	62	264
142	141	270
272	142	270
57	262	56
50	253	250
269	145	144	146	145	269	146	268	147	240	149	275	240	236	150
255	74	274
257	71	73
239	274	75
74	255	73	74	75	274
259	276	277
279	273	278
280	251	247
264	277	281
253	280	278
247	246	281
246	245	281	245	264	281
259	266	276	266	244	276	257	256	276	256	255	276	255	274	276	274	239	276
244	257	276
281	280	247
278	273	253
280	253	251
282	254	250
273	279	250
284	283	275
254	282	285
264	265	277	265	263	277	263	241	277	241	259	277
283	236	275
286	260	285
272	287	288
289	271	242
288	268	272
284	275	268
284	268	288
287	271	289
254	285	260
290	260	286
290	249	260
279	282	250
242	290	289
290	242	249
287	272	271
212	291	292
293	229	216
205	219	294	219	208	294
208	207	294
283	224	236
222	295	296
228	293	297
299	230	298
291	224	283
296	216	222
227	228	300
293	228	229
298	230	227
300	228	297
295	222	210
296	293	216
292	210	212
302	214	301
303	276	203
303	205	294
291	212	224
294	207	302
292	295	210
239	237	276	237	218	276	218	238	276	238	206	276	232	233	276	233	203	276
206	232	276
230	299	231
299	301	231
301	214	231
300	298	227
302	211	214
302	207	211
203	202	303	202	220	303	220	204	303	204	205	303
305	297	304	306	304	293	292	307	306	283	143	307	288	308	143	289	309	308	309	290	310	310	286	311	312	311	285	282	313	312	279	314	313	315	314	278	280	316	315	317	316	281	318	317	281	277	319	318	320	319	276	303	321	320	294	322	321	322	302	323	301	324	323	325	324	299	326	325	298	300	305	326
297	293	304	305	300	297	296	306	293	290	309	289	310	290	286	286	285	311	285	282	312	282	279	313	279	278	314	315	278	280	281	316	280	277	318	281	276	319	277	320	276	303	294	321	303	294	302	322	302	301	323	324	301	299	325	299	298	326	298	300
295	306	296	292	306	295	291	307	292	283	307	291	284	143	283	288	143	284	287	308	288	289	308	287
327	349	350	338	339	337
328	349	327	337	339	340
328	348	349
329	348	328
329	347	348
330	347	329
330	346	347
331	346	330
331	345	346
332	345	331
332	344	345
333	344	332
333	343	344
334	343	333
334	342	343
335	342	334
335	341	342
336	341	335
336	340	341
337	340	336
344	318	319
343	318	344
343	317	318
342	317	343
315	341	340
316	341	315
317	341	316
342	341	317
314	340	339
315	340	314
313	339	338
314	339	313
337	311	312
336	311	337
336	310	311
335	310	336
308	334	333
309	334	308
310	334	309
335	334	310
143	333	332
308	333	143
337	313	338
312	313	337
332	307	143
331	307	332
331	306	307
330	306	331
305	329	328
304	329	305
306	329	304
330	329	306
326	328	327
305	328	326
325	327	350
326	327	325
349	323	324
348	323	349
348	322	323
347	322	348
320	344	319
345	344	320
347	321	322
346	321	347
345	321	346
320	321	345
349	325	350
324	325	349

#	Normal	381
-2.4693e-006	3.04962e-005	2.77863e-008
-7.24135e-006	8.94318e-005	4.48608e-009
-0.0807164	0.996737	-2.58885e-005
-0.0807164	0.996737	-0.000187839
-0.0807072	0.996738	-0.00011824
-0.0807072	0.996738	-8.11145e-005
-0.0806879	0.996739	6.62367e-005
-0.0806879	0.996739	1.1287e-005
-0.0806907	0.996739	-1.01193e-005
-0.0806907	0.996739	7.02141e-005
-0.0807088	0.996738	-6.78222e-005
-0.0807072	0.996738	0.000175892
-0.0807164	0.996737	0.000106292
4.26425e-006	-5.26308e-005	2.79236e-009
3.75734e-006	-4.64401e-005	-5.95093e-010
1.89121e-006	-2.32189e-005	-2.44141e-010
9.37491e-007	-1.16056e-005	-1.19019e-009
4.69015e-007	-5.79514e-006	-1.02234e-009
0.988217	0.0800028	-0.130487
0.920832	0.0745476	-0.382768
0.921057	0.0749047	-0.382156
0.606925	0.049358	-0.793225
0.606598	0.0491082	-0.79349
0.790929	0.064031	-0.608549
0.790561	0.0642921	-0.609
0.381349	0.03087	-0.923915
0.381595	0.0310332	-0.923808
0.130108	0.0105332	-0.991444
0.130107	0.010532	-0.991444
-0.381607	-0.0308936	-0.923808
-0.606591	-0.0491077	-0.793496
-0.920832	-0.0745476	-0.382768
-0.790929	-0.064031	-0.608549
-0.988217	-0.0800028	-0.130487
-0.130016	-0.0105257	-0.991456
-0.988217	-0.0800028	0.130487
-0.920832	-0.0745476	0.382768
-0.606591	-0.0491077	0.793496
-0.790929	-0.064031	0.608549
-0.381607	-0.0308936	0.923808
-0.130016	-0.0105257	0.991456
0.381607	0.0308908	0.923808
0.381338	0.0310122	0.923915
0.60658	0.04933	0.79349
0.606943	0.0491361	0.793225
0.921084	0.074568	0.382156
0.920805	0.0748842	0.382768
0.790905	0.0643202	0.608549
0.790584	0.0640031	0.609
0.988217	0.0800028	0.130487
0.130108	0.0105332	0.991444
0.130107	0.010532	0.991444
-4.70463e-006	5.81546e-005	-3.90625e-009
-4.26958e-006	5.26982e-005	-7.20215e-009
-2.13288e-006	2.63717e-005	-1.44958e-009
-1.06544e-006	1.31713e-005	-2.21252e-009
-5.27481e-007	6.59912e-006	-2.92969e-009
3.41712e-006	-4.22054e-005	-4.49097e-017
0.0807001	-0.996738	-0.00014943
0.0806703	-0.996741	7.73444e-005
0.0806703	-0.996741	0.000271288
0.080722	-0.996737	-0.00012273
0.080722	-0.996737	-3.03765e-007
0.0807065	-0.996738	0.000118041
0.0807065	-0.996738	-7.02702e-005
0.0807095	-0.996738	-9.32077e-005
0.0807095	-0.996738	1.60138e-006
0.0807099	-0.996738	-1.54682e-006
0.0807095	-0.996738	7.15219e-005
0.0807065	-0.996738	9.44594e-005
0.0807065	-0.996738	-1.16571e-005
0.080722	-0.996737	-0.00012999
0.080722	-0.996737	-0.00020372
0.0806703	-0.996741	0.000190349
0.988209	0.080055	-0.130517
0.920764	0.0745912	-0.382924
0.92076	0.0745848	-0.382934
0.606674	0.0491427	-0.793431
0.606679	0.0491472	-0.793426
0.79091	0.0640717	-0.608569
0.790916	0.064067	-0.608561
0.381408	0.0308954	-0.92389
0.130086	0.0105374	-0.991447
-0.381404	-0.0308951	-0.923892
-0.381408	-0.0308979	-0.92389
-0.606972	-0.0491709	-0.7932
-0.606967	-0.0491664	-0.793205
-0.920788	-0.0742851	-0.382924
-0.920979	-0.0746025	-0.382404
-0.790617	-0.0640428	-0.608952
-0.988235	-0.0797265	-0.130517
-0.130086	-0.0105374	-0.991447
-0.988235	-0.0797265	0.130517
-0.921003	-0.0743024	0.382404
-0.920764	-0.0745851	0.382924
-0.606966	-0.0491705	0.793205
-0.606973	-0.0491669	0.7932
-0.790617	-0.0640428	0.608952
-0.381408	-0.0308954	0.92389
-0.381404	-0.0308976	0.923892
-0.130086	-0.0105374	0.991447
0.381408	0.0308954	0.92389
0.60668	0.0491432	0.793426
0.606673	0.0491467	0.793431
0.920759	0.0745909	0.382934
0.920764	0.0745851	0.382924
0.79091	0.0640665	0.608569
0.790916	0.0640722	0.608561
0.988209	0.080055	0.130517
0.130086	0.0105374	0.991447
-2.3222e-009	9.28879e-009	-1.98364e-010
1.33655e-005	1.20127e-006	1.72537e-006
6.29517e-006	6.57406e-007	8.33771e-007
1.08109e-005	2.27174e-006	2.16211e-006
2.59301e-005	3.34074e-006	1.44724e-005
4.9909e-005	1.13248e-005	3.89137e-005
8.76953e-006	1.79784e-006	1.16418e-006
5.72949e-005	1.09318e-005	6.18018e-005
0.656357	0.150189	0.73935
2.18776e-005	4.15161e-006	1.69671e-005
3.40856e-005	7.37854e-006	1.63281e-005
5.1285e-006	7.84378e-007	6.81702e-007
9.20786e-006	2.04002e-006	5.67476e-006
6.89227e-006	1.21003e-006	2.908e-006
1.88024e-005	2.6644e-006	1.45228e-005
1.27387e-005	1.58971e-006	2.19666e-006
9.98655e-006	2.01131e-006	1.54408e-006
1.88814e-005	3.90694e-006	7.95648e-006
0.779516	0.158826	0.605912
2.85013e-005	5.63642e-006	1.1912e-005
0.560345	0.131201	0.817802
2.81525e-005	6.5017e-006	2.19302e-005
0.598079	0.128833	0.791014
0.740431	0.164642	0.651656
0.596344	0.142123	0.790047
1.01698e-005	1.30448e-006	1.81577e-006
3.20488e-005	5.48829e-006	2.48467e-005
3.79867e-005	6.36628e-006	1.92492e-005
0.491828	0.127647	0.861285
4.34121e-006	4.78741e-007	7.3938e-007
0.330917	0.119164	0.936106
7.21251e-006	1.68672e-006	3.05721e-006
-0.136945	0.0808412	0.987274
-0.136916	0.0808398	0.987279
0.12215	0.101807	0.987276
0.122231	0.101824	0.987265
2.54261e-005	4.65106e-006	1.26639e-005
-0.387129	0.0605575	0.920035
-0.387278	0.060566	0.919972
0.595513	0.152432	0.788751
2.41683e-005	4.28286e-006	1.00879e-005
1.84423e-005	3.88297e-006	2.44675e-006
-0.9245	0.0171398	0.380797
-0.924364	0.0171053	0.381128
-0.794884	0.0275864	0.606134
-0.794574	0.0275463	0.606542
1.1793e-005	2.58654e-006	1.78592e-006
-0.611646	0.0423634	0.789997
-0.611682	0.0423664	0.789968
-0.991423	0.0116957	0.130167
-0.99145	0.0117201	0.129961
0.372706	0.120231	0.920127
0.400618	0.11329	0.909214
9.0739e-006	9.1888e-007	1.61221e-006
6.2932e-005	1.22635e-005	5.72092e-005
2.10859e-005	3.27539e-006	1.08307e-005
1.63018e-005	3.20063e-006	6.83199e-006
1.81786e-005	3.0077e-006	7.59973e-006
5.18698e-005	1.14689e-005	6.86526e-005
0.371334	0.130683	0.919257
1.10883e-005	1.85499e-006	6.50023e-006
3.20806e-005	6.32362e-006	1.93419e-005
9.67241e-006	2.08512e-006	1.28516e-006
8.29612e-006	1.00642e-006	1.4695e-006
8.31667e-006	1.65359e-006	1.10388e-006
2.9008e-005	4.8326e-006	1.6992e-005
6.96377e-006	1.22329e-006	9.20578e-007
3.3729e-006	5.94635e-007	6.50543e-007
3.56367e-006	5.68512e-007	6.75583e-007
-0.9245	0.0171398	-0.380797
-0.924364	0.0171053	-0.381128
7.41381e-006	1.36693e-006	-9.82544e-007
-0.99145	0.011696	-0.129962
-0.991423	0.0117247	-0.130167
1.33655e-005	1.20127e-006	-1.72537e-006
-0.794574	0.0276053	-0.606539
-0.794883	0.0275151	-0.606138
2.54261e-005	4.65106e-006	-1.26639e-005
-0.38713	0.0605799	-0.920033
-0.387277	0.0605474	-0.919973
5.90566e-006	6.9973e-007	-7.84149e-007
0.122231	0.101824	-0.987265
0.12215	0.101807	-0.987276
1.10883e-005	1.85499e-006	-6.50023e-006
2.59301e-005	3.34074e-006	-1.44724e-005
-0.136945	0.0808412	-0.987274
-0.136916	0.0808398	-0.987279
3.79867e-005	6.36628e-006	-1.92492e-005
-0.611682	0.0423664	-0.789968
-0.611646	0.0423634	-0.789997
1.81786e-005	3.0077e-006	-7.59973e-006
0.330917	0.119164	-0.936106
4.9909e-005	1.13248e-005	-3.89137e-005
5.72949e-005	1.09318e-005	-6.18018e-005
0.595513	0.152432	-0.788751
3.20488e-005	5.48829e-006	-2.48467e-005
3.40856e-005	7.37854e-006	-1.63281e-005
0.372706	0.120231	-0.920127
7.51968e-006	1.09107e-006	-1.36958e-006
0.400618	0.11329	-0.909214
0.371334	0.130683	-0.919257
5.18698e-005	1.14689e-005	-6.86526e-005
2.41683e-005	4.28286e-006	-1.00879e-005
0.740431	0.164642	-0.651656
0.656357	0.150189	-0.73935
2.9008e-005	4.8326e-006	-1.6992e-005
1.63018e-005	3.20063e-006	-6.83199e-006
6.57417e-006	7.16259e-007	-2.75912e-006
9.85045e-006	8.10703e-007	-1.66763e-006
1.08109e-005	2.27174e-006	-2.16211e-006
8.68341e-006	9.64096e-007	-1.52106e-006
0.598079	0.128833	-0.791014
2.81525e-005	6.5017e-006	-2.19302e-005
3.20806e-005	6.32362e-006	-1.93419e-005
7.21251e-006	1.68672e-006	-3.05721e-006
8.31667e-006	1.65359e-006	-1.10388e-006
6.2932e-005	1.22635e-005	-5.72092e-005
1.04404e-005	2.15562e-006	-1.60205e-006
1.88024e-005	2.6644e-006	-1.45228e-005
0.596344	0.142123	-0.790047
0.779516	0.158826	-0.605912
0.560345	0.131201	-0.817802
1.27387e-005	1.58971e-006	-2.19666e-006
2.10859e-005	3.27539e-006	-1.08307e-005
5.69963e-005	1.12986e-005	-2.39095e-005
9.67241e-006	2.08512e-006	-1.28516e-006
9.20786e-006	2.04002e-006	-5.67476e-006
1.88814e-005	3.90694e-006	-7.95648e-006
1.1793e-005	2.58654e-006	-1.78592e-006
2.18776e-005	4.15161e-006	-1.69671e-005
0.491828	0.127647	-0.861285
9.22272e-006	1.94148e-006	-1.22226e-006
3.56367e-006	5.68512e-007	-6.75583e-007
1.10375e-005	1.48411e-006	-1.46635e-006
3.3729e-006	5.94635e-007	-6.50543e-007
5.1285e-006	7.84378e-007	-6.81702e-007
-0.11027	0.985276	-0.130659
-0.0416874	0.380503	-0.92384
-0.0472838	0.8454	-0.532037
-0.0527228	0.922452	-0.382496
-0.0509878	0.60667	-0.793317
-5.4112e-006	4.52242e-005	-2.70998e-005
-2.7056e-006	2.26204e-005	-1.35476e-005
-8.13514e-007	1.00367e-005	-1.92065e-006
-1.62487e-006	2.00268e-005	-3.82355e-006
-0.0895266	0.788363	-0.608662
-0.023948	0.327687	-0.944483
-0.0649128	0.630868	-0.77317
-0.0171355	-0.0310275	-0.999372
-0.0425322	0.333129	-0.941922
1.22755e-006	-2.68535e-005	-3.54111e-006
0.0176745	-0.129546	-0.991416
-2.78397e-006	2.26525e-005	-4.1927e-006
1.37808e-006	-1.70118e-005	-3.25345e-006
0.029916	-0.381433	-0.923912
5.81521e-007	-3.03415e-005	-1.25492e-005
1.02235e-006	-5.48343e-005	-3.16374e-005
-4.9818e-008	-2.2789e-005	-3.99857e-006
6.66759e-007	-1.99083e-005	-3.61844e-006
5.1883e-007	-2.97636e-005	-3.90518e-006
4.13719e-006	-3.2714e-005	-1.36481e-005
0.0198835	-0.364752	-0.930892
0.049939	-0.606723	-0.793343
0.0322184	-0.644192	-0.764185
-0.00120977	0.130873	-0.991398
0.0224236	-0.793497	-0.608161
9.20343e-006	-7.70386e-005	-4.91206e-005
3.50465e-006	-2.51567e-005	-5.08304e-006
5.1883e-007	-2.97636e-005	3.90518e-006
9.20343e-006	-7.70386e-005	4.91206e-005
-2.70574e-006	2.25859e-005	1.35452e-005
-5.4112e-006	4.52242e-005	2.70998e-005
1.37808e-006	-1.70118e-005	3.25345e-006
4.13719e-006	-3.2714e-005	1.36481e-005
0.049939	-0.606723	0.793343
-0.00120977	0.130873	0.991398
1.22755e-006	-2.68535e-005	3.54111e-006
1.02235e-006	-5.48343e-005	3.16374e-005
0.0198835	-0.364752	0.930892
0.0322184	-0.644192	0.764185
-0.0171355	-0.0310275	0.999372
0.029916	-0.381433	0.923912
3.50465e-006	-2.51567e-005	5.08304e-006
0.0224236	-0.793497	0.608161
-4.9818e-008	-2.2789e-005	3.99857e-006
-0.0509878	0.60667	0.793317
-0.11027	0.985276	0.130659
-0.0527228	0.922452	0.382496
6.66759e-007	-1.99083e-005	3.61844e-006
-0.0895266	0.788363	0.608662
5.81521e-007	-3.03415e-005	1.25492e-005
-8.11016e-007	1.00097e-005	1.90694e-006
-1.62487e-006	2.00268e-005	3.82355e-006
-0.0425322	0.333129	0.941922
-0.0416874	0.380503	0.92384
-0.023948	0.327687	0.944483
0.0176745	-0.129546	0.991416
-0.0649128	0.630868	0.77317
-0.0472838	0.8454	0.532037
-2.78417e-006	2.26723e-005	4.17172e-006
-5.26401e-005	-4.29474e-006	4.88586e-008
-4.64515e-005	-3.78105e-006	2.31934e-009
-2.3232e-005	-1.88708e-006	1.12915e-009
3.04935e-005	2.47207e-006	8.56476e-008
8.94237e-005	7.24947e-006	-1.49368e-007
0.996742	0.0806585	-0.000558199
0.996742	0.0806585	-8.82882e-005
0.996743	0.0806414	4.21141e-005
0.996743	0.0806413	0.000628378
0.99674	0.0806814	0.000323432
0.99674	0.0806814	1.40024e-005
0.99674	0.0806868	-2.74302e-005
0.996739	0.0806868	-0.00047105
0.996742	0.0806566	-0.000240701
0.996742	0.0806566	0.00046706
0.996739	0.0806868	0.000236704
0.99674	0.0806868	-1.17423e-005
0.99674	0.0806814	2.96892e-005
0.99674	0.0806814	-0.000597578
0.996743	0.0806414	-0.000292626
0.996743	0.0806414	6.59108e-005
0.996742	0.0806585	-6.44864e-005
0.996741	0.0806584	0.00131318
-0.0800179	0.988221	-0.130444
-0.0798959	0.9882	-0.130677
-0.0744498	0.92084	-0.382768
-0.0745391	0.920896	-0.382615
-0.0491312	0.60677	-0.793358
-0.0490687	0.606688	-0.793424
-0.0639618	0.790827	-0.608689
-0.0640059	0.790764	-0.608765
-0.0308774	0.381476	-0.923863
-0.0308903	0.381495	-0.923854
-0.0105196	0.130065	-0.99145
-0.0105289	0.13008	-0.991448
0.0308374	-0.381416	-0.923889
0.0308903	-0.381495	-0.923854
0.0491312	-0.60677	-0.793358
0.0490687	-0.606688	-0.793424
0.0744498	-0.92084	-0.382768
0.0745391	-0.920896	-0.382615
0.0640059	-0.790764	-0.608765
0.0639618	-0.790827	-0.608689
0.0800179	-0.988221	-0.130444
0.0798959	-0.9882	-0.130677
0.0105209	-0.130081	-0.991448
0.0105176	-0.130088	-0.991447
0.0800154	-0.988191	0.130677
0.0798984	-0.988231	0.130444
0.0744549	-0.920903	0.382615
0.074534	-0.920833	0.382768
0.0491242	-0.606684	0.793424
0.0490757	-0.606774	0.793358
0.0639571	-0.790768	0.608765
0.0640107	-0.790823	0.608689
0.0308442	-0.381499	0.923854
0.0308835	-0.381412	0.923889
0.0105209	-0.130081	0.991448
0.0105176	-0.130088	0.991447
-0.030879	0.381496	0.923854
-0.0308887	0.381475	0.923863
-0.0491242	0.606684	0.793424
-0.0490757	0.606774	0.793358
-0.0800179	0.988221	0.130444
-0.0798959	0.9882	0.130677
-0.0639618	0.790827	0.608689
-0.0640059	0.790764	0.608765
-0.0745391	0.920896	0.382615
-0.0744498	0.92084	0.382768
-0.0105196	0.130065	0.99145
-0.0105289	0.13008	0.991448

#	Mesh	0	End

