#	Mesh	0	Begin

#	Vertex	72
97.68	-21.0525	-4.34497
97.6764	-21.0528	-4.34594
97.673	-21.0531	-4.34751
97.67	-21.0533	-4.34965
97.6674	-21.0535	-4.35228
97.6652	-21.0537	-4.35533
97.6637	-21.0538	-4.3587
97.6627	-21.0539	-4.36229
97.6624	-21.0539	-4.366
97.6627	-21.0539	-4.36971
97.6637	-21.0538	-4.3733
97.6652	-21.0537	-4.37667
97.6674	-21.0535	-4.37972
97.67	-21.0533	-4.38235
97.673	-21.0531	-4.38449
97.6764	-21.0528	-4.38606
97.68	-21.0525	-4.38703
97.6837	-21.0522	-4.38735
97.6874	-21.0519	-4.38703
97.6909	-21.0516	-4.38606
97.6943	-21.0513	-4.38449
97.6974	-21.0511	-4.38235
97.7	-21.0509	-4.37972
97.7021	-21.0507	-4.37667
97.7037	-21.0506	-4.3733
97.7046	-21.0505	-4.36971
97.705	-21.0505	-4.366
97.7046	-21.0505	-4.36229
97.7037	-21.0506	-4.3587
97.7021	-21.0507	-4.35533
97.7	-21.0509	-4.35228
97.6974	-21.0511	-4.34965
97.6943	-21.0513	-4.34751
97.6909	-21.0516	-4.34594
97.6874	-21.0519	-4.34497
97.6837	-21.0522	-4.34465
97.8244	-22.8357	-4.34497
97.8208	-22.836	-4.34594
97.8174	-22.8363	-4.34751
97.8144	-22.8365	-4.34965
97.8118	-22.8367	-4.35228
97.8096	-22.8369	-4.35533
97.8081	-22.837	-4.3587
97.8071	-22.8371	-4.36229
97.8068	-22.8371	-4.366
97.8071	-22.8371	-4.36971
97.8081	-22.837	-4.3733
97.8096	-22.8369	-4.37667
97.8118	-22.8367	-4.37972
97.8144	-22.8365	-4.38235
97.8174	-22.8363	-4.38449
97.8208	-22.836	-4.38606
97.8244	-22.8357	-4.38703
97.8281	-22.8354	-4.38735
97.8318	-22.8351	-4.38703
97.8353	-22.8348	-4.38606
97.8387	-22.8346	-4.38449
97.8417	-22.8343	-4.38235
97.8444	-22.8341	-4.37972
97.8465	-22.8339	-4.37667
97.848	-22.8338	-4.3733
97.849	-22.8337	-4.36971
97.8493	-22.8337	-4.366
97.849	-22.8337	-4.36229
97.848	-22.8338	-4.3587
97.8465	-22.8339	-4.35533
97.8444	-22.8341	-4.35228
97.8417	-22.8343	-4.34965
97.8387	-22.8346	-4.34751
97.8353	-22.8348	-4.34594
97.8318	-22.8351	-4.34497
97.8281	-22.8354	-4.34465

#	Triangle	97
35	36	71	0	36	35
0	37	36
1	37	0
1	38	37
2	38	1
2	39	38	3	39	2
3	40	39
4	40	3
4	41	40
5	41	4
5	42	41	6	42	5
6	43	42
7	43	6
7	44	43
8	44	7
8	45	44
9	45	8
9	46	45
10	46	9
10	47	46	11	47	10
11	48	47
12	48	11
12	49	48
13	49	12
13	50	49	14	50	13
14	51	50
15	51	14
15	52	51
16	52	15
16	53	52	17	53	16
17	54	53
18	54	17
18	55	54	19	55	18
19	56	55
20	56	19
20	57	56
21	57	20
21	58	57
22	58	21
22	59	58	23	59	22
23	60	59	24	60	23
24	61	60	25	61	24
25	62	61
26	62	25
26	63	62
27	63	26
27	64	63	28	64	27
28	65	64	29	65	28
29	66	65	30	66	29
30	67	66
31	67	30
31	68	67
32	68	31
32	69	68
33	69	32
33	70	69	34	70	33
34	71	70
35	71	34
7	9	8	26	25	27
6	9	7	27	25	24
6	10	9	27	24	28
5	10	6	28	24	23
5	11	10
4	11	5
4	12	11
3	12	4	30	22	21
3	13	12	30	21	31
2	13	3	31	21	20
2	14	13	31	20	32
1	14	2	1	15	14
0	15	1	0	16	15
35	16	0	35	17	16	34	17	35	34	18	17
33	18	34	33	19	18
32	19	33	32	20	19
29	22	30
29	23	22
28	23	29
45	43	44	62	63	61
46	43	45	61	63	64
46	42	43	61	64	60
47	42	46	60	64	65
47	41	42
48	41	47
48	40	41
49	40	48	58	66	67
49	39	40	58	67	57
50	39	49	57	67	68
50	38	39
51	38	50	51	37	38	54	71	53	54	70	71
52	37	51	52	36	37
53	36	52	53	71	36
55	70	54	55	69	70
56	69	55	56	68	69
57	68	56
59	66	58
59	65	66
60	65	59

#	Normal	97
-0.0868357	-0.00703081	0.996198
-0.257828	-0.0208755	0.965965
-0.257818	-0.0208747	0.965968
-0.421476	-0.0341256	0.906197
-0.421492	-0.0341268	0.90619
-0.571674	-0.0462866	0.819174
-0.704517	-0.0570425	0.707391
-0.704496	-0.0570409	0.707412
-0.816822	-0.0661355	0.573087
-0.816842	-0.0661371	0.573058
-0.903066	-0.0731184	0.423233
-0.962725	-0.0779488	0.259006
-0.962715	-0.077948	0.259046
-0.993012	-0.0804011	0.0863846
-0.993016	-0.0804013	0.0863426
-0.993012	-0.080401	-0.0863846
-0.993016	-0.0804014	-0.0863426
-0.962725	-0.0779489	-0.259006
-0.962715	-0.0779479	-0.259046
-0.903066	-0.0731184	-0.423233
-0.816822	-0.0661355	-0.573087
-0.816842	-0.0661371	-0.573058
-0.704517	-0.0570426	-0.707391
-0.704496	-0.0570408	-0.707412
-0.571674	-0.0462866	-0.819174
-0.421476	-0.0341255	-0.906197
-0.421492	-0.0341269	-0.90619
-0.257828	-0.0208756	-0.965965
-0.257818	-0.0208747	-0.965968
-0.0868357	-0.00703081	-0.996198
0.086832	0.00703051	-0.996198
0.0868357	0.00703082	-0.996198
0.25835	0.0209178	-0.965825
0.420693	0.0340622	-0.906563
0.420677	0.0340609	-0.906571
0.572655	0.0463661	-0.818484
0.571674	0.0462842	-0.819174
0.704497	0.0570378	-0.707412
0.705539	0.0571253	-0.706364
0.815862	0.0660577	-0.574461
0.903864	0.073183	-0.421513
0.962715	0.0779479	-0.259046
0.993012	0.080401	-0.0863846
0.992835	0.0803824	-0.0884189
0.993013	0.0803968	0.0863846
0.992834	0.0803866	0.0884189
0.962715	0.0779479	0.259046
0.903864	0.073183	0.421513
0.815862	0.0660577	0.574461
0.704496	0.0570408	0.707412
0.70554	0.0571222	0.706364
0.572655	0.0463636	0.818484
0.571674	0.0462866	0.819174
0.420693	0.0340622	0.906563
0.420677	0.0340609	0.906571
0.25835	0.0209178	0.965825
0.086832	0.00703052	0.996198
0.0868357	0.00703081	0.996198
-1.88272e-007	2.37513e-006	-0
-5.793e-007	7.12539e-006	-0
-1.14098e-006	1.4034e-005	-0
-1.85409e-006	2.29336e-005	-0
-2.7104e-006	3.35256e-005	-0
-3.66946e-006	4.53679e-005	-0
-4.7175e-006	5.83254e-005	-0
-5.84327e-006	7.20491e-005	-0
-6.96364e-006	8.58636e-005	-0
-8.04972e-006	9.94076e-005	-0
-0.0807127	0.996737	-0
-0.0805513	0.99675	-0
-0.0808888	0.996723	-0
-0.0806037	0.996746	-0
-0.0805237	0.996753	-0
-0.0809401	0.996719	-0
-4.7175e-006	5.85399e-005	-0
-3.66946e-006	4.55347e-005	-0
-2.7104e-006	3.33588e-005	-0
2.02755e-007	-2.37513e-006	-0
5.64817e-007	-7.12539e-006	-0
1.11245e-006	-1.4034e-005	-0
1.85409e-006	-2.29336e-005	-0
2.7104e-006	-3.35256e-005	-0
3.71116e-006	-4.53679e-005	-0
4.77111e-006	-5.83254e-005	-0
5.78966e-006	-7.20491e-005	-0
6.89976e-006	-8.58636e-005	-0
8.04972e-006	-9.94076e-005	-0
0.0807127	-0.996737	-0
0.0811271	-0.996704	-0
0.0803494	-0.996767	-0
0.0806037	-0.996746	-0
0.0805237	-0.996753	-0
0.0803657	-0.996765	-0
0.0809193	-0.996721	-0
4.7175e-006	-5.85399e-005	-0
3.66946e-006	-4.55347e-005	-0
2.7104e-006	-3.33588e-005	-0

#	Mesh	0	End

