#	Mesh	0	Begin

#	Vertex	31
73.8505	-106.556	-4.3557
73.8519	-106.559	-3.75571
74.0009	-106.516	-3.75587
74.0007	-106.513	-4.35586
79.219	-114.284	-4.4007
79.2204	-114.286	-3.80071
79.1024	-114.322	-3.80058
79.1022	-114.319	-4.40058
77.3232	-111.975	-3.78658
77.3228	-111.975	-3.9845
77.3218	-111.973	-4.38657
77.4099	-113.061	-4.39136
77.4113	-113.064	-3.79137
77.353	-112.343	-3.7882
76.8374	-112.015	-3.78562
76.8371	-112.014	-3.88562
76.8369	-112.014	-3.9845
76.836	-112.012	-4.38561
74.8927	-106.378	-3.75735
74.9073	-106.557	-3.75814
74.0102	-106.63	-3.75637
78.2168	-114.535	-3.79944
78.1953	-114.27	-3.79827
79.0924	-114.198	-3.80004
74.8927	-106.378	-4.35735
79.0924	-114.198	-4.40004
78.1953	-114.27	-4.39828
78.2168	-114.535	-4.39945
74.0102	-106.63	-4.35638
74.9073	-106.557	-4.35814
74.9073	-106.557	-3.7647

#	Triangle	39
3	1	2
0	1	3
7	5	6
4	5	7
12	10	11
12	9	10
12	13	9
13	8	9
9	17	10
9	16	17
9	15	16
8	15	9
8	14	15
14	20	1	14	19	20	14	8	19	8	5	19	12	23	13	22	23	12
20	2	1	13	5	8	21	22	12
19	5	18	6	5	23
23	5	13
18	4	24
5	4	18
3	28	0
28	17	0
28	10	17	10	25	26	29	25	10	25	4	7	24	4	25
10	27	11	29	10	28
10	26	27
24	25	29
17	1	0
17	16	1
16	15	1
15	14	1
21	11	27
12	11	21
6	25	7
23	25	6
26	23	22	25	23	26
27	22	21	26	22	27
29	18	24	30	18	29	19	18	30
2	28	3
20	28	2
28	30	29	20	30	28	20	19	30

#	Normal	39
-0.278581	0.960401	0.00469828
-0.278597	0.960397	0.00469381
0.287107	-0.957887	-0.00470207
0.287111	-0.957886	-0.00470284
-0.996736	-0.0807109	0.00195564
-0.996735	-0.0807167	0.001945
-0.996735	-0.0807166	0.0019456
-0.996737	-0.0806981	0.00198043
0.0807544	-0.996724	-0.00438782
0.080763	-0.996724	-0.00439829
0.080763	-0.996724	-0.00435882
0.0807551	-0.996724	-0.00439776
0.0807544	-0.996724	-0.00439425
0.00230882	-0.00421938	0.999988
0.00230849	-0.00422012	0.999988
0.00231016	-0.00421867	0.999988
0.00231066	-0.00421764	0.999988
0.877244	0.480045	0
0.877244	0.480045	3.41463e-006
-0.00231013	0.00422045	-0.999988
-0.00231122	0.00421807	-0.999988
-0.00230869	0.0042194	-0.999988
-0.00230796	0.00421974	-0.999988
-0.00230745	0.00421992	-0.999988
-0.00231024	0.00421866	-0.999988
-0.877244	-0.480045	-3.41432e-006
-0.877245	-0.480044	-1.27501e-005
-0.877244	-0.480044	-1.77854e-007
-0.877244	-0.480045	3.08527e-005
-0.877245	-0.480043	-0
-0.877244	-0.480046	-9.67116e-006
-0.99674	-0.0806778	2.77059e-006
-0.996739	-0.0806911	-0
0.0807033	-0.996738	-0
0.996738	0.0807047	-0
-0.996732	-0.0807739	0
0.996735	0.0807426	-3.50932e-006
0.996736	0.0807243	-0
-0.0807637	0.996733	-0

#	Mesh	0	End

