#	Mesh	0	Begin

#	Vertex	20
100.567	-109.281	-3.391
100.495	-108.384	-3.391
100.495	-108.384	-3.76872
100.567	-109.281	-3.77224
109.079	-108.592	-3.391
109.006	-107.695	-3.391
109.006	-107.695	-3.419
107.86	-107.788	-3.419
107.86	-107.788	-3.991
100.895	-108.352	-3.991
100.895	-108.352	-3.86802
101.878	-108.272	-3.7663
100.567	-109.281	-3.991
107.932	-108.685	-3.991
101.454	-109.209	-3.77069
101.55	-109.202	-3.77052
101.454	-109.209	-3.78037
100.567	-109.281	-3.87224
107.932	-108.685	-3.419
109.079	-108.592	-3.419

#	Triangle	20
3	1	2	0	1	3
5	0	4	1	0	5
7	5	6
7	1	5
9	7	8
9	11	7
11	1	7
9	10	11	2	1	11
13	9	8	12	9	13	19	7	6	18	7	19
0	19	4	0	3	14	17	12	16
0	18	19
0	13	18	0	15	13	15	12	13
0	14	15
16	12	15
8	18	13	7	18	8	6	4	19	5	4	6
15	2	11	14	2	15	3	2	14
10	12	17	9	12	10
17	11	10
17	16	11
16	15	11

#	Normal	20
-0.996738	-0.0807033	0
-0	0	1
-0.0806997	0.996738	-0
-0.0807024	0.996738	0.000111312
-0.080703	0.996738	-0
-0.0807034	0.996738	5.02564e-006
-0.0807028	0.996738	-4.56225e-006
-0.0807022	0.996738	-0
-0	-0	-1
0.0807028	-0.996738	-0
0.0807064	-0.996737	0.00111804
0.0807022	-0.996738	-0
0.080695	-0.996739	-1.872e-005
0.0806888	-0.996739	6.00929e-005
0.996733	0.0807637	-0
0.00142311	0.00403255	-0.999991
-0.943007	0.332774	-0
-0.105552	0.0327404	0.993875
-0.105552	0.032741	0.993875
-0.10555	0.0327402	0.993875

#	Mesh	0	End

