#	Mesh	0	Begin

#	Vertex	11
102.531	-121.845	-3.44616
103.062	-128.393	-3.472
102.269	-128.457	-3.472
101.739	-121.909	-3.44616
102.269	-128.455	-3.872
101.739	-121.907	-3.84616
103.061	-128.391	-3.872
102.531	-121.843	-3.84616
101.739	-121.909	-3.84616
102.531	-121.845	-3.84616
102.531	-121.845	-3.44616

#	Triangle	10
10	2	1	3	2	10
3	4	2
8	4	3
8	6	4
9	6	8
9	1	6
10	1	9
2	6	1
4	6	2
8	10	9	3	10	8

#	Normal	10
0.000317681	-0.00392088	0.999992
-0.996734	-0.0807609	-5.57055e-006
-0.996733	-0.0807613	0
-0.000317683	0.00392086	-0.999992
-0.000317452	0.00392091	-0.999992
0.996734	0.0807607	-1.38978e-005
0.996733	0.0807615	0
0.0807577	-0.996726	-0.00393977
0.0807585	-0.996726	-0.0039382
-0.0806998	0.996738	-0

#	Mesh	0	End

