#	Mesh	0	Begin

#	Vertex	72
54.2289	67.1434	-6.54494
54.2296	67.1399	-6.54591
54.2304	67.1366	-6.54748
54.231	67.1337	-6.54961
54.2316	67.1311	-6.55225
54.232	67.129	-6.55529
54.2324	67.1275	-6.55867
54.2326	67.1265	-6.56226
54.2326	67.1262	-6.56597
54.2326	67.1265	-6.56968
54.2324	67.1275	-6.57327
54.232	67.129	-6.57664
54.2316	67.1311	-6.57969
54.231	67.1337	-6.58232
54.2304	67.1366	-6.58446
54.2296	67.1399	-6.58603
54.2289	67.1434	-6.58699
54.2281	67.1471	-6.58732
54.2273	67.1507	-6.58699
54.2265	67.1542	-6.58603
54.2258	67.1575	-6.58446
54.2252	67.1605	-6.58232
54.2246	67.163	-6.57969
54.2241	67.1651	-6.57664
54.2238	67.1667	-6.57327
54.2236	67.1676	-6.56968
54.2235	67.1679	-6.56597
54.2236	67.1676	-6.56226
54.2238	67.1667	-6.55867
54.2241	67.1651	-6.55529
54.2246	67.163	-6.55225
54.2252	67.1605	-6.54961
54.2258	67.1575	-6.54748
54.2265	67.1542	-6.54591
54.2273	67.1507	-6.54494
54.2281	67.1471	-6.54462
54.4138	67.1838	-6.54494
54.4145	67.1803	-6.54591
54.4153	67.177	-6.54748
54.4159	67.174	-6.54961
54.4165	67.1714	-6.55225
54.4169	67.1693	-6.55529
54.4173	67.1678	-6.55867
54.4175	67.1668	-6.56226
54.4175	67.1665	-6.56597
54.4175	67.1668	-6.56968
54.4173	67.1678	-6.57327
54.4169	67.1693	-6.57664
54.4165	67.1714	-6.57969
54.4159	67.174	-6.58232
54.4153	67.177	-6.58446
54.4145	67.1803	-6.58603
54.4138	67.1838	-6.58699
54.413	67.1874	-6.58732
54.4122	67.191	-6.58699
54.4114	67.1945	-6.58603
54.4107	67.1978	-6.58446
54.4101	67.2008	-6.58232
54.4095	67.2034	-6.57969
54.409	67.2055	-6.57664
54.4087	67.207	-6.57327
54.4085	67.2079	-6.56968
54.4084	67.2083	-6.56597
54.4085	67.2079	-6.56226
54.4087	67.207	-6.55867
54.409	67.2055	-6.55529
54.4095	67.2034	-6.55225
54.4101	67.2008	-6.54961
54.4107	67.1978	-6.54748
54.4114	67.1945	-6.54591
54.4122	67.191	-6.54494
54.413	67.1874	-6.54462

#	Triangle	84
35	36	71	0	36	35
0	37	36	1	37	0
1	38	37	2	38	1
2	39	38	3	39	2
3	40	39	4	40	3
4	41	40	5	41	4
5	42	41	6	42	5
6	43	42	7	43	6
7	44	43	8	44	7
8	45	44	9	45	8
9	46	45	10	46	9
10	47	46	11	47	10
11	48	47	12	48	11
12	49	48	13	49	12
13	50	49	14	50	13
14	51	50	15	51	14
15	52	51	16	52	15
16	53	52	17	53	16
17	54	53	18	54	17
18	55	54	19	55	18
19	56	55
20	56	19
20	57	56
21	57	20
21	58	57	22	58	21
22	59	58	23	59	22
23	60	59
24	60	23
24	61	60
25	61	24
25	62	61
26	62	25
26	63	62
27	63	26
27	64	63
28	64	27
28	65	64
29	65	28
29	66	65	30	66	29
30	67	66	31	67	30
31	68	67
32	68	31
32	69	68
33	69	32
33	70	69	34	70	33
34	71	70	35	71	34
7	9	8
6	9	7	27	25	24
6	10	9	27	24	28
5	10	6	28	24	23
5	11	10	28	23	29
4	11	5	29	23	22
4	12	11
3	12	4	30	22	21
3	13	12	30	21	31
2	13	3
2	14	13
1	14	2	1	15	14
0	15	1	0	16	15	33	18	34	33	19	18
35	16	0	35	17	16
34	17	35	34	18	17
32	19	33	32	20	19
31	20	32
31	21	20
29	22	30
26	25	27
45	43	44
46	43	45	61	63	64
46	42	43	61	64	60
47	42	46	60	64	65
47	41	42	60	65	59
48	41	47	59	65	66
48	40	41
49	40	48	58	66	67
49	39	40	58	67	57
50	39	49	57	67	68
50	38	39
51	38	50	51	37	38	56	69	55	56	68	69
52	37	51	52	36	37	55	70	54	55	69	70
53	36	52	53	71	36
54	71	53	54	70	71
57	68	56
59	66	58
62	63	61

#	Normal	84
0.0186147	-0.0853639	0.996176
0.055079	-0.252583	0.966006
0.0900078	-0.412761	0.906381
0.122246	-0.560599	0.819015
0.150683	-0.691008	0.706967
0.174509	-0.80027	0.573686
0.193054	-0.885316	0.423019
0.205841	-0.943953	0.258037
0.212227	-0.97324	0.0881083
0.212227	-0.97324	-0.0881083
0.205841	-0.943953	-0.258037
0.193054	-0.885316	-0.423019
0.174509	-0.80027	-0.573686
0.150683	-0.691008	-0.706967
0.122246	-0.560599	-0.819015
0.0900078	-0.412761	-0.906381
0.0551051	-0.252703	-0.965973
0.0185869	-0.0852365	-0.996187
-0.018549	0.0850625	-0.996203
-0.0551051	0.252703	-0.965973
-0.0900078	0.412761	-0.906381
-0.090192	0.413526	-0.906014
-0.122291	0.560697	-0.818941
-0.122063	0.559761	-0.819615
-0.150659	0.690899	-0.707079
-0.174531	0.800372	-0.573535
-0.193036	0.885232	-0.423203
-0.193239	0.885992	-0.421517
-0.205879	0.943944	-0.258037
-0.205732	0.943451	-0.25995
-0.212232	0.973259	-0.0878864
-0.212309	0.973424	-0.0858508
-0.212271	0.973251	0.0878864
-0.212269	0.973433	0.0858509
-0.205841	0.943953	0.258037
-0.20577	0.943443	0.25995
-0.193072	0.885225	0.423203
-0.193204	0.886	0.421517
-0.174531	0.800372	0.573535
-0.150659	0.690899	0.707079
-0.122268	0.560702	0.818941
-0.122086	0.559756	0.819615
-0.0900245	0.412757	0.906381
-0.0901754	0.413529	0.906014
-0.055079	0.252583	0.966006
-0.0185767	0.0851896	0.996192
-2.37513e-006	-5.2137e-007	-0
-6.9516e-006	-1.53514e-006	-0
-1.36917e-005	-3.02359e-006	-0
-2.24772e-005	-4.84915e-006	-0
-3.28584e-005	-7.08874e-006	-0
-4.4534e-005	-9.75744e-006	-0
-5.72533e-005	-1.25443e-005	-0
-7.0548e-005	-1.53319e-005	-0
-8.40748e-005	-1.82716e-005	-0
-9.73632e-005	-2.13381e-005	-0
-0.976816	-0.214079	-0
-0.977051	-0.213006	-0
-0.977098	-0.21279	-0
-0.977024	-0.21313	-0
-0.977119	-0.212692	-0
-0.976945	-0.213489	-0
-0.977199	-0.212323	-0
-9.76188e-005	-2.12104e-005	-0
-5.72533e-005	-1.2437e-005	-0
-2.3172e-006	-4.92405e-007	-0
2.37513e-006	5.2137e-007	-0
6.9516e-006	1.53514e-006	-0
1.36917e-005	3.02359e-006	-0
2.24772e-005	4.84915e-006	-0
3.28584e-005	7.08874e-006	-0
4.4534e-005	9.75744e-006	-0
5.72533e-005	1.25443e-005	-0
7.0548e-005	1.53319e-005	-0
8.40748e-005	1.82716e-005	-0
9.73632e-005	2.13381e-005	-0
0.976816	0.214079	-0
0.977051	0.213006	-0
0.977098	0.21279	-0
0.977024	0.21313	-0
0.977119	0.212692	-0
0.977084	0.212856	-0
5.72533e-005	1.2437e-005	-0
2.37513e-006	4.92405e-007	-0

#	Mesh	0	End

