#	Mesh	0	Begin

#	Vertex	276
67.7313	-57.7174	-6.51697
67.7303	-57.7048	-6.51864
67.7293	-57.693	-6.52353
67.7285	-57.6829	-6.53132
67.7279	-57.6751	-6.54147
67.7275	-57.6702	-6.55329
67.7273	-57.6686	-6.56597
67.7275	-57.6702	-6.57865
67.7279	-57.6751	-6.59047
67.7285	-57.6829	-6.60062
67.7293	-57.693	-6.6084
67.7303	-57.7048	-6.6133
67.7313	-57.7174	-6.61497
67.7323	-57.7301	-6.6133
67.7333	-57.7418	-6.6084
67.7341	-57.752	-6.60062
67.7347	-57.7597	-6.59047
67.7351	-57.7646	-6.57865
67.7352	-57.7663	-6.56597
67.7351	-57.7646	-6.55329
67.7347	-57.7597	-6.54147
67.7341	-57.752	-6.53132
67.7333	-57.7418	-6.52353
67.7323	-57.7301	-6.51864
67.7571	-57.7399	-6.52353
67.7579	-57.75	-6.53132
67.7569	-57.7376	-6.52752
67.756	-57.7269	-6.52308
67.7561	-57.7281	-6.51864
67.7576	-57.7468	-6.53457
67.7585	-57.7578	-6.54147
67.7582	-57.7538	-6.54377
67.7586	-57.7582	-6.55448
67.7589	-57.7627	-6.55329
67.7587	-57.7598	-6.56597
67.7591	-57.7643	-6.56597
67.7586	-57.7582	-6.57746
67.7589	-57.7627	-6.57865
67.7582	-57.7538	-6.58817
67.7585	-57.7578	-6.59047
67.7576	-57.7468	-6.59736
67.7579	-57.75	-6.60062
67.7569	-57.7376	-6.60442
67.7571	-57.7399	-6.6084
67.756	-57.7269	-6.60886
67.7561	-57.7281	-6.6133
67.7551	-57.7155	-6.61037
67.7551	-57.7155	-6.61497
67.7542	-57.704	-6.60886
67.7541	-57.7029	-6.6133
67.7533	-57.6934	-6.60442
67.7531	-57.6911	-6.6084
67.7526	-57.6842	-6.59736
67.7523	-57.681	-6.60062
67.7523	-57.6807	-6.59277
67.752	-57.6772	-6.58817
67.7517	-57.6732	-6.59047
67.7513	-57.6683	-6.57865
67.7518	-57.675	-6.58281
67.7517	-57.6739	-6.58014
67.7516	-57.6727	-6.57746
67.7512	-57.6667	-6.56597
67.7516	-57.6724	-6.57459
67.7516	-57.672	-6.57171
67.7515	-57.6712	-6.56597
67.7513	-57.6683	-6.55329
67.7516	-57.672	-6.56022
67.7516	-57.6724	-6.55735
67.7516	-57.6727	-6.55448
67.7517	-57.6732	-6.54147
67.7517	-57.6739	-6.5518
67.7518	-57.675	-6.54912
67.752	-57.6772	-6.54377
67.7523	-57.681	-6.53132
67.7523	-57.6807	-6.53917
67.7526	-57.6842	-6.53457
67.7531	-57.6911	-6.52353
67.7533	-57.6934	-6.52752
67.7541	-57.7029	-6.51864
67.7542	-57.704	-6.52308
67.7551	-57.7155	-6.51697
67.7551	-57.7155	-6.52157
67.8511	-57.6602	-6.57865
67.8272	-57.6622	-6.57865
67.8271	-57.6605	-6.56597
67.8509	-57.6586	-6.56597
67.8515	-57.6651	-6.59047
67.8276	-57.667	-6.59047
67.8283	-57.6748	-6.60062
67.8521	-57.6729	-6.60062
67.8529	-57.683	-6.6084
67.8291	-57.6849	-6.6084
67.8539	-57.6948	-6.6133
67.83	-57.6967	-6.6133
67.8549	-57.7074	-6.61497
67.8311	-57.7093	-6.61497
67.8569	-57.7318	-6.6084
67.833	-57.7338	-6.6084
67.8321	-57.722	-6.6133
67.8559	-57.7201	-6.6133
67.8577	-57.7419	-6.60062
67.8339	-57.7439	-6.60062
67.8345	-57.7516	-6.59047
67.8583	-57.7497	-6.59047
67.8587	-57.7546	-6.57865
67.8349	-57.7565	-6.57865
67.8588	-57.7563	-6.56597
67.835	-57.7582	-6.56597
67.8587	-57.7546	-6.55329
67.8349	-57.7565	-6.55329
67.8583	-57.7497	-6.54147
67.8345	-57.7516	-6.54147
67.8339	-57.7439	-6.53132
67.8577	-57.7419	-6.53132
67.8569	-57.7318	-6.52353
67.833	-57.7338	-6.52353
67.8559	-57.7201	-6.51864
67.8321	-57.722	-6.51864
67.8549	-57.7074	-6.51697
67.8311	-57.7093	-6.51697
67.8529	-57.683	-6.52353
67.8291	-57.6849	-6.52353
67.83	-57.6967	-6.51864
67.8539	-57.6948	-6.51864
67.8521	-57.6729	-6.53132
67.8283	-57.6748	-6.53132
67.8276	-57.667	-6.54147
67.8515	-57.6651	-6.54147
67.8511	-57.6602	-6.55329
67.8272	-57.6622	-6.55329
67.8329	-57.7315	-6.52752
67.832	-57.7208	-6.52308
67.8336	-57.7406	-6.53457
67.8342	-57.7477	-6.54377
67.8345	-57.7521	-6.55448
67.8346	-57.7536	-6.56597
67.8345	-57.7521	-6.57746
67.8342	-57.7477	-6.58817
67.8336	-57.7406	-6.59736
67.8329	-57.7315	-6.60442
67.832	-57.7208	-6.60886
67.8311	-57.7093	-6.61037
67.8301	-57.6979	-6.60886
67.8293	-57.6872	-6.60442
67.8285	-57.6781	-6.59736
67.8282	-57.6745	-6.59277
67.828	-57.671	-6.58817
67.8278	-57.6688	-6.58281
67.8277	-57.6677	-6.58014
67.8276	-57.6666	-6.57746
67.8276	-57.6662	-6.57459
67.8275	-57.6658	-6.57171
67.8275	-57.6651	-6.56597
67.8275	-57.6658	-6.56022
67.8276	-57.6662	-6.55735
67.8276	-57.6666	-6.55448
67.8277	-57.6677	-6.5518
67.8278	-57.6688	-6.54912
67.828	-57.671	-6.54377
67.8282	-57.6745	-6.53917
67.8285	-57.6781	-6.53457
67.8293	-57.6872	-6.52752
67.8301	-57.6979	-6.52308
67.8311	-57.7093	-6.52157
67.7614	-57.6717	-6.55534
67.7641	-57.6731	-6.55086
67.7604	-57.6712	-6.56065
67.785	-57.68	-6.53621
67.8187	-57.6664	-6.56066
67.8183	-57.6668	-6.558
67.775	-57.6779	-6.53985
67.7669	-57.6746	-6.54638
67.7958	-57.6791	-6.53621
67.7904	-57.6796	-6.53621
67.8054	-57.6754	-6.53985
67.8178	-57.6672	-6.55534
67.8196	-57.6657	-6.56597
67.8128	-57.6708	-6.54639
67.8153	-57.669	-6.55086
67.7609	-57.6715	-6.558
67.7594	-57.6706	-6.56597
67.8183	-57.6668	-6.57394
67.7641	-57.6731	-6.58108
67.7604	-57.6712	-6.57128
67.7609	-57.6715	-6.57394
67.8178	-57.6672	-6.57659
67.785	-57.68	-6.59573
67.8153	-57.669	-6.58107
67.775	-57.6779	-6.59209
67.7669	-57.6746	-6.58556
67.7904	-57.6796	-6.59573
67.7958	-57.6791	-6.59573
67.8128	-57.6708	-6.58555
67.7614	-57.6717	-6.5766
67.8054	-57.6754	-6.59208
67.8187	-57.6664	-6.57128
67.7595	-57.666	-6.56988
67.76	-57.6659	-6.5738
67.763	-57.6657	-6.58109
67.7678	-57.6653	-6.58736
67.7615	-57.6658	-6.57745
67.7741	-57.6648	-6.59217
67.759	-57.666	-6.56597
67.8188	-57.6612	-6.56988
67.8193	-57.6611	-6.56597
67.7813	-57.6642	-6.59519
67.7891	-57.6636	-6.59622
67.8183	-57.6612	-6.5738
67.7969	-57.6629	-6.59519
67.8042	-57.6624	-6.59217
67.8104	-57.6619	-6.58736
67.8152	-57.6615	-6.58109
67.8167	-57.6613	-6.57745
67.8188	-57.6612	-6.56205
67.8183	-57.6612	-6.55814
67.8152	-57.6615	-6.55084
67.8104	-57.6619	-6.54458
67.8167	-57.6613	-6.55449
67.8042	-57.6624	-6.53977
67.7595	-57.666	-6.56205
67.7969	-57.6629	-6.53675
67.7891	-57.6636	-6.53572
67.7615	-57.6658	-6.55449
67.7813	-57.6642	-6.53675
67.7741	-57.6648	-6.53977
67.763	-57.6657	-6.55084
67.7678	-57.6653	-6.54458
67.76	-57.6659	-6.55814
67.8131	-57.6616	-6.54189
67.8061	-57.6622	-6.53648
67.8185	-57.6612	-6.54894
67.8219	-57.6609	-6.55716
67.8231	-57.6608	-6.56597
67.8219	-57.6609	-6.57478
67.8185	-57.6612	-6.58299
67.8131	-57.6616	-6.59005
67.8061	-57.6622	-6.59546
67.7979	-57.6629	-6.59886
67.7891	-57.6636	-6.60002
67.7803	-57.6643	-6.59886
67.7722	-57.665	-6.59546
67.7651	-57.6655	-6.59005
67.7597	-57.666	-6.58299
67.7563	-57.6662	-6.57478
67.7552	-57.6663	-6.56597
67.7563	-57.6662	-6.55716
67.7597	-57.666	-6.54894
67.7651	-57.6655	-6.54189
67.7722	-57.665	-6.53648
67.7803	-57.6643	-6.53308
67.7891	-57.6636	-6.53192
67.7979	-57.6629	-6.53308
67.7876	-57.6445	-6.53192
67.7964	-57.6438	-6.53308
67.8046	-57.6432	-6.53648
67.8116	-57.6426	-6.54189
67.817	-57.6422	-6.54894
67.8204	-57.6419	-6.55716
67.8215	-57.6418	-6.56597
67.8204	-57.6419	-6.57478
67.817	-57.6422	-6.58299
67.8116	-57.6426	-6.59005
67.8046	-57.6432	-6.59546
67.7964	-57.6438	-6.59886
67.7876	-57.6445	-6.60002
67.7788	-57.6453	-6.59886
67.7706	-57.6459	-6.59546
67.7636	-57.6465	-6.59005
67.7582	-57.6469	-6.58299
67.7548	-57.6472	-6.57478
67.7536	-57.6473	-6.56597
67.7548	-57.6472	-6.55716
67.7582	-57.6469	-6.54894
67.7636	-57.6465	-6.54189
67.7706	-57.6459	-6.53648
67.7788	-57.6453	-6.53308

#	Triangle	282
1	23	0	12	13	11
2	23	1
2	22	23
3	22	2
3	21	22
4	21	3	9	15	16
4	20	21	9	16	8
5	20	4	8	16	17
5	19	20	8	17	7
6	19	5	7	17	18
6	18	19	7	18	6
10	15	9
10	14	15
11	14	10
11	13	14
26	24	25	24	27	28	25	30	29	30	33	32	35	34	33	36	35	37	37	39	38	41	40	39	42	41	43	43	45	44	47	46	45	49	48	47	49	51	50	53	52	51	53	56	55	57	55	56	57	61	60	61	65	64	69	68	65	73	72	69	75	73	76	78	77	76	78	80	79	80	28	81
27	24	26	29	26	25	31	29	30	32	31	30	32	33	34	35	36	34	38	36	37	40	38	39	41	42	40	44	42	43	46	44	45	48	46	47	50	48	49	50	51	52	77	75	76	77	78	79	79	80	81	81	28	27
52	53	54	54	53	55	55	57	58	63	61	64	64	65	66	71	69	72	72	73	74	74	73	75
58	57	59	59	57	60	60	61	62	62	61	63	66	65	67	67	65	68	68	69	70	70	69	71
61	7	6	85	83	84
57	7	61	82	83	85
57	8	7	56	8	57	82	87	83	86	87	82
10	53	51	91	89	90
9	53	10	88	89	91
8	53	9	56	53	8	87	89	88	86	89	87
11	51	49	10	51	11	93	90	92	91	90	93
12	49	47	11	49	12	95	92	94	93	92	95
45	14	13
43	14	45	99	97	98	96	97	99
43	15	14	96	101	97
41	15	43	100	101	96
17	39	37	105	103	104
16	39	17	102	103	105
15	39	16	101	103	102
41	39	15	100	103	101
18	37	35	107	104	106
17	37	18	105	104	107
45	12	47	13	12	45	99	95	94
98	95	99
35	19	18	106	109	107
33	19	35	108	109	106
33	20	19	108	111	109
30	20	33	110	111	108
22	25	24	115	113	114
21	25	22	112	113	115
20	25	21	111	113	112
30	25	20	110	113	111
23	24	28
22	24	23
117	114	116	115	114	117
0	28	80	23	28	0	119	116	118
117	116	119
78	2	1	76	2	78	123	121	122	120	121	123
76	3	2	120	125	121
73	3	76	124	125	120
5	69	65	4	69	5	129	127	128	126	127	129
3	69	4	73	69	3	125	127	126	124	127	125
6	65	61	84	128	85
5	65	6	129	128	84
78	0	80	1	0	78	123	119	118	122	119	123
115	130	112	111	112	132	109	111	134	135	107	109	107	136	105	102	105	137	138	101	102	101	139	97	98	97	140	141	95	98	142	93	95	91	93	143	144	88	91	87	88	146	146	83	87	84	83	149	129	84	152	155	126	129	158	125	126	125	160	121	161	122	121	119	122	162	117	119	163	131	115	117
115	131	130	130	132	112	132	133	111	133	134	111	109	134	135	136	107	135	136	137	105	137	138	102	139	101	138	139	140	97	140	141	98	141	142	95	142	143	93	91	143	144	160	161	121	122	161	162	119	162	163	117	163	131
145	88	144	146	88	145	147	83	146	152	84	151	153	129	152	158	126	157	159	125	158	160	125	159
148	83	147	149	83	148	150	84	149	151	84	150	154	129	153	155	129	154	156	126	155	157	126	156
116	123	118	94	92	99
114	123	116
114	120	123
113	120	114
113	124	120
110	124	113
110	127	124
108	127	110
108	128	127
106	128	108	104	82	85
106	85	128	104	85	106
103	82	104
103	86	82
100	86	103
100	89	86
96	89	100
96	90	89
99	90	96
99	92	90
164	67	68
71	165	70
166	64	66
68	70	164	155	175	156
74	75	167
169	153	168	166	66	179
72	170	171
167	170	74
72	171	71
167	172	173	191	186	190	186	191	190	183	193	184	185	195	181	172	167	173	168	175	169	164	166	179
161	172	167
171	165	71
174	172	159
175	154	169	179	67	164
74	170	72
165	164	70	156	175	178
152	176	168	180	64	166
178	177	157
159	172	160
177	174	158
159	158	174
153	152	168
161	160	172
157	177	158
67	179	66
77	167	75
154	175	155
163	79	81
162	79	163
162	77	79
161	77	162
131	81	27
163	81	131
133	32	134
31	32	133
132	26	29	130	26	132
133	29	31	132	29	133
131	26	130
27	26	131
135	32	34	134	32	135
154	153	169
167	77	161
156	178	157
137	36	38
136	36	137
136	34	36	135	34	136
138	38	40	137	38	138
141	48	142
46	48	141
140	42	44
139	42	140
141	44	46
140	44	141
138	42	139	40	42	138
143	48	50
142	48	143
150	181	151
59	182	58
63	64	183
62	63	184
181	150	185	193	62	184
143	50	186
187	185	148	182	59	193
188	54	55
188	186	54
54	186	52
188	55	189
143	186	191
64	180	183	176	152	195
146	192	147
182	189	58
184	63	183	195	151	181
62	193	60
147	187	148
191	194	145
58	189	55
145	144	191
146	194	192
191	144	143
148	185	149	60	193	59
149	185	150
151	195	152
187	147	192
145	194	146
52	186	50
183	196	197
199	189	198
200	198	182
188	199	201
200	193	197
202	196	180
193	200	182
204	176	203
186	188	205
199	188	189
206	191	186
182	198	189
205	188	201
183	180	196
203	195	207
208	191	206
208	209	194
211	192	210
194	209	210
207	185	212
191	208	194
194	210	192
211	212	187
197	193	183
207	195	185
211	187	192
185	187	212
195	203	176
205	206	186
168	213	214
216	177	215
217	215	178
174	216	218
202	180	219
204	213	176
175	217	178
178	215	177
172	174	220
216	174	177
221	167	172
164	165	222
220	174	218
220	221	172
223	167	221
223	224	170
226	225	171
168	176	213
217	175	214
170	224	226
227	164	222
167	223	170
170	226	171
214	175	168
219	166	227
227	166	164
225	165	171
225	222	165
166	219	180
229	218	228	230	228	216	214	231	230	204	232	231	207	233	232	211	234	233	234	210	235	235	209	236	237	236	208	206	238	237	205	239	238	240	239	201	199	241	240	242	241	198	243	242	198	197	244	243	245	244	202	227	246	245	225	247	246	247	226	248	224	249	248	250	249	223	251	250	221	220	229	251
218	216	228	229	220	218	215	230	216	210	234	211	235	210	209	209	208	236	208	206	237	206	205	238	205	201	239	240	201	199	198	241	199	225	226	247	226	224	248	249	224	223	250	223	221	251	221	220
217	230	215	214	230	217	213	231	214	204	231	213	203	232	204	207	232	203	212	233	207	211	233	212	200	243	198	197	243	200	196	244	197	202	244	196	219	245	202	227	245	219	222	246	227	225	246	222
253	275	252	264	265	263
254	275	253	263	265	266
254	274	275	263	266	262
255	274	254	262	266	267
255	273	274	262	267	261
256	273	255	261	267	268
256	272	273	261	268	260
257	272	256	260	268	269
257	271	272	260	269	259
258	271	257	259	269	270
258	270	271	259	270	258
270	243	244	269	243	270
269	242	243
268	242	269
240	267	266
241	267	240
242	267	241
268	267	242
239	266	265
240	266	239
238	265	264
239	265	238
263	236	237
262	236	263
262	235	236
261	235	262
233	260	259	234	260	233
235	260	234
261	260	235
232	259	258	233	259	232
263	238	264
237	238	263
258	231	232	257	231	258
257	230	231	256	230	257
229	255	254
228	255	229
230	255	228
256	255	230
251	254	253
229	254	251
250	253	252
251	253	250
275	248	249
274	248	275
274	247	248
273	247	274
245	270	244	271	270	245
246	273	272
247	273	246
272	245	246
271	245	272
275	250	252
249	250	275

#	Normal	282
-4.22054e-005	-3.41712e-006	-1.72363e-016
-0.996738	-0.0807001	-8.50376e-005
-0.996727	-0.0808351	-0.00111406
-0.996727	-0.0808351	-0.00102523
-0.996745	-0.08061	0.000690403
-0.996746	-0.08061	0.000500653
-0.996736	-0.0807294	-0.000408776
-0.996736	-0.0807294	-0.000382553
-0.996744	-0.0806341	0.000342992
-0.996744	-0.0806341	0.000472068
-0.996734	-0.0807559	-0.000455979
-0.996745	-0.08061	0.000730842
-0.996727	-0.0808351	-0.000984683
-0.996727	-0.0808351	0.000412065
-0.996737	-0.0807	0.00144121
5.81397e-005	4.72762e-006	-1.52893e-008
5.26809e-005	4.28602e-006	-1.25427e-008
2.63425e-005	2.10022e-006	5.49316e-009
1.31759e-005	1.05287e-006	2.66418e-008
-0.0800285	0.988206	-0.130553
-0.0800551	0.98821	-0.130505
-0.0746006	0.92088	-0.382643
-0.0491307	0.606675	-0.793431
-0.0491486	0.606697	-0.793412
-0.0640589	0.790751	-0.608776
-0.0308965	0.381516	-0.923846
-0.0105349	0.130086	-0.991447
0.0308865	-0.381391	-0.923898
0.0308979	-0.381408	-0.92389
0.0491605	-0.606844	-0.7933
0.0491426	-0.606821	-0.793318
0.0745749	-0.920864	-0.382685
0.0746006	-0.92088	-0.382643
0.0640589	-0.790751	-0.608776
0.06404	-0.790777	-0.608745
0.0800551	-0.98821	-0.130505
0.0800285	-0.988206	-0.130553
0.0105349	-0.130086	-0.991447
0.0105378	-0.13008	-0.991448
0.0800546	-0.988204	0.130553
0.080029	-0.988212	0.130505
0.0745763	-0.920881	0.382643
0.0745992	-0.920862	0.382685
0.0491586	-0.60682	0.793318
0.0491445	-0.606845	0.7933
0.064038	-0.790753	0.608776
0.0640608	-0.790775	0.608745
0.0308879	-0.381409	0.92389
0.0308965	-0.381391	0.923898
0.0308979	-0.381408	0.92389
0.0105349	-0.130086	0.991447
0.0105378	-0.13008	0.991448
-0.0308965	0.381516	0.923846
-0.0491326	0.606698	0.793412
-0.0491467	0.606673	0.793431
-0.0746006	0.92088	0.382643
-0.0640589	0.790751	0.608776
-0.080029	0.988212	0.130505
-0.0800546	0.988204	0.130553
-0.0105349	0.130086	0.991447
-5.81397e-005	-4.6965e-006	3.32031e-008
-5.26965e-005	-4.28602e-006	1.32751e-008
-2.63425e-005	-2.10022e-006	-5.49316e-009
-1.31759e-005	-1.06448e-006	1.66016e-008
4.22054e-005	3.41712e-006	1.72363e-016
0.996738	0.0807001	-0.00014943
0.99674	0.0806767	2.84976e-005
0.99674	0.0806767	0.000222438
0.996737	0.080722	-0.00012273
0.996737	0.080722	-0.000352888
0.996736	0.0807294	-0.000408776
0.996736	0.0807294	0.000276364
0.996737	0.0807161	0.000377062
0.996737	0.0807161	-0.000152779
0.99674	0.0806767	0.000147574
0.996737	0.0807161	-0.000281856
0.996736	0.0807294	-0.000382553
0.996736	0.0807294	0.000358534
0.996737	0.080722	0.000414422
0.996737	0.080722	-0.000163225
0.99674	0.0806767	0.000181966
0.99674	0.0806767	9.28716e-005
0.996738	0.0807001	-8.50376e-005
-2.58298e-006	2.79718e-005	3.67908e-006
-2.92313e-006	3.31054e-005	1.3772e-005
-4.38814e-006	5.04357e-005	6.66562e-006
-1.7538e-006	2.61098e-005	1.08394e-005
-0.0712055	0.790254	0.608628
-1.74469e-006	2.35627e-005	2.92493e-006
-0.0608315	0.858583	0.509054
-0.0743508	0.755174	0.651294
-8.16088e-006	8.01588e-005	3.33724e-005
3.8147e-012	4.81559e-018	2.11182e-008
-0.0507976	0.626652	0.777642
-5.64286e-006	5.99239e-005	2.24354e-005
-0.0480533	0.757374	0.651211
-1.78978e-006	2.49476e-005	3.06995e-006
-0.0798956	0.789473	0.608563
-4.48222e-006	5.29667e-005	1.94713e-005
-3.36213e-006	4.15907e-005	5.05298e-006
-4.07156e-006	6.00256e-005	2.23318e-005
-0.0567767	0.791417	0.608635
-0.0779933	0.857103	0.509206
-0.0480911	0.791997	0.608628
-3.76005e-006	5.05163e-005	6.66937e-006
-0.0598619	0.605942	0.793253
-4.82322e-006	8.04328e-005	3.33736e-005
-2.39204e-006	2.65959e-005	3.53357e-006
-0.0383399	0.607521	0.793377
-1.95552e-006	2.80144e-005	3.71057e-006
-0.0105321	0.130092	0.991446
-0.0105316	0.130099	0.991445
-0.0308806	0.381475	0.923863
-0.0308905	0.381356	0.923912
0.0105347	-0.130056	0.991451
0.0105321	-0.130092	0.991446
0.0745991	-0.920956	0.382459
0.0745425	-0.920841	0.382746
0.0491245	-0.606847	0.793299
0.0640047	-0.790666	0.608893
0.030871	-0.381357	0.923912
0.0309001	-0.381474	0.923863
0.0800472	-0.988214	0.130479
-1.92696e-006	2.66452e-005	3.49878e-006
-0.0507676	0.626747	0.777568
-2.44775e-006	3.31277e-005	1.37574e-005
0.0745425	-0.920841	-0.382746
0.0745991	-0.920956	-0.382459
0.0800472	-0.988214	-0.130479
0.0640047	-0.790666	-0.608893
-0.0105316	0.130099	-0.991445
-0.0105321	0.130092	-0.991446
0.0309001	-0.381474	-0.923863
0.030871	-0.381357	-0.923912
0.0105292	-0.130056	-0.991451
0.0105377	-0.130092	-0.991446
0.0491245	-0.606847	-0.793299
-0.0309001	0.381474	-0.923863
-0.030871	0.381357	-0.923912
-1.92696e-006	2.66452e-005	-3.49878e-006
-2.92313e-006	3.31054e-005	-1.3772e-005
-4.38814e-006	5.04357e-005	-6.66562e-006
-2.39204e-006	2.65959e-005	-3.53357e-006
-1.78978e-006	2.49476e-005	-3.06995e-006
-0.0507676	0.626747	-0.777568
-4.10405e-006	5.29549e-005	-1.94688e-005
-0.0798956	0.789473	-0.608563
-0.0743508	0.755174	-0.651294
-0.0712055	0.790254	-0.608628
-0.0608315	0.858583	-0.509054
-0.0507976	0.626652	-0.777642
-3.36305e-006	4.16022e-005	-5.07166e-006
-4.82322e-006	8.04328e-005	-3.33736e-005
-5.64286e-006	5.99239e-005	-2.24354e-005
-2.05809e-006	2.35277e-005	-2.88409e-006
-2.58298e-006	2.79718e-005	-3.67908e-006
-2.44775e-006	3.31277e-005	-1.37574e-005
-0.0480533	0.757374	-0.651211
-8.16088e-006	8.01588e-005	-3.33724e-005
-0.0567767	0.791417	-0.608635
-0.0779933	0.857103	-0.509206
-0.0598619	0.605942	-0.793253
-2.4737e-006	2.60381e-005	-1.08401e-005
-1.95552e-006	2.80144e-005	-3.71057e-006
-3.76005e-006	5.05163e-005	-6.66937e-006
-4.07156e-006	6.00256e-005	-2.23318e-005
-0.0480911	0.791997	-0.608628
-0.0383399	0.607521	-0.793377
-2.0392e-005	-2.67282e-006	-2.71271e-006
-5.73301e-005	-2.89031e-006	-4.40015e-005
-2.7201e-005	-4.09827e-006	-1.13835e-005
-0.606557	-0.0476427	-0.793611
-2.14857e-005	-7.88456e-007	-8.86087e-006
-1.79519e-005	-1.46796e-006	-2.38074e-006
-2.77211e-005	-1.74518e-006	-1.65085e-005
1.79519e-005	1.43737e-006	-2.3804e-006
-0.349832	-0.0497716	-0.935489
-0.646311	-0.0835681	-0.758484
0.00265515	-0.030443	-0.999533
-3.34361e-005	-5.04781e-006	-1.8981e-005
-0.381228	-0.0325342	-0.923909
-2.68173e-005	-3.19779e-006	-4.74472e-006
2.05426e-005	6.29322e-007	-2.71216e-006
0.128958	0.024294	-0.991352
0.381509	0.0292303	-0.923903
5.70115e-005	6.36031e-006	-4.40432e-005
0.606769	0.0506923	-0.79326
2.13386e-005	2.6841e-006	-8.86621e-006
0.353438	0.00726821	-0.93543
0.651882	0.0215884	-0.758013
2.75046e-005	3.39573e-007	-1.13798e-005
-2.92298e-005	-4.42213e-006	-5.11841e-006
2.95636e-005	3.34518e-007	-5.08871e-006
3.38051e-005	4.03629e-007	-1.90341e-005
2.76359e-005	2.74166e-006	-1.65033e-005
2.69503e-005	1.14281e-006	-4.75159e-006
-0.131319	0.00323097	-0.991335
2.05426e-005	6.29322e-007	2.71216e-006
5.70115e-005	6.36031e-006	4.40432e-005
2.75046e-005	3.39573e-007	1.13798e-005
0.606769	0.0506923	0.79326
-1.79519e-005	-1.46796e-006	2.38074e-006
1.79519e-005	1.43737e-006	2.3804e-006
2.76359e-005	2.74166e-006	1.65033e-005
3.38051e-005	4.03629e-007	1.90341e-005
0.353438	0.00726821	0.93543
0.651882	0.0215884	0.758013
0.00265515	-0.030443	0.999533
-2.77211e-005	-1.74518e-006	1.65085e-005
0.381509	0.0292303	0.923903
0.128958	0.024294	0.991352
-0.131319	0.00323097	0.991335
-0.381228	-0.0325342	0.923909
-5.73301e-005	-2.89031e-006	4.40015e-005
2.69503e-005	1.14281e-006	4.75159e-006
2.13386e-005	2.6841e-006	8.86621e-006
-0.606557	-0.0476427	0.793611
-2.14857e-005	-7.88456e-007	8.86087e-006
-0.349832	-0.0497716	0.935489
-0.646311	-0.0835681	0.758484
2.95636e-005	3.34518e-007	5.08871e-006
-2.0392e-005	-2.67282e-006	2.71271e-006
-2.92298e-005	-4.42213e-006	5.11841e-006
-3.34361e-005	-5.04781e-006	1.8981e-005
-2.7201e-005	-4.09827e-006	1.13835e-005
-2.68173e-005	-3.19779e-006	4.74472e-006
2.70954e-006	-3.33869e-005	2.21252e-008
2.39728e-006	-2.96544e-005	-1.96838e-008
1.19905e-006	-1.48345e-005	3.17383e-009
-1.65413e-006	2.03752e-005	-3.43018e-008
-4.84961e-006	5.97365e-005	-7.95898e-008
-0.0806526	0.996742	0.000687238
-0.0806526	0.996742	0.000252435
-0.0807091	0.996738	-0.000178479
-0.0807091	0.996738	0.000141798
-0.0807429	0.996735	-0.00011579
-0.0807429	0.996735	-0.000149094
-0.0807058	0.996738	0.000133674
-0.0807058	0.996738	1.45299e-005
-0.0807096	0.996738	-1.40348e-005
-0.988224	-0.0798852	-0.130503
-0.920857	-0.0744394	-0.382728
-0.920869	-0.0744556	-0.382698
-0.606651	-0.0490399	-0.793454
-0.607053	-0.0493215	-0.793129
-0.790507	-0.0642267	-0.609076
-0.790937	-0.0639502	-0.608547
-0.381342	-0.0308329	-0.92392
-0.38133	-0.0308256	-0.923925
-0.13013	-0.0105194	-0.991441
-0.130135	-0.0105219	-0.99144
0.381317	0.030981	-0.923925
0.381329	0.0309884	-0.92392
0.607069	0.049333	-0.793116
0.606651	0.0490399	-0.793454
0.920839	0.0748158	-0.382697
0.79049	0.0642253	-0.609098
0.790938	0.0639371	-0.608547
0.988192	0.080288	-0.130503
0.130135	0.0105197	-0.99144
0.130018	0.0105636	-0.991455
0.988192	0.080288	0.130503
0.920839	0.0748158	0.382697
0.60663	0.0492973	0.793454
0.60709	0.0490754	0.793116
0.790516	0.063903	0.609098
0.790912	0.0642596	0.608547
0.38133	0.0309821	0.92392
0.381317	0.0309874	0.923925
0.130135	0.0105197	0.99144
0.130018	0.0105636	0.991455
-0.381329	-0.0308319	0.923925
-0.381342	-0.0308266	0.92392
-0.607073	-0.049074	0.793129
-0.606631	-0.0492872	0.793454
-0.988224	-0.0798852	0.130503
-0.790937	-0.0639502	0.608547
-0.790507	-0.0642267	0.609076
-0.920856	-0.0744546	0.382728
-0.92087	-0.0744404	0.382698
-0.13013	-0.0105194	0.991441
-0.130135	-0.0105219	0.99144

#	Mesh	0	End

