#	Mesh	0	Begin

#	Vertex	40
98.7449	-36.992	-6.111
98.7447	-36.989	-6.111
97.4391	-37.0967	-6.111
97.4393	-37.0997	-6.111
98.7449	-36.992	-5.051
98.7447	-36.989	-5.051
97.4391	-37.0967	-5.051
97.4393	-37.0997	-5.051
97.4318	-37.2548	-6.111
97.4313	-37.2578	-6.111
98.7202	-37.4918	-6.111
98.7207	-37.4888	-6.111
97.4318	-37.2548	-5.051
97.4313	-37.2578	-5.051
98.7202	-37.4918	-5.051
98.7207	-37.4888	-5.051
98.715	-36.9945	-6.081
97.4692	-37.0972	-6.081
97.4711	-37.1299	-6.081
97.4712	-37.1626	-6.081
97.4696	-37.1953	-6.081
97.4663	-37.2278	-6.081
97.4613	-37.2602	-6.081
98.6912	-37.4834	-6.081
98.7062	-37.3864	-6.081
98.7161	-37.2888	-6.081
98.7209	-37.1907	-6.081
98.7205	-37.0925	-6.081
98.715	-36.9945	-5.081
97.4692	-37.0972	-5.081
97.4711	-37.1299	-5.081
97.4712	-37.1626	-5.081
97.4696	-37.1953	-5.081
97.4663	-37.2278	-5.081
97.4613	-37.2602	-5.081
98.6912	-37.4834	-5.081
98.7062	-37.3864	-5.081
98.7161	-37.2888	-5.081
98.7209	-37.1907	-5.081
98.7205	-37.0925	-5.081

#	Triangle	22
3	4	7	0	4	3
0	5	4	1	5	0
1	6	5	2	6	1
2	7	6	3	7	2
3	1	0	2	1	3	11	9	8	10	9	11	27	17	16	26	17	27	25	17	26	24	17	25	23	17	24	22	21	23	21	20	23	20	19	23	19	18	23	18	17	23
4	6	7	5	6	4	12	14	15	13	14	12	29	39	28	29	38	39	29	37	38	29	36	37	29	35	36	29	30	35	30	31	35	31	32	35	32	33	35	33	34	35
11	12	15	8	12	11
8	13	12	9	13	8
9	14	13	10	14	9
10	15	14	11	15	10
27	28	39	16	28	27
16	29	28	17	29	16
17	30	29	18	30	17
18	31	30	19	31	18
19	32	31	20	32	19
20	33	32	21	33	20
21	34	33	22	34	21
22	35	34	23	35	22
23	36	35	24	36	23
24	37	36	25	37	24
25	38	37	26	38	25
26	39	38	27	39	26

#	Normal	22
0.0821625	-0.996619	-0
0.996519	0.0833689	-0
-0.0821625	0.996619	-0
-0.996519	-0.0833689	0
-0	0	-1
0	-0	1
0.178608	0.98392	-0
-0.984201	0.177052	-0
-0.178608	-0.98392	0
0.984201	-0.177052	-0
0.998429	0.0560231	-0
-0.0821625	0.996619	-0
-0.998438	-0.0558667	0
-0.999993	-0.0038195	0
-0.998813	0.0486993	-0
-0.994911	0.100757	-0
-0.988261	0.152775	-0
-0.178607	-0.983921	0
0.988258	-0.152793	-0
0.994904	-0.100823	-0
0.998817	-0.0486238	-0
0.999993	0.0036605	-0

#	Mesh	0	End

