#	Mesh	0	Begin

#	Vertex	24
77.4142	-32.4573	-6.061
77.4172	-32.457	-6.061
77.3873	-32.0882	-6.061
77.3843	-32.0885	-6.061
77.4142	-32.4573	-5.761
77.4172	-32.457	-5.761
77.3873	-32.0882	-5.761
77.3843	-32.0885	-5.761
77.6299	-32.0936	-5.686
77.3893	-32.1131	-5.786
77.3893	-32.1131	-6.036
77.6299	-32.0936	-5.936
77.6558	-32.4126	-5.686
77.4151	-32.4321	-5.786
77.4151	-32.4321	-6.036
77.6558	-32.4126	-5.936
77.6578	-32.4375	-5.961
77.6608	-32.4373	-5.961
77.6309	-32.0685	-5.961
77.6279	-32.0687	-5.961
77.6578	-32.4375	-5.661
77.6608	-32.4373	-5.661
77.6309	-32.0685	-5.661
77.6279	-32.0687	-5.661

#	Triangle	12
3	4	7	0	4	3	19	20	23	16	20	19
0	5	4	1	5	0	16	21	20	17	21	16
1	6	5	2	6	1	17	22	21	18	22	17
2	7	6	3	7	2	18	23	22	19	23	18
3	1	0	2	1	3	19	17	16	18	17	19
4	6	7	5	6	4	20	22	23	21	22	20
11	12	15	8	12	11
8	13	12	9	13	8
9	14	13	10	14	9
10	15	14	11	15	10
11	9	8	10	9	11
12	14	15	13	14	12

#	Normal	12
-0.996733	-0.0807644	0
0.0806761	-0.99674	-0
0.996733	0.0807644	-0
-0.0806761	0.99674	-0
0	-0	-1
-0	-0	1
0.996733	0.0807616	-0
-0.381433	-0.0309061	0.92388
-0.996733	-0.0807616	-0
0.381433	0.0309061	-0.92388
-0.0807635	0.996733	-0
0.0807635	-0.996733	-0

#	Mesh	0	End

