#	Mesh	0	Begin

#	Vertex	256
70.7833	-47.7359	-6.25439
70.8303	-47.7321	-6.26602
70.8787	-47.7282	-6.26602
70.9257	-47.7243	-6.25439
70.9686	-47.7209	-6.23182
71.0048	-47.7179	-6.19961
71.0323	-47.7157	-6.15964
71.0495	-47.7143	-6.11422
71.0553	-47.7138	-6.066
71.0495	-47.7143	-6.01778
71.0323	-47.7157	-5.97236
71.0048	-47.7179	-5.93239
70.9686	-47.7209	-5.90018
70.9257	-47.7243	-5.87761
70.8787	-47.7282	-5.86598
70.8303	-47.7321	-5.86598
70.7833	-47.7359	-5.87761
70.7404	-47.7394	-5.90018
70.7042	-47.7423	-5.93239
70.6767	-47.7445	-5.97236
70.6595	-47.7459	-6.01778
70.6537	-47.7464	-6.066
70.6595	-47.7459	-6.11422
70.6767	-47.7445	-6.15964
70.7042	-47.7423	-6.19961
70.7404	-47.7394	-6.23182
70.757	-47.6621	-6.22483
70.7343	-47.664	-6.23182
70.7191	-47.6652	-6.19568
70.7772	-47.6605	-6.25439
70.8011	-47.6586	-6.24315
70.8242	-47.6567	-6.26602
70.8484	-47.6547	-6.2494
70.8726	-47.6528	-6.26602
70.8957	-47.6509	-6.24315
70.9196	-47.649	-6.25439
70.9398	-47.6473	-6.22483
70.9625	-47.6455	-6.23182
70.9777	-47.6443	-6.19568
70.9987	-47.6426	-6.19961
71.0067	-47.6419	-6.1577
71.0262	-47.6403	-6.15964
71.025	-47.6404	-6.11347
71.0434	-47.6389	-6.11422
71.0281	-47.6402	-6.08973
71.0312	-47.6399	-6.066
71.0492	-47.6385	-6.066
71.0434	-47.6389	-6.01778
71.0281	-47.6402	-6.04227
71.025	-47.6404	-6.01853
71.0262	-47.6403	-5.97236
71.0067	-47.6419	-5.9743
70.9987	-47.6426	-5.93239
70.9777	-47.6443	-5.93632
70.9625	-47.6455	-5.90018
70.9398	-47.6473	-5.90717
70.9196	-47.649	-5.87761
70.8957	-47.6509	-5.88885
70.8726	-47.6528	-5.86598
70.8484	-47.6547	-5.8826
70.8242	-47.6567	-5.86598
70.8011	-47.6586	-5.88885
70.7772	-47.6605	-5.87761
70.757	-47.6621	-5.90717
70.7343	-47.664	-5.90018
70.7191	-47.6652	-5.93632
70.6981	-47.6669	-5.93239
70.6901	-47.6676	-5.9743
70.6706	-47.6691	-5.97236
70.6718	-47.669	-6.01853
70.6534	-47.6705	-6.01778
70.6656	-47.6696	-6.066
70.6476	-47.671	-6.066
70.6534	-47.6705	-6.11422
70.6718	-47.669	-6.11347
70.6706	-47.6691	-6.15964
70.6901	-47.6676	-6.1577
70.6981	-47.6669	-6.19961
71.0277	-47.4449	-6.01778
71.0338	-47.5202	-6.01778
71.0396	-47.5198	-6.066
71.0335	-47.4444	-6.066
71.0105	-47.4463	-5.97236
71.0166	-47.5216	-5.97236
70.9891	-47.5239	-5.93239
70.983	-47.4485	-5.93239
70.9468	-47.4514	-5.90018
70.9529	-47.5268	-5.90018
70.9039	-47.4549	-5.87761
70.91	-47.5303	-5.87761
70.8569	-47.4587	-5.86598
70.863	-47.5341	-5.86598
70.8085	-47.4626	-5.86598
70.8146	-47.538	-5.86598
70.7615	-47.4664	-5.87761
70.7676	-47.5418	-5.87761
70.7186	-47.4699	-5.90018
70.7247	-47.5453	-5.90018
70.6438	-47.5518	-6.01778
70.661	-47.5504	-5.97236
70.6549	-47.4751	-5.97236
70.6377	-47.4765	-6.01778
70.6885	-47.5482	-5.93239
70.6824	-47.4728	-5.93239
70.6319	-47.4769	-6.066
70.638	-47.5523	-6.066
70.6377	-47.4765	-6.11422
70.6438	-47.5518	-6.11422
70.6549	-47.4751	-6.15964
70.661	-47.5504	-6.15964
70.6885	-47.5482	-6.19961
70.6824	-47.4728	-6.19961
70.7186	-47.4699	-6.23182
70.7247	-47.5453	-6.23182
70.7615	-47.4664	-6.25439
70.7676	-47.5418	-6.25439
70.8085	-47.4626	-6.26602
70.8146	-47.538	-6.26602
70.8569	-47.4587	-6.26602
70.863	-47.5341	-6.26602
70.9039	-47.4549	-6.25439
70.91	-47.5303	-6.25439
70.9468	-47.4514	-6.23182
70.9529	-47.5268	-6.23182
71.0105	-47.4463	-6.15964
71.0277	-47.4449	-6.11422
71.0338	-47.5202	-6.11422
71.0166	-47.5216	-6.15964
70.983	-47.4485	-6.19961
70.9891	-47.5239	-6.19961
70.7095	-47.5465	-6.19568
70.7474	-47.5434	-6.22483
70.6805	-47.5489	-6.1577
70.6622	-47.5503	-6.11347
70.656	-47.5509	-6.066
70.6622	-47.5503	-6.01853
70.6805	-47.5489	-5.9743
70.7095	-47.5465	-5.93632
70.7474	-47.5434	-5.90717
70.7915	-47.5399	-5.88885
70.8388	-47.536	-5.8826
70.8861	-47.5322	-5.88885
70.9302	-47.5286	-5.90717
70.968	-47.5256	-5.93632
70.9971	-47.5232	-5.9743
71.0154	-47.5217	-6.01853
71.0185	-47.5215	-6.04227
71.0216	-47.5212	-6.066
71.0185	-47.5215	-6.08973
71.0154	-47.5217	-6.11347
70.9971	-47.5232	-6.1577
70.968	-47.5256	-6.19568
70.9302	-47.5286	-6.22483
70.8861	-47.5322	-6.24315
70.8388	-47.536	-6.2494
70.7915	-47.5399	-6.24315
71.0283	-47.6074	-6.07514
71.0285	-47.6082	-6.07057
71.0287	-47.609	-6.066
71.0262	-47.5958	-6.08912
71.025	-47.5871	-6.09229
71.0256	-47.5915	-6.09071
71.0274	-47.6028	-6.08317
71.0243	-47.5779	-6.09229
71.0246	-47.5825	-6.09229
71.024	-47.5692	-6.08912
71.0241	-47.562	-6.08316
71.0243	-47.5574	-6.07514
71.0244	-47.5558	-6.066
71.0243	-47.5566	-6.07057
71.0241	-47.5735	-6.09071
71.025	-47.5871	-6.03971
71.0246	-47.5825	-6.03971
71.0243	-47.5779	-6.03971
71.0262	-47.5958	-6.04288
71.0256	-47.5915	-6.04129
71.0285	-47.6082	-6.06143
71.0283	-47.6074	-6.05686
71.0274	-47.6028	-6.04883
71.0241	-47.5735	-6.04129
71.024	-47.5692	-6.04288
71.0243	-47.5574	-6.05686
71.0241	-47.562	-6.04884
71.0243	-47.5566	-6.06143
71.0466	-47.6066	-6.05909
71.0467	-47.6075	-6.066
71.0464	-47.6039	-6.05265
71.0461	-47.5997	-6.04712
71.0456	-47.5942	-6.04288
71.0451	-47.5878	-6.04021
71.0425	-47.5552	-6.05909
71.0446	-47.5809	-6.0393
71.0435	-47.5676	-6.04288
71.044	-47.574	-6.04021
71.0424	-47.5543	-6.066
71.043	-47.5621	-6.04712
71.0427	-47.5579	-6.05265
71.0425	-47.5552	-6.07291
71.0427	-47.5579	-6.07935
71.043	-47.5621	-6.08488
71.0435	-47.5676	-6.08912
71.044	-47.574	-6.09179
71.0446	-47.5809	-6.0927
71.0456	-47.5942	-6.08912
71.0451	-47.5878	-6.09179
71.0466	-47.6066	-6.07291
71.0464	-47.6039	-6.07935
71.0461	-47.5997	-6.08488
71.0428	-47.5595	-6.08746
71.0433	-47.5658	-6.09228
71.0424	-47.5547	-6.08117
71.0422	-47.5517	-6.07385
71.0421	-47.5507	-6.066
71.0422	-47.5517	-6.05815
71.0424	-47.5547	-6.05083
71.0428	-47.5595	-6.04454
71.0433	-47.5658	-6.03972
71.0439	-47.5731	-6.03668
71.0446	-47.5809	-6.03565
71.0452	-47.5887	-6.03668
71.0458	-47.596	-6.03972
71.0463	-47.6023	-6.04454
71.0467	-47.6071	-6.05083
71.0469	-47.6101	-6.05815
71.047	-47.6112	-6.066
71.0469	-47.6101	-6.07385
71.0467	-47.6071	-6.08117
71.0463	-47.6023	-6.08746
71.0458	-47.596	-6.09228
71.0452	-47.5887	-6.09532
71.0446	-47.5809	-6.09635
71.0439	-47.5731	-6.09532
71.062	-47.5795	-6.09635
71.0614	-47.5717	-6.09532
71.0608	-47.5644	-6.09228
71.0603	-47.5581	-6.08746
71.0599	-47.5533	-6.08117
71.0596	-47.5503	-6.07385
71.0596	-47.5492	-6.066
71.0596	-47.5503	-6.05815
71.0599	-47.5533	-6.05083
71.0603	-47.5581	-6.04454
71.0608	-47.5644	-6.03972
71.0614	-47.5717	-6.03668
71.062	-47.5795	-6.03565
71.0626	-47.5873	-6.03668
71.0632	-47.5946	-6.03972
71.0637	-47.6009	-6.04454
71.0641	-47.6057	-6.05083
71.0644	-47.6087	-6.05815
71.0645	-47.6097	-6.066
71.0644	-47.6087	-6.07385
71.0641	-47.6057	-6.08117
71.0637	-47.6009	-6.08746
71.0632	-47.5946	-6.09228
71.0626	-47.5873	-6.09532

#	Triangle	325
3	1	2	14	15	16
3	0	1	14	16	13
4	0	3	13	16	17
4	25	0	13	17	12
5	25	4	12	17	18
5	24	25	12	18	11
6	24	5
6	23	24
7	23	6
7	22	23
8	22	7	9	20	21
8	21	22	9	21	8
10	20	9
10	19	20
11	19	10
11	18	19
28	26	27	54	53	55
29	27	26	55	56	54
26	30	29	56	55	57
30	31	29	56	57	58
30	32	31	60	59	61
31	32	33
34	33	32
35	33	34	60	61	62
34	36	35	63	62	61
37	35	36	62	63	64
38	37	36	65	64	63
37	38	39	64	65	66
40	39	38	67	66	65
41	39	40	66	67	68
42	41	40	68	67	69
42	43	41	68	69	70
44	43	42
45	43	44
46	43	45	70	71	72
45	47	46	72	71	73	104	125	106	101	78	81
48	47	45
49	47	48
50	47	49	73	74	75
50	49	51	75	74	76
52	50	51	75	76	77
52	51	53	76	28	77
52	53	54	77	28	27
58	57	59
60	58	59
69	71	70
71	74	73
46	9	8	47	9	46
81	79	80	78	79	81
47	10	9
50	10	47
78	83	79	82	83	78
12	52	54	11	52	12	87	85	86	84	85	87
12	56	13	54	56	12	87	88	89	86	88	87
10	52	11	50	52	10
83	85	84
82	85	83
56	14	13	58	14	56	88	91	89	90	91	88
14	60	15	58	60	14	91	92	93	90	92	91
16	60	62	15	60	16	95	92	94	93	92	95
17	62	64	16	62	17	97	94	96	95	94	97
70	19	68	20	19	70
101	99	100
98	99	101
68	18	66
19	18	68	100	102	103	99	102	100
20	72	21	70	72	20
98	104	105	101	104	98
17	66	18	64	66	17
97	103	102
96	103	97
72	22	21	73	22	72
104	107	105	106	107	104
73	23	22	75	23	73
106	109	107
108	109	106
25	77	27	24	77	25
113	111	112
110	111	113
25	29	0	27	29	25	113	114	115	112	114	113
23	77	24
75	77	23
109	111	110	108	111	109
29	1	0	31	1	29	114	117	115	116	117	114
1	33	2	31	33	1	117	118	119	116	118	117
33	3	2	35	3	33	118	121	119	120	121	118
35	4	3	37	4	35	120	123	121	122	123	120
6	43	7
41	43	6
127	125	126	124	125	127
43	8	7	46	8	43
125	80	126	81	80	125
4	39	5	37	39	4	123	128	129	122	128	123
5	41	6	39	41	5	128	124	129
129	124	127
131	130	113	143	87	142
130	110	113	143	84	87
130	132	110	144	84	143
132	109	110	83	84	144
133	109	132	145	83	144
133	107	109	79	83	145
133	134	107
134	105	107	79	147	80
134	98	105	126	80	147
134	135	98
135	99	98	126	149	127
136	99	135	127	149	150
136	102	99	129	127	150
102	136	137	129	150	151
137	97	102	151	123	129
97	137	138	123	151	152
138	95	97	121	123	152
95	138	139
139	93	95
140	93	139
91	93	140
141	91	140	119	153	154
141	89	91
142	89	141
89	142	87	113	115	131
146	79	145
147	79	146
148	126	147
149	126	148
152	153	121
119	121	153
154	117	119
154	155	117
117	155	115
155	131	115
114	118	116	92	90	88
114	120	118	92	88	94
112	120	114	94	88	86
112	122	120	94	86	96
111	122	112
111	128	122
108	128	111
108	124	128
106	124	108
106	125	124
104	81	125	101	81	104
100	78	101
100	82	78
103	82	100
103	85	82
96	85	103
96	86	85
158	156	157	159	160	161	160	163	164	167	168	169	163	165	170	173	171	172	171	174	175	177	158	176	180	173	179	168	181	183	171	173	172	163	160	164
45	156	158
44	156	45
44	42	159
150	42	40	149	42	150
42	160	159
44	159	162
42	163	160
150	38	151
40	38	150
166	165	148
167	166	148
147	168	167
167	148	147
149	165	163
163	42	149
165	149	148
162	156	44
151	36	152
38	36	151
154	34	32
153	34	154
153	36	34
152	36	153
155	32	30	154	32	155
132	74	133	76	74	132
130	26	28
131	26	130
132	28	76
130	28	132
155	26	131
30	26	155
134	74	71	133	74	134
136	69	67	135	69	136
135	71	69	134	71	135
137	67	65
136	67	137
140	57	141
59	57	140
139	63	61
138	63	139
140	61	59	139	61	140
137	63	138
65	63	137
142	57	55
141	57	142
142	53	143
55	53	142
145	51	49	144	51	145
49	171	173
53	144	143
51	144	53
49	174	171
45	158	177
174	49	48
177	178	48
178	174	48
177	48	45
145	49	173
145	173	180
180	146	145
182	181	146
147	181	168
181	147	146
182	146	180
185	184	176
187	178	186
177	184	186
174	187	188
189	175	188
185	176	158
178	177	186
190	183	181
175	189	171
187	174	178
191	173	171
193	192	179
173	191	193
180	179	192
176	184	177
168	183	194
196	182	195
195	180	192
190	181	196
180	195	182
179	173	193
190	194	183
196	181	182
188	175	174
189	191	171
194	197	169
199	166	198
198	167	197
200	165	199
194	169	168
166	167	198
170	201	163
199	165	166
202	160	163
204	203	161
200	170	165
205	157	156
203	159	161
202	204	160
201	170	200
158	157	185
201	202	163
156	206	205
169	197	167
204	161	160
207	159	203
162	159	207
206	162	207
156	162	206
205	185	157
209	200	208	210	208	199	197	211	210	194	212	211	190	213	212	196	214	213	214	195	215	215	192	216	217	216	193	191	218	217	189	219	218	220	219	188	187	221	220	222	221	186	223	222	186	184	224	223	225	224	185	205	226	225	206	227	226	227	207	228	203	229	228	230	229	204	231	230	202	201	209	231
200	199	208	209	201	200	198	210	199	197	210	198	197	194	211	190	212	194	196	213	190	195	214	196	215	195	192	192	193	216	193	191	217	191	189	218	189	188	219	220	188	187	186	221	187	184	223	186	185	224	184	225	185	205	206	226	205	206	207	227	207	203	228	229	203	204	230	204	202	231	202	201
233	255	232	244	245	243
234	255	233	243	245	246
234	254	255	243	246	242
235	254	234
235	253	254
236	253	235
236	252	253
237	252	236
237	251	252
238	251	237
238	250	251
239	250	238
239	249	250
240	249	239
240	248	249
241	248	240
241	247	248
242	247	241
242	246	247
250	223	224
249	223	250
249	222	223
248	222	249
220	247	246
221	247	220
222	247	221	248	247	222
219	246	245
220	246	219
218	245	244	219	245	218
243	216	217
242	216	243
242	215	216	241	215	242
213	240	239
214	240	213
215	240	214
241	240	215
212	239	238
213	239	212
243	218	244
217	218	243
238	211	212
237	211	238
237	210	211
236	210	237
209	235	234	208	235	209
210	235	208
236	235	210
231	234	233
209	234	231
230	233	232
231	233	230
255	228	229
254	228	255
254	227	228
253	227	254
225	250	224
251	250	225
227	252	226	253	252	227
226	251	225
252	251	226
255	230	232	229	230	255

#	Normal	325
0.0807425	-0.996735	5.44268e-005
0.0807513	-0.996734	-1.85005e-005
0.0807513	-0.996734	-1.17224e-005
0.080749	-0.996734	7.31761e-006
0.080749	-0.996734	4.30949e-005
0.0807581	-0.996734	-3.2705e-005
0.0807581	-0.996734	-3.90017e-005
0.0807603	-0.996734	-5.68966e-005
0.0807603	-0.996734	8.36928e-005
0.0807682	-0.996733	1.89119e-005
0.0807682	-0.996733	-5.09856e-006
0.0807669	-0.996733	4.9504e-006
0.0807682	-0.996733	-8.07103e-005
0.0807603	-0.996734	-1.5928e-005
0.0807603	-0.996734	4.05013e-005
0.0807581	-0.996734	5.83962e-005
-0.0808502	0.996726	-2.32635e-005
-0.0808159	0.996729	-0.000135285
-0.0807416	0.996735	-8.41759e-005
-0.0807645	0.996733	-3.51549e-005
-0.0807297	0.996736	2.27105e-007
-0.0808223	0.996729	0.000136139
-0.0808393	0.996727	0.000111269
-0.0807645	0.996733	3.51549e-005
-0.0807416	0.996735	8.41759e-005
-0.0808159	0.996729	0.000135285
-0.0808502	0.996726	2.32635e-005
-0.0807821	0.996732	-5.52195e-006
-0.0807702	0.996733	5.90313e-005
-0.0807935	0.996731	6.35088e-005
-0.0807993	0.99673	5.00991e-006
-0.0807361	0.996736	6.73114e-006
-0.0807399	0.996735	-8.53955e-005
-0.0804896	0.996755	7.21467e-005
-0.0807579	0.996734	3.84836e-006
-0.0807579	0.996734	-3.84836e-006
-0.0804896	0.996755	-7.21467e-005
-0.0807399	0.996735	8.53955e-005
-0.0807361	0.996736	-6.73114e-006
-0.0807993	0.99673	-5.00991e-006
-0.0807935	0.996731	-6.35088e-005
-0.0807702	0.996733	-5.90313e-005
-0.0807821	0.996732	5.52195e-006
-0.0808393	0.996727	-0.000111269
-0.0808223	0.996729	-0.000136139
-0.080736	0.996736	9.41134e-006
-0.080736	0.996736	-9.41134e-006
0.989472	0.0800972	0.12054
0.989464	0.0801991	0.12054
0.931992	0.0754442	0.35454
0.931934	0.0755322	0.354675
0.931934	0.0755361	0.354675
0.66092	0.0535668	0.748543
0.463214	0.037543	0.885451
0.820321	0.0664861	0.568025
0.820318	0.0664859	0.56803
0.820321	0.0664895	0.568025
0.238537	0.0193331	0.970941
0	-0	1
-0.238537	-0.0193341	0.970941
-0.463214	-0.0375449	0.885451
-0.931934	-0.0755322	0.354675
-0.931987	-0.0755365	0.354535
-0.931942	-0.0754362	0.354675
-0.820321	-0.0664895	0.568025
-0.820318	-0.0664859	0.56803
-0.989464	-0.0801949	0.12054
-0.989472	-0.080093	0.12054
-0.660919	-0.0535695	0.748543
-0.66092	-0.0535668	0.748543
-0.660923	-0.0535698	0.74854
-0.989464	-0.0801949	-0.12054
-0.989472	-0.080093	-0.12054
-0.931934	-0.0755322	-0.354675
-0.931942	-0.0754362	-0.354675
-0.931987	-0.0755365	-0.354535
-0.660919	-0.0535695	-0.748543
-0.660923	-0.0535698	-0.74854
-0.66092	-0.0535668	-0.748543
-0.463214	-0.0375449	-0.885451
-0.820318	-0.0664893	-0.56803
-0.820321	-0.0664861	-0.568025
-0.820318	-0.0664859	-0.56803
-0.238537	-0.0193341	-0.970941
-0	0	-1
0.238537	0.0193331	-0.970941
0.463214	0.037543	-0.885451
0.931992	0.0754442	-0.35454
0.931934	0.0755322	-0.354675
0.931934	0.0755361	-0.354675
0.989472	0.0800972	-0.12054
0.989464	0.0801991	-0.12054
0.66092	0.0535668	-0.748543
0.820321	0.0664861	-0.568025
0.820318	0.0664893	-0.56803
0.0806992	-0.996738	-4.05801e-005
0.0807821	-0.996732	-5.52195e-006
0.0807868	-0.996731	-3.06802e-005
0.0808025	-0.99673	-2.76665e-005
0.0807993	-0.99673	5.00991e-006
0.0807361	-0.996736	6.73114e-006
0.080736	-0.996736	9.41134e-006
0.0807579	-0.996734	3.84836e-006
0.0807579	-0.996734	-3.84836e-006
0.080736	-0.996736	-9.41134e-006
0.0807361	-0.996736	-6.73114e-006
0.0807993	-0.99673	-5.00991e-006
0.0808025	-0.99673	2.76665e-005
0.0807868	-0.996731	3.06802e-005
0.0807821	-0.996732	5.52195e-006
0.0806992	-0.996738	4.05801e-005
0.0807083	-0.996738	7.03414e-005
0.080808	-0.99673	1.85727e-006
0.0807735	-0.996732	-7.19399e-005
0.0807338	-0.996736	-3.16017e-005
0.0807425	-0.996735	-1.89787e-005
0.0807297	-0.996736	-2.27105e-007
0.0807645	-0.996733	3.51549e-005
0.0807881	-0.996731	-1.5506e-005
0.0807083	-0.996738	-7.03414e-005
0.0807333	-0.996736	7.77833e-005
0.0809138	-0.996721	-3.583e-005
0.0809138	-0.996721	3.583e-005
0.0807333	-0.996736	-7.77833e-005
0.0807881	-0.996731	1.5506e-005
0.0807645	-0.996733	-3.51549e-005
0.0807425	-0.996735	1.89787e-005
0.0807338	-0.996736	3.16017e-005
0.0807735	-0.996732	7.19399e-005
0.080808	-0.99673	-1.85727e-006
-0.0808223	0.996728	-0.000270781
-0.0807784	0.996732	9.2043e-005
-0.0807784	0.996732	-6.36356e-005
-0.0807659	0.996733	3.97241e-005
-0.0807659	0.996733	-9.69842e-005
-0.0807581	0.996734	-3.2705e-005
-0.0807581	0.996734	5.83962e-005
-0.0807603	0.996734	4.05013e-005
-0.0807603	0.996734	-2.03573e-006
-0.0807582	0.996734	1.51371e-005
-0.0807573	0.996734	3.7772e-006
-0.0807582	0.996734	1.24511e-006
-0.0807603	0.996734	-1.5928e-005
-0.0807603	0.996734	-5.68966e-005
-0.0807581	0.996734	-3.90017e-005
-0.0807581	0.996734	8.81735e-005
-0.0807659	0.996733	2.38942e-005
-1.78509e-008	6.49412e-017	7.01904e-010
0.996419	0.0807296	-0.0251367
0.990148	0.0505641	-0.130578
0.990466	0.0448706	-0.130244
0.920834	0.0746049	-0.382752
0.983284	0.06648	-0.16951
0.987393	0.0450353	-0.151749
0.976304	0.0791583	-0.201406
0.790797	0.0640715	-0.608716
0.7908	0.0640697	-0.608712
0.982582	0.112052	-0.148246
0.987999	0.12134	-0.0955773
0.996433	0.0807249	-0.0245775
0.985674	0.106722	-0.130599
0.981359	0.0921973	-0.168621
0.976343	0.0791022	-0.201239
0.985071	0.112574	-0.130243
0.994663	0.0355284	-0.0968702
0.606771	0.0491599	-0.793355
0.606768	0.0491613	-0.793357
0.130116	0.0105504	-0.991443
0.130096	0.0105406	-0.991445
0.381394	0.0309011	-0.923896
0.381392	0.0308999	-0.923897
-0.130095	-0.0105487	-0.991445
-0.920834	-0.0746073	-0.382752
-0.606768	-0.0491596	-0.793357
-0.606771	-0.0491615	-0.793355
-0.7908	-0.0640718	-0.608712
-0.790797	-0.0640695	-0.608716
-0.381449	-0.0309056	-0.923873
-0.381392	-0.030925	-0.923896
-0.988213	-0.0800665	-0.13048
-0.920834	-0.0746073	0.382752
-0.988213	-0.0800665	0.13048
-0.7908	-0.0640697	0.608712
-0.790797	-0.0640715	0.608716
0.130096	0.0105406	0.991445
0.130116	0.0105504	0.991443
-0.381392	-0.030925	0.923896
-0.381449	-0.0309056	0.923873
-0.130095	-0.0105487	0.991445
-0.606771	-0.0491615	0.793355
-0.606768	-0.0491596	0.793357
0.381394	0.0309001	0.923896
0.381392	0.0309009	0.923897
0.606771	0.0491615	0.793355
0.606768	0.0491596	0.793357
0.920834	0.0746049	0.382752
0.976304	0.0791583	0.201406
0.790797	0.0640715	0.608716
0.7908	0.0640697	0.608712
0.983284	0.06648	0.16951
0.996419	0.0807296	0.0251367
0.990466	0.0448706	0.130244
0.994663	0.0355284	0.0968702
0.987393	0.0450353	0.151749
0.990148	0.0505641	0.130578
0.976343	0.0791022	0.201239
0.981359	0.0921973	0.168621
0.985071	0.112574	0.130243
0.987999	0.12134	0.0955773
0.996433	0.0807249	0.0245775
0.985674	0.106722	0.130599
0.982582	0.112052	0.148246
0.0690207	-0.989045	0.130482
0.0748362	-0.790025	0.60849
0.0856412	-0.919853	0.382799
0.0491706	-0.606781	0.793347
0.0206602	-0.382218	0.923841
6.67623e-006	-8.23996e-005	1.45607e-005
0.0483348	-0.865406	0.498735
-8.132e-006	8.30361e-005	1.46817e-005
1.14691e-006	-3.16412e-005	8.663e-005
0.0361425	-0.642662	0.765297
-0.0202801	-0.00148537	0.999793
-0.0410969	0.380596	0.923828
-0.000429091	0.130987	0.991384
-2.51903e-006	3.09506e-005	8.51946e-005
5.32856e-006	-8.32844e-005	1.47325e-005
-6.6748e-006	8.2382e-005	1.45819e-005
-0.0533129	0.791537	0.608791
-0.0491182	0.606741	0.79338
-0.0634153	0.921818	0.382401
-0.067881	0.640282	0.765135
-3.95441e-006	3.14028e-005	8.65437e-005
-0.0910533	0.9872	0.130944
-0.0916109	0.861846	0.498828
2.49716e-006	-3.09542e-005	8.52567e-005
0.0206807	-0.129284	0.991392
-0.0910533	0.9872	-0.130944
-0.0533129	0.791537	-0.608791
-0.0634153	0.921818	-0.382401
-0.0491182	0.606741	-0.79338
-6.6748e-006	8.2382e-005	-1.45819e-005
-0.0916109	0.861846	-0.498828
-3.95441e-006	3.14028e-005	-8.65437e-005
-0.067881	0.640282	-0.765135
-0.0202801	-0.00148537	-0.999793
0.0206602	-0.382218	-0.923841
-2.51903e-006	3.09506e-005	-8.51946e-005
5.32856e-006	-8.32844e-005	-1.47325e-005
2.49716e-006	-3.09542e-005	-8.52567e-005
0.0206807	-0.129284	-0.991392
-0.0410969	0.380596	-0.923828
6.67623e-006	-8.23996e-005	-1.45607e-005
-0.000429091	0.130987	-0.991384
0.0856412	-0.919853	-0.382799
-8.132e-006	8.30361e-005	-1.46817e-005
1.14691e-006	-3.16412e-005	-8.663e-005
0.0491706	-0.606781	-0.793347
0.0361425	-0.642662	-0.765297
0.0748362	-0.790025	-0.60849
0.0483348	-0.865406	-0.498735
0.0690207	-0.989045	-0.130482
-2.85832e-005	-2.32096e-006	5.67627e-009
-2.51462e-005	-2.03121e-006	-4.6875e-008
1.61954e-005	1.30888e-006	2.47192e-009
4.74851e-005	3.83766e-006	6.31104e-008
9.17367e-005	7.43843e-006	-6.31104e-008
0.996729	0.0808193	-4.81525e-005
0.996729	0.0808159	-2.18171e-005
0.996728	0.0808158	-0.00107143
0.996738	0.0807021	-0.000204768
0.996738	0.0807021	0.000708583
0.996735	0.0807461	0.000373522
0.996734	0.0807461	-0.000687401
0.996739	0.0806966	-0.00031048
0.996738	0.0806966	0.000680868
0.996735	0.0807461	0.000303943
0.996734	0.0807461	-0.0006903
0.996738	0.0807021	-0.000355243
0.996738	0.0807021	0.000983937
0.996729	0.0808159	0.000117188
0.996729	0.0808159	4.36341e-005
0.996729	0.0808193	1.73015e-005
0.0798859	-0.988284	0.130051
0.0801354	-0.98819	0.130612
0.0746688	-0.920777	0.382875
0.0746378	-0.920808	0.382807
0.0490652	-0.606995	0.79319
0.049181	-0.606747	0.793372
0.0640902	-0.790682	0.608864
0.0309295	-0.381407	0.92389
0.0308472	-0.381616	0.923806
0.0105473	-0.130064	0.99145
-0.030918	0.381436	0.923878
-0.0309295	0.381407	0.92389
-0.0492029	0.606745	0.793372
-0.0746688	0.920777	0.382875
-0.0746378	0.920808	0.382807
-0.0641093	0.790918	0.608554
-0.064141	0.790954	0.608504
-0.0801006	0.988203	0.130534
-0.0801354	0.98819	0.130612
-0.0105524	0.130127	0.991441
-0.0105469	0.130117	0.991443
-0.0800998	0.988193	-0.130612
-0.0801363	0.9882	-0.130534
-0.0746711	0.920806	-0.382807
-0.0746356	0.92078	-0.382875
-0.0492029	0.606745	-0.793372
-0.0641379	0.790916	-0.608554
-0.0641125	0.790956	-0.608504
-0.0309157	0.381408	-0.92389
-0.0309318	0.381435	-0.923878
-0.0105524	0.130127	-0.991441
-0.0105469	0.130117	-0.991443
0.0309458	-0.381608	-0.923806
0.0308309	-0.381415	-0.92389
0.0490461	-0.606758	-0.793372
0.0492002	-0.606984	-0.79319
0.0798859	-0.988284	-0.130051
0.0801354	-0.98819	-0.130612
0.0640902	-0.790682	-0.608864
0.0746688	-0.920777	-0.382875
0.0746378	-0.920808	-0.382807
0.0105473	-0.130064	-0.99145

#	Mesh	0	End

