#	Mesh	0	Begin

#	Vertex	636
72.2246	-60.0521	-6.026
72.2212	-60.01	-6.026
72.1804	-60.0133	-6.026
72.1838	-60.0554	-6.026
72.1849	-60.0606	-6.026
72.1873	-60.0653	-6.026
72.1909	-60.0693	-6.026
72.1954	-60.0722	-6.026
72.2005	-60.0738	-6.026
72.2058	-60.0741	-6.026
72.2111	-60.073	-6.026
72.2158	-60.0706	-6.026
72.2198	-60.067	-6.026
72.2227	-60.0625	-6.026
72.2243	-60.0574	-6.026
72.1838	-60.0554	-6.106
72.1804	-60.0133	-6.106
72.2212	-60.01	-6.106
72.2246	-60.0521	-6.106
72.2243	-60.0574	-6.106
72.2227	-60.0625	-6.106
72.2198	-60.067	-6.106
72.2158	-60.0706	-6.106
72.2111	-60.073	-6.106
72.2058	-60.0741	-6.106
72.2005	-60.0738	-6.106
72.1954	-60.0722	-6.106
72.1909	-60.0693	-6.106
72.1873	-60.0653	-6.106
72.1849	-60.0606	-6.106
72.2215	-60.0144	-6.04578
72.1807	-60.0178	-6.04578
72.2217	-60.0159	-6.066
72.1809	-60.0193	-6.066
72.2215	-60.0144	-6.08622
72.1807	-60.0178	-6.08622
72.2001	-59.7498	-6.106
72.1967	-59.7077	-6.106
72.1967	-59.7077	-6.026
72.2001	-59.7498	-6.026
72.1997	-59.7453	-6.04578
72.1996	-59.7438	-6.066
72.1997	-59.7453	-6.08622
72.1559	-59.711	-6.106
72.1593	-59.7531	-6.106
72.1589	-59.7486	-6.08622
72.1588	-59.7471	-6.066
72.1589	-59.7486	-6.04578
72.1593	-59.7531	-6.026
72.1559	-59.711	-6.026
72.1646	-59.6925	-6.106
72.1694	-59.6901	-6.106
72.1746	-59.689	-6.106
72.18	-59.6892	-6.106
72.1851	-59.6909	-6.106
72.1895	-59.6938	-6.106
72.1931	-59.6977	-6.106
72.1956	-59.7025	-6.106
72.1561	-59.7057	-6.106
72.1578	-59.7006	-6.106
72.1607	-59.6961	-6.106
72.18	-59.6892	-6.026
72.1746	-59.689	-6.026
72.1694	-59.6901	-6.026
72.1646	-59.6925	-6.026
72.1607	-59.6961	-6.026
72.1578	-59.7006	-6.026
72.1561	-59.7057	-6.026
72.1956	-59.7025	-6.026
72.1931	-59.6977	-6.026
72.1895	-59.6938	-6.026
72.1851	-59.6909	-6.026
72.2161	-59.811	-5.94779
72.2127	-59.7684	-5.955
72.2153	-59.8008	-5.93006
72.2138	-59.7828	-5.96948
72.2188	-59.8438	-5.93415
72.2107	-59.7435	-5.98751
72.2121	-59.7612	-5.99775
72.211	-59.7476	-6.03067
72.2094	-59.7279	-6.02537
72.2106	-59.7429	-6.066
72.209	-59.7225	-6.066
72.211	-59.7476	-6.10133
72.2094	-59.7279	-6.10663
72.2121	-59.7612	-6.13425
72.2107	-59.7435	-6.14449
72.2138	-59.7828	-6.16252
72.2127	-59.7684	-6.177
72.2161	-59.811	-6.18421
72.2153	-59.8008	-6.20194
72.2188	-59.8438	-6.19785
72.2184	-59.8385	-6.21763
72.2216	-59.879	-6.2025
72.2216	-59.879	-6.22298
72.2245	-59.9142	-6.19785
72.2249	-59.9195	-6.21763
72.2271	-59.947	-6.18421
72.228	-59.9572	-6.20194
72.2294	-59.9752	-6.16252
72.2306	-59.9896	-6.177
72.2312	-59.9968	-6.13425
72.2326	-60.0145	-6.14449
72.2339	-60.0301	-6.10663
72.2323	-60.0104	-6.10133
72.2343	-60.0355	-6.066
72.2327	-60.0151	-6.066
72.2339	-60.0301	-6.02537
72.2323	-60.0104	-6.03067
72.2326	-60.0145	-5.98751
72.2312	-59.9968	-5.99775
72.2306	-59.9896	-5.955
72.2294	-59.9752	-5.96948
72.228	-59.9572	-5.93006
72.2271	-59.947	-5.94779
72.2249	-59.9195	-5.91437
72.2245	-59.9142	-5.93415
72.2216	-59.879	-5.90902
72.2216	-59.879	-5.9295
72.2184	-59.8385	-5.91437
72.1525	-59.8059	-5.93006
72.1499	-59.7735	-5.955
72.1533	-59.8161	-5.94779
72.156	-59.8489	-5.93415
72.1556	-59.8436	-5.91437
72.151	-59.7879	-5.96948
72.1479	-59.7486	-5.98751
72.1493	-59.7663	-5.99775
72.1482	-59.7527	-6.03067
72.1466	-59.733	-6.02537
72.1478	-59.748	-6.066
72.1462	-59.7276	-6.066
72.1482	-59.7527	-6.10133
72.1466	-59.733	-6.10663
72.1493	-59.7663	-6.13425
72.1479	-59.7486	-6.14449
72.151	-59.7879	-6.16252
72.1499	-59.7735	-6.177
72.1533	-59.8161	-6.18421
72.1525	-59.8059	-6.20194
72.156	-59.8489	-6.19785
72.1556	-59.8436	-6.21763
72.1588	-59.8841	-6.2025
72.1588	-59.8841	-6.22298
72.1617	-59.9193	-6.19785
72.1621	-59.9246	-6.21763
72.1644	-59.9521	-6.18421
72.1652	-59.9623	-6.20194
72.1666	-59.9803	-6.16252
72.1678	-59.9947	-6.177
72.1684	-60.0019	-6.13425
72.1698	-60.0196	-6.14449
72.1711	-60.0352	-6.10663
72.1695	-60.0155	-6.10133
72.1715	-60.0406	-6.066
72.1699	-60.0201	-6.066
72.1711	-60.0352	-6.02537
72.1695	-60.0155	-6.03067
72.1698	-60.0196	-5.98751
72.1684	-60.0019	-5.99775
72.1678	-59.9947	-5.955
72.1666	-59.9803	-5.96948
72.1652	-59.9623	-5.93006
72.1644	-59.9521	-5.94779
72.1621	-59.9246	-5.91437
72.1617	-59.9193	-5.93415
72.1588	-59.8841	-5.90902
72.1588	-59.8841	-5.9295
72.0628	-60.1199	-6.016
72.0132	-60.1239	-6.016
72.0169	-60.1692	-6.016
72.0664	-60.1652	-6.016
72.0722	-60.164	-6.016
72.0775	-60.1613	-6.016
72.0819	-60.1573	-6.016
72.0851	-60.1523	-6.016
72.087	-60.1466	-6.016
72.0873	-60.1407	-6.016
72.086	-60.1349	-6.016
72.0833	-60.1296	-6.016
72.0793	-60.1252	-6.016
72.0743	-60.122	-6.016
72.0687	-60.1202	-6.016
72.0664	-60.1652	-6.116
72.0169	-60.1692	-6.116
72.0132	-60.1239	-6.116
72.0628	-60.1199	-6.116
72.0687	-60.1202	-6.116
72.0743	-60.122	-6.116
72.0793	-60.1252	-6.116
72.0833	-60.1296	-6.116
72.086	-60.1349	-6.116
72.0873	-60.1407	-6.116
72.087	-60.1466	-6.116
72.0851	-60.1523	-6.116
72.0819	-60.1573	-6.116
72.0775	-60.1613	-6.116
72.0722	-60.164	-6.116
72.0191	-60.1234	-6.04069
72.0228	-60.1688	-6.04069
72.0211	-60.1232	-6.066
72.0248	-60.1686	-6.066
72.0191	-60.1234	-6.09131
72.0228	-60.1688	-6.09131
71.7062	-60.1488	-6.116
71.6567	-60.1528	-6.116
71.6567	-60.1528	-6.016
71.7062	-60.1488	-6.016
71.7003	-60.1492	-6.04069
71.6984	-60.1494	-6.066
71.7003	-60.1492	-6.09131
71.6604	-60.1981	-6.116
71.7099	-60.1941	-6.116
71.704	-60.1946	-6.09131
71.702	-60.1947	-6.066
71.704	-60.1946	-6.04069
71.7099	-60.1941	-6.016
71.6604	-60.1981	-6.016
71.6438	-60.1928	-6.116
71.6398	-60.1884	-6.116
71.6371	-60.1831	-6.116
71.6359	-60.1773	-6.116
71.6362	-60.1714	-6.116
71.638	-60.1657	-6.116
71.6412	-60.1607	-6.116
71.6456	-60.1567	-6.116
71.6509	-60.154	-6.116
71.6545	-60.1978	-6.116
71.6488	-60.196	-6.116
71.6371	-60.1831	-6.016
71.6398	-60.1884	-6.016
71.6438	-60.1928	-6.016
71.6488	-60.196	-6.016
71.6545	-60.1978	-6.016
71.6509	-60.154	-6.016
71.6456	-60.1567	-6.016
71.6412	-60.1607	-6.016
71.638	-60.1657	-6.016
71.6362	-60.1714	-6.016
71.6359	-60.1773	-6.016
71.7781	-60.1306	-5.92579
71.7275	-60.1347	-5.93435
71.766	-60.1316	-5.90476
71.7446	-60.1334	-5.95152
71.817	-60.1275	-5.90962
71.698	-60.1371	-5.97291
71.719	-60.1354	-5.98505
71.7029	-60.1367	-6.0241
71.6795	-60.1386	-6.01781
71.6974	-60.1372	-6.066
71.6732	-60.1391	-6.066
71.7029	-60.1367	-6.1079
71.6795	-60.1386	-6.11419
71.719	-60.1354	-6.14695
71.698	-60.1371	-6.15909
71.7446	-60.1334	-6.18048
71.7275	-60.1347	-6.19765
71.7781	-60.1306	-6.20621
71.766	-60.1316	-6.22724
71.817	-60.1275	-6.22238
71.8107	-60.128	-6.24584
71.8587	-60.1241	-6.2279
71.8587	-60.1241	-6.25219
71.9005	-60.1207	-6.22238
71.9068	-60.1202	-6.24584
71.9394	-60.1176	-6.20621
71.9515	-60.1166	-6.22724
71.9729	-60.1149	-6.18048
71.99	-60.1135	-6.19765
71.9985	-60.1128	-6.14695
72.0195	-60.1111	-6.15909
72.038	-60.1096	-6.11419
72.0146	-60.1115	-6.1079
72.0443	-60.1091	-6.066
72.0201	-60.111	-6.066
72.038	-60.1096	-6.01781
72.0146	-60.1115	-6.0241
72.0195	-60.1111	-5.97291
71.9985	-60.1128	-5.98505
71.99	-60.1135	-5.93435
71.9729	-60.1149	-5.95152
71.9515	-60.1166	-5.90476
71.9394	-60.1176	-5.92579
71.9068	-60.1202	-5.88616
71.9005	-60.1207	-5.90962
71.8587	-60.1241	-5.87981
71.8587	-60.1241	-5.9041
71.8107	-60.128	-5.88616
71.7716	-60.2014	-5.90476
71.7332	-60.2045	-5.93435
71.7837	-60.2004	-5.92579
71.8226	-60.1973	-5.90962
71.8164	-60.1978	-5.88616
71.7503	-60.2031	-5.95152
71.7037	-60.2069	-5.97291
71.7246	-60.2052	-5.98505
71.7085	-60.2065	-6.0241
71.6851	-60.2084	-6.01781
71.703	-60.207	-6.066
71.6788	-60.2089	-6.066
71.7085	-60.2065	-6.1079
71.6851	-60.2084	-6.11419
71.7246	-60.2052	-6.14695
71.7037	-60.2069	-6.15909
71.7503	-60.2031	-6.18048
71.7332	-60.2045	-6.19765
71.7837	-60.2004	-6.20621
71.7716	-60.2014	-6.22724
71.8226	-60.1973	-6.22238
71.8164	-60.1978	-6.24584
71.8644	-60.1939	-6.2279
71.8644	-60.1939	-6.25219
71.9062	-60.1905	-6.22238
71.9124	-60.19	-6.24584
71.9451	-60.1873	-6.20621
71.9572	-60.1864	-6.22724
71.9785	-60.1846	-6.18048
71.9956	-60.1833	-6.19765
72.0041	-60.1826	-6.14695
72.0251	-60.1809	-6.15909
72.0436	-60.1794	-6.11419
72.0203	-60.1812	-6.1079
72.05	-60.1788	-6.066
72.0258	-60.1808	-6.066
72.0436	-60.1794	-6.01781
72.0203	-60.1812	-6.0241
72.0251	-60.1809	-5.97291
72.0041	-60.1826	-5.98505
71.9956	-60.1833	-5.93435
71.9785	-60.1846	-5.95152
71.9572	-60.1864	-5.90476
71.9451	-60.1873	-5.92579
71.9124	-60.19	-5.88616
71.9062	-60.1905	-5.90962
71.8644	-60.1939	-5.87981
71.8644	-60.1939	-5.9041
72.0224	-59.6215	-6.016
71.9728	-59.6255	-6.016
71.9765	-59.6709	-6.016
72.026	-59.6669	-6.016
72.0319	-59.6656	-6.016
72.0371	-59.6629	-6.016
72.0415	-59.6589	-6.016
72.0448	-59.6539	-6.016
72.0466	-59.6483	-6.016
72.0469	-59.6423	-6.016
72.0456	-59.6365	-6.016
72.0429	-59.6313	-6.016
72.0389	-59.6268	-6.016
72.034	-59.6236	-6.016
72.0283	-59.6218	-6.016
72.026	-59.6669	-6.116
71.9765	-59.6709	-6.116
71.9728	-59.6255	-6.116
72.0224	-59.6215	-6.116
72.0283	-59.6218	-6.116
72.034	-59.6236	-6.116
72.0389	-59.6268	-6.116
72.0429	-59.6313	-6.116
72.0456	-59.6365	-6.116
72.0469	-59.6423	-6.116
72.0466	-59.6483	-6.116
72.0448	-59.6539	-6.116
72.0415	-59.6589	-6.116
72.0371	-59.6629	-6.116
72.0319	-59.6656	-6.116
71.9787	-59.625	-6.04069
71.9824	-59.6704	-6.04069
71.9807	-59.6249	-6.066
71.9844	-59.6702	-6.066
71.9787	-59.625	-6.09131
71.9824	-59.6704	-6.09131
71.6659	-59.6504	-6.116
71.6163	-59.6544	-6.116
71.6163	-59.6544	-6.016
71.6659	-59.6504	-6.016
71.66	-59.6509	-6.04069
71.658	-59.651	-6.066
71.66	-59.6509	-6.09131
71.62	-59.6998	-6.116
71.6695	-59.6957	-6.116
71.6636	-59.6962	-6.09131
71.6617	-59.6964	-6.066
71.6636	-59.6962	-6.04069
71.6695	-59.6957	-6.016
71.62	-59.6998	-6.016
71.6034	-59.6944	-6.116
71.5995	-59.69	-6.116
71.5967	-59.6847	-6.116
71.5955	-59.6789	-6.116
71.5958	-59.673	-6.116
71.5976	-59.6673	-6.116
71.6008	-59.6623	-6.116
71.6052	-59.6584	-6.116
71.6105	-59.6557	-6.116
71.6141	-59.6995	-6.116
71.6084	-59.6976	-6.116
71.5967	-59.6847	-6.016
71.5995	-59.69	-6.016
71.6034	-59.6944	-6.016
71.6084	-59.6976	-6.016
71.6141	-59.6995	-6.016
71.6105	-59.6557	-6.016
71.6052	-59.6584	-6.016
71.6008	-59.6623	-6.016
71.5976	-59.6673	-6.016
71.5958	-59.673	-6.016
71.5955	-59.6789	-6.016
71.7377	-59.6323	-5.92579
71.6871	-59.6364	-5.93435
71.7256	-59.6333	-5.90476
71.7043	-59.635	-5.95152
71.7766	-59.6291	-5.90962
71.6576	-59.6388	-5.97291
71.6786	-59.6371	-5.98505
71.6625	-59.6384	-6.0241
71.6391	-59.6403	-6.01781
71.657	-59.6388	-6.066
71.6328	-59.6408	-6.066
71.6625	-59.6384	-6.1079
71.6391	-59.6403	-6.11419
71.6786	-59.6371	-6.14695
71.6576	-59.6388	-6.15909
71.7043	-59.635	-6.18048
71.6871	-59.6364	-6.19765
71.7377	-59.6323	-6.20621
71.7256	-59.6333	-6.22724
71.7766	-59.6291	-6.22238
71.7703	-59.6296	-6.24584
71.8184	-59.6257	-6.2279
71.8184	-59.6257	-6.25219
71.8601	-59.6224	-6.22238
71.8664	-59.6219	-6.24584
71.899	-59.6192	-6.20621
71.9111	-59.6182	-6.22724
71.9325	-59.6165	-6.18048
71.9496	-59.6151	-6.19765
71.9581	-59.6144	-6.14695
71.9791	-59.6127	-6.15909
71.9976	-59.6112	-6.11419
71.9742	-59.6131	-6.1079
72.0039	-59.6107	-6.066
71.9797	-59.6127	-6.066
71.9976	-59.6112	-6.01781
71.9742	-59.6131	-6.0241
71.9791	-59.6127	-5.97291
71.9581	-59.6144	-5.98505
71.9496	-59.6151	-5.93435
71.9325	-59.6165	-5.95152
71.9111	-59.6182	-5.90476
71.899	-59.6192	-5.92579
71.8664	-59.6219	-5.88616
71.8601	-59.6224	-5.90962
71.8184	-59.6257	-5.87981
71.8184	-59.6257	-5.9041
71.7703	-59.6296	-5.88616
71.7312	-59.703	-5.90476
71.6928	-59.7061	-5.93435
71.7433	-59.7021	-5.92579
71.7823	-59.6989	-5.90962
71.776	-59.6994	-5.88616
71.7099	-59.7048	-5.95152
71.6633	-59.7085	-5.97291
71.6843	-59.7068	-5.98505
71.6681	-59.7081	-6.0241
71.6448	-59.71	-6.01781
71.6626	-59.7086	-6.066
71.6384	-59.7106	-6.066
71.6681	-59.7081	-6.1079
71.6448	-59.71	-6.11419
71.6843	-59.7068	-6.14695
71.6633	-59.7085	-6.15909
71.7099	-59.7048	-6.18048
71.6928	-59.7061	-6.19765
71.7433	-59.7021	-6.20621
71.7312	-59.703	-6.22724
71.7823	-59.6989	-6.22238
71.776	-59.6994	-6.24584
71.824	-59.6955	-6.2279
71.824	-59.6955	-6.25219
71.8658	-59.6921	-6.22238
71.872	-59.6916	-6.24584
71.9047	-59.689	-6.20621
71.9168	-59.688	-6.22724
71.9381	-59.6863	-6.18048
71.9552	-59.6849	-6.19765
71.9638	-59.6842	-6.14695
71.9847	-59.6825	-6.15909
72.0033	-59.681	-6.11419
71.9799	-59.6829	-6.1079
72.0096	-59.6805	-6.066
71.9854	-59.6824	-6.066
72.0033	-59.681	-6.01781
71.9799	-59.6829	-6.0241
71.9847	-59.6825	-5.97291
71.9638	-59.6842	-5.98505
71.9552	-59.6849	-5.93435
71.9381	-59.6863	-5.95152
71.9168	-59.688	-5.90476
71.9047	-59.689	-5.92579
71.872	-59.6916	-5.88616
71.8658	-59.6921	-5.90962
71.824	-59.6955	-5.87981
71.824	-59.6955	-5.9041
71.8212	-59.6606	-5.9041
71.863	-59.6572	-5.90962
71.9019	-59.6541	-5.92579
71.9353	-59.6514	-5.95152
71.9481	-59.6503	-5.96828
71.9609	-59.6493	-5.98505
71.969	-59.6487	-6.00457
71.9771	-59.648	-6.0241
71.9798	-59.6478	-6.04505
71.9826	-59.6476	-6.066
71.9798	-59.6478	-6.08695
71.9771	-59.648	-6.1079
71.969	-59.6487	-6.12743
71.9609	-59.6493	-6.14695
71.9481	-59.6503	-6.16372
71.9353	-59.6514	-6.18048
71.9019	-59.6541	-6.20621
71.863	-59.6572	-6.22238
71.8212	-59.6606	-6.2279
71.7794	-59.664	-6.22238
71.7405	-59.6672	-6.20621
71.7071	-59.6699	-6.18048
71.6814	-59.672	-6.14695
71.6653	-59.6733	-6.1079
71.6598	-59.6737	-6.066
71.6653	-59.6733	-6.0241
71.6814	-59.672	-5.98505
71.7071	-59.6699	-5.95152
71.7405	-59.6672	-5.92579
71.7794	-59.664	-5.90962
71.8198	-60.1624	-5.90962
71.7809	-60.1655	-5.92579
71.7475	-60.1682	-5.95152
71.7218	-60.1703	-5.98505
71.7057	-60.1716	-6.0241
71.7002	-60.1721	-6.066
71.7057	-60.1716	-6.1079
71.7218	-60.1703	-6.14695
71.7475	-60.1682	-6.18048
71.7809	-60.1655	-6.20621
71.8198	-60.1624	-6.22238
71.8616	-60.159	-6.2279
71.9033	-60.1556	-6.22238
71.9423	-60.1525	-6.20621
71.9757	-60.1498	-6.18048
71.9885	-60.1487	-6.16372
72.0013	-60.1477	-6.14695
72.0094	-60.147	-6.12743
72.0174	-60.1464	-6.1079
72.0202	-60.1461	-6.08695
72.0229	-60.1459	-6.066
72.0202	-60.1461	-6.04505
72.0174	-60.1464	-6.0241
72.0094	-60.147	-6.00457
72.0013	-60.1477	-5.98505
71.9885	-60.1487	-5.96828
71.9757	-60.1498	-5.95152
71.9423	-60.1525	-5.92579
71.9033	-60.1556	-5.90962
71.8616	-60.159	-5.9041
72.0125	-60.0316	-6.08504
72.0138	-60.0328	-6.066
72.009	-60.0279	-6.10347
72.0033	-60.0221	-6.1208
71.996	-60.0144	-6.1367
71.9873	-60.0051	-6.15101
71.9677	-59.9825	-6.17465
71.9778	-59.9944	-6.16366
71.9878	-59.7663	-6.10346
71.9831	-59.7729	-6.12079
71.9907	-59.7621	-6.08503
71.9917	-59.7607	-6.066
71.9543	-59.8178	-6.17465
71.9463	-59.8324	-6.18398
71.9771	-59.7817	-6.1367
71.9701	-59.7922	-6.15101
71.9624	-59.8043	-6.16366
71.9389	-59.8483	-6.1916
71.9574	-59.9693	-6.18398
71.9475	-59.9548	-6.1916
71.9282	-59.9028	-6.2025
71.9317	-59.9215	-6.20118
71.9386	-59.9389	-6.19742
71.9287	-59.8837	-6.20118
71.9326	-59.8654	-6.19742
71.9282	-59.9028	-5.9295
71.9831	-59.7729	-6.01121
71.9386	-59.9389	-5.93458
71.9317	-59.9215	-5.93082
71.9475	-59.9548	-5.9404
71.9677	-59.9825	-5.95735
71.9778	-59.9944	-5.96834
71.9907	-59.7621	-6.04697
71.9701	-59.7922	-5.98099
71.9624	-59.8043	-5.96834
71.9287	-59.8837	-5.93082
71.9326	-59.8654	-5.93458
71.9389	-59.8483	-5.9404
71.996	-60.0144	-5.9953
72.0033	-60.0221	-6.0112
72.009	-60.0279	-6.02853
72.0125	-60.0316	-6.04696
71.9873	-60.0051	-5.98099
71.9574	-59.9693	-5.94802
71.9543	-59.8178	-5.95735
71.9463	-59.8324	-5.94802
71.9771	-59.7817	-5.9953
71.9878	-59.7663	-6.02854
72.2009	-60.013	-6.03067
72.2013	-60.0176	-6.066
72.2009	-60.013	-6.10133
72.1998	-59.9994	-6.13425
72.198	-59.9778	-6.16252
72.1958	-59.9496	-6.18421
72.1931	-59.9168	-6.19785
72.1902	-59.8815	-6.2025
72.1874	-59.8463	-6.19785
72.1847	-59.8135	-6.18421
72.1824	-59.7853	-6.16252
72.1807	-59.7637	-6.13425
72.1796	-59.7501	-6.10133
72.1792	-59.7455	-6.066
72.1796	-59.7501	-6.03067
72.1807	-59.7637	-5.99775
72.1824	-59.7853	-5.96948
72.1847	-59.8135	-5.94779
72.1874	-59.8463	-5.93415
72.1902	-59.8815	-5.9295
72.1931	-59.9168	-5.93415
72.1958	-59.9496	-5.94779
72.198	-59.9778	-5.96948
72.1998	-59.9994	-5.99775

#	Triangle	848
3	1	2	3	0	1	4	0	3	4	14	0	5	14	4	5	13	14	6	13	5	6	12	13	66	70	65	66	69	70	67	69	66	67	68	69	49	68	67	49	38	68	48	38	49	48	39	38	170	168	169	170	182	168	170	181	182	170	180	181	170	179	180	170	178	179	170	177	178	170	176	177	170	175	176	170	174	175	170	173	174	170	172	173	234	216	207	235	216	234	236	216	235	237	216	236	238	216	237	239	216	238	229	216	239	230	216	229	231	216	230	232	216	231	233	216	232	338	336	337	338	350	336	338	349	350	338	348	349	338	347	348	338	346	347	338	345	346	338	344	345	338	343	344	338	342	343	338	341	342	338	340	341	402	384	375	403	384	402	404	384	403	405	384	404	406	384	405	407	384	406	397	384	407	398	384	397	399	384	398	400	384	399	401	384	400
7	12	6	65	70	71
7	11	12	65	71	64
8	11	7	64	71	61
8	10	11	64	61	63
9	10	8	63	61	62
18	16	17	18	15	16	19	15	18	19	29	15	20	29	19	20	28	29	21	28	20	21	27	28	56	60	55	56	59	60	57	59	56	57	58	59	37	58	57	37	43	58	36	43	37	36	44	43	187	184	185	188	184	187	189	184	188	190	184	189	191	184	190	192	184	191	193	184	192	194	184	193	195	184	194	196	184	195	197	184	196	212	205	204	212	226	205	212	225	226	212	224	225	212	223	224	212	222	223	212	221	222	212	220	221	212	219	220	212	218	219	212	228	218	212	227	228	355	352	353	356	352	355	357	352	356	358	352	357	359	352	358	360	352	359	361	352	360	362	352	361	363	352	362	364	352	363	365	352	364	380	373	372	380	394	373	380	393	394	380	392	393	380	391	392	380	390	391	380	389	390	380	388	389	380	387	388	380	386	387	380	396	386	380	395	396
22	27	21	55	60	50
22	26	27	55	50	54
23	26	22	54	50	51
23	25	26	54	51	53
24	25	23	53	51	52
2	30	31
1	30	2
30	33	31
32	33	30
33	34	35
32	34	33
34	16	35
17	16	34
14	18	0	19	18	14
14	20	19	13	20	14
11	21	12	22	21	11
20	12	21	13	12	20
10	22	11	23	22	10
23	9	24	10	9	23
7	25	8	26	25	7
7	27	26	6	27	7
4	28	5	29	28	4
27	5	28	6	5	27
3	29	4	15	29	3
9	25	24	8	25	9
31	3	2
31	15	3
33	15	31
35	15	33
16	15	35
18	1	0
18	30	1
18	32	30
18	34	32
18	17	34	40	38	39
40	37	38
41	37	40
42	37	41
36	37	42
43	48	49
43	47	48
43	46	47
43	45	46
43	44	45
44	42	45
36	42	44
42	46	45
41	46	42
46	40	47
41	40	46
40	48	47
39	48	40
67	43	49	58	43	67
67	59	58	66	59	67
64	60	65	50	60	64
59	65	60	66	65	59
63	50	64	51	50	63
51	62	52	63	62	51
71	53	61	54	53	71
71	55	54	70	55	71
68	56	69	57	56	68
55	69	56	70	69	55
38	57	68	37	57	38
62	53	52	61	53	62
74	72	73
72	75	73
74	76	72
77	73	75
78	77	75
79	77	78
79	80	77
79	81	80
81	82	80
83	82	81
83	84	82
85	84	83
85	86	84
87	86	85
86	87	88
88	87	89
88	89	90
89	91	90
92	90	91
91	93	92
93	94	92	119	117	118
93	95	94	117	116	118
95	96	94
95	97	96
98	96	97
98	97	99
99	100	98
101	100	99
102	100	101
103	102	101
104	103	101
104	105	103
106	105	104
107	105	106
107	106	108
108	109	107
110	109	108
110	111	109
110	112	111
111	112	113
112	114	113
114	115	113
115	114	116
117	115	116
119	118	76
76	74	119
122	120	121
123	120	122
120	123	124
125	122	121
121	126	125
126	127	125
126	128	127
129	128	126
130	128	129
131	130	129
131	132	130
133	132	131
133	134	132
135	134	133
135	136	134
136	135	137
136	137	138
138	137	139
140	138	139
139	141	140
142	140	141
143	142	141	166	124	167
144	142	143	165	166	167
145	144	143
146	144	145
145	147	146
146	147	148
149	148	147
149	150	148
149	151	150
151	152	150
152	153	150
154	153	152
154	155	153
154	156	155
155	156	157
158	157	156
158	159	157
160	159	158
161	159	160
161	160	162
163	161	162
164	163	162
163	164	165
164	166	165
167	124	123
154	103	105
152	103	154
152	102	103
151	102	152
98	149	147
100	149	98
102	149	100
151	149	102
96	147	145
98	147	96
94	145	143
96	145	94
90	141	139
92	141	90
139	88	90
137	88	139
133	86	135	84	86	133
131	84	133
82	84	131
135	88	137
86	88	135
141	94	143	92	94	141
131	80	82
129	80	131
129	77	80	126	77	129
74	121	120
73	121	74
77	121	73
126	121	77
119	120	124
74	120	119
117	124	166	119	124	117
160	113	162
111	113	160
113	164	162
115	164	113
156	109	158
107	109	156
111	158	109
160	158	111
156	105	107
154	105	156
164	117	166
115	117	164
108	155	157
106	155	108
110	157	159
108	157	110
163	112	161	114	112	163
159	112	110
161	112	159
165	114	163
116	114	165
118	165	167
116	165	118
167	76	118
123	76	167
128	78	127
79	78	128
78	125	127
75	125	78
130	79	128
81	79	130
76	122	72	123	122	76
122	75	72
125	75	122
83	130	132
81	130	83
85	132	134
83	132	85
138	87	136
89	87	138
134	87	85
136	87	134
140	89	138	91	89	140
93	140	142
91	140	93
95	142	144
93	142	95
97	144	146
95	144	97
104	155	106
153	155	104
99	146	148	97	146	99
99	150	101
148	150	99
150	104	101
153	104	150
170	171	172	234	207	206	217	216	233	338	339	340	402	375	374
187	185	186	183	184	197	212	211	227	351	352	365
170	198	199
169	198	170
198	201	199	200	201	198
201	202	203	200	202	201
202	184	203
185	184	202
182	186	168	187	186	182
182	188	187	181	188	182	350	356	355	349	356	350
179	189	180	190	189	179
188	180	189	181	180	188
178	190	179	191	190	178
191	177	192	178	177	191
175	193	176	194	193	175	343	361	344	362	361	343
175	195	194	174	195	175	343	363	362	342	363	343
172	196	173	197	196	172
195	173	196	174	173	195
171	197	172	183	197	171	339	365	340	351	365	339
177	193	192	176	193	177
199	171	170	367	339	338	379	380	381
199	183	171	367	351	339
201	183	199	369	351	367
203	183	201	371	351	369
184	183	203	352	351	371
186	169	168
186	198	169
186	200	198	354	368	366
186	202	200	354	370	368
186	185	202	376	374	375
208	206	207	354	353	370
208	205	206	376	373	374
209	205	208	377	373	376
210	205	209	378	373	377
204	205	210
211	216	217
211	215	216
211	214	215	379	382	383
211	213	214	379	381	382
211	212	213
212	210	213	372	378	380
204	210	212	380	378	381
210	214	213	209	214	210
214	208	215	209	208	214
208	216	215	375	384	376
207	216	208	376	384	383
233	211	217	227	211	233
233	228	227	232	228	233
230	218	231	219	218	230
228	231	218	232	231	228
229	219	230	220	219	229
220	239	221	229	239	220
237	222	238	223	222	237
237	224	223	236	224	237
234	225	235	226	225	234	402	393	403	394	393	402
224	235	225	236	235	224	392	403	393	404	403	392
206	226	234	205	226	206
239	222	221	238	222	239
242	240	241
240	243	241
242	244	240	263	265	264	266	264	265	244	242	287	434	432	433
245	241	243	413	409	411
246	245	243	414	413	411
247	245	246
247	248	245
247	249	248	272	273	271	415	417	416	440	441	439	512	528	529
249	250	248
251	250	249
251	252	250
253	252	251
253	254	252
255	254	253	423	422	421
254	255	256	422	423	424
256	255	257
256	257	258
257	259	258	260	258	259	282	283	281	283	282	284	450	451	449
259	261	260
261	262	260	287	285	286	429	430	428	455	453	454
261	263	262	285	284	286	429	431	430	453	452	454	505	533	504	522	523	521
263	264	262
266	265	267	434	433	435
267	268	266	435	436	434
269	268	267
270	268	269
271	270	269
272	271	269
274	273	272	417	418	416	442	441	440	514	528	513
275	273	274	419	418	417	443	441	442	513	528	512
275	274	276	419	420	418	443	442	444	514	527	528
276	277	275	444	445	443
278	277	276
278	279	277
278	280	279
279	280	281	447	448	449
280	282	281	448	450	449
285	283	284
287	286	244
290	288	289
291	288	290	288	291	292	314	312	313	313	315	314	335	292	291	459	456	458	456	459	460	503	460	459
293	290	289
289	294	293
294	295	293
294	296	295
297	296	294
298	296	297
299	298	297	540	553	554	540	552	553
299	300	298	539	555	556	539	554	555
301	300	299	491	492	493
301	302	300	494	495	493
303	302	301
303	304	302
304	303	305
304	305	306
306	305	307
308	306	307	307	309	308	310	308	309	332	331	330	331	332	333	476	474	475	475	477	476	478	476	477
311	310	309	334	292	335	479	478	477	502	460	503
312	310	311	333	334	335	480	478	479	501	502	503
313	312	311
314	315	316
317	316	315	329	328	330
317	318	316
317	319	318
319	320	318
320	321	318
322	321	320
322	323	321
322	324	323
323	324	325
326	325	324
326	327	325
328	327	326
329	327	328
331	329	330
332	334	333
322	271	273	490	439	441
320	271	322
320	270	271
319	270	320
266	317	315
268	317	266
270	317	268
319	317	270
264	315	313	266	315	264	434	483	432
262	313	311	335	244	286	291	244	335	459	412	503
264	313	262
258	309	307	260	309	258
256	307	305
258	307	256
301	254	303
252	254	301
299	252	301
250	252	299
256	303	254
305	303	256
309	262	311
260	262	309	286	333	335	284	333	286
299	248	250
297	248	299
297	245	248
294	245	297
242	289	288
241	289	242
245	289	241
294	289	245
287	288	292	242	288	287
285	292	334
287	292	285	312	261	310	263	261	312
332	281	283	330	281	332
330	279	281	498	447	449
328	279	330
326	275	277
324	275	326
279	326	277
328	326	279
322	275	324
273	275	322	441	443	490
283	334	332	261	308	310
285	334	283	451	502	500
276	323	325
274	323	276
278	325	327
276	325	278
331	280	329
282	280	331	450	448	499
327	280	278	497	448	495
329	280	327
333	282	331	284	282	333	501	450	499
296	246	295	464	414	463
247	246	296
246	293	295	414	461	463
243	293	246	411	461	414
298	247	296	249	247	298
291	240	244	290	240	291
290	243	240
293	243	290	461	411	458
251	298	300	249	298	251
253	300	302	421	468	470
251	300	253
306	255	304	474	423	472
257	255	306
302	255	253	470	423	421
304	255	302	472	423	470
308	257	306	259	257	308
259	308	261
314	263	312	265	263	314
321	269	318
272	269	321
323	272	321
274	272	323
265	316	267
314	316	265
267	318	269	484	486	435
316	318	267
355	353	354	380	379	395
338	366	367	337	366	338
366	369	367	368	369	366
369	370	371	368	370	369
370	352	371	353	352	370
350	354	336	355	354	350
347	357	348	358	357	347
356	348	357	349	348	356
346	358	347	359	358	346
359	345	360	346	345	359
340	364	341	365	364	340
363	341	364	342	341	363
345	361	360	344	361	345
354	337	336
354	366	337
372	373	378
379	384	385
379	383	384
378	382	381	377	382	378
382	376	383	377	376	382
385	384	401
401	379	385	395	379	401
401	396	395	400	396	401
398	386	399	387	386	398
396	399	386	400	399	396
397	387	398	388	387	397
388	407	389	397	407	388
405	390	406	391	390	405
405	392	391	404	392	405
374	394	402	373	394	374
407	390	389	406	390	407
410	408	409	408	411	409
410	412	408
415	413	414
415	416	413
421	420	419
421	422	420
424	423	425	424	425	426
425	427	426
428	426	427
427	429	428
431	432	430
431	433	432
437	436	435
438	436	437
439	438	437
440	439	437
446	445	444
446	447	445
446	448	447
451	450	452
453	451	452
455	454	412
412	410	455
458	456	457
461	458	457
457	462	461
462	463	461
462	464	463
465	464	462
466	464	465
467	466	465
467	468	466
469	468	467
469	470	468
471	470	469
471	472	470
472	471	473
472	473	474
474	473	475
481	480	479
482	480	481
481	483	482
482	483	484	485	484	483
485	486	484	537	560	536	542	549	550	542	548	549
485	487	486
487	488	486
488	489	486
490	489	488
490	491	489
490	492	491
494	493	492
496	495	494
497	495	496
497	496	498	499	497	498
500	499	498
499	500	501
500	502	501
488	439	490
488	438	439
487	438	488
434	485	483
436	485	434
438	485	436
487	485	438
432	483	481
430	481	479
432	481	430
426	477	475	428	477	426
424	475	473
426	475	424
469	422	471	420	422	469
467	420	469
418	420	467
424	471	422
473	471	424
477	430	479
428	430	477	452	501	454
467	416	418
465	416	467
465	413	416	462	413	465
410	457	456
409	457	410
413	457	409
462	457	413
455	456	460	410	456	455
453	460	502
455	460	453	431	429	480
500	449	451
498	449	500
496	447	498
494	443	445
492	443	494
447	494	445
496	494	447
490	443	492
453	502	451
444	491	493	442	491	444
446	493	495
444	493	446
499	448	497
495	448	446
452	450	501
454	501	503
503	412	454
415	414	464
466	415	464
417	415	466
459	408	412
458	408	459
458	411	408
419	466	468
417	466	419
419	468	421
425	423	474
476	425	474
427	425	476
429	476	478
427	476	429
480	429	478
482	431	480
433	431	482
489	437	486
440	437	489
491	440	489	442	440	491
433	484	435
482	484	433
435	486	437
506	533	505
506	532	533
507	532	506	520	524	525
507	531	532	520	525	519
508	531	507
508	530	531
509	530	508
510	530	509
510	529	530
511	529	510
512	529	511
515	527	514
516	527	515
516	526	527
517	526	516
518	526	517
518	525	526
519	525	518
521	524	520
521	523	524
534	562	563	545	546	544
535	562	534	544	546	547
535	561	562	544	547	543
536	561	535	543	547	548
536	560	561	543	548	542
537	559	560	537	558	559	542	550	541
538	558	537	541	551	552	541	550	551
538	557	558	538	556	557	541	552	540
539	556	538
540	554	539
554	564	565
566	553	552
566	564	553
552	567	566
551	550	568
550	569	568
551	568	567
570	549	548
549	569	550
570	571	549
515	572	573
514	572	515
575	574	513
514	513	574
515	573	516
519	576	577
518	576	519
578	517	516
579	517	578
580	518	579
517	579	518
519	577	581
582	570	548
583	582	548
547	583	548
547	584	585
553	564	554
547	586	583
547	585	586
571	569	549
546	584	547
573	578	516
541	525	542
526	525	541
540	526	541
527	526	540
544	522	545	523	522	544
523	543	524
544	543	523
542	524	543	525	524	542
545	521	546	522	521	545
539	527	540
528	527	539
574	572	514
551	567	552
520	587	584
520	588	587
581	588	520
521	520	584
519	581	520
584	546	521
580	576	518
530	536	531
537	536	530
531	535	532	536	535	531
539	529	528
538	529	539
529	537	530
538	537	529
534	532	535
533	532	534
563	505	504	562	505	563
562	561	589
510	590	511
561	591	592
561	593	591
595	594	559
593	561	560
533	563	504	534	563	533
561	592	589
512	596	513
598	597	508
506	599	600
506	589	599
507	506	601
589	506	505
600	601	506
603	602	557
505	562	589
605	604	555
606	559	558
602	606	558
595	559	606
560	594	607
559	594	560
593	560	607
554	605	555
565	605	554
602	558	557
555	604	556
604	603	556
556	603	557
608	598	508
507	609	608
608	508	507
509	508	597
610	509	597
601	609	507
511	590	611
610	510	509
511	611	512
596	512	611
596	575	513
590	510	610
632	630	631
633	630	632
633	629	630
634	629	633
634	628	629
635	628	634
635	627	628
612	627	635
612	626	627
613	626	612	614	624	625
613	625	626	614	625	613
615	624	614
615	623	624
616	623	615
616	622	623
617	622	616
617	621	622
618	621	617
618	620	621
619	620	618
574	625	624
625	574	575
574	624	572
621	576	622
624	623	573
572	624	573
623	622	579
581	621	620
623	578	573
580	579	622
576	580	622
578	623	579
581	577	621
588	620	587
620	588	581
577	576	621
584	587	619
619	587	620
618	617	583
619	618	585
616	570	617
564	614	613
567	615	614
565	564	613
569	616	615
614	564	566
582	583	617
585	618	586
586	618	583
582	617	570
614	566	567
571	570	616
615	568	569
615	567	568
571	616	569
584	619	585
605	613	612
613	605	565
604	605	612
593	633	632
634	606	635
633	594	634
603	612	635
631	592	632
612	603	604
635	606	602
595	606	634
602	603	635
607	594	633
593	632	591
633	593	607
594	595	634
632	592	591
592	631	589
629	628	608
630	629	601
627	597	628
596	626	625
626	596	611
625	575	596
590	627	626
611	590	626
601	600	630
631	599	589
599	630	600
601	629	609
627	590	610
608	609	629
598	608	628
597	598	628
597	627	610
630	599	631

#	Normal	848
-0	-0	1
-0	-0	9.41808e-005
-0	0	6.66178e-005
-0	-0	4.18827e-005
-0	0	2.16759e-005
-0	-0	7.37708e-006
-0	-0	-1
-0	0	-9.42297e-005
-0	-0	-6.65689e-005
-0	0	-4.18787e-005
-0	-0	-2.168e-005
-0	0	-7.37708e-006
-0.0787998	0.972019	-0.221291
-0.0787853	0.972027	-0.221261
-0.0805804	0.993983	-0.0741931
-0.0805649	0.993982	-0.074224
-0.0805804	0.993983	0.0741931
-0.0805649	0.993982	0.074224
-0.0787998	0.972019	0.221291
-0.0787853	0.972027	0.221261
0.998763	-0.0497188	-0
0.951777	-0.306789	-0
0.670416	-0.741985	-0
0.84006	-0.542493	-0
0.455961	-0.89	-0
0.210029	-0.977695	-0
-0.307003	-0.951709	-0
-0.54216	-0.840275	-0
-0.89	-0.455961	-0
-0.741657	-0.670779	0
-0.977909	-0.20903	-0
-0.0496463	-0.998767	-0
-0.996725	-0.0808705	-0.000216352
-0.996734	-0.0807575	-0
-0.996702	-0.0811442	0.000243048
-0.996742	-0.0806498	-0.000206146
-0.996725	-0.0808705	0.000216352
0.99674	0.0806792	-0
0.996704	0.0811226	-0.000234777
0.996759	0.0804396	0.000194608
0.996727	0.0808354	-0.000165051
0.99674	0.0806792	0.000133843
0.996734	0.0807492	0
0.996703	0.0811347	0.000242339
0.996743	0.0806418	-0.000205548
0.99674	0.0806792	-0.000133843
-0.99674	-0.0806867	0
-0.996707	-0.0810827	-0.00020967
-0.996757	-0.0804676	0.00017697
-0.996728	-0.0808275	-0.000150025
-0.99674	-0.0806867	0.0001196
0.0788037	-0.972067	0.221079
0.0787079	-0.972033	0.221261
0.080579	-0.993967	0.074415
0.0804705	-0.993992	0.0741931
0.080579	-0.993967	-0.074415
0.0804705	-0.993992	-0.0741931
0.0788037	-0.972067	-0.221079
0.0787079	-0.972033	-0.221261
-0.998765	0.0496825	-0
-0.951709	0.307003	-0
-0.671143	0.741328	-0
-0.84006	0.542493	-0
-0.455961	0.89	-0
-0.210427	0.97761	-0
0.305915	0.952059	0
0.543342	0.839511	0
0.89	0.455961	0
0.741657	0.670779	-0
0.977577	0.210578	0
0.0504481	0.998727	0
0.996732	0.0807846	4.77627e-005
0.996736	0.0807237	-0.000314558
0.996737	0.0807229	8.35318e-005
0.996749	0.0805754	-0.000165749
0.996743	0.0806376	-2.93198e-005
0.996742	0.0806539	-5.77116e-005
0.996747	0.0805911	-5.17235e-005
0.996748	0.0805785	-4.55598e-006
0.996724	0.0808825	-0.000118116
0.996724	0.0808825	-3.56036e-005
0.996745	0.0806181	0.00015304
0.996747	0.0805988	8.06169e-005
0.996743	0.080639	3.18052e-005
0.996743	0.0806376	2.93198e-005
0.996749	0.0805754	0.000165749
0.996736	0.0807237	0.000314558
0.996732	0.0807846	-4.77627e-005
0.996737	0.0807229	-8.35318e-005
0.996737	0.0807214	-9.98915e-005
0.996736	0.0807249	-9.89294e-005
0.996733	0.0807617	-0
0.996737	0.0807209	0
0.996732	0.0807804	8.40173e-005
0.996719	0.0809411	4.08401e-005
0.996724	0.0808816	-8.43674e-006
0.996735	0.0807442	7.12048e-005
0.996728	0.0808342	0.000112486
0.996728	0.0808288	0.000117881
0.996748	0.0805774	7.53098e-005
0.996736	0.0807345	-0.000197799
0.996717	0.080964	8.07531e-005
0.996717	0.0809631	8.42002e-005
0.996724	0.0808825	2.66605e-005
0.996724	0.0808825	-7.35475e-005
0.996716	0.0809752	-3.89019e-005
0.996713	0.0810081	8.4127e-005
0.996743	0.0806495	4.99886e-005
0.996748	0.0805774	-7.53098e-005
0.996728	0.0808288	-0.000117881
0.996728	0.0808342	-0.000112486
0.996735	0.0807442	-7.12048e-005
0.996724	0.0808816	8.43674e-006
0.996719	0.0809411	-4.08401e-005
0.996732	0.0807804	-8.40173e-005
0.996736	0.0807249	9.89294e-005
0.996737	0.0807214	9.98915e-005
-0.996731	-0.0807874	-6.39792e-005
-0.996736	-0.0807288	-9.78828e-005
-0.996733	-0.0807671	0.000306122
-0.99673	-0.080798	-0.000126982
-0.996725	-0.0808719	-5.28225e-005
-0.996735	-0.0807474	0.000220213
-0.996751	-0.0805396	-0.000140897
-0.996717	-0.0809586	-0.000101004
-0.996712	-0.0810297	0.000165349
-0.996753	-0.0805187	-2.54997e-005
-0.996753	-0.0805187	-0.000232867
-0.996717	-0.0809631	8.42002e-005
-0.996722	-0.0809072	0.000293649
-0.996743	-0.080639	-3.18052e-005
-0.996735	-0.0807474	-0.000220213
-0.996725	-0.0808719	5.28225e-005
-0.99673	-0.080798	0.000126982
-0.996731	-0.0807874	6.39792e-005
-0.996736	-0.0807288	9.78828e-005
-0.996733	-0.0807671	-0.000306122
-0.996723	-0.0808872	-0.000338423
-0.996733	-0.0807617	-0
-0.996737	-0.080712	0
-0.996751	-0.0805385	0.000244696
-0.996748	-0.0805825	0.000256524
-0.996723	-0.0808943	-2.05448e-006
-0.996734	-0.0807536	-8.3532e-005
-0.996728	-0.0808287	-0.000117981
-0.996715	-0.0809841	3.79711e-005
-0.996739	-0.080689	8.79457e-005
-0.996743	-0.0806494	1.91516e-005
-0.996723	-0.0808951	-0.000279052
-0.996718	-0.0809497	-7.46488e-005
-0.996753	-0.0805187	0.000232867
-0.996753	-0.0805187	1.7758e-005
-0.996713	-0.0810143	-0.000167384
-0.996719	-0.0809423	0.000102561
-0.99675	-0.0805583	0.000139116
-0.996739	-0.080689	-8.79457e-005
-0.996715	-0.0809841	-3.79711e-005
-0.996728	-0.0808287	0.000117981
-0.996734	-0.0807536	8.3532e-005
-0.996723	-0.0808943	2.05448e-006
-0.996748	-0.0805825	-0.000256524
-0.996751	-0.0805385	-0.000244696
-0.996723	-0.0808872	0.000338423
0.0800352	-0.988207	-0.130539
0.0800973	-0.988215	-0.130446
0.0746388	-0.92087	-0.382659
0.0745888	-0.920846	-0.382727
0.0491412	-0.606754	-0.793369
0.0491824	-0.606797	-0.793334
0.0640914	-0.79074	-0.608788
0.0640536	-0.790781	-0.608738
0.0309163	-0.381436	-0.923878
0.03089	-0.381404	-0.923892
0.0105388	-0.130108	-0.991444
0.0105463	-0.130117	-0.991442
-0.0309163	0.381436	-0.923878
-0.0308943	0.381409	-0.92389
-0.0491824	0.606797	-0.793334
-0.0491412	0.606754	-0.793369
-0.0746392	0.920875	-0.382646
-0.0800963	0.988202	-0.130539
-0.080106	0.9882	-0.130554
-0.0640457	0.790782	-0.608738
-0.0640908	0.790732	-0.608798
-0.0105386	0.130106	-0.991444
-0.080106	0.9882	0.130554
-0.0800963	0.988202	0.130539
-0.0746392	0.920875	0.382646
-0.0491787	0.606751	0.793369
-0.0491449	0.6068	0.793334
-0.064042	0.790736	0.608798
-0.0640945	0.790778	0.608738
-0.0308966	0.381437	0.923878
-0.0309141	0.381408	0.92389
-0.0105386	0.130106	0.991444
0.0491412	-0.606754	0.793369
0.0491824	-0.606797	0.793334
0.0308928	-0.381438	0.923878
0.0309136	-0.381402	0.923892
0.0745888	-0.920846	0.382727
0.0746388	-0.92087	0.382659
0.0640505	-0.790743	0.608788
0.0640945	-0.790778	0.608738
0.0800963	-0.988202	0.130539
0.0800362	-0.98822	0.130446
0.0105388	-0.130108	0.991444
0.0105463	-0.130117	0.991442
-0.0800349	0.988204	-0.130565
-0.0801072	0.988215	-0.13044
-0.0746494	0.920886	-0.382619
-0.0745796	0.920846	-0.382727
-0.0491784	0.606747	-0.793372
-0.0641016	0.790767	-0.608752
-0.064093	0.790759	-0.608763
-0.0309168	0.381442	-0.923876
-0.0309201	0.381435	-0.923878
-0.0105383	0.130102	-0.991445
-0.0105475	0.130115	-0.991443
0.0105383	-0.130102	-0.991445
0.0105368	-0.1301	-0.991445
0.074637	-0.920848	-0.382712
0.0745919	-0.920884	-0.382634
0.064093	-0.790759	-0.608763
0.0641016	-0.790767	-0.608752
0.0800448	-0.988203	-0.130565
0.0800351	-0.988206	-0.130547
0.0308932	-0.381444	-0.923876
0.0491402	-0.606742	-0.793379
0.0491887	-0.606799	-0.793332
0.0800448	-0.988203	0.130565
0.0800351	-0.988206	0.130547
0.074637	-0.920848	0.382712
0.0745919	-0.920884	0.382634
0.0491887	-0.606799	0.793332
0.0491402	-0.606742	0.793379
0.0640937	-0.790768	0.608752
0.0641009	-0.790758	0.608763
0.0308932	-0.381444	0.923876
0.0105381	-0.1301	0.991445
0.010537	-0.130102	0.991445
-0.0105464	0.130101	0.991445
-0.0105395	0.130116	0.991443
-0.0309168	0.381442	0.923876
-0.0309201	0.381435	0.923878
-0.0801072	0.988215	0.13044
-0.0800349	0.988204	0.130565
-0.0491784	0.606747	0.793372
-0.0641016	0.790767	0.608752
-0.064093	0.790759	0.608763
-0.0746457	0.920841	0.382727
-0.0745832	0.920891	0.382619
-0	0	3.86371e-005
-0	-0	-3.85242e-005
-0.969201	-0.0786381	-0.233376
-0.969284	-0.0784778	-0.233086
-0.993656	-0.0806222	-0.0784123
-0.993656	-0.0806222	0.0784123
-0.969201	-0.0786381	0.233376
-0.969284	-0.0784778	0.233086
0.0499376	0.998752	0
0.306734	0.951795	0
0.741723	0.670707	0
0.542351	0.840152	-0
0.89031	0.455355	0
0.97759	0.210517	-0
0.951857	-0.306541	-0
0.839658	-0.543115	-0
0.456143	-0.889907	-0
0.670707	-0.741723	-0
0.210517	-0.97759	-0
0.998751	-0.0499704	-0
0.0807167	-0.996737	6.98854e-005
0.080756	-0.996734	-0
0.0808043	-0.99673	2.81898e-005
0.0807428	-0.996735	-2.33399e-005
0.0807167	-0.996737	-6.98854e-005
-0.0807293	0.996736	-0
-0.0809129	0.996721	-9.15363e-005
-0.0808043	0.99673	-2.81898e-005
-0.0807428	0.996735	2.33399e-005
-0.0807293	0.996736	4.73852e-005
-0.0807167	0.996737	6.98854e-005
-0.080756	0.996734	-0
-0.0808043	0.99673	2.81898e-005
-0.0807428	0.996735	-2.33399e-005
-0.0807167	0.996737	-6.98854e-005
0.0807293	-0.996736	-0
0.0809129	-0.996721	-9.15363e-005
0.0808043	-0.99673	-2.81898e-005
0.0807428	-0.996735	2.33399e-005
0.0807293	-0.996736	4.73852e-005
0.969271	0.0786437	0.233086
0.969215	0.0784722	0.233376
0.993656	0.0806222	0.0784123
0.993656	0.0806222	-0.0784123
0.969271	0.0786437	-0.233086
0.969215	0.0784722	-0.233376
-0.0499376	-0.998752	-0
-0.306734	-0.951795	-0
-0.741427	-0.671034	-0
-0.542815	-0.839852	0
-0.89031	-0.455355	-0
-0.977619	-0.210382	0
-0.951857	0.306541	-0
-0.839658	0.543115	-0
-0.456143	0.889907	-0
-0.670707	0.741723	-0
-0.210517	0.97759	-0
-0.998749	0.0500032	-0
-0.0807502	0.996734	3.0254e-006
-0.0807495	0.996734	-8.39772e-007
-0.0807327	0.996736	1.31652e-005
-0.0807686	0.996733	-2.00005e-005
-0.080788	0.996731	2.24628e-005
-0.0807788	0.996732	3.8481e-005
-0.0807467	0.996735	4.15391e-005
-0.0807558	0.996734	7.13687e-006
-0.0808893	0.996723	-4.27059e-005
-0.0808893	0.996723	-2.47656e-005
-0.0807732	0.996733	5.80434e-005
-0.0807506	0.996734	-2.67793e-005
-0.0807711	0.996733	-5.17162e-005
-0.080788	0.996731	-2.24628e-005
-0.0807686	0.996733	2.00005e-005
-0.0807495	0.996734	8.39772e-007
-0.0807502	0.996734	-3.0254e-006
-0.0807327	0.996736	-1.31652e-005
-0.080822	0.996729	1.06162e-005
-0.080818	0.996729	-0
-0.0807308	0.996736	-0
-0.080739	0.996735	1.16827e-005
-0.080819	0.996729	-3.68277e-005
-0.0807959	0.996731	-4.74054e-005
-0.0807637	0.996733	-1.50552e-005
-0.0806101	0.996746	-4.10387e-005
-0.0806384	0.996743	-9.01577e-005
-0.0807467	0.996735	4.13215e-005
-0.0807554	0.996734	7.07826e-006
-0.0807554	0.996734	-7.30259e-006
-0.0807558	0.996734	-7.13687e-006
-0.0807675	0.996733	3.65064e-005
-0.0805983	0.996747	2.03875e-005
-0.0806101	0.996746	4.10387e-005
-0.0807637	0.996733	1.50552e-005
-0.0807959	0.996731	4.74054e-005
-0.080819	0.996729	3.68277e-005
-0.080739	0.996735	-1.16827e-005
-0.080822	0.996729	-1.06162e-005
0.0808086	-0.99673	3.08233e-005
0.0807327	-0.996736	-1.31652e-005
0.0808044	-0.99673	5.58971e-005
0.0807117	-0.996737	-3.71327e-005
0.0806469	-0.996743	0.00010495
0.0805983	-0.996747	2.03875e-005
0.0807675	-0.996733	3.65064e-005
0.0807558	-0.996734	-7.13687e-006
0.0807554	-0.996734	-7.30259e-006
0.0807554	-0.996734	7.07826e-006
0.0807558	-0.996734	7.35353e-006
0.0807467	-0.996735	4.13215e-005
0.0806384	-0.996743	-9.01577e-005
0.0806469	-0.996743	-0.00010495
0.0807117	-0.996737	3.71327e-005
0.0808044	-0.99673	-5.58971e-005
0.0808086	-0.99673	-3.08233e-005
0.0807327	-0.996736	1.31652e-005
0.0807375	-0.996735	-0
0.0808234	-0.996728	-0
0.0808168	-0.996729	9.23137e-006
0.0807518	-0.996734	-2.09965e-006
0.0807482	-0.996735	-4.69416e-007
0.0807531	-0.996734	4.40801e-006
0.080799	-0.99673	-3.36422e-006
0.0807711	-0.996733	-5.17162e-005
0.0806459	-0.996743	0.000100306
0.0806393	-0.996743	7.57476e-005
0.0807295	-0.996736	1.13935e-005
0.0807295	-0.996736	-6.38251e-005
0.0806258	-0.996744	-2.50786e-005
0.0806218	-0.996745	-1.03293e-005
0.0808176	-0.996729	-2.89404e-005
0.080799	-0.99673	3.36422e-006
0.0807531	-0.996734	-4.40801e-006
0.0807518	-0.996734	2.09965e-006
0.0808168	-0.996729	-9.23137e-006
0.988211	0.0801147	-0.130464
0.988199	0.0799986	-0.130628
0.920867	0.0745479	-0.382683
0.920869	0.0745522	-0.382678
0.606811	0.0491945	-0.793322
0.606737	0.0491178	-0.793384
0.790766	0.0640156	-0.608762
0.790762	0.064019	-0.608766
0.381434	0.030923	-0.923879
0.1301	0.0105467	-0.991445
0.130101	0.0105474	-0.991445
-0.381434	-0.030923	-0.923879
-0.606737	-0.0491178	-0.793384
-0.606811	-0.0491945	-0.793322
-0.920867	-0.074552	-0.382683
-0.920869	-0.074548	-0.382678
-0.98822	-0.0800004	-0.130464
-0.988189	-0.080113	-0.130628
-0.790762	-0.064019	-0.608766
-0.790766	-0.0640156	-0.608762
-0.130101	-0.0105468	-0.991445
-0.1301	-0.0105473	-0.991445
-0.988189	-0.080113	0.130628
-0.98822	-0.0800004	0.130464
-0.920869	-0.074548	0.382678
-0.920867	-0.074552	0.382683
-0.606731	-0.049188	0.793384
-0.606817	-0.0491243	0.793322
-0.790763	-0.0640154	0.608766
-0.790766	-0.0640192	0.608762
-0.381434	-0.030923	0.923879
-0.130101	-0.0105468	0.991445
-0.1301	-0.0105473	0.991445
0.381434	0.030923	0.923879
0.606731	0.049188	0.793384
0.606817	0.0491243	0.793322
0.920867	0.074552	0.382683
0.920869	0.074548	0.382678
0.790766	0.0640192	0.608762
0.790763	0.0640154	0.608766
0.988199	0.0799986	0.130628
0.988211	0.0801147	0.130464
0.1301	0.0105473	0.991445
0.130101	0.0105468	0.991445
-0.988222	-0.0801157	-0.130377
-0.988207	-0.0800038	-0.130558
-0.920825	-0.0746475	-0.382765
-0.920827	-0.0746519	-0.382759
-0.606858	-0.0491276	-0.793291
-0.60676	-0.0491903	-0.793362
-0.790805	-0.0641073	-0.608702
-0.790723	-0.0640122	-0.608818
-0.381413	-0.0309214	-0.923887
0.920827	0.0746478	-0.382759
0.920901	0.0745506	-0.382602
0.790805	0.0641073	-0.608702
0.790723	0.0640122	-0.608818
0.988208	0.0799994	-0.130558
0.381413	0.0309214	-0.923887
0.606852	0.0491978	-0.793291
0.606766	0.0491201	-0.793362
0.988208	0.0799994	0.130558
0.920827	0.0746478	0.382759
0.920901	0.0745506	0.382602
0.606766	0.0491201	0.793362
0.606852	0.0491978	0.793291
0.790716	0.0641001	0.608818
0.790812	0.0640194	0.608702
0.381413	0.0309214	0.923887
0.130099	0.0105472	0.991445
-0.381413	-0.0309214	0.923887
-0.920825	-0.0746475	0.382765
-0.920827	-0.0746519	0.382759
-0.988222	-0.0801157	0.130377
-0.988207	-0.0800038	0.130558
-0.606766	-0.0491201	0.793362
-0.606852	-0.0491978	0.793291
-0.790805	-0.0641073	0.608702
-0.790723	-0.0640122	0.608818
-0	-0	-3.84951e-005
-0.969215	-0.0784722	-0.233376
-0.993669	-0.0804521	-0.0784123
-0.993669	-0.0804521	0.0784123
-0.969215	-0.0784722	0.233376
0.0500032	0.998749	0
0.741427	0.671034	0
0.542815	0.839852	-0
0.889776	0.456397	0
0.977889	0.209125	-0
0.455609	-0.89018	-0
0.671361	-0.74113	-0
0.998749	-0.0500032	-0
-0.0807167	0.996737	-0
-0.0809877	0.996715	-0.000135147
-0.0807293	0.996736	-4.73852e-005
0.0807167	-0.996737	-0
0.0809877	-0.996715	-0.000135147
0.993669	0.0804521	0.0784123
0.993669	0.0804521	-0.0784123
-0	-0	3.84951e-005
-0.0500032	-0.998749	-0
-0.30635	-0.951919	-0
-0.741723	-0.670707	-0
-0.542951	-0.839764	0
-0.889776	-0.456397	-0
-0.97759	-0.210517	0
-0.951473	0.307733	-0
-0.840258	0.542187	-0
-0.210247	0.977648	-0
-0.998751	0.0499704	-0
-0.0807389	0.996735	9.57041e-006
-0.0807457	0.996735	5.63884e-006
-0.0808251	0.996728	-4.199e-005
-0.0807675	0.996733	-3.65064e-005
-0.0807746	0.996732	6.29747e-005
-0.0808114	0.996729	1.82558e-005
-0.0807389	0.996735	-9.80604e-006
-0.0807457	0.996735	-5.63884e-006
-0.0807426	0.996735	-3.76083e-005
-0.0808109	0.996729	-1.92805e-005
-0.0807551	0.996734	3.42726e-005
-0.0807572	0.996734	3.36863e-005
-0.0806876	0.996739	6.12926e-005
-0.0807587	0.996734	7.3335e-005
-0.0808114	0.996729	-1.82558e-005
-0.0807746	0.996732	-6.29747e-005
-0.0808251	0.996728	4.199e-005
-0.0807587	0.996734	-7.3335e-005
-0.0806876	0.996739	-6.12926e-005
-0.0807572	0.996734	-3.36863e-005
-0.0807551	0.996734	-3.42726e-005
-0.0808109	0.996729	1.92805e-005
-0.0807426	0.996735	3.76083e-005
0.0808199	-0.996729	3.73739e-005
0.0808203	-0.996729	3.50926e-005
0.0807324	-0.996736	-5.3079e-005
0.0806676	-0.996741	8.90207e-005
0.0806223	-0.996745	1.03767e-005
0.0807916	-0.996731	2.6475e-005
0.0807856	-0.996731	3.98972e-006
0.0807295	-0.996736	-1.69731e-005
0.0807295	-0.996736	-1.13935e-005
0.0807783	-0.996732	2.34231e-005
0.0807708	-0.996733	5.13523e-005
0.0806625	-0.996741	-8.01439e-005
0.0806676	-0.996741	-8.90207e-005
0.0807324	-0.996736	5.3079e-005
0.0808203	-0.996729	-3.50926e-005
0.0808199	-0.996729	-3.73739e-005
0.080718	-0.996737	0.000148642
0.0806711	-0.996741	0.000136025
0.0808023	-0.99673	2.71736e-005
0.0807388	-0.996735	-9.62683e-006
0.0807637	-0.996733	1.50552e-005
0.0807782	-0.996732	1.2593e-005
0.080747	-0.996735	-4.16891e-005
0.0807467	-0.996735	-4.13215e-005
0.0807766	-0.996732	7.06928e-005
0.0809152	-0.996721	-2.81927e-005
0.0809152	-0.996721	-5.23954e-005
0.0807467	-0.996735	4.15391e-005
0.0807782	-0.996732	-1.2593e-005
0.0807637	-0.996733	-1.50552e-005
0.080739	-0.996735	9.72624e-006
0.0808023	-0.99673	-2.71736e-005
0.0806711	-0.996741	-0.000136025
0.080718	-0.996737	-0.000148642
0.98821	0.0801102	-0.13047
0.920859	0.0746503	-0.382683
0.920861	0.0746546	-0.382678
0.606734	0.0491882	-0.793381
0.606731	0.0491853	-0.793384
0.790759	0.0641036	-0.608762
0.790755	0.0641069	-0.608766
0.381432	0.0309211	-0.92388
0.130102	0.0105323	-0.991445
0.130122	0.0105485	-0.991442
-0.381437	-0.0308806	-0.923879
-0.606808	-0.0491915	-0.793324
-0.60674	-0.0491207	-0.793381
-0.920858	-0.0746544	-0.382683
-0.98819	-0.0801131	-0.130621
-0.98822	-0.0800048	-0.130464
-0.790755	-0.0641069	-0.608766
-0.790759	-0.0641036	-0.608762
-0.130102	-0.0105323	-0.991445
-0.130102	-0.0105328	-0.991445
-0.98822	-0.0800048	0.130464
-0.98819	-0.0801131	0.130621
-0.920858	-0.0746544	0.382683
-0.606814	-0.0491267	0.793324
-0.606734	-0.0491855	0.793381
-0.790756	-0.0641034	0.608766
-0.790758	-0.0641072	0.608762
-0.381437	-0.0308806	0.923879
-0.130102	-0.0105323	0.991445
-0.130102	-0.0105328	0.991445
0.381434	0.0309213	0.923879
0.381431	0.0309228	0.92388
0.606734	0.0491855	0.793381
0.920858	0.0746544	0.382683
0.920861	0.0746505	0.382678
0.790758	0.0641072	0.608762
0.790756	0.0641034	0.608766
0.98821	0.0801102	0.13047
0.130123	0.010534	0.991442
-0.988199	-0.0801093	-0.130558
-0.920835	-0.0745495	-0.382759
-0.92089	-0.0746528	-0.382608
-0.606764	-0.0491879	-0.793359
-0.790726	-0.064016	-0.608813
-0.381482	-0.0308842	-0.92386
-0.130101	-0.0105322	-0.991445
0.130077	0.0105302	-0.991448
0.920898	0.0745545	-0.382608
0.988231	0.0800057	-0.130377
0.988199	0.0801137	-0.130558
0.381478	0.0309266	-0.92386
0.381417	0.0308789	-0.923887
0.606769	0.0491231	-0.793359
0.988231	0.0800057	0.130377
0.988199	0.0801137	0.130558
0.920898	0.0745545	0.382608
0.606769	0.0491231	0.793359
0.381417	0.0308789	0.923887
0.381478	0.0309266	0.92386
0.130102	0.0105322	0.991445
0.130076	0.0105453	0.991448
-0.130101	-0.0105322	0.991445
-0.381417	-0.0308789	0.923887
-0.381478	-0.0309266	0.92386
-0.920835	-0.0745495	0.382759
-0.92089	-0.0746528	0.382608
-0.988199	-0.0801093	0.130558
-0.60676	-0.0491876	0.793362
-0.606763	-0.0491906	0.793359
-0.790726	-0.064016	0.608813
-0.0807308	0.996736	0.000232173
-0.0807809	0.996732	-0.000149786
-0.0807809	0.996732	-6.46847e-005
-0.0807664	0.996733	4.57384e-005
-0.0807664	0.996733	1.29749e-005
-0.0807669	0.996733	6.20376e-006
-0.080765	0.996733	-2.35892e-005
-0.080765	0.996733	-1.6605e-005
-0.0807618	0.996733	3.14186e-005
-0.0807568	0.996734	-4.55348e-005
-0.0807568	0.996734	-7.26973e-006
-0.0807568	0.996734	7.26973e-006
-0.0807568	0.996734	4.55348e-005
-0.0807618	0.996733	-3.14186e-005
-0.080765	0.996733	1.6605e-005
-0.080765	0.996733	2.35892e-005
-0.0807669	0.996733	-6.20376e-006
-0.0807664	0.996733	-1.29749e-005
-0.0807809	0.996732	-0.000110766
-0.0807308	0.996736	0.000271168
0.0807308	-0.996736	-1.04007e-013
0.0807308	-0.996736	0.000232173
0.080777	-0.996732	-0.000120177
0.080777	-0.996732	-5.96047e-005
0.0807636	-0.996733	4.21469e-005
0.0807672	-0.996733	-1.23207e-005
0.0807672	-0.996733	-4.9856e-005
0.0807548	-0.996734	4.4698e-005
0.0807548	-0.996734	8.05201e-006
0.080755	-0.996734	-8.03418e-006
0.995003	0.0806694	-0.0588353
0.988552	0.0756323	-0.130556
0.981802	0.0684834	-0.177132
0.955393	0.0790236	-0.284568
0.921469	0.0663544	-0.382742
0.873851	0.0719954	-0.480834
0.917563	0.065299	-0.392191
0.791208	0.0590082	-0.608694
0.791112	0.0602422	-0.608698
0.76337	0.0532154	-0.643766
0.955539	0.0758464	-0.284943
0.987828	0.0845664	-0.130556
0.995016	0.0806018	-0.0586987
0.987166	0.0919802	-0.13055
0.920008	0.0842124	-0.382745
0.711685	0.0569487	-0.700187
0.790385	0.0691622	-0.608694
0.920262	0.0828653	-0.382427
0.874065	0.0695969	-0.480798
0.817804	0.0755722	-0.570513
0.790315	0.0678743	-0.60893
0.654746	0.0545114	-0.75388
0.711837	0.0583939	-0.699913
0.654829	0.0515828	-0.754014
0.607294	0.04247	-0.793341
0.537668	0.0428752	-0.842066
0.989094	0.0681933	-0.130551
0.598868	0.0431629	-0.799684
0.561488	0.0436196	-0.826334
0.819386	0.0570799	-0.570394
0.381056	0.0352459	-0.92388
0.916187	0.0832836	-0.392001
-0.790808	-0.064067	-0.608702
-0.790718	-0.0640721	-0.608818
-0.92083	-0.0746151	-0.382759
-0.920896	-0.074606	-0.382602
-0.130101	-0.0105421	-0.991445
-0.381477	-0.0309052	-0.923861
-0.381412	-0.0309059	-0.923888
-0.606766	-0.0491569	-0.793359
0.130101	0.0105421	-0.991445
-0.988227	-0.0800608	-0.130377
-0.988202	-0.0800742	-0.130558
0.980034	0.0905192	-0.177028
0.921565	0.0649916	-0.382746
0.538167	0.044321	-0.841672
0.561217	0.0473456	-0.826314
0.597899	0.0537899	-0.799765
0.38176	0.0265648	-0.92388
0.60621	0.0558567	-0.793341
0.401637	0.0325447	-0.915221
0.762136	0.0703907	-0.643579
-0.790719	-0.0640598	0.608818
-0.790807	-0.0640793	0.608702
-0.606766	-0.0491569	0.793359
-0.988202	-0.0800742	0.130558
-0.988227	-0.0800608	0.130377
-0.920895	-0.0746203	0.382602
-0.920831	-0.0746007	0.382759
-0.381412	-0.0309	0.923888
-0.381477	-0.0309112	0.923861
0.130101	0.0105421	0.991445
0.381056	0.0352459	0.92388
0.920008	0.0842124	0.382745
0.561488	0.0436196	0.826334
0.598868	0.0431629	0.799684
0.76337	0.0532154	0.643766
0.607294	0.04247	0.793341
-0.130101	-0.0105421	0.991445
0.537668	0.0428752	0.842066
0.987166	0.0919802	0.13055
0.817804	0.0755722	0.570513
0.561217	0.0473456	0.826314
0.538167	0.044321	0.841672
0.60621	0.0558567	0.793341
0.38176	0.0265648	0.92388
0.597899	0.0537899	0.799765
0.917563	0.065299	0.392191
0.401637	0.0325447	0.915221
0.981802	0.0684834	0.177132
0.791112	0.0602422	0.608698
0.873851	0.0719954	0.480834
0.819386	0.0570799	0.570394
0.711837	0.0583939	0.699913
0.791208	0.0590082	0.608694
0.654829	0.0515828	0.754014
0.989094	0.0681933	0.130551
0.995003	0.0806694	0.0588353
0.921469	0.0663544	0.382742
0.988552	0.0756323	0.130556
0.955393	0.0790236	0.284568
0.921565	0.0649916	0.382746
0.762136	0.0703907	0.643579
0.711685	0.0569487	0.700187
0.790385	0.0691622	0.608694
0.790315	0.0678743	0.60893
0.874065	0.0695969	0.480798
0.654746	0.0545114	0.75388
0.955539	0.0758464	0.284943
0.920262	0.0828653	0.382427
0.987828	0.0845664	0.130556
0.980034	0.0905192	0.177028
0.995016	0.0806018	0.0586987
0.916187	0.0832836	0.392001
0.996728	0.0808262	0.000870998
0.996728	0.0808263	-0.000356996
0.996734	0.0807575	0.000167233
0.996734	0.0807575	-7.40311e-005
0.996735	0.0807393	6.47591e-005
0.996735	0.0807393	-4.89701e-005
0.996734	0.0807604	-0.000210194
0.996734	0.0807604	3.86987e-006
0.996733	0.0807626	-1.25568e-005
0.996733	0.0807626	-1.97662e-005
0.996734	0.0807575	1.90926e-005
0.996733	0.0807626	-2.97397e-006
0.996734	0.0807604	1.34524e-005
0.996734	0.0807604	6.52566e-005
0.996735	0.0807393	0.00022648
0.996735	0.0807393	5.022e-005
0.996734	0.0807575	-8.85735e-005
0.996734	0.0807575	0.000190367
0.996728	0.0808263	-0.000333842
0.996728	0.0808262	-0.000870998
-0.0739395	0.988681	-0.130545
-0.0805658	0.994301	-0.0698182
-0.0796989	0.975021	-0.207323
-0.0441085	0.60715	-0.793362
-0.0688768	0.921332	-0.382627
-0.0750996	0.937768	-0.339046
-0.0586888	0.791186	-0.608753
-0.0262332	0.381817	-0.923866
-0.0724705	0.884803	-0.460296
-0.0603507	0.739659	-0.67027
-0.0522331	0.65085	-0.757408
-0.0652172	0.817735	-0.571888
-0.0363098	0.446691	-0.893951
-0.0169488	0.204399	-0.978741
-0.0263195	0.330284	-0.943515
-0.0447094	0.553373	-0.831733
-0.00562122	0.0694291	-0.997571
-0.00609876	0.13046	-0.991435
0.0355781	-0.381021	-0.923881
0.0149874	-0.129751	-0.991433
0.0542188	-0.606384	-0.793321
0.0861798	-0.98769	-0.130545
0.0803716	-0.920361	-0.382721
0.0805645	-0.994284	-0.0700579
0.0694562	-0.790322	-0.608743
0.0783116	-0.975155	-0.207218
0.0360774	-0.446752	-0.89393
0.016181	-0.204452	-0.978743
0.027198	-0.330186	-0.943524
0.0449561	-0.553337	-0.831744
0.0768592	-0.937663	-0.338941
0.053238	-0.650732	-0.757439
0.067292	-0.817519	-0.571957
0.0709271	-0.884812	-0.460518
0.0595341	-0.739808	-0.670179
0.0056079	-0.0692646	-0.997583
0.0861798	-0.98769	0.130545
0.0805645	-0.994284	0.0700579
0.0783116	-0.975155	0.207218
0.0355781	-0.381021	0.923881
0.0694562	-0.790322	0.608743
0.0542188	-0.606384	0.793321
0.0803716	-0.920361	0.382721
0.0149874	-0.129751	0.991433
0.0768592	-0.937663	0.338941
0.067292	-0.817519	0.571957
0.0595341	-0.739808	0.670179
0.0709271	-0.884812	0.460518
0.0449561	-0.553337	0.831744
0.027198	-0.330186	0.943524
0.0360774	-0.446752	0.89393
0.053238	-0.650732	0.757439
0.016181	-0.204452	0.978743
0.0056079	-0.0692646	0.997583
-0.0441085	0.60715	0.793362
-0.0262332	0.381817	0.923866
-0.0586888	0.791186	0.608753
-0.0739395	0.988681	0.130545
-0.0796989	0.975021	0.207323
-0.0805658	0.994301	0.0698182
-0.0688768	0.921332	0.382627
-0.0750996	0.937768	0.339046
-0.0263195	0.330284	0.943515
-0.00562122	0.0694291	0.997571
-0.0169488	0.204399	0.978741
-0.0363098	0.446691	0.893951
-0.0724705	0.884803	0.460296
-0.0447094	0.553373	0.831733
-0.0522331	0.65085	0.757408
-0.0603507	0.739659	0.67027
-0.0652172	0.817735	0.571888
-0.00609876	0.13046	0.991435

#	Mesh	0	End

