#	Mesh	0	Begin

#	Vertex	72
89.2964	-58.3751	-6.11918
89.3054	-58.3744	-6.11674
89.3139	-58.3737	-6.11277
89.3216	-58.3731	-6.10737
89.3283	-58.3725	-6.10071
89.3336	-58.3721	-6.093
89.3376	-58.3718	-6.08447
89.34	-58.3716	-6.07538
89.3409	-58.3715	-6.066
89.34	-58.3716	-6.05662
89.3376	-58.3718	-6.04753
89.3336	-58.3721	-6.039
89.3283	-58.3725	-6.03129
89.3216	-58.3731	-6.02463
89.3139	-58.3737	-6.01923
89.3054	-58.3744	-6.01526
89.2964	-58.3751	-6.01282
89.287	-58.3759	-6.012
89.2777	-58.3766	-6.01282
89.2686	-58.3774	-6.01526
89.2601	-58.3781	-6.01923
89.2524	-58.3787	-6.02463
89.2458	-58.3792	-6.03129
89.2404	-58.3796	-6.039
89.2365	-58.38	-6.04753
89.234	-58.3802	-6.05662
89.2332	-58.3802	-6.066
89.234	-58.3802	-6.07538
89.2365	-58.38	-6.08447
89.2404	-58.3796	-6.093
89.2458	-58.3792	-6.10071
89.2524	-58.3787	-6.10737
89.2601	-58.3781	-6.11277
89.2686	-58.3774	-6.11674
89.2777	-58.3766	-6.11918
89.287	-58.3759	-6.12
90.3071	-70.8489	-6.11918
90.3161	-70.8482	-6.11674
90.3246	-70.8475	-6.11277
90.3323	-70.8469	-6.10737
90.339	-70.8464	-6.10071
90.3443	-70.8459	-6.093
90.3483	-70.8456	-6.08447
90.3507	-70.8454	-6.07538
90.3516	-70.8453	-6.066
90.3507	-70.8454	-6.05662
90.3483	-70.8456	-6.04753
90.3443	-70.8459	-6.039
90.339	-70.8464	-6.03129
90.3323	-70.8469	-6.02463
90.3246	-70.8475	-6.01923
90.3161	-70.8482	-6.01526
90.3071	-70.8489	-6.01282
90.2977	-70.8497	-6.012
90.2884	-70.8505	-6.01282
90.2793	-70.8512	-6.01526
90.2708	-70.8519	-6.01923
90.2631	-70.8525	-6.02463
90.2565	-70.853	-6.03129
90.2511	-70.8535	-6.039
90.2472	-70.8538	-6.04753
90.2447	-70.854	-6.05662
90.2439	-70.8541	-6.066
90.2447	-70.854	-6.07538
90.2472	-70.8538	-6.08447
90.2511	-70.8535	-6.093
90.2565	-70.853	-6.10071
90.2631	-70.8525	-6.10737
90.2708	-70.8519	-6.11277
90.2793	-70.8512	-6.11674
90.2884	-70.8505	-6.11918
90.2977	-70.8497	-6.12

#	Triangle	81
35	36	71	0	36	35
0	37	36	1	37	0
1	38	37	2	38	1
2	39	38	3	39	2
3	40	39
4	40	3
4	41	40	5	41	4
5	42	41	6	42	5
6	43	42
7	43	6
7	44	43
8	44	7
8	45	44
9	45	8
9	46	45
10	46	9
10	47	46	11	47	10
11	48	47	12	48	11
12	49	48
13	49	12
13	50	49	14	50	13
14	51	50	15	51	14
15	52	51	16	52	15
16	53	52	17	53	16
17	54	53	18	54	17
18	55	54	19	55	18
19	56	55	20	56	19
20	57	56
21	57	20
21	58	57
22	58	21
22	59	58	23	59	22
23	60	59	24	60	23
24	61	60
25	61	24
25	62	61
26	62	25
26	63	62
27	63	26
27	64	63
28	64	27
28	65	64	29	65	28
29	66	65	30	66	29
30	67	66
31	67	30
31	68	67
32	68	31
32	69	68	33	69	32
33	70	69	34	70	33
34	71	70	35	71	34
7	9	8	26	25	27
6	9	7
6	10	9
5	10	6	5	11	10
4	11	5	4	12	11	29	22	30	29	23	22
3	12	4	3	13	12
2	13	3	2	14	13
1	14	2	1	15	14	32	19	33	32	20	19
0	15	1	0	16	15	33	18	34	33	19	18
35	16	0	35	17	16
34	17	35	34	18	17
31	20	32	31	21	20
30	21	31	30	22	21
28	23	29	28	24	23
27	24	28
27	25	24
45	43	44	62	63	61
46	43	45
46	42	43
47	42	46	47	41	42
48	41	47	48	40	41	59	66	58	59	65	66
49	40	48	49	39	40
50	39	49	50	38	39	57	68	56	57	67	68
51	38	50	51	37	38	56	69	55	56	68	69
52	37	51	52	36	37	55	70	54	55	69	70
53	36	52	53	71	36
54	71	53	54	70	71
58	67	57	58	66	67
60	65	59	60	64	65
61	64	60
61	63	64

#	Normal	81
0.0868875	0.00704013	-0.996193
0.258001	0.0209047	-0.965919
0.421366	0.0341415	-0.906248
0.571583	0.0463131	-0.819236
0.704854	0.0571114	-0.707049
0.704871	0.0571128	-0.707033
0.816394	0.0661491	-0.573694
0.903197	0.0731824	-0.422941
0.962943	0.0780234	-0.258171
0.962935	0.0780227	-0.258203
0.992919	0.0804522	-0.0873986
0.992916	0.0804519	-0.0874318
0.992919	0.0804521	0.0873986
0.992916	0.0804519	0.0874318
0.962943	0.0780233	0.258171
0.962935	0.0780227	0.258203
0.903197	0.0731824	0.422941
0.816394	0.0661491	0.573694
0.704854	0.0571114	0.707049
0.704871	0.0571128	0.707033
0.571583	0.0463131	0.819236
0.421366	0.0341415	0.906248
0.258001	0.0209047	0.965919
0.0868875	0.00704013	0.996193
-0.0868159	-0.00703433	0.9962
-0.258001	-0.0209047	0.965919
-0.421366	-0.0341415	0.906248
-0.571583	-0.0463131	0.819236
-0.571599	-0.0463143	0.819225
-0.704888	-0.0571141	0.707016
-0.704854	-0.0571114	0.707049
-0.816394	-0.0661491	0.573694
-0.903513	-0.073208	0.422261
-0.962721	-0.0780053	0.259006
-0.962737	-0.0780066	0.258943
-0.992919	-0.0804521	0.0873986
-0.992916	-0.0804519	0.0874318
-0.992919	-0.0804522	-0.0873986
-0.992916	-0.0804519	-0.0874318
-0.962721	-0.0780053	-0.259006
-0.962737	-0.0780067	-0.258943
-0.903513	-0.073208	-0.422261
-0.816394	-0.0661491	-0.573694
-0.704888	-0.0571142	-0.707016
-0.704854	-0.0571114	-0.707049
-0.571583	-0.046313	-0.819236
-0.571599	-0.0463143	-0.819225
-0.421366	-0.0341415	-0.906248
-0.258001	-0.0209047	-0.965919
-0.0868159	-0.00703433	-0.9962
-1.24538e-006	1.53841e-005	-0
-3.73613e-006	4.54196e-005	-0
-7.35884e-006	8.94604e-005	-0
-0.0804471	0.996759	-0
-0.0810101	0.996713	-0
-0.0804218	0.996761	-0
-0.0810334	0.996711	-0
-0.0806191	0.996745	-0
-0.0807697	0.996733	-0
-0.0808382	0.996727	-0
-0.0807712	0.996733	-0
-0.0805303	0.996752	-0
-0.081005	0.996714	-0
-0.0806047	0.996746	-0
-7.21455e-006	8.9749e-005	-0
-3.66287e-006	4.55661e-005	-0
1.17212e-006	-1.53841e-005	-0
3.66287e-006	-4.54196e-005	-0
7.21455e-006	-8.94604e-005	-0
0.0804471	-0.996759	-0
0.0810101	-0.996713	-0
0.081005	-0.996714	-0
0.0810334	-0.996711	-0
0.0806191	-0.996745	-0
0.0807697	-0.996733	-0
0.0808382	-0.996727	-0
0.0807712	-0.996733	-0
0.0798386	-0.996808	-0
0.0806047	-0.996746	-0
7.50313e-006	-8.9749e-005	-0
3.80939e-006	-4.55661e-005	-0

#	Mesh	0	End

