#	Mesh	0	Begin

#	Vertex	72
99.6334	-34.7895	-9.366
99.6363	-34.7887	-9.366
99.639	-34.7875	-9.366
99.6414	-34.7858	-9.366
99.6435	-34.7837	-9.366
99.6452	-34.7812	-9.366
99.6465	-34.7786	-9.366
99.6472	-34.7757	-9.366
99.6475	-34.7727	-9.366
99.6472	-34.7698	-9.366
99.6465	-34.7669	-9.366
99.6452	-34.7642	-9.366
99.6435	-34.7618	-9.366
99.6414	-34.7597	-9.366
99.639	-34.758	-9.366
99.6363	-34.7568	-9.366
99.6334	-34.756	-9.366
99.6305	-34.7557	-9.366
99.6275	-34.756	-9.366
99.6247	-34.7568	-9.366
99.622	-34.758	-9.366
99.6195	-34.7597	-9.366
99.6175	-34.7618	-9.366
99.6158	-34.7642	-9.366
99.6145	-34.7669	-9.366
99.6137	-34.7698	-9.366
99.6135	-34.7727	-9.366
99.6137	-34.7757	-9.366
99.6145	-34.7786	-9.366
99.6158	-34.7812	-9.366
99.6175	-34.7837	-9.366
99.6195	-34.7858	-9.366
99.622	-34.7875	-9.366
99.6247	-34.7887	-9.366
99.6275	-34.7895	-9.366
99.6305	-34.7897	-9.366
99.6334	-34.7895	-6.11179
99.6363	-34.7887	-6.11179
99.639	-34.7875	-6.11179
99.6414	-34.7858	-6.11179
99.6435	-34.7837	-6.11179
99.6452	-34.7812	-6.11179
99.6465	-34.7786	-6.11179
99.6472	-34.7757	-6.11179
99.6475	-34.7727	-6.11179
99.6472	-34.7698	-6.11179
99.6465	-34.7669	-6.11179
99.6452	-34.7642	-6.11179
99.6435	-34.7618	-6.11179
99.6414	-34.7597	-6.11179
99.639	-34.758	-6.11179
99.6363	-34.7568	-6.11179
99.6334	-34.756	-6.11179
99.6305	-34.7557	-6.11179
99.6275	-34.756	-6.11179
99.6247	-34.7568	-6.11179
99.622	-34.758	-6.11179
99.6195	-34.7597	-6.11179
99.6175	-34.7618	-6.11179
99.6158	-34.7642	-6.11179
99.6145	-34.7669	-6.11179
99.6137	-34.7698	-6.11179
99.6135	-34.7727	-6.11179
99.6137	-34.7757	-6.11179
99.6145	-34.7786	-6.11179
99.6158	-34.7812	-6.11179
99.6175	-34.7837	-6.11179
99.6195	-34.7858	-6.11179
99.622	-34.7875	-6.11179
99.6247	-34.7887	-6.11179
99.6275	-34.7895	-6.11179
99.6305	-34.7897	-6.11179

#	Triangle	70
35	36	71	0	36	35
0	37	36	1	37	0
1	38	37	2	38	1
2	39	38	3	39	2
3	40	39	4	40	3
4	41	40	5	41	4
5	42	41	6	42	5
6	43	42	7	43	6
7	44	43	8	44	7
8	45	44	9	45	8
9	46	45	10	46	9
10	47	46	11	47	10
11	48	47	12	48	11
12	49	48	13	49	12
13	50	49	14	50	13
14	51	50	15	51	14
15	52	51	16	52	15
16	53	52	17	53	16
17	54	53	18	54	17
18	55	54	19	55	18
19	56	55	20	56	19
20	57	56	21	57	20
21	58	57	22	58	21
22	59	58	23	59	22
23	60	59	24	60	23
24	61	60	25	61	24
25	62	61	26	62	25
26	63	62	27	63	26
27	64	63	28	64	27
28	65	64	29	65	28
29	66	65	30	66	29
30	67	66	31	67	30
31	68	67	32	68	31
32	69	68	33	69	32
33	70	69	34	70	33
34	71	70	35	71	34
7	9	8	26	25	27
6	9	7	27	25	24
6	10	9	27	24	28
5	10	6	28	24	23
5	11	10	28	23	29
4	11	5	29	23	22
4	12	11	29	22	30
3	12	4	30	22	21
3	13	12	30	21	31
2	13	3	31	21	20
2	14	13	31	20	32
1	14	2	32	20	19
1	15	14	32	19	33
0	15	1	33	19	18
0	16	15	33	18	34
35	16	0	34	18	17
35	17	16	34	17	35
45	43	44	62	63	61
46	43	45	61	63	64
46	42	43	61	64	60
47	42	46	60	64	65
47	41	42	60	65	59
48	41	47	59	65	66
48	40	41	59	66	58
49	40	48	58	66	67
49	39	40	58	67	57
50	39	49	57	67	68
50	38	39	57	68	56
51	38	50	56	68	69
51	37	38	56	69	55
52	37	51	55	69	70
52	36	37	55	70	54
53	36	52	54	70	71
53	71	36	54	71	53

#	Normal	70
0.0882783	-0.996096	-0
0.258648	-0.965972	-0
0.421731	-0.906721	-0
0.573992	-0.818861	-0
0.707107	-0.707107	-0
0.818426	-0.574612	-0
0.906721	-0.421731	-0
0.96606	-0.258319	-0
0.996201	-0.0870851	-0
0.996211	0.0869708	-0
0.96606	0.258319	-0
0.906486	0.422235	-0
0.818861	0.573992	-0
0.707107	0.707107	-0
0.573109	0.819479	-0
0.422813	0.906217	-0
0.258648	0.965972	-0
0.0869708	0.996211	-0
-0.0869708	0.996211	-0
-0.258648	0.965972	-0
-0.422813	0.906217	-0
-0.573109	0.819479	-0
-0.707107	0.707107	-0
-0.820098	0.572223	-0
-0.905475	0.4244	-0
-0.96606	0.258319	-0
-0.996211	0.0869708	-0
-0.996201	-0.0870851	0
-0.96606	-0.258319	0
-0.905712	-0.423894	0
-0.819666	-0.572842	0
-0.707107	-0.707107	0
-0.573992	-0.818861	0
-0.421731	-0.906721	0
-0.258648	-0.965972	0
-0.0882783	-0.996096	0
-0	0	-1.5217e-006
-0	-0	-4.51898e-006
-0	0	-8.90338e-006
-0	-0	-1.45361e-005
-0	0	-2.125e-005
-0	-0	-2.89531e-005
-0	0	-3.72226e-005
-0	-0	-4.57599e-005
-0	0	-5.45275e-005
-0	-0	-6.32763e-005
-0	0	-7.15429e-005
-0	-0	-7.91343e-005
-0	0	-8.58635e-005
-0	-0	-9.13548e-005
-0	0	-9.57332e-005
-0	-0	-9.8872e-005
-0	0	-1
-0	0	1.5217e-006
-0	-0	4.51898e-006
-0	0	8.90338e-006
-0	-0	1.45361e-005
-0	0	2.125e-005
-0	-0	2.89531e-005
-0	0	3.72226e-005
-0	-0	4.57599e-005
-0	0	5.45275e-005
-0	-0	6.32763e-005
-0	0	7.15429e-005
-0	-0	7.91343e-005
-0	0	8.58635e-005
-0	-0	9.13548e-005
-0	0	9.57332e-005
-0	-0	9.8872e-005
-0	0	1

#	Mesh	0	End

