#	Mesh	0	Begin

#	Vertex	28
92.2974	-17.2569	-7.00699
92.512	-17.0043	-7.00699
92.6771	-16.9909	-7.00699
92.6769	-16.9884	-7.00699
92.5107	-17.0019	-7.00699
92.2948	-17.256	-7.00699
92.3083	-17.4222	-7.00699
92.3108	-17.422	-7.00699
92.2974	-17.2569	-7.15699
92.512	-17.0043	-7.15699
92.6771	-16.9909	-7.15699
92.6447	-16.5922	-7.15699
92.6447	-16.5922	-7.00699
92.6449	-16.5948	-7.00699
92.6449	-16.5948	-7.15445
92.6769	-16.9884	-7.15445
92.5107	-17.0019	-7.15445
92.2948	-17.256	-7.15445
92.3083	-17.4222	-7.15445
91.9147	-17.4542	-7.15445
91.9147	-17.4542	-7.00699
91.9121	-17.4544	-7.00699
91.9121	-17.4544	-7.15699
92.3108	-17.422	-7.15699
91.8473	-16.657	-7.00699
91.8473	-16.657	-7.15699
91.8501	-16.6594	-7.00699
91.8501	-16.6594	-7.15445

#	Triangle	20
4	2	3	4	1	2	4	0	1	5	0	4	5	7	0	5	6	7	27	15	14	27	16	15	27	17	16	27	18	17	27	19	18	24	13	12	24	26	13	24	20	26	24	21	20
9	0	8	1	0	9
10	1	9	2	1	10
12	14	11	12	13	14
14	10	11
14	15	10
15	2	10	3	2	15
16	3	15	4	3	16
17	4	16	5	4	17
18	5	17	6	5	18
7	18	23	7	6	18
18	22	23
18	19	22
19	21	22	20	21	19
23	0	7	8	0	23
25	21	24	22	21	25
27	20	19	26	20	27
14	26	27	13	26	14
11	24	12	25	24	11
9	11	10	9	25	11	8	25	9	22	8	23	22	25	8

#	Normal	20
-0	-0	1
0.762062	-0.647504	-0
0.0810083	-0.996713	-0
0.996801	0.0799285	0
0.996714	0.0809961	0.00107166
0.996713	0.0810094	-0.00102276
0.996796	0.0799898	-0
-0.080998	0.996714	-0
-0.762069	0.647496	-0
-0.996717	-0.0809659	0
0.0812688	-0.996692	-0
0.0810006	-0.996714	-0.000269832
0.0810004	-0.996714	-0.000247296
0.0807539	-0.996734	-0
0.996713	0.0810083	-0
-0.996714	-0.0810058	0
0.996714	0.0809993	-0
0.0809997	-0.996714	-0
-0.0810006	0.996714	-0
-0	0	-1

#	Mesh	0	End

