#	Mesh	0	Begin

#	Vertex	28
95.2113	-66.9597	-7.236
95.2113	-66.9597	-8.296
95.1556	-66.272	-8.296
95.1556	-66.272	-7.236
95.2089	-66.9298	-7.266
95.158	-66.3019	-7.266
95.158	-66.3019	-8.266
95.2089	-66.9298	-8.266
95.2083	-66.96	-7.236
95.1526	-66.2722	-7.236
95.1526	-66.2722	-8.296
95.2083	-66.96	-8.296
95.3075	-66.2898	-7.266
95.9863	-66.8668	-7.266
95.3075	-66.2898	-8.266
95.9863	-66.8668	-8.266
95.2954	-66.1403	-7.266
95.9233	-66.0894	-7.266
95.9233	-66.0894	-8.266
95.2954	-66.1403	-8.266
95.2655	-66.1427	-7.236
95.2655	-66.1427	-8.296
95.9532	-66.087	-8.296
95.9532	-66.087	-7.236
95.2652	-66.1397	-7.236
95.953	-66.084	-7.236
95.953	-66.084	-8.296
95.2652	-66.1397	-8.296

#	Triangle	20
3	6	2	7	0	1	3	5	6	4	0	7
6	1	2	3	0	4
6	7	1	3	4	5
11	9	10	8	9	11
11	0	8	1	0	11
10	1	11	2	1	10	6	15	7	14	15	6	19	15	14	18	15	19	26	21	27	22	21	26
9	2	10	3	2	9
8	3	9	0	3	8	13	5	4	12	5	13	17	12	13	16	12	17	24	23	25	20	23	24
6	12	14	5	12	6
15	4	7	13	4	15
14	13	15	12	13	14
14	16	19	12	16	14
15	12	14	13	12	15
18	13	15	17	13	18
23	18	22	19	20	21	23	17	18	16	20	19
18	21	22	23	20	16
18	19	21	23	16	17
27	25	26	24	25	27
27	20	24	21	20	27
25	22	26	23	22	25

#	Normal	20
0.996737	0.080718	0
0.996734	0.0807514	3.35426e-005
0.996734	0.0807546	-3.67376e-005
-0.996733	-0.0807627	0
0.0808859	-0.996723	-0
0	-0	-1
-0.0806761	0.99674	-0
-0	-0	1
-0.0807823	0.996732	-0
0.0807591	-0.996734	-0
0.647691	0.761903	-0
-0.996732	-0.0807823	0
-0.647691	-0.761903	0
0.996734	0.0807591	-0
0.0807389	-0.996735	-0
0.0807636	-0.996733	2.4712e-005
0.0807659	-0.996733	-2.70652e-005
-0.0807636	0.996733	-0
-0.99674	-0.0806761	0
0.99674	0.0806761	0

#	Mesh	0	End

