#	Mesh	0	Begin

#	Vertex	92
85.4167	-35.5286	-4.42183
85.4154	-35.5287	-4.42454
85.8219	-35.4957	-4.61472
85.8232	-35.4956	-4.612
85.4611	-36.0768	-4.42186
85.4599	-36.0769	-4.42458
85.8664	-36.0439	-4.61475
85.8676	-36.0438	-4.61204
85.9813	-35.4828	-4.51096
85.9843	-35.4826	-4.51096
85.9843	-35.4826	-4.06096
85.9813	-35.4828	-4.06096
86.0257	-36.031	-4.51099
86.0287	-36.0308	-4.51099
86.0287	-36.0308	-4.06099
86.0257	-36.031	-4.06099
85.4413	-35.5517	-4.43239
85.8026	-35.5224	-4.60144
85.8083	-35.5219	-4.59019
85.8147	-35.5214	-4.57932
85.8217	-35.5208	-4.56888
85.8294	-35.5202	-4.5589
85.8376	-35.5195	-4.54942
85.8465	-35.5188	-4.54049
85.8559	-35.5181	-4.53213
85.8658	-35.5173	-4.52439
85.8762	-35.5164	-4.51728
85.887	-35.5155	-4.51085
85.8982	-35.5146	-4.50511
85.9097	-35.5137	-4.50009
85.9215	-35.5127	-4.49581
85.9336	-35.5118	-4.49229
85.9458	-35.5108	-4.48953
85.9582	-35.5098	-4.48755
85.9707	-35.5087	-4.48636
85.9833	-35.5077	-4.48596
85.9833	-35.5078	-4.08596
85.9456	-35.5108	-4.08715
85.9081	-35.5138	-4.09072
85.8709	-35.5169	-4.09666
85.8341	-35.5198	-4.10493
85.798	-35.5228	-4.11551
85.7625	-35.5257	-4.12835
85.7279	-35.5285	-4.14341
85.6944	-35.5312	-4.16063
85.662	-35.5338	-4.17993
85.6309	-35.5363	-4.20124
85.6011	-35.5387	-4.22447
85.5729	-35.541	-4.24954
85.5463	-35.5432	-4.27634
85.5215	-35.5452	-4.30477
85.4985	-35.547	-4.33471
85.4774	-35.5487	-4.36604
85.4583	-35.5503	-4.39865
85.4817	-36.05	-4.43242
85.843	-36.0207	-4.60147
85.8487	-36.0203	-4.59022
85.8551	-36.0198	-4.57935
85.8621	-36.0192	-4.56891
85.8698	-36.0186	-4.55893
85.878	-36.0179	-4.54945
85.8869	-36.0172	-4.54052
85.8963	-36.0164	-4.53216
85.9062	-36.0156	-4.52442
85.9166	-36.0148	-4.51731
85.9274	-36.0139	-4.51088
85.9386	-36.013	-4.50514
85.9501	-36.0121	-4.50012
85.9619	-36.0111	-4.49584
85.974	-36.0101	-4.49231
85.9862	-36.0091	-4.48956
85.9986	-36.0081	-4.48758
86.0111	-36.0071	-4.48639
86.0237	-36.0061	-4.48599
86.0237	-36.0061	-4.08599
85.986	-36.0092	-4.08718
85.9485	-36.0122	-4.09075
85.9113	-36.0152	-4.09669
85.8745	-36.0182	-4.10496
85.8384	-36.0211	-4.11554
85.8029	-36.024	-4.12838
85.7683	-36.0268	-4.14344
85.7348	-36.0295	-4.16066
85.7024	-36.0322	-4.17996
85.6713	-36.0347	-4.20127
85.6415	-36.0371	-4.2245
85.6133	-36.0394	-4.24957
85.5867	-36.0415	-4.27637
85.5619	-36.0435	-4.30479
85.5389	-36.0454	-4.33473
85.5178	-36.0471	-4.36607
85.4987	-36.0487	-4.39867

#	Triangle	156
3	4	7
0	4	3
0	5	4
1	5	0
1	6	5
2	6	1
2	7	6	3	7	2
3	1	0	2	1	3
4	6	7
5	6	4
11	12	15
8	12	11
8	13	12	9	13	8
9	14	13
10	14	9
10	15	14	11	15	10
11	9	8	10	9	11
12	14	15
13	14	12
53	54	91
16	54	53
16	55	54	17	55	16
17	56	55
18	56	17
18	57	56
19	57	18
19	58	57
20	58	19
20	59	58	21	59	20
21	60	59
22	60	21
22	61	60
23	61	22
23	62	61
24	62	23
24	63	62
25	63	24
25	64	63
26	64	25
26	65	64	27	65	26
27	66	65	28	66	27
28	67	66	29	67	28
29	68	67
30	68	29
30	69	68
31	69	30
31	70	69	32	70	31
32	71	70
33	71	32
33	72	71
34	72	33
34	73	72
35	73	34
35	74	73	36	74	35
36	75	74
37	75	36
37	76	75
38	76	37
38	77	76
39	77	38
39	78	77
40	78	39
40	79	78
41	79	40
41	80	79
42	80	41
42	81	80	43	81	42
43	82	81
44	82	43
44	83	82
45	83	44
45	84	83
46	84	45
46	85	84
47	85	46
47	86	85
48	86	47
48	87	86	49	87	48
49	88	87
50	88	49
50	89	88	51	89	50
51	90	89	52	90	51
52	91	90
53	91	52
53	17	16
52	17	53
51	17	52
50	17	51
49	17	50
48	17	49
47	17	48
46	17	47
45	17	46
44	17	45
43	17	44
42	17	43
41	17	42
40	17	41
39	17	40
38	17	39
37	17	38
36	17	37
35	34	36
34	33	36
33	32	36
32	31	36
31	30	36
30	29	36
29	28	36
28	27	36
27	26	36
26	25	36
25	24	36
24	23	36
23	22	36
22	21	36
21	20	36
20	19	36
19	18	36
18	17	36
55	91	54
55	90	91
55	89	90
55	88	89
55	87	88
55	86	87
55	85	86
55	84	85
55	83	84
55	82	83
55	81	82
55	80	81
55	79	80
55	78	79
55	77	78
55	76	77
55	75	76
55	74	75
55	56	74
56	57	74
57	58	74
58	59	74
59	60	74
60	61	74
61	62	74
62	63	74
63	64	74
64	65	74
65	66	74
66	67	74
67	68	74
68	69	74
69	70	74
70	71	74
71	72	74
72	73	74

#	Normal	156
0.421237	0.0340992	0.906309
0.421244	0.034094	0.906306
-0.903087	-0.0732295	0.423168
-0.903098	-0.0732303	0.423144
-0.421237	-0.0340923	-0.90631
-0.421244	-0.0340997	-0.906306
0.903097	0.0732427	-0.423144
-0.0806789	0.99674	0.00032288
0.0806698	-0.996741	-0.000318626
0.0812241	-0.996695	0.000853535
-0.99673	-0.0808094	-4.91029e-006
-0.99673	-0.08081	-4.20885e-006
-4.73943e-006	5.8402e-005	-1
0.996731	0.0807958	-1.23949e-005
0.99673	0.0808094	4.20882e-006
4.65548e-006	-5.75177e-005	1
-0.0806761	0.99674	5.19136e-005
0.0806761	-0.99674	-6.05658e-005
0.0808859	-0.996723	-6.1969e-005
-0.889564	-0.0721501	0.451077
-0.889651	-0.0721426	0.450906
-0.421242	-0.0340941	-0.906307
0.889652	0.0721432	-0.450905
0.88965	0.0721429	-0.450909
0.859297	0.0696857	-0.506708
0.859565	0.069721	-0.506247
0.826271	0.0670246	-0.559271
0.825998	0.0669902	-0.559678
0.789262	0.0640152	-0.610711
0.749446	0.0607905	-0.659269
0.749434	0.060789	-0.659283
0.706265	0.0572925	-0.705625
0.706553	0.0573262	-0.705334
0.661034	0.0536381	-0.748437
0.660729	0.053603	-0.748708
0.61234	0.0496829	-0.789032
0.612376	0.049687	-0.789004
0.561843	0.0455928	-0.825987
0.561805	0.0455885	-0.826013
0.50868	0.0412841	-0.859965
0.453962	0.0368504	-0.890258
0.396948	0.0322302	-0.917275
0.338482	0.0274923	-0.940571
0.338713	0.0275172	-0.940487
0.279028	0.0226793	-0.960015
0.278834	0.0226584	-0.960072
0.218096	0.0177358	-0.975766
0.156394	0.0127347	-0.987613
0.15639	0.0127343	-0.987613
0.0940488	0.00768129	-0.995538
0.0940511	0.00768154	-0.995538
0.0313932	0.00260258	-0.999504
0.0314309	0.0026066	-0.999503
0.996731	0.0807966	4.73417e-006
-0.0314058	-0.00260358	0.999503
-0.0313991	-0.00260355	0.999504
-0.0940879	-0.00768501	0.995534
-0.0940693	-0.00768492	0.995536
-0.156392	-0.0127374	0.987613
-0.156397	-0.0127374	0.987612
-0.218082	-0.017738	0.975769
-0.218126	-0.0177382	0.975759
-0.278911	-0.0226646	0.960049
-0.278913	-0.0226646	0.960049
-0.338614	-0.0275029	0.940524
-0.338611	-0.0275029	0.940524
-0.396969	-0.0322322	0.917266
-0.453786	-0.0368363	0.890349
-0.453775	-0.0368364	0.890354
-0.508866	-0.0413003	0.859855
-0.508788	-0.0413009	0.8599
-0.561729	-0.0455912	0.826064
-0.561821	-0.0455902	0.826001
-0.612452	-0.0496923	0.788945
-0.612456	-0.0496922	0.788941
-0.660838	-0.0536118	0.748611
-0.660834	-0.0536119	0.748615
-0.706462	-0.0573082	0.705427
-0.749428	-0.0607884	0.659289
-0.749432	-0.0607883	0.659284
-0.789267	-0.0640145	0.610704
-0.82609	-0.0669965	0.559542
-0.859566	-0.069707	0.506248
-0.859472	-0.0697134	0.506408
-0.0807926	0.996731	6.92964e-005
-0.0808203	0.996729	2.19823e-005
-0.0807889	0.996731	6.56825e-005
-0.0807846	0.996732	7.06633e-005
-0.0807876	0.996731	6.77152e-005
-0.0807732	0.996733	7.91496e-005
-0.080882	0.996724	7.70428e-006
-0.0807304	0.996736	8.92346e-005
-0.0808382	0.996727	4.26837e-005
-0.080776	0.996732	6.35542e-005
-0.0807904	0.996731	6.00131e-005
-0.0807791	0.996732	6.18582e-005
-0.080865	0.996725	5.45277e-005
-0.0807281	0.996736	5.58556e-005
-0.0808154	0.996729	6.14309e-005
-0.0808746	0.996724	6.94947e-005
-0.0807304	0.996736	3.95214e-005
-0.0808403	0.996727	7.02627e-005
-0.0809426	0.996719	5.84015e-005
-0.0806282	0.996744	4.848e-005
-0.0809787	0.996716	7.04962e-005
-0.0806891	0.996739	4.34339e-005
-0.0807078	0.996738	4.57374e-005
-0.080774	0.996732	5.57814e-005
-0.0807767	0.996732	5.62654e-005
-0.0808316	0.996728	6.74806e-005
-0.0807477	0.996735	4.8347e-005
-0.0811608	0.996701	0.000151603
-0.0804866	0.996756	-3.02536e-005
-0.080758	0.996734	4.7749e-005
-0.0809775	0.996716	0.000114264
-0.0810068	0.996714	0.000123513
-0.0807398	0.996735	3.60464e-005
-0.081056	0.99671	0.000142559
-0.0795976	0.996827	-0.000359227
-0.0821876	0.996617	0.000545623
0.0808377	-0.996727	4.54424e-006
0.0807781	-0.996732	-9.71866e-005
0.0807969	-0.996731	-7.10994e-005
0.0807921	-0.996731	-7.65409e-005
0.0808695	-0.996725	-2.75611e-006
0.0807732	-0.996733	-7.91496e-005
0.0807952	-0.996731	-6.47257e-005
0.0808279	-0.996728	-4.71455e-005
0.0807266	-0.996736	-9.09049e-005
0.0808971	-0.996722	-3.36361e-005
0.0807904	-0.996731	-6.00129e-005
0.0807791	-0.996732	-6.18582e-005
0.0807591	-0.996734	-6.35669e-005
0.080837	-0.996727	-6.28115e-005
0.0807981	-0.99673	-6.03259e-005
0.0807686	-0.996733	-5.63138e-005
0.0808535	-0.996726	-7.3966e-005
0.0807367	-0.996735	-4.1263e-005
0.0799897	-0.996796	0.000222236
0.0808503	-0.996726	-7.83914e-005
0.081258	-0.996693	-0.000218673
0.0807583	-0.996734	-5.03252e-005
0.0802773	-0.996773	0.000107244
0.0808738	-0.996724	-8.14524e-005
0.0808474	-0.996726	-7.34382e-005
0.0809888	-0.996715	-0.000114077
0.0807116	-0.996737	-3.93277e-005
0.0807477	-0.996735	-4.8347e-005
0.0808316	-0.996728	-6.74806e-005
0.0807767	-0.996732	-5.62654e-005
0.0807173	-0.996737	-4.56402e-005
0.0810974	-0.996706	-0.000103307
0.0806913	-0.996739	-5.32875e-005
0.0806638	-0.996741	-5.07152e-005
0.0809393	-0.996719	-6.80213e-005
0.0806345	-0.996744	-5.84029e-005

#	Mesh	0	End

