#	Mesh	0	Begin

#	Vertex	92
92.9171	-15.4085	-3.891
92.9171	-15.4085	-3.894
93.2161	-15.3843	-3.894
93.2161	-15.3843	-3.891
92.947	-15.7773	-3.891
92.947	-15.7773	-3.894
93.246	-15.7531	-3.894
93.246	-15.7531	-3.891
93.3158	-15.3762	-3.791
93.3188	-15.376	-3.791
93.3188	-15.376	-3.491
93.3158	-15.3762	-3.491
93.3457	-15.745	-3.791
93.3487	-15.7448	-3.791
93.3487	-15.7448	-3.491
93.3457	-15.745	-3.491
92.944	-15.4314	-3.891
93.1932	-15.4112	-3.891
93.1937	-15.4112	-3.88011
93.1951	-15.4111	-3.86929
93.1975	-15.4109	-3.85865
93.2007	-15.4106	-3.84825
93.2049	-15.4103	-3.83817
93.2099	-15.4099	-3.8285
93.2157	-15.4094	-3.8193
93.2224	-15.4089	-3.81065
93.2297	-15.4083	-3.80261
93.2377	-15.4076	-3.79524
93.2463	-15.4069	-3.78861
93.2555	-15.4062	-3.78275
93.2651	-15.4054	-3.77771
93.2752	-15.4046	-3.77354
93.2856	-15.4038	-3.77026
93.2962	-15.4029	-3.7679
93.3069	-15.402	-3.76648
93.3178	-15.4011	-3.766
93.3178	-15.4011	-3.516
93.2852	-15.4038	-3.51743
93.2529	-15.4064	-3.5217
93.2211	-15.409	-3.52878
93.19	-15.4115	-3.53862
93.1598	-15.4139	-3.55114
93.1309	-15.4163	-3.56624
93.1034	-15.4185	-3.58382
93.0775	-15.4206	-3.60373
93.0535	-15.4226	-3.62584
93.0315	-15.4243	-3.64996
93.0116	-15.426	-3.67591
92.9941	-15.4274	-3.7035
92.979	-15.4286	-3.73252
92.9666	-15.4296	-3.76274
92.9568	-15.4304	-3.79394
92.9497	-15.431	-3.82588
92.9455	-15.4313	-3.85832
92.9699	-15.7504	-3.891
93.2191	-15.7302	-3.891
93.2195	-15.7302	-3.88011
93.2209	-15.73	-3.86929
93.2233	-15.7299	-3.85865
93.2266	-15.7296	-3.84825
93.2307	-15.7293	-3.83817
93.2357	-15.7288	-3.8285
93.2416	-15.7284	-3.8193
93.2482	-15.7278	-3.81065
93.2555	-15.7272	-3.80261
93.2636	-15.7266	-3.79524
93.2722	-15.7259	-3.78861
93.2814	-15.7251	-3.78275
93.291	-15.7244	-3.77771
93.301	-15.7236	-3.77354
93.3114	-15.7227	-3.77026
93.322	-15.7219	-3.7679
93.3328	-15.721	-3.76648
93.3436	-15.7201	-3.766
93.3436	-15.7201	-3.516
93.3111	-15.7227	-3.51743
93.2787	-15.7254	-3.5217
93.2469	-15.7279	-3.52878
93.2158	-15.7305	-3.53861
93.1857	-15.7329	-3.55113
93.1568	-15.7352	-3.56624
93.1293	-15.7375	-3.58382
93.1034	-15.7396	-3.60373
93.0793	-15.7415	-3.62583
93.0573	-15.7433	-3.64995
93.0375	-15.7449	-3.67591
93.0199	-15.7463	-3.7035
93.0049	-15.7475	-3.73252
92.9924	-15.7486	-3.76274
92.9826	-15.7494	-3.79394
92.9755	-15.7499	-3.82588
92.9713	-15.7503	-3.85832

#	Triangle	145
3	4	7	0	4	3	10	15	14	11	15	10
0	5	4	1	5	0
1	6	5	2	6	1	8	13	12	9	13	8
2	7	6	3	7	2	9	14	13	10	14	9
3	1	0	2	1	3
4	6	7	5	6	4
11	12	15	8	12	11
11	9	8	10	9	11
12	14	15
13	14	12
53	54	91
16	54	53
16	55	54	17	55	16
17	56	55
18	56	17
18	57	56
19	57	18
19	58	57	20	58	19
20	59	58
21	59	20
21	60	59
22	60	21
22	61	60
23	61	22
23	62	61
24	62	23
24	63	62	25	63	24
25	64	63
26	64	25
26	65	64
27	65	26
27	66	65
28	66	27
28	67	66
29	67	28
29	68	67
30	68	29
30	69	68
31	69	30
31	70	69
32	70	31
32	71	70
33	71	32
33	72	71	34	72	33
34	73	72
35	73	34
35	74	73	36	74	35
36	75	74
37	75	36
37	76	75	38	76	37
38	77	76
39	77	38
39	78	77	40	78	39
40	79	78	41	79	40
41	80	79
42	80	41
42	81	80
43	81	42
43	82	81
44	82	43
44	83	82
45	83	44
45	84	83
46	84	45
46	85	84
47	85	46
47	86	85
48	86	47
48	87	86
49	87	48
49	88	87	50	88	49
50	89	88
51	89	50
51	90	89
52	90	51
52	91	90
53	91	52
53	17	16	46	17	47
52	17	53
51	17	52	39	25	24
50	17	51
49	17	50
48	17	49	44	17	45	43	17	44
47	17	48
45	17	46
42	17	43
41	17	42
40	17	41
39	18	40
18	17	40
39	19	18
39	20	19
39	21	20
39	22	21
39	23	22
39	24	23
38	25	39
38	26	25
38	27	26
38	28	27
38	29	28
37	29	38
37	30	29
37	31	30
37	32	31
36	32	37
36	33	32
36	34	33
36	35	34
55	91	54
55	90	91
55	89	90
55	88	89
55	87	88
55	86	87
55	85	86
55	84	85
55	83	84
55	82	83
55	81	82
55	80	81
55	79	80
55	78	79
55	56	78
56	77	78
57	77	56
58	77	57
59	77	58
60	77	59
61	77	60
62	77	61
63	77	62
63	76	77
64	76	63
65	76	64
66	76	65
67	76	66
67	75	76
68	75	67
69	75	68
70	75	69
70	74	75
71	74	70
72	74	71
73	74	72

#	Normal	145
-2.13139e-007	2.63073e-006	1
-0.996735	-0.0807432	-0
2.1314e-007	-2.63074e-006	-1
0.996733	0.0807642	-0
-0.0807564	0.996734	-0
0.0807543	-0.996734	-0
-0.996733	-0.0807642	2.62904e-007
-0.0806761	0.99674	-3.2446e-006
0.0806761	-0.99674	3.2446e-006
0.0809993	-0.996714	-0
-0.995787	-0.0806605	0.0436054
-0.995787	-0.0806605	0.0436057
1.23219e-007	-1.5209e-006	-1
0.995806	0.0806864	-0.0431278
0.995777	0.0806596	-0.0438415
0.988171	0.0800433	-0.130812
0.988261	0.0800748	-0.13011
0.973126	0.0788483	-0.216351
0.950674	0.0770289	-0.300477
0.950473	0.0769896	-0.30112
0.920715	0.0745789	-0.383043
0.920965	0.0746217	-0.382433
0.884233	0.0716453	-0.461518
0.883945	0.0716004	-0.462077
0.840489	0.0680803	-0.537535
0.840806	0.0681264	-0.537032
0.790742	0.0640697	-0.608787
0.734838	0.0595399	-0.675624
0.734835	0.0595394	-0.675628
0.673646	0.0545814	-0.737036
0.673297	0.0545367	-0.737358
0.606693	0.0491415	-0.793416
0.606689	0.0491411	-0.793419
0.535341	0.0433617	-0.843522
0.535682	0.0434031	-0.843304
0.460269	0.0372927	-0.886996
0.460249	0.0372902	-0.887007
0.381521	0.0309111	-0.923843
0.381523	0.0309114	-0.923842
0.299689	0.0242806	-0.953728
0.299709	0.0242829	-0.953722
0.215786	0.0174829	-0.976284
0.215763	0.0174802	-0.976289
0.130039	0.0105343	-0.991453
0.0434991	0.00352228	-0.999047
0.0434904	0.00352127	-0.999048
0.996735	0.0807374	-0
-0.0434786	-0.00352031	0.999048
-0.0434756	-0.00352038	0.999048
-0.130107	-0.0105398	0.991444
-0.215721	-0.0174768	0.976299
-0.21572	-0.0174768	0.976299
-0.299703	-0.0242817	0.953724
-0.381439	-0.0309045	0.923877
-0.460261	-0.0372912	0.887
-0.460254	-0.0372915	0.887004
-0.535556	-0.043393	0.843384
-0.535563	-0.0433927	0.84338
-0.60669	-0.049156	0.793417
-0.606806	-0.0491506	0.793329
-0.673415	-0.0545462	0.737249
-0.673292	-0.0545532	0.737362
-0.73484	-0.0595404	0.675622
-0.734963	-0.0595318	0.675488
-0.79086	-0.0640597	0.608636
-0.790742	-0.0640697	0.608787
-0.840591	-0.068109	0.537371
-0.84059	-0.0681091	0.537372
-0.884136	-0.0716376	0.461705
-0.884138	-0.0716374	0.461702
-0.920881	-0.0746147	0.382636
-0.950539	-0.077018	0.300906
-0.950609	-0.0770003	0.300689
-0.973127	-0.0788246	0.216355
-0.973075	-0.0788442	0.216582
-0.9882	-0.0800699	0.130576
-0.988232	-0.0800483	0.130342
-0.0807551	0.996734	-1.04953e-006
-0.0807566	0.996734	-1.18781e-005
-0.080754	0.996734	-2.23961e-006
-0.0807484	0.996735	1.15363e-005
-0.080768	0.996733	-2.33697e-005
-0.080752	0.996734	-1.61629e-006
-0.0807353	0.996736	1.62115e-005
-0.080776	0.996732	-1.47917e-005
-0.0807383	0.996735	2.02212e-006
-0.0807703	0.996733	-4.16808e-006
-0.0807449	0.996735	-1.65559e-006
-0.0807443	0.996735	-3.21945e-006
-0.0798212	0.996809	6.91913e-006
-0.0818666	0.996643	8.48087e-005
-0.0806918	0.996739	-5.35149e-006
-0.0805308	0.996752	-1.69454e-005
-0.0807973	0.996731	1.28669e-007
-0.0808009	0.99673	3.15555e-007
-0.0807222	0.996737	-2.6325e-006
-0.0807776	0.996732	-2.15616e-006
-0.0808585	0.996726	6.44345e-006
-0.0806211	0.996745	-1.32808e-005
-0.0808013	0.99673	-3.21878e-006
-0.0807213	0.996737	-5.19587e-006
-0.0807521	0.996734	-5.50557e-006
-0.0807707	0.996733	-3.40403e-006
-0.0807648	0.996733	-3.86353e-006
-0.0807438	0.996735	-4.6922e-006
-0.0807306	0.996736	-4.67499e-006
-0.08083	0.996728	8.00644e-006
-0.0807138	0.996737	-2.03921e-006
-0.0807605	0.996734	-0
0.0807526	-0.996734	1.15967e-006
0.0807516	-0.996734	-6.91398e-006
0.080759	-0.996734	2.08908e-005
0.0807387	-0.996735	-2.87007e-005
0.080768	-0.996733	2.33697e-005
0.080752	-0.996734	1.6163e-006
0.080756	-0.996734	5.86403e-006
0.0807445	-0.996735	-3.87967e-006
0.080758	-0.996734	5.22061e-006
0.0807696	-0.996733	1.13759e-005
0.080732	-0.996736	-3.87696e-006
0.0807679	-0.996733	6.69588e-006
0.0807385	-0.996735	1.02436e-006
0.0807758	-0.996732	4.70414e-006
0.0808571	-0.996726	5.45914e-006
0.080744	-0.996735	4.21914e-006
0.080752	-0.996734	3.58747e-006
0.0806721	-0.996741	9.71681e-006
0.0811502	-0.996702	-2.4723e-005
0.0806249	-0.996745	8.94706e-006
0.0807255	-0.996736	3.65153e-006
0.0807822	-0.996732	1.52659e-006
0.080754	-0.996734	2.04658e-006
0.0807473	-0.996735	2.01564e-006
0.0807137	-0.996737	5.58844e-006
0.0808364	-0.996727	-4.60957e-006
0.0806888	-0.996739	3.63639e-006
0.0807605	-0.996734	1.86198e-006
0.0807526	-0.996734	1.78179e-006
0.0806662	-0.996741	1.15195e-005
0.0808643	-0.996725	-3.8635e-006
0.080745	-0.996735	8.43899e-007
0.08075	-0.996734	8.50452e-007
0.0807365	-0.996735	2.5818e-006
0.0807135	-0.996737	4.57121e-006
0.0808183	-0.996729	-0

#	Mesh	0	End

