#	Mesh	0	Begin

#	Vertex	92
67.423	-45.1597	-5.55075
67.4232	-45.1625	-5.55358
67.3725	-44.5423	-6.17584
67.3723	-44.5395	-6.17301
69.0974	-45.0229	-5.55075
69.0976	-45.0257	-5.55358
69.047	-44.4055	-6.17584
69.0467	-44.4027	-6.17301
67.37	-44.5113	-6.16129
67.3697	-44.5073	-6.16129
67.3697	-44.5073	-5.28129
67.37	-44.5113	-5.28129
69.0444	-44.3745	-6.16129
69.0441	-44.3705	-6.16129
69.0441	-44.3705	-5.28129
69.0444	-44.3745	-5.28129
67.4605	-45.1282	-5.57904
67.4145	-44.5644	-6.14472
67.4143	-44.5619	-6.14231
67.4141	-44.5593	-6.14001
67.4138	-44.5566	-6.13782
67.4136	-44.5538	-6.13576
67.4134	-44.5509	-6.13382
67.4131	-44.5479	-6.13201
67.4129	-44.5449	-6.13033
67.4126	-44.5418	-6.12879
67.4124	-44.5386	-6.12738
67.4121	-44.5353	-6.12612
67.4118	-44.532	-6.12499
67.4116	-44.5287	-6.12402
67.4113	-44.5253	-6.12319
67.411	-44.5219	-6.12251
67.4107	-44.5185	-6.12198
67.4104	-44.515	-6.1216
67.4102	-44.5115	-6.12137
67.4099	-44.5081	-6.12129
67.4099	-44.5081	-5.32129
67.413	-44.5463	-5.32213
67.4161	-44.5845	-5.32464
67.4192	-44.6225	-5.32882
67.4223	-44.6604	-5.33466
67.4254	-44.6979	-5.34215
67.4284	-44.7351	-5.35128
67.4314	-44.7718	-5.36202
67.4344	-44.808	-5.37436
67.4373	-44.8437	-5.38828
67.4402	-44.8787	-5.40374
67.443	-44.913	-5.42072
67.4457	-44.9466	-5.43919
67.4484	-44.9793	-5.45911
67.451	-45.0111	-5.48044
67.4535	-45.042	-5.50314
67.4559	-45.0718	-5.52717
67.4583	-45.1006	-5.55249
69.0552	-44.998	-5.57904
69.0092	-44.4341	-6.14472
69.009	-44.4316	-6.14231
69.0087	-44.429	-6.14001
69.0085	-44.4263	-6.13782
69.0083	-44.4235	-6.13576
69.0081	-44.4206	-6.13382
69.0078	-44.4176	-6.13201
69.0076	-44.4146	-6.13033
69.0073	-44.4115	-6.12879
69.007	-44.4083	-6.12738
69.0068	-44.405	-6.12612
69.0065	-44.4017	-6.12499
69.0062	-44.3984	-6.12402
69.006	-44.395	-6.12319
69.0057	-44.3916	-6.12251
69.0054	-44.3882	-6.12198
69.0051	-44.3847	-6.1216
69.0048	-44.3812	-6.12137
69.0046	-44.3778	-6.12129
69.0046	-44.3778	-5.32129
69.0077	-44.416	-5.32213
69.0108	-44.4542	-5.32464
69.0139	-44.4922	-5.32882
69.017	-44.5301	-5.33466
69.0201	-44.5676	-5.34215
69.0231	-44.6048	-5.35128
69.0261	-44.6415	-5.36202
69.0291	-44.6777	-5.37436
69.032	-44.7134	-5.38828
69.0348	-44.7484	-5.40374
69.0376	-44.7828	-5.42072
69.0404	-44.8163	-5.43919
69.0431	-44.849	-5.45911
69.0457	-44.8808	-5.48044
69.0482	-44.9117	-5.50314
69.0506	-44.9415	-5.52717
69.053	-44.9703	-5.55249

#	Triangle	137
3	4	7	0	4	3
0	5	4	1	5	0
1	6	5
2	6	1
2	7	6
3	7	2
3	1	0
2	1	3
4	6	7	5	6	4
11	12	15	8	12	11
8	13	12	9	13	8
9	14	13	10	14	9
10	15	14	11	15	10
11	9	8	10	9	11
12	14	15	13	14	12
53	54	91
16	54	53
16	55	54	17	55	16
17	56	55
18	56	17
18	57	56
19	57	18
19	58	57
20	58	19
20	59	58
21	59	20
21	60	59
22	60	21
22	61	60	23	61	22
23	62	61	24	62	23
24	63	62	25	63	24
25	64	63	26	64	25
26	65	64	27	65	26
27	66	65	28	66	27
28	67	66	29	67	28
29	68	67	30	68	29
30	69	68	31	69	30
31	70	69	32	70	31
32	71	70	33	71	32
33	72	71	34	72	33
34	73	72	35	73	34
35	74	73	36	74	35
36	75	74	37	75	36
37	76	75	38	76	37
38	77	76	39	77	38
39	78	77
40	78	39
40	79	78	41	79	40
41	80	79
42	80	41
42	81	80	43	81	42
43	82	81	44	82	43
44	83	82
45	83	44
45	84	83
46	84	45
46	85	84
47	85	46
47	86	85	48	86	47
48	87	86	49	87	48
49	88	87	50	88	49
50	89	88	51	89	50
51	90	89	52	90	51
52	91	90
53	91	52
53	17	16
52	17	53
51	17	52
50	17	51
49	17	50
48	17	49
47	17	48
46	17	47
45	17	46
44	17	45
43	17	44
42	17	43
41	17	42
40	17	41
39	17	40
38	17	39
37	17	38
36	17	37
35	34	36
34	33	36
33	32	36
32	31	36
31	30	36
30	29	36
29	28	36
28	27	36
27	26	36
26	25	36
25	24	36
24	23	36
23	22	36
22	21	36
21	20	36
20	19	36
19	18	36
18	17	36
55	91	54
55	90	91
55	89	90
55	88	89
55	87	88
55	86	87
55	85	86
55	84	85
55	83	84
55	82	83
55	81	82
55	80	81
55	79	80
55	78	79
55	77	78
55	76	77
55	75	76
55	74	75
55	56	74
56	57	74
57	58	74
58	59	74
59	60	74
60	61	74
61	62	74
62	63	74
63	64	74
64	65	74
65	66	74
66	67	74
67	68	74
68	69	74
69	70	74
70	71	74
71	72	74
72	73	74

#	Normal	137
-0.0575774	0.704759	0.707107
0.0575644	-0.7046	0.707266
0.0575774	-0.704759	-0.707107
0.0575776	-0.704759	-0.707107
-0.0575647	0.7046	-0.707266
-0.057558	0.704521	-0.707345
-0.996734	-0.0807535	0.000681536
-0.996622	-0.0821189	-0.000700963
0.996734	0.0807535	-0.000681536
0.081429	-0.996679	-0
-0	0	-1
-0.0814271	0.996679	-0
-0	-0	1
-0.99679	-0.0800556	-0
0.996626	0.0820751	-0
0.0563092	-0.689244	0.722338
0.0563068	-0.689194	0.722386
0.0575783	-0.704757	-0.707108
-0.0563168	0.689316	-0.722268
-0.0563245	0.689407	-0.722181
-0.0537164	0.657484	-0.751551
-0.0536621	0.656843	-0.752115
-0.0509467	0.623605	-0.780078
-0.0509925	0.624148	-0.779641
-0.0481541	0.589405	-0.806401
-0.0481614	0.589492	-0.806337
-0.0452163	0.553443	-0.831659
-0.0452092	0.55336	-0.831715
-0.0422633	0.517302	-0.854759
-0.039155	0.479257	-0.876801
-0.0360122	0.440789	-0.896888
-0.0327965	0.401429	-0.915303
-0.0295047	0.361137	-0.932046
-0.0261874	0.320533	-0.946875
-0.0227823	0.278855	-0.960063
-0.019356	0.236917	-0.971337
-0.0158803	0.194375	-0.980799
-0.0123851	0.151594	-0.988365
-0.00887668	0.10865	-0.99404
-0.00531805	0.0650928	-0.997865
-0.00177754	0.0217571	-0.999762
-0.0814282	0.996679	-0
0.00177599	-0.0217381	0.999762
0.00532603	-0.0651905	0.997859
0.00886464	-0.108503	0.994057
0.0123865	-0.15161	0.988363
0.0123873	-0.151625	0.98836
0.0158854	-0.194442	0.980785
0.0193551	-0.236913	0.971338
0.0193538	-0.23689	0.971344
0.0227855	-0.278894	0.960051
0.026175	-0.320381	0.946927
0.0295105	-0.361207	0.932018
0.0295124	-0.361242	0.932005
0.0327965	-0.40144	0.915298
0.0327941	-0.401397	0.915317
0.0360143	-0.440812	0.896877
0.0360147	-0.440819	0.896873
0.0391649	-0.479378	0.876734
0.0422428	-0.517051	0.854912
0.0452399	-0.553736	0.831463
0.0481501	-0.589356	0.806438
0.0509676	-0.623842	0.779887
0.053686	-0.657115	0.751876
0.0536884	-0.657165	0.751832
-0.99668	-0.0814145	1.30947e-005
-0.996677	-0.0814497	-1.89812e-005
-0.99668	-0.0814132	1.1148e-005
-0.996675	-0.0814746	-3.48616e-005
-0.996676	-0.0814733	-3.39778e-005
-0.996681	-0.0814052	7.54529e-006
-0.996677	-0.0814512	-1.75586e-005
-0.996693	-0.0812608	7.47553e-005
-0.996668	-0.0815596	-5.28641e-005
-0.996679	-0.0814348	-6.44808e-006
-0.996678	-0.0814418	-8.70289e-006
-0.996682	-0.0813893	5.30124e-006
-0.996675	-0.0814816	-1.46698e-005
-0.996687	-0.0813305	1.06258e-005
-0.996671	-0.081527	-1.28013e-005
-0.996692	-0.0812672	5.82291e-006
-0.996668	-0.0815686	-1.60012e-006
-0.996681	-0.0814114	-5.08623e-006
-0.996561	-0.0828601	0
-0.996736	-0.0807249	-9.34136e-006
-0.996707	-0.0810873	-6.17358e-006
-0.99667	-0.0815457	-1.7717e-007
-0.996624	-0.0821036	9.52836e-006
-0.996742	-0.0806558	-2.18384e-005
-0.996665	-0.0815991	2.57197e-006
-0.996763	-0.0803917	-3.36856e-005
-0.99666	-0.0816578	9.49712e-006
-0.996535	-0.0831762	6.7359e-005
-0.99681	-0.079808	-7.41327e-005
-0.996659	-0.0816788	1.15651e-005
-0.996698	-0.0811952	-1.23734e-005
-0.996512	-0.0834508	0.000107352
-0.996757	-0.0804731	-6.0978e-005
-0.996765	-0.0803768	-6.67401e-005
-0.996516	-0.0833997	0.00012376
-0.996751	-0.080546	-6.47364e-005
0.99668	0.0814203	-7.23606e-006
0.996678	0.0814433	1.3708e-005
0.99668	0.0814132	-1.1148e-005
0.996675	0.0814746	3.48616e-005
0.996676	0.0814733	3.39778e-005
0.996681	0.0814052	-7.54529e-006
0.996677	0.0814512	1.75586e-005
0.996678	0.0814428	1.34703e-005
0.996683	0.0813774	-1.44601e-005
0.996679	0.0814269	3.93765e-006
0.996678	0.0814418	8.70289e-006
0.996682	0.0813893	-5.30124e-006
0.996674	0.0814897	1.64189e-005
0.996687	0.0813304	-1.02427e-005
0.996672	0.0815187	1.22082e-005
0.996692	0.0812672	-5.82291e-006
0.996668	0.0815686	1.60012e-006
0.996681	0.0814114	5.08623e-006
0.996479	0.0838417	-0.000162442
0.996763	0.080399	6.49578e-005
0.996774	0.0802561	7.39611e-005
0.99652	0.0833568	-0.000111595
0.99674	0.0806811	3.96578e-005
0.996698	0.0811952	1.23734e-005
0.996659	0.0816788	-1.15651e-005
0.99681	0.079808	7.41327e-005
0.996535	0.0831762	-6.7359e-005
0.99666	0.0816578	-9.49712e-006
0.996763	0.0803917	3.36856e-005
0.996665	0.0815991	-2.57197e-006
0.996742	0.0806558	2.18384e-005
0.996624	0.0821036	-9.52836e-006
0.99667	0.0815457	1.7717e-007
0.996707	0.0810873	6.17358e-006
0.996736	0.0807249	9.34136e-006
0.996561	0.0828601	0

#	Mesh	0	End

