#	Mesh	0	Begin

#	Vertex	45
96.8131	-49.0625	-9.553
96.8123	-49.0525	-9.553
96.645	-46.9863	-9.553
94.0483	-47.1965	-9.553
94.2145	-49.2479	-9.553
95.4854	-49.145	-9.553
95.4866	-49.1599	-9.553
95.5414	-49.1554	-9.553
95.5423	-49.1654	-9.553
96.645	-46.9863	-9.568
96.8123	-49.0525	-9.568
96.8131	-49.0625	-9.568
95.5423	-49.1654	-9.568
95.5414	-49.1554	-9.568
95.4866	-49.1599	-9.568
95.4854	-49.145	-9.568
94.2145	-49.2479	-9.568
94.0483	-47.1965	-9.568
94.2145	-49.2479	-9.583
94.2148	-49.2512	-9.58113
94.2151	-49.2544	-9.57925
94.2153	-49.2577	-9.57738
94.2156	-49.2609	-9.5755
94.2156	-49.2609	-9.57175
94.2156	-49.2609	-9.568
94.2156	-49.2609	-9.56425
94.2156	-49.2609	-9.5605
94.2153	-49.2577	-9.55863
94.2151	-49.2544	-9.55675
94.2148	-49.2512	-9.55488
95.4855	-49.147	-9.55383
95.4858	-49.1503	-9.5552
95.486	-49.1529	-9.55629
95.4862	-49.1555	-9.55739
95.4863	-49.1566	-9.56004
95.4864	-49.1577	-9.5627
95.4865	-49.1588	-9.56535
95.4865	-49.1588	-9.57065
95.4864	-49.1577	-9.5733
95.4863	-49.1566	-9.57596
95.4862	-49.1555	-9.57861
95.486	-49.1529	-9.57971
95.4858	-49.1503	-9.5808
95.4856	-49.1476	-9.5819
95.4854	-49.145	-9.583

#	Triangle	48
4	2	3	5	2	4	6	2	5	7	2	6	8	2	7	0	1	8	1	2	8
9	16	17	9	15	16	9	14	15	9	13	14	9	12	13	9	10	12	10	11	12
2	10	9
2	11	10
2	1	11
1	0	11
17	2	9	3	2	17
19	16	18	20	16	19	21	16	20	22	16	21	23	16	22	24	16	23	25	16	24
25	17	16
25	3	17	26	3	25
27	3	26
28	3	27
29	3	28
4	3	29
6	36	14	6	35	36	6	34	35	6	33	34	6	32	33	6	31	32
6	30	31
6	5	30
13	6	14	7	6	13
12	7	13	8	7	12
11	8	12	0	8	11
15	43	44	15	42	43	15	41	42	15	40	41	15	39	40	15	38	39	15	37	38	15	14	37
37	23	38
30	29	31
28	31	29
29	30	4
34	33	27
34	27	26
19	42	20
28	27	32
22	38	23	25	35	26
40	21	41
21	20	41
23	37	24	25	24	36
42	19	43
4	30	5
34	26	35
19	18	43
18	44	43
33	32	27
28	32	31
24	37	14
41	20	42
22	21	39
22	39	38
40	39	21
14	36	24
25	36	35
16	44	18	15	44	16

#	Normal	48
-0	-0	1
-0	-0	-1
0.996738	0.0807007	0
0.9962	0.0804143	0.033448
0.996738	0.0807007	-0.000161456
0.996758	0.0804593	-0
-0.0807022	0.996738	-0
-4.85742e-005	-3.98438e-006	0
-0.996733	-0.0807604	-0.000620881
-0.996734	-0.0807593	0
-0.99673	-0.0807678	0.0024424
-0.996732	-0.0807566	-0.00173031
-0.996731	-0.0807638	0.00226706
-0.996732	-0.0807603	-0.00172402
-1.64063e-005	-1.28906e-006	-0
-2.04543e-005	-1.65227e-006	5.61523e-009
-1.23831e-005	-1.00281e-006	-3.61023e-008
0.0814829	-0.996675	-0
-0.996695	-0.0812353	0
0.0807019	-0.996738	-0
3.9668e-005	3.16406e-006	0
0.0742551	-0.920519	-0.383576
0.0305183	-0.381403	0.923905
0.0398218	-0.498755	0.865828
0.040145	-0.498205	0.866129
0.0736324	-0.921078	0.382353
0.0405669	-0.498244	0.866087
0.0398218	-0.498755	-0.865828
0.0394876	-0.498259	0.866129
0.0809099	-0.996721	-0
0.029746	-0.381377	-0.923941
0.0394876	-0.498259	-0.866129
0.0800487	-0.996791	-0
0.0304883	-0.381025	-0.924062
0.0308598	-0.380856	0.924119
0.0754186	-0.920934	0.382351
0.0400742	-0.498211	-0.866129
0.0309007	-0.38136	-0.92391
0.029746	-0.381377	0.923941
0.030173	-0.3819	0.923711
0.0731737	-0.921115	-0.382353
0.030173	-0.3819	-0.923711
0.0405669	-0.498244	-0.866087
0.0754186	-0.920934	-0.382351
0.0736324	-0.921078	-0.382353
0.0731737	-0.921115	0.382353
0.0742551	-0.920519	0.383576
-0.0807628	0.996733	-0

#	Mesh	0	End

