#	Mesh	0	Begin

#	Vertex	72
58.6843	15.4161	0.750901
58.6702	15.415	0.747105
58.6569	15.4139	0.740907
58.6449	15.413	0.732495
58.6346	15.4121	0.722124
58.6262	15.4114	0.71011
58.62	15.4109	0.696818
58.6163	15.4106	0.682652
58.615	15.4105	0.668042
58.6163	15.4106	0.653431
58.62	15.4109	0.639265
58.6262	15.4114	0.625973
58.6346	15.4121	0.613959
58.6449	15.413	0.603589
58.6569	15.4139	0.595176
58.6702	15.415	0.588978
58.6843	15.4161	0.585182
58.6988	15.4173	0.583904
58.7134	15.4185	0.585182
58.7275	15.4196	0.588978
58.7408	15.4207	0.595176
58.7528	15.4217	0.603589
58.7631	15.4225	0.613959
58.7715	15.4232	0.625973
58.7777	15.4237	0.639265
58.7814	15.424	0.653431
58.7827	15.4241	0.668042
58.7814	15.424	0.682652
58.7777	15.4237	0.696818
58.7715	15.4232	0.71011
58.7631	15.4225	0.722124
58.7528	15.4217	0.732495
58.7408	15.4207	0.740907
58.7275	15.4196	0.747105
58.7134	15.4185	0.750901
58.6988	15.4173	0.752179
58.7556	14.5358	0.750901
58.7415	14.5346	0.747105
58.7283	14.5335	0.740907
58.7163	14.5326	0.732495
58.7059	14.5317	0.722124
58.6976	14.5311	0.71011
58.6914	14.5306	0.696818
58.6876	14.5303	0.682652
58.6863	14.5302	0.668042
58.6876	14.5303	0.653431
58.6914	14.5306	0.639265
58.6976	14.5311	0.625973
58.7059	14.5317	0.613959
58.7163	14.5326	0.603589
58.7283	14.5335	0.595176
58.7415	14.5346	0.588978
58.7556	14.5358	0.585182
58.7702	14.5369	0.583904
58.7847	14.5381	0.585182
58.7989	14.5393	0.588978
58.8121	14.5403	0.595176
58.8241	14.5413	0.603589
58.8344	14.5422	0.613959
58.8428	14.5428	0.625973
58.849	14.5433	0.639265
58.8528	14.5436	0.653431
58.854	14.5437	0.668042
58.8528	14.5436	0.682652
58.849	14.5433	0.696818
58.8428	14.5428	0.71011
58.8344	14.5422	0.722124
58.8241	14.5413	0.732495
58.8121	14.5403	0.740907
58.7989	14.5393	0.747105
58.7847	14.5381	0.750901
58.7702	14.5369	0.752179

#	Triangle	83
35	36	71	0	36	35
0	37	36	1	37	0
1	38	37	2	38	1
2	39	38
3	39	2
3	40	39
4	40	3
4	41	40	5	41	4
5	42	41
6	42	5
6	43	42
7	43	6
7	44	43	8	44	7
8	45	44	9	45	8
9	46	45
10	46	9
10	47	46
11	47	10
11	48	47	12	48	11
12	49	48
13	49	12
13	50	49
14	50	13
14	51	50	15	51	14
15	52	51	16	52	15
16	53	52	17	53	16
17	54	53	18	54	17
18	55	54	19	55	18
19	56	55
20	56	19
20	57	56
21	57	20
21	58	57
22	58	21
22	59	58	23	59	22
23	60	59
24	60	23
24	61	60
25	61	24
25	62	61	26	62	25
26	63	62	27	63	26
27	64	63
28	64	27
28	65	64
29	65	28
29	66	65	30	66	29
30	67	66
31	67	30
31	68	67
32	68	31
32	69	68
33	69	32
33	70	69	34	70	33
34	71	70	35	71	34
7	9	8	26	25	27
6	9	7	6	10	9
5	10	6	5	11	10
4	11	5	4	12	11
3	12	4	3	13	12
2	13	3	2	14	13
1	14	2	1	15	14	32	19	33	32	20	19
0	15	1	0	16	15	33	18	34	33	19	18
35	16	0	35	17	16	34	17	35	34	18	17
31	20	32	31	21	20
30	21	31	30	22	21
29	22	30	29	23	22
28	23	29	28	24	23
27	24	28	27	25	24
45	43	44	62	63	61
46	43	45	46	42	43
47	42	46	47	41	42
48	41	47	48	40	41
49	40	48	49	39	40
50	39	49	50	38	39
51	38	50	51	37	38
52	37	51	52	36	37	55	70	54	55	69	70
53	36	52	53	71	36	54	71	53	54	70	71
56	69	55	56	68	69
57	68	56	57	67	68
58	67	57	58	66	67
59	66	58	59	65	66
60	65	59	60	64	65
61	64	60	61	63	64

#	Normal	83
-0.0868732	-0.00703889	0.996195
-0.257954	-0.0209007	0.965931
-0.421304	-0.0341361	0.906277
-0.571641	-0.0463172	0.819195
-0.571639	-0.046317	0.819197
-0.704821	-0.0571081	0.707083
-0.704824	-0.0571082	0.70708
-0.816535	-0.0661596	0.573493
-0.903302	-0.07319	0.422715
-0.9033	-0.0731899	0.422719
-0.962742	-0.0780061	0.258926
-0.962743	-0.0780062	0.258921
-0.992944	-0.0804532	0.087115
-0.992944	-0.0804532	-0.087115
-0.962742	-0.078006	-0.258926
-0.962743	-0.0780062	-0.258921
-0.903302	-0.07319	-0.422715
-0.9033	-0.0731898	-0.422719
-0.816535	-0.0661596	-0.573493
-0.704821	-0.057108	-0.707083
-0.704824	-0.0571083	-0.70708
-0.571641	-0.0463172	-0.819195
-0.571639	-0.0463169	-0.819197
-0.421304	-0.0341361	-0.906277
-0.257954	-0.0209007	-0.965931
-0.0868732	-0.00703889	-0.996195
0.0868732	0.00703889	-0.996195
0.257954	0.0209007	-0.965931
0.421203	0.0341279	-0.906324
0.421304	0.034138	-0.906277
0.571763	0.0463295	-0.81911
0.571641	0.0463172	-0.819195
0.704824	0.0571083	-0.70708
0.704821	0.057108	-0.707083
0.81641	0.0661495	-0.573671
0.903402	0.073198	-0.422501
0.903404	0.0731983	-0.422497
0.962743	0.0780062	-0.258921
0.962742	0.078006	-0.258926
0.992944	0.0804532	-0.087115
0.992944	0.0804532	0.087115
0.962743	0.0780062	0.258921
0.962742	0.0780061	0.258926
0.903402	0.0731981	0.422501
0.903404	0.0731982	0.422497
0.81641	0.0661495	0.573671
0.704824	0.0571082	0.70708
0.704821	0.0571081	0.707083
0.571763	0.0463271	0.81911
0.571641	0.0463197	0.819195
0.421202	0.0341297	0.906324
0.421304	0.0341361	0.906277
0.257954	0.0209007	0.965931
0.0868732	0.00703889	0.996195
-3.0248e-006	3.72107e-005	-0
-0.0804913	0.996755	-0
-0.0808032	0.99673	-0
-0.0808159	0.996729	-0
-0.0807071	0.996738	-0
-0.0807853	0.996732	-0
-0.0807586	0.996734	-0
-0.0807863	0.996731	-0
-0.0807441	0.996735	-0
-0.0807046	0.996738	-0
-0.0808007	0.99673	-0
-0.0807785	0.996732	-0
-0.0806974	0.996739	-0
-0.0807468	0.996735	-0
3.0248e-006	-3.72107e-005	-0
0.0807468	-0.996735	-0
0.0806467	-0.996743	-0
0.0808159	-0.996729	-0
0.0808007	-0.99673	-0
0.0807046	-0.996738	-0
0.0807586	-0.996734	-0
0.0807863	-0.996731	-0
0.0807441	-0.996735	-0
0.080735	-0.996736	-0
0.0808115	-0.996729	-0
0.0807071	-0.996738	-0
0.0807785	-0.996732	-0
0.080854	-0.996726	-0
0.0804913	-0.996755	-0

#	Mesh	0	End

