#	Mesh	0	Begin

#	Vertex	646
78.605	-72.5315	-4.8671
78.6246	-72.5299	-4.85975
78.6443	-72.5283	-4.85239
78.6639	-72.5267	-4.84504
78.6836	-72.5251	-4.83768
78.702	-72.5236	-4.8276
78.7204	-72.5221	-4.81751
78.7388	-72.5206	-4.80743
78.7572	-72.5191	-4.79734
78.774	-72.5178	-4.78473
78.7908	-72.5164	-4.77212
78.8076	-72.5151	-4.7595
78.8244	-72.5137	-4.74689
78.8392	-72.5125	-4.73201
78.8541	-72.5113	-4.71713
78.8689	-72.5101	-4.70225
78.8837	-72.5089	-4.68737
78.8963	-72.5079	-4.67052
78.9089	-72.5069	-4.65367
78.9214	-72.5058	-4.63683
78.934	-72.5048	-4.61998
78.9441	-72.504	-4.60151
78.9541	-72.5032	-4.58304
78.9642	-72.5024	-4.56457
78.9742	-72.5016	-4.54609
78.9816	-72.501	-4.52638
78.9889	-72.5004	-4.50666
78.9962	-72.4998	-4.48694
79.0035	-72.4992	-4.46722
79.008	-72.4988	-4.44666
79.0125	-72.4985	-4.42609
79.0169	-72.4981	-4.40553
79.0214	-72.4977	-4.38497
79.0229	-72.4976	-4.36397
79.0244	-72.4975	-4.34298
79.0255	-72.4974	-4.32741
79.0274	-72.4973	-4.301
79.0255	-72.4974	-4.27459
79.0236	-72.4976	-4.24817
79.0225	-72.4976	-4.2326
79.0214	-72.4977	-4.21703
79.0169	-72.4981	-4.19647
79.0125	-72.4985	-4.17591
79.008	-72.4988	-4.15534
79.0035	-72.4992	-4.13478
78.9962	-72.4998	-4.11506
78.9889	-72.5004	-4.09534
78.9816	-72.501	-4.07562
78.9742	-72.5016	-4.05591
78.9642	-72.5024	-4.03743
78.9541	-72.5032	-4.01896
78.9441	-72.504	-4.00049
78.934	-72.5048	-3.98202
78.9214	-72.5058	-3.96517
78.9089	-72.5069	-3.94833
78.8963	-72.5079	-3.93148
78.8837	-72.5089	-3.91463
78.8689	-72.5101	-3.89975
78.8541	-72.5113	-3.88487
78.8392	-72.5125	-3.86999
78.8244	-72.5137	-3.85511
78.8076	-72.5151	-3.8425
78.7908	-72.5164	-3.82988
78.774	-72.5178	-3.81727
78.7572	-72.5191	-3.80466
78.7388	-72.5206	-3.79457
78.7204	-72.5221	-3.78449
78.702	-72.5236	-3.7744
78.6836	-72.5251	-3.76432
78.6639	-72.5267	-3.75696
78.6443	-72.5283	-3.74961
78.6246	-72.5299	-3.74225
78.605	-72.5315	-3.7349
78.5845	-72.5331	-3.73043
78.564	-72.5348	-3.72595
78.5435	-72.5365	-3.72148
78.523	-72.5381	-3.71701
78.5021	-72.5398	-3.7155
78.4811	-72.5415	-3.714
78.4602	-72.5432	-3.7125
78.4393	-72.5449	-3.711
78.4184	-72.5466	-3.7125
78.3975	-72.5483	-3.714
78.3765	-72.55	-3.7155
78.3556	-72.5517	-3.71701
78.3351	-72.5533	-3.72148
78.3146	-72.555	-3.72595
78.2941	-72.5567	-3.73043
78.2736	-72.5583	-3.7349
78.254	-72.5599	-3.74225
78.2343	-72.5615	-3.74961
78.2147	-72.5631	-3.75696
78.195	-72.5647	-3.76432
78.1766	-72.5662	-3.7744
78.1582	-72.5677	-3.78449
78.1398	-72.5692	-3.79457
78.1214	-72.5707	-3.80466
78.1046	-72.572	-3.81727
78.0878	-72.5734	-3.82988
78.071	-72.5747	-3.8425
78.0542	-72.5761	-3.85511
78.0394	-72.5773	-3.86999
78.0245	-72.5785	-3.88487
78.0097	-72.5797	-3.89975
77.9949	-72.5809	-3.91463
77.9823	-72.5819	-3.93148
77.9697	-72.583	-3.94833
77.9571	-72.584	-3.96517
77.9446	-72.585	-3.98202
77.9345	-72.5858	-4.00049
77.9245	-72.5866	-4.01896
77.9144	-72.5874	-4.03743
77.9044	-72.5883	-4.05591
77.897	-72.5888	-4.07562
77.8897	-72.5894	-4.09534
77.8824	-72.59	-4.11506
77.875	-72.5906	-4.13478
77.8706	-72.591	-4.15534
77.8661	-72.5913	-4.17591
77.8617	-72.5917	-4.19647
77.8572	-72.5921	-4.21703
77.8557	-72.5922	-4.23803
77.8542	-72.5923	-4.25902
77.8531	-72.5924	-4.27459
77.8512	-72.5926	-4.301
77.8531	-72.5924	-4.32741
77.8542	-72.5923	-4.34298
77.8557	-72.5922	-4.36397
77.8572	-72.5921	-4.38497
77.8617	-72.5917	-4.40553
77.8661	-72.5913	-4.42609
77.8706	-72.591	-4.44666
77.875	-72.5906	-4.46722
77.8824	-72.59	-4.48694
77.8897	-72.5894	-4.50666
77.897	-72.5888	-4.52638
77.9044	-72.5883	-4.54609
77.9144	-72.5874	-4.56457
77.9245	-72.5866	-4.58304
77.9345	-72.5858	-4.60151
77.9446	-72.585	-4.61998
77.9571	-72.584	-4.63683
77.9697	-72.583	-4.65367
77.9823	-72.5819	-4.67052
77.9949	-72.5809	-4.68737
78.0097	-72.5797	-4.70225
78.0245	-72.5785	-4.71713
78.0394	-72.5773	-4.73201
78.0542	-72.5761	-4.74689
78.071	-72.5747	-4.7595
78.0878	-72.5734	-4.77212
78.1046	-72.572	-4.78473
78.1214	-72.5707	-4.79734
78.1398	-72.5692	-4.80743
78.1582	-72.5677	-4.81751
78.1766	-72.5662	-4.8276
78.195	-72.5647	-4.83768
78.2147	-72.5631	-4.84504
78.2343	-72.5615	-4.85239
78.254	-72.5599	-4.85975
78.2736	-72.5583	-4.8671
78.2941	-72.5567	-4.87157
78.3146	-72.555	-4.87605
78.3351	-72.5533	-4.88052
78.3556	-72.5517	-4.88499
78.3765	-72.55	-4.8865
78.3975	-72.5483	-4.888
78.4184	-72.5466	-4.8895
78.4393	-72.5449	-4.891
78.4602	-72.5432	-4.8895
78.4811	-72.5415	-4.888
78.5021	-72.5398	-4.8865
78.523	-72.5381	-4.88499
78.5435	-72.5365	-4.88052
78.564	-72.5348	-4.87605
78.5845	-72.5331	-4.87157
78.1947	-72.5607	-3.76432
78.2143	-72.5591	-3.75696
78.234	-72.5575	-3.74961
78.2536	-72.5559	-3.74225
78.2733	-72.5543	-3.7349
78.2938	-72.5527	-3.73043
78.3143	-72.551	-3.72595
78.3348	-72.5494	-3.72148
78.3553	-72.5477	-3.71701
78.3762	-72.546	-3.7155
78.3971	-72.5443	-3.714
78.418	-72.5426	-3.7125
78.439	-72.5409	-3.711
78.4599	-72.5392	-3.7125
78.4808	-72.5375	-3.714
78.5017	-72.5358	-3.7155
78.5227	-72.5341	-3.71701
78.5432	-72.5325	-3.72148
78.5637	-72.5308	-3.72595
78.5842	-72.5292	-3.73043
78.6046	-72.5275	-3.7349
78.6243	-72.5259	-3.74225
78.644	-72.5243	-3.74961
78.6636	-72.5227	-3.75696
78.6833	-72.5211	-3.76432
78.7017	-72.5196	-3.7744
78.7201	-72.5181	-3.78449
78.7385	-72.5166	-3.79457
78.7569	-72.5152	-3.80466
78.7737	-72.5138	-3.81727
78.7905	-72.5124	-3.82988
78.8073	-72.5111	-3.8425
78.8241	-72.5097	-3.85511
78.8389	-72.5085	-3.86999
78.8537	-72.5073	-3.88487
78.8686	-72.5061	-3.89975
78.8834	-72.5049	-3.91463
78.896	-72.5039	-3.93148
78.9085	-72.5029	-3.94833
78.9211	-72.5019	-3.96517
78.9337	-72.5008	-3.98202
78.9437	-72.5	-4.00049
78.9538	-72.4992	-4.01896
78.9639	-72.4984	-4.03743
78.9739	-72.4976	-4.05591
78.9812	-72.497	-4.07562
78.9886	-72.4964	-4.09534
78.9959	-72.4958	-4.11506
79.0032	-72.4952	-4.13478
79.0077	-72.4948	-4.15534
79.0121	-72.4945	-4.17591
79.0166	-72.4941	-4.19647
79.0211	-72.4938	-4.21703
79.0226	-72.4936	-4.23803
79.0241	-72.4935	-4.25902
79.0255	-72.4934	-4.28001
79.027	-72.4933	-4.301
79.0255	-72.4934	-4.32199
79.0241	-72.4935	-4.34298
79.0226	-72.4936	-4.36397
79.0211	-72.4938	-4.38497
79.0166	-72.4941	-4.40553
79.0121	-72.4945	-4.42609
79.0077	-72.4948	-4.44666
79.0032	-72.4952	-4.46722
78.9959	-72.4958	-4.48694
78.9886	-72.4964	-4.50666
78.9812	-72.497	-4.52638
78.9739	-72.4976	-4.54609
78.9639	-72.4984	-4.56457
78.9538	-72.4992	-4.58304
78.9437	-72.5	-4.60151
78.9337	-72.5008	-4.61998
78.9211	-72.5019	-4.63683
78.9085	-72.5029	-4.65367
78.896	-72.5039	-4.67052
78.8834	-72.5049	-4.68737
78.8686	-72.5061	-4.70225
78.8537	-72.5073	-4.71713
78.8389	-72.5085	-4.73201
78.8241	-72.5097	-4.74689
78.8073	-72.5111	-4.7595
78.7905	-72.5124	-4.77212
78.7737	-72.5138	-4.78473
78.7569	-72.5152	-4.79734
78.7385	-72.5166	-4.80743
78.7201	-72.5181	-4.81751
78.7017	-72.5196	-4.8276
78.6833	-72.5211	-4.83768
78.6636	-72.5227	-4.84504
78.644	-72.5243	-4.85239
78.6243	-72.5259	-4.85975
78.6046	-72.5275	-4.8671
78.5842	-72.5292	-4.87157
78.5637	-72.5308	-4.87605
78.5432	-72.5325	-4.88052
78.5227	-72.5341	-4.88499
78.5017	-72.5358	-4.8865
78.4808	-72.5375	-4.888
78.4599	-72.5392	-4.8895
78.439	-72.5409	-4.891
78.418	-72.5426	-4.8895
78.3971	-72.5443	-4.888
78.3762	-72.546	-4.8865
78.3553	-72.5477	-4.88499
78.3348	-72.5494	-4.88052
78.3143	-72.551	-4.87605
78.2938	-72.5527	-4.87157
78.2733	-72.5543	-4.8671
78.2536	-72.5559	-4.85975
78.234	-72.5575	-4.85239
78.2143	-72.5591	-4.84504
78.1947	-72.5607	-4.83768
78.1763	-72.5622	-4.8276
78.1579	-72.5637	-4.81751
78.1394	-72.5652	-4.80743
78.121	-72.5667	-4.79734
78.1042	-72.568	-4.78473
78.0875	-72.5694	-4.77212
78.0707	-72.5708	-4.7595
78.0539	-72.5721	-4.74689
78.039	-72.5733	-4.73201
78.0242	-72.5745	-4.71713
78.0094	-72.5757	-4.70225
77.9945	-72.5769	-4.68737
77.982	-72.5779	-4.67052
77.9694	-72.579	-4.65367
77.9568	-72.58	-4.63683
77.9443	-72.581	-4.61998
77.9342	-72.5818	-4.60151
77.9241	-72.5826	-4.58304
77.9141	-72.5834	-4.56457
77.904	-72.5843	-4.54609
77.8967	-72.5849	-4.52638
77.8894	-72.5854	-4.50666
77.8821	-72.586	-4.48694
77.8747	-72.5866	-4.46722
77.8703	-72.587	-4.44666
77.8658	-72.5874	-4.42609
77.8613	-72.5877	-4.40553
77.8569	-72.5881	-4.38497
77.8554	-72.5882	-4.36397
77.8539	-72.5883	-4.34298
77.8524	-72.5884	-4.32199
77.8509	-72.5886	-4.301
77.8524	-72.5884	-4.28001
77.8539	-72.5883	-4.25902
77.8554	-72.5882	-4.23803
77.8569	-72.5881	-4.21703
77.8613	-72.5877	-4.19647
77.8658	-72.5874	-4.17591
77.8703	-72.587	-4.15534
77.8747	-72.5866	-4.13478
77.8821	-72.586	-4.11506
77.8894	-72.5854	-4.09534
77.8967	-72.5849	-4.07562
77.904	-72.5843	-4.05591
77.9141	-72.5834	-4.03743
77.9241	-72.5826	-4.01896
77.9342	-72.5818	-4.00049
77.9443	-72.581	-3.98202
77.9568	-72.58	-3.96517
77.9694	-72.579	-3.94833
77.982	-72.5779	-3.93148
77.9945	-72.5769	-3.91463
78.0094	-72.5757	-3.89975
78.0242	-72.5745	-3.88487
78.039	-72.5733	-3.86999
78.0539	-72.5721	-3.85511
78.0707	-72.5708	-3.8425
78.0875	-72.5694	-3.82988
78.1042	-72.568	-3.81727
78.121	-72.5667	-3.80466
78.1394	-72.5652	-3.79457
78.1579	-72.5637	-3.78449
78.1763	-72.5622	-3.7744
78.2387	-72.5571	-3.78902
78.1649	-72.5631	-3.82469
78.0972	-72.5686	-3.87099
78.0371	-72.5735	-3.92691
77.986	-72.5776	-3.99117
77.9451	-72.5809	-4.06236
77.9151	-72.5834	-4.13888
77.8969	-72.5848	-4.21903
77.8908	-72.5853	-4.301
77.8969	-72.5848	-4.38297
77.9151	-72.5834	-4.46312
77.9451	-72.5809	-4.53964
77.986	-72.5776	-4.61083
78.0371	-72.5735	-4.6751
78.0972	-72.5686	-4.73101
78.1649	-72.5631	-4.77731
78.2387	-72.5571	-4.81298
78.317	-72.5508	-4.83721
78.398	-72.5442	-4.84946
78.4799	-72.5376	-4.84946
78.561	-72.531	-4.83721
78.6393	-72.5247	-4.81298
78.7131	-72.5187	-4.77731
78.7808	-72.5132	-4.73101
78.8408	-72.5084	-4.6751
78.8919	-72.5042	-4.61083
78.9329	-72.5009	-4.53964
78.9628	-72.4985	-4.46312
78.9811	-72.497	-4.38297
78.9872	-72.4965	-4.301
78.9811	-72.497	-4.21903
78.9628	-72.4985	-4.13888
78.9329	-72.5009	-4.06236
78.8919	-72.5042	-3.99117
78.8408	-72.5084	-3.92691
78.7808	-72.5132	-3.87099
78.7131	-72.5187	-3.82469
78.6393	-72.5247	-3.78902
78.561	-72.531	-3.76479
78.4799	-72.5376	-3.75254
78.398	-72.5442	-3.75254
78.317	-72.5508	-3.76479
77.5662	-71.6756	-4.616
77.5662	-71.6756	-3.986
77.6854	-71.6659	-3.986
77.7656	-71.6594	-3.986
77.8653	-71.6513	-3.986
77.9649	-71.6433	-3.986
78.0646	-71.6352	-3.986
78.1643	-71.6271	-3.986
78.2639	-71.619	-3.986
78.3636	-71.611	-3.986
78.4438	-71.6045	-3.986
78.524	-71.598	-3.986
78.6042	-71.5915	-3.986
78.6844	-71.585	-3.986
78.8035	-71.5753	-3.986
78.9227	-71.5657	-3.986
79.0419	-71.556	-3.986
79.161	-71.5463	-3.986
79.161	-71.5463	-4.616
79.0419	-71.556	-4.616
78.9617	-71.5625	-4.616
78.862	-71.5706	-4.616
78.7623	-71.5786	-4.616
78.6626	-71.5867	-4.616
78.563	-71.5948	-4.616
78.4633	-71.6029	-4.616
78.3636	-71.611	-4.616
78.2834	-71.6175	-4.616
78.2032	-71.6239	-4.616
78.1231	-71.6304	-4.616
78.0429	-71.6369	-4.616
77.9237	-71.6466	-4.616
77.8046	-71.6563	-4.616
77.6854	-71.6659	-4.616
77.8374	-72.4358	-4.24922
77.7841	-72.2862	-4.19744
77.7307	-72.1367	-4.14566
77.6774	-71.9871	-4.09388
77.6218	-71.8313	-4.03994
77.6218	-71.8313	-4.56206
77.6774	-71.9871	-4.50812
77.7307	-72.1367	-4.45634
77.7841	-72.2862	-4.40456
77.8374	-72.4358	-4.35278
77.9479	-72.4654	-4.58093
77.9123	-72.4947	-4.51277
77.893	-72.3919	-4.52549
77.8769	-72.4712	-4.44711
77.9737	-71.7406	-4.62371
78.0474	-71.7996	-4.63751
77.9805	-71.84	-4.63116
78.4307	-72.4384	-4.82508
78.5	-72.3756	-4.80647
77.8625	-72.2206	-4.54812
77.7662	-72.0945	-4.5122
77.8152	-72.0529	-4.55924
77.7429	-71.969	-4.54752
77.8087	-71.9331	-4.58279
78.2669	-72.4046	-4.79277
78.189	-72.3878	-4.76309
78.182	-72.2876	-4.74366
78.255	-71.92	-4.68564
78.3093	-71.7651	-4.65285
78.3953	-71.9016	-4.68959
78.0388	-72.4485	-4.67917
78.3519	-72.3876	-4.80645
78.3036	-72.2542	-4.76809
78.4215	-72.3248	-4.79639
78.8812	-71.7833	-4.61115
78.9077	-71.68	-4.60992
78.9558	-71.779	-4.59245
78.9118	-72.4038	-4.58022
78.9083	-72.2307	-4.58763
78.9528	-72.35	-4.52013
78.1189	-72.4166	-4.73305
78.8599	-72.3575	-4.63947
78.9894	-72.3728	-4.43094
78.7291	-72.2999	-4.72303
78.7389	-72.4134	-4.74005
78.6685	-72.3619	-4.76306
78.0689	-72.2759	-4.69239
77.9247	-72.3301	-4.58276
77.941	-72.2346	-4.61116
78.5862	-72.3709	-4.791
78.5407	-71.7339	-4.64628
78.5518	-71.8657	-4.67562
78.4773	-71.8351	-4.67228
78.7223	-72.1756	-4.70279
78.7777	-72.0464	-4.66018
78.8158	-72.2137	-4.66038
78.4967	-72.2646	-4.7785
77.8366	-72.3416	-4.45899
79.078	-71.6487	-4.59177
78.997	-71.6684	-4.59912
79.0443	-72.1841	-4.40456
79.0157	-72.3403	-4.35278
78.1286	-72.1182	-4.69888
78.795	-72.3517	-4.69283
78.9423	-72.117	-4.56294
78.8705	-72.1023	-4.61723
78.4828	-71.9326	-4.69611
78.6027	-71.9756	-4.69445
78.6525	-72.252	-4.744
78.5712	-72.2066	-4.75377
78.488	-72.1491	-4.74994
77.7982	-72.2085	-4.48589
78.9873	-72.1893	-4.50098
77.9853	-72.3483	-4.63708
78.9977	-72.0717	-4.51945
79.0177	-71.9555	-4.53294
79.0446	-71.7742	-4.56659
77.8916	-71.7562	-4.61629
77.8881	-72.1279	-4.58821
77.8907	-72.014	-4.60356
77.8214	-71.8184	-4.60284
77.7403	-71.8402	-4.58326
78.2226	-72.169	-4.73346
78.1722	-71.7863	-4.64875
78.657	-72.0823	-4.70612
78.5194	-72.0372	-4.71941
78.6874	-71.911	-4.66633
78.6438	-71.742	-4.64244
78.7413	-71.7936	-4.63912
79.0729	-72.0279	-4.45634
79.1015	-71.8717	-4.50812
78.9187	-71.8809	-4.59597
78.8285	-71.8613	-4.62622
78.9276	-71.993	-4.58428
78.8501	-71.9819	-4.62397
78.4006	-72.1898	-4.76202
78.0062	-72.2079	-4.65466
78.0406	-72.1026	-4.66616
78.1178	-71.9369	-4.66839
78.2077	-72.037	-4.7039
77.904	-71.877	-4.61609
78.4204	-72.0533	-4.728
78.3222	-72.0785	-4.72949
78.4378	-71.7489	-4.65152
78.7694	-71.9343	-4.64955
78.7202	-71.6796	-4.62747
78.8195	-71.7108	-4.62096
78.0063	-71.9352	-4.64293
77.9596	-72.1158	-4.63008
79.1312	-71.709	-4.56206
79.1312	-71.709	-4.03994
79.1015	-71.8717	-4.09388
79.0729	-72.0279	-4.14566
79.0443	-72.1841	-4.19744
79.0157	-72.3403	-4.24922
78.9115	-72.3873	-4.02107
78.9514	-72.4105	-4.08923
78.9538	-72.3059	-4.07651
78.9825	-72.3816	-4.15489
78.7693	-71.6761	-3.97829
78.7061	-71.7463	-3.96449
78.7787	-71.7753	-3.97084
78.4307	-72.4384	-3.77692
78.3521	-72.3876	-3.79553
78.9564	-72.1319	-4.05388
79.0311	-71.992	-4.0898
78.976	-71.9588	-4.04276
79.0339	-71.8644	-4.05448
78.9631	-71.8395	-4.01921
78.5869	-72.3787	-3.80923
78.661	-72.3495	-3.83891
78.6518	-72.2495	-3.85834
78.5206	-71.8985	-3.91636
78.442	-71.7543	-3.94915
78.3791	-71.9029	-3.91241
78.8191	-72.3853	-3.92283
78.5002	-72.3756	-3.79555
78.5264	-72.2361	-3.83391
78.4215	-72.3248	-3.80561
77.8805	-71.8644	-3.99085
77.8377	-71.7667	-3.99208
77.8062	-71.8721	-4.00955
77.9503	-72.4817	-4.02178
77.9258	-72.3104	-4.01437
77.9011	-72.4352	-4.08187
78.7349	-72.3667	-3.86895
77.994	-72.4276	-3.96253
77.8687	-72.4636	-4.17106
78.1138	-72.3497	-3.87897
78.1224	-72.4633	-3.86195
78.1836	-72.4012	-3.83894
78.7615	-72.2198	-3.90961
78.9126	-72.2501	-4.01924
78.8812	-72.1584	-3.99084
78.2663	-72.3968	-3.811
78.2087	-71.7608	-3.95572
78.2189	-71.8927	-3.92638
78.2875	-71.8505	-3.92972
78.1005	-72.226	-3.89921
78.0251	-72.1074	-3.94182
78.0144	-72.2786	-3.94162
78.3375	-72.2775	-3.8235
79.0014	-72.2472	-4.14301
77.6647	-71.7632	-4.01023
77.7478	-71.7696	-4.00288
78.6773	-72.0737	-3.90312
78.0572	-72.4115	-3.90917
77.874	-72.2036	-4.03906
77.9424	-72.1775	-3.98477
78.2978	-71.9476	-3.90589
78.1864	-72.0093	-3.90755
78.1817	-72.2901	-3.858
78.2547	-72.2322	-3.84823
78.3275	-72.1621	-3.85206
79.0179	-72.1097	-4.11611
77.8411	-72.2822	-4.10102
78.8557	-72.2777	-3.96492
77.812	-72.1678	-4.08255
77.7735	-72.0563	-4.06906
77.7178	-71.8817	-4.03541
78.8529	-71.6783	-3.98571
78.9162	-72.0446	-4.01379
78.8953	-71.9326	-3.99844
78.9322	-71.7283	-3.99916
79.0157	-71.7369	-4.01874
78.5927	-72.139	-3.86854
78.5808	-71.7532	-3.95325
78.15	-72.1234	-3.89588
78.2785	-72.0567	-3.88259
78.0923	-71.9592	-3.93567
78.1082	-71.7854	-3.95956
78.0202	-71.852	-3.96288
77.8592	-71.9667	-4.00603
77.9452	-71.9329	-3.97578
77.8685	-72.0788	-4.01772
77.9431	-72.0553	-3.97803
78.4203	-72.1882	-3.83998
78.8125	-72.1425	-3.94734
78.7615	-72.0441	-3.93584
78.6587	-71.8931	-3.93361
78.5861	-72.0064	-3.8981
78.8601	-71.7995	-3.98591
78.3789	-72.0567	-3.874
78.4798	-72.0657	-3.87251
78.3126	-71.7591	-3.95048
78.0152	-71.9954	-3.95245
78.0227	-71.7361	-3.97453
77.9297	-71.7829	-3.98104
78.7685	-71.8734	-3.95907
78.8436	-72.0441	-3.97192
77.5264	-71.6788	-3.946
77.5264	-71.6788	-4.656
79.2009	-71.5431	-4.656
79.2009	-71.5431	-3.946
77.526	-71.6748	-3.946
79.2006	-71.5391	-3.946
79.2006	-71.5391	-4.656
77.526	-71.6748	-4.656

#	Triangle	878
169	167	168	170	167	169	79	81	82	80	81	79
170	166	167	171	166	170	79	82	78
171	165	166
172	165	171	16	145	15	57	103	104	77	83	84
172	164	165	77	84	76
173	164	172
173	163	164
174	163	173
174	162	163
175	162	174	74	86	87
175	161	162	74	87	73
0	161	175
0	160	161
1	160	0
1	159	160	69	92	68
2	159	1
2	158	159
3	158	2	70	90	91
3	157	158	70	91	69
4	157	3
4	156	157
5	156	4	68	92	93
5	155	156	68	93	67
6	155	5	67	93	94
6	154	155	67	94	66
7	154	6	66	94	95
7	153	154	66	95	65
8	153	7	65	95	96
8	152	153	65	96	64
9	152	8	64	96	97
9	151	152	64	97	63
10	151	9
10	150	151
11	150	10	62	98	99
11	149	150	62	99	61
12	149	11
12	148	149
13	148	12
13	147	148
14	147	13
14	146	147
15	146	14	58	102	103
15	145	146	58	103	57
16	144	145	57	104	56
17	144	16
17	143	144
18	143	17	55	105	106
18	142	143	55	106	54
19	142	18
19	141	142
20	141	19
20	140	141
21	140	20	23	138	22	52	108	109
21	139	140	50	111	49	52	109	51
22	139	21
22	138	139
23	137	138
24	137	23	51	109	110
24	136	137
25	136	24	26	135	25	46	114	115	48	112	113
25	135	136	47	114	46	48	113	47
26	134	135
27	134	26	47	113	114
27	133	134	28	132	133	45	116	44
28	133	27	45	115	116
29	132	28	42	118	119
29	131	132
30	131	29	32	129	31	43	117	118
30	130	131	43	118	42
31	130	30	78	83	77
31	129	130	44	117	43
32	128	129
33	128	32
33	127	128
34	127	33
34	126	127
35	126	34
35	125	126
36	125	35
36	124	125
37	124	36
37	123	124
38	123	37
38	122	123
38	121	122
39	121	38
39	120	121
40	120	39
41	120	40
41	119	120
42	119	41
44	116	117
46	115	45
49	112	48
49	111	112
50	110	111
51	110	50
53	108	52
53	107	108
54	107	53
54	106	107
56	105	55
56	104	105
59	102	58
59	101	102
60	101	59
60	100	101
61	100	60
61	99	100
63	98	62
63	97	98
69	91	92
71	90	70
71	89	90
72	89	71
72	88	89
73	88	72
73	87	88
75	86	74
75	85	86
76	85	75
76	84	85
78	82	83
277	275	276	278	275	277	187	189	190	188	189	187
278	274	275	187	190	186
279	274	278	186	190	191
279	273	274	186	191	185
280	273	279	185	191	192
280	272	273	185	192	184
281	272	280
281	271	272
282	271	281	183	193	194
282	270	271
283	270	282	182	194	195
283	269	270	182	195	181
284	269	283	181	195	196
284	268	269	181	196	180
285	268	284	180	196	197
285	267	268	180	197	179
286	267	285
286	266	267
287	266	286
287	265	266
288	265	287
288	264	265
289	264	288	176	200	201
289	263	264	176	201	351
290	263	289	351	201	202
290	262	263	351	202	350
291	262	290	350	202	203
291	261	262	350	203	349
292	261	291	349	203	204
292	260	261	349	204	348
293	260	292	348	204	205
293	259	260	348	205	347
294	259	293	347	205	206
294	258	259	347	206	346
295	258	294	346	206	207
295	257	258	346	207	345
296	257	295
296	256	257
297	256	296
297	255	256
298	255	297	343	209	210
298	254	255	343	210	342
299	254	298	342	210	211
299	253	254	328	224	225	342	211	341
300	253	299	341	211	212
300	252	253	341	212	340
301	252	300	340	212	213
301	251	252	340	213	339
302	251	301	339	213	214
302	250	251	339	214	338
303	250	302	338	214	215
303	249	250	338	215	337
304	249	303	337	215	216
304	248	249	337	216	336
305	248	304	336	216	217
305	247	248	336	217	335
306	247	305	335	217	218
306	246	247	335	218	334
307	246	306	334	218	219
307	245	246	334	219	333
308	245	307
308	244	245
309	244	308
309	243	244
310	243	309	311	242	310	330	222	223	331	221	222
310	242	243	311	241	242	330	223	329	331	222	330
312	241	311	329	223	224
312	240	241	329	224	328
313	240	312
313	239	240
314	239	313	327	225	226
314	238	239	327	226	326
315	238	314	326	226	227
315	237	238	326	227	325
316	237	315
316	236	237
317	236	316
317	235	236
318	235	317
318	234	235
319	234	318
319	233	234
320	233	319	321	231	232
320	232	233	321	232	320
322	231	321
322	230	231
323	230	322
323	229	230
324	229	323
324	228	229
325	228	324
325	227	228
328	225	327
332	221	331
332	220	221
333	220	332
333	219	220
344	209	343
344	208	209
345	208	344
345	207	208
177	200	176
177	199	200
178	199	177
178	198	199
179	198	178
179	197	198
183	194	182
184	193	183
184	192	193
140	305	304	140	306	305	140	307	306	140	308	307	140	139	308	139	138	308	138	137	308	137	136	308
144	301	300	144	303	302	144	304	303	143	142	304	142	141	304
144	302	301	141	140	304
144	143	304
128	317	316	128	318	317	128	319	318	128	320	319	127	126	320
128	127	320
126	125	320
125	124	320
160	285	284	160	286	285	160	287	286	160	288	287	160	159	288	159	158	288	158	157	288	157	156	288
164	281	280	164	282	281	164	283	282	163	162	284	162	161	284	161	160	284
164	284	283
164	163	284
4	265	264	4	266	265	4	267	266	4	268	267	4	3	268	3	2	268	2	1	268	1	0	268
156	289	288	156	290	289	156	291	290	156	292	291	156	155	292	155	154	292	154	153	292	153	152	292
12	257	256	12	258	257	12	259	258	12	260	259	12	11	260	11	10	260	10	9	260	9	8	260
168	277	276	168	278	277	167	166	280	166	165	280	165	164	280
168	279	278	168	280	279	168	167	280
136	309	308	136	310	309	136	311	310	136	312	311	135	134	312	134	133	312	133	132	312
136	135	312
8	261	260	8	262	261	8	263	262	8	264	263	8	7	264	7	6	264	6	5	264	5	4	264
132	313	312	132	314	313	132	315	314	132	316	315	132	131	316	131	130	316	130	129	316	129	128	316
148	297	296	148	298	297	148	299	298	148	300	299	148	147	300
147	146	300	146	145	300	145	144	300
152	293	292	152	294	293	152	295	294	152	296	295	152	151	296	150	149	296	149	148	296
151	150	296
28	241	240	28	242	241	28	243	242	28	27	244	27	26	244	26	25	244	25	24	244
28	244	243
0	269	268	0	270	269	0	271	270	0	272	271	174	173	272	173	172	272
0	175	272
175	174	272
32	237	236	32	238	237	32	239	238	32	240	239	31	30	240	30	29	240	29	28	240
32	31	240
24	245	244	24	246	245	24	247	246	22	21	248	21	20	248
24	248	247
24	23	248	23	22	248
36	233	232	36	234	233	36	235	234	34	33	236	33	32	236
36	236	235
36	35	236
35	34	236
16	253	252	16	254	253	16	255	254	16	256	255
16	15	256	15	14	256	14	13	256	13	12	256
20	249	248	20	250	249	20	252	251	20	19	252	18	17	252	17	16	252
20	251	250	19	18	252
172	273	272	172	274	273	172	275	274	172	276	275	172	171	276	171	170	276	170	169	276	169	168	276
48	221	220	48	222	221	48	223	222	48	47	224	47	46	224	46	45	224	45	44	224
48	224	223
56	213	212	56	214	213	54	53	216	53	52	216
56	215	214	56	216	215	56	55	216	55	54	216
60	209	208	60	211	210	60	59	212	59	58	212	57	56	212
60	210	209	60	212	211	58	57	212
76	193	192	76	194	193	76	196	195	74	73	196	73	72	196
76	195	194
76	75	196
75	74	196
44	225	224	44	226	225	44	227	226	44	228	227	44	43	228	43	42	228	41	40	228
42	41	228
80	189	188	80	190	189	80	191	190	80	192	191	80	79	192	79	78	192	78	77	192	77	76	192
52	217	216	52	218	217	52	219	218	52	220	219	52	51	220	50	49	220	49	48	220
51	50	220
40	229	228	40	230	229	40	231	230
40	232	231
40	39	232	39	38	232
38	37	232
37	36	232
68	201	200	68	202	201	68	203	202	68	204	203	68	67	204	67	66	204	66	65	204	65	64	204
64	205	204	64	206	205	64	207	206	64	208	207	64	63	208	62	61	208	61	60	208
63	62	208
72	197	196	72	198	197	72	199	198	72	200	199	72	71	200	71	70	200	70	69	200	69	68	200
96	349	348	96	350	349	96	351	350	96	176	351	96	95	176	95	94	176	94	93	176	93	92	176
116	329	328	116	330	329	116	331	330	116	115	332	115	114	332	114	113	332	113	112	332
116	332	331
88	181	180	88	182	181	88	183	182	87	86	184	86	85	184	85	84	184
88	184	183
88	87	184
100	345	344	100	347	346	99	98	348	98	97	348	97	96	348
100	346	345	100	348	347	100	99	348
120	325	324	120	326	325	120	327	326	119	118	328	118	117	328	117	116	328
120	328	327	120	119	328
92	177	176	92	178	177	92	179	178	92	180	179	92	91	180	91	90	180	90	89	180	89	88	180
112	333	332	112	334	333	112	335	334	111	110	336	110	109	336	109	108	336
112	336	335	112	111	336
124	321	320	124	322	321	124	323	322	122	121	324	121	120	324
124	324	323
124	123	324
123	122	324
104	341	340	104	343	342	103	102	344
104	342	341	104	344	343	104	103	344	101	100	344
102	101	344
108	337	336	108	338	337	108	340	339	107	106	340	106	105	340
108	339	338	108	107	340	105	104	340
84	185	184	84	186	185	84	187	186	84	83	188	82	81	188	81	80	188
84	188	187	83	82	188
372	370	371	391	392	393
372	369	370	391	393	390
373	369	372
373	368	369
374	368	373	389	352	353
374	367	368	389	353	388
375	367	374
375	366	367
376	366	375	387	354	355
376	365	366	387	355	386
377	365	376	386	355	356
377	364	365	386	356	385
378	364	377
378	363	364
379	363	378
379	362	363
380	362	379
380	361	362
381	361	380	382	359	360
381	360	361	382	360	381
383	359	382
383	358	359
384	358	383
384	357	358
385	357	384
385	356	357
388	354	387
388	353	354
390	352	389
390	393	352
395	427	394
395	426	427
395	425	426	408	409	412	409	410	412
395	424	425
395	423	424
395	422	423	405	406	412	406	407	412
395	421	422	404	405	412
395	420	421
395	419	420	395	418	419
395	417	418
395	416	417	398	399	412	399	400	412	400	401	412
395	415	416
395	414	415
395	413	414
395	412	413
395	396	412
396	397	412
397	398	412
401	402	412
402	403	412
403	404	412
407	408	412
410	411	412
433	395	394
434	395	433
435	395	434
436	395	435
437	395	436
360	428	437
428	429	437
429	430	437
430	431	437
431	432	437
432	395	437
440	438	439
439	362	441
444	442	443
446	371	445
449	447	448
449	450	451
448	450	449
369	368	452
454	452	453
453	368	367
457	455	456
364	438	458
461	459	460
464	462	463
467	465	466
468	453	367
468	366	458
376	469	377
363	438	364
467	470	379
473	471	472
454	468	474
375	374	472
445	371	370
476	475	447
477	473	373
373	372	477
480	478	479
483	481	482
467	379	378
477	446	484
485	440	441
487	413	486
381	488	489	420	422	421	403	405	404
470	488	381
490	454	474
366	468	367
446	372	371
491	376	375
363	362	439
381	380	470
465	377	469
493	492	466
466	469	483
495	494	479
369	452	459
473	496	471
498	497	484
441	362	361
436	499	485
467	378	465
500	488	470
437	361	360
477	496	473
454	460	452
445	459	461
365	458	366
474	468	458
472	491	375
483	469	491
500	467	466
440	475	438
458	438	501
441	361	437
436	485	437
473	374	373
471	491	472
459	370	369
461	446	445
466	483	493
502	500	492
504	503	464
500	502	488
441	437	485
447	499	448
485	499	447
442	444	505
485	447	440
507	506	449
447	506	476
427	508	509
449	451	507
460	454	510
511	443	423
513	495	512
516	514	515
502	517	488
503	518	517
520	462	519
521	519	503
493	522	521
413	487	414
490	510	454
484	461	523
512	481	496
492	493	521
499	436	435
448	499	435
476	524	501
525	490	474
525	474	524
527	526	455
450	434	433
528	451	508
471	483	491
469	376	491
370	459	445
452	460	459
512	514	482
464	463	487
374	473	472
497	496	477
497	512	496
496	481	471
497	513	512
514	512	495
512	482	481
481	483	471
484	497	477
529	513	498
530	455	457
456	531	457
515	479	478
514	532	482
417	515	418
515	514	479
534	516	533
484	446	461
477	372	446
523	461	460
498	484	523
523	460	530
523	529	498
530	529	523
498	513	497
529	530	457
457	494	529
493	483	482
519	522	520
503	502	521
500	466	492
492	521	502
503	517	502
527	530	510
455	526	511
455	511	456
531	456	420
456	422	420
478	419	418
479	494	480
443	511	526
419	531	420
526	535	443
528	508	505
490	525	526
424	443	442
536	507	535
463	462	534
487	504	464
486	412	537
504	487	486
416	415	534
414	487	463
520	516	534
504	537	518
518	503	504
463	534	415
415	414	463
413	412	486
537	504	486
532	516	520
515	417	533
464	519	462
520	534	462
464	503	519
522	519	521
522	493	482
482	532	522
416	533	417
416	534	533
516	515	533
448	435	434
434	450	448
509	450	433
509	451	450
509	508	451
506	507	536
507	451	528
528	535	507
509	433	427
425	505	426
508	426	505
425	442	505
425	424	442
444	443	535
444	535	528
528	505	444
536	476	506
447	449	506
536	524	476
475	476	501
525	524	536
474	501	524
525	536	535
535	526	525
501	438	475
440	447	475
490	527	510
510	530	460
490	526	527
455	530	527
441	440	439
438	363	439
368	453	452
453	468	454
364	458	365
501	474	458
378	377	465
469	466	465
380	379	470
467	500	470
394	427	433
513	494	495
427	426	508
479	514	495
513	529	494
531	480	457
494	457	480
531	478	480
514	516	532
520	522	532
511	422	456
531	419	478
478	418	515
424	423	443
511	423	422
411	537	412
411	518	537
411	517	518
411	488	517
411	489	488
411	538	489
538	539	489
539	540	489
540	541	489
541	542	489
542	381	489
545	543	544
544	383	546
549	547	548
551	392	550
554	552	553
554	555	556
553	555	554
390	389	557
559	557	558
558	389	388
562	560	561
385	543	563
566	564	565
569	567	568
572	570	571
573	558	388
573	387	563
355	574	356
384	543	385
572	575	358
578	576	577
559	573	579
354	353	577
550	392	391
581	580	552
582	578	352
352	393	582
585	583	584
588	586	587
572	358	357
582	551	589
590	545	546
592	396	591
360	429	428
575	429	360
593	559	579
387	573	388
551	393	392
594	355	354
384	383	544
360	359	575
570	356	574
596	595	571
571	574	588
598	597	584
390	557	564
578	599	576
601	600	589
546	383	382
541	602	590
572	357	570
603	429	575
542	382	381
582	599	578
559	565	557
550	564	566
386	563	387
579	573	563
577	594	354
588	574	594
603	572	571
545	580	543
563	543	604
546	382	542
541	590	542
578	353	352
576	594	577
564	391	390
566	551	550
571	588	596
605	603	595
607	606	569
603	605	429
546	542	590
552	602	553
590	602	552
547	549	608
590	552	545
610	609	554
552	609	581
410	611	612
554	556	610
565	559	613
614	548	406
616	598	615
619	617	618
605	430	429
606	431	430
621	567	620
622	620	606
596	623	622
396	592	397
593	613	559
589	566	624
615	586	599
595	596	622
602	541	540
553	602	540
581	625	604
626	593	579
626	579	625
628	627	560
555	539	538
629	556	611
576	588	594
574	355	594
391	564	550
557	565	564
615	617	587
569	568	592
353	578	577
600	599	582
600	615	599
599	586	576
600	616	615
617	615	598
615	587	586
586	588	576
589	600	582
630	616	601
631	560	562
561	632	562
618	584	583
617	633	587
400	618	401
618	617	584
635	619	634
589	551	566
582	393	551
624	566	565
601	589	624
624	565	631
624	630	601
631	630	624
601	616	600
630	631	562
562	597	630
596	588	587
620	623	621
606	605	622
603	571	595
595	622	605
606	430	605
628	631	613
560	627	614
560	614	561
632	561	403
561	405	403
583	402	401
584	597	585
548	614	627
402	632	403
627	636	548
629	611	608
593	626	627
407	548	547
637	610	636
568	567	635
592	607	569
591	395	432
607	592	591
399	398	635
397	592	568
621	619	635
607	432	431
431	606	607
568	635	398
398	397	568
396	395	591
432	607	591
633	619	621
618	400	634
569	620	567
621	635	567
569	606	620
623	620	622
623	596	587
587	633	623
399	634	400
399	635	634
619	618	634
553	540	539
539	555	553
612	555	538
612	556	555
612	611	556
609	610	637
610	556	629
629	636	610
612	538	410
408	608	409
611	409	608
408	547	608
408	407	547
549	548	636
549	636	629
629	608	549
637	581	609
552	554	609
637	625	581
580	581	604
626	625	637
579	604	625
626	637	636
636	627	626
604	543	580
545	552	580
593	628	613
613	631	565
593	627	628
560	631	628
546	545	544
543	384	544
389	558	557
558	573	559
385	563	386
604	579	563
357	356	570
574	571	570
359	358	575
572	603	575
411	410	538
616	597	598
410	409	611
584	617	598
616	630	597
632	585	562
597	562	585
632	583	585
617	619	633
621	623	633
614	405	561
632	402	583
583	401	618
407	406	548
614	406	405
641	639	640	638	639	641
645	643	644	642	643	645
645	638	642	639	638	645
644	639	645	640	639	644
643	640	644	641	640	643
642	641	643	638	641	642

#	Normal	878
5.0909e-006	-6.28269e-005	-2.97322e-016
0.0807659	-0.996733	-2.35918e-012
0.0807609	-0.996733	0.000350183
0.0807609	-0.996734	7.00366e-005
0.0807622	-0.996733	-5.25282e-005
0.0807621	-0.996733	0.000671151
0.0807566	-0.996733	0.000903146
0.0807566	-0.996733	-0.00104429
0.0807504	-0.996734	-0.000725128
0.0807504	-0.996734	0.000866067
0.080777	-0.996732	-0.000743819
0.080777	-0.996732	0.000602821
0.0807698	-0.996732	0.0011049
0.0807698	-0.996732	-0.000849086
0.0807555	-0.996734	-0.000162375
0.0807555	-0.996734	0.000162375
0.0807628	-0.996733	-0.000228484
0.0807628	-0.996733	0.000142691
0.0807675	-0.996733	-0.000130206
0.0807675	-0.996733	0.000130206
0.0807555	-0.996734	0.000896481
0.0807555	-0.996734	8.99712e-005
0.080759	-0.996734	-8.36674e-005
0.080759	-0.996734	2.1112e-005
0.0807597	-0.996734	-1.97291e-005
0.0807597	-0.996734	8.2285e-005
0.0807625	-0.996733	-7.72285e-005
0.0807625	-0.996733	1.46704e-005
0.0807629	-0.996733	-1.38207e-005
0.0807629	-0.996733	-7.92504e-005
0.08076	-0.996734	7.52754e-005
0.08076	-0.996734	-0.000125303
0.0807665	-0.996733	-0.000483368
0.0807665	-0.996733	-8.40354e-005
0.0807636	-0.996733	8.02048e-005
0.0807636	-0.996733	-8.02048e-005
0.0807602	-0.996734	0.000125645
0.0807602	-0.996734	6.99898e-005
0.0807636	-0.996733	-0.000109008
0.0807636	-0.996733	6.66048e-005
0.0807566	-0.996734	0.00044969
0.0807566	-0.996734	0.000115981
0.0807606	-0.996734	-0.000111978
0.0807629	-0.996733	-6.72531e-005
0.0807629	-0.996733	-0.000172619
0.0807651	-0.996733	-0.000287985
0.0807651	-0.996733	-0.000174223
0.0807589	-0.996734	0.000169559
0.0807589	-0.996734	0.000292649
0.080761	-0.996733	0.000171168
0.080761	-0.996733	-0.000171163
0.080763	-0.996733	-0.000289513
0.080763	-0.996733	-0.000119178
0.0807587	-0.996734	0.000116804
0.0807587	-0.996734	0.00033894
0.0807627	-0.996733	0.000118973
0.0807591	-0.996734	8.28604e-005
0.0807591	-0.996734	-0.000117021
0.0807623	-0.996733	-0.000302802
0.0807623	-0.996733	-1.31501e-006
0.0807623	-0.996733	1.29724e-006
0.0807617	-0.996733	3.30657e-005
0.0807617	-0.996733	-3.30649e-005
0.0807611	-0.996733	8.42054e-007
0.0807611	-0.996733	-8.42054e-007
0.080761	-0.996733	0.000278068
0.0807642	-0.996733	0.000101299
0.0807642	-0.996733	-0.000101296
0.0807606	-0.996734	0.000100508
0.0807606	-0.996734	-6.98286e-005
0.0807643	-0.996733	-0.000277356
0.0807613	-0.996733	6.99739e-005
0.0807613	-0.996733	0.00016434
0.0807605	-0.996734	0.000206561
0.0807605	-0.996734	-0.000176508
0.0807608	-0.996733	-0.000194433
0.0807608	-0.996733	0.00024727
0.0807608	-0.996733	0.000252888
0.0807608	-0.996734	-0.0001554
0.0807604	-0.996734	-0.00013943
0.0807604	-0.996734	0.000155374
0.0807608	-0.996734	0.000139405
0.0807608	-0.996734	-0.000139405
0.0807633	-0.996733	-0.000253071
0.0807592	-0.996734	0.000194551
0.0807597	-0.996734	0.000252812
0.0807618	-0.996733	-0.000206654
0.0807613	-0.996733	-0.000247239
0.0807613	-0.996733	0.000100656
0.0807643	-0.996733	-7.06316e-005
0.0807643	-0.996733	7.06316e-005
0.080761	-0.996733	-0.000100603
0.0807611	-0.996733	3.28405e-005
0.0807623	-0.996733	0.000118784
0.0807591	-0.996734	0.000304565
0.0807627	-0.996733	-8.48129e-005
0.0807627	-0.996733	-0.000336768
0.080763	-0.996733	0.000172689
0.080761	-0.996733	0.000291041
0.080761	-0.996733	-0.000291041
0.0807589	-0.996734	-0.000169561
0.0807651	-0.996733	0.000174225
0.0807629	-0.996733	0.00028959
0.0807566	-0.996734	-7.35821e-005
0.0807636	-0.996733	-0.000456674
0.0807636	-0.996733	-6.66059e-005
0.0807602	-0.996734	0.000112387
0.0807602	-0.996734	7.56176e-005
0.0807636	-0.996733	-0.000130234
0.0807665	-0.996733	0.000134067
0.08076	-0.996733	0.000492132
0.0807674	-0.996733	-0.000928599
0.0807628	-0.996733	-0.000142691
0.0807555	-0.996734	0.00024816
0.0807555	-0.996734	0.000810647
0.0807698	-0.996733	0.000123919
0.0807698	-0.996733	-0.000635896
0.0807769	-0.996732	-0.00113794
0.0807504	-0.996734	0.00101565
0.0807566	-0.996734	0.000696503
0.0807566	-0.996734	-0.000696503
0.0807621	-0.996733	-0.000928499
0.0807659	-0.996733	-0.000420314
-5.0909e-006	6.28386e-005	-1.32446e-008
-0.0807584	0.996734	-0.000105086
-0.0807584	0.996734	0.000105052
-0.0807609	0.996734	-7.00366e-005
-0.0807609	0.996734	7.00366e-005
-0.0807622	0.996733	-5.25282e-005
-0.0807621	0.996733	0.000671151
-0.0807536	0.996734	0.0010303
-0.0807536	0.996734	0.000851455
-0.080784	0.996731	-0.000711514
-0.080784	0.996731	-0.00117028
-0.0807481	0.996734	0.00100504
-0.0807482	0.996734	0.000876715
-0.0807717	0.996732	-0.000768274
-0.0807717	0.996733	0.000118829
-0.0807764	0.996732	-0.000106226
-0.0807763	0.996732	-0.000952578
-0.0807613	0.996733	-0.000146805
-0.0807613	0.996733	0.000232596
-0.0807502	0.996734	0.000882277
-0.0807502	0.996734	0.000176529
-0.0807568	0.996734	-0.00024466
-0.0807568	0.996734	2.5061e-005
-0.0807578	0.996734	-2.33044e-005
-0.0807578	0.996734	8.58588e-005
-0.0807608	0.996734	-8.02371e-005
-0.0807608	0.996734	1.76803e-005
-0.0807614	0.996733	-1.65933e-005
-0.0807614	0.996733	7.91506e-005
-0.0807639	0.996733	-7.45683e-005
-0.0807639	0.996733	-0.000130601
-0.080759	0.996734	0.000124048
-0.080759	0.996734	-7.40208e-005
-0.0807564	0.996734	7.04854e-005
-0.0807564	0.996734	-0.000120511
-0.0807523	0.996734	0.000115015
-0.0807523	0.996734	-6.49922e-005
-0.0807602	0.996733	-0.000541818
-0.0807602	0.996734	6.99898e-005
-0.0807531	0.996734	0.000446189
-0.0807531	0.996734	0.000119491
-0.0807574	0.996734	-0.000115219
-0.0807574	0.996734	7.2825e-005
-0.0807599	0.996734	-7.03101e-005
-0.0807599	0.996734	0.000112706
-0.0807636	0.996733	-0.000108945
-0.0807636	0.996733	-0.000173149
-0.0807573	0.996734	0.000168386
-0.0807573	0.996734	0.000293819
-0.0807678	0.996733	-0.000285953
-0.0807678	0.996733	-0.000176252
-0.0807617	0.996733	0.000171656
-0.0807617	0.996733	-0.000171651
-0.0807559	0.996734	0.00016729
-0.0807559	0.996734	0.000306345
-0.080767	0.996733	-0.000300243
-0.080767	0.996733	-0.000121343
-0.0807627	0.996733	0.000118973
-0.0807627	0.996733	-0.00011897
-0.0807585	0.996734	0.000116691
-0.0807585	0.996734	-8.25356e-005
-0.0807551	0.996734	0.000114821
-0.0807551	0.996734	-3.06057e-005
-0.0807617	0.996733	-0.000393831
-0.0807617	0.996733	-1.08105e-006
-0.0807617	0.996733	1.06664e-006
-0.0807616	0.996733	-3.30508e-005
-0.0807605	0.996734	3.26211e-005
-0.0807605	0.996733	0.000308871
-0.0807648	0.996733	7.07357e-005
-0.0807648	0.996733	-0.000101417
-0.0807612	0.996733	0.000100627
-0.0807612	0.996733	-0.00010063
-0.0807576	0.996734	9.98528e-005
-0.0807576	0.996734	-9.98528e-005
-0.0807607	0.996733	-0.000278133
-0.0807607	0.996733	0.000194436
-0.0807611	0.996733	0.000176542
-0.0807611	0.996733	-0.000206604
-0.0807603	0.996734	-0.000164414
-0.0807603	0.996734	0.000194467
-0.0807606	0.996734	0.000176511
-0.0807606	0.996734	0.000164391
-0.0807664	0.996733	-0.000163971
-0.0807606	0.996734	-0.000194444
-0.0807603	0.996734	-0.000176489
-0.0807603	0.996734	0.00020655
-0.0807611	0.996733	0.00016436
-0.0807611	0.996733	-0.000194413
-0.0807607	0.996734	-0.00017652
-0.0807607	0.996734	0.000100539
-0.0807576	0.996734	0.000278818
-0.0807648	0.996733	-0.000307935
-0.0807617	0.996733	3.30793e-005
-0.0807551	0.996734	0.000396302
-0.0807551	0.996734	8.06647e-005
-0.0807585	0.996734	-0.000116694
-0.0807531	0.996734	-7.7098e-005
-0.0807602	0.996733	-0.000453291
-0.0807602	0.996734	7.56176e-005
-0.0807523	0.996734	0.000552443
-0.0807568	0.996734	-0.000158874
-0.0807502	0.996734	0.000262308
-0.0807502	0.996734	-0.000262308
-0.0807613	0.996733	-0.000912001
-0.0807613	0.996733	0.000912001
-0.0807764	0.996732	0.000106226
-0.080784	0.996731	-0.000711475
-0.0807536	0.996734	-0.000710377
-0.0807621	0.996733	-0.00106955
-7.37385e-005	-5.9164e-006	-4.0403e-005
-6.71254e-005	-5.39636e-006	-5.04102e-005
-6.72585e-005	-5.40265e-006	-5.05109e-005
-6.75213e-005	-5.38408e-006	-5.07073e-005
-8.38028e-005	-6.8879e-006	-5.99811e-006
-8.33107e-005	-6.56137e-006	-5.98975e-006
-6.18695e-005	-5.11865e-006	-4.43683e-006
-0.994087	-0.081866	-0.0713434
-2.93031e-005	-2.35574e-006	-7.88284e-005
-1.78596e-005	-1.43296e-006	-8.23729e-005
-1.78942e-005	-1.48269e-006	-8.25278e-005
-1.77531e-005	-1.52287e-006	-8.18848e-005
2.93031e-005	2.41319e-006	-7.88097e-005
-4.01862e-005	-3.23065e-006	-7.38465e-005
5.03487e-005	4.03972e-006	-6.7463e-005
-5.99413e-006	-4.80938e-007	-8.40983e-005
-5.9933e-006	-5.02884e-007	-8.40803e-005
-7.8719e-005	-6.31601e-006	-2.94766e-005
-7.87187e-005	-6.62768e-006	-2.94547e-005
4.01862e-005	3.30945e-006	-7.3827e-005
-8.20952e-005	-6.74755e-006	-1.78982e-005
-5.94072e-005	-4.76653e-006	-5.96132e-005
-5.90598e-005	-4.65767e-006	-5.92537e-005
-5.02502e-005	-4.03972e-006	-6.73605e-005
-5.05458e-005	-3.94119e-006	-6.7746e-005
7.8719e-005	6.31601e-006	-2.94766e-005
7.91809e-005	6.47363e-006	-2.96244e-005
1.78227e-005	1.46775e-006	-8.21946e-005
1.78942e-005	1.37784e-006	-8.252e-005
1.78937e-005	1.51287e-006	-8.25278e-005
8.20952e-005	6.58689e-006	-1.79265e-005
8.19347e-005	6.42406e-006	-1.78864e-005
7.35942e-005	5.9164e-006	-4.03219e-005
7.40275e-005	5.91149e-006	-4.05601e-005
7.34503e-005	5.91149e-006	-4.02433e-005
8.38008e-005	6.72375e-006	-6.02832e-006
8.34747e-005	7.05336e-006	-5.97314e-006
0.994254	0.0798332	-0.0713197
6.23191e-005	4.99702e-006	-4.4707e-006
5.92929e-005	4.88294e-006	-5.94756e-005
5.9408e-005	4.66491e-006	-5.96038e-005
6.71274e-005	5.52814e-006	-5.04181e-005
6.73901e-005	5.53428e-006	-5.06171e-005
5.99413e-006	4.80938e-007	-8.40671e-005
7.85649e-005	6.31601e-006	2.93907e-005
7.87191e-005	6.77636e-006	2.94905e-005
6.71264e-005	5.52806e-006	5.04181e-005
6.72578e-005	5.53113e-006	5.05163e-005
5.94082e-005	4.7666e-006	5.96107e-005
5.92919e-005	4.65034e-006	5.94568e-005
1.78586e-005	1.43288e-006	8.23704e-005
1.78953e-005	1.4579e-006	8.25435e-005
1.77883e-005	1.50778e-006	8.20786e-005
1.78932e-005	1.50778e-006	8.25564e-005
8.20952e-005	6.58689e-006	1.78928e-005
8.20952e-005	6.42624e-006	1.789e-005
5.99315e-006	4.8086e-007	8.40671e-005
7.35942e-005	6.0607e-006	4.03308e-005
7.3307e-005	5.62296e-006	4.01235e-005
8.38028e-005	6.7239e-006	5.99463e-006
8.34727e-005	7.0532e-006	6.00684e-006
6.18231e-005	4.96666e-006	4.43518e-006
0.994244	0.0799294	0.0713432
0.994258	0.0797741	0.0713197
4.01852e-005	3.30937e-006	7.38582e-005
5.02502e-005	4.13825e-006	6.73711e-005
5.03487e-005	4.23678e-006	6.75129e-005
2.93031e-005	2.41319e-006	7.88408e-005
-4.01852e-005	-3.23057e-006	7.38154e-005
-7.8719e-005	-6.47005e-006	2.94813e-005
-7.87191e-005	-6.77636e-006	2.94905e-005
-1.78237e-005	-1.43288e-006	8.21816e-005
-1.77883e-005	-1.50778e-006	8.20786e-005
-1.79281e-005	-1.50778e-006	8.27166e-005
-5.03487e-005	-4.03972e-006	6.74605e-005
-5.03487e-005	-4.13825e-006	6.75023e-005
-8.20952e-005	-6.74755e-006	1.79268e-005
-8.16131e-005	-6.26776e-006	1.77852e-005
-2.93031e-005	-2.35574e-006	7.88284e-005
-7.37385e-005	-5.9164e-006	4.03693e-005
-7.33054e-005	-6.06315e-006	4.01737e-005
-8.36369e-005	-6.88774e-006	6.01758e-006
-8.34749e-005	-6.55845e-006	5.97284e-006
-0.994063	-0.0821481	0.0713435
-6.23164e-005	-5.09841e-006	4.46857e-006
-5.92919e-005	-4.7666e-006	5.94662e-005
-5.92919e-005	-4.88286e-006	5.95067e-005
-5.95244e-005	-4.88286e-006	5.9736e-005
-6.7258e-005	-5.39644e-006	5.05084e-005
-6.69963e-005	-5.39038e-006	5.03145e-005
-5.99413e-006	-4.80938e-007	8.40671e-005
-5.99233e-006	-5.26264e-007	8.4138e-005
0.0806933	-0.996739	0.000884154
0.0807816	-0.996732	-0.000296905
0.0807816	-0.996732	-7.95905e-005
0.0807736	-0.996732	2.75232e-005
0.0807736	-0.996732	-0.000159747
0.0807529	-0.996734	0.000116725
0.0807529	-0.996734	-2.83983e-006
0.0807516	-0.996734	1.4552e-005
0.0807516	-0.996734	2.05181e-005
0.0807545	-0.996734	-1.74515e-005
0.0807545	-0.996734	2.61988e-005
0.0807582	-0.996734	-2.3244e-005
0.0807582	-0.996734	1.27302e-005
0.0807606	-0.996734	-2.01695e-005
0.0807606	-0.996734	6.02542e-005
0.0807614	-0.996733	5.00538e-005
0.0807614	-0.996733	-1.11572e-005
0.0807669	-0.996733	-8.47485e-005
0.0807669	-0.996733	-5.02315e-005
0.0807594	-0.996734	4.96703e-005
0.0807669	-0.996733	1.24161e-005
0.0807614	-0.996733	8.60075e-005
0.0807614	-0.996733	-5.99545e-005
0.0807606	-0.996734	-4.97539e-005
0.0807606	-0.996734	-1.13067e-005
0.0807582	-0.996734	2.15927e-005
0.0807516	-0.996734	9.2824e-007
0.0807529	-0.996734	-1.64638e-005
0.0807736	-0.996732	5.35671e-005
0.0807816	-0.996732	-5.3544e-005
-0.0807685	0.996733	-0
-0.0807738	0.996732	-1.00166e-006
-0.0807685	0.996733	1.00159e-006
-0.0807738	0.996732	-2.00332e-006
-0.0806985	0.996739	5.5282e-005
-0.080795	0.996731	-3.0549e-005
-0.0806985	0.996739	6.76423e-005
-0.080795	0.996731	-4.29092e-005
-0.0807823	0.996732	-2.67241e-005
-0.0807047	0.996738	9.68811e-005
-0.0807823	0.996732	-3.90843e-005
-0.080776	0.996732	-2.70639e-005
-0.0807823	0.996732	-4.00861e-005
-0.0806985	0.996739	0.000146685
-0.0807738	0.996732	-3.06624e-005
-0.0807685	0.996733	-1.72572e-005
-0.0808028	0.99673	-9.82075e-005
-0.0806984	0.996739	0.000134611
-0.0807047	0.996738	8.45208e-005
-0.080776	0.996732	-1.77087e-005
-0.0808028	0.99673	-5.18714e-005
-0.0807088	0.996738	3.50793e-005
-0.0807738	0.996732	-0
-0.941868	-0.335983	0
-0.941873	-0.33597	-4.16629e-006
-0.94186	-0.336006	2.02922e-005
-0.941876	-0.335962	-2.85678e-005
-0.941862	-0.336001	3.61387e-005
-0.941879	-0.335953	0
-0.941858	-0.336012	-0
-0.941889	-0.335923	-9.63964e-005
-0.941847	-0.336042	9.64022e-005
-0.941886	-0.335932	-0.000117846
-0.94187	-0.335977	-1.95136e-005
-0.822794	-0.218932	-0.524479
-0.887159	-0.246823	-0.389907
-0.132931	0.065035	-0.988989
0.0307594	0.252808	-0.967027
-0.575258	-0.214611	-0.789316
-0.376615	-0.19819	-0.904921
-0.500877	-0.319318	-0.804461
-0.304112	0.180098	-0.935458
-0.321638	0.158484	-0.933505
-0.439879	0.132604	-0.888213
-0.0570691	0.225732	-0.972517
-0.727178	-0.0647701	-0.683386
-0.0836502	0.247285	-0.965325
0.245718	-0.0515716	-0.967968
0.829125	-0.0074937	-0.559013
-0.43566	0.132196	-0.890351
-0.576045	0.0712942	-0.814303
0.780356	0.0487931	-0.62343
-0.852862	-0.15682	-0.49803
0.912694	-0.0911911	-0.398339
0.4159	0.169991	-0.893381
-0.399541	0.120721	-0.908732
0.549075	0.155745	-0.821134
-0.0186027	0.229784	-0.973064
-0.634741	-0.118947	-0.763516
0.289911	0.232695	-0.928334
0.271054	0.227194	-0.935368
0.0470818	0.22091	-0.974157
0.445205	0.102678	-0.889522
0.929434	-0.0757705	-0.361124
0.158191	0.245747	-0.956339
-0.82716	-0.300746	-0.474718
0.136743	-0.200297	-0.970146
-4.80801e-007	4.18488e-007	9.97009e-007
0.945087	-0.244713	-0.216626
-0.400441	0.114051	-0.909197
-0.567017	0.0699184	-0.820733
0.126103	0.239836	-0.962588
0.671966	0.11394	-0.731765
-0.903561	-0.231063	-0.360815
0.992725	-0.0952828	-0.0736039
0.767869	0.0429942	-0.639163
0.60239	-0.00659499	-0.798174
0.625153	0.0784889	-0.776546
0.0879907	0.207707	-0.974226
-0.197974	0.222338	-0.954658
0.378702	0.211297	-0.901076
0.1266	0.246958	-0.960721
-0.932897	-0.286994	-0.217574
-0.824497	-0.330611	-0.459239
0.842242	-0.0414943	-0.5375
0.851212	-0.178702	-0.493461
-0.931335	-0.357028	-0.0717327
0.294688	0.204681	-0.933416
-0.248879	0.215729	-0.944204
-0.0753563	0.238561	-0.968199
-0.680641	-0.0149269	-0.732465
-0.56758	0.0361509	-0.822524
0.535896	0.149329	-0.830973
0.637293	0.0837311	-0.766059
0.756268	-0.085402	-0.648664
-0.791995	-0.144077	-0.593284
-0.722327	-0.0978881	-0.684588
-0.912811	-0.310419	-0.265362
-0.827812	-0.422943	-0.368572
0.413322	0.198385	-0.888711
0.518417	0.170547	-0.837948
-0.163098	0.216363	-0.962593
0.035815	0.247574	-0.968207
0.618248	0.000883786	-0.785982
0.691189	-0.171125	-0.702121
0.283434	-0.215594	-0.934443
0.854311	-0.153229	-0.496663
-0.913221	-0.308415	-0.266285
-0.686054	-0.341027	-0.642675
-0.687897	-0.329167	-0.646875
-0.102547	0.0673615	-0.992445
-0.818909	-0.216204	-0.531642
-0.461421	-0.108223	-0.880556
-0.635436	-0.152069	-0.757031
-0.168509	-0.232964	-0.957775
-0.419133	-0.196831	-0.886332
-0.237237	0.163528	-0.957589
-0.106618	0.172177	-0.979279
0.154355	0.18457	-0.970623
0.123234	0.170092	-0.977692
0.712406	-0.33479	-0.616761
0.57055	-0.350609	-0.742661
0.312307	-0.0276796	-0.949578
0.509811	-0.0491057	-0.858884
0.45903	0.0279384	-0.887981
0.012415	-0.153342	-0.988095
-0.257938	0.170052	-0.951079
0.0293786	0.25089	-0.96757
0.328944	0.197524	-0.923461
0.593002	-0.0678335	-0.802339
-0.710745	-0.44277	-0.546623
-0.656619	-0.339833	-0.673324
-0.548072	-0.0230746	-0.836113
-0.333722	0.0876062	-0.938592
-0.468486	0.0569994	-0.88163
-0.147429	0.210512	-0.966411
-0.37927	-0.42063	-0.824151
-0.252517	-0.13954	-0.957478
0.494472	0.127373	-0.85981
0.637201	0.100089	-0.764171
-0.0711765	0.244604	-0.967007
-0.195223	0.20506	-0.959082
0.308282	0.162757	-0.937269
0.133461	-0.1091	-0.985031
0.435061	0.203514	-0.8771
0.244463	0.235531	-0.940618
0.229437	0.206348	-0.951199
0.357147	0.169118	-0.918611
0.172964	0.246286	-0.953639
0.172867	0.193454	-0.96576
0.303008	0.178903	-0.936045
0.462803	0.167053	-0.870578
0.139758	0.230989	-0.962866
0.0429859	0.251851	-0.966811
-0.0592002	0.242846	-0.968257
-0.0210196	0.24741	-0.968683
0.0535623	0.221361	-0.97372
0.228921	0.108526	-0.967376
-0.0137204	0.169453	-0.985443
0.123733	0.170209	-0.977609
0.102529	0.119831	-0.987486
0.0342144	0.245229	-0.968861
0.1577	0.250756	-0.955119
-0.0934272	0.232117	-0.968191
0.021534	0.241399	-0.970187
-0.0868828	0.222524	-0.971048
0.0229266	0.238607	-0.970846
-0.0490388	0.248156	-0.967478
0.115493	0.231251	-0.966015
-0.0463875	0.237981	-0.970162
0.0156075	0.247842	-0.968675
0.470295	0.108388	-0.875828
0.325504	0.0409372	-0.944654
0.544309	-0.188653	-0.817397
0.756192	-0.0849454	-0.648813
0.644011	-0.0550229	-0.763035
0.695517	-0.199921	-0.690136
-0.143787	0.200832	-0.969016
-0.144399	0.179008	-0.973193
-0.0643765	0.228079	-0.971512
-0.0199654	0.239178	-0.97077
-0.01936	0.238979	-0.970832
-0.0174466	0.215265	-0.9764
0.0551548	0.24003	-0.969197
-0.106069	0.166096	-0.980389
-0.0194078	0.239463	-0.970712
-0.219792	0.10545	-0.969831
-0.171619	-0.0193068	-0.984974
-0.323761	0.138215	-0.935989
-0.0820669	0.128374	-0.988324
-0.33394	0.0192784	-0.942397
0.131736	-0.0220339	-0.99104
0.283674	-0.162644	-0.945027
0.140649	-0.334651	-0.931787
0.143533	-0.231135	-0.962276
-0.00293419	0.0362064	-0.99934
0.133832	-0.112342	-0.984616
0.180454	0.0450763	-0.98255
0.30952	-0.349761	-0.884231
0.479518	-0.228539	-0.84725
0.125151	-0.00280568	-0.992134
0.00434664	-0.053631	-0.998551
0.019899	-0.245549	-0.96918
0.238345	-0.251446	-0.938065
0.234854	0.118421	-0.96479
0.062	0.160217	-0.985133
0.245901	-0.0560241	-0.967674
0.210077	0.0466218	-0.976573
0.45716	-0.135905	-0.878939
0.448715	-0.0573776	-0.891831
0.430707	0.0223488	-0.902215
0.36061	0.114234	-0.925695
-0.00947227	0.116873	-0.993102
0.0890302	0.0757902	-0.993141
0.0964751	0.118786	-0.988222
-0.567294	-0.4428	-0.694339
-0.422685	-0.317325	-0.848907
-0.189032	-0.266084	-0.945233
-0.343261	-0.257574	-0.903232
-0.194256	-0.148106	-0.969706
-0.488897	-0.105632	-0.865922
-0.298824	-0.0580133	-0.952543
-0.284933	-0.0597411	-0.956684
-0.188301	-0.238258	-0.952773
-0.000221106	0.00272858	-0.999996
-0.10855	-0.0916005	-0.989862
-0.0957935	0.0307445	-0.994926
-0.00635861	0.0784641	-0.996897
-0.143471	0.0829596	-0.986171
-0.221033	0.0603122	-0.9734
-0.183786	-0.0205532	-0.982751
-0.496667	-0.0598457	-0.865876
-0.536981	-0.205725	-0.818125
-0.54017	-0.0489123	-0.840133
-0.680664	-0.0999099	-0.725751
-0.411326	0.0351148	-0.910812
-0.535765	-0.0258917	-0.84397
-0.412127	0.0417825	-0.910168
-0.22038	0.0895853	-0.971292
-0.682997	-0.127062	-0.719285
-0.737058	-0.215977	-0.64039
-0.249799	0.184726	-0.950514
-0.16936	0.22853	-0.958693
-0.214708	0.149619	-0.96515
-0.140904	0.208106	-0.967904
-0.889644	-0.216319	-0.402168
-0.844178	-0.161704	-0.511092
-0.315764	0.181695	-0.931279
-0.438287	0.141403	-0.887643
-0.782468	-0.0100107	-0.62261
-0.573634	0.0375362	-0.818251
0.866953	-0.0196119	-0.498004
0.746762	-0.0136602	-0.664951
0.964825	-0.148725	-0.216782
0.901494	-0.145386	-0.407642
0.0258365	-0.318839	-0.947457
0.103149	0.250438	-0.962622
0.00650062	-0.0802164	-0.996756
0.143028	0.231143	-0.962349
0.0465176	0.232581	-0.971464
0.0111214	0.239017	-0.970952
0.0119511	0.238053	-0.971179
0.0144395	0.24044	-0.970557
0.231212	0.117764	-0.96575
0.323402	0.0405452	-0.945393
-0.0615068	0.208669	-0.97605
0.0155002	0.233736	-0.972177
0.052365	0.20431	-0.977505
-0.0105872	0.130766	-0.991357
-0.0162703	0.200719	-0.979514
0.983673	-0.179966	-0
0.983674	-0.179958	-2.23163e-006
0.98367	-0.179981	1.23972e-005
0.983677	-0.179946	-2.52149e-005
0.983672	-0.179971	1.54823e-005
0.983672	-0.17997	1.23122e-005
0.983677	-0.179945	-4.03625e-005
0.983664	-0.180013	8.77862e-005
0.983682	-0.179918	-6.06348e-005
0.983671	-0.179976	-0
0.983678	-0.179938	-0
0.847307	-0.0835413	0.524492
0.91534	-0.100788	0.389864
0.120727	0.0855828	0.98899
-0.0710464	0.244571	0.967025
0.602293	-0.119212	0.789324
0.403582	-0.134946	0.904937
0.545756	-0.234505	0.804461
0.271121	0.226727	0.935462
0.291889	0.20822	0.933512
0.412808	0.201702	0.888204
0.0199823	0.231977	0.972516
0.728118	0.0531384	0.683389
0.0427439	0.257516	0.965328
-0.234219	-0.0904489	0.967967
-0.817141	-0.140854	0.558964
0.408718	0.200622	0.890337
0.557047	0.163101	0.814307
-0.778032	-0.0774722	0.62343
0.866944	-0.0174521	0.4981
-0.886128	-0.236924	0.398302
-0.437833	0.100796	0.893388
0.37488	0.183466	0.908738
-0.56694	0.0653261	0.821164
-0.0186029	0.229786	0.973063
0.645643	-0.0152469	0.763487
-0.323622	0.182959	0.928329
-0.304121	0.180566	0.935364
-0.0820363	0.210461	0.974154
-0.455958	0.0296542	0.889507
-0.905076	-0.224437	0.3612
-0.195675	0.217083	0.95634
0.864762	-0.163651	0.474768
-0.102715	-0.219696	0.970146
-3.31512e-007	4.30584e-007	-1.58514e-006
-0.893336	-0.393697	0.216689
0.376846	0.177014	0.909205
0.548409	0.160306	0.820701
-0.163103	0.216405	0.962583
-0.681546	0.00427175	0.731763
0.929004	-0.0825747	0.360741
-0.964451	-0.25381	0.0735873
-0.764721	-0.0811999	0.639225
-0.593487	-0.103494	0.798162
-0.62962	-0.0231696	0.776558
-0.120267	0.190823	0.974229
0.159597	0.251322	0.954655
-0.407757	0.147567	0.901087
-0.164701	0.22334	0.960725
0.966936	-0.133066	0.217551
0.866985	-0.19357	0.459204
-0.82463	-0.176618	0.537392
-0.811322	-0.313439	0.49347
0.976661	-0.202445	0.0717602
-0.323822	0.154558	0.933408
0.210917	0.252971	0.944203
0.035974	0.247586	0.968198
0.674167	0.0948417	0.732464
0.554349	0.127049	0.82253
-0.552915	0.0611198	0.830993
-0.642471	-0.0199437	0.766051
-0.732656	-0.206049	0.648659
0.804873	-0.0146567	0.593266
0.728662	0.0197154	0.684589
0.950878	-0.159429	0.265356
0.885116	-0.284128	0.368567
-0.439852	0.129244	0.888722
-0.539103	0.084834	0.837957
0.12611	0.2398	0.962597
-0.075203	0.238577	0.968207
-0.6103	-0.0986782	0.786001
-0.654592	-0.280185	0.702144
-0.245029	-0.258425	0.93444
-0.818484	-0.288791	0.496673
0.950961	-0.157364	0.266289
0.731989	-0.22614	0.642692
0.731898	-0.214138	0.646893
0.0903617	0.0829874	0.992445
0.843015	-0.0815642	0.531669
0.472812	-0.0325269	0.880563
0.651653	-0.0477726	0.757011
0.203785	-0.202798	0.957781
0.445344	-0.126755	0.886342
0.207831	0.199601	0.957583
0.0775062	0.187091	0.97928
-0.182059	0.157302	0.970624
-0.149019	0.148036	0.97769
-0.649229	-0.445109	0.61675
-0.506612	-0.437894	0.742693
-0.303769	-0.0776158	0.949579
-0.495261	-0.130545	0.85888
-0.457565	-0.046337	0.887968
0.0124314	-0.153346	0.988094
0.227171	0.209352	0.951086
-0.069399	0.24288	0.967571
-0.356444	0.141991	0.923464
-0.574366	-0.162417	0.802325
0.772781	-0.32257	0.546589
0.702797	-0.229695	0.673288
0.544619	0.0654339	0.836127
0.31527	0.140184	0.938591
0.453221	0.131668	0.88162
0.111598	0.231502	0.966412
0.442069	-0.354088	0.824134
0.271728	-0.0970513	0.957468
-0.508549	0.0461145	0.859797
-0.645012	-0.00380038	0.764163
0.0308858	0.252868	0.967008
0.159664	0.2338	0.959085
-0.330466	0.110993	0.937269
-0.11416	-0.129159	0.985031
-0.462147	0.130807	0.877103
-0.279206	0.193105	0.940614
-0.259674	0.166716	0.951197
-0.3797	0.109418	0.918616
-0.210368	0.215225	0.953637
-0.201766	0.163091	0.96576
-0.327858	0.127792	0.936044
-0.483688	0.09036	0.870563
-0.175105	0.205483	0.962868
-0.082967	0.241651	0.96681
0.0193304	0.249208	0.968257
-0.0190748	0.247564	0.968684
-0.0884986	0.209864	0.973717
-0.243446	0.0702662	0.967366
-0.0137334	0.169449	0.985443
-0.149526	0.148071	0.977608
-0.12047	0.101765	0.987487
-0.0732524	0.236528	0.96886
-0.195995	0.222086	0.955125
0.0548365	0.244117	0.968194
-0.0601195	0.234768	0.970191
0.0499342	0.233622	0.971044
-0.0610382	0.231808	0.970845
0.00846704	0.252823	0.967475
-0.151222	0.209639	0.966014
0.00748763	0.242354	0.970159
-0.0553116	0.242104	0.968672
-0.481594	0.0312465	0.875837
-0.327849	-0.0119852	0.944654
-0.506845	-0.273786	0.817404
-0.732654	-0.205567	0.648814
-0.626725	-0.157991	0.763056
-0.654268	-0.309244	0.690146
0.109574	0.221353	0.969018
0.11368	0.199928	0.973193
0.0268119	0.235469	0.971512
-0.0187905	0.23927	0.970771
-0.0193605	0.238974	0.970833
-0.0174299	0.215267	0.9764
-0.0930629	0.228002	0.969203
0.0779416	0.181017	0.980387
-0.0194066	0.239467	0.97071
0.199956	0.139469	0.969828
0.172513	0.0085795	0.98497
0.297288	0.188537	0.935988
0.0603231	0.13991	0.988325
0.326488	0.0727955	0.942394
-0.126468	-0.0429477	0.991041
-0.253797	-0.206186	0.945026
-0.0849062	-0.352918	0.931794
-0.104451	-0.251216	0.962279
-0.00293472	0.03621	0.99934
-0.114004	-0.132427	0.984615
-0.185357	0.0154337	0.98255
-0.249167	-0.395026	0.884234
-0.436433	-0.302761	0.847267
-0.123066	-0.0229114	0.992134
0.00434225	-0.0536329	0.998551
0.0198984	-0.245558	0.969178
-0.194742	-0.286523	0.938073
-0.250845	0.0790522	0.964794
-0.0869983	0.148137	0.985133
-0.23368	-0.0948954	0.967672
-0.21483	0.0121914	0.976575
-0.429312	-0.207749	0.878938
-0.433647	-0.128873	0.89182
-0.428669	-0.0472941	0.902223
-0.374257	0.0547145	0.92571
-0.00947187	0.116869	0.993102
-0.100058	0.0604678	0.993143
-0.114348	0.101708	0.988221
0.631224	-0.34568	0.694307
0.468289	-0.245125	0.848893
0.229414	-0.23218	0.945231
0.38021	-0.198965	0.903246
0.215538	-0.114906	0.969711
0.499552	-0.0255357	0.865907
0.304297	-0.0091544	0.952533
0.290839	-0.0131033	0.956682
0.224213	-0.204841	0.952769
-0.000221111	0.00272865	0.999996
0.121899	-0.0729357	0.989859
0.0895905	0.0457707	0.994926
-0.0063538	0.0784682	0.996896
0.128248	0.104982	0.98617
0.208421	0.0951239	0.973402
0.18468	0.00930583	0.982755
0.499846	0.0208993	0.865862
0.563087	-0.116604	0.81813
0.540982	0.0386765	0.840144
0.687885	0.0109217	0.725737
0.400311	0.100859	0.910812
0.53296	0.0606865	0.843961
0.400028	0.107592	0.910166
0.20309	0.123902	0.971289
0.694537	-0.0154162	0.719291
0.762204	-0.0945146	0.6404
0.216779	0.222522	0.950521
0.13037	0.25283	0.958687
0.187807	0.182233	0.965153
0.10555	0.228079	0.967905
0.912875	-0.0701912	0.40216
0.859188	-0.0236476	0.511113
0.282355	0.230177	0.931286
0.40983	0.210148	0.887624
0.773872	0.116086	0.622612
0.560135	0.129405	0.818232
-0.852512	-0.159019	0.497931
-0.734793	-0.133678	0.664989
-0.928303	-0.302074	0.216808
-0.866338	-0.28864	0.407608
0.0258383	-0.318839	0.947456
-0.142116	0.230579	0.96262
0.00650056	-0.0802209	0.996756
-0.178378	0.2051	0.962349
-0.0833501	0.222072	0.971461
-0.0494316	0.234113	0.970952
-0.0501107	0.233003	0.971184
-0.0529648	0.234991	0.970553
-0.247184	0.0789916	0.965743
-0.325674	-0.0120347	0.945405
0.0271052	0.21585	0.97605
-0.0529323	0.228196	0.972175
-0.0845686	0.193213	0.977506
-0.0105997	0.130764	0.991357
-0.0162703	0.200719	0.979514
0.0807619	-0.996733	-0
-0.0807616	0.996733	-0
-0.996626	-0.0820751	0
-0	-0	-1
0.996784	0.0801336	0
-0	-0	1

#	Mesh	0	End

