#	Mesh	0	Begin

#	Vertex	522
96.5288	-64.141	-4.27605
96.5333	-64.1406	-4.26007
96.5378	-64.1402	-4.2441
96.5424	-64.1399	-4.22812
96.5469	-64.1395	-4.21215
96.5484	-64.1394	-4.19561
96.5499	-64.1393	-4.17907
96.5511	-64.1392	-4.16659
96.553	-64.139	-4.146
96.5511	-64.1392	-4.12541
96.5492	-64.1393	-4.10483
96.5469	-64.1395	-4.07985
96.5424	-64.1399	-4.06388
96.5378	-64.1402	-4.0479
96.5333	-64.1406	-4.03193
96.5288	-64.141	-4.01595
96.5214	-64.1416	-4.00109
96.514	-64.1422	-3.98622
96.5066	-64.1428	-3.97135
96.4992	-64.1434	-3.95648
96.4893	-64.1442	-3.94323
96.4793	-64.145	-3.92998
96.4693	-64.1458	-3.91672
96.4593	-64.1466	-3.90347
96.4471	-64.1476	-3.89228
96.4349	-64.1486	-3.88109
96.4226	-64.1496	-3.8699
96.4104	-64.1506	-3.85871
96.3963	-64.1517	-3.84997
96.3823	-64.1529	-3.84123
96.3682	-64.154	-3.83248
96.3541	-64.1551	-3.82374
96.3387	-64.1564	-3.81774
96.3232	-64.1576	-3.81174
96.3078	-64.1589	-3.80574
96.2924	-64.1601	-3.79974
96.2761	-64.1615	-3.79669
96.2598	-64.1628	-3.79364
96.2435	-64.1641	-3.79059
96.2273	-64.1654	-3.78754
96.2107	-64.1668	-3.78754
96.1942	-64.1681	-3.78754
96.1776	-64.1694	-3.78754
96.1611	-64.1708	-3.78754
96.1448	-64.1721	-3.79059
96.1285	-64.1734	-3.79364
96.1122	-64.1747	-3.79669
96.096	-64.1761	-3.79974
96.0805	-64.1773	-3.80574
96.0651	-64.1786	-3.81174
96.0497	-64.1798	-3.81774
96.0342	-64.1811	-3.82374
96.0201	-64.1822	-3.83248
96.0061	-64.1833	-3.84123
95.992	-64.1845	-3.84997
95.9779	-64.1856	-3.85871
95.9657	-64.1866	-3.8699
95.9535	-64.1876	-3.88109
95.9412	-64.1886	-3.89228
95.929	-64.1896	-3.90347
95.919	-64.1904	-3.91672
95.909	-64.1912	-3.92998
95.8991	-64.192	-3.94323
95.8891	-64.1928	-3.95648
95.8817	-64.1934	-3.97135
95.8743	-64.194	-3.98622
95.867	-64.1946	-4.00109
95.8596	-64.1952	-4.01595
95.855	-64.1956	-4.03193
95.8505	-64.1959	-4.0479
95.846	-64.1963	-4.06388
95.8415	-64.1967	-4.07985
95.8399	-64.1968	-4.09639
95.8384	-64.1969	-4.11293
95.8372	-64.197	-4.12541
95.8353	-64.1972	-4.146
95.8372	-64.197	-4.16659
95.8391	-64.1969	-4.18717
95.8415	-64.1967	-4.21215
95.846	-64.1963	-4.22812
95.8505	-64.1959	-4.2441
95.855	-64.1956	-4.26007
95.8596	-64.1952	-4.27605
95.867	-64.1946	-4.29091
95.8743	-64.194	-4.30578
95.8817	-64.1934	-4.32065
95.8891	-64.1928	-4.33552
95.8991	-64.192	-4.34877
95.909	-64.1912	-4.36202
95.919	-64.1904	-4.37528
95.929	-64.1896	-4.38853
95.9412	-64.1886	-4.39972
95.9535	-64.1876	-4.41091
95.9657	-64.1866	-4.4221
95.9779	-64.1856	-4.43329
95.992	-64.1845	-4.44203
96.0061	-64.1833	-4.45077
96.0201	-64.1822	-4.45952
96.0342	-64.1811	-4.46826
96.0497	-64.1798	-4.47426
96.0651	-64.1786	-4.48026
96.0805	-64.1773	-4.48626
96.096	-64.1761	-4.49226
96.1122	-64.1747	-4.49531
96.1285	-64.1734	-4.49836
96.1448	-64.1721	-4.50141
96.1611	-64.1708	-4.50446
96.1776	-64.1694	-4.50446
96.1942	-64.1681	-4.50446
96.2107	-64.1668	-4.50446
96.2273	-64.1654	-4.50446
96.2435	-64.1641	-4.50141
96.2598	-64.1628	-4.49836
96.2761	-64.1615	-4.49531
96.2924	-64.1601	-4.49226
96.3078	-64.1589	-4.48626
96.3232	-64.1576	-4.48026
96.3387	-64.1564	-4.47426
96.3541	-64.1551	-4.46826
96.3682	-64.154	-4.45952
96.3823	-64.1529	-4.45077
96.3963	-64.1517	-4.44203
96.4104	-64.1506	-4.43329
96.4226	-64.1496	-4.4221
96.4349	-64.1486	-4.41091
96.4471	-64.1476	-4.39972
96.4593	-64.1466	-4.38853
96.4693	-64.1458	-4.37528
96.4793	-64.145	-4.36202
96.4893	-64.1442	-4.34877
96.4992	-64.1434	-4.33552
96.5066	-64.1428	-4.32065
96.514	-64.1422	-4.30578
96.5214	-64.1416	-4.29091
96.227	-64.1614	-3.78754
96.2432	-64.1601	-3.79059
96.2595	-64.1588	-3.79364
96.2758	-64.1575	-3.79669
96.292	-64.1562	-3.79974
96.3075	-64.1549	-3.80574
96.3229	-64.1537	-3.81174
96.3384	-64.1524	-3.81774
96.3538	-64.1511	-3.82374
96.3679	-64.15	-3.83248
96.3819	-64.1489	-3.84123
96.396	-64.1477	-3.84997
96.4101	-64.1466	-3.85871
96.4223	-64.1456	-3.8699
96.4346	-64.1446	-3.88109
96.4468	-64.1436	-3.89228
96.459	-64.1426	-3.90347
96.469	-64.1418	-3.91672
96.479	-64.141	-3.92998
96.4889	-64.1402	-3.94323
96.4989	-64.1394	-3.95648
96.5063	-64.1388	-3.97135
96.5137	-64.1382	-3.98622
96.5211	-64.1376	-4.00109
96.5284	-64.137	-4.01595
96.533	-64.1366	-4.03193
96.5375	-64.1363	-4.0479
96.542	-64.1359	-4.06388
96.5466	-64.1355	-4.07985
96.5481	-64.1354	-4.09639
96.5496	-64.1353	-4.11293
96.5511	-64.1352	-4.12946
96.5527	-64.135	-4.146
96.5511	-64.1352	-4.16254
96.5496	-64.1353	-4.17907
96.5481	-64.1354	-4.19561
96.5466	-64.1355	-4.21215
96.542	-64.1359	-4.22812
96.5375	-64.1363	-4.2441
96.533	-64.1366	-4.26007
96.5284	-64.137	-4.27605
96.5211	-64.1376	-4.29091
96.5137	-64.1382	-4.30578
96.5063	-64.1388	-4.32065
96.4989	-64.1394	-4.33552
96.4889	-64.1402	-4.34877
96.479	-64.141	-4.36202
96.469	-64.1418	-4.37528
96.459	-64.1426	-4.38853
96.4468	-64.1436	-4.39972
96.4346	-64.1446	-4.41091
96.4223	-64.1456	-4.4221
96.4101	-64.1466	-4.43329
96.396	-64.1477	-4.44203
96.3819	-64.1489	-4.45077
96.3679	-64.15	-4.45952
96.3538	-64.1511	-4.46826
96.3384	-64.1524	-4.47426
96.3229	-64.1537	-4.48026
96.3075	-64.1549	-4.48626
96.292	-64.1562	-4.49226
96.2758	-64.1575	-4.49531
96.2595	-64.1588	-4.49836
96.2432	-64.1601	-4.50141
96.227	-64.1614	-4.50446
96.2104	-64.1628	-4.50446
96.1938	-64.1641	-4.50446
96.1773	-64.1654	-4.50446
96.1607	-64.1668	-4.50446
96.1445	-64.1681	-4.50141
96.1282	-64.1694	-4.49836
96.1119	-64.1707	-4.49531
96.0956	-64.1721	-4.49226
96.0802	-64.1733	-4.48626
96.0648	-64.1746	-4.48026
96.0493	-64.1758	-4.47426
96.0339	-64.1771	-4.46826
96.0198	-64.1782	-4.45952
96.0058	-64.1793	-4.45077
95.9917	-64.1805	-4.44203
95.9776	-64.1816	-4.43329
95.9654	-64.1826	-4.4221
95.9531	-64.1836	-4.41091
95.9409	-64.1846	-4.39972
95.9287	-64.1856	-4.38853
95.9187	-64.1864	-4.37528
95.9087	-64.1872	-4.36202
95.8987	-64.188	-4.34877
95.8888	-64.1888	-4.33552
95.8814	-64.1894	-4.32065
95.874	-64.19	-4.30578
95.8666	-64.1906	-4.29091
95.8593	-64.1912	-4.27605
95.8547	-64.1916	-4.26007
95.8502	-64.192	-4.2441
95.8457	-64.1923	-4.22812
95.8411	-64.1927	-4.21215
95.8396	-64.1928	-4.19561
95.8381	-64.1929	-4.17907
95.8365	-64.1931	-4.16254
95.835	-64.1932	-4.146
95.8365	-64.1931	-4.12946
95.8381	-64.1929	-4.11293
95.8396	-64.1928	-4.09639
95.8411	-64.1927	-4.07985
95.8457	-64.1923	-4.06388
95.8502	-64.192	-4.0479
95.8547	-64.1916	-4.03193
95.8593	-64.1912	-4.01595
95.8666	-64.1906	-4.00109
95.874	-64.19	-3.98622
95.8814	-64.1894	-3.97135
95.8888	-64.1888	-3.95648
95.8987	-64.188	-3.94323
95.9087	-64.1872	-3.92998
95.9187	-64.1864	-3.91672
95.9287	-64.1856	-3.90347
95.9409	-64.1846	-3.89228
95.9531	-64.1836	-3.88109
95.9654	-64.1826	-3.8699
95.9776	-64.1816	-3.85871
95.9917	-64.1805	-3.84997
96.0058	-64.1793	-3.84123
96.0198	-64.1782	-3.83248
96.0339	-64.1771	-3.82374
96.0493	-64.1758	-3.81774
96.0648	-64.1746	-3.81174
96.0802	-64.1733	-3.80574
96.0956	-64.1721	-3.79974
96.1119	-64.1707	-3.79669
96.1282	-64.1694	-3.79364
96.1445	-64.1681	-3.79059
96.1607	-64.1668	-3.78754
96.1773	-64.1654	-3.78754
96.1938	-64.1641	-3.78754
96.2104	-64.1628	-3.78754
96.0718	-64.174	-3.85036
96.0166	-64.1785	-3.87993
95.9683	-64.1824	-3.91973
95.9286	-64.1856	-3.96822
95.8992	-64.188	-4.02354
95.881	-64.1895	-4.08357
95.8749	-64.19	-4.146
95.881	-64.1895	-4.20843
95.8992	-64.188	-4.26846
95.9286	-64.1856	-4.32378
95.9683	-64.1824	-4.37227
96.0166	-64.1785	-4.41207
96.0718	-64.174	-4.44164
96.1316	-64.1692	-4.45985
96.1938	-64.1641	-4.466
96.2561	-64.1591	-4.45985
96.3159	-64.1542	-4.44164
96.371	-64.1497	-4.41207
96.4194	-64.1458	-4.37227
96.459	-64.1426	-4.32378
96.4885	-64.1402	-4.26846
96.5067	-64.1388	-4.20843
96.5128	-64.1383	-4.146
96.5067	-64.1388	-4.08357
96.4885	-64.1402	-4.02354
96.459	-64.1426	-3.96822
96.4194	-64.1458	-3.91973
96.371	-64.1497	-3.87993
96.3159	-64.1542	-3.85036
96.2561	-64.1591	-3.83215
96.1938	-64.1641	-3.826
96.1316	-64.1692	-3.83215
95.479	-63.08	-4.461
95.479	-63.08	-3.831
95.5651	-63.0731	-3.831
95.6512	-63.0661	-3.831
95.7373	-63.0591	-3.831
95.8234	-63.0521	-3.831
95.893	-63.0465	-3.831
95.9627	-63.0408	-3.831
96.0323	-63.0352	-3.831
96.1019	-63.0296	-3.831
96.1798	-63.0232	-3.831
96.2577	-63.0169	-3.831
96.3355	-63.0106	-3.831
96.4134	-63.0043	-3.831
96.4913	-62.998	-3.831
96.5691	-62.9917	-3.831
96.6388	-62.9861	-3.831
96.7249	-62.9791	-3.831
96.7249	-62.9791	-4.461
96.6388	-62.9861	-4.461
96.5526	-62.993	-4.461
96.4665	-63	-4.461
96.3804	-63.007	-4.461
96.3108	-63.0126	-4.461
96.2412	-63.0183	-4.461
96.1715	-63.0239	-4.461
96.1019	-63.0296	-4.461
96.024	-63.0359	-4.461
95.9462	-63.0422	-4.461
95.8683	-63.0485	-4.461
95.7904	-63.0548	-4.461
95.7126	-63.0611	-4.461
95.6347	-63.0674	-4.461
95.5651	-63.0731	-4.461
95.8256	-64.0519	-4.10681
95.7764	-63.9138	-4.06762
95.7271	-63.7757	-4.02843
95.6779	-63.6376	-3.98924
95.6281	-63.4982	-3.94968
95.5784	-63.3588	-3.91012
95.5287	-63.2194	-3.87056
95.5282	-63.2181	-4.42181
95.5784	-63.3588	-4.38188
95.6281	-63.4982	-4.34232
95.6779	-63.6376	-4.30276
95.7271	-63.7757	-4.26357
95.7764	-63.9138	-4.22438
95.8256	-64.0519	-4.18519
96.4834	-63.9552	-4.3243
96.277	-64.0352	-4.45372
96.212	-63.9847	-4.46392
96.2676	-63.8412	-4.45466
96.3379	-64.0017	-4.43254
95.851	-64.045	-4.26745
95.8618	-63.9483	-4.33173
95.8889	-64.076	-4.31307
95.9221	-64.0393	-4.36341
96.5581	-63.6801	-4.31315
96.6183	-63.5614	-4.30276
96.592	-63.7056	-4.26357
96.0796	-63.2364	-4.4616
96.149	-63.453	-4.4628
96.0629	-63.4267	-4.4607
95.8008	-63.3912	-4.42607
95.7382	-63.1945	-4.44472
95.8578	-63.241	-4.44976
96.4184	-63.1913	-4.44603
96.491	-63.1804	-4.43851
96.1128	-63.5997	-4.46273
96.0036	-63.5639	-4.452
96.026	-64.0309	-4.43243
96.131	-64.0077	-4.46215
95.9755	-64.0689	-4.40005
96.4052	-63.32	-4.43824
96.3745	-63.4736	-4.43552
96.2985	-63.336	-4.45305
96.516	-63.9603	-4.27346
96.5392	-63.994	-4.18519
96.394	-64.0314	-4.40026
95.8011	-63.8809	-4.29148
95.8217	-63.7937	-4.34885
96.3252	-63.7345	-4.44069
96.3325	-63.8663	-4.43636
96.1624	-63.7973	-4.46438
95.7724	-63.5734	-4.38236
95.688	-63.3787	-4.40263
96.5413	-63.7959	-4.29307
96.5656	-63.8498	-4.22438
96.442	-63.9932	-4.36379
96.3914	-63.8956	-4.40832
96.5155	-63.5229	-4.38024
96.5207	-63.6761	-4.34658
96.4557	-63.6954	-4.38703
96.2289	-63.6377	-4.45959
96.0711	-63.8777	-4.4545
96.0094	-63.9007	-4.43588
95.8991	-63.9071	-4.37655
95.957	-63.9406	-4.40774
96.4407	-63.8287	-4.38203
96.393	-63.7651	-4.41418
95.9726	-63.7383	-4.43556
95.8687	-63.732	-4.39396
96.4904	-63.8237	-4.34232
95.839	-63.5944	-4.40549
96.055	-63.7124	-4.45592
95.7503	-63.7132	-4.32255
95.8981	-63.5502	-4.43035
96.3082	-63.5753	-4.44736
96.2457	-63.1887	-4.45903
96.158	-63.1814	-4.46141
96.3448	-63.1772	-4.45355
96.1874	-63.3237	-4.4612
95.9983	-63.168	-4.46
95.7018	-63.5568	-4.35398
95.6387	-63.2201	-4.43167
96.4464	-63.5435	-4.40795
96.5685	-63.5643	-4.33991
96.645	-63.4158	-4.34232
96.4794	-63.3898	-4.41428
96.6024	-63.1624	-4.42583
96.582	-63.3703	-4.38363
96.6982	-63.1247	-4.42144
95.9078	-63.3946	-4.44512
95.9822	-63.4325	-4.45347
95.975	-63.3001	-4.45661
96.2341	-63.4733	-4.45863
95.9157	-63.1619	-4.45741
96.3864	-63.6354	-4.42375
96.6716	-63.2702	-4.38188
96.3111	-63.4552	-4.44893
96.6985	-63.1233	-3.87019
96.6716	-63.2702	-3.91012
96.645	-63.4158	-3.94968
96.6183	-63.5614	-3.98924
96.592	-63.7056	-4.02843
96.5656	-63.8498	-4.06762
96.5392	-63.994	-4.10681
95.8744	-64.0046	-3.9677
96.091	-64.0503	-3.83828
96.1471	-63.9899	-3.82808
96.069	-63.8573	-3.83734
96.0255	-64.027	-3.85946
96.5131	-63.9914	-4.02455
96.4868	-63.8977	-3.96027
96.4806	-64.028	-3.97893
96.4419	-63.9971	-3.92859
95.7564	-63.7451	-3.97885
96.1573	-63.2301	-3.8304
96.1237	-63.4551	-3.8292
96.2044	-63.4152	-3.8313
96.4573	-63.338	-3.86593
96.4874	-63.1338	-3.84728
96.3769	-63.1989	-3.84224
95.8156	-63.2401	-3.84597
95.7422	-63.2411	-3.85349
96.183	-63.594	-3.82927
96.285	-63.5411	-3.84
96.3381	-64.0056	-3.85957
96.2306	-63.9996	-3.82985
96.394	-64.035	-3.89195
95.8493	-63.3651	-3.85376
95.9043	-63.5117	-3.85648
95.9572	-63.3636	-3.83895
95.843	-64.0148	-4.01854
95.975	-64.0654	-3.89174
96.5358	-63.8214	-4.00052
96.5015	-63.7386	-3.94315
95.995	-63.7612	-3.85131
96.0091	-63.8925	-3.85564
96.1659	-63.797	-3.82762
96.5147	-63.5133	-3.90964
96.5667	-63.3075	-3.88937
95.7916	-63.8566	-3.99893
95.9214	-64.0354	-3.92821
95.9556	-63.9309	-3.88368
95.7731	-63.5831	-3.91176
95.7927	-63.7351	-3.94542
95.86	-63.7436	-3.90497
96.0745	-63.6502	-3.83241
96.2689	-63.8617	-3.8375
96.3335	-63.8744	-3.85612
96.4433	-63.863	-3.91545
96.3916	-63.9054	-3.88426
95.8962	-63.8728	-3.90997
95.9331	-63.8024	-3.87782
96.3437	-63.7083	-3.85644
96.4452	-63.6853	-3.89804
95.8464	-63.8759	-3.94968
96.4523	-63.5447	-3.88651
96.2581	-63.6959	-3.83608
96.559	-63.6477	-3.96945
96.3869	-63.5106	-3.86165
95.9862	-63.6014	-3.84464
95.9857	-63.2098	-3.83297
96.071	-63.1884	-3.83059
95.886	-63.2143	-3.83845
96.0649	-63.3337	-3.8308
96.2264	-63.1495	-3.832
96.5817	-63.4855	-3.93802
96.5898	-63.143	-3.86033
95.8446	-63.5923	-3.88405
95.7276	-63.6325	-3.95209
95.7874	-63.4459	-3.87772
95.6293	-63.2412	-3.86617
95.683	-63.4432	-3.90837
96.3523	-63.3586	-3.84688
96.285	-63.408	-3.83853
96.2707	-63.2761	-3.83539
96.0429	-63.4887	-3.83337
96.307	-63.1302	-3.83459
95.9186	-63.6733	-3.86825
95.9639	-63.4833	-3.84307
95.4491	-63.0824	-3.801
95.4491	-63.0824	-4.491
96.7548	-62.9767	-4.491
96.7548	-62.9767	-3.801
95.4488	-63.0795	-3.801
96.7545	-62.9737	-3.801
96.7545	-62.9737	-4.491
95.4488	-63.0795	-4.491

#	Triangle	706
111	109	110	111	108	109	111	106	107	39	40	44	40	41	44	42	43	44
111	107	108	41	42	44
111	105	106	39	44	38
112	105	111	38	44	45
112	104	105	38	45	37
113	104	112	37	45	46
113	103	104	37	46	36
114	103	113	36	46	47
114	102	103	36	47	35
115	102	114
115	101	102
116	101	115
116	100	101
117	100	116	33	49	50
117	99	100	33	50	32
118	99	117	32	50	51
118	98	99	32	51	31
119	98	118
119	97	98
120	97	119
120	96	97
121	96	120	29	53	54
121	95	96	29	54	28
122	95	121	28	54	55
122	94	95	28	55	27
123	94	122	27	55	56
123	93	94	27	56	26
124	93	123	26	56	57
124	92	93	26	57	25
125	92	124	25	57	58
125	91	92	25	58	24
126	91	125	24	58	59
126	90	91	24	59	23
127	90	126	23	59	60
127	89	90	23	60	22
128	89	127	22	60	61
128	88	89	22	61	21
129	88	128	21	61	62
129	87	88	21	62	20
130	87	129
130	86	87
131	86	130
131	85	86
132	85	131
132	84	85	17	66	16
133	84	132	16	66	67
133	83	84
0	83	133
0	82	83
1	82	0
1	81	82
2	81	1	3	80	2	4	79	3	12	70	71	13	69	70	14	68	69
2	80	81	3	79	80	4	78	79	12	71	11	13	70	12	14	69	13	15	68	14
5	78	4
5	77	78
6	77	5
6	76	77
7	76	6
8	76	7	9	74	75
8	75	76	9	75	8
10	74	9
10	73	74
10	72	73
11	72	10
11	71	72
15	67	68
16	67	15
17	65	66
18	65	17
18	64	65
19	64	18
19	63	64
20	63	19
20	62	63
30	53	29
30	52	53
31	52	30
31	51	52
34	49	33
34	48	49
35	48	34
35	47	48
203	201	202	203	200	201	203	199	200	203	198	199	266	267	135	267	268	135	268	269	135	269	134	135
203	197	198	266	135	265
204	197	203
204	196	197
205	196	204
205	195	196
206	195	205	263	137	138
206	194	195	263	138	262
207	194	206	262	138	139
207	193	194	262	139	261
208	193	207	261	139	140
208	192	193	261	140	260
209	192	208
209	191	192
210	191	209
210	190	191
211	190	210
211	189	190
212	189	211	257	143	144
212	188	189	257	144	256	258	143	257
213	188	212	256	144	145
213	187	188	256	145	255
214	187	213	255	145	146
214	186	187	255	146	254
215	186	214
215	185	186
216	185	215
216	184	185	218	182	183	251	150	250
217	184	216
217	183	184
218	183	217	251	149	150
219	182	218
219	181	182
220	181	219	249	151	152
220	180	181	249	152	248
221	180	220	248	152	153
221	179	180	248	153	247
222	179	221	247	153	154
222	178	179	247	154	246
223	178	222
223	177	178
224	177	223
224	176	177
225	176	224
225	175	176	245	156	244
226	175	225	244	156	157
226	174	175
227	174	226
227	173	174
228	173	227	240	160	161	241	159	160
228	172	173	241	160	240	242	159	241
229	172	228
229	171	172	230	170	171	239	162	238
230	171	229	239	161	162	310	311	320
231	170	230
231	169	170	235	166	234
232	169	231	259	141	142
232	168	169
233	168	232
233	167	168
234	167	233
234	166	167	238	163	237
235	165	166
236	165	235
236	164	165
237	164	236
237	163	164
238	162	163
240	161	239
242	158	159
243	158	242
243	157	158
244	157	243
245	155	156
246	155	245
246	154	155
250	151	249
250	150	151
252	149	251
252	148	149
253	148	252
253	147	148
254	147	253
254	146	147
258	142	143
259	142	258
260	141	259
260	140	141
264	137	263
264	136	137
265	136	264
265	135	136
78	231	230	78	232	231	78	233	232
78	234	233
78	77	234
77	76	234
76	75	234
98	211	210	98	212	211	98	214	213	98	97	214	96	95	214
98	213	212	97	96	214	95	94	214
82	227	226	82	228	227	82	229	228	82	230	229	82	81	230	81	80	230	80	79	230	79	78	230
94	215	214	94	216	215	94	217	216	94	218	217	94	93	218	93	92	218	92	91	218	91	90	218
106	203	202	106	204	203	106	205	204	106	206	205	106	105	206	105	104	206	104	103	206	103	102	206
86	223	222	86	224	223	86	225	224	86	226	225	86	85	226	85	84	226	84	83	226	83	82	226
90	219	218	90	220	219	90	221	220	90	222	221	90	89	222	89	88	222	88	87	222	87	86	222
102	207	206	102	208	207	102	209	208	102	210	209	102	101	210	101	100	210	100	99	210	99	98	210
110	199	198	110	201	200	110	109	202	109	108	202	108	107	202	107	106	202
110	200	199	110	202	201
122	187	186	122	189	188	121	120	190	120	119	190
122	188	187	122	190	189	122	121	190	119	118	190
114	195	194	114	196	195	114	197	196	114	198	197	114	113	198	113	112	198	112	111	198	111	110	198
4	171	170	4	172	171	4	173	172	4	3	174	3	2	174	2	1	174	1	0	174
4	174	173
0	175	174	0	176	175	0	177	176	0	178	177	0	133	178	133	132	178	132	131	178	131	130	178
118	191	190	118	192	191	118	193	192	118	194	193	118	117	194	117	116	194	116	115	194	115	114	194
8	167	166	8	168	167	8	169	168	6	5	170	5	4	170
8	170	169
8	7	170
7	6	170
126	183	182	126	184	183	126	185	184	126	125	186	125	124	186	124	123	186	123	122	186
126	186	185
130	179	178	130	180	179	130	181	180	130	182	181	129	128	182	128	127	182	127	126	182
130	129	182
11	163	162	11	164	163	11	165	164
11	166	165
11	10	166
10	9	166	9	8	166
51	259	258	51	260	259	51	261	260	51	262	261	51	50	262	50	49	262	49	48	262	48	47	262
15	159	158	15	160	159	15	161	160	15	162	161	15	14	162	14	13	162	13	12	162	12	11	162
23	151	150	23	152	151	23	153	152	23	154	153	23	22	154	22	21	154	21	20	154	20	19	154
39	135	134	39	136	135	39	137	136	39	138	137	39	38	138	38	37	138	37	36	138	36	35	138
19	155	154	19	156	155	19	157	156	19	18	158	18	17	158	17	16	158	16	15	158
19	158	157
27	147	146	27	148	147	27	150	149	27	26	150	26	25	150	25	24	150	24	23	150
27	149	148
35	139	138	35	140	139	35	141	140	35	142	141	35	34	142	34	33	142	33	32	142	32	31	142
31	143	142	31	145	144	31	30	146	28	27	146
31	144	143	31	146	145	30	29	146	29	28	146
43	267	266	43	268	267	43	269	268	42	41	134	41	40	134	40	39	134
43	134	269	43	42	134
55	255	254	55	257	256	55	258	257	54	53	258	52	51	258
55	256	255	55	54	258	53	52	258
47	263	262	47	264	263	47	265	264	47	266	265	47	46	266	46	45	266	45	44	266	44	43	266
71	239	238	71	240	239	71	241	240	71	242	241	71	70	242	70	69	242	69	68	242	68	67	242
67	243	242	67	244	243	67	245	244	67	246	245	67	66	246	66	65	246	65	64	246	64	63	246
75	235	234	75	236	235	75	237	236	73	72	238	72	71	238
75	238	237
75	74	238
74	73	238
59	251	250	59	252	251	59	254	253	59	58	254	58	57	254	57	56	254	56	55	254
59	253	252
63	247	246	63	248	247	63	249	248	63	250	249	63	62	250	62	61	250	61	60	250	60	59	250
285	283	284	300	301	299
286	283	285
286	282	283
287	282	286
287	281	282
288	281	287
288	280	281
289	280	288
289	279	280
290	279	289
290	278	279
291	278	290
291	277	278
292	277	291	293	275	276
292	276	277	293	276	292
294	275	293
294	274	275
295	274	294
295	273	274
296	273	295
296	272	273
297	272	296
297	271	272
298	271	297
298	270	271
299	270	298
299	301	270
303	335	302
303	334	335
303	333	334
303	332	333	303	331	332	315	316	320	316	317	320
303	330	331
303	329	330
303	328	329	312	313	320	313	314	320
303	327	328	303	326	327	309	310	320
303	325	326
303	324	325
303	323	324
303	322	323	303	321	322
303	320	321
303	304	320
304	305	320
305	306	320
306	307	320
307	308	320
308	309	320
311	312	320
314	315	320
317	318	320
318	319	320
343	303	302
344	303	343
345	303	344
346	303	345
347	303	346
348	303	347
349	303	348
276	336	349
336	337	349
337	338	349
338	339	349
339	340	349
340	341	349
341	342	349
342	303	349
350	290	289
352	351	285
354	351	353
357	355	356
357	358	279
361	359	360
364	362	363
367	365	366
369	368	323
364	370	371
357	279	278
373	282	372
372	281	374
377	375	376
280	279	358
354	287	286
379	291	378
287	354	380
284	373	352
356	381	382
353	383	384
353	352	385
374	281	280
365	386	387
389	378	388
289	390	350
391	390	380
284	352	285
394	392	393
390	288	380
288	390	289
385	395	353
348	381	355
290	378	291
397	396	372
358	398	399
401	394	400
277	355	278
381	356	355
403	402	399
282	281	372
283	373	284
385	352	373
404	388	378
291	379	292
351	286	285
353	384	354
391	400	390
404	378	350
356	398	358
399	374	358
405	403	386
355	277	349
399	397	372
373	372	396
396	406	385
370	395	385
407	381	347
398	382	403
408	402	403
383	395	409
411	327	410
377	412	375
371	402	408
363	362	413
329	362	414
278	355	357
356	358	357
280	358	374
399	372	374
382	386	403
387	415	345
397	399	402
405	365	408
382	381	407
335	334	416
346	415	407
387	416	366
407	386	382
407	415	386
332	334	333	315	317	316
366	334	332
394	417	392
366	416	334
419	360	418
420	376	375
387	345	344
369	322	421
422	419	418
421	321	423
415	387	386
345	415	346
403	405	408
406	402	371
367	424	365
406	371	370
424	425	408
364	371	425
426	362	364
427	363	413
428	330	414
412	324	368
404	393	388
426	414	362
393	418	359
404	394	393
392	418	393
404	400	394
417	394	429
422	418	392
393	359	388
420	392	417
422	421	430
422	392	420
321	421	322
421	422	369
412	368	375
429	376	417
420	417	376
376	429	409
427	377	431
409	431	376
410	413	411
420	375	369
412	410	325
369	422	420
429	383	409
427	409	395
370	363	395
413	377	427
401	383	429
353	395	383
410	412	377
409	427	431
410	377	413
411	413	362
427	395	363
361	389	388
363	370	364
335	343	302
320	423	321
416	344	343
343	335	416
344	416	387
332	367	366
365	387	366
428	367	331
424	367	426
411	362	328
410	326	325	327	326	410
370	385	406
396	402	406
356	382	398
398	403	399
348	347	381
407	347	346
397	402	396
383	401	384
391	354	384
426	425	424
408	365	424
288	287	380
354	391	380
350	400	404
391	401	400
384	401	391
429	394	401
426	364	425
371	408	425
282	373	283
396	385	373
379	378	389
352	353	351
354	286	351
378	290	350
390	400	350
276	349	277
355	349	348
386	365	405
330	329	414
362	329	328
367	428	426
414	426	428
419	422	430
332	331	367
428	331	330
323	368	324
421	423	430
369	323	322
431	377	376
412	325	324
368	369	375
418	360	359
359	361	388
327	411	328
319	423	320	319	430	423
319	419	430
319	360	419
319	361	360
319	389	361	319	379	389
319	432	379
432	433	379
433	434	379
434	435	379
435	436	379
436	437	379	437	438	379
438	292	379
439	274	273
441	440	301
443	440	442
446	444	445
446	447	295
338	448	339
451	449	450
454	452	453
456	455	306
451	457	458
446	295	294
460	298	459
459	297	461
464	462	463
296	295	447
443	271	270
336	275	465
271	443	466
300	460	441
445	467	468
442	469	470
442	441	471
461	297	296
452	472	473
337	465	474
273	475	439
476	475	466
300	441	301
479	477	478
475	272	466
272	475	273
471	480	442
437	467	444
274	465	275
482	481	459
447	483	484
486	479	485
293	444	294
467	445	444
488	487	484
298	297	459
299	460	300
471	441	460
489	474	465
275	336	276
440	270	301
442	470	443
476	485	475
489	465	439
445	483	447
484	461	447
490	488	472
444	293	438
484	482	459
460	459	481
481	491	471
457	480	471
492	467	436
483	468	488
493	487	488
469	480	494
496	310	495
464	497	462
458	487	493
450	449	498
312	449	499
294	444	446
445	447	446
296	447	461
484	459	461
468	472	488
473	500	434
482	484	487
490	452	493
468	467	492
318	317	501
435	500	492
473	501	453
492	472	468
492	500	472
453	317	315
479	502	477
453	501	317
340	339	503
504	463	462
473	434	433
456	305	505
506	340	503
505	304	342
500	473	472
434	500	435
488	490	493
491	487	458
454	507	452
491	458	457
507	508	493
451	458	508
509	449	451
510	450	498
511	313	499
497	307	455
489	478	474
509	499	449
478	503	448
489	479	478
477	503	478
489	485	479
502	479	512
506	503	477
478	448	474
504	477	502
506	505	341
506	477	504
304	505	305
505	506	456
497	455	462
512	463	502
504	502	463
463	512	494
510	464	513
494	513	463
495	498	496
504	462	456
497	495	308
456	506	504
512	469	494
510	494	480
457	450	480
498	464	510
486	469	512
442	480	469
495	497	464
494	510	513
495	464	498
496	498	449
510	480	450
338	337	474
450	457	451
318	432	319
303	342	304
501	433	432
432	318	501
433	501	473
315	454	453
452	473	453
511	454	314
507	454	509
496	449	311
495	309	308
310	309	495
457	471	491
481	487	491
445	468	483
483	488	484
437	436	467
492	436	435
482	487	481
469	486	470
476	443	470
509	508	507
493	452	507
272	271	466
443	476	466
439	485	489
476	486	485
470	486	476
512	479	486
509	451	508
458	493	508
298	460	299
481	471	460
336	465	337
441	442	440
443	270	440
465	274	439
475	485	439
292	438	293
444	438	437
472	452	490
313	312	499
449	312	311
454	511	509
499	509	511
340	506	341
315	314	454
511	314	313
306	455	307
505	342	341
456	306	305
513	464	463
497	308	307
455	456	462
503	339	448
448	338	474
310	496	311
517	515	516	514	515	517
521	519	520	518	519	521
521	514	518	515	514	521
520	515	521	516	515	520
519	516	520	517	516	519
518	517	519	514	517	518

#	Normal	706
4.08888e-006	-5.05209e-005	5.34973e-008
4.1008e-006	-5.04971e-005	-1.70654e-007
0.0807809	-0.996732	-0.000463355
0.0807809	-0.996732	-0.000812461
0.0807434	-0.996735	0.000611076
0.0807434	-0.996735	0.000664744
0.080768	-0.996733	-0.000532701
0.080768	-0.996733	-0.000743117
0.0807451	-0.996735	0.00061997
0.0807451	-0.996735	0.000656842
0.0807768	-0.996732	-0.000469603
0.0807768	-0.996732	-0.000179349
0.0807709	-0.996733	5.90172e-005
0.0807709	-0.996733	-0.000164201
0.0807641	-0.996733	0.000146659
0.0807641	-0.996733	-0.000146659
0.0807587	-0.996734	0.000132504
0.0807587	-0.996734	6.85733e-005
0.0807603	-0.996734	6.21774e-006
0.0807603	-0.996734	-6.21774e-006
0.0807617	-0.996733	-6.3712e-005
0.0807617	-0.996733	-8.45301e-006
0.0807613	-0.996733	7.86438e-006
0.0807613	-0.996733	6.43003e-005
0.0807639	-0.996733	-6.01164e-005
0.0807639	-0.996733	7.60107e-005
0.0807676	-0.996733	-7.19404e-005
0.0807676	-0.996733	-0.000276035
0.0807548	-0.996734	0.000262006
0.0807548	-0.996734	8.59705e-005
0.0807586	-0.996734	-8.18122e-005
0.0807586	-0.996734	8.18122e-005
0.0807621	-0.996733	-7.80376e-005
0.0807621	-0.996733	1.69552e-005
0.0807629	-0.996733	-1.63404e-005
0.0807629	-0.996733	1.63398e-005
0.0807636	-0.996733	-1.57681e-005
0.0807636	-0.996733	1.57686e-005
0.0807643	-0.996733	-1.52356e-005
0.0807643	-0.996733	6.28414e-005
0.080766	-0.996733	-1.39584e-005
0.080766	-0.996733	-3.87797e-005
0.0807652	-0.996733	-4.07614e-006
0.0807652	-0.996733	4.07614e-006
0.0807644	-0.996733	3.79691e-005
0.0807644	-0.996733	-3.79691e-005
0.0807636	-0.996733	-4.84896e-006
0.0807636	-0.996733	4.84896e-006
0.0807629	-0.996733	3.723e-005
0.0807629	-0.996733	1.94635e-006
0.0807639	-0.996733	-4.11559e-005
0.0807639	-0.996733	1.65645e-006
0.080764	-0.996733	-1.63461e-006
0.0807641	-0.996733	-0.000141554
0.0807616	-0.996733	-3.03203e-005
0.0807626	-0.996733	5.58707e-005
0.0807621	-0.996733	0.00010233
0.0807604	-0.996734	5.1723e-006
0.0807604	-0.996734	-7.15252e-005
0.0807563	-0.996734	7.11468e-005
0.0807604	-0.996734	0.000102173
0.0807632	-0.996733	4.91194e-006
0.0807621	-0.996733	9.40637e-005
0.0807607	-0.996734	-3.04025e-005
0.0807641	-0.996733	-0.000179708
0.0807629	-0.996733	4.14446e-005
0.0807629	-0.996733	-5.2099e-006
0.0807644	-0.996733	4.47147e-006
0.0807644	-0.996733	-4.47147e-006
0.0807652	-0.996733	-3.83648e-005
0.0807652	-0.996733	3.83648e-005
0.080766	-0.996733	3.66169e-006
0.080766	-0.996733	-6.15669e-005
0.0807643	-0.996733	1.52353e-005
0.0807617	-0.996733	8.45301e-006
0.0807603	-0.996734	6.5946e-005
0.0807603	-0.996734	-6.5946e-005
0.0807587	-0.996734	-3.58908e-006
0.0807709	-0.996733	0.000164201
0.0807768	-0.996732	-7.41772e-005
0.0807768	-0.996732	-0.000574766
0.0807451	-0.996735	0.000551674
-4.1008e-006	5.05209e-005	-7.47375e-008
-0.0807354	0.996735	0.000568175
-0.0807354	0.996735	0.000914328
-0.0807729	0.996732	-0.000506623
-0.0807729	0.996732	-0.000769195
-0.0807482	0.996734	0.000430221
-0.0807482	0.996734	0.000638883
-0.0807679	0.996733	-0.000533003
-0.080768	0.996733	-0.000156549
-0.0807597	0.996734	0.000135282
-0.0807597	0.996734	-0.000135271
-0.0807535	0.996734	0.000119092
-0.0807535	0.996734	-0.000119101
-0.080762	0.996733	-0.000507926
-0.080762	0.996733	-3.58744e-005
-0.0807587	0.996734	0.000132504
-0.0807587	0.996734	-3.58908e-006
-0.0807603	0.996734	-6.5946e-005
-0.0807603	0.996734	-6.21774e-006
-0.08076	0.996734	5.75237e-006
-0.08076	0.996734	6.64112e-005
-0.0807629	0.996733	-6.1789e-005
-0.0807629	0.996733	-1.0377e-005
-0.0807624	0.996733	9.70147e-006
-0.0807624	0.996733	7.76059e-005
-0.0807578	0.996734	0.000265209
-0.0807578	0.996734	0.000139155
-0.0807629	0.996733	-7.71272e-005
-0.0807629	0.996733	-0.000270849
-0.0807599	0.996734	-0.000136838
-0.0807599	0.996734	8.04485e-005
-0.0807632	0.996733	1.60596e-005
-0.080757	0.996734	0.000272969
-0.080757	0.996734	2.08025e-005
-0.0807579	0.996734	-2.00746e-005
-0.0807579	0.996734	2.00753e-005
-0.0807588	0.996734	-1.93966e-005
-0.0807588	0.996734	1.93959e-005
-0.0807597	0.996734	-1.87616e-005
-0.0807597	0.996734	6.82711e-006
-0.080759	0.996734	3.52709e-005
-0.080759	0.996734	-3.52709e-005
-0.0807583	0.996734	-7.49083e-006
-0.0807583	0.996734	7.49083e-006
-0.0807577	0.996734	3.46368e-005
-0.0807577	0.996734	-3.46368e-005
-0.0807629	0.996733	-0.000267095
-0.0807629	0.996733	1.94635e-006
-0.0807573	0.996734	0.000240189
-0.0807573	0.996734	3.5487e-006
-0.0807575	0.996734	-3.50191e-006
-0.0807575	0.996734	4.29968e-005
-0.0807585	0.996734	-3.19924e-006
-0.0807585	0.996734	3.19934e-006
-0.0807587	0.996734	5.62358e-005
-0.0807622	0.996733	-9.4063e-005
-0.0807622	0.996733	-0.00014137
-0.0807602	0.996734	-5.60942e-005
-0.0807602	0.996734	5.60958e-005
-0.0807582	0.996734	0.000141009
-0.0807582	0.996734	9.44274e-005
-0.0807617	0.996733	-5.59549e-005
-0.0807582	0.996734	5.62765e-005
-0.0807582	0.996734	-5.62782e-005
-0.0807602	0.996734	-0.000141191
-0.0807602	0.996734	0.000141187
-0.0807622	0.996733	5.59102e-005
-0.0807587	0.996734	9.43869e-005
-0.0807585	0.996734	-4.26954e-005
-0.0807629	0.996733	-0.000241787
-0.0807629	0.996733	3.72306e-005
-0.0807577	0.996734	0.00026969
-0.0807577	0.996734	-7.80024e-006
-0.080759	0.996734	7.16681e-006
-0.080759	0.996734	-7.16681e-006
-0.0807597	0.996734	-3.5611e-005
-0.080757	0.996734	-2.08025e-005
-0.0807632	0.996733	-0.000277703
-0.0807599	0.996734	0.000267533
-0.0807629	0.996733	0.000133521
-0.0807629	0.996733	-0.000133518
-0.0807578	0.996734	8.2767e-005
-0.0807578	0.996734	-8.2767e-005
-0.0807624	0.996733	-0.00027037
-0.0807587	0.996734	6.85733e-005
-0.0807587	0.996734	2.73408e-005
-0.080762	0.996733	0.000141036
-0.0807535	0.996734	0.000529845
-0.0807482	0.996734	0.000636937
-0.0807729	0.996732	-0.000562416
-0.0807729	0.996732	-0.000713401
-0.0807354	0.996735	0.000707646
-6.59566e-005	-5.2972e-006	-6.14709e-006
-6.60211e-005	-5.55634e-006	-6.12384e-006
-0.992428	-0.081173	-0.0921775
-8.2022e-005	-6.43404e-006	-7.64282e-006
-8.20201e-005	-6.59378e-006	-7.61288e-006
-3.48702e-005	-2.80054e-006	-5.65129e-005
-3.48702e-005	-2.93716e-006	-5.64995e-005
-6.37093e-005	-5.11671e-006	-1.81895e-005
-4.46247e-005	-3.67138e-006	-4.91197e-005
-1.21593e-005	-1.00136e-006	-6.52714e-005
-5.92945e-005	-4.76215e-006	-2.9605e-005
-5.28584e-005	-4.24524e-006	-4.00483e-005
-2.39043e-005	-1.92172e-006	-6.19092e-005
-0	-0	-6.64539e-005
-0	-0	-6.65198e-005
3.48702e-005	2.80054e-006	-5.65129e-005
3.48702e-005	2.86885e-006	-5.64906e-005
1.21713e-005	1.00136e-006	-6.53363e-005
6.36469e-005	5.11671e-006	-1.81718e-005
6.34599e-005	5.1145e-006	-1.81175e-005
5.92945e-005	4.76215e-006	-2.96063e-005
2.39277e-005	1.92172e-006	-6.19695e-005
6.59566e-005	5.2972e-006	-6.14709e-006
6.60211e-005	5.55634e-006	-6.12384e-006
8.19658e-005	6.77655e-006	-7.60922e-006
4.97892e-005	3.90805e-006	-4.63879e-006
4.46247e-005	3.67138e-006	-4.91197e-005
4.44936e-005	3.58397e-006	-4.89673e-005
5.28085e-005	4.24539e-006	-4.00094e-005
5.28595e-005	4.66931e-006	-4.00424e-005
6.5892e-005	5.2972e-006	6.10999e-006
6.58275e-005	5.55485e-006	6.13708e-006
0.992657	0.078332	0.0921773
8.21026e-005	6.75383e-006	7.65265e-006
-2.39277e-005	-1.92172e-006	6.19383e-005
6.37103e-005	5.11679e-006	1.81883e-005
5.28603e-005	4.34894e-006	4.00534e-005
1.21713e-005	9.77516e-007	6.53247e-005
5.92365e-005	4.76215e-006	2.96073e-005
5.90608e-005	4.53517e-006	2.94816e-005
4.46247e-005	3.58397e-006	4.91107e-005
4.45796e-005	3.41503e-006	4.90175e-005
2.39287e-005	1.96867e-006	6.19792e-005
3.48702e-005	2.80054e-006	5.64817e-005
3.48702e-005	2.86885e-006	5.65218e-005
-0	-0	6.6401e-005
-0	-0	6.65291e-005
-3.48702e-005	-2.86885e-006	5.65218e-005
-3.48702e-005	-2.80054e-006	5.64817e-005
-1.21593e-005	-9.77516e-007	6.52624e-005
-6.37093e-005	-5.11671e-006	1.81895e-005
-5.92936e-005	-4.76207e-006	2.96362e-005
-6.5892e-005	-5.2972e-006	6.10999e-006
-6.58275e-005	-5.55485e-006	6.13708e-006
-8.21549e-005	-6.411e-006	7.62396e-006
-4.97834e-005	-4.09288e-006	4.63965e-006
-4.46247e-005	-3.58397e-006	4.91119e-005
-4.45813e-005	-3.40615e-006	4.90175e-005
-5.28593e-005	-4.24531e-006	4.00483e-005
0.0807772	-0.996732	-1.15183e-012
0.0807772	-0.996732	-8.60098e-005
0.080767	-0.996733	1.76886e-005
0.080767	-0.996733	2.04616e-005
0.0807578	-0.996734	0.000115101
0.0807578	-0.996734	-5.58779e-005
0.0807579	-0.996734	-5.76052e-005
0.0807579	-0.996734	2.38343e-005
0.0807611	-0.996733	-8.23118e-006
0.0807611	-0.996733	4.07979e-005
0.0807632	-0.996733	1.93047e-005
0.0807632	-0.996733	-2.95447e-005
0.0807627	-0.996733	-2.49414e-005
0.0807627	-0.996733	-3.18049e-006
0.0807621	-0.996733	3.11942e-006
0.0807627	-0.996733	2.94071e-005
0.0807632	-0.996733	2.48038e-005
0.0807632	-0.996733	-3.96667e-005
0.0807611	-0.996733	-1.81736e-005
0.0807611	-0.996733	-2.12426e-005
0.0807579	-0.996734	1.08234e-005
0.0807579	-0.996734	5.60849e-005
0.0807578	-0.996734	5.78121e-005
0.0807578	-0.996734	-3.78999e-005
0.080767	-0.996733	-0.000132542
0.080767	-0.996733	5.23391e-005
0.0807772	-0.996732	-5.13522e-005
-0.0807479	0.996735	-0
-0.0807588	0.996734	-1.50221e-006
-0.0807944	0.996731	-1.03564e-005
-0.0807528	0.996734	5.17875e-006
-0.0807447	0.996735	1.01853e-005
-0.0808024	0.99673	-3.29046e-005
-0.0807528	0.996734	1.03575e-005
-0.0807498	0.996734	1.3309e-005
-0.0807588	0.996734	2.34556e-006
-0.0807498	0.996734	1.43103e-005
-0.0807928	0.996731	-4.76228e-005
-0.0807479	0.996735	2.32489e-005
-0.0807928	0.996731	-5.99831e-005
-0.0807479	0.996735	2.9429e-005
-0.0807928	0.996731	-5.38029e-005
-0.0807552	0.996734	1.07634e-005
-0.0807479	0.996735	2.22475e-005
-0.0807498	0.996734	1.94891e-005
-0.0808054	0.99673	-5.43465e-005
-0.0807447	0.996735	1.73668e-005
-0.0807944	0.996731	-1.55346e-005
-0.0807498	0.996734	5.91663e-006
-0.0807928	0.996731	-0
-0.941871	-0.335973	0
-0.941868	-0.335983	2.47725e-006
-0.941877	-0.335958	-1.168e-005
-0.941861	-0.336003	2.96097e-005
-0.941873	-0.335969	-1.5542e-005
-0.941871	-0.335975	-5.04781e-006
-0.94186	-0.336004	6.54711e-005
-0.941874	-0.335965	0
-0.941855	-0.336021	-0
-0.94188	-0.33595	-9.38797e-005
-0.941886	-0.335933	-0.000127364
-0.941846	-0.336046	0.000142286
-0.941905	-0.33588	-0.000297121
-0.941846	-0.336045	0.000169642
-0.941913	-0.335857	-0.000391005
0.878697	-0.115606	-0.463171
0.169987	0.0199915	-0.985244
0.323082	0.0110855	-0.946306
-0.820677	-0.249776	-0.513907
-0.74135	-0.206045	-0.638706
0.707357	-0.302975	-0.638633
-0.0251157	-0.00251539	-0.999681
-0.0891142	-0.122114	-0.988507
0.118361	-0.107018	-0.987187
-0.103722	-0.0182732	-0.994438
-0.847145	-0.261572	-0.462521
-0.267273	-0.0235652	-0.963333
-0.489441	-0.0887269	-0.867511
0.144057	-0.0463193	-0.988485
-0.751116	-0.203581	-0.627997
0.47355	-0.0157946	-0.880626
0.937711	-0.161276	-0.307714
0.495356	-0.00925919	-0.868641
-0.0259199	0.0142058	-0.999563
-0.716604	-0.25758	-0.648176
0.26544	-0.0170227	-0.963977
0.102102	0.024603	-0.99447
-0.621336	-0.149091	-0.769229
-0.220068	-0.194931	-0.95581
0.870294	-0.188093	-0.455204
0.731718	-0.0970712	-0.67466
0.621835	-0.0345759	-0.782385
0.0982067	0.00161195	-0.995165
0.555143	-0.16059	-0.816105
0.629079	-0.0500202	-0.77573
0.774163	-0.0797116	-0.627947
0.0889836	-0.00717731	-0.996007
-0.827722	-0.318865	-0.461738
0.947028	-0.152606	-0.282575
-0.267889	-0.0595939	-0.961605
-0.543705	-0.176129	-0.820588
0.475033	-0.0861914	-0.875736
-0.909547	-0.304758	-0.282572
-0.741302	-0.312028	-0.594231
-0.375081	-0.0980117	-0.921796
-0.464753	-0.0920976	-0.880638
-0.0971614	-0.014508	-0.995163
-0.019699	-0.00767231	-0.999777
0.734414	-0.190611	-0.651386
0.974479	-0.203856	-0.093988
0.291285	-0.00196116	-0.956634
0.265623	-0.0165174	-0.963935
0.558147	-0.0870694	-0.825161
0.830472	-0.118558	-0.544298
-0.662947	-0.187338	-0.724849
-0.610583	-0.134426	-0.78046
-0.367199	-0.155882	-0.916987
-0.900657	-0.311317	-0.303147
-0.425253	-0.078033	-0.901704
-0.258829	-0.0625947	-0.963893
-0.0923789	-0.0175247	-0.99557
0.0324511	0.0164843	-0.999337
-0.705614	-0.330113	-0.627005
-0.550743	-0.176874	-0.815719
-0.375354	-0.123243	-0.918652
0.170111	-0.0230448	-0.985155
0.0270944	0.00025245	-0.999633
0.143873	-0.0450063	-0.988572
-0.207488	-0.0551401	-0.976682
0.0110678	0.00907551	-0.999898
-0.0224037	-0.00320359	-0.999744
-0.822253	-0.273798	-0.498933
-0.71612	-0.247794	-0.652511
-0.615107	-0.150633	-0.773921
-0.470289	-0.119907	-0.874329
-0.49213	-0.237545	-0.837484
-0.357597	-0.271875	-0.893425
-0.415819	-0.0925332	-0.904728
-0.286597	-0.149795	-0.946268
-0.624385	-0.321232	-0.712006
0.0152531	-0.188255	-0.982002
-0.549541	-0.325009	-0.769658
-0.0760695	-0.202352	-0.976354
-0.567328	-0.246492	-0.785736
-0.415938	-0.301348	-0.858012
-0	-0	-2.54883e-007
0.00966725	-0.119292	-0.992812
0.396278	-0.101646	-0.912486
-0.0795112	-0.190078	-0.978544
0.579365	-0.31075	-0.753506
0.24925	-0.0669612	-0.966122
-0.234467	-0.341895	-0.910018
0.137538	-0.162519	-0.977073
0.413703	-0.227474	-0.881536
0.130758	-0.219811	-0.96674
-0.413218	-0.269738	-0.869766
-0.435785	-0.386201	-0.812982
-0.292126	-0.142117	-0.945762
-0.223931	-0.0518936	-0.973222
-0.177354	-0.087292	-0.980268
-0.100595	-0.00859415	-0.99489
-0.153169	-0.0838622	-0.984635
-0.0874709	-0.025388	-0.995844
-0.047401	-0.00055855	-0.998876
0.0484287	-0.00204193	-0.998825
-0.0329407	-0.021596	-0.999224
0.0895372	-0.0622631	-0.994035
0.731517	-0.169191	-0.660498
-0.0359718	-0.0193309	-0.999166
0.635106	-0.227326	-0.738216
0.552113	-0.137046	-0.822429
0.510902	-0.168004	-0.843062
0.627096	-0.0993986	-0.772574
0.395978	-0.101682	-0.912613
0.473047	-0.22492	-0.851843
0.636538	-0.220609	-0.73902
0.400865	-0.123336	-0.907797
0.260104	-0.216537	-0.940988
0.309851	-0.155752	-0.937941
0.0161063	-0.198813	-0.979905
0.144149	-0.210397	-0.96693
0.0881878	-0.0691282	-0.993702
0.318877	-0.0454506	-0.946706
0.272063	-0.0977528	-0.957302
0.251671	-0.051821	-0.966425
0.129527	-0.0205101	-0.991364
0.201949	-0.017893	-0.979232
0.027424	0.00421581	-0.999615
0.198089	-0.123495	-0.972373
0.0590159	-0.032978	-0.997712
0.305939	-0.126149	-0.943657
0.281653	-0.010004	-0.959464
0.15173	0.000949822	-0.988421
0.0248893	-0.00661754	-0.999668
0.0738029	0.00590833	-0.997255
0.343533	-0.0519314	-0.937704
0.207812	0.0158956	-0.97804
0.05752	-0.0199119	-0.998146
0.128547	-0.0162274	-0.991571
0.07152	-0.0148516	-0.997329
0.00305423	-0.000813856	-0.999995
0.0499155	0.00422597	-0.998745
0.809812	-0.28717	-0.511604
-0.0227768	0.00513804	-0.999727
0.0215367	-0.265844	-0.963775
0.0215481	-0.265837	-0.963777
-0.0900984	-0.301518	-0.949194
-0.0905484	-0.23823	-0.966978
-0.22284	-0.242066	-0.944323
-0.0758307	-0.0873888	-0.993284
-0.217705	-0.16059	-0.962712
-0.0563653	-0.0551213	-0.996887
-0.0875751	-0.0585415	-0.994436
0.000481612	0.00285662	-0.999996
0.000933248	-0.0115182	-0.999933
-0.0897714	-0.0142	-0.995861
-0.230427	-0.0307733	-0.972603
-0.62288	-0.243804	-0.743357
-0.543707	-0.176135	-0.820585
-0.770083	-0.412747	-0.486427
-0.612808	-0.410261	-0.67539
-0.26813	-0.0589259	-0.961579
0.360242	-0.0107861	-0.932797
0.426395	-0.0083829	-0.904498
-0.126681	-0.0303444	-0.991479
-0.177269	-0.0819928	-0.980741
0.637167	-0.0466529	-0.769312
0.481454	-0.0427661	-0.875428
0.626547	-0.13828	-0.767018
0.516541	-0.0446038	-0.8551
0.410708	-0.0458215	-0.910615
0.43795	-0.0442419	-0.89791
-0.087255	-0.0283133	-0.995784
-0.206275	-0.0445095	-0.977481
-0.290057	-0.0146542	-0.956897
-0.113159	0.00630391	-0.993557
0.906071	-0.257079	-0.336074
0.157029	0.00284029	-0.98759
0.323762	0.0097162	-0.946089
0.826882	-0.141513	-0.54428
0.721249	-0.0706965	-0.689058
-0.928966	-0.358034	-0.0939878
-0.868295	-0.394954	-0.300125
-0.368586	-0.162099	-0.915351
0.000623134	-0.00768661	-0.99997
-0.000237734	0.00293436	-0.999996
-0.0779534	-0.0392584	-0.996184
-0.0328169	-0.01989	-0.999263
0.358072	-0.30529	-0.882373
0.00474157	-0.0585253	-0.998275
0.0024809	-0.0306249	-0.999528
0.00645407	-0.0796231	-0.996804
0.155626	-0.28545	-0.945674
0.00991425	-0.122379	-0.992434
0.203536	-0.0122568	-0.978991
0.00360345	-0.0444792	-0.999004
0.113453	-0.0715469	-0.990964
0.589736	-0.23148	-0.773711
0.750601	-0.217233	-0.624026
-0.00021071	0.00260089	-0.999997
0.983674	-0.179958	-0
0.983673	-0.179963	2.23168e-006
0.983674	-0.179959	-1.11581e-006
0.983669	-0.179987	3.53789e-005
0.983675	-0.179955	-2.04503e-005
0.983688	-0.179885	-0.000227475
0.983668	-0.179992	7.63343e-005
0.983674	-0.179962	-4.17275e-006
0.983676	-0.179948	-3.97959e-005
0.983659	-0.180043	0.000178142
0.983676	-0.17995	-0
0.983667	-0.179997	-0
-0.848672	-0.255566	0.463079
-0.170991	-0.00763033	0.985243
-0.320647	-0.0410777	0.946308
0.850155	-0.114449	0.513944
0.764893	-0.0840036	0.638656
-0.649371	-0.412872	0.638634
0.0251932	0.0015607	0.999681
0.107608	-0.106173	0.988508
-0.0995903	-0.124679	0.987186
0.105311	-0.00133628	0.994438
0.878157	-0.12174	0.462623
0.267574	0.0197781	0.963334
0.497381	-0.0087702	0.867488
-0.134718	-0.068911	0.988485
0.774155	-0.0799902	0.627922
-0.464778	-0.0918303	0.880652
-0.899541	-0.310102	0.307674
-0.487365	-0.0888892	0.868662
0.0232954	0.0181932	0.999563
0.748786	-0.138841	0.648107
-0.259258	-0.0595454	0.963971
-0.104735	0.0078375	0.994469
0.637177	-0.0470814	0.769278
0.248589	-0.156959	0.955807
-0.828648	-0.325793	0.455194
-0.706542	-0.213598	0.674666
-0.608196	-0.134213	0.782358
-0.0971814	-0.0142163	0.995165
-0.522066	-0.247863	0.816095
-0.612881	-0.150693	0.775673
-0.751167	-0.203313	0.628022
-0.0866737	-0.0214083	0.996007
0.868258	-0.181417	0.461752
-0.910068	-0.303089	0.282689
0.273977	-0.0156839	0.961608
0.564987	-0.0862943	0.820575
-0.454943	-0.161559	0.875743
0.946784	-0.154329	0.282459
0.781915	-0.188582	0.594177
0.385978	-0.0363389	0.921792
0.473562	-0.01607	0.880614
0.098226	0.00132387	0.995163
0.0206781	-0.00440101	0.999776
-0.694117	-0.306392	0.651403
-0.928966	-0.358034	0.0939874
-0.287211	-0.0488361	0.956622
-0.25953	-0.0590594	0.963928
-0.536859	-0.175789	0.825155
-0.800563	-0.250729	0.544274
0.684436	-0.078162	0.724871
0.624234	-0.0344104	0.780479
0.387504	-0.0947352	0.916987
0.939008	-0.162293	0.30319
0.432247	-0.00854555	0.901715
0.265524	-0.0201012	0.963895
0.0939917	-0.00242685	0.99557
-0.0346834	0.0110467	0.999337
0.749561	-0.212219	0.626994
0.572008	-0.0858903	0.815738
0.390311	-0.0612067	0.918646
-0.164189	-0.0501276	0.985154
-0.0267791	-0.00411298	0.999633
-0.134748	-0.0675824	0.988573
0.213649	-0.0210145	0.976685
-0.0123888	0.00717605	0.999898
0.0226277	0.000444483	0.999744
0.855557	-0.137813	0.499028
0.746697	-0.129311	0.652474
0.631275	-0.0496076	0.773971
0.483486	-0.0426563	0.874312
0.523926	-0.155211	0.837503
0.396698	-0.210762	0.893426
0.425268	-0.0243833	0.904739
0.306976	-0.101705	0.946267
0.667998	-0.216529	0.711965
0.0152515	-0.188257	0.982001
0.594641	-0.232287	0.769705
0.107661	-0.187464	0.976354
0.599629	-0.151931	0.785724
0.459046	-0.230446	0.858004
0.00966463	-0.119291	0.992812
-0.374754	-0.16411	0.912484
0.109081	-0.174795	0.978544
-0.521805	-0.399998	0.753473
-0.23522	-0.106224	0.96612
0.286444	-0.299699	0.910017
-0.109581	-0.182537	0.977073
-0.371684	-0.291116	0.881534
-0.0936648	-0.237993	0.96674
0.451273	-0.199694	0.869756
0.492245	-0.310981	0.81301
0.311198	-0.0932356	0.94576
0.22937	-0.015157	0.973221
0.18909	-0.0575972	0.980269
0.100664	0.00771682	0.994891
0.164682	-0.0581071	0.984634
0.0904088	-0.0109796	0.995844
0.0468719	0.00707943	0.998876
-0.0474684	-0.00980787	0.998825
0.0359881	-0.0160124	0.999224
-0.0783441	-0.0758655	0.994036
-0.694708	-0.284733	0.660536
0.0386143	-0.0132869	0.999166
-0.590204	-0.326595	0.738238
-0.522867	-0.224144	0.822417
-0.477182	-0.248057	0.843069
-0.602879	-0.199077	0.772596
-0.374465	-0.164097	0.912605
-0.430644	-0.298148	0.851853
-0.592701	-0.320188	0.739043
-0.37579	-0.186265	0.907793
-0.221863	-0.255589	0.940984
-0.280723	-0.203611	0.937943
0.0161152	-0.198811	0.979905
-0.108398	-0.23086	0.96693
-0.0759066	-0.082426	0.993702
-0.307412	-0.0961805	0.946703
-0.252772	-0.140276	0.957303
-0.24003	-0.0916494	0.966429
-0.124552	-0.0411016	0.991361
-0.196429	-0.050169	0.979234
-0.0277424	-0.000255356	0.999615
-0.175624	-0.153779	0.972372
-0.0529345	-0.0420492	0.997712
-0.281627	-0.173762	0.943659
-0.276342	-0.0552124	0.959472
-0.149916	-0.0234961	0.988419
-0.0234993	-0.0105384	0.999668
-0.0737875	-0.0060456	0.997256
-0.330686	-0.106579	0.937703
-0.207666	-0.0177676	0.978038
-0.0535618	-0.0289122	0.998146
-0.124274	-0.0367133	0.991569
-0.0681906	-0.0261727	0.997329
-0.00288618	-0.00129491	0.999995
-0.0499431	-0.00386603	0.998745
-0.753037	-0.413801	0.51157
0.0216526	0.00873805	0.999727
0.0215481	-0.265836	0.963777
0.0215363	-0.26584	0.963777
0.137449	-0.283083	0.949195
0.127706	-0.220546	0.96698
0.258893	-0.203032	0.944326
0.0889098	-0.0740425	0.993284
0.240728	-0.123444	0.96271
0.0645053	-0.045327	0.996887
0.0958556	-0.0436775	0.994437
-0.000938441	0.00274092	0.999996
0.000933765	-0.0115179	0.999933
0.000933126	-0.011518	0.999933
0.0908798	0.000437878	0.995862
0.23238	0.00671823	0.972602
0.653984	-0.140337	0.743377
0.564986	-0.0862912	0.820576
0.826477	-0.283382	0.486447
0.670847	-0.306284	0.675392
0.274106	-0.0149899	0.961583
-0.353804	-0.0686524	0.932797
-0.419468	-0.0769042	0.904507
0.129915	-0.00954504	0.991479
0.188153	-0.0523855	0.980742
-0.621399	-0.148674	0.769259
-0.468264	-0.119696	0.875444
-0.59608	-0.237354	0.767041
-0.50263	-0.127178	0.855096
-0.397952	-0.111338	0.910625
-0.425104	-0.114195	0.897912
0.0906658	-0.0138921	0.995784
0.210745	-0.0107342	0.977482
0.288605	0.0322298	0.956906
0.110667	0.0244418	0.993557
-0.852849	-0.399641	0.336058
-0.155433	-0.0224806	0.987591
-0.3211	-0.0425493	0.946089
-0.793323	-0.272807	0.544256
-0.700457	-0.185886	0.689061
0.974479	-0.203855	0.0939877
0.920551	-0.249971	0.300169
0.389875	-0.100651	0.915351
0.000622769	-0.00768686	0.99997
-0.000237712	0.00293438	0.999996
0.0832561	-0.0261963	0.996184
0.0355908	-0.0143463	0.999263
-0.304257	-0.358944	0.882375
0.00474405	-0.0585256	0.998275
0.00248113	-0.0306246	0.999528
0.00645051	-0.0796237	0.996804
-0.107641	-0.306784	0.945673
0.00991522	-0.12238	0.992434
-0.198897	-0.0448711	0.978993
0.00360331	-0.0444774	0.999004
-0.100458	-0.0888827	0.990963
-0.544811	-0.323395	0.773691
-0.705843	-0.33522	0.62403
-0.000210608	0.00259935	0.999997
0.0807611	-0.996733	-0
-0.0807611	0.996733	-0
-0.996732	-0.0807809	0
-0	-0	-1
0.996732	0.0807809	0
-0	-0	1

#	Mesh	0	End

