#	Mesh	0	Begin

#	Vertex	600
86.8919	-67.6429	-5.796
86.89	-67.643	-5.82138
86.8881	-67.6432	-5.84676
86.887	-67.6432	-5.86199
86.8858	-67.6433	-5.87723
86.8813	-67.6437	-5.89708
86.8768	-67.6441	-5.91693
86.8723	-67.6444	-5.93679
86.8678	-67.6448	-5.95664
86.8604	-67.6454	-5.9756
86.8529	-67.646	-5.99455
86.8455	-67.6466	-6.01351
86.8381	-67.6472	-6.03247
86.828	-67.648	-6.0501
86.8178	-67.6489	-6.06774
86.8077	-67.6497	-6.08537
86.7975	-67.6505	-6.10301
86.7849	-67.6515	-6.11893
86.7722	-67.6525	-6.13485
86.7595	-67.6536	-6.15077
86.7469	-67.6546	-6.16669
86.732	-67.6558	-6.18054
86.7171	-67.657	-6.1944
86.7023	-67.6582	-6.20825
86.6874	-67.6594	-6.2221
86.6706	-67.6608	-6.23357
86.6538	-67.6621	-6.24504
86.6371	-67.6635	-6.25651
86.6203	-67.6649	-6.26798
86.602	-67.6663	-6.27682
86.5837	-67.6678	-6.28565
86.5654	-67.6693	-6.29449
86.5471	-67.6708	-6.30333
86.5277	-67.6724	-6.30933
86.5083	-67.6739	-6.31533
86.489	-67.6755	-6.32133
86.4696	-67.6771	-6.32734
86.4495	-67.6787	-6.33037
86.4294	-67.6803	-6.33341
86.4093	-67.6819	-6.33644
86.3893	-67.6836	-6.33948
86.369	-67.6852	-6.33948
86.3487	-67.6869	-6.33948
86.3284	-67.6885	-6.33948
86.3081	-67.6902	-6.33948
86.288	-67.6918	-6.33644
86.2679	-67.6934	-6.33341
86.2479	-67.695	-6.33037
86.2278	-67.6967	-6.32734
86.2084	-67.6982	-6.32133
86.189	-67.6998	-6.31533
86.1696	-67.7014	-6.30933
86.1502	-67.7029	-6.30333
86.1319	-67.7044	-6.29449
86.1136	-67.7059	-6.28565
86.0954	-67.7074	-6.27682
86.0771	-67.7089	-6.26798
86.0603	-67.7102	-6.25651
86.0435	-67.7116	-6.24504
86.0268	-67.7129	-6.23357
86.01	-67.7143	-6.2221
85.9951	-67.7155	-6.20825
85.9802	-67.7167	-6.1944
85.9654	-67.7179	-6.18054
85.9505	-67.7191	-6.16669
85.9378	-67.7202	-6.15077
85.9252	-67.7212	-6.13485
85.9125	-67.7222	-6.11893
85.8999	-67.7232	-6.10301
85.8897	-67.7241	-6.08537
85.8795	-67.7249	-6.06774
85.8694	-67.7257	-6.0501
85.8593	-67.7265	-6.03247
85.8518	-67.7271	-6.01351
85.8444	-67.7277	-5.99455
85.837	-67.7283	-5.9756
85.8296	-67.7289	-5.95664
85.8251	-67.7293	-5.93679
85.8206	-67.7297	-5.91693
85.816	-67.73	-5.89708
85.8115	-67.7304	-5.87723
85.81	-67.7305	-5.85692
85.8085	-67.7306	-5.83661
85.8074	-67.7307	-5.82138
85.8055	-67.7309	-5.796
85.8074	-67.7307	-5.77062
85.8093	-67.7306	-5.74524
85.8104	-67.7305	-5.73001
85.8115	-67.7304	-5.71477
85.816	-67.73	-5.69492
85.8206	-67.7297	-5.67507
85.8251	-67.7293	-5.65521
85.8296	-67.7289	-5.63536
85.837	-67.7283	-5.6164
85.8444	-67.7277	-5.59745
85.8518	-67.7271	-5.57849
85.8593	-67.7265	-5.55953
85.8694	-67.7257	-5.5419
85.8795	-67.7249	-5.52426
85.8897	-67.7241	-5.50663
85.8999	-67.7232	-5.48899
85.9125	-67.7222	-5.47307
85.9252	-67.7212	-5.45715
85.9378	-67.7202	-5.44123
85.9505	-67.7191	-5.42531
85.9654	-67.7179	-5.41146
85.9802	-67.7167	-5.3976
85.9951	-67.7155	-5.38375
86.01	-67.7143	-5.3699
86.0268	-67.7129	-5.35843
86.0435	-67.7116	-5.34696
86.0603	-67.7102	-5.33549
86.0771	-67.7089	-5.32402
86.0954	-67.7074	-5.31518
86.1136	-67.7059	-5.30635
86.1319	-67.7044	-5.29751
86.1502	-67.7029	-5.28867
86.1696	-67.7014	-5.28267
86.189	-67.6998	-5.27667
86.2084	-67.6982	-5.27067
86.2278	-67.6967	-5.26466
86.2479	-67.695	-5.26163
86.2679	-67.6934	-5.25859
86.288	-67.6918	-5.25556
86.3081	-67.6902	-5.25252
86.3284	-67.6885	-5.25252
86.3487	-67.6869	-5.25252
86.369	-67.6852	-5.25252
86.3893	-67.6836	-5.25252
86.4093	-67.6819	-5.25556
86.4294	-67.6803	-5.25859
86.4495	-67.6787	-5.26163
86.4696	-67.6771	-5.26466
86.489	-67.6755	-5.27067
86.5083	-67.6739	-5.27667
86.5277	-67.6724	-5.28267
86.5471	-67.6708	-5.28867
86.5654	-67.6693	-5.29751
86.5837	-67.6678	-5.30635
86.602	-67.6663	-5.31518
86.6203	-67.6649	-5.32402
86.6371	-67.6635	-5.33549
86.6538	-67.6621	-5.34696
86.6706	-67.6608	-5.35843
86.6874	-67.6594	-5.3699
86.7023	-67.6582	-5.38375
86.7171	-67.657	-5.3976
86.732	-67.6558	-5.41146
86.7469	-67.6546	-5.42531
86.7595	-67.6536	-5.44123
86.7722	-67.6525	-5.45715
86.7849	-67.6515	-5.47307
86.7975	-67.6505	-5.48899
86.8077	-67.6497	-5.50663
86.8178	-67.6489	-5.52426
86.828	-67.648	-5.5419
86.8381	-67.6472	-5.55953
86.8455	-67.6466	-5.57849
86.8529	-67.646	-5.59745
86.8604	-67.6454	-5.6164
86.8678	-67.6448	-5.63536
86.8723	-67.6444	-5.65521
86.8768	-67.6441	-5.67507
86.8813	-67.6437	-5.69492
86.8858	-67.6433	-5.71477
86.8873	-67.6432	-5.73508
86.8889	-67.6431	-5.75539
86.89	-67.643	-5.77062
86.0103	-67.7183	-5.3699
85.9954	-67.7195	-5.38375
85.9805	-67.7207	-5.3976
85.9657	-67.7219	-5.41146
85.9508	-67.7231	-5.42531
85.9381	-67.7241	-5.44123
85.9255	-67.7252	-5.45715
85.9128	-67.7262	-5.47307
85.9002	-67.7272	-5.48899
85.89	-67.728	-5.50663
85.8799	-67.7289	-5.52426
85.8697	-67.7297	-5.5419
85.8596	-67.7305	-5.55953
85.8522	-67.7311	-5.57849
85.8447	-67.7317	-5.59745
85.8373	-67.7323	-5.6164
85.8299	-67.7329	-5.63536
85.8254	-67.7333	-5.65521
85.8209	-67.7336	-5.67507
85.8164	-67.734	-5.69492
85.8119	-67.7344	-5.71477
85.8103	-67.7345	-5.73508
85.8088	-67.7346	-5.75539
85.8073	-67.7347	-5.77569
85.8058	-67.7349	-5.796
85.8073	-67.7347	-5.81631
85.8088	-67.7346	-5.83661
85.8103	-67.7345	-5.85692
85.8119	-67.7344	-5.87723
85.8164	-67.734	-5.89708
85.8209	-67.7336	-5.91693
85.8254	-67.7333	-5.93679
85.8299	-67.7329	-5.95664
85.8373	-67.7323	-5.9756
85.8447	-67.7317	-5.99455
85.8522	-67.7311	-6.01351
85.8596	-67.7305	-6.03247
85.8697	-67.7297	-6.0501
85.8799	-67.7289	-6.06774
85.89	-67.728	-6.08537
85.9002	-67.7272	-6.10301
85.9128	-67.7262	-6.11893
85.9255	-67.7252	-6.13485
85.9381	-67.7241	-6.15077
85.9508	-67.7231	-6.16669
85.9657	-67.7219	-6.18054
85.9805	-67.7207	-6.1944
85.9954	-67.7195	-6.20825
86.0103	-67.7183	-6.2221
86.0271	-67.7169	-6.23357
86.0439	-67.7156	-6.24504
86.0606	-67.7142	-6.25651
86.0774	-67.7129	-6.26798
86.0957	-67.7114	-6.27682
86.114	-67.7099	-6.28565
86.1322	-67.7084	-6.29449
86.1505	-67.7069	-6.30333
86.1699	-67.7054	-6.30933
86.1893	-67.7038	-6.31533
86.2087	-67.7022	-6.32133
86.2281	-67.7006	-6.32734
86.2482	-67.699	-6.33037
86.2683	-67.6974	-6.33341
86.2883	-67.6958	-6.33644
86.3084	-67.6941	-6.33948
86.3287	-67.6925	-6.33948
86.349	-67.6909	-6.33948
86.3693	-67.6892	-6.33948
86.3896	-67.6876	-6.33948
86.4097	-67.6859	-6.33644
86.4297	-67.6843	-6.33341
86.4498	-67.6827	-6.33037
86.4699	-67.6811	-6.32734
86.4893	-67.6795	-6.32133
86.5087	-67.6779	-6.31533
86.5281	-67.6763	-6.30933
86.5475	-67.6748	-6.30333
86.5658	-67.6733	-6.29449
86.584	-67.6718	-6.28565
86.6023	-67.6703	-6.27682
86.6206	-67.6688	-6.26798
86.6374	-67.6675	-6.25651
86.6541	-67.6661	-6.24504
86.6709	-67.6648	-6.23357
86.6877	-67.6634	-6.2221
86.7026	-67.6622	-6.20825
86.7175	-67.661	-6.1944
86.7323	-67.6598	-6.18054
86.7472	-67.6586	-6.16669
86.7599	-67.6576	-6.15077
86.7725	-67.6565	-6.13485
86.7852	-67.6555	-6.11893
86.7978	-67.6545	-6.10301
86.808	-67.6537	-6.08537
86.8181	-67.6528	-6.06774
86.8283	-67.652	-6.0501
86.8384	-67.6512	-6.03247
86.8458	-67.6506	-6.01351
86.8533	-67.65	-5.99455
86.8607	-67.6494	-5.9756
86.8681	-67.6488	-5.95664
86.8726	-67.6484	-5.93679
86.8771	-67.6481	-5.91693
86.8816	-67.6477	-5.89708
86.8862	-67.6473	-5.87723
86.8877	-67.6472	-5.85692
86.8892	-67.6471	-5.83661
86.8907	-67.647	-5.81631
86.8922	-67.6468	-5.796
86.8907	-67.647	-5.77569
86.8892	-67.6471	-5.75539
86.8877	-67.6472	-5.73508
86.8862	-67.6473	-5.71477
86.8816	-67.6477	-5.69492
86.8771	-67.6481	-5.67507
86.8726	-67.6484	-5.65521
86.8681	-67.6488	-5.63536
86.8607	-67.6494	-5.6164
86.8533	-67.65	-5.59745
86.8458	-67.6506	-5.57849
86.8384	-67.6512	-5.55953
86.8283	-67.652	-5.5419
86.8181	-67.6528	-5.52426
86.808	-67.6537	-5.50663
86.7978	-67.6545	-5.48899
86.7852	-67.6555	-5.47307
86.7725	-67.6565	-5.45715
86.7599	-67.6576	-5.44123
86.7472	-67.6586	-5.42531
86.7323	-67.6598	-5.41146
86.7175	-67.661	-5.3976
86.7026	-67.6622	-5.38375
86.6877	-67.6634	-5.3699
86.6709	-67.6648	-5.35843
86.6541	-67.6661	-5.34696
86.6374	-67.6675	-5.33549
86.6206	-67.6688	-5.32402
86.6023	-67.6703	-5.31518
86.584	-67.6718	-5.30635
86.5658	-67.6733	-5.29751
86.5475	-67.6748	-5.28867
86.5281	-67.6763	-5.28267
86.5087	-67.6779	-5.27667
86.4893	-67.6795	-5.27067
86.4699	-67.6811	-5.26466
86.4498	-67.6827	-5.26163
86.4297	-67.6843	-5.25859
86.4097	-67.6859	-5.25556
86.3896	-67.6876	-5.25252
86.3693	-67.6892	-5.25252
86.349	-67.6909	-5.25252
86.3287	-67.6925	-5.25252
86.3084	-67.6941	-5.25252
86.2883	-67.6958	-5.25556
86.2683	-67.6974	-5.25859
86.2482	-67.699	-5.26163
86.2281	-67.7006	-5.26466
86.2087	-67.7022	-5.27067
86.1893	-67.7038	-5.27667
86.1699	-67.7054	-5.28267
86.1505	-67.7069	-5.28867
86.1322	-67.7084	-5.29751
86.114	-67.7099	-5.30635
86.0957	-67.7114	-5.31518
86.0774	-67.7129	-5.32402
86.0606	-67.7142	-5.33549
86.0439	-67.7156	-5.34696
86.0271	-67.7169	-5.35843
86.5775	-67.6723	-5.34604
86.6449	-67.6669	-5.38745
86.7049	-67.662	-5.43891
86.7562	-67.6579	-5.49917
86.7975	-67.6545	-5.56673
86.8277	-67.6521	-5.63995
86.8462	-67.6506	-5.717
86.8524	-67.6501	-5.796
86.8462	-67.6506	-5.875
86.8277	-67.6521	-5.95205
86.7975	-67.6545	-6.02527
86.7562	-67.6579	-6.09283
86.7049	-67.662	-6.15309
86.6449	-67.6669	-6.20455
86.5775	-67.6723	-6.24596
86.5045	-67.6783	-6.27628
86.4277	-67.6845	-6.29478
86.349	-67.6909	-6.301
86.2703	-67.6972	-6.29478
86.1935	-67.7035	-6.27628
86.1205	-67.7094	-6.24596
86.0531	-67.7148	-6.20455
85.9931	-67.7197	-6.15309
85.9418	-67.7238	-6.09283
85.9005	-67.7272	-6.02527
85.8703	-67.7296	-5.95205
85.8518	-67.7311	-5.875
85.8456	-67.7316	-5.796
85.8518	-67.7311	-5.717
85.8703	-67.7296	-5.63995
85.9005	-67.7272	-5.56673
85.9418	-67.7238	-5.49917
85.9931	-67.7197	-5.43891
86.0531	-67.7148	-5.38745
86.1205	-67.7094	-5.34604
86.1935	-67.7035	-5.31572
86.2703	-67.6972	-5.29722
86.349	-67.6909	-5.291
86.4277	-67.6845	-5.29722
86.5045	-67.6783	-5.31572
87.2353	-68.7236	-6.396
87.2353	-68.7236	-5.196
87.1483	-68.7307	-5.196
87.0612	-68.7377	-5.196
86.9489	-68.7468	-5.196
86.8366	-68.7559	-5.196
86.7369	-68.764	-5.196
86.6373	-68.7721	-5.196
86.5376	-68.7801	-5.196
86.4379	-68.7882	-5.196
86.3256	-68.7973	-5.196
86.2133	-68.8064	-5.196
86.101	-68.8155	-5.196
85.9887	-68.8246	-5.196
85.9017	-68.8317	-5.196
85.8146	-68.8387	-5.196
85.7276	-68.8458	-5.196
85.6405	-68.8528	-5.196
85.6405	-68.8528	-6.396
85.7276	-68.8458	-6.396
85.8146	-68.8387	-6.396
85.9269	-68.8296	-6.396
86.0392	-68.8205	-6.396
86.1389	-68.8124	-6.396
86.2386	-68.8044	-6.396
86.3382	-68.7963	-6.396
86.4379	-68.7882	-6.396
86.5502	-68.7791	-6.396
86.6625	-68.77	-6.396
86.7748	-68.7609	-6.396
86.8871	-68.7518	-6.396
86.9742	-68.7448	-6.396
87.0612	-68.7377	-6.396
87.1483	-68.7307	-6.396
86.9098	-67.8112	-5.70594
86.9673	-67.9723	-5.61589
87.0248	-68.1335	-5.52583
87.0823	-68.2946	-5.43578
87.1588	-68.5091	-5.31589
87.1588	-68.5091	-6.27611
87.0823	-68.2946	-6.15622
87.0248	-68.1335	-6.06617
86.9673	-67.9723	-5.97611
86.9098	-67.8112	-5.88606
86.8975	-67.8818	-6.01662
85.8384	-67.9676	-6.01662
85.7841	-68.0682	-5.97611
85.8149	-67.8999	-5.88606
86.8626	-67.9033	-6.08615
86.7887	-68.3865	-6.3148
86.8296	-68.5734	-6.35388
86.7312	-68.5176	-6.3533
86.4477	-67.8332	-6.30745
86.7495	-67.7974	-6.15864
86.8068	-67.8313	-6.1139
86.5432	-67.8501	-6.2882
86.6312	-67.8696	-6.25751
86.5723	-68.0272	-6.30538
86.7707	-67.9536	-6.19709
86.4331	-68.2363	-6.34772
86.4365	-68.0954	-6.33456
86.5095	-68.1447	-6.33247
85.9703	-67.8576	-6.15747
86.8766	-68.4322	-6.30623
86.9111	-68.5883	-6.34934
86.7038	-67.8812	-6.22025
85.9405	-68.3189	-6.25106
85.8862	-68.4139	-6.25475
85.8425	-68.317	-6.19336
86.0312	-67.8921	-6.21433
86.4939	-67.964	-6.31444
86.5261	-68.3389	-6.3519
86.4474	-68.408	-6.36282
86.1848	-68.2367	-6.32451
86.2721	-68.4352	-6.3584
86.1416	-68.4598	-6.34299
86.3319	-67.9929	-6.32562
86.4104	-67.9568	-6.32313
86.1052	-68.0024	-6.27134
86.095	-67.8475	-6.24745
86.1694	-67.8809	-6.28377
86.2594	-68.0526	-6.32201
86.2569	-67.8805	-6.30712
86.3473	-67.8446	-6.31405
86.1771	-68.6431	-6.37272
86.2796	-68.632	-6.37832
86.6698	-68.0611	-6.27956
85.8233	-68.4736	-6.24955
86.0813	-68.6726	-6.36858
86.023	-68.5392	-6.33299
86.6054	-68.6334	-6.37985
86.53	-68.535	-6.37213
86.6275	-68.4809	-6.35907
85.8077	-68.1539	-6.08002
85.7533	-68.2365	-6.06617
86.9016	-68.082	-6.14978
86.9607	-68.0732	-6.08648
85.8764	-67.9819	-6.08578
86.6181	-68.2809	-6.33207
85.9198	-67.9012	-6.11328
86.8372	-67.9972	-6.16223
86.8574	-68.2141	-6.23791
85.975	-68.013	-6.19584
86.0393	-68.0488	-6.2451
85.9642	-68.1698	-6.22513
85.9166	-68.0706	-6.16198
86.2717	-68.2328	-6.33966
86.3445	-68.1499	-6.33945
85.8666	-68.1659	-6.14978
86.7375	-68.2225	-6.29012
86.1802	-68.0353	-6.3023
86.3503	-68.33	-6.35493
85.6815	-68.6288	-6.27611
85.7819	-68.665	-6.32006
86.6991	-68.3545	-6.32816
86.9797	-68.5453	-6.32573
87.0837	-68.5665	-6.32027
86.9813	-68.3516	-6.24102
85.9502	-68.4812	-6.29979
86.0506	-68.2673	-6.288
85.7536	-68.5293	-6.24625
85.7867	-68.347	-6.16833
85.8752	-68.6424	-6.33038
86.1222	-68.3099	-6.31783
86.0985	-68.1567	-6.28893
85.9599	-68.6563	-6.34958
87.0109	-68.2483	-6.16777
87.0568	-68.4087	-6.24316
85.7225	-68.4048	-6.15622
86.3979	-68.5415	-6.37442
85.6815	-68.6288	-5.31589
85.7225	-68.4048	-5.43578
85.7533	-68.2365	-5.52583
85.7841	-68.0682	-5.61589
85.8149	-67.8999	-5.70594
85.8384	-67.9676	-5.57538
86.8975	-67.8818	-5.57538
85.8763	-67.9832	-5.50585
86.027	-68.4482	-5.2772
86.0167	-68.6393	-5.23812
86.1049	-68.5683	-5.2387
86.2745	-67.8472	-5.28455
85.9709	-67.8605	-5.43336
85.9198	-67.9032	-5.4781
86.183	-67.8793	-5.3038
86.0993	-67.9127	-5.33449
86.1827	-68.0588	-5.28662
85.9751	-68.018	-5.39491
86.3538	-68.2427	-5.24428
86.3278	-68.1042	-5.25744
86.2637	-68.1646	-5.25953
86.7496	-67.7944	-5.43453
85.9476	-68.5075	-5.28577
85.9387	-68.6671	-5.24266
86.0294	-67.9358	-5.37175
86.8533	-68.2449	-5.34094
86.9222	-68.3299	-5.33725
86.9497	-68.2273	-5.39864
86.6951	-67.8384	-5.37767
86.25	-67.9838	-5.27756
86.2785	-68.3589	-5.2401
86.3674	-68.4145	-5.22918
86.5989	-68.2031	-5.26749
86.5447	-68.4131	-5.2336
86.6775	-68.4164	-5.24901
86.4145	-67.9862	-5.26638
86.3312	-67.9632	-5.26887
86.6397	-67.9591	-5.32066
86.6249	-67.8045	-5.34455
86.5568	-67.8496	-5.30823
86.4957	-68.0334	-5.26999
86.4705	-67.8632	-5.28488
86.3754	-67.8424	-5.27795
86.6719	-68.603	-5.21928
86.5691	-68.6085	-5.21368
86.092	-68.1079	-5.31244
86.9939	-68.3787	-5.34245
86.7713	-68.6167	-5.22342
86.8073	-68.4757	-5.25901
86.2476	-68.6623	-5.21215
86.3062	-68.5531	-5.21988
86.2013	-68.5154	-5.23293
86.9578	-68.0607	-5.51198
85.8666	-68.1659	-5.44222
85.8068	-68.1667	-5.50552
86.8623	-67.902	-5.50622
86.1784	-68.3165	-5.25993
86.8065	-67.8293	-5.47872
85.9165	-68.0718	-5.42977
85.9315	-68.2892	-5.35409
86.77	-67.9485	-5.39616
86.7123	-67.9943	-5.3469
86.8059	-68.1015	-5.36687
86.8369	-67.9961	-5.43002
86.5126	-68.2133	-5.25234
86.4274	-68.1432	-5.25255
86.9016	-68.082	-5.44222
86.0512	-68.2781	-5.30188
86.571	-68.0037	-5.2897
86.4506	-68.3219	-5.23707
87.0655	-68.561	-5.27194
86.1104	-68.4022	-5.26384
85.8641	-68.6357	-5.26627
85.7649	-68.6733	-5.27173
85.8313	-68.4448	-5.35098
86.8698	-68.4066	-5.29221
86.7363	-68.2117	-5.304
87.0716	-68.4226	-5.34575
87.0096	-68.2479	-5.42367
86.9698	-68.5537	-5.26162
86.6726	-68.2653	-5.27417
86.6712	-68.1103	-5.30307
86.8885	-68.5811	-5.24242
85.7855	-68.3476	-5.42423
85.766	-68.5133	-5.34884
86.4377	-68.5383	-5.21758
87.2752	-68.7204	-5.156
87.2752	-68.7204	-6.436
85.6007	-68.856	-6.436
85.6007	-68.856	-5.156
87.2755	-68.7244	-5.156
85.601	-68.86	-5.156
85.601	-68.86	-6.436
87.2755	-68.7244	-6.436

#	Triangle	808
45	43	44	45	42	43	45	41	42	45	40	41	124	125	129	125	126	129	126	127	129	127	128	129
45	39	40
46	39	45
46	38	39
47	38	46	122	130	131
47	37	38	122	131	121
48	37	47	121	131	132
48	36	37	121	132	120
49	36	48
49	35	36
50	35	49
50	34	35
51	34	50
51	33	34
52	33	51
52	32	33
53	32	52
53	31	32
54	31	53
54	30	31
55	30	54	114	138	139
55	29	30	114	139	113
56	29	55
56	28	29
57	28	56
57	27	28
58	27	57
58	26	27
59	26	58
59	25	26
60	25	59
60	24	25
61	24	60
61	23	24
62	23	61
62	22	23
63	22	62
63	21	22
64	21	63
64	20	21
65	20	64
65	19	20
66	19	65	103	149	150
66	18	19	68	16	17	103	150	102
67	18	66	102	150	151
67	17	18	102	151	101
68	17	67
69	16	68
69	15	16
70	15	69
70	14	15	72	12	13
71	14	70	98	154	155
71	13	14	98	155	97
72	13	71
73	12	72
73	11	12
74	11	73	95	157	158
74	10	11	95	158	94
75	10	74
75	9	10
76	9	75	93	159	160
76	8	9	93	160	92
77	8	76	92	160	161
77	7	8	89	164	88	92	161	91
78	7	77
78	6	7
79	6	78	90	162	163
79	5	6	90	163	89
80	5	79
80	4	5
81	4	80
81	3	4	81	2	3
82	2	81
82	1	2
83	1	82
84	1	83
84	0	1
85	0	84
85	167	0
86	167	85
86	166	167
86	165	166
87	165	86
87	164	165
88	164	87
89	163	164
91	162	90
91	161	162
94	159	93
94	158	159
96	157	95
96	156	157
97	156	96
97	155	156
99	154	98
99	153	154
100	153	99
100	152	153
101	152	100
101	151	152
104	149	103
104	148	149
105	148	104
105	147	148
106	147	105
106	146	147
107	146	106
107	145	146
108	145	107
108	144	145
109	144	108
109	143	144
110	143	109
110	142	143
111	142	110
111	141	142
112	141	111
112	140	141
113	140	112
113	139	140
115	138	114
115	137	138
116	137	115
116	136	137
117	136	116
117	135	136
118	135	117
118	134	135
119	134	118
119	133	134
120	133	119
120	132	133
123	130	122
123	129	130
124	129	123
237	235	236	237	234	235	237	233	234	237	232	233	316	317	321	317	318	321	318	319	321	319	320	321
237	231	232	316	321	315
238	231	237	315	321	322
238	230	231	315	322	314
239	230	238
239	229	230
240	229	239
240	228	229
241	228	240	312	324	325
241	227	228	312	325	311
242	227	241	311	325	326
242	226	227	311	326	310
243	226	242	310	326	327
243	225	226	310	327	309
244	225	243	309	327	328
244	224	225	309	328	308
245	224	244	308	328	329
245	223	224	308	329	307
246	223	245
246	222	223
247	222	246
247	221	222
248	221	247	305	331	332
248	220	221	305	332	304
249	220	248	304	332	333
249	219	220	304	333	303
250	219	249	303	333	334
250	218	219	303	334	302
251	218	250	302	334	335
251	217	218	302	335	301
252	217	251	301	335	168
252	216	217	301	168	300
253	216	252	300	168	169
253	215	216	300	169	299
254	215	253	299	169	170
254	214	215	299	170	298
255	214	254	298	170	171
255	213	214	298	171	297
256	213	255	297	171	172
256	212	213	297	172	296
257	212	256
257	211	212
258	211	257
258	210	211
259	210	258	294	174	175
259	209	210	294	175	293
260	209	259	293	175	176
260	208	209	293	176	292
261	208	260	263	206	262	292	176	177
261	207	208	292	177	291
262	207	261
262	206	207	264	204	205	289	180	288
263	205	206
264	205	263	289	179	180
265	204	264
265	203	204
266	203	265
266	202	203
267	202	266	286	182	183
267	201	202	286	183	285
268	201	267	285	183	184
268	200	201	285	184	284
269	200	268	284	184	185
269	199	200	284	185	283
270	199	269	283	185	186
270	198	199	283	186	282
271	198	270	282	186	187
271	197	198	282	187	281
272	197	271
272	196	197
273	196	272
273	195	196
274	195	273	279	189	190
274	194	195	279	190	278
275	194	274	278	190	191
275	193	194	278	191	277
276	193	275	277	191	192
276	192	193	277	192	276
280	189	279
280	188	189
281	188	280
281	187	188
287	182	286
287	181	182
288	181	287
288	180	181
290	179	289
290	178	179
291	178	290
291	177	178
295	174	294
295	173	174
296	173	295
296	172	173
306	331	305
306	330	331
307	330	306
307	329	330
313	324	312
313	323	324
314	323	313
314	322	323
16	261	260	16	262	261	16	263	262	16	264	263	15	14	264	14	13	264	13	12	264
16	15	264
4	273	272	4	274	273	4	275	274	4	276	275
4	3	276	3	2	276
2	1	276
1	0	276
12	265	264	12	266	265	12	267	266	12	268	267	12	11	268	11	10	268	10	9	268	9	8	268
8	269	268	8	270	269	8	271	270	8	272	271
8	7	272	7	6	272	6	5	272	5	4	272
32	245	244	32	246	245	32	247	246	32	31	248	31	30	248	30	29	248	29	28	248
32	248	247
36	241	240	36	242	241	36	243	242	36	244	243	36	35	244	35	34	244	34	33	244	33	32	244
52	225	224	52	226	225	52	227	226	52	228	227	52	51	228	51	50	228	50	49	228	49	48	228
24	253	252	24	255	254	23	22	256	21	20	256
24	254	253	24	256	255	24	23	256	22	21	256
20	257	256	20	258	257	20	260	259	19	18	260	18	17	260	17	16	260
20	259	258	20	19	260
60	217	216	60	218	217	60	219	218	60	220	219	60	59	220	59	58	220	58	57	220	57	56	220
44	233	232	44	234	233	44	236	235	43	42	236	41	40	236
44	235	234	44	43	236	42	41	236
40	237	236	40	238	237	40	240	239	39	38	240	38	37	240	37	36	240
40	239	238	40	39	240
28	249	248	28	250	249	28	251	250	28	252	251	28	27	252	27	26	252	26	25	252	25	24	252
48	229	228	48	230	229	48	231	230	48	232	231	48	47	232	47	46	232	46	45	232
45	44	232
80	197	196	80	198	197	80	199	198	80	200	199	80	79	200	79	78	200
78	77	200	77	76	200
72	205	204	72	206	205	72	207	206	72	208	207	71	70	208	70	69	208	69	68	208
72	71	208
56	221	220	56	222	221	56	223	222	56	224	223	56	55	224	55	54	224	54	53	224	53	52	224
84	193	192	84	194	193	84	195	194	82	81	196	81	80	196
84	196	195
84	83	196
83	82	196
76	201	200	76	202	201	76	203	202	76	204	203	76	75	204	75	74	204	74	73	204	73	72	204
64	213	212	64	215	214	62	61	216	61	60	216
64	214	213	64	216	215	63	62	216
64	63	216
68	209	208	68	211	210	68	212	211	67	66	212	66	65	212	65	64	212
68	210	209	68	67	212
96	181	180	96	182	181	96	183	182	96	184	183	96	95	184	95	94	184	94	93	184	93	92	184
116	329	328	116	330	329	116	332	331	116	115	332	114	113	332	113	112	332
116	331	330	115	114	332
112	333	332	112	334	333	112	335	334	112	168	335	112	111	168	110	109	168	109	108	168
111	110	168
100	177	176	100	178	177	100	179	178	100	180	179	100	99	180	99	98	180	98	97	180	97	96	180
92	185	184	92	186	185	92	187	186	92	188	187	92	91	188
91	90	188	90	89	188	89	88	188
124	321	320	124	322	321	124	323	322	124	324	323
124	123	324	123	122	324	122	121	324	121	120	324
108	169	168	108	171	170	106	105	172	105	104	172
108	170	169	108	172	171	107	106	172
108	107	172
88	189	188	88	190	189	88	191	190	88	192	191
88	87	192	87	86	192
86	85	192
85	84	192
104	173	172	104	174	173	104	175	174	101	100	176
104	176	175	104	103	176	103	102	176	102	101	176
120	325	324	120	326	325	120	327	326	120	328	327	120	119	328	119	118	328	118	117	328	117	116	328
128	317	316	128	318	317	128	320	319	127	126	320	125	124	320
128	319	318	128	127	320	126	125	320
144	301	300	144	302	301	144	303	302	144	304	303	144	143	304	143	142	304	142	141	304	141	140	304
132	313	312	132	314	313	129	128	316
132	315	314	132	316	315	132	131	316	131	130	316	130	129	316
164	281	280
164	282	281	164	283	282	163	162	284	162	161	284	161	160	284
164	284	283	164	163	284
136	309	308	136	310	309	136	311	310	136	312	311	136	135	312	135	134	312	134	133	312	133	132	312
156	289	288	156	290	289	156	291	290	156	292	291	156	155	292	155	154	292	154	153	292	153	152	292
140	305	304	140	306	305	140	307	306	140	308	307	139	138	308	138	137	308	137	136	308
140	139	308
0	277	276	0	278	277	0	279	278	0	280	279	166	165	280	165	164	280
0	167	280
167	166	280
160	285	284	160	286	285	160	287	286	160	159	288	159	158	288	158	157	288	157	156	288
160	288	287
148	297	296	148	299	298	147	146	300	145	144	300
148	298	297	148	300	299	148	147	300	146	145	300
152	293	292	152	294	293	149	148	296
152	295	294	152	296	295	152	151	296	151	150	296	150	149	296
354	352	353	373	374	372
355	352	354	372	374	375
355	351	352	372	375	371
356	351	355	371	375	336
356	350	351	371	336	370
357	350	356
357	349	350
358	349	357
358	348	349
359	348	358	368	338	339
359	347	348	368	339	367
360	347	359
360	346	347
361	346	360	366	340	341
361	345	346	366	341	365
362	345	361
362	344	345
363	344	362	364	342	343
363	343	344	364	343	363
365	342	364
365	341	342
367	340	366
367	339	340
369	338	368
369	337	338
370	337	369
370	336	337
377	409	376
377	408	409
377	407	408	389	390	394
377	406	407
377	405	406	387	388	394	388	389	394
377	404	405
377	403	404	377	402	403
377	401	402	383	384	394	384	385	394
377	400	401
377	399	400	381	382	394
377	398	399
377	397	398	379	380	394	380	381	394
377	396	397
377	395	396	377	394	395
377	378	394
378	379	394
382	383	394
385	386	394
386	387	394
390	391	394
391	392	394	392	393	394
415	377	376
416	377	415
417	377	416
418	377	417
419	377	418
343	410	419
410	411	419
411	412	419
412	413	419
413	414	419
414	377	419
344	420	345
420	344	419
423	421	422
424	345	420
427	425	426
428	353	352
430	429	347
433	431	432
429	430	434
437	435	436
421	362	361
358	438	359
426	439	440
348	441	349
444	442	443
431	350	432
357	445	358
437	436	446
435	447	448
451	449	450
436	452	453
363	362	423
456	454	455
357	356	455
452	457	458
453	452	459
461	400	460
433	432	462
444	443	463
465	451	464
468	466	467
431	446	428
349	432	350
441	462	432
445	357	455
470	422	469
472	471	420
346	430	347
360	473	361
474	433	462
421	423	362
475	359	438
477	434	476
479	478	445
478	480	481
360	359	475
355	456	356
483	482	457
428	351	431
436	483	452
418	472	420
471	476	424
475	473	360
484	444	469
429	441	348
485	462	434
424	346	345
430	476	434
475	478	481
473	475	481
454	479	445
478	438	445
354	458	355
486	456	458
399	460	400
435	448	487
464	451	460
358	445	438
478	475	438
356	456	455
454	445	455
484	481	442
395	488	489
485	474	462
485	490	474
435	437	447
427	490	425
467	466	403
427	426	405
476	471	477
492	408	491
439	477	493
491	440	439
490	468	474
442	481	480
421	473	484
465	494	495
497	463	496
494	443	442
489	463	498
451	465	495
489	498	396
481	484	473
421	361	473
478	479	480
480	495	442
500	449	499
460	450	461
451	499	449
454	456	486
498	397	396
501	398	397
494	501	498
394	488	395
430	424	476
463	489	496
496	489	488
471	493	477
439	425	477
485	434	477
472	502	471
503	492	493
346	424	430
420	471	424
496	488	504
504	497	496
469	422	421
497	444	463
469	497	470
470	497	504
421	484	469
497	469	444
484	442	444
494	442	495
443	498	463
465	501	494
494	498	443
464	501	465
501	397	498
398	464	399
501	464	398
451	450	460
450	505	461
461	505	401
505	487	448
467	402	505
402	401	505
461	401	400
464	460	399
395	489	396
433	446	431
351	350	431
437	446	433
453	428	446
437	433	474
474	447	437
474	468	447
505	448	467
459	428	453
351	428	352
447	467	448
450	487	505
449	482	450
487	483	435
487	482	483
452	483	457
487	450	482
449	457	482
458	457	486
458	354	459
456	355	458
353	459	354
452	458	459
353	428	459
417	472	418
502	472	417
434	441	429
416	502	417
348	347	429
434	462	441
432	349	441
454	500	479
495	480	479
486	457	449
449	500	486
343	419	344
420	419	418
485	425	490
427	468	490
485	477	425
426	425	439
502	503	493
427	405	404
405	426	406
407	491	408
406	426	440
491	439	493
408	376	409
492	376	408
491	493	492
440	491	407
407	406	440
404	466	427
403	402	467
467	447	468
468	427	466
404	403	466
499	451	495
495	500	499
495	479	500
486	500	454
435	483	436
453	446	436
503	416	415
493	471	502
502	416	503
503	415	492
415	376	492
393	488	394
393	504	488
393	470	504	393	422	470
393	423	422
393	506	423
506	507	423
507	508	423	508	509	423
509	510	423
510	363	423
364	511	365
511	364	510
410	512	411
513	365	511
516	514	515
517	373	372
519	518	367
522	520	521
518	519	523
526	524	525
512	342	341
338	527	339
515	528	529
368	530	369
533	531	532
520	370	521
337	534	338
526	525	535
524	536	537
540	538	539
525	541	542
343	342	410
545	543	544
337	336	544
541	546	547
542	541	548
550	383	549
522	521	551
533	532	552
554	540	553
557	555	556
520	535	517
369	521	370
530	551	521
534	337	544
412	411	558
560	559	511
366	519	367
340	561	341
562	522	551
512	410	342
563	339	527
565	523	564
567	566	534
566	568	569
340	339	563
375	545	336
571	570	546
517	371	520
525	571	541
509	560	511
559	564	513
563	561	340
572	533	558
518	530	368
573	551	523
513	366	365
519	564	523
563	566	569
561	563	569
543	567	534
566	527	534
374	547	375
574	545	547
382	549	383
524	537	575
553	540	549
338	534	527
566	563	527
336	545	544
543	534	544
572	569	531
378	414	576
573	562	551
573	577	562
524	526	536
516	577	514
556	555	386
516	515	388
564	559	565
579	391	578
528	565	580
578	529	528
577	557	562
531	569	568
512	561	572
554	581	582
584	552	583
581	532	531
576	552	585
540	554	582
576	585	379
569	572	561
512	341	561
566	567	568
568	582	531
587	538	586
549	539	550
540	586	538
543	545	574
585	380	379
588	381	380
581	588	585
377	414	378
519	513	564
552	576	583
583	576	414
559	580	565
528	514	565
573	523	565
560	589	559
590	579	580
366	513	519
511	559	513
583	414	413
413	584	583
558	411	512
584	533	552
558	584	412
412	584	413
512	572	558
584	558	533
572	531	533
581	531	582
532	585	552
554	588	581
581	585	532
553	588	554
588	380	585
381	553	382
588	553	381
540	539	549
539	591	550
550	591	384
591	575	537
556	385	591
385	384	591
550	384	383
553	549	382
378	576	379
522	535	520
371	370	520
526	535	522
542	517	535
526	522	562
562	536	526
562	557	536
591	537	556
548	517	542
371	517	372
536	556	537
539	575	591
538	570	539
575	571	524
575	570	571
541	571	546
575	539	570
538	546	570
547	546	574
547	374	548
545	375	547
373	548	374
541	547	548
373	517	548
508	560	509
589	560	508
523	530	518
507	589	508
368	367	518
523	551	530
521	369	530
543	587	567
582	568	567
574	546	538
538	587	574
363	510	364
511	510	509
573	514	577
516	557	577
573	565	514
515	514	528
589	590	580
516	388	387
388	515	389
390	578	391
389	515	529
578	528	580
391	393	392
579	393	391
578	580	579
529	578	390
390	389	529
387	555	516
386	385	556
556	536	557
557	516	555
387	386	555
586	540	582
582	587	586
582	567	587
574	587	543
524	571	525
542	535	525
590	507	506
580	559	589
589	507	590
590	506	579
506	393	579
595	593	594	592	593	595
599	597	598	596	597	599
599	592	596	593	592	599
598	593	599	594	593	598
597	594	598	595	594	597
596	595	597	592	595	596

#	Normal	808
-5.00327e-006	6.16042e-005	-1.02234e-007
-0.0808037	0.996728	-0.00188313
-0.0808038	0.99673	-0.000890438
-0.0807744	0.996732	0.000486952
-0.0807744	0.996732	-0.000486952
-0.0807599	0.996734	0.000390004
-0.0807599	0.996734	-0.000390067
-0.0807501	0.996734	0.000325302
-0.0807501	0.996734	-0.000101831
-0.0807436	0.996735	0.000185582
-0.0807435	0.996734	0.00111172
-0.0807628	0.996733	0.000143108
-0.0807628	0.996733	-0.000248225
-0.0807761	0.996732	-0.0010057
-0.0807762	0.996732	-0.000186469
-0.080769	0.996733	0.000268239
-0.080769	0.996733	0.000264421
-0.0807633	0.996733	0.000533641
-0.0807633	0.996733	-0.000605021
-0.0807572	0.996734	-0.000289055
-0.0807572	0.996734	0.000289071
-0.0807672	0.996733	-0.000268201
-0.0807672	0.996733	0.000339617
-0.0807627	0.996733	0.000603924
-0.0807628	0.996733	2.31369e-005
-0.0807648	0.996733	-7.51944e-005
-0.0807647	0.996733	-0.000658636
-0.0807528	0.996734	-3.77393e-005
-0.0807528	0.996734	9.27324e-005
-0.0807551	0.996734	-3.43387e-005
-0.0807551	0.996734	3.43402e-005
-0.0807572	0.996734	-8.62776e-005
-0.0807572	0.996734	0.000412867
-0.0807615	0.996733	0.000199464
-0.0807615	0.996733	-0.000199464
-0.0807654	0.996733	-0.000404066
-0.0807654	0.996733	-0.000158127
-0.0807589	0.996734	0.000196658
-0.0807589	0.996734	0.000365549
-0.0807626	0.996733	0.000155117
-0.0807626	0.996733	-0.000129199
-0.080767	0.996733	-0.000356337
-0.080767	0.996733	-0.000132752
-0.0807621	0.996733	0.000128785
-0.0807621	0.996733	-0.000128789
-0.0807574	0.996734	0.000125052
-0.0807574	0.996734	0.000403668
-0.0807623	0.996733	-0.000112173
-0.0807664	0.996733	-0.000326971
-0.0807664	0.996733	-0.000150353
-0.0807615	0.996733	0.000111709
-0.0807615	0.996733	-0.000111712
-0.0807574	0.996734	0.000109347
-0.0807574	0.996734	0.000332202
-0.0807614	0.996733	-0.000367133
-0.0807553	0.996734	-4.60611e-005
-0.0807553	0.996734	4.60623e-005
-0.080757	0.996734	-4.5385e-005
-0.080757	0.996734	4.53838e-005
-0.080758	0.996734	-1.16848e-005
-0.080758	0.996734	4.49685e-005
-0.0807597	0.996734	-4.43262e-005
-0.0807597	0.996734	6.58671e-005
-0.0807622	0.996733	-6.52991e-005
-0.0807622	0.996733	3.35186e-005
-0.080764	0.996733	-6.48766e-005
-0.080764	0.996733	6.48782e-005
-0.0807664	0.996733	-6.43282e-005
-0.0807664	0.996733	6.43266e-005
-0.0807616	0.996733	0.000326787
-0.0807616	0.996733	-0.000275743
-0.080758	0.996734	-8.72415e-005
-0.0807599	0.996734	0.000107848
-0.080762	0.996733	-0.00012014
-0.0807649	0.996733	8.67225e-005
-0.0807649	0.996733	0.000119923
-0.0807628	0.996733	0.000211614
-0.0807628	0.996733	-0.000120083
-0.0807649	0.996733	-0.000211775
-0.0807649	0.996733	-9.50601e-005
-0.0807597	0.996734	0.000128527
-0.0807602	0.996734	7.67558e-005
-0.0807586	0.996734	-8.71949e-005
-0.0807577	0.996734	0.000108008
-0.0807616	0.996733	0.000382724
-0.0807664	0.996733	-0.000327895
-0.080764	0.996733	-3.30954e-005
-0.0807622	0.996733	6.52991e-005
-0.080758	0.996734	-4.49674e-005
-0.080757	0.996734	1.21017e-005
-0.0807553	0.996734	0.00036472
-0.0807614	0.996733	4.36475e-005
-0.0807614	0.996733	-0.000329891
-0.0807574	0.996734	-0.000109344
-0.0807615	0.996733	0.000147486
-0.0807664	0.996733	-0.000114574
-0.0807664	0.996733	0.000114574
-0.0807623	0.996733	0.000329372
-0.0807623	0.996733	-0.000399742
-0.0807574	0.996734	-0.000125048
-0.080767	0.996733	0.000132752
-0.0807626	0.996733	0.00035989
-0.0807626	0.996733	-0.000361541
-0.0807589	0.996734	-0.000151112
-0.0807589	0.996734	0.000151107
-0.0807654	0.996733	-0.000203681
-0.0807654	0.996733	0.000203681
-0.0807615	0.996733	0.000408282
-0.0807615	0.996733	-0.000408282
-0.0807572	0.996734	-0.000194876
-0.0807572	0.996734	-3.12776e-005
-0.0807551	0.996734	8.93388e-005
-0.0807551	0.996734	-8.9335e-005
-0.0807528	0.996734	3.77377e-005
-0.0807528	0.996734	0.00064109
-0.0807648	0.996733	2.01925e-005
-0.0807648	0.996733	-2.01916e-005
-0.0807628	0.996733	7.81384e-005
-0.0807627	0.996733	-0.000348822
-0.0807672	0.996733	-0.000613132
-0.0807571	0.996734	0.00059223
-0.0807633	0.996733	0.000276264
-0.0807633	0.996733	-0.000276279
-0.080769	0.996733	-0.000545495
-0.080769	0.996733	0.000163114
-0.0807762	0.996732	-0.000291603
-0.0807762	0.996732	0.000291603
-0.0807628	0.996733	0.00104908
-0.0807628	0.996733	-0.00104908
-0.0807436	0.996735	-8.04899e-005
-0.0807436	0.996735	8.04899e-005
-0.0807501	0.996734	-0.000206931
-0.0807744	0.996732	0.000694866
-0.0808038	0.99673	-0.000682449
-0.0808038	0.99673	0.000682449
4.97955e-006	-6.16042e-005	5.45654e-008
0.08074	-0.996735	0.000258047
0.08074	-0.996735	-0.000258047
0.0807304	-0.996736	0.000193897
0.0807302	-0.996733	0.0023717
0.080763	-0.996733	0.000410698
0.080763	-0.996733	-0.000410764
0.0807846	-0.99673	-0.00201041
0.0807847	-0.996732	-0.000319462
0.0807711	-0.996733	0.000275284
0.0807711	-0.996733	-0.000275284
0.0807609	-0.996733	0.00024184
0.0807609	-0.996733	-0.000136725
0.0807563	-0.996734	0.000121919
0.0807563	-0.996734	-0.000227028
0.0807495	-0.996734	0.000204837
0.0807495	-0.996734	0.000305031
0.0807618	-0.996733	-0.000279292
0.0807618	-0.996733	0.000279277
0.0807736	-0.996732	-0.000326185
0.0807736	-0.996732	-0.00055513
0.0807531	-0.996734	0.000583896
0.0807531	-0.996734	0.000297438
0.0807627	-0.996733	-0.00027741
0.0807628	-0.996733	2.31369e-005
0.0807637	-0.996733	-2.17912e-005
0.0807637	-0.996733	7.67965e-005
0.0807665	-0.996733	-7.25771e-005
0.0807665	-0.996733	1.757e-005
0.0807672	-0.996733	-1.66545e-005
0.0807672	-0.996733	1.66552e-005
0.0807677	-0.996733	-1.58304e-005
0.0807677	-0.996733	-0.000160671
0.0807615	-0.996733	0.000153912
0.0807615	-0.996733	-0.000199464
0.080754	-0.996734	0.000191407
0.080754	-0.996734	0.000416335
0.080769	-0.996733	-0.000400178
0.080769	-0.996733	-0.000207578
0.0807618	-0.996733	0.000199821
0.0807618	-0.996733	-0.000128569
0.0807576	-0.996734	8.55922e-005
0.0807576	-0.996734	-8.55922e-005
0.0807537	-0.996734	0.000122069
0.0807537	-0.996734	0.000367031
0.080767	-0.996733	-0.000356381
0.080767	-0.996733	-0.000132719
0.0807623	-0.996733	0.000128977
0.0807623	-0.996733	-0.000112173
0.080758	-0.996734	0.000109693
0.080758	-0.996734	0.000331852
0.0807622	-0.996733	0.000112096
0.0807661	-0.996733	-0.000327157
0.0807661	-0.996733	-0.000114397
0.080762	-0.996733	1.01112e-005
0.0807631	-0.996733	-4.29961e-005
0.0807631	-0.996733	4.29972e-005
0.080764	-0.996733	-9.32387e-006
0.080764	-0.996733	4.26087e-005
0.0807656	-0.996733	-4.19913e-005
0.0807656	-0.996733	4.19923e-005
0.0807671	-0.996733	-4.13926e-005
0.0807671	-0.996733	-0.00032806
0.0807548	-0.996734	0.000325232
0.0807548	-0.996734	6.69904e-005
0.0807573	-0.996734	-6.64176e-005
0.0807573	-0.996734	6.64192e-005
0.0807597	-0.996734	-6.58561e-005
0.0807597	-0.996734	3.4075e-005
0.0807616	-0.996733	-6.54345e-005
0.0807616	-0.996733	0.000107717
0.080765	-0.996733	-7.63862e-005
0.080765	-0.996733	-0.000276009
0.0807547	-0.996734	0.000275235
0.0807547	-0.996734	0.000108232
0.0807587	-0.996734	-0.000107929
0.0807587	-0.996734	0.000107929
0.0807628	-0.996733	-0.000107628
0.080765	-0.996733	-0.000107458
0.0807616	-0.996733	7.66469e-005
0.0807616	-0.996733	-3.36542e-005
0.0807597	-0.996734	6.58545e-005
0.080764	-0.996733	-4.26098e-005
0.0807631	-0.996733	9.71176e-006
0.0807631	-0.996733	-9.71151e-006
0.080762	-0.996733	4.33954e-005
0.0807661	-0.996733	0.0001144
0.0807622	-0.996733	0.000329458
0.0807622	-0.996733	-0.000329449
0.080758	-0.996734	-0.000109693
0.0807537	-0.996734	8.24442e-005
0.0807576	-0.996734	-0.000125219
0.0807576	-0.996734	0.000125219
0.0807618	-0.996733	-8.89402e-005
0.0807531	-0.996734	0.000512492
0.0807736	-0.996732	-0.000626552
0.0807736	-0.996732	-0.000254767
0.0807618	-0.996733	0.000350684
0.0807847	-0.996731	0.000555591
0.0807628	-0.996731	0.00215524
0.0807628	-0.996731	-0.00215489
0.0807304	-0.996736	-0.000193897
7.02674e-005	5.64895e-006	-4.06979e-005
7.06803e-005	5.6539e-006	-4.09383e-005
8.09112e-005	6.66328e-006	-6.07983e-006
6.08198e-005	4.7127e-006	-4.5824e-006
0.993866	0.0816876	-0.0745434
0.99399	0.079909	-0.074823
7.553e-005	6.07202e-006	-2.97642e-005
7.91039e-005	6.35933e-006	-1.81071e-005
7.92588e-005	6.51664e-006	-1.81477e-005
3.52728e-005	2.8301e-006	-7.34888e-005
3.53425e-005	2.75215e-006	-7.36201e-005
2.3916e-005	1.92266e-006	-7.77936e-005
-2.3916e-005	-1.92266e-006	-7.77936e-005
5.51879e-005	4.54488e-006	-5.96624e-005
5.51879e-005	4.43667e-006	-5.96841e-005
6.34368e-005	5.22421e-006	-5.07631e-005
6.36846e-005	5.0873e-006	-5.09553e-005
-4.57951e-005	-3.67437e-006	-6.73981e-005
0	-0	-8.13984e-005
0	-0	-8.15569e-005
1.20932e-005	9.72198e-007	-8.04882e-005
1.21406e-005	9.72198e-007	-8.08043e-005
4.57075e-005	3.67452e-006	-6.72671e-005
-1.2115e-005	-9.9575e-007	-8.06602e-005
-1.20932e-005	-9.72198e-007	-8.04882e-005
-7.91039e-005	-6.51443e-006	-1.81124e-005
-7.9259e-005	-6.20422e-006	-1.81732e-005
-7.02674e-005	-5.78673e-006	-4.07043e-005
-7.06803e-005	-5.79168e-006	-4.09448e-005
-3.52037e-005	-2.8301e-006	-7.33459e-005
-8.09112e-005	-6.50463e-006	-6.07886e-006
-8.10698e-005	-6.02942e-006	-6.11896e-006
-0.993635	-0.0844607	-0.0745432
-6.08229e-005	-4.85782e-006	-4.58337e-006
-7.56761e-005	-6.07186e-006	-2.9791e-005
-5.51859e-005	-4.43652e-006	-5.96841e-005
-5.52955e-005	-4.55215e-006	-5.97811e-005
-5.55123e-005	-4.1983e-006	-6.00165e-005
-6.34368e-005	-5.09982e-006	-5.07551e-005
-6.35597e-005	-5.09348e-006	-5.08564e-005
-7.553e-005	-6.22012e-006	2.97378e-005
-3.52037e-005	-2.8301e-006	7.33459e-005
-3.53411e-005	-2.90806e-006	7.36407e-005
-4.57075e-005	-3.67452e-006	6.72671e-005
-4.59737e-005	-3.77217e-006	6.76683e-005
-7.02674e-005	-5.64895e-006	4.06979e-005
-7.9259e-005	-6.35933e-006	1.81423e-005
-7.9104e-005	-6.82244e-006	1.81493e-005
-1.20932e-005	-9.72198e-007	8.04882e-005
-1.21177e-005	-9.62399e-007	8.0645e-005
-5.52961e-005	-4.43667e-006	5.97692e-005
-5.52961e-005	-4.54488e-006	5.98098e-005
-5.4972e-005	-4.21299e-006	5.94041e-005
-8.09112e-005	-6.66328e-006	6.11096e-006
-6.12215e-005	-4.53188e-006	4.57764e-006
-0.993831	-0.0818449	0.0748476
-0.994011	-0.0799107	0.0745432
-6.34368e-005	-5.09982e-006	5.07239e-005
-6.35617e-005	-5.21803e-006	5.08619e-005
-2.39629e-005	-1.96955e-006	7.79575e-005
-0	0	8.13959e-005
-0	-0	8.15544e-005
4.57055e-005	3.76398e-006	6.72777e-005
1.20913e-005	9.72042e-007	8.04882e-005
1.21177e-005	9.62399e-007	8.0645e-005
7.91039e-005	6.51443e-006	1.81436e-005
7.91017e-005	6.36138e-006	1.81096e-005
7.95693e-005	6.35712e-006	1.82129e-005
2.39629e-005	1.92266e-006	7.79452e-005
7.02674e-005	5.64895e-006	4.06979e-005
3.52037e-005	2.8301e-006	7.33459e-005
3.54101e-005	2.90806e-006	7.37836e-005
8.09112e-005	6.50463e-006	6.07886e-006
0.993739	0.0829695	0.0748221
6.07067e-005	4.70438e-006	4.5426e-006
7.5528e-005	6.07186e-006	2.97331e-005
7.55306e-005	6.50906e-006	2.97783e-005
5.51859e-005	4.54472e-006	5.96935e-005
5.50803e-005	4.42941e-006	5.95392e-005
6.34368e-005	5.09982e-006	5.07551e-005
6.35617e-005	4.84487e-006	5.08068e-005
-0.0807946	0.996731	1.13913e-012
-0.0807946	0.996731	-0.000377671
-0.08075	0.996734	0.000191189
-0.08075	0.996734	8.31868e-005
-0.080761	0.996733	-5.66238e-005
-0.080761	0.996733	-8.29435e-005
-0.0807625	0.996733	-0.000102601
-0.0807625	0.996733	9.5171e-006
-0.080753	0.996734	0.000130629
-0.080753	0.996734	4.96401e-006
-0.0807537	0.996734	-4.3387e-006
-0.0807537	0.996734	7.04444e-006
-0.0807541	0.996734	2.51151e-006
-0.0807541	0.996734	5.72924e-005
-0.0807628	0.996733	-5.36749e-005
-0.0807628	0.996733	-3.09143e-005
-0.0807587	0.996734	2.17312e-005
-0.0807587	0.996734	-2.47897e-005
-0.0807548	0.996734	2.44845e-005
-0.0807587	0.996734	2.99193e-005
-0.0807628	0.996733	-2.27258e-005
-0.0807541	0.996734	-6.82584e-006
-0.0807537	0.996734	-2.29287e-006
-0.080753	0.996734	-2.06777e-005
-0.0807625	0.996733	-0.00014179
-0.0807625	0.996733	8.54681e-005
-0.080761	0.996733	0.000105126
0.0807798	-0.996732	-0
0.0806982	-0.996739	5.9638e-006
0.080787	-0.996731	-7.01509e-006
0.0807798	-0.996732	-5.43732e-006
0.0807786	-0.996732	-5.08523e-006
0.0807097	-0.996738	2.15219e-005
0.0807786	-0.996732	-1.15744e-005
0.0807823	-0.996732	-1.40301e-005
0.0807047	-0.996738	4.43734e-005
0.0807823	-0.996732	-2.05193e-005
0.080776	-0.996732	-1.47345e-005
0.0807786	-0.996732	-1.73616e-005
0.0807097	-0.996738	5.82396e-005
0.080787	-0.996731	-3.38715e-005
0.0807798	-0.996732	-2.42356e-005
0.0806982	-0.996739	7.90625e-005
0.0806984	-0.996739	5.66419e-005
0.0807786	-0.996732	-1.10485e-005
0.0807097	-0.996738	2.85366e-005
0.080691	-0.996739	1.4029e-005
0.080787	-0.996731	-9.58085e-016
0.941862	0.336	-0
0.941872	0.335972	-6.13198e-006
0.941868	0.335984	-3.6808e-007
0.941861	0.336003	1.40786e-005
0.94187	0.335976	-1.45114e-005
0.941868	0.335983	-0
0.941873	0.335969	0
0.941851	0.33603	4.08535e-005
0.94187	0.335978	-1.17077e-005
0.941883	0.335942	-5.49761e-005
0.941848	0.336038	7.79395e-005
0.912871	0.34063	-0.225028
0.884635	0.370186	-0.28352
-0.879064	0.339736	-0.334404
0.775194	0.377844	-0.50627
0.124135	0.229058	-0.965465
0.0707827	0.0940754	-0.993046
0.688626	0.281944	-0.668058
0.354821	0.147917	-0.923159
0.685268	0.260236	-0.680209
0.0896105	0.0904823	-0.991858
-0.955767	0.189281	-0.225127
-0.758293	0.145325	-0.635509
0.105524	0.286256	-0.952324
0.62315	0.226367	-0.748627
-0.478768	0.305505	-0.823072
0.355213	0.150613	-0.922572
-0.651485	0.12206	-0.748778
0.100931	0.107363	-0.989083
0.0570254	0.0921704	-0.994109
-0.136645	0.107981	-0.984717
-0.00562131	0.0812113	-0.996681
-0.97304	0.218127	-0.0749273
-0.39338	0.114583	-0.912208
-0.527018	0.106464	-0.843159
-0.118355	0.0839186	-0.989419
-0.00427637	0.0783019	-0.996921
-0.0668434	0.117531	-0.990817
0.306918	0.169846	-0.936458
-0.404083	0.352536	-0.844059
-0.196388	0.171761	-0.965365
0.0627443	0.125861	-0.990062
0.217842	0.128646	-0.967468
0.503571	0.186334	-0.843621
0.471759	0.194327	-0.860047
-0.517887	0.110981	-0.84822
-0.75464	0.411547	-0.511026
0.624338	0.441403	-0.644489
0.808148	0.297399	-0.508381
-0.912215	0.174313	-0.370782
0.302393	0.153557	-0.940733
-0.932685	0.22295	-0.283536
-0.726705	0.166977	-0.666347
0.593512	0.313716	-0.741165
-0.555304	0.132452	-0.821033
-0.623155	0.185059	-0.759889
-0.845518	0.163485	-0.508303
-0.388465	0.0912186	-0.916937
-0.0999969	0.0901481	-0.990896
0.215964	0.115777	-0.969513
0.000901439	0.0878198	-0.996136
0.797356	0.421112	-0.432305
0.63019	0.378899	-0.677714
-0.775722	0.214347	-0.593557
-0.703742	0.29809	-0.644895
0.605178	0.230546	-0.761977
0.445517	0.243165	-0.861618
0.872214	0.318988	-0.370796
0.596456	0.323489	-0.734571
-0.643971	0.222534	-0.73197
-0.756804	0.193717	-0.624277
-0.454207	0.148946	-0.878357
-0.61936	0.170603	-0.766347
-0.23968	0.0826338	-0.967329
-0.257305	0.097465	-0.961402
-0.0112358	0.138633	-0.99028
-0.0113138	0.0866805	-0.996172
-0.0867692	0.14315	-0.98589
-0.63694	0.129256	-0.76
-0.719574	0.146005	-0.678893
-0.405734	0.0847739	-0.910051
-0.511467	0.0977357	-0.853726
-0.601969	0.217745	-0.768258
-0.22521	0.434143	-0.872239
0.252504	0.16819	-0.952866
0.23315	0.205949	-0.950382
0.0717104	0.105392	-0.991842
0.210479	0.18932	-0.959092
0.0280171	0.0995943	-0.994634
0.101709	0.189605	-0.976578
0.565944	0.317954	-0.760666
0.126599	0.387254	-0.91324
0.320173	0.308858	-0.895598
0.142258	0.292517	-0.94562
0.174135	0.139767	-0.974752
-0.571662	0.227824	-0.788225
-0.834537	0.220458	-0.504922
-0.282227	0.184383	-0.941462
-0.376426	0.420965	-0.825283
-0.370813	0.246642	-0.895358
-0.191144	0.375354	-0.906958
-0.201516	0.179738	-0.962853
-0.188821	0.363305	-0.912336
-0.683575	0.272273	-0.677195
-0.826091	0.248096	-0.505986
-0.527657	0.191126	-0.827677
-0.400754	0.218325	-0.889792
-0.264454	0.139093	-0.954315
-0.0648564	0.0980686	-0.993064
-0.25226	0.128231	-0.959126
-0.347026	0.0878819	-0.933729
-0.0262537	0.324224	-0.945616
-0.0212693	0.262443	-0.964713
-0.172753	0.260501	-0.949892
-0.0386588	0.476963	-0.878073
0.714991	0.313298	-0.625006
-0.352445	0.389516	-0.850917
-0.228295	0.428182	-0.87438
0.423621	0.400234	-0.812624
0.250255	0.309511	-0.917374
0.369782	0.262738	-0.891196
0.611355	0.470378	-0.636388
0.323748	0.459321	-0.827171
0.730006	0.336605	-0.594801
0.788261	0.351868	-0.50481
-0.346108	0.491115	-0.799384
-0.514047	0.414239	-0.751107
-0.854984	0.287619	-0.431599
-0.532177	0.343119	-0.773987
-0.700728	0.358248	-0.616959
-0.552165	0.469669	-0.688857
-0.692113	0.332018	-0.640893
-0.545144	0.396913	-0.738429
-0.477455	0.312831	-0.821081
-0.407947	0.240064	-0.88088
-0.364915	0.30824	-0.878536
-0.225502	0.25487	-0.940314
-0.304778	0.312369	-0.899742
-0.124413	0.204672	-0.970892
-0.167424	0.284652	-0.943898
-0.0151092	0.186439	-0.98235
-0.12278	0.214583	-0.968958
-0.140757	0.131925	-0.981215
-0.0429078	0.0990091	-0.994161
-0.038527	0.0933083	-0.994892
-0.00883084	0.0897462	-0.995926
0.0128559	0.0892258	-0.995928
-0.00697309	0.0860374	-0.996268
-0.0084226	0.104023	-0.994539
-0.0905175	0.155626	-0.98366
-0.032037	0.395264	-0.918009
0.216165	0.129434	-0.967739
0.369458	0.146681	-0.917598
0.20473	0.114625	-0.972084
0.110835	0.0920524	-0.989567
0.171063	0.133576	-0.976164
0.142299	0.110616	-0.983623
0.124499	0.138489	-0.982507
0.0132445	0.0816175	-0.996576
0.052677	0.109977	-0.992537
0.224055	0.112516	-0.96806
0.0470703	0.103408	-0.993525
-0.0608235	0.0779689	-0.995099
-0.174857	0.0904415	-0.980431
-0.00975151	0.085309	-0.996307
-0.0911124	0.0823574	-0.992429
-0.113642	0.0781299	-0.990445
-0.0795074	0.0917712	-0.992601
-0.174682	0.0840717	-0.981029
-0.224251	0.0808011	-0.971176
-0.10547	0.0744512	-0.991632
-0.257691	0.0754777	-0.963275
-0.0852839	0.085145	-0.992712
-0.111044	0.0888675	-0.989834
0.0558316	0.083791	-0.994918
0.665674	0.530695	-0.524634
0.634809	0.467317	-0.615331
0.562344	0.268684	-0.782034
0.469291	0.552442	-0.688893
0.725157	0.264891	-0.635595
0.495659	0.185959	-0.848375
0.47171	0.19287	-0.860402
-0.439122	0.120773	-0.890273
-0.468041	0.14687	-0.871417
-0.219404	0.102038	-0.970283
-0.300418	0.0978205	-0.948778
0.925237	0.371921	-0.074913
0.812881	0.476858	-0.334411
0.217392	0.211275	-0.952945
0.115831	0.173586	-0.977983
0.371789	0.25056	-0.893864
0.219613	0.245532	-0.944184
0.338399	0.478081	-0.810509
-0.0137989	0.170411	-0.985276
-0.018166	0.224151	-0.974385
-0.0269815	0.332892	-0.942579
0.101038	0.259285	-0.960501
0.255522	0.385525	-0.886611
-0	-0	-6.24939e-007
-0.0330353	0.407826	-0.912462
0.128238	0.396395	-0.90908
0.117807	0.32713	-0.937607
-0.022482	0.277402	-0.960491
0.0728914	0.14703	-0.986443
-0.00783624	0.0966918	-0.995284
0.0752304	0.103787	-0.99175
0.0975966	0.12053	-0.987901
-0.00920396	0.113568	-0.993488
-0.32262	0.115789	-0.93942
-0.315339	0.128577	-0.940228
-0.384292	0.158682	-0.909472
-0.332949	0.121237	-0.935119
-0.00219346	0.0930002	-0.995664
0.111626	0.10259	-0.988441
0.277795	0.542269	-0.792953
0.491248	0.406003	-0.770608
0.435334	0.482231	-0.760222
0.166135	0.455672	-0.874507
0.107736	0.51404	-0.850973
-0.983675	0.179954	-0
-0.983674	0.179959	1.17161e-006
-0.983672	0.179971	6.72252e-006
-0.983678	0.179937	-2.8599e-005
-0.983677	0.179945	-1.65926e-005
-0.983673	0.179965	8.80314e-006
-0.983667	0.180001	5.04749e-005
-0.983679	0.179934	7.80478e-006
-0.983672	0.17997	7.80634e-006
-0.955767	0.189281	0.225127
-0.932692	0.22294	0.283519
0.812881	0.476858	0.334411
-0.825861	0.248159	0.506331
-0.159373	0.206086	0.965468
-0.0850109	0.0814537	0.993045
-0.725078	0.167377	0.668017
-0.374009	0.0888682	0.923157
-0.718264	0.146479	0.680177
-0.103013	0.074875	0.991858
0.912871	0.34063	0.225028
0.725003	0.265521	0.635507
-0.150235	0.26553	0.952325
-0.65145	0.123102	0.748638
0.4233	0.378613	0.823085
-0.374829	0.0914614	0.922572
0.623353	0.225341	0.748767
-0.116898	0.0897055	0.989084
-0.0711139	0.0817886	0.994109
0.117484	0.128572	0.984717
-0.00752577	0.0810563	0.996681
0.925237	0.371921	0.074913
0.369781	0.17644	0.912212
0.502999	0.189918	0.843163
0.103303	0.101879	0.989419
-0.00838532	0.0779663	0.996921
0.0470527	0.126756	0.990817
-0.33027	0.118217	0.936454
0.342039	0.412993	0.844065
0.166169	0.201147	0.965364
-0.0821834	0.114113	0.990063
-0.235711	0.0919072	0.967467
-0.527006	0.102833	0.843617
-0.496873	0.115839	0.860057
0.493276	0.1929	0.848215
0.678519	0.527681	0.511043
-0.687284	0.335108	0.644471
-0.84553	0.163383	0.508315
0.872241	0.318904	0.370805
-0.323183	0.10287	0.940729
0.884635	0.370186	0.28352
0.690372	0.281792	0.666318
-0.636304	0.214087	0.741137
0.52676	0.220149	0.821011
0.585219	0.28297	0.759899
0.808129	0.297463	0.508373
0.368707	0.152564	0.91694
0.0841783	0.105074	0.990895
-0.231784	0.0794978	0.969513
-0.0150301	0.0865307	0.996136
-0.854767	0.287224	0.432291
-0.682932	0.272528	0.677741
0.731013	0.336442	0.593655
0.646547	0.407518	0.644908
-0.6344	0.130114	0.761976
-0.478865	0.168259	0.861613
-0.9122	0.174406	0.370773
-0.640772	0.223236	0.734559
0.599734	0.323318	0.731974
0.715674	0.313052	0.624347
0.424328	0.220149	0.87834
0.583795	0.268079	0.766366
0.22326	0.120143	0.967326
0.238266	0.137619	0.9614
-0.0112238	0.13863	0.990281
-0.0027883	0.0873711	0.996172
0.0625901	0.15526	0.985889
0.607795	0.230116	0.760021
0.686708	0.259931	0.678873
0.386787	0.148984	0.910055
0.489084	0.178829	0.853708
0.559059	0.311812	0.768262
0.152389	0.464732	0.87224
-0.276304	0.125341	0.952862
-0.263281	0.165722	0.950379
-0.0877427	0.0924784	0.991841
-0.238198	0.152963	0.959095
-0.0436868	0.0937836	0.994634
-0.130896	0.170764	0.976579
-0.609725	0.222725	0.760677
-0.187312	0.361814	0.913239
-0.365719	0.253283	0.895599
-0.187481	0.265795	0.945624
-0.19438	0.109908	0.97475
0.527522	0.31688	0.788231
0.788228	0.351891	0.504845
0.248833	0.227406	0.941472
0.303758	0.47607	0.825281
0.326258	0.303149	0.895353
0.128199	0.401215	0.906968
0.16994	0.209832	0.962855
0.127848	0.388965	0.912338
0.630807	0.378752	0.677222
0.775441	0.377818	0.50591
0.490043	0.273588	0.827652
0.360391	0.279995	0.889787
0.238597	0.179846	0.95432
0.0482245	0.107236	0.993063
0.228311	0.167163	0.95913
0.328311	0.142605	0.933743
-0.0262774	0.324238	0.94561
-0.0212698	0.262449	0.964711
0.128571	0.284907	0.949893
-0.0386553	0.476962	0.878073
-0.7561	0.194098	0.625011
0.285152	0.441172	0.850914
0.156395	0.459345	0.874381
-0.482535	0.326817	0.81262
-0.296813	0.265185	0.917376
-0.407234	0.199784	0.891205
-0.679132	0.365806	0.636369
-0.393554	0.401209	0.827131
-0.774677	0.214689	0.594798
-0.834579	0.220418	0.50487
0.262539	0.540422	0.799386
0.440659	0.491585	0.751109
0.797505	0.421533	0.431619
0.469976	0.424322	0.773998
0.633896	0.466403	0.616963
0.469364	0.552441	0.688844
0.62961	0.439127	0.640904
0.474112	0.479514	0.738433
0.420826	0.385626	0.821095
0.363996	0.302637	0.880862
0.310512	0.362964	0.878544
0.181507	0.287839	0.940321
0.250539	0.357361	0.899735
0.0898484	0.22204	0.970889
0.119419	0.307903	0.943894
-0.0151094	0.186427	0.982353
0.0866453	0.231548	0.968957
0.117688	0.152874	0.981213
0.0264063	0.104629	0.994161
0.0229987	0.0982935	0.994892
-0.00573183	0.0899965	0.995926
-0.0270522	0.0859931	0.995928
-0.00697315	0.0860381	0.996267
-0.00843067	0.104022	0.994539
0.0642788	0.168163	0.983661
-0.0320017	0.395267	0.918009
-0.234196	0.0929465	0.967736
-0.388257	0.0852859	0.917596
-0.220514	0.0801605	0.972084
-0.124199	0.0730136	0.989567
-0.190324	0.104292	0.976166
-0.158255	0.08627	0.983622
-0.14518	0.116639	0.982506
-0.0262106	0.0784186	0.996576
-0.0697018	0.100062	0.992537
-0.239237	0.0749811	0.968062
-0.0631009	0.094477	0.993525
0.0474795	0.0867454	0.995098
0.158033	0.11741	0.980429
-0.00411024	0.085765	0.996307
0.0766589	0.0959478	0.99243
0.0995844	0.0954075	0.990445
0.0636914	0.103369	0.992602
0.158884	0.111103	0.981026
0.208324	0.11585	0.971174
0.0921138	0.0904601	0.991631
0.242187	0.115981	0.963273
0.070457	0.0977681	0.992712
0.0952942	0.105584	0.989834
-0.0685968	0.0737093	0.994918
-0.742438	0.416594	0.524629
-0.701772	0.359013	0.615325
-0.598294	0.174618	0.782018
-0.552124	0.469677	0.688886
-0.758342	0.144696	0.635594
-0.519155	0.10371	0.848364
-0.496592	0.11442	0.860409
0.413964	0.189883	0.890269
0.438311	0.220298	0.871408
0.200123	0.13603	0.970282
0.280732	0.144907	0.948784
-0.973042	0.218117	0.0749276
-0.879067	0.339744	0.334388
-0.24856	0.173529	0.952946
-0.142284	0.152672	0.977981
-0.407254	0.187447	0.893872
-0.256273	0.206975	0.944185
-0.411014	0.417343	0.810489
-0.0138111	0.170416	0.985275
-0.018166	0.224151	0.974385
-0.0269487	0.332885	0.942582
-0.141465	0.239633	0.960502
-0.314254	0.339366	0.886609
-0	-0	1.00289e-016
-0.0330546	0.40782	0.912464
-0.190404	0.370582	0.909074
-0.168928	0.303879	0.937614
-0.0224835	0.277396	0.960492
-0.0956109	0.13338	0.986442
-0.00783614	0.0966906	0.995284
-0.0909536	0.0903169	0.991751
-0.115735	0.103235	0.987901
-0.00919613	0.113569	0.993488
0.299773	0.166209	0.93942
0.290528	0.177659	0.940229
0.353739	0.218474	0.909471
0.309055	0.173243	0.935132
-0.0128102	0.0921409	0.995664
-0.126674	0.0832802	0.988442
-0.361428	0.490484	0.792966
-0.550248	0.321619	0.770576
-0.507296	0.40584	0.760227
-0.237311	0.423	0.874502
-0.189091	0.489983	0.850977
-0.0807616	0.996733	-0
0.0807619	-0.996733	-0
0.996797	0.0799778	-0
-0	0	-1
-0.996639	-0.0819156	-0
0	-0	1

#	Mesh	0	End

