#	Mesh	0	Begin

#	Vertex	24
65.2965	-30.157	-6.556
65.2967	-30.16	-6.556
66.1539	-30.0906	-6.556
66.1536	-30.0876	-6.556
65.2965	-30.157	-5.866
65.2967	-30.16	-5.866
66.1539	-30.0906	-5.866
66.1536	-30.0876	-5.866
66.6355	-30.8335	-6.526
66.124	-30.093	-6.526
65.3266	-30.1576	-6.526
65.3896	-30.9344	-6.526
66.6355	-30.8335	-5.896
66.124	-30.093	-5.896
65.3266	-30.1576	-5.896
65.3896	-30.9344	-5.896
65.3597	-30.9368	-6.556
65.3599	-30.9398	-6.556
66.6656	-30.834	-6.556
66.6654	-30.831	-6.556
65.3597	-30.9368	-5.866
65.3599	-30.9398	-5.866
66.6656	-30.834	-5.866
66.6654	-30.831	-5.866

#	Triangle	11
3	4	7	0	4	3	9	14	13	10	14	9
0	5	4	1	5	0	16	21	20	17	21	16
1	6	5	2	6	1
2	7	6	3	7	2	18	23	22	19	23	18
3	1	0	2	1	3	11	9	8	10	9	11	19	17	16	18	17	19
4	6	7	5	6	4	12	14	15	13	14	12	20	22	23	21	22	20
11	12	15	8	12	11
8	13	12	9	13	8
10	15	14	11	15	10
19	20	23	16	20	19
17	22	21	18	22	17

#	Normal	11
-0.0807617	0.996733	-0
-0.996736	-0.0807285	0
0.0807617	-0.996733	-0
0.996736	0.0807285	-0
-0	-0	-1
-0	-0	1
0.0807609	-0.996734	-0
0.82278	0.56836	-0
-0.99673	-0.0807996	0
-0.0807611	0.996733	-0
0.0807611	-0.996733	-0

#	Mesh	0	End

