#	Mesh	0	Begin

#	Vertex	72
72.7949	-64.5943	-3.99384
72.7857	-64.5951	-3.99632
72.777	-64.5958	-4.00037
72.7692	-64.5964	-4.00587
72.7624	-64.597	-4.01265
72.757	-64.5974	-4.0205
72.7529	-64.5977	-4.02919
72.7505	-64.5979	-4.03845
72.7496	-64.598	-4.048
72.7505	-64.5979	-4.05755
72.7529	-64.5977	-4.06681
72.757	-64.5974	-4.0755
72.7624	-64.597	-4.08335
72.7692	-64.5964	-4.09013
72.777	-64.5958	-4.09563
72.7857	-64.5951	-4.09968
72.7949	-64.5943	-4.10216
72.8044	-64.5936	-4.103
72.814	-64.5928	-4.10216
72.8232	-64.592	-4.09968
72.8319	-64.5913	-4.09563
72.8397	-64.5907	-4.09013
72.8464	-64.5901	-4.08335
72.8519	-64.5897	-4.0755
72.856	-64.5894	-4.06681
72.8584	-64.5892	-4.05755
72.8593	-64.5891	-4.048
72.8584	-64.5892	-4.03845
72.856	-64.5894	-4.02919
72.8519	-64.5897	-4.0205
72.8464	-64.5901	-4.01265
72.8397	-64.5907	-4.00587
72.8319	-64.5913	-4.00037
72.8232	-64.592	-3.99632
72.814	-64.5928	-3.99384
72.8044	-64.5936	-3.993
74.0387	-79.8993	-3.99384
74.0295	-79.9001	-3.99632
74.0208	-79.9008	-4.00037
74.013	-79.9014	-4.00587
74.0062	-79.902	-4.01265
74.0008	-79.9024	-4.0205
73.9967	-79.9027	-4.02919
73.9943	-79.9029	-4.03845
73.9934	-79.903	-4.048
73.9943	-79.9029	-4.05755
73.9967	-79.9027	-4.06681
74.0008	-79.9024	-4.0755
74.0062	-79.902	-4.08335
74.013	-79.9014	-4.09013
74.0208	-79.9008	-4.09563
74.0295	-79.9001	-4.09968
74.0387	-79.8993	-4.10216
74.0482	-79.8985	-4.103
74.0578	-79.8978	-4.10216
74.067	-79.897	-4.09968
74.0756	-79.8963	-4.09563
74.0835	-79.8957	-4.09013
74.0902	-79.8951	-4.08335
74.0957	-79.8947	-4.0755
74.0998	-79.8944	-4.06681
74.1022	-79.8942	-4.05755
74.1031	-79.8941	-4.048
74.1022	-79.8942	-4.03845
74.0998	-79.8944	-4.02919
74.0957	-79.8947	-4.0205
74.0902	-79.8951	-4.01265
74.0835	-79.8957	-4.00587
74.0756	-79.8963	-4.00037
74.067	-79.897	-3.99632
74.0578	-79.8978	-3.99384
74.0482	-79.8985	-3.993

#	Triangle	83
35	36	71
0	36	35
0	37	36
1	37	0
1	38	37
2	38	1
2	39	38
3	39	2
3	40	39
4	40	3
4	41	40	5	41	4
5	42	41	6	42	5
6	43	42
7	43	6
7	44	43
8	44	7
8	45	44
9	45	8
9	46	45
10	46	9
10	47	46	11	47	10
11	48	47	12	48	11
12	49	48
13	49	12
13	50	49
14	50	13
14	51	50
15	51	14
15	52	51
16	52	15
16	53	52
17	53	16
17	54	53
18	54	17
18	55	54	19	55	18
19	56	55	20	56	19
20	57	56
21	57	20
21	58	57	22	58	21
22	59	58	23	59	22
23	60	59	24	60	23
24	61	60	25	61	24
25	62	61
26	62	25
26	63	62
27	63	26
27	64	63	28	64	27
28	65	64	29	65	28
29	66	65	30	66	29
30	67	66	31	67	30
31	68	67
32	68	31
32	69	68	33	69	32
33	70	69	34	70	33
34	71	70
35	71	34
7	9	8	26	25	27
6	9	7	27	25	24
6	10	9	27	24	28
5	10	6	5	11	10	28	23	29	28	24	23
4	11	5	4	12	11	29	22	30	29	23	22
3	12	4	3	13	12	30	21	31	30	22	21
2	13	3	2	14	13	31	20	32	31	21	20
1	14	2	1	15	14
0	15	1	0	16	15
35	16	0	35	17	16
34	17	35	34	18	17
33	18	34	33	19	18
32	19	33	32	20	19
45	43	44	62	63	61
46	43	45	61	63	64
46	42	43
47	42	46	47	41	42	60	65	59	60	64	65
48	41	47	48	40	41	59	66	58	59	65	66
49	40	48	49	39	40
50	39	49	50	38	39
51	38	50	51	37	38	56	69	55	56	68	69
52	37	51	52	36	37	55	70	54	55	69	70
53	36	52	53	71	36
54	71	53	54	70	71
57	68	56	57	67	68
58	67	57	58	66	67
61	64	60

#	Normal	83
-0.0868443	-0.00705766	0.996197
-0.0869146	-0.00706332	0.996191
-0.258046	-0.0209707	0.965905
-0.257844	-0.0209544	0.965959
-0.421089	-0.034221	0.906373
-0.421399	-0.034246	0.906228
-0.57168	-0.0464589	0.81916
-0.571664	-0.0464577	0.819171
-0.704706	-0.0572696	0.707184
-0.704739	-0.0572723	0.707151
-0.81667	-0.0663686	0.573277
-0.903304	-0.0734092	0.422673
-0.962676	-0.0782342	0.259101
-0.96266	-0.0782329	0.259163
-0.992961	-0.0806954	0.0866936
-0.992894	-0.0806904	0.0874669
-0.992961	-0.0806959	-0.0866936
-0.992894	-0.0806899	-0.0874669
-0.962676	-0.0782342	-0.259101
-0.96266	-0.0782328	-0.259163
-0.903304	-0.0734092	-0.422673
-0.81667	-0.0663686	-0.573277
-0.704706	-0.0572696	-0.707184
-0.704739	-0.0572723	-0.707151
-0.57168	-0.046459	-0.81916
-0.571664	-0.0464577	-0.819171
-0.421089	-0.0342208	-0.906373
-0.421399	-0.0342462	-0.906228
-0.25807	-0.0209728	-0.965899
-0.257867	-0.0209562	-0.965953
-0.0868191	-0.00705557	-0.996199
-0.0868894	-0.00706132	-0.996193
0.0868894	0.00706132	-0.996193
0.0868163	0.00705533	-0.996199
0.25807	0.0209726	-0.965899
0.421089	0.0342208	-0.906373
0.571649	0.0464564	-0.819182
0.571664	0.0464577	-0.819171
0.704739	0.0572723	-0.707151
0.81667	0.0663686	-0.573277
0.903304	0.0734092	-0.422673
0.96266	0.0782329	-0.259163
0.992967	0.0806959	-0.0866281
0.992964	0.0806956	-0.0866608
0.992967	0.0806958	0.0866281
0.992964	0.0806956	0.0866608
0.96266	0.0782329	0.259163
0.903304	0.0734092	0.422673
0.81667	0.0663686	0.573277
0.704739	0.0572723	0.707151
0.571649	0.0464564	0.819182
0.571664	0.0464577	0.819171
0.421089	0.0342208	0.906373
0.258046	0.0209707	0.965905
0.0869146	0.00706332	0.996191
0.0868415	0.00705742	0.996197
-1.26843e-006	1.59673e-005	-0
-3.87991e-006	4.7305e-005	-0
-7.64198e-006	9.31734e-005	-0
-0.0809712	0.996716	-0
-0.0810449	0.99671	-0
-0.0806612	0.996742	-0
-0.0810696	0.996708	-0
-0.0809608	0.996717	-0
-0.0809517	0.996718	-0
-0.0810136	0.996713	-0
-0.0813537	0.996685	-0
-0.0810198	0.996712	-0
-0.0808883	0.996723	-0
1.34304e-006	-1.58181e-005	-0
3.73068e-006	-4.7305e-005	-0
7.34806e-006	-9.31734e-005	-0
0.0809712	-0.996716	-0
0.0810449	-0.99671	-0
0.0818058	-0.996648	-0
0.0805755	-0.996749	-0
0.0808883	-0.996723	-0
0.0810198	-0.996712	-0
0.0809476	-0.996718	-0
0.0810136	-0.996713	-0
0.0815637	-0.996668	-0
0.0806612	-0.996742	-0
7.64198e-006	-9.31734e-005	-0

#	Mesh	0	End

