#	Mesh	0	Begin

#	Vertex	77
79.8508	-115.385	-4.80088
79.871	-115.383	-4.80928
79.8927	-115.382	-4.81215
79.9144	-115.38	-4.80928
79.9347	-115.378	-4.80088
79.952	-115.377	-4.7875
79.9654	-115.376	-4.77008
79.9737	-115.375	-4.74978
79.9766	-115.375	-4.728
79.9737	-115.375	-4.70622
79.9654	-115.376	-4.68592
79.952	-115.377	-4.6685
79.9347	-115.378	-4.65512
79.9144	-115.38	-4.64672
79.8927	-115.382	-4.64385
79.871	-115.383	-4.64672
79.8508	-115.385	-4.65512
79.8334	-115.386	-4.6685
79.8201	-115.388	-4.68592
79.8117	-115.388	-4.70622
79.8089	-115.388	-4.728
79.8117	-115.388	-4.74978
79.8201	-115.388	-4.77008
79.8334	-115.386	-4.7875
79.8126	-115.094	-4.81215
79.7931	-115.104	-4.80928
79.7749	-115.113	-4.80088
79.7593	-115.121	-4.7875
79.7474	-115.127	-4.77008
79.7399	-115.13	-4.74978
79.7373	-115.132	-4.728
79.7399	-115.13	-4.70622
79.7474	-115.127	-4.68592
79.7593	-115.121	-4.6685
79.7749	-115.113	-4.65512
79.7931	-115.104	-4.64672
79.8126	-115.094	-4.64385
79.8321	-115.084	-4.64672
79.8502	-115.075	-4.65512
79.8658	-115.068	-4.6685
79.8778	-115.062	-4.68592
79.8853	-115.058	-4.70622
79.8879	-115.057	-4.728
79.8853	-115.058	-4.74978
79.8778	-115.062	-4.77008
79.8658	-115.068	-4.7875
79.8502	-115.075	-4.80088
79.8321	-115.084	-4.80928
79.9414	-115.213	-4.69601
79.9659	-115.292	-4.728
79.9309	-115.216	-4.67696
79.9159	-115.22	-4.66138
79.8976	-115.225	-4.65034
79.8772	-115.231	-4.6446
79.8172	-115.248	-4.66111
79.856	-115.237	-4.64454
79.8022	-115.252	-4.67661
79.8356	-115.243	-4.65017
79.7871	-115.256	-4.71045
79.796	-115.3	-4.728
79.7916	-115.255	-4.69561
79.9475	-115.211	-4.728
79.9514	-115.232	-4.7117
79.9214	-115.133	-4.728
79.772	-115.214	-4.728
79.8356	-115.243	-4.80583
79.94	-115.192	-4.7443
79.8172	-115.248	-4.79489
79.7871	-115.256	-4.74555
79.9159	-115.22	-4.79462
79.8976	-115.225	-4.80566
79.7916	-115.255	-4.76039
79.8022	-115.252	-4.77939
79.8772	-115.231	-4.8114
79.856	-115.237	-4.81146
79.9414	-115.213	-4.75999
79.9309	-115.216	-4.77904

#	Triangle	143
3	1	2
4	1	3
4	0	1
5	0	4
5	23	0
6	23	5
6	22	23
7	22	6
7	21	22
8	21	7
8	20	21
9	20	8
9	19	20
10	19	9
10	18	19
11	18	10
11	17	18
12	17	11
12	16	17
13	16	12
13	15	16
14	15	13
25	47	24	36	37	35
26	47	25
26	46	47
27	46	26
27	45	46
28	45	27	33	39	40
28	44	45	33	40	32
29	44	28	32	40	41
29	43	44	32	41	31
30	43	29	31	41	42
30	42	43	31	42	30
34	39	33
34	38	39
35	38	34
35	37	38
10	9	48
8	49	9
50	40	39
10	48	50
12	11	51
10	50	11
12	51	52
52	13	12
13	53	14
51	39	38
11	50	51
13	52	53
54	17	16
14	53	55
17	56	18
15	57	16
53	37	36
15	55	57
20	58	59
48	41	40
58	20	19
60	19	18
57	35	34
55	15	14
55	36	35
49	61	62
52	38	37
51	38	52
9	49	62
53	52	37
62	63	41
36	55	53
50	48	40
50	39	51
41	63	42
63	62	61
17	54	56
60	58	19
9	62	48
30	64	58
54	34	33
60	31	58
31	30	58
56	54	33
18	56	60
56	32	60
60	32	31
54	57	34
35	57	55
56	33	32
64	59	58
48	62	41
16	57	54
1	0	65
49	66	61
43	63	66
0	23	67
20	59	68
46	69	70
21	71	22
70	69	4
23	22	72
74	73	2
64	30	68
74	2	1
49	7	66
7	49	8
7	6	75
3	70	4
76	6	5
5	4	69
2	73	3
45	76	69
59	64	68
68	30	29
44	75	76
28	71	29
69	76	5
73	70	3
28	27	72
25	65	26
68	71	21
74	25	24
71	72	22
27	67	72
27	26	67
28	72	71
24	47	73
45	69	46
72	67	23
43	66	75
66	63	61
45	44	76
70	47	46
66	7	75
67	65	0
43	42	63
65	74	1
24	73	74
44	43	75
25	74	65
76	75	6
26	65	67
71	68	29
20	68	21
47	70	73

#	Normal	143
0.0808784	-0.996723	-0.00135793
0.0808784	-0.996724	0.000849775
0.0809555	-0.996718	0.000262971
0.0809555	-0.996718	-0.000324116
0.0809428	-0.996719	-0.000227459
0.0809428	-0.996719	0.000204202
0.0809382	-0.996719	0.000239083
0.0809382	-0.996719	-5.08611e-005
0.0809294	-0.99672	1.60574e-005
0.0809294	-0.99672	-0.000256579
0.0809093	-0.996721	-0.000103602
0.0809093	-0.996721	0.000253926
0.0809294	-0.99672	0.000100949
0.0809294	-0.99672	4.72103e-005
0.0809382	-0.996719	-1.97048e-005
0.0809382	-0.996719	-0.000207726
0.0809428	-0.996719	-0.000242606
0.0809428	-0.996719	0.000307535
0.0809555	-0.996718	0.00021087
0.0809554	-0.996718	-0.000663293
0.0808785	-0.996724	-7.64947e-005
0.0808784	-0.996723	0.00135793
-0.446209	0.894929	1.11199e-012
-0.446209	0.894929	-0.000198334
-0.446211	0.894928	-0.000211994
-0.446211	0.894928	0.000415909
-0.446268	0.894899	-7.15626e-005
-0.446268	0.894899	9.1816e-006
-0.44627	0.894898	-7.49661e-006
-0.44627	0.894898	-7.96005e-005
-0.446252	0.894907	7.13684e-005
-0.446252	0.894907	0.000141352
-0.446285	0.894891	-0.00013654
-0.446268	0.894899	-0.000332271
-0.446211	0.894928	0.000155233
-0.446211	0.894928	0.000202676
-0.446209	0.894929	0.000216334
0.910785	0.157936	0.38148
0.983258	0.127266	0.130412
0.73995	0.289323	0.607261
0.854027	0.15668	0.496074
0.601646	0.102668	0.792137
0.782975	0.135084	0.607209
0.495005	0.0928689	0.863913
0.37867	0.0628309	0.923397
0.129449	0.018274	0.991418
0.567803	0.223238	0.792316
0.6987	0.129061	0.703677
0.257143	0.0505928	0.965048
-0.600326	-0.112218	0.791843
0.00127652	0.00510505	0.999986
-0.781647	-0.14462	0.606723
-0.377775	-0.0724318	0.92306
0.120245	0.0513167	0.991417
-0.254723	-0.0403948	0.96617
-0.980253	-0.142759	-0.136832
0.86125	0.335912	0.381329
-0.975523	-0.177368	0.129981
-0.909335	-0.167516	0.380852
-0.360732	-0.133383	0.923082
-0.128646	-0.0278765	0.991299
-0.124532	-0.0426844	0.991297
0.973691	0.221938	0.0516699
0.356658	0.142123	0.923361
0.471678	0.176566	0.863912
0.951553	0.159235	0.263043
0.24624	0.089701	0.965049
0.879287	0.321723	0.35121
0.00373297	-0.00370889	0.999986
0.811961	0.307595	0.496089
0.66475	0.250913	0.703669
0.907366	0.399647	0.130266
0.935071	0.309375	0.173001
-0.697221	-0.119004	0.706909
-0.940551	-0.165522	0.29659
0.908963	0.157283	0.386067
-0.912819	-0.38481	-0.136683
-0.571956	-0.2145	0.791743
-0.890579	-0.344833	0.296578
-0.92666	-0.352786	0.12978
-0.65828	-0.258747	0.706907
-0.853294	-0.14675	0.500353
-0.806207	-0.315743	0.500337
-0.864838	-0.326943	0.381002
-0.464815	-0.184204	0.866035
-0.238897	-0.0971732	0.96617
-0.743715	-0.280471	0.606814
-0.946995	-0.263938	0.18313
0.923938	0.34442	0.166475
-0.493096	-0.0827675	0.866029
-0.377775	-0.0724318	-0.92306
0.960344	0.218896	-0.172697
0.896803	0.35594	-0.262777
-0.600326	-0.112218	-0.791843
-0.980253	-0.142759	0.136832
0.471678	0.176566	-0.863912
-0.909335	-0.167516	-0.380852
0.495005	0.0928689	-0.863913
-0.781647	-0.14462	-0.606723
0.00127652	0.00510505	-0.999986
-0.912819	-0.38481	0.136683
-0.128646	-0.0278765	-0.991299
0.918933	0.179407	-0.351248
0.983258	0.127266	-0.130412
0.910785	0.157936	-0.38148
0.37867	0.0628309	-0.923397
0.782975	0.135084	-0.607209
0.601646	0.102668	-0.792137
0.129449	0.018274	-0.991418
0.66475	0.250913	-0.703669
-0.946995	-0.263938	-0.18313
-0.92666	-0.352786	-0.12978
0.811961	0.307595	-0.496089
-0.864838	-0.326943	-0.381002
0.6987	0.129061	-0.703677
0.257143	0.0505928	-0.965048
-0.743715	-0.280471	-0.606814
-0.360732	-0.133383	-0.923082
-0.940551	-0.165522	-0.29659
-0.124532	-0.0426844	-0.991297
-0.853294	-0.14675	-0.500353
-0.65828	-0.258747	-0.706907
-0.571956	-0.2145	-0.791743
-0.806207	-0.315743	-0.500337
0.120245	0.0513167	-0.991417
0.567803	0.223238	-0.792316
-0.697221	-0.119004	-0.706909
0.859184	0.335495	-0.386323
0.948134	0.313697	-0.0513366
0.73995	0.289323	-0.607261
0.356658	0.142123	-0.923361
0.968858	0.183076	-0.166728
-0.493096	-0.0827675	-0.866029
0.907366	0.399647	-0.130266
-0.254723	-0.0403948	-0.96617
0.00373297	-0.00370889	-0.999986
0.86125	0.335912	-0.381329
-0.238897	-0.0971732	-0.96617
0.854027	0.15668	-0.496074
-0.464815	-0.184204	-0.866035
-0.890579	-0.344833	-0.296578
-0.975523	-0.177368	-0.129981
0.24624	0.089701	-0.965049

#	Mesh	0	End

