#	Mesh	0	Begin

#	Vertex	72
98.6903	-44.6704	-3.61086
98.7044	-44.6692	-3.60706
98.7177	-44.6681	-3.60087
98.7297	-44.6672	-3.59245
98.74	-44.6663	-3.58208
98.7484	-44.6656	-3.57007
98.7546	-44.6651	-3.55678
98.7583	-44.6648	-3.54261
98.7596	-44.6647	-3.528
98.7583	-44.6648	-3.51339
98.7546	-44.6651	-3.49922
98.7484	-44.6656	-3.48593
98.74	-44.6663	-3.47392
98.7297	-44.6672	-3.46355
98.7177	-44.6681	-3.45513
98.7044	-44.6692	-3.44894
98.6903	-44.6704	-3.44514
98.6758	-44.6716	-3.44386
98.6612	-44.6727	-3.44514
98.6471	-44.6739	-3.44894
98.6338	-44.675	-3.45513
98.6219	-44.6759	-3.46355
98.6115	-44.6768	-3.47392
98.6031	-44.6775	-3.48593
98.597	-44.678	-3.49922
98.5932	-44.6783	-3.51339
98.5919	-44.6784	-3.528
98.5932	-44.6783	-3.54261
98.597	-44.678	-3.55678
98.6031	-44.6775	-3.57007
98.6115	-44.6768	-3.58208
98.6219	-44.6759	-3.59245
98.6338	-44.675	-3.60087
98.6471	-44.6739	-3.60706
98.6612	-44.6727	-3.61086
98.6758	-44.6716	-3.61214
99.5781	-55.5907	-3.61086
99.5922	-55.5896	-3.60706
99.6055	-55.5885	-3.60087
99.6175	-55.5875	-3.59245
99.6278	-55.5867	-3.58208
99.6362	-55.586	-3.57007
99.6424	-55.5855	-3.55678
99.6461	-55.5852	-3.54261
99.6474	-55.5851	-3.528
99.6461	-55.5852	-3.51339
99.6424	-55.5855	-3.49922
99.6362	-55.586	-3.48593
99.6278	-55.5867	-3.47392
99.6175	-55.5875	-3.46355
99.6055	-55.5885	-3.45513
99.5922	-55.5896	-3.44894
99.5781	-55.5907	-3.44514
99.5636	-55.5919	-3.44386
99.549	-55.5931	-3.44514
99.5349	-55.5942	-3.44894
99.5216	-55.5953	-3.45513
99.5097	-55.5963	-3.46355
99.4993	-55.5971	-3.47392
99.4909	-55.5978	-3.48593
99.4848	-55.5983	-3.49922
99.481	-55.5986	-3.51339
99.4797	-55.5987	-3.528
99.481	-55.5986	-3.54261
99.4848	-55.5983	-3.55678
99.4909	-55.5978	-3.57007
99.4993	-55.5971	-3.58208
99.5097	-55.5963	-3.59245
99.5216	-55.5953	-3.60087
99.5349	-55.5942	-3.60706
99.549	-55.5931	-3.61086
99.5636	-55.5919	-3.61214

#	Triangle	89
35	36	71
0	36	35
0	37	36
1	37	0
1	38	37
2	38	1
2	39	38	3	39	2
3	40	39
4	40	3
4	41	40
5	41	4
5	42	41	6	42	5
6	43	42	7	43	6
7	44	43
8	44	7
8	45	44
9	45	8
9	46	45	10	46	9
10	47	46	11	47	10
11	48	47
12	48	11
12	49	48
13	49	12
13	50	49	14	50	13
14	51	50
15	51	14
15	52	51
16	52	15
16	53	52
17	53	16
17	54	53
18	54	17
18	55	54	19	55	18
19	56	55	20	56	19
20	57	56
21	57	20
21	58	57
22	58	21
22	59	58
23	59	22
23	60	59
24	60	23
24	61	60
25	61	24
25	62	61	26	62	25
26	63	62	27	63	26
27	64	63
28	64	27
28	65	64
29	65	28
29	66	65
30	66	29
30	67	66
31	67	30
31	68	67
32	68	31
32	69	68	33	69	32
33	70	69	34	70	33
34	71	70
35	71	34
7	9	8	26	25	27
6	9	7	6	10	9	27	24	28	27	25	24
5	10	6	5	11	10	28	23	29	28	24	23
4	11	5	4	12	11
3	12	4	3	13	12
2	13	3	2	14	13	31	20	32	31	21	20
1	14	2	1	15	14	32	19	33	32	20	19
0	15	1	0	16	15	33	18	34	33	19	18
35	16	0	35	17	16
34	17	35	34	18	17
30	21	31	30	22	21
29	22	30	29	23	22
45	43	44	62	63	61
46	43	45	46	42	43
47	42	46	47	41	42
48	41	47	48	40	41
49	40	48	49	39	40
50	39	49	50	38	39
51	38	50	51	37	38
52	37	51	52	36	37
53	36	52	53	71	36
54	71	53	54	70	71
55	70	54	55	69	70
56	69	55	56	68	69
57	68	56	57	67	68
58	67	57	58	66	67
59	66	58	59	65	66
60	65	59	60	64	65
61	64	60	61	63	64

#	Normal	89
0.0868571	0.00706128	-0.996196
0.0868552	0.00706112	-0.996196
0.257886	0.0209655	-0.965948
0.258019	0.0209765	-0.965912
0.421389	0.0342582	-0.906233
0.421186	0.0342415	-0.906327
0.571618	0.0464712	-0.819203
0.704791	0.0572979	-0.707097
0.704802	0.0572988	-0.707086
0.816514	0.0663807	-0.573497
0.816504	0.0663798	-0.573511
0.903277	0.0734343	-0.422726
0.962789	0.0782725	-0.258671
0.992875	0.0807184	-0.0876526
0.992921	0.0807229	-0.0871257
0.992875	0.0807191	0.0876526
0.992921	0.0807222	0.0871257
0.962789	0.0782725	0.258671
0.903277	0.0734343	0.422726
0.816514	0.0663807	0.573497
0.816504	0.0663799	0.573511
0.704791	0.0572979	0.707097
0.704802	0.0572987	0.707086
0.571618	0.0464712	0.819203
0.421389	0.0342579	0.906233
0.421186	0.0342418	0.906327
0.257886	0.0209657	0.965948
0.258019	0.0209763	0.965912
0.0868571	0.00706128	0.996196
0.0868552	0.00706113	0.996196
-0.0868552	-0.00706113	0.996196
-0.0868571	-0.00706128	0.996196
-0.258019	-0.0209763	0.965912
-0.421186	-0.0342415	0.906327
-0.571867	-0.0464914	0.819028
-0.571618	-0.0464716	0.819203
-0.704802	-0.0572992	0.707086
-0.704791	-0.0572984	0.707097
-0.816255	-0.0663602	0.573867
-0.816514	-0.0663807	0.573497
-0.90348	-0.0734508	0.42229
-0.903277	-0.073435	0.422726
-0.962657	-0.0782624	0.259166
-0.962789	-0.0782725	0.258671
-0.992921	-0.0807222	0.0871257
-0.992921	-0.0807222	-0.0871257
-0.962657	-0.0782617	-0.259166
-0.962789	-0.0782732	-0.258671
-0.90348	-0.0734514	-0.42229
-0.903277	-0.0734343	-0.422726
-0.816255	-0.0663596	-0.573867
-0.816514	-0.0663813	-0.573497
-0.704802	-0.0572993	-0.707086
-0.704791	-0.0572984	-0.707097
-0.571867	-0.0464918	-0.819028
-0.571618	-0.0464712	-0.819203
-0.421186	-0.0342415	-0.906327
-0.258019	-0.0209763	-0.965912
-0.0868552	-0.00706112	-0.996196
-0.0868571	-0.00706128	-0.996196
-3.08187e-006	3.72107e-005	-0
-0.0803182	0.996769	-0
-0.0812726	0.996692	-0
-0.0812773	0.996692	-0
-0.0809878	0.996715	-0
-0.0809468	0.996718	-0
-0.0810999	0.996706	-0
-0.0808085	0.99673	-0
-0.0812753	0.996692	-0
-0.0810097	0.996713	-0
-0.081362	0.996685	-0
-0.0808159	0.996729	-0
3.08187e-006	-3.7439e-005	-0
0.0803182	-0.996769	-0
0.0812726	-0.996692	-0
0.0808159	-0.996729	-0
0.081362	-0.996685	-0
0.0809468	-0.996718	-0
0.0811474	-0.996702	-0
0.0807641	-0.996733	-0
0.0810097	-0.996713	-0
0.0812753	-0.996692	-0
0.0808085	-0.99673	-0
0.0810999	-0.996706	-0
0.0809993	-0.996714	-0
0.0809878	-0.996715	-0
0.0812021	-0.996698	-0
0.0813748	-0.996684	-0
0.0801536	-0.996783	-0

#	Mesh	0	End

