#	Mesh	0	Begin

#	Vertex	42
70.7015	-19.362	-11.2544
70.7015	-19.362	-3.32845
70.5022	-19.3782	-3.32845
70.5022	-19.3782	-11.2544
72.7013	-46.5192	-3.4646
72.7013	-46.5192	-11.2544
72.0857	-38.9211	-9.066
72.0049	-37.9244	-9.066
72.0049	-37.9244	-11.166
72.0857	-38.9211	-11.166
71.3451	-29.7811	-9.066
71.2643	-28.7843	-9.066
71.2643	-28.7843	-11.166
71.3451	-29.7811	-11.166
71.2175	-28.2062	-9.066
71.1367	-27.2095	-9.066
71.1367	-27.2095	-11.166
71.2175	-28.2062	-11.166
72.9007	-46.5031	-3.4646
72.9007	-46.5031	-11.2544
72.6722	-43.6831	-3.45045
72.5752	-42.487	-3.44445
72.1875	-37.7019	-3.42045
72.1714	-37.5026	-3.41945
71.9454	-34.7132	-3.40545
71.8485	-33.5171	-3.39945
71.4486	-28.5818	-3.3747
71.4324	-28.3825	-3.3737
71.2185	-25.7426	-3.36045
71.1216	-24.5465	-3.35445
72.2043	-37.9082	-9.066
72.285	-38.905	-9.066
72.285	-38.905	-11.166
72.2043	-37.9082	-11.166
71.4637	-28.7682	-9.066
71.5444	-29.7649	-9.066
71.5444	-29.7649	-11.166
71.4637	-28.7682	-11.166
71.3361	-27.1934	-9.066
71.4168	-28.1901	-9.066
71.4168	-28.1901	-11.166
71.3361	-27.1934	-11.166

#	Triangle	48
0	2	1	3	2	0	9	31	32	6	31	9
4	9	5	4	6	9
9	3	5
9	8	3
8	13	3
13	12	3
12	17	3
17	16	3
16	2	3	7	13	8	7	10	13	15	2	16	4	10	7	4	2	15
11	17	12	11	14	17
4	7	6
4	11	10
4	14	11
4	15	14
4	19	18	5	19	4	7	33	30	8	33	7	37	11	12	34	11	37
1	41	0	1	38	41	35	33	36	35	30	33	1	29	31
41	19	0
41	40	19
40	37	19
37	36	19
36	33	19
33	32	19
32	18	19	31	18	32
39	37	40	39	34	37
1	39	38
1	34	39
1	35	34
1	30	35
1	31	30
29	28	31
28	27	31	25	24	31	21	20	31
27	26	31
26	25	31
24	23	31
23	22	31
22	21	31
20	18	31
0	5	3	19	5	0	6	30	31	7	30	6	34	10	11	35	10	34	14	38	39	15	38	14
2	29	1	2	4	18
2	28	29	2	27	28	2	26	27	2	24	25
2	25	26	2	18	20
2	23	24
2	22	23
2	21	22
2	20	21
8	32	33	9	32	8	36	12	13	37	12	36	16	40	41	17	40	16
35	13	10	36	13	35	17	39	40	14	39	17
15	41	38	16	41	15

#	Normal	48
-0.0807598	0.996734	-0
-0.996733	-0.0807618	-0
-0.996733	-0.0807614	-3.49243e-005
-0.996733	-0.0807577	0.000775784
-0.996733	-0.0807615	-4.05313e-006
-0.996734	-0.0807578	0.000433372
-0.996733	-0.080765	-0.000347496
-0.996733	-0.0807657	-0.000410563
-0.996733	-0.0807611	0
-0.996733	-0.0807651	-0
-0.996734	-0.0807578	5.52591e-006
-0.996734	-0.0807578	1.09302e-005
-0.996733	-0.0807651	-1.23068e-005
-0.996733	-0.0807657	-1.43716e-005
0.0807629	-0.996733	-0
0.996733	0.0807611	0
0.996733	0.0807611	3.94178e-006
0.996733	0.0807579	0.000707745
0.996733	0.080765	-0.000779757
0.996734	0.0807577	0.000692533
0.996733	0.0807615	-1.1279e-005
0.996733	0.0807655	-0.000409409
0.996734	0.0807608	-0
0.996733	0.0807651	0
0.996734	0.0807579	4.33738e-006
0.996733	0.0807651	-6.71154e-006
0.996734	0.0807578	5.32035e-006
0.996733	0.0807615	-1.41965e-006
0.996733	0.0807655	-1.46569e-005
0.996734	0.0807552	1.5304e-005
0.996733	0.0807615	5.46484e-007
0.996732	0.0807817	-3.6984e-005
0.996734	0.0807602	2.25555e-006
0.996733	0.0807625	1.75934e-007
0.996735	0.0807419	5.33509e-006
0.996733	0.0807613	1.17611e-006
0.996733	0.0807621	1.84361e-006
-0	-0	-1
0.000403793	-0.00498359	0.999988
0.000403415	-0.00498364	0.999988
0.000404744	-0.00498351	0.999988
0.000401556	-0.00498381	0.999988
0.000405378	-0.00498346	0.999988
0.000400939	-0.00498387	0.999988
0.000405577	-0.00498345	0.999988
-0	-0	1
-0.0807629	0.996733	-0
0.0807598	-0.996734	-0

#	Mesh	0	End

