#	Mesh	0	Begin

#	Vertex	72
73.7177	-80.4136	-3.99384
73.7248	-80.4196	-3.99632
73.7314	-80.4253	-4.00037
73.7374	-80.4303	-4.00587
73.7426	-80.4347	-4.01265
73.7468	-80.4383	-4.0205
73.7499	-80.4409	-4.02919
73.7518	-80.4425	-4.03845
73.7524	-80.4431	-4.048
73.7518	-80.4425	-4.05755
73.7499	-80.4409	-4.06681
73.7468	-80.4383	-4.0755
73.7426	-80.4347	-4.08335
73.7374	-80.4303	-4.09013
73.7314	-80.4253	-4.09563
73.7248	-80.4196	-4.09968
73.7177	-80.4136	-4.10216
73.7105	-80.4075	-4.103
73.7032	-80.4013	-4.10216
73.6961	-80.3953	-4.09968
73.6895	-80.3896	-4.09563
73.6835	-80.3846	-4.09013
73.6784	-80.3802	-4.08335
73.6742	-80.3766	-4.0755
73.6711	-80.374	-4.06681
73.6692	-80.3724	-4.05755
73.6686	-80.3718	-4.048
73.6692	-80.3724	-4.03845
73.6711	-80.374	-4.02919
73.6742	-80.3766	-4.0205
73.6784	-80.3802	-4.01265
73.6835	-80.3846	-4.00587
73.6895	-80.3896	-4.00037
73.6961	-80.3953	-3.99632
73.7032	-80.4013	-3.99384
73.7105	-80.4075	-3.993
73.9977	-80.0841	-3.99384
74.0048	-80.0901	-3.99632
74.0114	-80.0957	-4.00037
74.0174	-80.1008	-4.00587
74.0226	-80.1052	-4.01265
74.0268	-80.1088	-4.0205
74.0298	-80.1114	-4.02919
74.0317	-80.113	-4.03845
74.0324	-80.1136	-4.048
74.0317	-80.113	-4.05755
74.0298	-80.1114	-4.06681
74.0268	-80.1088	-4.0755
74.0226	-80.1052	-4.08335
74.0174	-80.1008	-4.09013
74.0114	-80.0957	-4.09563
74.0048	-80.0901	-4.09968
73.9977	-80.0841	-4.10216
73.9905	-80.0779	-4.103
73.9832	-80.0718	-4.10216
73.9761	-80.0658	-4.09968
73.9695	-80.0601	-4.09563
73.9635	-80.055	-4.09013
73.9583	-80.0507	-4.08335
73.9542	-80.0471	-4.0755
73.9511	-80.0445	-4.06681
73.9492	-80.0429	-4.05755
73.9485	-80.0423	-4.048
73.9492	-80.0429	-4.03845
73.9511	-80.0445	-4.02919
73.9542	-80.0471	-4.0205
73.9583	-80.0507	-4.01265
73.9635	-80.055	-4.00587
73.9695	-80.0601	-4.00037
73.9761	-80.0658	-3.99632
73.9832	-80.0718	-3.99384
73.9905	-80.0779	-3.993

#	Triangle	102
35	36	71
0	36	35
0	37	36
1	37	0
1	38	37
2	38	1
2	39	38
3	39	2
3	40	39
4	40	3
4	41	40
5	41	4
5	42	41
6	42	5
6	43	42	7	43	6
7	44	43
8	44	7
8	45	44
9	45	8
9	46	45	10	46	9
10	47	46
11	47	10
11	48	47
12	48	11
12	49	48
13	49	12
13	50	49
14	50	13
14	51	50
15	51	14
15	52	51
16	52	15
16	53	52
17	53	16
17	54	53
18	54	17
18	55	54
19	55	18
19	56	55
20	56	19
20	57	56	21	57	20
21	58	57
22	58	21
22	59	58
23	59	22
23	60	59
24	60	23
24	61	60
25	61	24
25	62	61
26	62	25
26	63	62
27	63	26
27	64	63
28	64	27
28	65	64
29	65	28
29	66	65
30	66	29
30	67	66
31	67	30
31	68	67	32	68	31
32	69	68
33	69	32
33	70	69
34	70	33
34	71	70
35	71	34
7	9	8	26	25	27
6	9	7	27	25	24
6	10	9
5	10	6	5	11	10
4	11	5	4	12	11
3	12	4	3	13	12
2	13	3	2	14	13	31	20	32	31	21	20
1	14	2	1	15	14
0	15	1	0	16	15
35	16	0	35	17	16
34	17	35	34	18	17
33	18	34	33	19	18
32	19	33	32	20	19
30	21	31	30	22	21
29	22	30	29	23	22
28	23	29	28	24	23
27	24	28
45	43	44	62	63	61
46	43	45	61	63	64
46	42	43	61	64	60
47	42	46	47	41	42
48	41	47	48	40	41
49	40	48	49	39	40
50	39	49	50	38	39
51	38	50	51	37	38
52	37	51	52	36	37
53	36	52	53	71	36
54	71	53	54	70	71
55	70	54	55	69	70
56	69	55	56	68	69
57	68	56	57	67	68
58	67	57	58	66	67
59	66	58	59	65	66
60	65	59	60	64	65

#	Normal	102
0.0663966	-0.0564146	0.996197
0.0664712	-0.0564809	0.996188
0.197311	-0.167656	0.965899
0.197096	-0.167465	0.965976
0.321853	-0.273466	0.906436
0.322181	-0.273759	0.906231
0.437275	-0.371555	0.818986
0.437091	-0.371389	0.819159
0.538887	-0.457884	0.707067
0.538657	-0.457675	0.707377
0.624288	-0.530433	0.573503
0.624471	-0.530601	0.573149
0.69049	-0.586696	0.423098
0.690663	-0.58686	0.422588
0.736054	-0.625429	0.258966
0.75918	-0.645079	0.0867131
0.759148	-0.645034	0.0873294
0.759189	-0.645068	-0.0867131
0.759139	-0.645044	-0.0873294
0.736054	-0.625429	-0.258966
0.690482	-0.586706	-0.423098
0.690671	-0.58685	-0.422588
0.624282	-0.53044	-0.573503
0.624477	-0.530594	-0.573149
0.538893	-0.457877	-0.707067
0.53865	-0.457683	-0.707377
0.43728	-0.37155	-0.818986
0.437086	-0.371394	-0.819159
0.321846	-0.273474	-0.906436
0.322188	-0.273751	-0.906231
0.197333	-0.167666	-0.965892
0.19711	-0.167485	-0.965969
0.0663759	-0.0563999	-0.996199
0.0664533	-0.0564628	-0.996191
-0.0664533	0.0564628	-0.996191
-0.0663759	0.0563999	-0.996199
-0.19711	0.167485	-0.965969
-0.197333	0.167666	-0.965892
-0.322188	0.273751	-0.906231
-0.322003	0.273601	-0.906342
-0.437091	0.371389	-0.819159
-0.53865	0.457683	-0.707377
-0.538893	0.457877	-0.707067
-0.624477	0.530594	-0.573149
-0.624282	0.53044	-0.573503
-0.690671	0.58685	-0.422588
-0.690482	0.586706	-0.423098
-0.736054	0.625429	-0.258966
-0.736162	0.625506	-0.258473
-0.759146	0.645035	-0.0873294
-0.759154	0.645039	-0.0872367
-0.759148	0.645034	0.0873294
-0.759153	0.64504	0.0872367
-0.736061	0.62542	0.258966
-0.736155	0.625514	0.258473
-0.690663	0.58686	0.422588
-0.69049	0.586696	0.423098
-0.624471	0.530601	0.573149
-0.624288	0.530433	0.573503
-0.538657	0.457675	0.707377
-0.538887	0.457884	0.707067
-0.437091	0.371389	0.819159
-0.322185	0.273755	0.906231
-0.322007	0.273597	0.906342
-0.197096	0.167465	0.965976
-0.197311	0.167656	0.965899
-0.0664712	0.0564809	0.996188
-0.0663966	0.0564146	0.996197
-1.02967e-005	-1.22366e-005	-0
-3.07408e-005	-3.6113e-005	-0
-6.0548e-005	-7.11292e-005	-0
-0.647928	-0.761701	-0
-0.647153	-0.76236	-0
-0.64718	-0.762337	-0
-0.647591	-0.761988	-0
-0.647675	-0.761917	-0
-0.647453	-0.762106	-0
-0.647482	-0.762081	-0
-0.647553	-0.76202	-0
-0.647379	-0.762168	-0
-0.647231	-0.762294	-0
-0.647749	-0.761854	-0
-0.647978	-0.761659	-0
-0.646977	-0.762509	-0
-6.02541e-005	-7.11292e-005	-0
1.02967e-005	1.20874e-005	-0
3.07408e-005	3.6113e-005	-0
6.0548e-005	7.11292e-005	-0
0.646977	0.762509	-0
0.647978	0.761659	-0
0.647749	0.761854	-0
0.647013	0.762479	-0
0.647753	0.761851	-0
0.647379	0.762168	-0
0.647553	0.76202	-0
0.647482	0.762081	-0
0.647453	0.762106	-0
0.647675	0.761917	-0
0.647591	0.761988	-0
0.64718	0.762337	-0
0.647153	0.76236	-0
0.647928	0.761701	-0

#	Mesh	0	End

