#	Mesh	0	Begin

#	Vertex	19
81.6241	-96.2812	-3.71619
81.6081	-96.0827	-3.7152
81.608	-96.0818	-3.71519
81.608	-96.0818	-11.386
81.6241	-96.2812	-11.386
78.642	-96.322	-3.71519
78.642	-96.322	-11.386
78.9292	-96.2987	-9.186
80.0256	-96.21	-9.186
80.0256	-96.21	-11.286
78.9292	-96.2987	-11.286
78.6582	-96.5213	-3.71619
78.6582	-96.5213	-11.386
78.7579	-96.5133	-3.71619
81.4248	-96.2973	-3.71619
80.0417	-96.4093	-9.186
78.9453	-96.4981	-9.186
78.9453	-96.4981	-11.286
80.0417	-96.4093	-11.286

#	Triangle	26
2	4	3
2	1	4
1	0	4
5	10	6	5	7	10
10	3	6
10	9	3
9	2	3	8	2	9
5	8	7
5	2	8
5	12	11	6	12	5
0	18	4	0	15	18
18	12	4
18	17	12
17	11	12	16	11	17
0	16	15
0	14	16
14	13	16
13	11	16
4	6	3	12	6	4	15	7	8	16	7	15
13	5	11
13	2	5	0	1	14
14	2	13
1	2	14
17	9	10	18	9	17
16	10	7	17	10	16
18	8	9	15	8	18

#	Normal	26
0.996738	0.0807015	0
0.996175	0.0873846	-0.000174868
0.996741	0.0806715	-0
-0.0807132	0.996737	-0
-0.0807047	0.996738	-2.45423e-005
-0.080703	0.996738	2.19038e-005
-0.0807043	0.996738	-0
-0.080703	0.996738	5.39599e-007
-0.0807047	0.996738	1.01126e-007
-0.996738	-0.0807047	-0
0.0807043	-0.996738	-0
0.0807021	-0.996738	-3.60134e-005
0.0806959	-0.996739	4.99123e-005
0.0807132	-0.996737	-0
0.0806959	-0.996739	2.45512e-006
0.0807047	-0.996738	-1.86809e-006
0.080702	-0.996738	-6.56037e-007
0.0806984	-0.996739	-7.81165e-007
-0	-0	-1
0.000403495	-0.00498373	0.999987
0.000403525	-0.00498371	0.999987
0.000403496	-0.00498352	0.999988
0.000313118	-0.00490668	0.999988
-0	-0	1
0.996738	0.0807047	0
-0.996738	-0.0807015	0

#	Mesh	0	End

