#	Mesh	0	Begin

#	Vertex	9
81.8615	-101.691	-11.386
82.0609	-101.675	-3.74325
82.0609	-101.675	-11.386
81.6807	-96.9798	-3.7197
81.6241	-96.2812	-3.71619
81.6241	-96.2812	-11.386
81.4248	-96.2973	-3.71619
81.4248	-96.2973	-11.386
81.8615	-101.691	-3.74325

#	Triangle	9
8	2	1	0	2	8
4	2	5
4	3	2
3	1	2
4	7	6	5	7	4
6	0	8	7	0	6
0	5	2	7	5	0
1	6	8	3	4	6
1	3	6

#	Normal	9
0.0807047	-0.996738	-0
0.996738	0.0807026	0
0.996737	0.0807123	-6.89767e-006
0.996738	0.0807012	-0
-0.0807047	0.996738	-0
-0.996738	-0.0807026	-0
-0	0	-1
0.00040352	-0.00498364	0.999988
0.000403185	-0.00498368	0.999988

#	Mesh	0	End

