#	Mesh	0	Begin

#	Vertex	12
87.1879	-54.3135	-11.386
87.1717	-54.1142	-3.50829
87.1717	-54.1142	-11.386
87.1717	-54.1142	-3.337
78.964	-54.7787	-3.337
78.964	-54.7787	-11.386
78.9801	-54.9781	-3.50929
78.9801	-54.9781	-11.386
87.1879	-54.3135	-3.50929
78.964	-54.7787	-3.50829
84.2219	-54.353	-3.50829
84.4212	-54.3369	-3.50829

#	Triangle	10
8	2	1
0	2	8
2	4	3	5	4	2
9	7	6
5	7	9
6	0	8
7	0	6
0	5	2	7	5	0
6	10	9	8	11	10	8	1	11
8	10	6

#	Normal	10
0.996732	0.0807807	1.97696e-006
0.996738	0.0807031	-0
-0.0807024	0.996738	-0
-0.996732	-0.0807807	1.97721e-006
-0.996738	-0.0807031	0
0.0807026	-0.996738	-0
0.0807024	-0.996738	-1.60089e-007
-0	-0	-1
0.000403502	-0.0049836	0.999988
0.000403512	-0.00498368	0.999987

#	Mesh	0	End

