#	Mesh	0	Begin

#	Vertex	9
94.7081	-157.645	-11.5778
94.6677	-157.147	-4.02479
94.6677	-157.147	-11.5778
92.4648	-157.325	-4.02479
92.4648	-157.325	-11.5778
92.5052	-157.823	-4.02729
92.5052	-157.823	-11.5778
94.2097	-157.685	-4.02729
94.7081	-157.645	-4.02729

#	Triangle	10
8	2	1	0	2	8
1	4	3	2	4	1
3	6	5	4	6	3
8	6	0
8	7	6
7	5	6
0	4	2	6	4	0
7	3	5
7	1	3
8	1	7

#	Normal	10
0.996733	0.0807643	0
-0.080759	0.996734	-0
-0.996733	-0.0807643	-0
0.080759	-0.996734	-0
0.08075	-0.996734	2.64705e-006
0.0807617	-0.996733	-0
-0	-0	-1
0.000403512	-0.00498354	0.999988
0.000403469	-0.00498375	0.999987
0.000403251	-0.00498357	0.999988

#	Mesh	0	End

