#	Mesh	0	Begin

#	Vertex	15
94.8759	-165.907	-11.595
94.8759	-165.907	-3.829
95.3743	-165.867	-3.829
95.3743	-165.867	-11.595
94.7081	-157.645	-4.02729
94.7081	-157.645	-11.595
94.7081	-157.645	-3.829
94.2097	-157.685	-4.02729
94.2097	-157.685	-11.595
94.2097	-157.685	-3.829
95.3743	-165.867	-4.06854
94.8355	-165.409	-4.06604
94.8355	-165.409	-3.829
94.8759	-165.907	-4.06854
94.8759	-165.907	-3.829

#	Triangle	12
0	2	1	3	2	0
10	5	4	3	5	10
4	8	7	5	8	4
8	1	9	0	1	8
0	5	3	8	5	0
1	12	9
12	6	9
1	14	12
10	11	13
10	7	11
10	4	7
13	2	10	14	2	13

#	Normal	12
0.08075	-0.996734	-0
0.996733	0.080761	0
-0.08075	0.996734	-0
-0.996733	-0.080761	0
-0	0	-1
-0	-0	-3.24817e-006
-0	-0	1
-0	-0	1.26196e-006
0.00040344	-0.00498371	0.999987
0.000403522	-0.00498361	0.999988
0.000403258	-0.00498365	0.999988
-0.0806879	0.996739	-0

#	Mesh	0	End

