#	Mesh	0	Begin

#	Vertex	45
77.2593	-97.9715	-7.158
77.2444	-97.7882	-7.158
77.3544	-97.7793	-7.158
77.3532	-97.7643	-7.158
78.5493	-97.6675	-7.158
78.4537	-96.4864	-7.158
75.9515	-96.6889	-7.158
76.0632	-98.0683	-7.158
76.064	-98.0783	-7.158
77.2601	-97.9814	-7.158
78.4537	-96.4864	-7.173
78.5493	-97.6675	-7.173
77.3532	-97.7643	-7.173
77.3544	-97.7793	-7.173
77.2444	-97.7882	-7.173
77.2593	-97.9715	-7.173
77.2601	-97.9814	-7.173
76.064	-98.0783	-7.173
76.0632	-98.0683	-7.173
75.9515	-96.6889	-7.173
78.5495	-97.6707	-7.15988
78.5498	-97.674	-7.16175
78.5501	-97.6772	-7.16363
78.5503	-97.6804	-7.1655
78.5503	-97.6804	-7.16925
78.5503	-97.6804	-7.173
78.5503	-97.6804	-7.17675
78.5503	-97.6804	-7.1805
78.5501	-97.6772	-7.18238
78.5498	-97.674	-7.18425
78.5495	-97.6707	-7.18613
78.5493	-97.6675	-7.188
77.3543	-97.7782	-7.17035
77.3542	-97.7771	-7.1677
77.3541	-97.776	-7.16504
77.3541	-97.7749	-7.16239
77.3538	-97.7723	-7.16129
77.3536	-97.7696	-7.1602
77.3534	-97.767	-7.1591
77.3532	-97.7643	-7.188
77.3535	-97.7684	-7.18602
77.3537	-97.7702	-7.18518
77.3539	-97.7731	-7.18376
77.3541	-97.776	-7.18235
77.3543	-97.7777	-7.17768

#	Triangle	52
7	5	6	8	5	7	9	0	8	0	1	8	1	5	8	2	3	1	3	5	1	4	5	3
10	18	19	10	17	18	10	14	17	14	15	17	15	16	17	10	12	14	12	13	14	10	11	12
1	15	14
1	16	15
1	0	16
0	9	16
13	1	14	2	1	13
11	30	31	11	29	30	11	28	29	11	27	28	11	26	27	11	25	26
5	11	10
5	25	11
5	24	25	5	23	24
5	22	23
5	21	22
5	20	21
5	4	20
19	5	10	6	5	19	12	31	39	11	31	12
8	18	17
8	19	18
8	7	19
7	6	19
16	8	17	9	8	16
32	2	13	33	2	32	34	2	33	35	2	34	36	2	35	37	2	36	38	2	37	3	2	38
40	12	39
41	12	40
42	12	41	43	12	42
44	12	43	13	12	44
36	35	22
27	44	43
29	41	30
20	37	21
23	33	24
30	39	31
40	30	41
39	30	40
29	28	42
13	26	25
43	42	28
26	44	27
24	32	25
22	21	36
37	20	38
26	13	44
36	21	37
20	4	38
4	3	38
32	24	33
25	32	13
27	43	28
29	42	41
23	22	34
23	34	33
35	34	22

#	Normal	52
-0	-0	1
-0	-0	-1
0.996736	0.080728	0
0.996752	0.0804589	0.00330485
0.996736	0.080728	-0.000179757
0.996758	0.0804593	-0
0.0806961	-0.996739	-0
4.85156e-005	3.86719e-006	0
0.996738	0.0807024	0
0.996717	0.0806035	0.00764838
0.996738	0.0807014	-0
0.996737	0.0806886	0.00201661
0.996734	0.0807098	-0.00250963
0.996737	0.0806957	0.00200432
0.996736	0.0807022	-0.00216012
-0.0807028	0.996738	-0
-0.996758	-0.0804593	-0
-0.996738	-0.0807064	-0.00016531
-0.996497	-0.0804383	0.0228681
-0.996738	-0.0807064	0
0.0807031	-0.996738	-0
1.64062e-005	1.40625e-006	-0
-6.14062e-005	-4.92187e-006	0
-2.62391e-005	-2.1078e-006	1.46484e-009
-4.38267e-005	-3.51551e-006	4.15224e-017
-6.99313e-005	-5.6632e-006	8.72803e-009
0.0321358	-0.381743	0.92371
0.0756851	-0.940734	-0.330591
0.0407788	-0.498605	-0.86587
0.0409951	-0.498587	0.86587
0.0805468	-0.996751	-0
0.0403792	-0.49871	-0.865828
0.0351895	-0.431734	-0.901314
0.03528	-0.432842	-0.900779
0.0409132	-0.497766	-0.866346
0.0823698	-0.996602	-0
0.0357078	-0.432336	-0.901006
0.0810157	-0.996713	-0
0.0814581	-0.996677	-0
0.0412422	-0.49774	0.866345
0.0313231	-0.381808	0.923711
0.0767526	-0.941128	-0.329221
0.0316354	-0.380596	0.9242
0.0406904	-0.498685	0.865827
0.0309048	-0.381696	0.923771
0.0749199	-0.920975	0.382352
0.0761067	-0.920823	0.382481
0.0411816	-0.498571	-0.86587
0.0354829	-0.432431	-0.900969
0.0401663	-0.498655	0.86587
0.0737245	-0.921019	0.382478
0.0756239	-0.920917	0.382351

#	Mesh	0	End

