#	Mesh	0	Begin

#	Vertex	358
96.8003	-35.0647	0.66712
96.8002	-35.0642	0.662
96.8003	-35.0647	0.656881
96.8004	-35.0663	0.651981
96.8006	-35.0688	0.647508
96.8006	-35.0688	0.662
96.8006	-35.0688	0.676493
96.8004	-35.0663	0.67202
96.8038	-35.1089	0.662
96.8038	-35.1089	0.647508
96.804	-35.1115	0.651981
96.8042	-35.113	0.656881
96.8042	-35.1136	0.662
96.8042	-35.113	0.66712
96.804	-35.1115	0.67202
96.8038	-35.1089	0.676493
96.8152	-35.0736	0.696057
96.8167	-35.0749	0.683248
96.8134	-35.0722	0.681128
96.8187	-35.0774	0.696057
96.8194	-35.0784	0.68507
96.7972	-35.0694	0.665379
96.8058	-35.0691	0.696057
96.8096	-35.0702	0.678991
96.8053	-35.069	0.677232
96.8108	-35.0707	0.696057
96.8006	-35.0688	0.696057
96.8222	-35.0872	0.68678
96.8213	-35.0826	0.686327
96.8222	-35.0872	0.696057
96.8213	-35.0826	0.637674
96.8222	-35.0872	0.63722
96.8222	-35.0872	0.627943
96.8211	-35.0821	0.696057
96.8006	-35.0688	0.627943
96.8053	-35.069	0.646768
96.794	-35.0705	0.668709
96.7909	-35.0723	0.671932
96.7908	-35.0723	0.696057
96.7955	-35.0699	0.696057
96.788	-35.0746	0.674972
96.7855	-35.0776	0.677712
96.7869	-35.0759	0.696057
96.7836	-35.0814	0.679982
96.7824	-35.0857	0.681537
96.7824	-35.0853	0.696057
96.784	-35.0803	0.696057
96.7955	-35.0699	0.627943
96.7822	-35.0905	0.696057
96.7822	-35.0905	0.6821
96.7876	-35.1026	0.677712
96.7905	-35.1052	0.674972
96.7892	-35.1042	0.696057
96.785	-35.0993	0.679982
96.7857	-35.1003	0.696057
96.7986	-35.1086	0.696057
96.8004	-35.1089	0.665379
96.7937	-35.1071	0.671932
96.797	-35.1083	0.668709
96.7936	-35.107	0.696057
96.7831	-35.0952	0.681537
96.7833	-35.0956	0.696057
96.8038	-35.1089	0.696057
96.8085	-35.108	0.677232
96.8038	-35.1089	0.627943
96.8085	-35.108	0.646768
96.8125	-35.1061	0.678991
96.809	-35.1078	0.696057
96.8136	-35.1054	0.696057
96.8159	-35.1036	0.681128
96.8208	-35.0964	0.68507
96.8221	-35.092	0.686327
96.822	-35.0925	0.696057
96.8175	-35.1019	0.696057
96.8187	-35.1003	0.683248
96.8204	-35.0975	0.696057
96.8221	-35.092	0.637674
96.7986	-35.1086	0.627943
96.7704	-35.0914	0.6419
96.77	-35.0863	0.642585
96.7822	-35.0905	0.6419
96.7825	-35.0851	0.642629
96.7866	-35.0763	0.647415
96.7696	-35.0814	0.644593
96.7693	-35.0773	0.647787
96.769	-35.0741	0.65195
96.7896	-35.0732	0.650735
96.7931	-35.071	0.654354
96.7689	-35.0721	0.656798
96.7841	-35.0802	0.644604
96.7688	-35.0714	0.662
96.7968	-35.0695	0.658141
96.7689	-35.0721	0.667202
96.769	-35.0741	0.67205
96.7696	-35.0814	0.679407
96.77	-35.0863	0.681415
96.7693	-35.0773	0.676213
96.7704	-35.0914	0.6821
96.7708	-35.0966	0.681415
96.7712	-35.1015	0.679407
96.7716	-35.1056	0.676213
96.7718	-35.1088	0.67205
96.772	-35.1108	0.667202
96.772	-35.1115	0.662
96.8	-35.1088	0.658141
96.772	-35.1108	0.656798
96.7718	-35.1088	0.65195
96.7961	-35.108	0.654354
96.7712	-35.1015	0.644593
96.7708	-35.0966	0.642585
96.7833	-35.0958	0.642629
96.7888	-35.1038	0.647415
96.7716	-35.1056	0.647787
96.7923	-35.1064	0.650735
96.7857	-35.1003	0.644604
96.7717	-35.1073	0.67791
96.772	-35.1109	0.67325
96.7713	-35.1027	0.681486
96.7709	-35.0973	0.683734
96.7704	-35.0914	0.6845
96.77	-35.0856	0.683734
96.7695	-35.0802	0.681486
96.7691	-35.0756	0.67791
96.7689	-35.072	0.67325
96.7687	-35.0698	0.667824
96.7686	-35.069	0.662
96.7687	-35.0698	0.656177
96.7689	-35.072	0.65075
96.7691	-35.0756	0.64609
96.7695	-35.0802	0.642515
96.77	-35.0856	0.640267
96.7704	-35.0914	0.6395
96.7709	-35.0973	0.640267
96.7713	-35.1027	0.642515
96.7717	-35.1073	0.64609
96.772	-35.1109	0.65075
96.7722	-35.1131	0.656177
96.7722	-35.1139	0.662
96.7722	-35.1131	0.667824
96.7646	-35.1145	0.662
96.7645	-35.1137	0.667824
96.7643	-35.1115	0.67325
96.764	-35.1079	0.67791
96.7637	-35.1033	0.681486
96.7632	-35.0979	0.683734
96.7627	-35.0921	0.6845
96.7623	-35.0863	0.683734
96.7618	-35.0809	0.681486
96.7615	-35.0762	0.67791
96.7612	-35.0726	0.67325
96.761	-35.0704	0.667824
96.7609	-35.0696	0.662
96.761	-35.0704	0.656177
96.7612	-35.0726	0.65075
96.7615	-35.0762	0.64609
96.7618	-35.0809	0.642515
96.7623	-35.0863	0.640267
96.7627	-35.0921	0.6395
96.7632	-35.0979	0.640267
96.7637	-35.1033	0.642515
96.764	-35.1079	0.64609
96.7643	-35.1115	0.65075
96.7645	-35.1137	0.656177
96.833	-35.0864	0.68678
96.8325	-35.08	0.685936
96.832	-35.074	0.68346
96.8316	-35.0689	0.679522
96.8313	-35.065	0.67439
96.8311	-35.0625	0.668414
96.831	-35.0617	0.662
96.8311	-35.0625	0.655587
96.8313	-35.065	0.64961
96.8316	-35.0689	0.644478
96.8096	-35.0702	0.645009
96.8325	-35.08	0.638065
96.833	-35.0864	0.63722
96.832	-35.074	0.64054
96.8134	-35.0722	0.642872
96.8194	-35.0784	0.63893
96.8167	-35.0749	0.640752
96.834	-35.0987	0.64054
96.8208	-35.0964	0.63893
96.8335	-35.0928	0.638065
96.8125	-35.1061	0.645009
96.8344	-35.1038	0.644478
96.8347	-35.1078	0.64961
96.8349	-35.1102	0.655587
96.8159	-35.1036	0.642872
96.835	-35.1111	0.662
96.8187	-35.1003	0.640752
96.8344	-35.1038	0.679522
96.8347	-35.1078	0.67439
96.8349	-35.1102	0.668414
96.834	-35.0987	0.68346
96.8335	-35.0928	0.685936
96.8346	-35.1057	0.642661
96.8349	-35.11	0.648325
96.8341	-35.1	0.638314
96.8336	-35.0934	0.635582
96.833	-35.0864	0.63465
96.8324	-35.0793	0.635582
96.8319	-35.0727	0.638314
96.8314	-35.0671	0.642661
96.8311	-35.0628	0.648325
96.8309	-35.06	0.654922
96.8308	-35.0591	0.662
96.8309	-35.06	0.669079
96.8311	-35.0628	0.675675
96.8314	-35.0671	0.68134
96.8319	-35.0727	0.685686
96.8324	-35.0793	0.688418
96.833	-35.0864	0.68935
96.8336	-35.0934	0.688418
96.8341	-35.1	0.685686
96.8346	-35.1057	0.68134
96.8349	-35.11	0.675675
96.8351	-35.1127	0.669079
96.8352	-35.1136	0.662
96.8351	-35.1127	0.654922
96.8439	-35.1129	0.662
96.8438	-35.112	0.654922
96.8436	-35.1093	0.648325
96.8432	-35.105	0.642661
96.8428	-35.0993	0.638314
96.8422	-35.0927	0.635582
96.8417	-35.0857	0.63465
96.8411	-35.0786	0.635582
96.8406	-35.072	0.638314
96.8401	-35.0664	0.642661
96.8397	-35.0621	0.648325
96.8395	-35.0593	0.654922
96.8395	-35.0584	0.662
96.8395	-35.0593	0.669079
96.8397	-35.0621	0.675675
96.8401	-35.0664	0.68134
96.8406	-35.072	0.685686
96.8411	-35.0786	0.688418
96.8417	-35.0857	0.68935
96.8422	-35.0927	0.688418
96.8428	-35.0993	0.685686
96.8432	-35.105	0.68134
96.8436	-35.1093	0.675675
96.8438	-35.112	0.669079
96.7833	-35.0956	0.627943
96.7857	-35.1003	0.627943
96.7822	-35.0905	0.627943
96.7936	-35.107	0.627943
96.7892	-35.1042	0.627943
96.8136	-35.1054	0.627943
96.809	-35.1078	0.627943
96.8175	-35.1019	0.627943
96.822	-35.0925	0.627943
96.8204	-35.0975	0.627943
96.8211	-35.0821	0.627943
96.8187	-35.0774	0.627943
96.8108	-35.0707	0.627943
96.8058	-35.0691	0.627943
96.8152	-35.0736	0.627943
96.7908	-35.0723	0.627943
96.7869	-35.0759	0.627943
96.7824	-35.0853	0.627943
96.784	-35.0803	0.627943
96.815	-35.1074	0.620243
96.8098	-35.1101	0.620243
96.804	-35.1113	0.620243
96.7982	-35.111	0.620243
96.7926	-35.1092	0.620243
96.7876	-35.106	0.620243
96.7837	-35.1017	0.620243
96.781	-35.0964	0.620243
96.7798	-35.0907	0.620243
96.7801	-35.0848	0.620243
96.7819	-35.0792	0.620243
96.7851	-35.0743	0.620243
96.7894	-35.0704	0.620243
96.7946	-35.0677	0.620243
96.8004	-35.0664	0.620243
96.8063	-35.0667	0.620243
96.8118	-35.0685	0.620243
96.8168	-35.0717	0.620243
96.8207	-35.0761	0.620243
96.8234	-35.0813	0.620243
96.8246	-35.0871	0.620243
96.8243	-35.0929	0.620243
96.8225	-35.0985	0.620243
96.8194	-35.1034	0.620243
96.815	-35.1074	0.627943
96.8194	-35.1034	0.627943
96.8098	-35.1101	0.627943
96.8225	-35.0985	0.627943
96.8243	-35.0929	0.627943
96.8246	-35.0871	0.627943
96.8234	-35.0813	0.627943
96.8207	-35.0761	0.627943
96.8168	-35.0717	0.627943
96.8118	-35.0685	0.627943
96.8063	-35.0667	0.627943
96.8004	-35.0664	0.627943
96.7946	-35.0677	0.627943
96.7894	-35.0704	0.627943
96.7851	-35.0743	0.627943
96.7819	-35.0792	0.627943
96.7801	-35.0848	0.627943
96.7798	-35.0907	0.627943
96.781	-35.0964	0.627943
96.7837	-35.1017	0.627943
96.7876	-35.106	0.627943
96.7926	-35.1092	0.627943
96.7982	-35.111	0.627943
96.804	-35.1113	0.627943
96.7801	-35.0848	0.703757
96.7801	-35.0848	0.696057
96.7798	-35.0907	0.696057
96.7798	-35.0907	0.703757
96.7819	-35.0792	0.703757
96.7819	-35.0792	0.696057
96.7851	-35.0743	0.696057
96.7851	-35.0743	0.703757
96.7894	-35.0704	0.703757
96.7894	-35.0704	0.696057
96.7946	-35.0677	0.703757
96.7946	-35.0677	0.696057
96.8004	-35.0664	0.703757
96.8004	-35.0664	0.696057
96.8118	-35.0685	0.703757
96.8118	-35.0685	0.696057
96.8063	-35.0667	0.696057
96.8063	-35.0667	0.703757
96.8168	-35.0717	0.703757
96.8168	-35.0717	0.696057
96.8207	-35.0761	0.696057
96.8207	-35.0761	0.703757
96.8234	-35.0813	0.703757
96.8234	-35.0813	0.696057
96.8246	-35.0871	0.703757
96.8246	-35.0871	0.696057
96.8243	-35.0929	0.703757
96.8243	-35.0929	0.696057
96.8225	-35.0985	0.703757
96.8225	-35.0985	0.696057
96.8194	-35.1034	0.696057
96.8194	-35.1034	0.703757
96.815	-35.1074	0.703757
96.815	-35.1074	0.696057
96.8098	-35.1101	0.703757
96.8098	-35.1101	0.696057
96.804	-35.1113	0.703757
96.804	-35.1113	0.696057
96.7926	-35.1092	0.703757
96.7926	-35.1092	0.696057
96.7982	-35.111	0.696057
96.7982	-35.111	0.703757
96.7876	-35.106	0.703757
96.7876	-35.106	0.696057
96.7837	-35.1017	0.696057
96.7837	-35.1017	0.703757
96.781	-35.0964	0.703757
96.781	-35.0964	0.696057

#	Triangle	323
7	5	6	7	4	5	15	8	14	8	9	14
7	3	4	14	9	10
0	3	7	14	10	13
0	2	3	13	10	11	196	186	185	185	184	195	184	180	197	180	182	197	198	182	175	174	199	175	174	176	200	176	172	201	171	202	172	171	170	203	170	169	204	169	168	205	168	167	206	207	167	166	208	166	165	210	165	164	211	164	163	212	163	194	213	194	193	193	190	214	190	191	215	216	191	192	217	192	188	218	188	186
1	2	0	13	11	12
18	16	17	177	179	257
17	19	20	179	178	254
21	6	5
24	22	23	256	35	173
18	23	25	255	173	177
24	26	22	34	35	256
29	27	28	32	30	31
28	33	29	30	32	253
28	20	33	253	178	30
33	20	19
16	19	17
25	16	18
25	23	22
26	24	6	35	34	4
38	36	37
39	21	36
42	40	41
45	43	44
46	41	43
38	37	40
38	39	36
40	42	38
39	26	6	34	47	4
46	43	45
41	46	42
48	45	44
49	48	44
21	39	6
52	50	51
54	53	50
15	55	56
59	57	58
58	56	55
59	51	57
48	49	60
60	61	48
60	53	61
61	53	54
52	54	50
59	52	51
59	58	55
15	56	8
63	62	15	65	9	64
63	66	67	65	249	183
69	68	66	187	183	248
72	70	71	251	76	181
74	73	69	189	187	250
70	75	74	189	252	181
68	67	66
69	73	68
63	67	62	249	65	64
75	70	72
74	75	73
29	72	71	32	76	251
27	29	71	32	31	76
55	15	62	9	77	64
80	78	79
79	81	80
84	82	83
86	84	85
83	81	79
88	87	85
83	89	81
83	82	89
85	87	86
91	90	5
91	87	88
86	82	84
90	91	88
92	21	90
92	93	36
43	94	95
94	41	96
96	40	93
97	44	95
93	40	37
92	36	21
93	37	36
97	49	44
94	43	41
95	44	43
41	40	96
5	90	21
60	49	97
97	98	60
100	50	99
51	100	101
98	99	53
102	58	101
98	53	60
99	50	53
101	57	51
102	56	58
58	57	101
51	50	100
56	102	103
105	104	103
105	106	107
110	108	109
108	111	112
112	113	106
78	80	109
106	113	107
103	104	8
105	107	104
109	80	110
108	114	111
108	110	114
111	113	112
56	103	8
116	101	115	117	115	100	98	118	117	97	119	118	95	120	119	94	121	120	121	96	122	122	93	123	124	123	92	90	125	124	88	126	125	127	126	85	84	128	127	129	128	83	130	129	83	79	131	130	132	131	78	109	133	132	108	134	133	134	112	135	106	136	135	137	136	105	138	137	103	102	116	138
101	100	115	116	102	101	99	117	100	98	117	99	98	97	118	95	119	97	94	120	95	96	121	94	122	96	93	93	92	123	92	90	124	90	88	125	88	85	126	127	85	84	83	128	84	79	130	83	78	131	79	132	78	109	108	133	109	108	112	134	112	106	135	136	106	105	137	105	103	138	103	102
140	162	139	151	152	150
141	162	140	150	152	153
141	161	162	150	153	149
142	161	141	149	153	154
142	160	161
143	160	142	143	159	160	148	155	147	148	154	155
144	159	143	144	158	159
145	158	144	145	157	158	146	157	145	146	156	157
147	156	146	147	155	156
149	154	148
157	130	131	156	130	157
156	129	130	155	129	156
127	154	153	128	154	127
129	154	128	155	154	129
126	153	152	127	153	126
125	152	151	126	152	125
150	123	124	149	123	150
149	122	123	148	122	149
120	147	146	121	147	120
122	147	121	148	147	122
119	146	145	120	146	119
150	125	151	124	125	150
145	118	119	144	118	145
144	117	118	143	117	144
116	142	141	115	142	116
117	142	115	143	142	117
138	141	140	116	141	138
137	140	139	138	140	137
162	135	136	161	135	162
161	134	135	160	134	161
132	159	158	133	159	132
134	159	133	160	159	134
131	158	157	132	158	131
162	137	139	136	137	162
28	163	164
163	28	27
20	28	164
18	165	166
23	166	167
20	164	165
168	7	167
165	17	20
23	18	166
17	165	18
7	24	167
7	168	0
6	24	7
24	23	167
169	1	0
169	0	168
171	3	170
169	170	2
171	172	173
175	30	174
177	172	176
176	174	178
30	175	31
3	171	35
170	3	2
35	4	3
174	30	178
35	171	173
177	173	172
176	178	179
177	176	179
1	169	2
76	31	175
182	180	181
76	175	182
185	183	184
186	10	185
187	180	184
188	11	186
182	181	76
187	189	180
189	181	180
65	183	185
9	65	10
65	185	10
183	187	184
11	10	186
11	188	12
191	190	66
192	191	14
193	69	190
71	194	163
163	27	71
70	193	194
71	70	194
14	13	192
14	63	15
13	12	188
193	70	74
191	63	14
191	66	63
69	66	190
69	193	74
192	13	188
196	185	195	197	195	184	198	197	182	175	199	198	199	174	200	201	200	176	172	202	201	202	171	203	204	203	170	169	205	204	168	206	205	207	206	167	166	208	207	209	208	165	165	210	209	211	210	164	212	211	163	194	213	212	193	214	213	214	190	215	191	216	215	217	216	192	218	217	188	186	196	218
220	242	219	231	232	230
221	242	220	230	232	233
221	241	242	230	233	229
222	241	221	222	240	241	229	234	228	229	233	234
223	240	222	223	239	240
224	239	223	224	238	239
225	238	224	225	237	238	226	237	225	226	236	237
227	236	226	227	235	236
228	235	227	228	234	235
237	210	211	236	210	237
236	209	210	235	209	236
207	234	233	208	234	207
209	234	208	235	234	209
206	233	232	207	233	206
205	232	231	206	232	205
230	203	204	229	203	230
229	202	203	228	202	229
200	227	226	201	227	200
202	227	201	228	227	202
199	226	225	200	226	199
230	205	231	204	205	230
225	198	199	224	198	225
224	197	198	223	197	224
196	222	221	195	222	196
197	222	195	223	222	197
218	221	220	196	221	218
217	220	219	218	220	217
242	215	216	241	215	242
241	214	215	240	214	241
212	239	238	213	239	212
214	239	213	240	239	214
211	238	237	212	238	211
242	217	219	216	217	242
244	110	243
80	245	243
107	246	77
246	113	247
247	111	244
77	9	104
243	110	80
244	114	110
247	113	111
77	104	107
107	113	246
111	114	244
249	248	183
248	250	187
189	250	252
252	251	181
104	9	8
254	178	253
173	255	256
255	177	257
257	179	254
47	258	87
258	259	86
80	260	245
82	259	261
261	260	81
80	81	260
4	47	91
91	47	87
4	91	5
89	82	261
86	87	258
82	86	259
89	261	81
265	263	264	276	277	275
266	263	265	275	277	278
266	262	263	275	278	274
267	262	266	274	278	279
267	285	262	268	285	267	268	284	285	269	284	268	269	283	284	270	283	269	270	282	283	271	282	270	271	281	282	272	281	271	272	280	281	273	280	272	273	279	280	274	279	273
248	286	287	286	249	288	287	289	250	290	251	289	291	32	290	292	253	291	293	254	292	257	293	294	255	294	295	295	296	256	297	34	296	298	47	297	298	299	258	300	259	299	300	301	261	301	302	261	303	260	302	303	304	245	305	243	304	306	244	305	247	306	307	308	246	307	308	309	77	309	288	64
249	286	248	289	252	250	289	251	252	32	251	290	291	253	32	292	254	253	293	257	254	257	294	255	256	255	295	34	256	296	258	47	298	258	299	259	300	261	259	303	245	260	245	304	243	305	244	243	247	244	306	246	247	307	246	308	77	64	288	249
250	248	287	47	34	297	302	260	261	77	309	64
303	271	270	302	271	303	313	311	312	310	311	313
302	272	271	301	272	302	310	315	311	314	315	310
274	300	299	273	300	274	319	317	318	316	317	319
272	300	273	301	300	272	315	317	316	314	317	315
275	299	298	274	299	275	321	318	320	319	318	321
276	298	297	275	298	276	323	320	322	321	320	323
296	278	277	295	278	296	327	325	326	324	325	327
295	279	278	294	279	295	324	329	325	328	329	324
281	293	292	280	293	281	333	331	332	330	331	333
279	293	280	294	293	279	329	331	330	328	331	329
282	292	291	281	292	282	335	332	334	333	332	335
296	276	297	277	276	296	327	323	322	326	323	327
291	283	282	290	283	291	334	337	335	336	337	334
290	284	283	289	284	290	336	339	337	338	339	336
262	287	286	285	287	262	343	341	342	340	341	343
284	287	285	289	287	284	339	341	340	338	341	339
263	286	288	262	286	263	345	342	344	343	342	345
264	288	309	263	288	264	347	344	346	345	344	347
308	266	265	307	266	308	351	349	350	348	349	351
307	267	266	306	267	307	348	353	349	352	353	348
269	305	304	268	305	269	357	355	356	354	355	357
267	305	268	306	305	267	353	355	354	352	355	353
270	304	303	269	304	270	312	356	313	357	356	312
308	264	309	265	264	308	351	347	346	350	347	351
343	68	340	339	340	73	72	337	339	29	335	337	33	333	335	19	330	333	330	16	329	329	25	325	326	325	22	26	323	326	39	321	323	319	321	38	42	316	319	315	316	46	311	315	46	45	312	311	357	312	48	61	354	357	54	353	354	353	52	349	59	350	349	347	350	55	345	347	62	67	343	345
68	73	340	26	39	323	45	311	46	347	55	62
343	67	68	75	339	73	72	339	75	72	29	337	33	335	29	19	333	33	16	330	19	329	16	25	25	22	325	22	26	326	39	38	321	319	38	42	46	316	42	48	312	45	357	48	61	54	354	61	54	52	353	52	59	349	350	59	55	345	62	67
344	351	346	322	320	327
342	351	344	327	320	318
342	348	351	327	318	324
341	348	342	324	318	317
341	352	348	338	352	341	338	355	352	336	355	338	336	356	355	334	356	336	334	313	356	332	313	334	332	310	313	331	310	332	331	314	310	328	314	331	328	317	314	324	317	328

#	Normal	323
-3.7081e-005	-3.05706e-006	-0
-5.12712e-005	-4.22694e-006	-0
-3.15455e-005	-2.50485e-006	-0
-1.61197e-005	-1.27998e-006	-0
-5.4399e-006	-4.79991e-007	-0
3.80401e-005	4.51771e-005	-4.97864e-007
4.01558e-005	3.08384e-005	-4.01917e-007
-8.03894e-006	4.85733e-005	-0
2.18293e-005	7.98218e-005	-2.26013e-007
3.27301e-005	6.20265e-005	-4.36523e-007
4.92692e-006	9.85385e-005	3.33282e-007
4.31962e-005	8.7697e-006	-0
4.9906e-005	1.07186e-005	2.80731e-007
4.13399e-005	1.89729e-005	-2.57782e-007
5.1331e-005	2.63522e-005	6.24542e-007
4.98344e-005	4.50311e-005	8.41187e-007
4.25132e-005	6.57818e-005	8.7204e-007
2.74656e-005	8.53299e-005	6.69678e-007
3.36262e-006	9.21663e-005	0
-4.14955e-005	7.42586e-005	3.89099e-008
-3.29321e-005	9.35345e-005	-2.44751e-007
-6.05216e-005	4.9731e-005	-3.75824e-007
-6.41719e-005	1.76033e-005	-2.12158e-007
-6.24318e-005	3.28906e-005	-3.66302e-007
-5.66822e-005	6.86259e-005	-5.31006e-008
-0.456114	0.889906	0.00529915
-0.670838	0.74157	0.00701233
-0.209834	0.977737	-0
-8.02495e-005	2.58707e-005	6.65405e-007
-8.08331e-005	5.21689e-005	8.90991e-007
-7.61179e-005	3.85695e-006	3.20801e-007
-6.63504e-005	2.5079e-006	-0
-0.185091	0.982698	0.00677081
-5.16887e-005	-5.87929e-005	-3.69415e-007
-5.63164e-005	-4.24308e-005	-3.92029e-007
-0.0251772	-0.999661	0.00662669
-2.89306e-005	-7.98876e-005	4.41284e-008
-1.7383e-005	-9.78543e-005	-2.51709e-007
-4.49618e-005	-7.6895e-005	-4.62036e-008
-6.50965e-005	-1.31938e-005	-0
-7.44731e-005	-1.5995e-005	2.89337e-007
-6.05054e-005	-2.76953e-005	-2.35535e-007
-7.51004e-005	-3.84293e-005	6.28601e-007
-7.13739e-005	-6.46378e-005	8.8858e-007
-0.542775	-0.839849	0.00704294
-0.306824	-0.951751	0.005304
-1.69837e-007	-4.91394e-005	-0
1.81887e-005	-9.0485e-005	-0
3.43332e-005	-7.52901e-005	-2.38739e-007
4.23124e-005	-5.59938e-005	-4.05396e-007
4.38351e-005	-1.21189e-005	-2.25861e-007
4.47917e-005	-3.84924e-005	-4.60968e-007
4.46042e-005	-2.393e-005	-4.0033e-007
4.0865e-005	-7.95968e-005	6.94885e-007
5.25438e-005	-5.80839e-005	9.10583e-007
2.07372e-005	-9.66265e-005	3.22815e-007
5.48504e-005	-1.76826e-005	6.22559e-007
5.64389e-005	-3.65252e-005	8.80127e-007
5.10083e-005	-2.58462e-006	3.19763e-007
4.40659e-005	-1.66697e-006	-0
-0.0498634	-0.998756	-0
-6.52772e-007	8.04729e-006	-6.13552e-005
-6.15215e-007	9.0728e-006	-6.70282e-005
-4.78997e-006	5.50759e-005	-7.20314e-005
-0.0706271	0.790236	-0.608719
-2.1393e-006	2.50388e-005	-6.06694e-005
-0.0817406	0.920347	-0.382465
-2.29352e-006	2.85018e-005	-6.81333e-005
-3.2965e-006	4.05818e-005	-5.44739e-005
-5.99151e-006	7.88193e-005	-4.28566e-005
-0.0803396	0.992115	-0.0961948
-0.0740244	0.954079	-0.290264
-4.51721e-006	5.85177e-005	-5.00001e-005
-0.0848077	0.987789	-0.130691
-0.0856698	0.987715	0.130689
-0.0804058	0.920464	0.382468
-2.8877e-006	2.77776e-005	6.74055e-005
-5.04596e-006	5.14283e-005	6.73212e-005
-7.13895e-006	7.84383e-005	6.0429e-005
-9.86838e-007	8.40796e-006	6.42929e-005
-5.31434e-006	6.61783e-005	4.6369e-005
-6.9353e-006	8.86018e-005	2.33884e-005
-5.72737e-006	7.01815e-005	3.21755e-005
-5.36831e-007	6.61798e-006	5.56871e-005
-2.26651e-006	3.27933e-005	5.186e-005
-1.33898e-006	1.93499e-005	5.33165e-005
-3.53794e-006	4.83086e-005	5.02023e-005
-0.0804335	0.993274	0.0832887
5.36831e-007	-6.61798e-006	5.57037e-005
3.78038e-007	-8.45709e-006	6.42418e-005
3.2891e-006	-5.15621e-005	6.73101e-005
5.57723e-006	-7.85464e-005	6.04149e-005
1.6146e-006	-2.78816e-005	6.74082e-005
0.0688835	-0.921136	0.383097
1.78878e-006	-1.93121e-005	5.33163e-005
3.03453e-006	-3.2731e-005	5.18414e-005
5.39736e-006	-6.61615e-005	4.64147e-005
7.43079e-006	-8.85392e-005	2.33528e-005
5.63282e-006	-7.01791e-005	3.20909e-005
4.27976e-006	-4.82387e-005	5.0148e-005
0.074591	-0.988709	0.129961
0.0752996	-0.988655	-0.129963
0.0674826	-0.921241	-0.383094
1.91591e-006	-2.50513e-005	-6.0656e-005
4.13154e-006	-5.51016e-005	-7.19956e-005
0.0574104	-0.791306	-0.608719
6.52772e-007	-8.04729e-006	-6.13093e-005
6.76654e-006	-7.87467e-005	-4.28199e-005
0.0803627	-0.992157	-0.0957436
0.080558	-0.953392	-0.290781
8.52092e-007	-9.05152e-006	-6.70107e-005
3.27641e-006	-4.05755e-005	-5.44712e-005
2.32254e-006	-2.84939e-005	-6.81087e-005
4.95436e-006	-5.8456e-005	-4.99898e-005
0.080447	-0.993197	0.0841844
1.39452e-005	1.102e-006	-1.7395e-009
1.24437e-005	1.02291e-006	-1.16272e-008
-8.91717e-006	-7.27932e-007	-0
-2.60691e-005	-2.0928e-006	-0
-5.03613e-005	-4.04297e-006	-0
-8.02441e-005	-6.50391e-006	-0
-0.996731	-0.0807866	-0
-0.996756	-0.0804782	-0
-0.996742	-0.0806612	-0
-0.996755	-0.0804917	-0
-0.99663	-0.0820331	-0
-0.996724	-0.0808746	-0
-4.76207e-007	5.88221e-006	-4.4824e-005
-1.39606e-006	1.72444e-005	-4.17778e-005
-2.8942e-006	3.57862e-005	-2.75384e-005
-2.22083e-006	2.74601e-005	-3.59015e-005
-3.37041e-006	4.1632e-005	-1.73134e-005
-3.63964e-006	4.47221e-005	-5.88882e-006
-3.37037e-006	4.16315e-005	1.73182e-005
-2.89424e-006	3.57867e-005	2.75384e-005
-1.39606e-006	1.72444e-005	4.17826e-005
-2.22083e-006	2.74601e-005	3.59015e-005
-4.76169e-007	5.88174e-006	4.4824e-005
-3.63968e-006	4.47226e-005	5.88882e-006
4.76169e-007	-5.88174e-006	4.4824e-005
1.39606e-006	-1.72444e-005	4.17478e-005
2.89424e-006	-3.57503e-005	2.75406e-005
2.22083e-006	-2.74601e-005	3.59063e-005
3.37037e-006	-4.16739e-005	1.73009e-005
3.61693e-006	-4.47226e-005	5.91858e-006
3.37041e-006	-4.16744e-005	-1.73058e-005
2.8942e-006	-3.57498e-005	-2.75357e-005
1.39606e-006	-1.72444e-005	-4.17478e-005
2.22083e-006	-2.74322e-005	-3.587e-005
4.76207e-007	-5.88221e-006	-4.4824e-005
3.61689e-006	-4.47221e-005	-5.91858e-006
2.99114e-007	9.64132e-006	7.27886e-005
-3.94874e-007	4.87306e-006	5.08781e-005
-1.63727e-006	1.48063e-005	5.18427e-005
-0.03847	0.607467	0.793413
-0.0602237	0.791009	0.608833
-1.24151e-006	3.20332e-005	7.73267e-005
-0.0679546	0.921327	0.382803
-2.34188e-006	2.73488e-005	5.59644e-005
-3.7582e-006	4.49802e-005	4.84363e-005
-2.44553e-006	3.18042e-005	4.49832e-005
-0.0754144	0.852246	0.517677
-0.0802065	0.948396	0.306777
-1.12218e-006	2.09165e-005	1.20171e-005
-3.75921e-006	5.78611e-005	4.75783e-005
-0.0803701	0.991367	0.103599
-0.0756519	0.988586	0.130283
-0.0679599	0.921327	-0.382803
-0.075655	0.988586	-0.130284
-0.0602237	0.791009	-0.608833
2.99114e-007	9.64132e-006	-7.27886e-005
-0.03847	0.607467	-0.793413
-1.24151e-006	3.20332e-005	-7.73267e-005
-3.94874e-007	4.87306e-006	-5.08781e-005
-0.0754201	0.852263	-0.517648
-0.0802134	0.948401	-0.30676
-1.12211e-006	2.09185e-005	-1.20171e-005
-1.63727e-006	1.48063e-005	-5.18427e-005
-3.75921e-006	5.78611e-005	-4.75783e-005
-3.7582e-006	4.49802e-005	-4.84363e-005
-2.34188e-006	2.73488e-005	-5.59644e-005
-2.44553e-006	3.18042e-005	-4.49832e-005
-0.0803716	0.991366	-0.103605
3.94874e-007	-4.87306e-006	-5.0906e-005
3.92567e-006	-3.18083e-005	-7.72604e-005
1.84754e-006	-9.46233e-006	-7.27886e-005
0.0679707	-0.790379	-0.608835
0.0812417	-0.920255	-0.382794
0.059834	-0.605737	-0.793412
0.0844735	-0.987871	-0.130287
7.64691e-007	-1.48683e-005	-5.1788e-005
2.70965e-006	-3.17743e-005	-4.49425e-005
2.09375e-006	-2.73624e-005	-5.59674e-005
5.59269e-006	-5.77227e-005	-4.75012e-005
2.26798e-006	-2.08459e-005	-1.20296e-005
0.0627326	-0.853181	-0.517829
3.53456e-006	-4.49916e-005	-4.84597e-005
0.0735043	-0.948943	-0.306763
0.0802461	-0.991389	-0.103484
0.0679707	-0.790379	0.608835
0.081247	-0.920254	0.382794
0.059834	-0.605737	0.793412
1.84754e-006	-9.46233e-006	7.27886e-005
3.94874e-007	-4.87306e-006	5.0906e-005
3.92567e-006	-3.18083e-005	7.72604e-005
7.64691e-007	-1.48683e-005	5.1788e-005
0.0735103	-0.948937	0.30678
2.26758e-006	-2.08439e-005	1.20296e-005
0.0802478	-0.991389	0.103477
2.09375e-006	-2.73624e-005	5.59674e-005
0.0627355	-0.853163	0.517858
5.59269e-006	-5.77227e-005	4.75012e-005
3.53456e-006	-4.49916e-005	4.84597e-005
2.70965e-006	-3.17743e-005	4.49425e-005
0.0844766	-0.987871	0.130286
-1.81346e-005	-1.46959e-006	1.61743e-009
1.3162e-005	1.10605e-006	-0
3.85458e-005	3.09693e-006	-0
7.44647e-005	5.98282e-006	-0
0.996723	0.0808883	-0
0.996682	0.08139	-0
0.996755	0.080498	-0
0.996748	0.0805788	-0
0.996751	0.0805455	-0
0.996687	0.0813341	-0
-6.55274e-007	8.08172e-006	6.15784e-005
-1.92111e-006	2.36936e-005	5.73843e-005
-3.98276e-006	4.91207e-005	3.7814e-005
-3.05609e-006	3.76917e-005	4.93066e-005
-4.63803e-006	5.72024e-005	2.37643e-005
-4.97724e-006	6.13859e-005	8.11707e-006
-4.63803e-006	5.72024e-005	-2.37643e-005
-3.98276e-006	4.91207e-005	-3.7814e-005
-1.92111e-006	2.36936e-005	-5.73843e-005
-3.05609e-006	3.76917e-005	-4.93066e-005
-6.55274e-007	8.08172e-006	-6.15784e-005
-4.97719e-006	6.13854e-005	-8.11707e-006
6.55274e-007	-8.08172e-006	-6.15784e-005
1.92111e-006	-2.36936e-005	-5.73843e-005
3.98276e-006	-4.91207e-005	-3.7814e-005
3.05609e-006	-3.76917e-005	-4.93066e-005
4.63803e-006	-5.72024e-005	-2.37643e-005
4.97719e-006	-6.13854e-005	-8.11707e-006
4.63803e-006	-5.72024e-005	2.37643e-005
3.98276e-006	-4.91207e-005	3.7814e-005
1.92111e-006	-2.36936e-005	5.74182e-005
3.03911e-006	-3.76917e-005	4.93048e-005
6.55274e-007	-8.08172e-006	6.15784e-005
4.97724e-006	-6.13859e-005	8.11707e-006
-6.86119e-005	-3.51091e-005	-1.2738e-007
-7.15843e-005	-1.53745e-005	-0
-0.306822	-0.951745	-0.00652064
-0.542778	-0.839855	-0.00600047
-0.741214	-0.67126	-0.00334479
-0.0298543	-0.99954	-0.00537184
-7.75592e-005	-1.6941e-005	1.04065e-007
-7.53965e-005	-3.91471e-005	3.39966e-008
-5.06066e-005	-7.02597e-005	2.12708e-007
-0.212234	-0.977214	0.00303562
-3.98705e-005	-9.04329e-005	3.91693e-007
-5.8658e-005	-5.16293e-005	6.5918e-009
4.0865e-005	-7.95968e-005	-6.94885e-007
5.25438e-005	-5.80839e-005	-9.10583e-007
5.64389e-005	-3.65252e-005	-8.80127e-007
5.48504e-005	-1.76826e-005	-6.22559e-007
-8.4918e-007	-5.61591e-005	-0
5.1331e-005	2.63522e-005	-6.24542e-007
2.74656e-005	8.53299e-005	-6.69678e-007
4.25132e-005	6.57818e-005	-8.7204e-007
4.98344e-005	4.50311e-005	-8.41187e-007
-0.456111	0.889899	-0.00652837
-0.670843	0.741575	-0.00596833
-7.31654e-005	3.70734e-006	-0
-0.840205	0.54226	-0.00307346
-7.33161e-005	2.36355e-005	-1.47034e-007
-7.92774e-005	4.22813e-006	7.92847e-008
-0.19044	0.981685	-0.00531045
-0.366603	0.930372	0.00305655
-9.9071e-006	5.53666e-005	-0
-6.61962e-005	4.1629e-005	-1.77612e-008
-5.39317e-005	8.28581e-005	3.92487e-007
-6.12215e-005	6.10511e-005	2.29767e-007
-8.07253e-005	2.65371e-005	6.74438e-009
0	-0	-8.94702e-006
0	-0	-2.61501e-005
0	-0	-5.0611e-005
0	-0	-8.04489e-005
0	-0	-1
-0	0	1.40052e-005
-0	-0	1.24926e-005
-0	0	1.25103e-005
-4.51774e-005	2.22578e-006	-0
-4.30419e-005	1.38961e-005	-0
-3.03489e-005	3.35672e-005	-0
-3.79887e-005	2.45438e-005	-0
-2.06336e-005	4.02446e-005	-0
-9.5047e-006	4.42149e-005	-0
1.3866e-005	4.30118e-005	0
2.45438e-005	3.80188e-005	0
4.02446e-005	2.06336e-005	-0
3.35372e-005	3.03188e-005	-0
4.42149e-005	9.5047e-006	-0
2.28594e-006	4.51774e-005	0
4.51774e-005	-2.28594e-006	-0
4.30419e-005	-1.3836e-005	-0
3.03489e-005	-3.35672e-005	-0
3.79887e-005	-2.45438e-005	-0
2.06336e-005	-4.02446e-005	-0
9.5047e-006	-4.42149e-005	-0
-1.3866e-005	-4.30719e-005	-0
-2.45438e-005	-3.79587e-005	-0
-4.02446e-005	-2.06336e-005	0
-3.35372e-005	-3.03188e-005	0
-4.42149e-005	-9.5047e-006	0
-2.28594e-006	-4.51774e-005	-0
-0	0	-1.40052e-005
-0	0	-1.25103e-005
-0	-0	-1.24926e-005
0	-0	8.94702e-006
-0	-0	2.62096e-005
0	-0	5.05515e-005
-0	-0	8.04861e-005
0	-0	1

#	Mesh	0	End

