#	Mesh	0	Begin

#	Vertex	72
86.5676	29.2605	0.878742
86.5679	29.2577	0.877975
86.5681	29.255	0.876722
86.5683	29.2526	0.875023
86.5684	29.2505	0.872927
86.5686	29.2488	0.8705
86.5687	29.2476	0.867814
86.5687	29.2468	0.864952
86.5688	29.2465	0.862
86.5687	29.2468	0.859048
86.5687	29.2476	0.856186
86.5686	29.2488	0.8535
86.5684	29.2505	0.851073
86.5683	29.2526	0.848977
86.5681	29.255	0.847278
86.5679	29.2577	0.846025
86.5676	29.2605	0.845258
86.5674	29.2635	0.845
86.5671	29.2664	0.845258
86.5669	29.2693	0.846025
86.5667	29.2719	0.847278
86.5665	29.2744	0.848977
86.5663	29.2765	0.851073
86.5662	29.2782	0.8535
86.5661	29.2794	0.856186
86.566	29.2802	0.859048
86.566	29.2804	0.862
86.566	29.2802	0.864952
86.5661	29.2794	0.867814
86.5662	29.2782	0.8705
86.5663	29.2765	0.872927
86.5665	29.2744	0.875023
86.5667	29.2719	0.876722
86.5669	29.2693	0.877975
86.5671	29.2664	0.878742
86.5674	29.2635	0.879
89.1655	29.4707	0.878742
89.1657	29.4679	0.877975
89.166	29.4652	0.876722
89.1662	29.4628	0.875023
89.1663	29.4607	0.872927
89.1665	29.459	0.8705
89.1666	29.4578	0.867814
89.1666	29.457	0.864952
89.1666	29.4567	0.862
89.1666	29.457	0.859048
89.1666	29.4578	0.856186
89.1665	29.459	0.8535
89.1663	29.4607	0.851073
89.1662	29.4628	0.848977
89.166	29.4652	0.847278
89.1657	29.4679	0.846025
89.1655	29.4707	0.845258
89.1653	29.4737	0.845
89.165	29.4766	0.845258
89.1648	29.4795	0.846025
89.1646	29.4822	0.847278
89.1644	29.4846	0.848977
89.1642	29.4867	0.851073
89.1641	29.4884	0.8535
89.164	29.4896	0.856186
89.1639	29.4904	0.859048
89.1639	29.4906	0.862
89.1639	29.4904	0.864952
89.164	29.4896	0.867814
89.1641	29.4884	0.8705
89.1642	29.4867	0.872927
89.1644	29.4846	0.875023
89.1646	29.4822	0.876722
89.1648	29.4795	0.877975
89.165	29.4766	0.878742
89.1653	29.4737	0.879

#	Triangle	101
35	36	71
0	36	35
0	37	36
1	37	0
1	38	37
2	38	1
2	39	38
3	39	2
3	40	39
4	40	3
4	41	40
5	41	4
5	42	41	6	42	5
6	43	42
7	43	6
7	44	43
8	44	7
8	45	44
9	45	8
9	46	45
10	46	9
10	47	46	11	47	10
11	48	47
12	48	11
12	49	48
13	49	12
13	50	49
14	50	13
14	51	50
15	51	14
15	52	51
16	52	15
16	53	52
17	53	16
17	54	53
18	54	17
18	55	54
19	55	18
19	56	55
20	56	19
20	57	56	21	57	20
21	58	57	22	58	21
22	59	58
23	59	22
23	60	59
24	60	23
24	61	60	25	61	24
25	62	61	26	62	25
26	63	62	27	63	26
27	64	63	28	64	27
28	65	64
29	65	28
29	66	65
30	66	29
30	67	66	31	67	30
31	68	67	32	68	31
32	69	68
33	69	32
33	70	69
34	70	33
34	71	70
35	71	34
7	9	8	26	25	27
6	9	7	27	25	24
6	10	9	27	24	28
5	10	6	28	24	23
5	11	10	28	23	29
4	11	5	29	23	22
4	12	11	29	22	30
3	12	4	30	22	21
3	13	12	30	21	31
2	13	3	31	21	20
2	14	13	31	20	32
1	14	2	32	20	19
1	15	14	32	19	33
0	15	1	33	19	18
0	16	15
35	16	0
35	17	16
34	17	35
34	18	17
33	18	34
45	43	44	62	63	61
46	43	45	61	63	64
46	42	43	61	64	60
47	42	46	60	64	65
47	41	42	60	65	59
48	41	47	59	65	66
48	40	41	59	66	58
49	40	48	58	66	67
49	39	40	58	67	57
50	39	49	57	67	68
50	38	39	57	68	56
51	38	50	56	68	69
51	37	38	56	69	55
52	37	51	55	69	70
52	36	37	55	70	54
53	36	52
53	71	36
54	71	53
54	70	71

#	Normal	101
0.0070256	-0.0868248	0.996199
0.00703161	-0.0869001	0.996192
0.0208735	-0.257965	0.965929
0.0208693	-0.257912	0.965943
0.034096	-0.421374	0.906246
0.0340825	-0.421205	0.906325
0.0462551	-0.571638	0.819201
0.0462716	-0.571846	0.819055
0.0570361	-0.704878	0.707031
0.0570186	-0.704657	0.707253
0.0660565	-0.816351	0.573767
0.0660729	-0.816559	0.573468
0.073098	-0.903378	0.42257
0.0779094	-0.96284	0.25859
0.0778969	-0.962676	0.259203
0.0803451	-0.992932	0.0873547
0.0803502	-0.993007	0.0864917
0.0803441	-0.992932	-0.0873547
0.0803511	-0.993007	-0.0864917
0.0779101	-0.96284	-0.25859
0.0778962	-0.962676	-0.259203
0.073098	-0.903378	-0.42257
0.066056	-0.816351	-0.573767
0.0660733	-0.816559	-0.573468
0.0570365	-0.704878	-0.707031
0.0570182	-0.704657	-0.707253
0.0462548	-0.571638	-0.819201
0.0462719	-0.571846	-0.819055
0.0340962	-0.421374	-0.906246
0.0340823	-0.421205	-0.906325
0.0208736	-0.257965	-0.965929
0.0208692	-0.257912	-0.965943
0.00702552	-0.0868248	-0.996199
0.00703169	-0.0869001	-0.996192
-0.00703169	0.0869001	-0.996192
-0.00702552	0.0868248	-0.996199
-0.0208692	0.257912	-0.965943
-0.020887	0.258129	-0.965885
-0.0341029	0.421456	-0.906208
-0.0340756	0.421124	-0.906363
-0.0462546	0.571638	-0.819201
-0.0570359	0.704878	-0.707031
-0.0660478	0.816251	-0.573909
-0.066056	0.816351	-0.573767
-0.0731045	0.903459	-0.422395
-0.0730977	0.903378	-0.42257
-0.0779092	0.96284	-0.25859
-0.0803441	0.992932	-0.0873547
-0.0803441	0.992932	0.0873547
-0.0779092	0.96284	0.25859
-0.0731043	0.903459	0.422395
-0.073098	0.903378	0.42257
-0.066048	0.816251	0.573909
-0.0660558	0.816351	0.573767
-0.0570359	0.704878	0.707031
-0.0462546	0.571638	0.819201
-0.0341025	0.421456	0.906208
-0.0340761	0.421124	0.906363
-0.0208695	0.257912	0.965943
-0.0208867	0.258129	0.965885
-0.00703161	0.0869001	0.996192
-0.0070256	0.0868248	0.996199
-1.51061e-006	-9.22508e-008	-0
-4.52029e-006	-3.69003e-007	-0
-8.90319e-006	-7.26791e-007	-0
-1.45131e-005	-1.18104e-006	-0
-2.12168e-005	-1.72656e-006	-0
-2.87871e-005	-2.39063e-006	-0
-3.70079e-005	-3.07332e-006	-0
-4.5673e-005	-3.58554e-006	-0
-5.44311e-005	-4.2731e-006	-0
-6.29773e-005	-5.2905e-006	-0
-7.11967e-005	-5.98098e-006	-0
-7.88454e-005	-6.21102e-006	-0
-8.55525e-005	-6.73937e-006	-0
-9.11686e-005	-7.48818e-006	-0
-9.55457e-005	-7.8477e-006	-0
-9.84886e-005	-7.8477e-006	-0
-0.99684	-0.0794295	-0
-0.996632	-0.0820055	-0
-9.8554e-005	-8.10929e-006	-0
-9.54804e-005	-7.58611e-006	-0
1.52214e-006	1.38376e-007	-0
4.50876e-006	3.69003e-007	-0
8.88048e-006	7.26791e-007	-0
1.45131e-005	1.18104e-006	-0
2.12168e-005	1.72656e-006	-0
2.88203e-005	2.25781e-006	-0
3.70506e-005	2.90258e-006	-0
4.56303e-005	3.75628e-006	-0
5.43802e-005	4.47658e-006	-0
6.30282e-005	5.08702e-006	-0
7.12542e-005	5.75094e-006	-0
7.87879e-005	6.44106e-006	-0
8.54901e-005	6.98897e-006	-0
9.11686e-005	7.23858e-006	-0
9.55457e-005	7.58611e-006	-0
9.8554e-005	8.10929e-006	-0
0.996632	0.0820055	-0
0.99684	0.0794295	-0
9.84886e-005	7.8477e-006	-0

#	Mesh	0	End

