#	Mesh	0	Begin

#	Vertex	168
91.4452	113.005	2.05373
91.4503	113.006	2.05162
91.4557	113.006	2.0509
91.4612	113.007	2.05162
91.4662	113.007	2.05373
91.4706	113.007	2.05708
91.4739	113.008	2.06145
91.476	113.008	2.06654
91.4768	113.008	2.072
91.476	113.008	2.07746
91.4739	113.008	2.08255
91.4706	113.007	2.08692
91.4662	113.007	2.09027
91.4612	113.007	2.09238
91.4557	113.006	2.0931
91.4503	113.006	2.09238
91.4452	113.005	2.09027
91.4409	113.005	2.08692
91.4375	113.005	2.08255
91.4354	113.005	2.07746
91.4347	113.005	2.072
91.4354	113.005	2.06654
91.4375	113.005	2.06145
91.4409	113.005	2.05708
91.4211	113.039	2.0509
91.421	113.034	2.05162
91.4208	113.029	2.05373
91.4206	113.024	2.05708
91.4205	113.021	2.06145
91.4204	113.019	2.06654
91.4204	113.018	2.072
91.4204	113.019	2.07746
91.4205	113.021	2.08255
91.4206	113.024	2.08692
91.4208	113.029	2.09027
91.421	113.034	2.09238
91.4211	113.039	2.0931
91.4213	113.045	2.09238
91.4215	113.05	2.09027
91.4216	113.054	2.08692
91.4218	113.057	2.08255
91.4218	113.06	2.07746
91.4218	113.06	2.072
91.4218	113.06	2.06654
91.4218	113.057	2.06145
91.4216	113.054	2.05708
91.4215	113.05	2.05373
91.4213	113.045	2.05162
91.4715	113.017	2.08378
91.4673	113.02	2.08764
91.4741	113.018	2.072
91.4685	113.027	2.08249
91.4734	113.02	2.07847
91.4458	113.054	2.07631
91.4528	113.049	2.07822
91.4506	113.05	2.072
91.4428	113.049	2.08618
91.443	113.045	2.08936
91.451	113.046	2.08491
91.4632	113.017	2.09094
91.4525	113.015	2.09305
91.4465	113.016	2.09208
91.4417	113.053	2.08249
91.434	113.051	2.08764
91.4689	113.032	2.07631
91.4653	113.036	2.072
91.4637	113.038	2.07822
91.4608	113.028	2.08936
91.4599	113.023	2.0912
91.4421	113.013	2.08953
91.4482	113.022	2.09301
91.4381	113.012	2.08583
91.4581	113.015	2.09273
91.4714	113.028	2.072
91.4347	113.012	2.08133
91.4274	113.022	2.08583
91.4339	113.009	2.07555
91.4344	113.019	2.08691
91.4291	113.018	2.0816
91.4648	113.028	2.08629
91.4608	113.036	2.08491
91.4532	113.038	2.08917
91.4465	113.04	2.09106
91.4451	113.036	2.0925
91.4515	113.033	2.09177
91.4313	113.056	2.08378
91.4375	113.032	2.09301
91.4415	113.026	2.09257
91.4472	113.029	2.09302
91.4339	113.058	2.07847
91.4294	113.042	2.09273
91.442	113.056	2.072
91.4319	113.058	2.072
91.4299	113.036	2.09305
91.4312	113.031	2.09208
91.431	113.014	2.0773
91.4301	113.014	2.072
91.4263	113.018	2.07797
91.4311	113.047	2.09094
91.4284	113.026	2.08953
91.4356	113.025	2.09105
91.4413	113.02	2.09122
91.4647	113.035	2.08186
91.4587	113.044	2.07785
91.4544	113.046	2.08203
91.4489	113.05	2.08186
91.4378	113.044	2.0912
91.4595	113.041	2.08156
91.4593	113.045	2.072
91.4387	113.04	2.09243
91.4556	113.024	2.09243
91.4369	113.02	2.08952
91.4458	113.054	2.06769
91.4528	113.049	2.06578
91.4525	113.015	2.05095
91.4465	113.016	2.05192
91.4344	113.019	2.05709
91.4381	113.012	2.05817
91.4339	113.013	2.0624
91.4673	113.02	2.05636
91.4421	113.013	2.05447
91.4409	113.02	2.05295
91.4299	113.036	2.05095
91.4312	113.031	2.05192
91.4339	113.01	2.06603
91.4549	113.032	2.05294
91.4509	113.03	2.0515
91.4479	113.036	2.05223
91.4734	113.02	2.06553
91.4715	113.017	2.06022
91.443	113.045	2.05464
91.434	113.051	2.05636
91.4429	113.049	2.05771
91.4303	113.015	2.0667
91.4277	113.018	2.06267
91.4632	113.017	2.05306
91.4689	113.032	2.06769
91.4685	113.027	2.06151
91.4311	113.047	2.05306
91.4581	113.015	2.05127
91.4608	113.028	2.05464
91.4339	113.058	2.06553
91.4274	113.022	2.05817
91.4251	113.018	2.06845
91.4481	113.022	2.05099
91.4649	113.028	2.05782
91.4313	113.056	2.06022
91.4637	113.038	2.06578
91.4608	113.036	2.05909
91.4284	113.026	2.05447
91.4378	113.044	2.0528
91.4294	113.042	2.05127
91.4647	113.035	2.06214
91.4595	113.041	2.06244
91.4415	113.026	2.05143
91.4446	113.032	2.05098
91.4417	113.053	2.06151
91.4374	113.032	2.05099
91.4357	113.025	2.05278
91.4532	113.038	2.05483
91.4599	113.023	2.0528
91.451	113.046	2.05909
91.4546	113.046	2.06279
91.4489	113.05	2.06214
91.4587	113.044	2.06615
91.4556	113.024	2.05157
91.4387	113.04	2.05157
91.4363	113.021	2.05448

#	Triangle	308
3	1	2	14	15	13
4	1	3	13	15	16
4	0	1	13	16	12
5	0	4	12	16	17
5	23	0	12	17	11
6	23	5	11	17	18
6	22	23	11	18	10
7	22	6	10	18	19
7	21	22	10	19	9
8	21	7	9	19	20
8	20	21	9	20	8
25	47	24	36	37	35
26	47	25	35	37	38
26	46	47	35	38	34
27	46	26	34	38	39
27	45	46	34	39	33
28	45	27	33	39	40
28	44	45	33	40	32
29	44	28	32	40	41
29	43	44	32	41	31
30	43	29	31	41	42
30	42	43	31	42	30
49	11	48
50	9	8
52	51	48
55	53	54	113	112	55
10	48	11
10	9	52
58	56	57
11	49	12
12	49	59
61	15	60
63	56	62
66	64	65	65	136	147
68	59	67
16	69	17
70	61	60
17	71	18
13	72	14
69	16	61
73	64	52
18	74	19
75	33	32
76	20	19
74	77	78
79	67	49
16	15	61
52	9	50
67	80	81
84	82	83
63	62	85
88	86	87
41	40	89
90	37	36
38	63	39
92	89	91
94	93	35
39	85	40
95	76	74
89	40	85
71	74	18
97	30	96
37	98	38
32	31	97
62	53	89
78	77	75
89	92	41
96	95	97
60	15	14
94	35	34
99	34	33
94	34	99
93	94	86
94	99	100
35	93	36
57	63	98
87	101	61
38	98	63
78	95	74
13	12	59
49	67	59
50	73	52
72	59	68
80	67	79
84	67	81
79	102	80
104	103	54
73	65	64
56	105	62
37	90	98
92	42	41
82	84	81
98	106	57
58	57	81
58	81	80
107	80	102
104	80	107
55	54	108
33	75	99
87	94	100
87	86	94
109	90	93
14	72	60
70	110	88
100	101	87
71	69	111
10	52	48
51	49	48
39	63	85
62	89	85
17	69	71
77	74	71
32	78	75
77	99	75
36	93	90
106	90	109
13	59	72
110	60	72
78	97	95
76	96	20
99	77	111
101	111	69
100	111	101
101	69	61
61	70	87
86	109	93
110	84	88
83	86	88
60	110	70
88	87	70
68	84	110
82	81	57
57	106	82
109	83	82
109	86	83
83	88	84
100	99	111
71	111	77
66	102	64
66	65	108
51	52	64
91	89	53
91	53	55
62	105	53
67	84	68
110	72	68
79	49	51
51	102	79
51	64	102
66	107	102
66	103	107
104	54	105
103	66	108
103	108	54
98	90	106
109	82	106
63	57	56
58	105	56
58	104	105
54	53	105
58	80	104
103	104	107
78	32	97
31	30	97
19	74	76
95	96	76
115	114	1
1	0	115
1	114	2
118	116	117
4	119	5
115	120	121
123	25	122
117	23	22
21	124	22
127	125	126
0	120	115
129	128	6
132	130	131
50	128	73
118	133	134
129	6	5
122	25	24
135	119	4
137	136	128
47	46	138
128	7	6
2	139	3
137	129	119
140	119	135
141	43	92
124	96	133
142	134	28
143	30	29
114	115	144
137	119	145
116	118	134
27	142	28
131	45	146
25	123	26
148	145	140
26	149	27
150	138	130
151	24	47
46	45	131
149	26	123
147	152	153
45	44	146
155	144	154
131	138	46
141	156	146
3	135	4
43	42	92
120	0	23
91	112	141
44	43	141
157	123	122
128	50	7
124	20	96
29	28	134
133	143	134
154	158	123
3	139	135
50	8	7
125	127	159
135	160	140
148	140	159
130	161	159
152	137	145
163	162	161
65	147	108
131	130	138
92	91	141
151	138	150
161	130	132
127	130	159
161	132	163
161	148	159
91	55	112
147	153	164
23	117	120
154	115	121
154	144	115
165	139	114
24	151	122
157	166	155
121	158	154
142	149	167
5	119	129
137	128	129
44	141	146
156	131	146
22	118	117
116	120	117
27	149	142
116	134	142
2	114	139
160	139	165
47	138	151
166	122	151
118	124	133
143	96	30
120	116	167
158	167	149
121	167	158
158	149	123
123	157	154
144	165	114
166	127	155
126	144	155
122	166	157
155	154	157
150	127	166
125	159	140
140	160	125
165	126	125
165	144	126
126	155	127
121	120	167
142	167	116
73	128	136
73	136	65
137	152	136
113	163	112
113	55	108
156	141	112
135	139	160
165	125	160
119	140	145
148	152	145
148	153	152
147	136	152
148	161	153
164	153	162
164	113	108
164	108	147
130	127	150
166	151	150
132	131	156
156	163	132
156	112	163
113	162	163
113	164	162
153	161	162
118	22	124
21	20	124
29	134	143
133	96	143

#	Normal	308
6.40354e-007	-7.8303e-006	-7.73828e-017
1.87736e-006	-2.29565e-005	-6.34766e-009
3.62297e-006	-4.4332e-005	6.34766e-009
5.76344e-006	-7.05235e-005	7.88574e-008
0.0817017	-0.996657	-0.000788244
0.0817018	-0.996657	-0.000152621
0.0816654	-0.99666	0.000124599
0.0816654	-0.99666	-6.36715e-005
0.0816495	-0.996661	5.70841e-005
0.0816495	-0.996661	-0.000765531
0.0814521	-0.996677	0.000739381
-7.84715e-006	2.64006e-007	4.11987e-008
-2.30059e-005	7.73998e-007	-5.49316e-009
-4.44637e-005	1.48212e-006	-1.15356e-007
-7.07331e-005	2.35777e-006	-6.04248e-008
-0.999438	0.0335066	0.000603777
-0.999438	0.0335066	-0.00110353
-0.999429	0.0337703	0.000901037
-0.99943	0.0337703	0.000137159
-0.999431	0.0337361	-0.000123006
-0.999431	0.0337361	0.000150816
-0.999432	0.033697	-0.000145675
4.54421e-005	9.83387e-006	4.38362e-005
5.43985e-005	1.46769e-005	7.3064e-006
5.14091e-005	1.87084e-005	2.79244e-005
2.74843e-005	3.95076e-005	-1.64124e-007
4.14395e-005	6.41369e-006	3.21101e-005
6.09607e-005	1.11685e-005	2.55523e-005
1.71614e-005	2.61714e-005	3.35701e-005
4.12845e-005	8.07207e-006	5.44403e-005
3.32984e-005	7.43136e-006	4.83157e-005
-9.50276e-006	-1.86801e-006	5.58698e-005
1.20594e-005	3.41893e-005	2.85941e-005
3.80861e-005	2.93659e-005	-1.48071e-007
1.34447e-005	5.69281e-006	2.21313e-005
-2.53131e-005	-7.07193e-006	3.36069e-005
-7.03797e-006	-3.88286e-006	3.86039e-005
-2.9317e-005	-8.50628e-006	2.29651e-005
5.84705e-006	2.72329e-007	4.44514e-005
-2.13711e-005	-4.58028e-006	4.22776e-005
5.83727e-005	2.45859e-005	1.20603e-005
-3.59916e-005	-1.19774e-005	1.52681e-005
-7.06389e-006	-2.96928e-005	2.29629e-005
-2.51918e-005	-7.07414e-006	3.38635e-006
-3.15173e-005	-3.07738e-005	3.56596e-005
2.67682e-005	1.29549e-005	3.56006e-005
-2.14502e-005	-6.3858e-006	5.285e-005
7.52927e-005	1.62272e-005	2.61719e-006
4.22095e-005	3.38457e-005	6.16638e-005
6.78722e-006	8.24492e-006	2.96854e-005
1.52415e-005	4.40401e-005	3.63945e-005
-1.38126e-006	-4.28432e-006	5.09178e-005
8.18672e-006	6.14153e-005	2.5476e-005
-1.40324e-008	5.85171e-006	4.44415e-005
6.06979e-006	4.16301e-005	5.44863e-005
1.42944e-005	6.51584e-005	1.1145e-006
-1.41106e-006	-9.57785e-006	5.57328e-005
4.42401e-006	4.16917e-005	3.20949e-005
-2.44033e-005	-1.81648e-005	1.15411e-005
7.88214e-006	5.37088e-005	2.44244e-005
-3.15229e-005	-8.6872e-006	2.3725e-005
-2.43959e-005	-5.80744e-005	1.92693e-005
2.14066e-006	2.03646e-005	4.93021e-005
-7.27285e-006	-2.9901e-005	1.24488e-005
2.56749e-005	6.4809e-005	2.3835e-005
-1.85177e-005	-3.15012e-005	2.28477e-005
1.25409e-005	7.59763e-005	2.5462e-006
-1.81159e-005	-2.50953e-005	3.48065e-006
-6.19995e-006	-2.09567e-006	4.82534e-005
-5.34129e-006	-2.17234e-005	5.29301e-005
-5.82898e-006	-2.5601e-005	3.35999e-005
-3.5312e-006	-2.15529e-005	4.22938e-005
-3.59924e-006	-7.36475e-006	3.93358e-005
-9.13383e-006	-1.41539e-005	3.53799e-005
-1.7976e-006	-6.29409e-006	4.8186e-005
1.27212e-005	3.4607e-005	5.57468e-005
-1.0709e-005	-6.93013e-006	3.09022e-005
5.81385e-006	3.36064e-005	4.83368e-005
-2.47277e-005	-2.32588e-005	8.79449e-006
2.02506e-005	3.12264e-006	4.93237e-005
3.39389e-005	1.4341e-005	5.56458e-005
6.44008e-005	1.73756e-005	1.19519e-006
1.23574e-005	4.47561e-006	3.95884e-005
2.43186e-005	1.78204e-005	3.24966e-005
2.44927e-005	2.00279e-005	5.62052e-005
2.69135e-005	1.75279e-005	2.33164e-005
1.93866e-005	2.31148e-005	1.15936e-005
3.60141e-005	2.61431e-005	-1.90381e-006
1.47986e-005	2.72178e-005	2.12003e-005
2.96614e-006	1.50636e-005	4.58264e-005
1.20317e-005	5.50385e-005	7.29529e-006
1.3649e-005	1.42586e-005	3.76537e-005
5.04233e-006	1.37069e-005	2.21086e-005
3.17627e-005	4.37772e-005	6.16578e-005
3.99099e-005	4.18754e-005	5.41617e-005
2.07073e-005	1.69788e-005	1.5769e-005
1.69891e-005	1.78203e-005	1.83858e-005
3.51538e-005	5.37275e-005	5.44128e-007
-4.58727e-006	-2.60881e-005	3.02173e-005
-7.37578e-006	-1.27054e-005	3.5271e-005
-5.19378e-006	-6.43242e-006	4.82005e-005
2.37165e-006	3.13578e-006	5.18478e-005
2.75539e-006	1.31396e-006	4.79755e-005
4.21111e-006	4.52793e-007	5.57134e-005
-7.64235e-006	-7.6467e-006	3.35434e-005
-2.8198e-005	-1.91867e-005	3.70864e-005
5.32844e-005	1.04517e-005	2.43804e-005
4.32352e-005	1.73449e-005	3.6427e-005
7.63488e-006	4.58692e-005	4.37853e-005
1.62236e-005	5.22766e-005	2.79871e-005
-2.58475e-005	-5.86008e-006	3.02284e-005
-3.09485e-005	-2.02336e-005	2.29882e-005
-9.59961e-006	-3.47861e-005	2.9681e-005
-1.67733e-005	-2.48463e-005	3.20815e-005
1.18137e-006	2.81575e-006	4.80643e-005
3.79957e-006	1.17742e-005	3.79892e-005
1.4913e-005	3.69813e-006	4.59018e-005
3.02016e-006	2.51624e-006	5.17958e-005
-1.2391e-005	-1.87037e-005	1.02564e-005
-3.37809e-005	-1.61416e-005	1.32557e-005
-1.42919e-005	-2.23548e-005	3.07046e-005
-1.29586e-005	-8.80709e-006	3.16167e-005
-8.32638e-006	-8.90616e-006	1.97179e-005
-1.34958e-005	-9.5884e-006	3.47236e-005
-6.20366e-006	-5.49291e-006	4.79311e-005
2.61391e-006	4.40211e-006	6.26556e-005
9.00429e-006	7.97988e-006	5.34728e-005
1.51354e-006	5.02127e-006	5.35335e-005
4.14336e-006	2.80896e-006	6.17767e-005
-3.18835e-006	-5.01408e-007	4.49338e-005
1.15919e-005	7.89032e-006	3.61496e-005
1.31826e-005	1.79677e-005	3.32603e-005
8.68375e-006	1.51982e-005	3.32061e-005
6.0882e-006	9.31238e-006	3.20115e-005
2.03488e-006	3.81787e-006	5.38669e-005
5.90017e-006	4.89098e-006	3.40911e-005
-8.36119e-006	-1.30923e-005	3.23106e-005
-1.57461e-005	-1.23239e-005	2.45522e-005
3.18337e-005	2.07511e-005	1.32903e-005
5.19771e-005	3.76822e-005	5.97412e-007
6.35183e-005	2.87294e-005	2.38651e-005
2.17565e-005	5.94336e-005	1.19725e-005
2.43575e-005	3.72269e-005	-1.8902e-006
2.15172e-005	4.18416e-005	1.86187e-005
2.07963e-005	1.49383e-005	5.15985e-005
1.15872e-005	4.36049e-006	3.80344e-005
3.45617e-005	1.4204e-005	2.96309e-005
2.73053e-005	1.6599e-005	2.20391e-005
4.08033e-005	2.35169e-005	1.86719e-005
2.28151e-005	1.85258e-005	1.33599e-005
1.99743e-005	1.83965e-005	9.88019e-006
1.48357e-005	2.05654e-005	1.13398e-005
3.30126e-005	2.97432e-005	6.23578e-006
2.8152e-005	3.43927e-005	6.23383e-006
3.87792e-006	1.25592e-005	3.9558e-005
6.30519e-006	1.07873e-005	3.28188e-005
1.21305e-005	2.83137e-005	3.66182e-005
1.61892e-005	2.75843e-005	2.31608e-005
1.17014e-005	1.63656e-005	1.23095e-005
1.91725e-005	3.28314e-005	1.33094e-005
2.69585e-005	2.82861e-005	2.92023e-005
1.77016e-005	1.94209e-005	1.11938e-005
-1.14466e-005	-3.39466e-005	1.00844e-005
-7.02203e-006	-3.21152e-005	4.25684e-006
-3.15176e-005	-7.4258e-006	7.66113e-006
-2.63185e-005	-1.68215e-005	4.50659e-006
-9.50276e-006	-1.86801e-006	-5.58698e-005
-2.14502e-005	-6.3858e-006	-5.285e-005
-6.19995e-006	-2.09567e-006	-4.82534e-005
-3.05966e-005	-2.00224e-005	-2.28466e-005
4.12845e-005	8.07207e-006	-5.44403e-005
-1.36923e-005	-9.78568e-006	-3.52983e-005
-1.41106e-006	-9.57785e-006	-5.57328e-005
-2.9317e-005	-8.50628e-006	-2.29651e-005
-2.95312e-005	-8.70409e-006	-1.24896e-005
7.91098e-006	7.17389e-006	-2.97068e-005
-2.13711e-005	-4.58028e-006	-4.22776e-005
5.32844e-005	1.04517e-005	-2.43804e-005
1.16832e-005	2.73681e-005	-3.56157e-005
6.44008e-005	1.73756e-005	-1.19519e-006
-2.20626e-005	-2.58131e-005	-8.8125e-006
4.14395e-005	6.41369e-006	-3.21101e-005
-1.7976e-006	-6.29409e-006	-4.8186e-005
3.32984e-005	7.43136e-006	-4.83157e-005
6.35183e-005	2.87294e-005	-2.38651e-005
2.14066e-006	2.03646e-005	-4.93021e-005
6.09607e-005	1.11685e-005	-2.55523e-005
5.84705e-006	2.72329e-007	-4.44514e-005
4.32352e-005	1.73449e-005	-3.6427e-005
3.39389e-005	1.4341e-005	-5.56458e-005
1.25409e-005	7.59763e-005	-2.5462e-006
-2.41898e-005	-1.93013e-005	-3.48718e-006
-7.12301e-006	-3.19201e-005	-2.36973e-005
-5.87951e-006	-2.55161e-005	-3.38342e-006
-7.17902e-006	-3.95296e-006	-3.93861e-005
3.35746e-005	1.36957e-005	-2.86296e-005
-2.92481e-005	-3.29569e-005	-3.56477e-005
-7.06389e-006	-2.96928e-005	-2.29629e-005
7.63488e-006	4.58692e-005	-4.37853e-005
-5.34129e-006	-2.17234e-005	-5.29301e-005
2.5317e-005	1.83698e-005	-3.3502e-005
-5.82898e-006	-2.5601e-005	-3.35999e-005
5.04233e-006	1.37069e-005	-2.21086e-005
-1.40324e-008	5.85171e-006	-4.44415e-005
6.06979e-006	4.16301e-005	-5.44863e-005
-3.5312e-006	-2.15529e-005	-4.22938e-005
2.28151e-005	1.85258e-005	-1.33599e-005
4.42401e-006	4.16917e-005	-3.20949e-005
-4.21655e-006	-1.58454e-006	-5.09379e-005
5.81385e-006	3.36064e-005	-4.83368e-005
1.62236e-005	5.22766e-005	-2.79871e-005
2.02506e-005	3.12264e-006	-4.93237e-005
1.20317e-005	5.50385e-005	-7.29529e-006
-2.53131e-005	-7.07193e-006	-3.36069e-005
2.17565e-005	5.94336e-005	-1.19725e-005
8.18672e-006	6.14153e-005	-2.5476e-005
-3.53701e-006	-7.21495e-006	-3.85203e-005
7.52927e-005	1.62272e-005	-2.61719e-006
-5.6815e-005	-2.7148e-005	-1.92788e-005
-1.01883e-005	-3.65431e-005	-1.52321e-005
-1.69533e-005	-2.52387e-005	-1.15736e-005
-6.41981e-006	-1.10301e-005	-3.09652e-005
1.4913e-005	3.69813e-006	-4.59018e-005
5.43985e-005	1.46769e-005	-7.3064e-006
1.35836e-005	1.43179e-005	-3.76204e-005
1.34447e-005	5.69281e-006	-2.21313e-005
4.22095e-005	3.38457e-005	-6.16638e-005
3.17627e-005	4.37772e-005	-6.16578e-005
2.65086e-005	1.61014e-005	-2.12492e-005
1.37478e-005	1.88231e-005	-1.39605e-005
5.19771e-005	3.76822e-005	-5.97412e-007
1.27212e-005	3.4607e-005	-5.57468e-005
1.42944e-005	6.51584e-005	-1.1145e-006
3.87792e-006	1.25592e-005	-3.9558e-005
1.66207e-005	2.51399e-005	-3.24913e-005
1.88176e-005	2.5421e-005	-5.61356e-005
1.62053e-005	2.7721e-005	-2.33194e-005
3.99099e-005	4.18754e-005	-5.41617e-005
2.43575e-005	3.72269e-005	1.8902e-006
1.99743e-005	1.83965e-005	-9.88019e-006
-2.58475e-005	-5.86008e-006	-3.02284e-005
-1.23333e-005	-7.96253e-006	-3.52088e-005
-6.17591e-006	-5.4908e-006	-4.81728e-005
3.02016e-006	2.51624e-006	-5.17958e-005
1.18137e-006	2.81575e-006	-4.80643e-005
2.4843e-007	4.22886e-006	-5.57543e-005
-7.27283e-006	-8.01114e-006	-3.35784e-005
-1.78288e-005	-2.90924e-005	-3.70819e-005
4.54421e-005	9.83387e-006	-4.38362e-005
5.14091e-005	1.87084e-005	-2.79244e-005
7.88214e-006	5.37088e-005	-2.44244e-005
1.52415e-005	4.40401e-005	-3.63945e-005
-3.42778e-005	-1.12761e-005	-2.96563e-005
-2.40203e-005	-1.79563e-005	-3.21096e-005
-4.58727e-006	-2.60881e-005	-3.02173e-005
-1.87038e-005	-3.18647e-005	-2.29321e-005
2.75539e-006	1.31396e-006	-4.79755e-005
1.15872e-005	4.36049e-006	-3.80344e-005
2.96614e-006	1.50636e-005	-4.58264e-005
2.37165e-006	3.13578e-006	-5.18478e-005
-1.80797e-005	-1.32744e-005	-1.02546e-005
-1.45053e-005	-3.45298e-005	-1.32257e-005
-2.16207e-005	-1.53535e-005	-3.06506e-005
-8.18307e-006	-1.33691e-005	-3.16459e-005
-8.49714e-006	-8.75561e-006	-1.9759e-005
-8.9416e-006	-1.39331e-005	-3.47723e-005
-5.19402e-006	-6.46304e-006	-4.7921e-005
4.2684e-006	2.82492e-006	-6.26479e-005
7.54076e-006	9.38772e-006	-5.35254e-005
4.94691e-006	1.75194e-006	-5.35724e-005
2.60464e-006	4.27291e-006	-6.17715e-005
-3.46586e-007	-3.2095e-006	-4.49698e-005
7.32516e-006	1.19666e-005	-3.61741e-005
1.73182e-005	1.40377e-005	-3.32441e-005
1.4763e-005	9.397e-006	-3.32098e-005
9.00075e-006	6.5202e-006	-3.19971e-005
3.71309e-006	2.21291e-006	-5.38417e-005
4.60475e-006	6.12693e-006	-3.40988e-005
-1.26629e-005	-8.98292e-006	-3.23287e-005
-1.15394e-005	-1.63096e-005	-2.44914e-005
5.83727e-005	2.45859e-005	-1.20603e-005
3.60141e-005	2.61431e-005	1.90381e-006
4.08033e-005	2.35169e-005	-1.86719e-005
1.91725e-005	3.28314e-005	-1.33094e-005
3.51538e-005	5.37275e-005	-5.44128e-007
2.56749e-005	6.4809e-005	-2.3835e-005
1.23574e-005	4.47561e-006	-3.95884e-005
1.04714e-005	6.81124e-006	-3.28259e-005
2.76933e-005	1.34618e-005	-3.65326e-005
2.67737e-005	1.74775e-005	-2.31701e-005
2.07073e-005	1.69788e-005	-1.5769e-005
3.18337e-005	2.07511e-005	-1.32903e-005
3.13777e-005	3.2923e-005	-3.39715e-005
1.66179e-005	1.78348e-005	-1.01979e-005
2.8152e-005	3.43927e-005	-6.23383e-006
3.30126e-005	2.97432e-005	-6.23578e-006
1.39251e-005	2.15049e-005	-5.15884e-005
3.79957e-006	1.17742e-005	-3.79892e-005
1.25671e-005	3.52096e-005	-2.96688e-005
1.52629e-005	2.80378e-005	-2.20482e-005
2.15172e-005	4.18416e-005	-1.86187e-005
1.29154e-005	1.8267e-005	-9.79382e-006
1.53248e-005	1.83348e-005	-8.35834e-006
1.75893e-005	1.93905e-005	-1.77427e-005
-3.33509e-005	-1.30759e-005	-1.01013e-005
-3.17579e-005	-8.55799e-006	-4.26538e-006
-5.90862e-006	-3.1849e-005	-7.71338e-006
-1.55104e-005	-2.70906e-005	-4.51385e-006

#	Mesh	0	End

