#	Mesh	0	Begin

#	Vertex	72
76.7097	15.409	0.462016
76.7121	15.4096	0.462016
76.7143	15.4107	0.462016
76.7164	15.4121	0.462016
76.7181	15.4139	0.462016
76.7196	15.4159	0.462016
76.7206	15.4182	0.462016
76.7213	15.4206	0.462016
76.7215	15.423	0.462016
76.7213	15.4255	0.462016
76.7206	15.4279	0.462016
76.7196	15.4302	0.462016
76.7181	15.4322	0.462016
76.7164	15.434	0.462016
76.7143	15.4354	0.462016
76.7121	15.4365	0.462016
76.7097	15.4371	0.462016
76.7072	15.4373	0.462016
76.7047	15.4371	0.462016
76.7023	15.4365	0.462016
76.7001	15.4354	0.462016
76.698	15.434	0.462016
76.6963	15.4322	0.462016
76.6948	15.4302	0.462016
76.6938	15.4279	0.462016
76.6931	15.4255	0.462016
76.6929	15.423	0.462016
76.6931	15.4206	0.462016
76.6938	15.4182	0.462016
76.6948	15.4159	0.462016
76.6963	15.4139	0.462016
76.698	15.4121	0.462016
76.7001	15.4107	0.462016
76.7023	15.4096	0.462016
76.7047	15.409	0.462016
76.7072	15.4088	0.462016
76.7097	15.409	0.7909
76.7121	15.4096	0.7909
76.7143	15.4107	0.7909
76.7164	15.4121	0.7909
76.7181	15.4139	0.7909
76.7196	15.4159	0.7909
76.7206	15.4182	0.7909
76.7213	15.4206	0.7909
76.7215	15.423	0.7909
76.7213	15.4255	0.7909
76.7206	15.4279	0.7909
76.7196	15.4302	0.7909
76.7181	15.4322	0.7909
76.7164	15.434	0.7909
76.7143	15.4354	0.7909
76.7121	15.4365	0.7909
76.7097	15.4371	0.7909
76.7072	15.4373	0.7909
76.7047	15.4371	0.7909
76.7023	15.4365	0.7909
76.7001	15.4354	0.7909
76.698	15.434	0.7909
76.6963	15.4322	0.7909
76.6948	15.4302	0.7909
76.6938	15.4279	0.7909
76.6931	15.4255	0.7909
76.6929	15.423	0.7909
76.6931	15.4206	0.7909
76.6938	15.4182	0.7909
76.6948	15.4159	0.7909
76.6963	15.4139	0.7909
76.698	15.4121	0.7909
76.7001	15.4107	0.7909
76.7023	15.4096	0.7909
76.7047	15.409	0.7909
76.7072	15.4088	0.7909

#	Triangle	82
35	36	71	0	36	35
0	37	36	1	37	0
1	38	37	2	38	1
2	39	38	3	39	2
3	40	39
4	40	3
4	41	40
5	41	4
5	42	41
6	42	5
6	43	42
7	43	6
7	44	43	8	44	7
8	45	44	9	45	8
9	46	45	10	46	9
10	47	46	11	47	10
11	48	47	12	48	11
12	49	48	13	49	12
13	50	49	14	50	13
14	51	50	15	51	14
15	52	51	16	52	15
16	53	52	17	53	16
17	54	53	18	54	17
18	55	54	19	55	18
19	56	55	20	56	19
20	57	56	21	57	20
21	58	57	22	58	21
22	59	58	23	59	22
23	60	59	24	60	23
24	61	60	25	61	24
25	62	61	26	62	25
26	63	62	27	63	26
27	64	63
28	64	27
28	65	64
29	65	28
29	66	65
30	66	29
30	67	66
31	67	30
31	68	67	32	68	31
32	69	68	33	69	32
33	70	69	34	70	33
34	71	70	35	71	34
7	9	8	26	25	27
6	9	7	27	25	24
6	10	9	27	24	28
5	10	6	28	24	23
5	11	10	28	23	29
4	11	5	29	23	22
4	12	11	29	22	30
3	12	4	30	22	21
3	13	12	30	21	31
2	13	3	31	21	20
2	14	13
1	14	2	32	20	19
1	15	14
0	15	1	33	19	18
0	16	15	33	18	34
35	16	0	34	18	17
35	17	16	34	17	35
32	19	33
31	20	32
45	43	44	62	63	61
46	43	45	61	63	64
46	42	43	61	64	60
47	42	46	60	64	65
47	41	42	60	65	59
48	41	47	59	65	66
48	40	41	59	66	58
49	40	48	58	66	67
49	39	40	58	67	57
50	39	49	57	67	68
50	38	39
51	38	50	56	68	69
51	37	38
52	37	51	55	69	70
52	36	37	55	70	54
53	36	52	54	70	71
53	71	36	54	71	53
56	69	55
57	68	56

#	Normal	82
0.0873224	-0.99618	-0
0.258736	-0.965948	-0
0.423789	-0.905761	-0
0.572359	-0.820003	-0
0.707891	-0.706322	-0
0.707695	-0.706518	2.09788e-006
0.818919	-0.57391	1.70412e-006
0.819048	-0.573725	-0
0.906023	-0.423229	-0
0.905953	-0.423379	1.25715e-006
0.966313	-0.25737	7.64213e-007
0.966339	-0.257272	-0
0.996137	-0.0878137	-0
0.996137	0.0878137	-0
0.966339	0.257272	-0
0.906023	0.423229	-0
0.818919	0.57391	-0
0.707891	0.706322	-0
0.572359	0.820003	-0
0.423789	0.905761	-0
0.258736	0.965948	-0
0.0869338	0.996214	-0
-0.0869338	0.996214	-0
-0.258736	0.965948	-0
-0.422585	0.906323	-0
-0.573831	0.818974	-0
-0.707891	0.706322	-0
-0.818919	0.57391	-0
-0.906023	0.423229	-0
-0.966339	0.257272	-0
-0.996137	0.0878137	-0
-0.996137	-0.0878137	0
-0.966313	-0.25737	0
-0.966339	-0.257272	7.63924e-007
-0.906023	-0.423229	1.2567e-006
-0.905953	-0.423379	-0
-0.818919	-0.57391	0
-0.819048	-0.573725	1.70358e-006
-0.707891	-0.706322	2.0973e-006
-0.707695	-0.706518	-0
-0.573831	-0.818974	0
-0.422585	-0.906323	0
-0.258736	-0.965948	0
-0.0873224	-0.99618	0
-0	0	-1.08563e-006
-0	-0	-3.17935e-006
-0	0	-6.26236e-006
-0	-0	-1.031e-005
3.67194e-010	-3.21865e-011	-1.50715e-005
6.22869e-011	-4.36306e-011	-2.04303e-005
-6.22571e-011	-4.36306e-011	-2.62649e-005
5.37336e-011	-5.36442e-011	-3.22929e-005
-5.37634e-011	-5.36442e-011	-3.84848e-005
4.36008e-011	-6.24657e-011	-4.48134e-005
-4.36008e-011	-6.24657e-011	-5.06622e-005
3.21269e-011	-6.86646e-011	-5.56897e-005
-3.21269e-011	-6.86646e-011	-6.0427e-005
1.96695e-011	-7.34329e-011	-6.46233e-005
-1.96695e-011	-7.34329e-011	-6.77251e-005
6.64592e-012	-7.58171e-011	-6.9924e-005
-6.61612e-012	-7.58171e-011	-7.10036e-005
-3.21269e-011	-6.8903e-011	-6.06368e-005
-4.36008e-011	-6.22272e-011	-5.04688e-005
-0	0	1.08563e-006
-0	-0	3.17935e-006
-0	0	6.26173e-006
-0	-0	1.0309e-005
-0	0	1.50715e-005
-0	-0	2.04303e-005
-0	0	2.62635e-005
-1.12122e-009	-0	3.22912e-005
-1.07527e-010	1.07288e-010	3.84848e-005
8.72016e-011	1.24931e-010	4.48134e-005
-8.72016e-011	1.24931e-010	5.06622e-005
6.42538e-011	1.37329e-010	5.56897e-005
-6.42538e-011	1.37329e-010	6.0427e-005
3.93391e-011	1.46866e-010	6.46233e-005
-3.93391e-011	1.46866e-010	6.77251e-005
1.32322e-011	1.51634e-010	6.9924e-005
-1.32918e-011	1.51634e-010	7.10036e-005
-6.42538e-011	1.37806e-010	6.06368e-005
-8.72016e-011	1.24454e-010	5.04688e-005

#	Mesh	0	End

