#	Mesh	0	Begin

#	Vertex	134
50.9347	88.1731	0.462016
50.9333	88.1766	0.462016
50.9328	88.1803	0.462016
50.9333	88.184	0.462016
50.9347	88.1874	0.462016
50.937	88.1904	0.462016
50.9399	88.1927	0.462016
50.9434	88.1941	0.462016
50.9471	88.1946	0.462016
50.9508	88.1941	0.462016
50.9542	88.1927	0.462016
50.9572	88.1904	0.462016
50.9595	88.1874	0.462016
50.9609	88.184	0.462016
50.9614	88.1803	0.462016
50.9609	88.1766	0.462016
50.9595	88.1731	0.462016
50.9572	88.1702	0.462016
50.9542	88.1679	0.462016
50.9508	88.1665	0.462016
50.9471	88.166	0.462016
50.9434	88.1665	0.462016
50.9399	88.1679	0.462016
50.937	88.1702	0.462016
50.9328	88.1803	0.855375
50.9333	88.1766	0.855375
50.9347	88.1731	0.855375
50.937	88.1702	0.855375
50.9399	88.1679	0.855375
50.9434	88.1665	0.855375
50.9471	88.166	0.855375
50.9508	88.1665	0.855375
50.9542	88.1679	0.855375
50.9572	88.1702	0.855375
50.9595	88.1731	0.855375
50.9609	88.1766	0.855375
50.9614	88.1803	0.855375
50.9609	88.184	0.855375
50.9595	88.1874	0.855375
50.9572	88.1904	0.855375
50.9542	88.1927	0.855375
50.9508	88.1941	0.855375
50.9471	88.1946	0.855375
50.9434	88.1941	0.855375
50.9399	88.1927	0.855375
50.937	88.1904	0.855375
50.9347	88.1874	0.855375
50.9333	88.184	0.855375
50.9384	88.1916	0.734875
50.9339	88.1858	0.582516
50.9358	88.189	0.764422
50.9416	88.1935	0.758954
50.9331	88.183	0.769721
50.9358	88.189	0.552969
50.9384	88.1916	0.574788
50.9416	88.1935	0.638037
50.9416	88.1935	0.541773
50.9339	88.1858	0.734875
50.9471	88.1946	0.726004
50.9445	88.1943	0.768066
50.9328	88.1803	0.591387
50.9331	88.183	0.547351
50.9343	88.1866	0.658695
50.9443	88.1943	0.681661
50.9358	88.189	0.658695
50.9331	88.1832	0.657384
50.9328	88.1803	0.72338
50.9471	88.1946	0.59401
50.9441	88.1943	0.589905
50.9377	88.1911	0.654831
50.9471	88.1946	0.591387
50.9471	88.1946	0.723381
50.9498	88.1943	0.547351
50.9526	88.1935	0.582516
50.95	88.1943	0.657384
50.9558	88.1916	0.552969
50.9534	88.1931	0.658695
50.9558	88.1916	0.658695
50.9558	88.1916	0.764422
50.9526	88.1935	0.734874
50.9603	88.1858	0.541773
50.9614	88.1803	0.726004
50.9611	88.1829	0.768066
50.9498	88.1943	0.769721
50.9584	88.189	0.574788
50.9611	88.1831	0.681661
50.9603	88.1858	0.758954
50.9614	88.1803	0.59401
50.9611	88.1833	0.589905
50.9603	88.1858	0.638037
50.9584	88.189	0.734875
50.9579	88.1896	0.654831
50.9584	88.1716	0.764422
50.9603	88.1748	0.734875
50.9599	88.174	0.658695
50.9611	88.1776	0.54767
50.9603	88.1748	0.582516
50.9584	88.1716	0.552969
50.9611	88.1776	0.770039
50.9611	88.1774	0.660007
50.9558	88.169	0.742603
50.9526	88.1671	0.775618
50.9551	88.1684	0.662559
50.9526	88.1671	0.679353
50.9496	88.1662	0.773767
50.9498	88.1663	0.689133
50.9558	88.169	0.582516
50.9526	88.1671	0.558436
50.9497	88.1662	0.543895
50.9471	88.166	0.726004
50.9471	88.166	0.723381
50.9584	88.1716	0.658695
50.9508	88.1665	0.61587
50.9471	88.166	0.59401
50.9471	88.166	0.591387
50.9384	88.169	0.764422
50.9416	88.1671	0.734875
50.9408	88.1675	0.658695
50.9444	88.1663	0.54767
50.9416	88.1671	0.582516
50.9384	88.169	0.552969
50.9444	88.1663	0.770039
50.9442	88.1663	0.660007
50.9358	88.1716	0.742603
50.9339	88.1748	0.775618
50.9352	88.1723	0.662559
50.9339	88.1748	0.679353
50.933	88.1778	0.773767
50.9331	88.1776	0.689133
50.9358	88.1716	0.582516
50.9339	88.1748	0.558436
50.933	88.1777	0.543895
50.9384	88.169	0.658695
50.9333	88.1766	0.61587

#	Triangle	225
3	1	2	14	15	13
4	1	3	13	15	16
4	0	1	13	16	12
5	0	4	12	16	17
5	23	0	12	17	11
6	23	5	11	17	18
6	22	23	11	18	10
7	22	6	10	18	19
7	21	22	10	19	9
8	21	7	8	20	21	9	20	8	9	19	20
25	47	24	36	37	35
26	47	25	35	37	38
26	46	47	35	38	34
27	46	26	34	38	39
27	45	46	34	39	33
28	45	27	33	39	40
28	44	45	33	40	32
29	44	28	32	40	41
29	43	44	32	41	31
30	43	29	30	42	43	31	42	30	31	41	42
48	45	44
3	49	4
50	46	45
43	51	44
47	52	24
5	53	54
54	55	56	51	55	48
57	47	46
42	58	59
2	60	61
53	5	4
53	49	62
51	59	63
64	62	50	53	62	64
66	65	60
63	67	68
57	46	50
5	54	6
54	69	55
56	7	6
7	56	68
47	57	52
49	3	61
44	51	48
65	49	61
48	64	50
8	7	68
64	48	69
58	63	59
45	48	50
4	49	53
69	53	64
6	54	56
55	68	56
55	63	68
8	67	70	67	58	71	71	70	67	42	71	58	110	30	109	114	110	113	113	20	114	109	113	110
68	67	8
55	51	63
63	58	67
59	51	43
43	42	59
66	52	65
57	62	65
3	2	61
60	65	61
49	65	62
57	50	62
57	65	52
66	24	52
48	55	69
54	53	69
73	9	72
74	73	72
77	75	76	76	78	77
75	11	10
40	39	78
79	41	40
80	13	12
36	81	82
72	8	70
79	83	41
76	75	73
11	75	84
86	82	85
37	86	38
74	70	71
85	87	88
11	84	12
10	9	73
40	78	79
80	84	89	86	89	90
13	80	88
90	77	78
83	42	41
38	86	90
84	91	89
38	90	39
14	13	88
77	90	91
81	85	82
10	73	75
91	75	77
39	90	78
12	84	80
89	88	80
89	85	88
14	88	87
89	86	85
81	87	85
82	86	37
37	36	82
71	83	74
79	76	74
9	8	72
70	74	72
73	74	76
79	78	76
79	74	83
83	71	42
90	89	91
84	75	91
34	92	93
93	92	94
15	95	96
97	96	94
34	33	92
36	35	98
93	35	34
97	17	16
99	81	98
16	15	96
101	100	32
103	102	100
105	101	104
93	98	35
95	14	87
18	106	107
17	97	106
107	108	19
31	101	32
104	30	110
17	106	18
108	20	19
81	99	87
100	102	111
19	18	107
33	32	100
103	101	105
111	92	100	111	106	97
106	102	107
112	103	105
16	96	97
33	100	92
94	111	97	92	111	94
31	104	101
103	100	101
31	30	104
105	104	110
105	110	114
112	114	108
93	94	99
96	95	99
107	112	108
114	20	108
107	103	112
105	114	112
93	99	98
81	36	98
15	14	95
87	99	95
96	99	94
103	107	102
106	111	102
28	115	116
116	115	117
21	118	119
120	119	117
116	29	28
29	121	30
28	27	115
122	109	121
120	23	22
22	21	119
124	123	26
126	125	123
128	124	127
116	121	29
118	20	113
0	129	130
23	120	129
130	131	1
27	26	123
127	24	66
23	129	0
25	124	26
122	113	109
123	125	132
1	0	130
131	2	1
126	124	128
132	115	123	132	129	120
129	125	130
133	126	128
22	119	120
27	123	115
117	115	132	132	120	117
25	127	124
126	123	124
25	24	127
128	127	66
128	66	60
133	60	131
116	117	122
119	118	122
130	133	131
60	2	131
130	126	133
128	60	133
116	122	121
109	30	121
21	20	118
113	122	118
119	122	117
126	130	125
129	132	125

#	Normal	225
-0	-0	-3.58362e-006
-0	-0	-1.05775e-005
-0	-0	-2.04289e-005
-0	-0	-3.24295e-005
-0	-0	-4.58694e-005
-0	-0	-5.98433e-005
-0	-0	-7.33063e-005
-0	-0	-8.52984e-005
-0	-0	-9.5096e-005
-0	-0	-1
-0	-0	3.58362e-006
-0	-0	1.05775e-005
-0	-0	2.04289e-005
-0	-0	3.24295e-005
-0	-0	4.58694e-005
-0	-0	5.98433e-005
-0	-0	7.33063e-005
-0	-0	8.52984e-005
-0	-0	9.5096e-005
-0	-0	1
-0.609002	0.793168	0.0010179
-0.923633	0.383276	-0.00100497
-0.793673	0.608343	0.00133154
-0.381487	0.924373	0.00123403
-0.991553	0.129697	0.00114194
-0.712597	0.701572	0.00120675
-0.498845	0.866691	-0
-0.923633	0.383276	0.00100497
-0.0924172	0.99572	-0
-0.995534	0.0944041	-0
-0.793673	0.608343	-0.00133154
-0.870494	0.492179	-0.00113325
-0.286077	0.958207	0.000222503
-0.848625	0.528995	-0
-0.994743	0.1024	-0
-0.107348	0.994221	-0.000304657
-0.861423	0.507888	-0.00115956
-0.609002	0.793168	-0.00108766
-0.519784	0.854297	0.00143382
-0.381487	0.924373	-0.00149185
-0.306174	0.951975	0.000387269
-0.960219	0.279246	-0.000701976
-0.95991	0.280306	0.000684904
-0.492378	0.870381	-0.00115259
-0.956952	0.290246	-0.000162108
-0.70763	0.706583	-0
-0.131889	0.991264	-0.000578752
-0.727105	0.686525	0.00136933
-0.095146	0.995463	-0.000170765
-0.714104	0.700038	-0.00116265
-0.861423	0.507888	0.00115956
-0.728358	0.685196	-0
-0.488842	0.872371	0.00129865
-0.299231	0.954181	-0
-0.295236	0.955424	0.000222397
-0	-0	-0
-0.107756	0.994177	-0
-0.291936	0.956438	-0
-0.0978429	0.995202	-0
-0.283119	0.959085	-0.000787824
-0.131889	0.991264	0.00119206
-0.995234	0.0975127	-0.000218619
-0.945469	0.325709	-0.0011253
-0.991553	0.129697	-0.00113644
-0.995211	0.0977457	0.000208196
-0.945737	0.324931	0.00113544
-0.870493	0.492179	0.00113325
-0.957186	0.289473	0.000184406
-0.995592	0.0937877	-0
-0.528446	0.848966	-0.00132783
-0.703422	0.710772	-0.0010154
0.279987	0.960004	0.000680972
0.290267	0.956946	-0.000196121
0.527363	0.84964	-0
0.609002	0.793168	-0.00134858
0.609002	0.793168	0.00134858
0.381487	0.924373	0.000987431
0.923633	0.383276	-0.00151835
0.995881	0.0906698	-0
0.0973767	0.995248	0
0.280456	0.959867	-0.00067339
0.491176	0.87106	-0.00111336
0.702627	0.711557	0.00120657
0.958413	0.285384	0.000151918
0.923633	0.383276	0.00125595
0.103853	0.994593	0
0.994366	0.106002	-0.000261506
0.793673	0.608343	-0.00107392
0.381487	0.924373	-0.000987431
0.506944	0.861978	-0.00118204
0.866046	0.499964	-0
0.952125	0.305708	0.000413711
0.70763	0.706583	0
0.131889	0.991264	0.00116057
0.869666	0.49364	-0.00113014
0.853556	0.520999	0.00144442
0.793673	0.608343	0.00100504
0.991554	0.129697	-0.000560356
0.688558	0.72518	0.00130477
0.995546	0.0942725	-0.000226063
0.506944	0.861978	0.00118204
0.687296	0.726377	0
0.701096	0.713066	-0.00116242
0.871618	0.490184	0.00127321
0.95448	0.298275	0
0.955987	0.293408	0.000270345
0.994329	0.106352	-0
0.957211	0.28939	-0
0.995202	0.0978429	-0
0.95925	0.282557	-0.000810614
0.991553	0.129697	0.0011817
0.0990305	0.995084	-0.000215495
0.326037	0.945356	-0.00110599
0.131889	0.991264	-0.00111038
0.100083	0.994979	0.000168468
0.325271	0.94562	0.00111587
0.491176	0.87106	0.00111336
0.290355	0.956919	0.000186297
0.0953545	0.995443	0
0.848177	0.529712	-0.00133814
0.71162	0.702564	-0.00096849
0.861423	-0.507888	-0.00115956
0.870493	-0.492179	0.00113325
0.960219	-0.279246	0.000701976
0.870494	-0.492179	-0.00113325
0.793673	-0.608343	0.00133154
0.991518	-0.129966	0.00113324
0.923633	-0.383276	0.00100497
0.793673	-0.608343	-0.00133154
0.995185	-0.0980165	-0.000207686
0.923633	-0.383276	-0.00100497
0.488842	-0.872371	-0.00129865
0.478763	-0.877943	0.0013565
0.282001	-0.959414	0.000166377
0.95991	-0.280306	-0.000684904
0.995567	-0.0940579	-0
0.492378	-0.870381	0.00115259
0.714104	-0.700038	0.00116265
0.280757	-0.959778	0.00083549
0.381487	-0.924373	0.00149185
0.0895611	-0.995981	-0
0.609002	-0.793168	-0.0010179
0.131889	-0.991264	-0.00130906
0.994715	-0.102672	-0
0.684268	-0.729229	-0.00144683
0.381487	-0.924373	-0.00123403
0.609002	-0.793168	0.00108766
0.286733	-0.95801	-0
0.70763	-0.706583	-0
0.504604	-0.863351	-0.00103046
0.290043	-0.957013	0.00103033
0.861423	-0.507888	0.00115956
0.712597	-0.701572	-0.00120675
0.848625	-0.528995	-0
0.282654	-0.959221	-0.000963758
0.498845	-0.866691	-0
0.131889	-0.991264	0.00131992
0.0934314	-0.995626	-0.000195132
0.0959062	-0.99539	-0
0.119911	-0.992783	0.00160013
0.945737	-0.324931	-0.00113544
0.957186	-0.289473	-0.000184406
0.289894	-0.957058	-0.00114396
0.090672	-0.995881	-0
0.323053	-0.946381	-0
0.137979	-0.990434	-0.00116481
0.956952	-0.290246	0.000162108
0.995508	-0.0946737	-0
0.991518	-0.129966	-0.00113867
0.995208	-0.0977839	0.000218061
0.945469	-0.325709	0.0011253
0.471727	-0.881745	-0
0.686052	-0.727551	0.00147366
-0.506944	-0.861978	-0.00118204
-0.491176	-0.87106	0.00111336
-0.280011	-0.959996	0.000680571
-0.491176	-0.87106	-0.00111336
-0.381487	-0.924373	0.000987431
-0.131889	-0.991264	0.00111038
-0.609002	-0.793168	0.00134858
-0.100083	-0.994979	-0.000168468
-0.609002	-0.793168	-0.00134858
-0.381487	-0.924373	-0.000987431
-0.871618	-0.490184	-0.00127321
-0.877156	-0.480203	0.0013385
-0.959664	-0.281149	0.000209005
-0.279987	-0.960004	-0.000680972
-0.0954919	-0.99543	-0
-0.869666	-0.49364	0.00113014
-0.701096	-0.713066	0.00116242
-0.96045	-0.27845	0.000893311
-0.793673	-0.608343	0.00107392
-0.996106	-0.0881647	0
-0.793673	-0.608343	-0.00100504
-0.923633	-0.383276	0.00151835
-0.103853	-0.994593	-0
-0.730041	-0.683401	-0.00143381
-0.923633	-0.383276	-0.00125595
-0.991518	-0.129966	-0.00124168
-0.9579	-0.287102	-0
-0.70763	-0.706583	-0
-0.862748	-0.505634	-0.00101733
-0.956947	-0.290261	0.000982517
-0.506944	-0.861978	0.00118204
-0.702627	-0.711557	-0.00120657
-0.527363	-0.84964	0
-0.959459	-0.281847	-0.00099725
-0.866046	-0.499964	0
-0.991518	-0.129966	0.00130109
-0.995832	-0.0912117	-0.000153343
-0.995651	-0.0931603	0
-0.992859	-0.119287	0.00155612
-0.325271	-0.94562	-0.00111587
-0.290091	-0.956999	-0.000195818
-0.957638	-0.287972	-0.0011643
-0.995868	-0.0908087	-0
-0.946798	-0.321828	-0
-0.990504	-0.137482	-0.00122468
-0.290267	-0.956946	0.000196121
-0.0973767	-0.995248	-0
-0.131889	-0.991264	-0.00115456
-0.0991113	-0.995076	0.000211882
-0.326037	-0.945356	0.00110599
-0.88091	-0.473284	-0
-0.72838	-0.685172	0.00146041

#	Mesh	0	End

