#	Mesh	0	Begin

#	Vertex	72
60.8983	74.16	-2.91915
60.8975	74.1691	-2.91671
60.8968	74.1776	-2.91273
60.8962	74.1852	-2.90734
60.8957	74.1919	-2.90068
60.8952	74.1973	-2.89297
60.8949	74.2012	-2.88444
60.8947	74.2037	-2.87535
60.8947	74.2045	-2.86597
60.8947	74.2037	-2.85659
60.8949	74.2012	-2.8475
60.8952	74.1973	-2.83897
60.8957	74.1919	-2.83126
60.8962	74.1852	-2.8246
60.8968	74.1776	-2.8192
60.8975	74.1691	-2.81523
60.8983	74.16	-2.81279
60.899	74.1506	-2.81197
60.8998	74.1413	-2.81279
60.9005	74.1322	-2.81523
60.9012	74.1237	-2.8192
60.9018	74.1161	-2.8246
60.9024	74.1094	-2.83126
60.9028	74.104	-2.83897
60.9031	74.1001	-2.8475
60.9033	74.0976	-2.85659
60.9034	74.0968	-2.86597
60.9033	74.0976	-2.87535
60.9031	74.1001	-2.88444
60.9028	74.104	-2.89297
60.9024	74.1094	-2.90068
60.9018	74.1161	-2.90734
60.9012	74.1237	-2.91273
60.9005	74.1322	-2.91671
60.8998	74.1413	-2.91915
60.899	74.1506	-2.91997
66.9309	74.6484	-2.91915
66.9301	74.6575	-2.91671
66.9294	74.666	-2.91273
66.9288	74.6737	-2.90734
66.9283	74.6803	-2.90068
66.9278	74.6857	-2.89297
66.9275	74.6897	-2.88444
66.9273	74.6921	-2.87535
66.9273	74.6929	-2.86597
66.9273	74.6921	-2.85659
66.9275	74.6897	-2.8475
66.9278	74.6857	-2.83897
66.9283	74.6803	-2.83126
66.9288	74.6737	-2.8246
66.9294	74.666	-2.8192
66.9301	74.6575	-2.81523
66.9309	74.6484	-2.81279
66.9316	74.6391	-2.81197
66.9324	74.6297	-2.81279
66.9331	74.6207	-2.81523
66.9338	74.6122	-2.8192
66.9344	74.6045	-2.8246
66.9349	74.5979	-2.83126
66.9354	74.5925	-2.83897
66.9357	74.5885	-2.8475
66.9359	74.5861	-2.85659
66.936	74.5853	-2.86597
66.9359	74.5861	-2.87535
66.9357	74.5885	-2.88444
66.9354	74.5925	-2.89297
66.9349	74.5979	-2.90068
66.9344	74.6045	-2.90734
66.9338	74.6122	-2.91273
66.9331	74.6207	-2.91671
66.9324	74.6297	-2.91915
66.9316	74.6391	-2.91997

#	Triangle	89
35	36	71
0	36	35
0	37	36	1	37	0
1	38	37
2	38	1
2	39	38
3	39	2
3	40	39
4	40	3
4	41	40
5	41	4
5	42	41
6	42	5
6	43	42
7	43	6
7	44	43
8	44	7
8	45	44
9	45	8
9	46	45
10	46	9
10	47	46
11	47	10
11	48	47
12	48	11
12	49	48
13	49	12
13	50	49
14	50	13
14	51	50
15	51	14
15	52	51	16	52	15
16	53	52
17	53	16
17	54	53	18	54	17
18	55	54	19	55	18
19	56	55	20	56	19
20	57	56
21	57	20
21	58	57
22	58	21
22	59	58
23	59	22
23	60	59
24	60	23
24	61	60
25	61	24
25	62	61
26	62	25
26	63	62
27	63	26
27	64	63
28	64	27
28	65	64
29	65	28
29	66	65
30	66	29
30	67	66
31	67	30
31	68	67
32	68	31
32	69	68	33	69	32
33	70	69	34	70	33
34	71	70	35	71	34
7	9	8	26	25	27
6	9	7	27	25	24
6	10	9	27	24	28
5	10	6	5	11	10	28	23	29	28	24	23
4	11	5	4	12	11	29	22	30	29	23	22
3	12	4	3	13	12	30	21	31	30	22	21
2	13	3	2	14	13	31	20	32	31	21	20
1	14	2	1	15	14	32	19	33	32	20	19
0	15	1	0	16	15	33	18	34	33	19	18
35	16	0	35	17	16	34	17	35	34	18	17
45	43	44	62	63	61
46	43	45	61	63	64
46	42	43	61	64	60
47	42	46	47	41	42
48	41	47	48	40	41
49	40	48	49	39	40	58	67	57	58	66	67
50	39	49	50	38	39
51	38	50	51	37	38
52	37	51	52	36	37	55	70	54	55	69	70
53	36	52	53	71	36
54	71	53	54	70	71
56	69	55	56	68	69
57	68	56	57	67	68
59	66	58	59	65	66
60	65	59	60	64	65

#	Normal	89
-0.00703548	0.0868937	-0.996193
-0.007035	0.0868879	-0.996193
-0.0208875	0.257978	-0.965925
-0.034089	0.421026	-0.906408
-0.0340911	0.421052	-0.906396
-0.0462819	0.571618	-0.819214
-0.0463127	0.571989	-0.818953
-0.0570718	0.70487	-0.707036
-0.0570375	0.704458	-0.70745
-0.0661009	0.816398	-0.573694
-0.0661346	0.816801	-0.573116
-0.0731562	0.903522	-0.422251
-0.0731295	0.903206	-0.422931
-0.0779497	0.96274	-0.25895
-0.077949	0.962732	-0.258981
-0.0803936	0.992924	-0.0873986
-0.0804003	0.992993	-0.0866108
-0.0803948	0.992924	0.0873986
-0.0803991	0.992993	0.0866108
-0.0779497	0.96274	0.25895
-0.0779491	0.962732	0.258981
-0.073155	0.903522	0.422251
-0.0731306	0.903206	0.422931
-0.066102	0.816398	0.573694
-0.0661335	0.816801	0.573116
-0.0570709	0.70487	0.707036
-0.0570384	0.704458	0.70745
-0.0462826	0.571618	0.819214
-0.046312	0.571989	0.818953
-0.034089	0.421026	0.906408
-0.0340911	0.421052	0.906396
-0.0208875	0.257978	0.965925
-0.00703547	0.0868937	0.996193
-0.00703501	0.0868879	0.996193
0.00703501	-0.0868879	0.996193
0.0208876	-0.257978	0.965925
0.0340911	-0.421052	0.906396
0.0463107	-0.571974	0.818964
0.046312	-0.571989	0.818953
0.0570709	-0.70487	0.707036
0.0570384	-0.704458	0.70745
0.0661045	-0.816429	0.573649
0.0661336	-0.816801	0.573116
0.0731274	-0.903181	0.422986
0.0731294	-0.903206	0.422931
0.0779496	-0.96274	0.25895
0.077949	-0.962732	0.258981
0.0803993	-0.992996	0.0865776
0.0803992	-0.992993	0.0866108
0.0803994	-0.992996	-0.0865776
0.0803991	-0.992993	-0.0866108
0.0779497	-0.96274	-0.25895
0.077949	-0.962732	-0.258981
0.0731273	-0.903181	-0.422986
0.0731295	-0.903206	-0.422931
0.0661035	-0.81643	-0.573649
0.0661346	-0.816801	-0.573116
0.0570718	-0.70487	-0.707036
0.0570375	-0.704458	-0.70745
0.0463107	-0.571974	-0.818964
0.046312	-0.571989	-0.818953
0.0340911	-0.421052	-0.906396
0.0208876	-0.257978	-0.965925
0.00703501	-0.0868879	-0.996193
-1.52375e-005	-1.24538e-006	-0
-4.55661e-005	-3.73613e-006	0
-8.97478e-005	-7.35874e-006	-0
-0.996759	-0.0804471	0
-0.996762	-0.0804074	0
-0.996721	-0.0809103	0
-0.996746	-0.0806117	0
-0.996751	-0.0805455	0
-0.996733	-0.0807697	0
-0.996727	-0.0808382	0
1.53841e-005	1.17212e-006	-0
4.55661e-005	3.66287e-006	0
8.97478e-005	7.21445e-006	-0
0.996746	0.0806047	0
0.996713	0.0810101	0
0.996714	0.081005	0
0.996793	0.0800271	0
0.996677	0.0814548	0
0.996733	0.0807697	0
0.996794	0.0800102	0
0.996727	0.0808382	0
0.996751	0.0805455	0
0.996705	0.0811153	0
0.996829	0.0795727	0
0.9966	0.082396	0

#	Mesh	0	End

