#	Mesh	0	Begin

#	Vertex	101
55.7311	43.9808	-2.599
55.6504	44.9776	-2.599
55.6504	44.9776	-3.399
55.7311	43.9808	-3.399
96.0005	47.2413	-2.599
96.0005	47.2413	-3.399
95.9523	47.8363	-3.399
95.9523	47.8363	-2.599
95.4999	47.7996	-2.599
95.4674	48.2014	-2.599
95.4674	48.2014	-3.399
88.7077	47.6541	-3.399
88.7077	47.6541	-3.32062
88.7077	47.6541	-2.629
88.5083	47.638	-2.629
88.5083	47.638	-3.32062
88.5083	47.638	-3.399
86.4031	47.4675	-3.399
86.4031	47.4675	-3.09249
87.3001	47.5402	-2.99249
84.5093	47.3142	-2.99249
85.4063	47.3868	-3.09249
85.4063	47.3868	-3.399
83.4425	47.2278	-3.399
83.4425	47.2278	-3.32062
83.4425	47.2278	-2.629
83.2432	47.2117	-2.629
83.2432	47.2117	-3.32062
83.2432	47.2117	-3.399
76.2889	46.6486	-3.399
76.2889	46.6486	-3.09207
77.186	46.7212	-2.99207
74.3951	46.4953	-2.99207
75.2922	46.5679	-3.09207
75.2922	46.5679	-3.399
68.3444	46.0054	-3.399
68.3444	46.0054	-2.879
68.145	45.9892	-2.879
68.145	45.9892	-3.399
66.1687	45.8292	-3.399
66.1687	45.8292	-3.09215
67.0657	45.9018	-2.99215
64.2749	45.6759	-2.99215
65.1719	45.7485	-3.09215
65.1719	45.7485	-3.399
63.0316	45.5752	-3.399
63.0316	45.5752	-3.32389
63.222	45.5906	-3.32389
63.222	45.5906	-2.62388
62.4246	45.5261	-2.62388
62.4246	45.5261	-3.32389
62.8323	45.5591	-3.32389
62.8323	45.5591	-3.399
62.8439	45.415	-3.399
63.0433	45.4311	-3.399
65.2527	44.7518	-3.399
65.2527	44.7518	-3.0971
64.3556	44.6791	-2.99709
67.1465	44.9051	-2.99709
66.2494	44.8325	-3.0971
66.2494	44.8325	-3.399
75.3729	45.5712	-3.399
75.3729	45.5712	-3.09708
74.4758	45.4985	-2.99708
77.2667	45.7245	-2.99708
76.3696	45.6519	-3.09708
76.3696	45.6519	-3.399
85.487	46.3901	-3.399
85.487	46.3901	-3.09751
84.59	46.3174	-2.99751
87.3808	46.5434	-2.99751
86.4838	46.4708	-3.09751
86.4838	46.4708	-3.399
83.2548	47.0685	-3.399
83.4541	47.0846	-3.399
63.2231	45.5769	-2.62397
62.4257	45.5124	-2.62397
62.4257	45.5124	-3.32399
62.8334	45.5454	-3.32399
63.2231	45.5769	-3.32399
95.4999	47.7996	-3.399
88.5199	47.4948	-3.399
88.7193	47.5109	-3.399
68.1567	45.8452	-3.399
68.3561	45.8613	-3.399
63.0327	45.5615	-3.32399
63.0327	45.5615	-2.879
62.8334	45.5454	-2.879
83.4541	47.0846	-2.629
83.2548	47.0685	-2.629
83.4541	47.0846	-3.00244
88.7193	47.5109	-2.629
88.5199	47.4948	-2.629
88.5199	47.4948	-3.00244
63.0433	45.4311	-2.879
62.8439	45.415	-2.879
62.8439	45.415	-3.00245
63.0433	45.4311	-3.00245
68.3561	45.8613	-2.879
68.1567	45.8452	-2.879
68.1567	45.8452	-3.00245

#	Triangle	78
3	1	2	0	1	3	18	72	71	17	72	18	30	66	65	29	66	30
7	5	6	4	5	7
8	4	7	8	0	4	9	0	8	1	0	9
11	9	10	11	12	9	12	13	9	23	21	22	39	37	38	2	49	50	2	1	49
13	1	9
14	1	13
17	15	16	17	14	15	17	18	19	29	27	28	29	26	27	29	30	31	35	33	34	35	36	32	39	40	41	2	51	52
17	19	14
19	25	14
25	1	14
20	25	19	36	48	32
23	20	21
23	24	20	24	25	20	45	43	44
26	1	25
29	31	26
31	48	26
48	1	26
32	48	31
35	32	33
37	48	36
39	41	37
41	48	37
42	48	41
45	42	43
45	47	42
47	48	42
45	46	47	86	79	85	86	75	79
49	1	48
2	50	51
3	44	55	3	54	44	54	45	44	3	53	54	3	52	53	3	2	52	66	22	67	66	74	22	74	23	22	66	73	74	66	28	73	66	29	28	72	6	5	72	80	6	72	10	80	72	82	10	82	11	10	72	81	82	72	16	81	72	17	16	60	34	61	60	84	34	84	35	34	60	83	84	60	38	83	60	39	38	25	89	26	88	89	25	13	92	14	91	92	13	86	95	87	94	95	86	36	99	37	98	99	36
4	72	5	4	71	72	56	3	55	56	0	3
68	66	67	68	65	66	62	60	61	62	59	60
4	70	71
69	65	68
62	58	59
57	0	56
69	64	65
63	58	62
4	69	70
4	64	69
63	57	58
63	0	57
4	63	64
4	0	63
49	75	76	48	75	49
50	76	77	49	76	50
51	77	78	50	77	51	85	47	46	79	47	85
79	48	47	75	48	79	85	46	45
6	8	7	80	8	6
9	80	10	8	80	9
41	57	42	58	57	41
40	60	59	39	60	40
56	44	43	55	44	56
42	56	43	57	56	42
58	40	59	41	40	58
69	19	70	20	19	69
68	22	21	67	22	68	62	34	33	61	34	62
68	20	69
21	20	68
70	18	71	19	18	70
63	31	64	32	31	63
62	32	63	33	32	62
64	30	65	31	30	64
76	78	77	76	87	78
76	86	87	76	75	86
27	73	28	27	89	73	26	89	27
89	74	73	89	90	74	89	88	90	93	82	81	93	91	82	92	91	93	96	54	53	96	97	54	95	97	96	95	94	97	100	84	83	100	98	84	99	98	100
90	23	74	90	24	23	90	25	24	88	25	90
15	81	16	15	93	81	14	93	15	14	92	93
91	11	82	91	12	11	91	13	12
51	53	52
51	78	53
78	96	53	87	96	78	87	95	96
97	45	54
97	85	45
97	86	85	94	86	97
37	83	38	37	100	83	37	99	100
84	36	35	98	36	84

#	Normal	78
-0.996738	-0.0807031	0
0.996738	0.080706	0
-0	-0	1
-0.0807022	0.996738	-0
-0.0807025	0.996738	6.89941e-005
-0.0807045	0.996735	-0.00237451
-0.0807032	0.996738	-0
-0.0807028	0.996738	-1.11929e-006
-0.0807026	0.996738	-1.77506e-006
-0.0807026	0.996738	-6.32749e-005
-0.0807031	0.996738	-7.38694e-006
-0.0807027	0.996738	5.46706e-006
-0.0807006	0.996738	-0
-0.0807015	0.996738	0.000911827
-0.0807024	0.996738	-2.08859e-006
-0.0807026	0.996738	2.2033e-006
-0.0807026	0.996738	-9.15145e-005
-0.0807031	0.996738	-1.73082e-005
-0.0807029	0.996738	3.62493e-006
-0.0807047	0.996738	-4.55327e-005
-0.0807012	0.996738	-4.68415e-006
-0.0807021	0.996738	4.33734e-006
-0.0807017	0.996738	8.43019e-006
-0.0807	0.996738	-9.47103e-006
-0.0807449	0.996735	0.000128555
-0.0807047	0.996738	-0
-0.0806945	0.996739	-0
-0.0807031	0.996738	-0.000240798
-0.0807071	0.996738	0.000444273
-0	0	-1
0.0807027	-0.996738	-0
0.0807024	-0.996738	-0
0.0807021	-0.996738	1.08382e-005
0.0807024	-0.996738	-8.07449e-006
0.0807023	-0.996738	-3.03058e-005
0.080702	-0.996738	-1.19027e-005
0.0807022	-0.996738	1.00432e-005
0.0807026	-0.996738	-5.97615e-006
0.0807031	-0.996738	-1.14946e-005
0.0807022	-0.996738	1.55224e-005
3.41367e-006	-4.21618e-005	1.6246e-005
0.0807024	-0.996738	-2.31928e-006
0.0807031	-0.996738	-2.88815e-005
0.0807025	-0.996738	3.15652e-006
-0.000547296	0.00675948	-0.999977
0.996741	0.080671	-0
0.000548756	-0.00677717	0.999977
-0.996741	-0.080671	0
-0.0807618	0.996733	-0
0.996734	0.0807519	0
-0.000399351	0.0049291	-0.999988
-0.996734	-0.0807581	-0
0.996733	0.080762	0
0.110468	0.00401972	0.993872
-0.109674	-0.0138172	0.993872
-0.000404771	0.0049992	-0.999987
0.996738	0.0807031	0
0.110474	0.00394358	0.993871
0.110474	0.00394332	0.993871
-0.109669	-0.0138811	0.993871
-0.000404358	0.00499409	-0.999987
0.110473	0.00394864	0.993871
-0.10967	-0.0138757	0.993871
-0.0807071	0.996738	-0
-0.0807031	0.996738	6.46e-006
0.99673	0.0808064	0
-0.0807629	0.996733	-0
-0.996734	-0.0807589	-0
0.996733	0.0807611	0
-0.996733	-0.0807677	-0
0.996733	0.0807644	0
0.996741	0.0806697	0.00018276
0.996732	0.0807742	-0
-0.996735	-0.080744	-0
-0.996729	-0.080818	-2.70406e-005
-0.996734	-0.0807517	0
0.996733	0.0807658	0
-0.996733	-0.0807723	0

#	Mesh	0	End

