#	Mesh	0	Begin

#	Vertex	20
97.5254	-16.3007	0.712
97.6824	-16.288	0.712
97.6188	-15.5031	0.712
97.4746	-15.6728	0.712
97.5254	-16.3007	1.112
97.6824	-16.288	1.112
97.6188	-15.5031	1.112
97.4746	-15.6728	1.112
100.191	-16.2929	0.712
100.107	-15.2513	0.712
97.6148	-15.4532	0.712
97.6992	-16.4948	0.712
100.191	-16.2929	1.512
100.107	-15.2513	1.512
97.6148	-15.4532	1.512
97.6992	-16.4948	1.512
97.7012	-16.5197	0.712
100.193	-16.3178	0.712
97.7012	-16.5197	1.512
100.193	-16.3178	1.512

#	Triangle	13
3	4	7	0	4	3
0	5	4	1	5	0
1	6	5	2	6	1
2	7	6	3	7	2
3	1	0	2	1	3	11	9	8	10	9	11	8	16	11	17	16	8
4	6	7	5	6	4	12	14	15	13	14	12	15	19	12	18	19	15
11	12	15	8	12	11
8	13	12	9	13	8
9	14	13	10	14	9	8	15	12	11	15	8
10	15	14	11	15	10
11	18	15	16	18	11
16	19	18	17	19	16
17	12	19	8	12	17

#	Normal	13
-0.996733	-0.0807663	0
0.0807669	-0.996733	-0
0.996733	0.080764	-0
-0.761903	0.647691	-0
0	-0	-1
-0	-0	1
0.0807611	-0.996733	-0
0.996734	0.0807566	-0
-0.0807613	0.996733	-0
-0.996733	-0.0807641	0
-0.996744	-0.0806271	0
0.0807609	-0.996734	-0
0.996719	0.0809375	-0

#	Mesh	0	End

