#	Mesh	0	Begin

#	Vertex	72
53.071	81.9289	0.91087
53.0712	81.9265	0.910225
53.0714	81.9243	0.909173
53.0716	81.9222	0.907744
53.0717	81.9205	0.905983
53.0718	81.9191	0.903942
53.0719	81.918	0.901685
53.072	81.9174	0.899279
53.072	81.9172	0.896797
53.072	81.9174	0.894316
53.0719	81.918	0.89191
53.0718	81.9191	0.889652
53.0717	81.9205	0.887612
53.0716	81.9222	0.88585
53.0714	81.9243	0.884422
53.0712	81.9265	0.883369
53.071	81.9289	0.882724
53.0708	81.9314	0.882507
53.0706	81.9339	0.882724
53.0705	81.9363	0.883369
53.0703	81.9385	0.884422
53.0701	81.9406	0.88585
53.07	81.9423	0.887612
53.0698	81.9437	0.889652
53.0698	81.9448	0.89191
53.0697	81.9454	0.894316
53.0697	81.9456	0.896797
53.0697	81.9454	0.899279
53.0698	81.9448	0.901685
53.0698	81.9437	0.903942
53.07	81.9423	0.905983
53.0701	81.9406	0.907744
53.0703	81.9385	0.909173
53.0705	81.9363	0.910225
53.0706	81.9339	0.91087
53.0708	81.9314	0.911087
54.2156	82.0217	0.91087
54.2158	82.0193	0.910225
54.2159	82.017	0.909173
54.2161	82.015	0.907744
54.2162	82.0132	0.905983
54.2164	82.0118	0.903942
54.2164	82.0108	0.901685
54.2165	82.0101	0.899279
54.2165	82.0099	0.896797
54.2165	82.0101	0.894316
54.2164	82.0108	0.89191
54.2164	82.0118	0.889652
54.2162	82.0132	0.887612
54.2161	82.015	0.88585
54.2159	82.017	0.884422
54.2158	82.0193	0.883369
54.2156	82.0217	0.882724
54.2154	82.0241	0.882507
54.2152	82.0266	0.882724
54.215	82.029	0.883369
54.2148	82.0313	0.884422
54.2146	82.0333	0.88585
54.2145	82.035	0.887612
54.2144	82.0365	0.889652
54.2143	82.0375	0.89191
54.2142	82.0382	0.894316
54.2142	82.0384	0.896797
54.2142	82.0382	0.899279
54.2143	82.0375	0.901685
54.2144	82.0365	0.903942
54.2145	82.035	0.905983
54.2146	82.0333	0.907744
54.2148	82.0313	0.909173
54.215	82.029	0.910225
54.2152	82.0266	0.91087
54.2154	82.0241	0.911087

#	Triangle	101
35	36	71	0	36	35
0	37	36	1	37	0
1	38	37
2	38	1
2	39	38
3	39	2
3	40	39	4	40	3
4	41	40
5	41	4
5	42	41	6	42	5
6	43	42
7	43	6
7	44	43
8	44	7
8	45	44
9	45	8
9	46	45
10	46	9
10	47	46	11	47	10
11	48	47
12	48	11
12	49	48	13	49	12
13	50	49
14	50	13
14	51	50
15	51	14
15	52	51	16	52	15
16	53	52	17	53	16
17	54	53
18	54	17
18	55	54
19	55	18
19	56	55	20	56	19
20	57	56
21	57	20
21	58	57
22	58	21
22	59	58
23	59	22
23	60	59
24	60	23
24	61	60
25	61	24
25	62	61
26	62	25
26	63	62
27	63	26
27	64	63
28	64	27
28	65	64
29	65	28
29	66	65
30	66	29
30	67	66
31	67	30
31	68	67
32	68	31
32	69	68	33	69	32
33	70	69
34	70	33
34	71	70
35	71	34
7	9	8	26	25	27
6	9	7	27	25	24
6	10	9
5	10	6	28	24	23
5	11	10	28	23	29
4	11	5	29	23	22
4	12	11	29	22	30
3	12	4	30	22	21
3	13	12	30	21	31
2	13	3
2	14	13	31	20	32
1	14	2	32	20	19
1	15	14	32	19	33
0	15	1	33	19	18
0	16	15	33	18	34
35	16	0
35	17	16	34	17	35
34	18	17
31	21	20
27	24	28
45	43	44	62	63	61
46	43	45	61	63	64
46	42	43
47	42	46	60	64	65
47	41	42	60	65	59
48	41	47	59	65	66
48	40	41	59	66	58
49	40	48	58	66	67
49	39	40	58	67	57
50	39	49	57	67	68
50	38	39	57	68	56
51	38	50
51	37	38	56	69	55
52	37	51	55	69	70
52	36	37	55	70	54
53	36	52	54	70	71
53	71	36	54	71	53
56	68	69
61	64	60

#	Normal	101
0.00703008	-0.0867644	0.996204
0.0209001	-0.257947	0.965933
0.0341362	-0.421304	0.906277
0.0341324	-0.421256	0.906299
0.0463564	-0.572122	0.818857
0.046361	-0.572182	0.818815
0.0570726	-0.704382	0.707523
0.0661905	-0.816914	0.572949
0.0661859	-0.816855	0.573034
0.0732225	-0.903699	0.42186
0.078023	-0.962946	0.258162
0.0779685	-0.962196	0.260958
0.0804535	-0.992863	0.0880317
0.080468	-0.993122	0.0850546
0.0804471	-0.992864	-0.0880317
0.0804744	-0.993121	-0.0850546
0.0780291	-0.962944	-0.258168
0.0779621	-0.962195	-0.260965
0.0732225	-0.903699	-0.42186
0.0661913	-0.816922	-0.572937
0.0661863	-0.816863	-0.573022
0.0570726	-0.704382	-0.707523
0.0463562	-0.572122	-0.818857
0.0463612	-0.572182	-0.818815
0.0341347	-0.421284	-0.906286
0.0341306	-0.421236	-0.906309
0.0209001	-0.257947	-0.965933
0.00703008	-0.0867644	-0.996204
-0.0070292	0.0867535	-0.996205
-0.00705263	0.087035	-0.99618
-0.0209045	0.257978	-0.965925
-0.0209019	0.257946	-0.965933
-0.0341335	0.421236	-0.906309
-0.0463649	0.572182	-0.818815
-0.0462425	0.570719	-0.819842
-0.0570674	0.704319	-0.707586
-0.0570727	0.704382	-0.707523
-0.0661913	0.816922	-0.572937
-0.0661863	0.816863	-0.573022
-0.0732222	0.903699	-0.42186
-0.0732264	0.903748	-0.421756
-0.0780254	0.962976	-0.25805
-0.0780226	0.962944	-0.258168
-0.0804459	0.992853	-0.0881574
-0.0804471	0.992864	-0.0880317
-0.0804462	0.992853	0.0881574
-0.0804468	0.992864	0.0880317
-0.0780252	0.962977	0.258043
-0.078023	0.962946	0.258162
-0.0732225	0.903699	0.42186
-0.0732261	0.903748	0.421756
-0.0661905	0.816914	0.572949
-0.0661859	0.816855	0.573034
-0.0570676	0.704319	0.707586
-0.0570726	0.704382	0.707523
-0.046361	0.572182	0.818815
-0.0462464	0.570718	0.819842
-0.0341351	0.421256	0.906299
-0.0209044	0.257978	0.965925
-0.0209019	0.257946	0.965933
-0.00702981	0.0867534	0.996205
-0.00705202	0.0870351	0.99618
-1.04686e-006	-9.69315e-008	-0
-3.21812e-006	-2.52022e-007	-0
-6.33845e-006	-4.96385e-007	-0
-1.02332e-005	-8.40036e-007	-0
-1.49598e-005	-1.22804e-006	-0
-2.03186e-005	-1.67461e-006	-0
-2.61211e-005	-2.15283e-006	-0
-3.22925e-005	-2.5834e-006	-0
-3.84848e-005	-3.07878e-006	-0
-4.44713e-005	-3.59191e-006	-0
-5.02754e-005	-4.06071e-006	-0
-5.56897e-005	-4.54412e-006	-0
-6.04269e-005	-4.93066e-006	-0
-6.44134e-005	-5.24539e-006	-0
-6.7506e-005	-5.49723e-006	-0
-6.97049e-005	-5.60717e-006	-0
-7.07802e-005	-5.69368e-006	-0
-6.9485e-005	-5.60717e-006	-0
-4.46423e-005	-3.59191e-006	-0
-6.26209e-006	-5.34568e-007	-0
1.08563e-006	7.75452e-008	-0
3.17935e-006	2.71408e-007	-0
6.26209e-006	5.34568e-007	-0
1.02332e-005	8.40036e-007	-0
1.49598e-005	1.22804e-006	-0
2.03186e-005	1.61879e-006	-0
2.61211e-005	2.08107e-006	-0
3.22925e-005	2.5834e-006	-0
3.84848e-005	3.07878e-006	-0
4.44713e-005	3.67743e-006	-0
5.02754e-005	4.15739e-006	-0
5.56897e-005	4.44744e-006	-0
6.04269e-005	4.82576e-006	-0
6.44134e-005	5.24539e-006	-0
6.7506e-005	5.49723e-006	-0
6.97049e-005	5.60717e-006	-0
7.07802e-005	5.69368e-006	-0
5.56897e-005	4.54412e-006	-0
6.26209e-006	4.96385e-007	-0

#	Mesh	0	End

