#	Mesh	0	Begin

#	Vertex	72
92.8392	96.0428	0.7043
92.83	96.0403	0.7043
92.8213	96.0362	0.7043
92.8134	96.0308	0.7043
92.8067	96.024	0.7043
92.8012	96.0161	0.7043
92.7971	96.0074	0.7043
92.7946	95.9982	0.7043
92.7938	95.9886	0.7043
92.7946	95.9791	0.7043
92.7971	95.9698	0.7043
92.8012	95.9611	0.7043
92.8067	95.9533	0.7043
92.8134	95.9465	0.7043
92.8213	95.941	0.7043
92.83	95.9369	0.7043
92.8392	95.9345	0.7043
92.8488	95.9336	0.7043
92.8583	95.9345	0.7043
92.8676	95.9369	0.7043
92.8763	95.941	0.7043
92.8841	95.9465	0.7043
92.8909	95.9533	0.7043
92.8964	95.9611	0.7043
92.9005	95.9698	0.7043
92.903	95.9791	0.7043
92.9038	95.9886	0.7043
92.903	95.9982	0.7043
92.9005	96.0074	0.7043
92.8964	96.0161	0.7043
92.8909	96.024	0.7043
92.8841	96.0308	0.7043
92.8763	96.0362	0.7043
92.8676	96.0403	0.7043
92.8583	96.0428	0.7043
92.8488	96.0436	0.7043
92.8392	96.0428	1.04065
92.83	96.0403	1.04065
92.8213	96.0362	1.04065
92.8134	96.0308	1.04065
92.8067	96.024	1.04065
92.8012	96.0161	1.04065
92.7971	96.0074	1.04065
92.7946	95.9982	1.04065
92.7938	95.9886	1.04065
92.7946	95.9791	1.04065
92.7971	95.9698	1.04065
92.8012	95.9611	1.04065
92.8067	95.9533	1.04065
92.8134	95.9465	1.04065
92.8213	95.941	1.04065
92.83	95.9369	1.04065
92.8392	95.9345	1.04065
92.8488	95.9336	1.04065
92.8583	95.9345	1.04065
92.8676	95.9369	1.04065
92.8763	95.941	1.04065
92.8841	95.9465	1.04065
92.8909	95.9533	1.04065
92.8964	95.9611	1.04065
92.9005	95.9698	1.04065
92.903	95.9791	1.04065
92.9038	95.9886	1.04065
92.903	95.9982	1.04065
92.9005	96.0074	1.04065
92.8964	96.0161	1.04065
92.8909	96.024	1.04065
92.8841	96.0308	1.04065
92.8763	96.0362	1.04065
92.8676	96.0403	1.04065
92.8583	96.0428	1.04065
92.8488	96.0436	1.04065

#	Triangle	44
35	36	71	0	36	35
0	37	36	1	37	0
1	38	37	2	38	1
2	39	38	3	39	2
3	40	39	4	40	3
4	41	40	5	41	4
5	42	41	6	42	5
6	43	42	7	43	6
7	44	43	8	44	7
8	45	44	9	45	8
9	46	45	10	46	9
10	47	46	11	47	10
11	48	47	12	48	11
12	49	48	13	49	12
13	50	49	14	50	13
14	51	50	15	51	14
15	52	51	16	52	15
16	53	52	17	53	16
17	54	53	18	54	17
18	55	54	19	55	18
19	56	55	20	56	19
20	57	56	21	57	20
21	58	57	22	58	21
22	59	58	23	59	22
23	60	59	24	60	23
24	61	60	25	61	24
25	62	61	26	62	25
26	63	62	27	63	26
27	64	63	28	64	27
28	65	64	29	65	28
29	66	65	30	66	29
30	67	66	31	67	30
31	68	67	32	68	31
32	69	68	33	69	32
33	70	69	34	70	33
34	71	70	35	71	34
7	9	8	26	25	27
6	9	7	27	25	24
6	10	9	27	24	28
5	10	6	5	11	10	4	11	5	4	12	11	3	12	4	3	13	12	2	13	3	2	14	13	1	14	2	1	15	14	0	15	1	0	16	15	35	16	0	35	17	16	34	17	35	34	18	17	33	18	34	33	19	18	32	19	33	32	20	19	31	20	32	31	21	20	30	21	31	30	22	21	29	22	30	29	23	22	28	23	29	28	24	23
45	43	44	62	63	61
46	43	45	61	63	64
46	42	43	61	64	60
47	42	46	47	41	42	48	41	47	48	40	41	49	40	48	49	39	40	50	39	49	50	38	39	51	38	50	51	37	38	52	37	51	52	36	37	53	36	52	53	71	36	54	71	53	54	70	71	55	70	54	55	69	70	56	69	55	56	68	69	57	68	56	57	67	68	58	67	57	58	66	67	59	66	58	59	65	66	60	65	59	60	64	65

#	Normal	44
-0.0871568	0.996195	-0
-0.259184	0.965828	-0
-0.42293	0.906162	-0
-0.573189	0.819423	-0
-0.707107	0.707107	-0
-0.81904	0.573736	-0
-0.906308	0.422618	-0
-0.966032	0.258424	-0
-0.996188	0.0872276	-0
-0.996195	-0.0871568	0
-0.966032	-0.258424	0
-0.906162	-0.42293	0
-0.819308	-0.573353	0
-0.706699	-0.707514	0
-0.573736	-0.81904	0
-0.42293	-0.906162	0
-0.258424	-0.966032	0
-0.0871568	-0.996195	0
0.0872276	-0.996188	-0
0.25822	-0.966086	-0
0.42293	-0.906162	-0
0.573736	-0.81904	-0
0.706699	-0.707514	-0
0.819308	-0.573353	-0
0.906474	-0.422261	-0
0.965828	-0.259184	-0
0.996195	-0.0871568	-0
0.996188	0.0872276	-0
0.965828	0.259184	-0
0.90662	0.421949	-0
0.81904	0.573736	-0
0.707107	0.707107	-0
0.573189	0.819423	-0
0.42293	0.906162	-0
0.25898	0.965883	-0
0.0872276	0.996188	-0
-0	-0	-1.59677e-005
-0	-0	-4.73062e-005
-0	-0	-9.31613e-005
-0	-0	-1
-0	-0	1.59677e-005
-0	-0	4.73062e-005
-0	-0	9.31613e-005
-0	-0	1

#	Mesh	0	End

