#	Mesh	0	Begin

#	Vertex	72
85.256	113.456	2.18914
85.2555	113.442	2.19294
85.255	113.429	2.19913
85.2545	113.417	2.20755
85.2541	113.407	2.21792
85.2538	113.398	2.22993
85.2536	113.392	2.24322
85.2534	113.388	2.25739
85.2534	113.387	2.272
85.2534	113.388	2.28661
85.2536	113.392	2.30078
85.2538	113.398	2.31407
85.2541	113.407	2.32608
85.2545	113.417	2.33645
85.255	113.429	2.34487
85.2555	113.442	2.35106
85.256	113.456	2.35486
85.2565	113.471	2.35614
85.2571	113.486	2.35486
85.2576	113.5	2.35106
85.2581	113.513	2.34487
85.2586	113.525	2.33645
85.259	113.535	2.32608
85.2593	113.544	2.31407
85.2595	113.55	2.30078
85.2597	113.554	2.28661
85.2597	113.555	2.272
85.2597	113.554	2.25739
85.2595	113.55	2.24322
85.2593	113.544	2.22993
85.259	113.535	2.21792
85.2586	113.525	2.20755
85.2581	113.513	2.19913
85.2576	113.5	2.19294
85.2571	113.486	2.18914
85.2565	113.471	2.18786
81.7881	113.586	2.18914
81.7876	113.572	2.19294
81.7871	113.559	2.19913
81.7866	113.547	2.20755
81.7862	113.537	2.21792
81.7859	113.528	2.22993
81.7857	113.522	2.24322
81.7855	113.518	2.25739
81.7855	113.517	2.272
81.7855	113.518	2.28661
81.7857	113.522	2.30078
81.7859	113.528	2.31407
81.7862	113.537	2.32608
81.7866	113.547	2.33645
81.7871	113.559	2.34487
81.7876	113.572	2.35106
81.7881	113.586	2.35486
81.7886	113.601	2.35614
81.7892	113.616	2.35486
81.7897	113.63	2.35106
81.7902	113.643	2.34487
81.7907	113.655	2.33645
81.7911	113.665	2.32608
81.7914	113.674	2.31407
81.7916	113.68	2.30078
81.7918	113.684	2.28661
81.7918	113.685	2.272
81.7918	113.684	2.25739
81.7916	113.68	2.24322
81.7914	113.674	2.22993
81.7911	113.665	2.21792
81.7907	113.655	2.20755
81.7902	113.643	2.19913
81.7897	113.63	2.19294
81.7892	113.616	2.18914
81.7886	113.601	2.18786

#	Triangle	86
35	36	71	0	36	35
0	37	36	1	37	0
1	38	37
2	38	1
2	39	38	3	39	2
3	40	39
4	40	3
4	41	40
5	41	4
5	42	41
6	42	5
6	43	42
7	43	6
7	44	43	8	44	7
8	45	44	9	45	8
9	46	45
10	46	9
10	47	46
11	47	10
11	48	47
12	48	11
12	49	48
13	49	12
13	50	49	14	50	13
14	51	50
15	51	14
15	52	51	16	52	15
16	53	52	17	53	16
17	54	53	18	54	17
18	55	54	19	55	18
19	56	55
20	56	19
20	57	56	21	57	20
21	58	57
22	58	21
22	59	58
23	59	22
23	60	59
24	60	23
24	61	60
25	61	24
25	62	61	26	62	25
26	63	62	27	63	26
27	64	63
28	64	27
28	65	64
29	65	28
29	66	65
30	66	29
30	67	66
31	67	30
31	68	67	32	68	31
32	69	68
33	69	32
33	70	69	34	70	33
34	71	70	35	71	34
7	9	8	26	25	27
6	9	7	6	10	9
5	10	6	5	11	10
4	11	5	4	12	11
3	12	4	3	13	12
2	13	3	2	14	13
1	14	2	1	15	14
0	15	1	0	16	15	33	18	34	33	19	18
35	16	0	35	17	16	34	17	35	34	18	17
32	19	33	32	20	19
31	20	32	31	21	20
30	21	31	30	22	21
29	22	30	29	23	22
28	23	29	28	24	23
27	24	28	27	25	24
45	43	44	62	63	61
46	43	45	46	42	43
47	42	46	47	41	42
48	41	47	48	40	41
49	40	48	49	39	40
50	39	49	50	38	39
51	38	50	51	37	38
52	37	51	52	36	37	55	70	54	55	69	70
53	36	52	53	71	36	54	71	53	54	70	71
56	69	55	56	68	69
57	68	56	57	67	68
58	67	57	58	66	67
59	66	58	59	65	66
60	65	59	60	64	65
61	64	60	61	63	64

#	Normal	86
-0.00326454	-0.0870749	-0.996196
-0.00969679	-0.258642	-0.965925
-0.0158348	-0.422361	-0.906289
-0.0158351	-0.422369	-0.906286
-0.0214858	-0.57309	-0.819211
-0.0264969	-0.706752	-0.706965
-0.0264966	-0.706742	-0.706975
-0.0306891	-0.818568	-0.573589
-0.0306894	-0.818577	-0.573576
-0.0339535	-0.905641	-0.422684
-0.0339533	-0.905633	-0.422701
-0.0361858	-0.965181	-0.259069
-0.0361859	-0.965186	-0.259051
-0.0373231	-0.995519	-0.0868891
-0.0373231	-0.995519	0.0868891
-0.0361857	-0.965181	0.259069
-0.036186	-0.965186	0.259051
-0.0339535	-0.905641	0.422684
-0.0339532	-0.905633	0.422701
-0.030689	-0.818568	0.573589
-0.0306894	-0.818577	0.573576
-0.026497	-0.706752	0.706965
-0.0264965	-0.706742	0.706975
-0.0214858	-0.57309	0.819211
-0.0158348	-0.422361	0.906289
-0.0158351	-0.422369	0.906286
-0.00969679	-0.258642	0.965925
-0.00326454	-0.0870749	0.996196
0.00326454	0.0870749	0.996196
0.00969679	0.258642	0.965925
0.0158351	0.422369	0.906286
0.0158348	0.422361	0.906289
0.0214951	0.57334	0.819036
0.0264866	0.706476	0.707241
0.026487	0.706486	0.707231
0.0306894	0.818577	0.573576
0.030689	0.818568	0.573589
0.0339532	0.905633	0.422701
0.0339535	0.905641	0.422684
0.0361909	0.965319	0.258554
0.0361907	0.965314	0.258573
0.0373214	0.995472	0.0874174
0.0373214	0.995472	-0.0874174
0.0361909	0.965319	-0.258554
0.0361908	0.965314	-0.258573
0.0339533	0.905633	-0.422701
0.0339535	0.905641	-0.422684
0.0306894	0.818577	-0.573576
0.0306891	0.818568	-0.573589
0.0264866	0.706476	-0.707241
0.0264869	0.706486	-0.707231
0.0214951	0.57334	-0.819036
0.0158351	0.422369	-0.906286
0.0158348	0.422361	-0.906289
0.00969679	0.258642	-0.965925
0.00326454	0.0870749	-0.996196
3.72107e-005	-1.36972e-006	-0
0.999315	-0.0370117	-0
0.999285	-0.037804	-0
0.99931	-0.0371491	-0
0.99929	-0.0376806	-0
0.999289	-0.037709	-0
0.999314	-0.0370334	-0
0.999297	-0.0375012	-0
0.999299	-0.0374269	-0
0.999292	-0.0376204	-0
0.999288	-0.0377335	-0
0.999319	-0.0369002	-0
0.999275	-0.0380765	-0
0.999332	-0.0365456	-0
0.999234	-0.0391452	-0
-3.72107e-005	1.36972e-006	-0
-0.999237	0.0390648	-0
-0.999332	0.0365456	-0
-0.999275	0.0380765	-0
-0.999318	0.036928	-0
-0.999289	0.037709	-0
-0.999292	0.0376204	-0
-0.999297	0.0375012	-0
-0.999299	0.0374269	-0
-0.999314	0.0370334	-0
-0.999288	0.0377335	-0
-0.999291	0.0376523	-0
-0.99931	0.0371491	-0
-0.999285	0.037804	-0
-0.999312	0.0370879	-0

#	Mesh	0	End

