#	Mesh	0	Begin

#	Vertex	92
-6.8377	102.355	0.89
-6.8417	102.355	0.89
-6.8417	100.275	0.89
-6.8377	100.275	0.89
-6.8377	102.355	1.37
-6.8417	102.355	1.37
-6.8417	100.275	1.37
-6.8377	100.275	1.37
-5.8777	99.3148	0.89
-5.8777	99.3108	0.89
-3.7977	99.3108	0.89
-3.7977	99.3148	0.89
-5.8777	99.3148	1.37
-5.8777	99.3108	1.37
-3.7977	99.3108	1.37
-3.7977	99.3148	1.37
-6.8377	102.315	0.93
-6.8377	100.315	0.93
-6.75054	100.311	0.93
-6.66405	100.3	0.93
-6.57888	100.281	0.93
-6.49568	100.254	0.93
-6.41508	100.221	0.93
-6.3377	100.181	0.93
-6.26412	100.134	0.93
-6.19491	100.081	0.93
-6.13059	100.022	0.93
-6.07165	99.9576	0.93
-6.01854	99.8883	0.93
-5.97167	99.8148	0.93
-5.93139	99.7374	0.93
-5.898	99.6568	0.93
-5.87177	99.5736	0.93
-5.85289	99.4884	0.93
-5.8415	99.4019	0.93
-5.8377	99.3148	0.93
-3.8377	99.3148	0.93
-3.84911	99.5762	0.93
-3.88327	99.8357	0.93
-3.93992	100.091	0.93
-4.01862	100.341	0.93
-4.11877	100.583	0.93
-4.23962	100.815	0.93
-4.38024	101.036	0.93
-4.53956	101.243	0.93
-4.71638	101.436	0.93
-4.90933	101.613	0.93
-5.11697	101.772	0.93
-5.3377	101.913	0.93
-5.56984	102.034	0.93
-5.81164	102.134	0.93
-6.06124	102.213	0.93
-6.31675	102.269	0.93
-6.57623	102.303	0.93
-6.8377	102.315	1.33
-6.8377	100.315	1.33
-6.75054	100.311	1.33
-6.66405	100.3	1.33
-6.57888	100.281	1.33
-6.49568	100.254	1.33
-6.41508	100.221	1.33
-6.3377	100.181	1.33
-6.26412	100.134	1.33
-6.19491	100.081	1.33
-6.13059	100.022	1.33
-6.07165	99.9576	1.33
-6.01854	99.8883	1.33
-5.97167	99.8148	1.33
-5.93139	99.7374	1.33
-5.898	99.6568	1.33
-5.87177	99.5736	1.33
-5.85289	99.4884	1.33
-5.8415	99.4019	1.33
-5.8377	99.3148	1.33
-3.8377	99.3148	1.33
-3.84911	99.5762	1.33
-3.88327	99.8357	1.33
-3.93992	100.091	1.33
-4.01862	100.341	1.33
-4.11877	100.583	1.33
-4.23962	100.815	1.33
-4.38024	101.036	1.33
-4.53956	101.243	1.33
-4.71638	101.436	1.33
-4.90933	101.613	1.33
-5.11697	101.772	1.33
-5.3377	101.913	1.33
-5.56984	102.034	1.33
-5.81164	102.134	1.33
-6.06124	102.213	1.33
-6.31675	102.269	1.33
-6.57623	102.303	1.33

#	Triangle	42
3	4	7	0	4	3	10	15	14	11	15	10
0	5	4	1	5	0	11	12	15	8	12	11
1	6	5	2	6	1	8	13	12	9	13	8	16	55	54	17	55	16
2	7	6	3	7	2	9	14	13	10	14	9	35	74	73	36	74	35
3	1	0	2	1	3	11	9	8	10	9	11	53	17	16	52	17	53	51	17	52	50	17	51	49	17	50	48	17	49	47	17	48	46	17	47	45	17	46	44	17	45	43	17	44	42	17	43	41	17	42	40	17	41	39	18	40	18	17	40	39	19	18	39	20	19	39	21	20	39	22	21	39	23	22	39	24	23	39	25	24	38	25	39	38	26	25	38	27	26	38	28	27	38	29	28	37	29	38	37	30	29	37	31	30	37	32	31	36	32	37	36	33	32	36	34	33	36	35	34
4	6	7	5	6	4	12	14	15	13	14	12	55	91	54	55	90	91	55	89	90	55	88	89	55	87	88	55	86	87	55	85	86	55	84	85	55	83	84	55	82	83	55	81	82	55	80	81	55	79	80	55	78	79	55	56	78	56	77	78	57	77	56	58	77	57	59	77	58	60	77	59	61	77	60	62	77	61	63	77	62	63	76	77	64	76	63	65	76	64	66	76	65	67	76	66	67	75	76	68	75	67	69	75	68	70	75	69	70	74	75	71	74	70	72	74	71	73	74	72
53	54	91	16	54	53
17	56	55	18	56	17
18	57	56	19	57	18
19	58	57	20	58	19
20	59	58	21	59	20
21	60	59	22	60	21
22	61	60	23	61	22
23	62	61	24	62	23
24	63	62	25	63	24
25	64	63	26	64	25
26	65	64	27	65	26
27	66	65	28	66	27
28	67	66	29	67	28
29	68	67	30	68	29
30	69	68	31	69	30
31	70	69	32	70	31
32	71	70	33	71	32
33	72	71	34	72	33
34	73	72	35	73	34
36	75	74	37	75	36
37	76	75	38	76	37
38	77	76	39	77	38
39	78	77	40	78	39
40	79	78	41	79	40
41	80	79	42	80	41
42	81	80	43	81	42
43	82	81	44	82	43
44	83	82	45	83	44
45	84	83	46	84	45
46	85	84	47	85	46
47	86	85	48	86	47
48	87	86	49	87	48
49	88	87	50	88	49
50	89	88	51	89	50
51	90	89	52	90	51
52	91	90	53	91	52

#	Normal	42
1	-0	-0
-0	1	-0
-1	-0	0
-0	-1	-0
-0	0	-1
0	0	1
0.0436123	0.999049	-0
-0.0436123	-0.999049	0
-0.130479	-0.991451	0
-0.216449	-0.976294	0
-0.300719	-0.953713	0
-0.382664	-0.923888	0
-0.461808	-0.88698	0
-0.537248	-0.843424	0
-0.608776	-0.793343	0
-0.675588	-0.737279	0
-0.737284	-0.675583	0
-0.793351	-0.608765	0
-0.843399	-0.537288	0
-0.887014	-0.461742	0
-0.92387	-0.382705	0
-0.95372	-0.300696	0
-0.976297	-0.216436	0
-0.991444	-0.13053	0
-0.999048	-0.0436177	0
0.999048	0.0436186	-0
0.991445	0.130527	-0
0.976297	0.216437	-0
0.953716	0.300708	-0
0.923881	0.38268	-0
0.887007	0.461756	-0
0.843397	0.537291	-0
0.793352	0.608763	-0
0.73727	0.675599	-0
0.675589	0.737278	-0
0.608775	0.793343	-0
0.537291	0.843397	-0
0.461739	0.887016	-0
0.382689	0.923877	-0
0.300718	0.953713	-0
0.216421	0.9763	-0
0.130538	0.991443	-0

#	Mesh	0	End

