#	Mesh	0	Begin

#	Vertex	72
-4.17159	99.1321	-4.60539
-4.21183	99.1321	-4.5946
-4.24959	99.1321	-4.577
-4.28372	99.1321	-4.5531
-4.31318	99.1321	-4.52364
-4.33707	99.1321	-4.48952
-4.35468	99.1321	-4.45176
-4.36546	99.1321	-4.41152
-4.36909	99.1321	-4.37002
-4.36546	99.1321	-4.32852
-4.35468	99.1321	-4.28828
-4.33707	99.1321	-4.25052
-4.31318	99.1321	-4.21639
-4.28372	99.1321	-4.18693
-4.24959	99.1321	-4.16304
-4.21183	99.1321	-4.14543
-4.17159	99.1321	-4.13465
-4.13009	99.1321	-4.13102
-4.08859	99.132	-4.13465
-4.04835	99.132	-4.14543
-4.01059	99.132	-4.16304
-3.97647	99.132	-4.18693
-3.94701	99.132	-4.21639
-3.92311	99.132	-4.25052
-3.9055	99.132	-4.28828
-3.89472	99.132	-4.32852
-3.89109	99.132	-4.37002
-3.89472	99.132	-4.41152
-3.9055	99.132	-4.45176
-3.92311	99.132	-4.48952
-3.94701	99.132	-4.52364
-3.97647	99.132	-4.5531
-4.01059	99.132	-4.577
-4.04835	99.132	-4.5946
-4.08859	99.132	-4.60539
-4.13009	99.1321	-4.60902
-4.17159	101.871	-4.60539
-4.21183	101.871	-4.5946
-4.24959	101.871	-4.577
-4.28371	101.871	-4.5531
-4.31317	101.871	-4.52364
-4.33707	101.871	-4.48952
-4.35467	101.871	-4.45176
-4.36545	101.871	-4.41152
-4.36909	101.871	-4.37002
-4.36545	101.871	-4.32852
-4.35467	101.871	-4.28828
-4.33707	101.871	-4.25052
-4.31317	101.871	-4.21639
-4.28371	101.871	-4.18693
-4.24959	101.871	-4.16304
-4.21183	101.871	-4.14543
-4.17159	101.871	-4.13465
-4.13009	101.871	-4.13102
-4.08858	101.871	-4.13465
-4.04834	101.871	-4.14543
-4.01059	101.871	-4.16304
-3.97646	101.871	-4.18693
-3.947	101.871	-4.21639
-3.92311	101.871	-4.25052
-3.9055	101.871	-4.28828
-3.89472	101.871	-4.32852
-3.89109	101.871	-4.37002
-3.89472	101.871	-4.41152
-3.9055	101.871	-4.45176
-3.92311	101.871	-4.48952
-3.947	101.871	-4.52364
-3.97646	101.871	-4.5531
-4.01059	101.871	-4.577
-4.04834	101.871	-4.5946
-4.08858	101.871	-4.60539
-4.13009	101.871	-4.60902

#	Triangle	56
35	36	71	0	36	35
0	37	36
1	37	0
1	38	37	2	38	1
2	39	38
3	39	2
3	40	39	4	40	3
4	41	40
5	41	4
5	42	41	6	42	5
6	43	42	7	43	6
7	44	43	8	44	7
8	45	44	9	45	8
9	46	45	10	46	9
10	47	46	11	47	10
11	48	47
12	48	11
12	49	48	13	49	12
13	50	49
14	50	13
14	51	50	15	51	14
15	52	51
16	52	15
16	53	52
17	53	16
17	54	53
18	54	17
18	55	54
19	55	18
19	56	55
20	56	19
20	57	56	21	57	20
21	58	57
22	58	21
22	59	58	23	59	22
23	60	59	24	60	23
24	61	60	25	61	24
25	62	61
26	62	25
26	63	62
27	63	26
27	64	63	28	64	27
28	65	64	29	65	28
29	66	65	30	66	29
30	67	66
31	67	30
31	68	67
32	68	31
32	69	68
33	69	32
33	70	69
34	70	33
34	71	70	35	71	34
7	9	8	6	9	7	6	10	9	5	10	6	5	11	10	4	11	5	4	12	11	3	12	4	3	13	12	2	13	3	2	14	13	1	14	2	1	15	14	0	15	1	0	16	15	35	16	0	35	17	16	33	18	34	33	19	18	32	19	33	32	20	19	31	20	32	31	21	20	30	21	31	30	22	21	29	22	30	29	23	22	28	23	29	28	24	23	27	24	28	27	25	24	26	25	27
34	17	35	34	18	17
45	43	44	46	43	45	46	42	43	47	42	46	47	41	42	48	41	47	48	40	41	49	40	48	49	39	40	50	39	49	50	38	39	51	38	50	51	37	38	52	37	51	52	36	37	53	36	52	53	71	36	54	71	53	54	70	71	55	70	54	55	69	70	56	69	55	56	68	69	57	68	56	57	67	68	58	67	57	58	66	67	59	66	58	59	65	66	60	65	59	60	64	65	61	64	60	61	63	64	62	63	61

#	Normal	56
-0.0871536	1.86453e-007	-0.996195
-0.258814	5.53697e-007	-0.965927
-0.258825	3.81515e-007	-0.965924
-0.422617	7.42555e-007	-0.906309
-0.573575	1.08105e-006	-0.819153
-0.573572	1.12483e-006	-0.819155
-0.707107	1.3867e-006	-0.707107
-0.819159	1.60644e-006	-0.573567
-0.819153	1.75247e-006	-0.573575
-0.906306	1.93892e-006	-0.422621
-0.965925	2.06647e-006	-0.258822
-0.996195	2.13123e-006	-0.0871536
-0.996195	2.13123e-006	0.0871536
-0.965924	2.06647e-006	0.258825
-0.906309	1.93893e-006	0.422617
-0.819155	1.75247e-006	0.573572
-0.819149	1.60642e-006	0.57358
-0.707107	1.3867e-006	0.707107
-0.573575	1.12483e-006	0.819153
-0.57358	1.2271e-006	0.819149
-0.422617	9.04132e-007	0.906309
-0.258814	5.53697e-007	0.965927
-0.258825	7.25926e-007	0.965924
-0.0871652	3.6408e-007	0.996194
-0.0871536	1.86453e-007	0.996195
0.0871657	-1.86479e-007	0.996194
0.0871536	-1.08238e-009	0.996195
0.258812	-3.58416e-007	0.965928
0.258823	-5.30644e-007	0.965925
0.422617	-8.66457e-007	0.906309
0.422619	-9.04134e-007	0.906308
0.573578	-1.22709e-006	0.819151
0.70711	-1.51276e-006	0.707104
0.707107	-1.44973e-006	0.707107
0.819149	-1.67944e-006	0.57358
0.906309	-1.85813e-006	0.422617
0.965926	-1.98036e-006	0.258819
0.996194	-2.04242e-006	0.0871594
0.996195	-2.13122e-006	0.0871536
0.996194	-2.13122e-006	-0.0871594
0.996195	-2.04242e-006	-0.0871536
0.965927	-1.98036e-006	-0.258816
0.906306	-1.85813e-006	-0.422621
0.819153	-1.67944e-006	-0.573575
0.70711	-1.44973e-006	-0.707104
0.707107	-1.51276e-006	-0.707107
0.573578	-1.22709e-006	-0.819151
0.57357	-1.37311e-006	-0.819157
0.422617	-1.06571e-006	-0.906309
0.422619	-1.02804e-006	-0.906308
0.258812	-7.02828e-007	-0.965928
0.258823	-5.30644e-007	-0.965925
0.0871541	-1.78685e-007	-0.996195
-0	-1	0
-0.000188244	-1	0
-0	1	0

#	Mesh	0	End

