#	Mesh	0	Begin

#	Vertex	72
-3.73185	98.2463	-6.87484
-3.73185	98.2647	-6.8699
-3.73185	98.282	-6.86183
-3.73185	98.2977	-6.85088
-3.73185	98.3112	-6.83739
-3.73185	98.3221	-6.82175
-3.73185	98.3302	-6.80445
-3.73185	98.3351	-6.78601
-3.73185	98.3368	-6.767
-3.73185	98.3351	-6.74799
-3.73185	98.3302	-6.72955
-3.73185	98.3221	-6.71225
-3.73185	98.3112	-6.69661
-3.73185	98.2977	-6.68312
-3.73185	98.282	-6.67217
-3.73185	98.2647	-6.6641
-3.73185	98.2463	-6.65916
-3.73185	98.2273	-6.6575
-3.73185	98.2083	-6.65916
-3.73185	98.1898	-6.6641
-3.73185	98.1725	-6.67217
-3.73185	98.1569	-6.68312
-3.73185	98.1434	-6.69661
-3.73185	98.1325	-6.71225
-3.73185	98.1244	-6.72955
-3.73185	98.1194	-6.74799
-3.73185	98.1178	-6.767
-3.73185	98.1194	-6.78601
-3.73185	98.1244	-6.80445
-3.73185	98.1325	-6.82175
-3.73185	98.1434	-6.83739
-3.73185	98.1569	-6.85088
-3.73185	98.1725	-6.86183
-3.73185	98.1898	-6.8699
-3.73185	98.2083	-6.87484
-3.73185	98.2273	-6.8765
-2.8285	98.2463	-6.87484
-2.8285	98.2647	-6.8699
-2.8285	98.282	-6.86183
-2.8285	98.2977	-6.85088
-2.8285	98.3112	-6.83739
-2.8285	98.3221	-6.82175
-2.8285	98.3302	-6.80445
-2.8285	98.3351	-6.78601
-2.8285	98.3368	-6.767
-2.8285	98.3351	-6.74799
-2.8285	98.3302	-6.72955
-2.8285	98.3221	-6.71225
-2.8285	98.3112	-6.69661
-2.8285	98.2977	-6.68312
-2.8285	98.282	-6.67217
-2.8285	98.2647	-6.6641
-2.8285	98.2463	-6.65916
-2.8285	98.2273	-6.6575
-2.8285	98.2083	-6.65916
-2.8285	98.1898	-6.6641
-2.8285	98.1725	-6.67217
-2.8285	98.1569	-6.68312
-2.8285	98.1434	-6.69661
-2.8285	98.1325	-6.71225
-2.8285	98.1244	-6.72955
-2.8285	98.1194	-6.74799
-2.8285	98.1178	-6.767
-2.8285	98.1194	-6.78601
-2.8285	98.1244	-6.80445
-2.8285	98.1325	-6.82175
-2.8285	98.1434	-6.83739
-2.8285	98.1569	-6.85088
-2.8285	98.1725	-6.86183
-2.8285	98.1898	-6.8699
-2.8285	98.2083	-6.87484
-2.8285	98.2273	-6.8765

#	Triangle	40
35	36	71	0	36	35
0	37	36	1	37	0
1	38	37	2	38	1
2	39	38	3	39	2
3	40	39	4	40	3
4	41	40	5	41	4
5	42	41	6	42	5
6	43	42	7	43	6
7	44	43	8	44	7
8	45	44	9	45	8
9	46	45	10	46	9
10	47	46	11	47	10
11	48	47	12	48	11
12	49	48	13	49	12
13	50	49	14	50	13
14	51	50	15	51	14
15	52	51	16	52	15
16	53	52	17	53	16
17	54	53	18	54	17
18	55	54	19	55	18
19	56	55	20	56	19
20	57	56	21	57	20
21	58	57	22	58	21
22	59	58	23	59	22
23	60	59	24	60	23
24	61	60	25	61	24
25	62	61	26	62	25
26	63	62	27	63	26
27	64	63	28	64	27
28	65	64	29	65	28
29	66	65	30	66	29
30	67	66	31	67	30
31	68	67	32	68	31
32	69	68	33	69	32
33	70	69	34	70	33
34	71	70	35	71	34
7	9	8	26	25	27
6	9	7	6	10	9	5	10	6	5	11	10	4	11	5	4	12	11	3	12	4	3	13	12	2	13	3	2	14	13	1	14	2	1	15	14	0	15	1	0	16	15	35	16	0	35	17	16	34	17	35	34	18	17	33	18	34	33	19	18	32	19	33	32	20	19	31	20	32	31	21	20	30	21	31	30	22	21	29	22	30	29	23	22	28	23	29	28	24	23	27	24	28	27	25	24
45	43	44	62	63	61
46	43	45	46	42	43	47	42	46	47	41	42	48	41	47	48	40	41	49	40	48	49	39	40	50	39	49	50	38	39	51	38	50	51	37	38	52	37	51	52	36	37	53	36	52	53	71	36	54	71	53	54	70	71	55	70	54	55	69	70	56	69	55	56	68	69	57	68	56	57	67	68	58	67	57	58	66	67	59	66	58	59	65	66	60	65	59	60	64	65	61	64	60	61	63	64

#	Normal	40
-0	0.0871517	-0.996195
-0	0.258801	-0.965931
-0	0.422671	-0.906283
-0	0.573438	-0.819249
-0	0.707222	-0.706992
-0	0.819216	-0.573485
-0	0.906233	-0.422779
-0	0.965961	-0.258688
-0	0.996192	-0.0871838
-0	0.996192	0.0871815
-0	0.965959	0.258694
-0	0.906233	0.422779
-0	0.819216	0.573485
-0	0.707222	0.706992
-0	0.573455	0.819237
-0	0.42265	0.906293
-0	0.258801	0.965931
-0	0.0871517	0.996195
-0	-0.0871517	0.996195
-0	-0.258903	0.965903
-0	-0.422493	0.906366
-0	-0.573648	0.819102
-0	-0.707017	0.707196
-0	-0.819216	0.573485
-0	-0.90639	0.422443
-0	-0.965857	0.259076
-0	-0.996192	0.0871815
0	-0.996192	-0.0871838
0	-0.965859	-0.25907
0	-0.90639	-0.422443
0	-0.819216	-0.573485
0	-0.707017	-0.707196
0	-0.573631	-0.819114
0	-0.422514	-0.906356
0	-0.258903	-0.965903
0	-0.0871517	-0.996195
-6.32823e-005	-0	0
-1	-0	-0
6.32823e-005	-0	0
1	-0	-0

#	Mesh	0	End

