#	Mesh	0	Begin

#	Vertex	16
75.2599	105.817	-2.46165
75.2599	105.817	4.923
75.2437	106.016	4.923
75.2437	106.016	-2.46165
66.4478	105.304	4.923
66.4478	105.304	-2.46165
70.9378	105.668	-0.137
71.6355	105.724	-0.137
71.6355	105.724	-2.237
70.9378	105.668	-2.237
66.464	105.105	4.923
66.464	105.105	-2.46165
71.6517	105.525	-0.137
70.954	105.468	-0.137
70.954	105.468	-2.237
71.6517	105.525	-2.237

#	Triangle	13
0	2	1	3	2	0	13	9	6	14	9	13
4	9	5	4	6	9	4	7	6
9	3	5
9	8	3
8	2	3	7	2	8	4	2	7
5	10	4	11	10	5	15	7	8	12	7	15
1	15	0	1	12	15	1	10	13
15	11	0
15	14	11
14	10	11	13	10	14
1	13	12
0	5	3	11	5	0	12	6	7	13	6	12
2	10	1	4	10	2	14	8	9	15	8	14

#	Normal	13
0.996738	0.0807047	-0
-0.0807026	0.996738	-0
-0.0807023	0.996738	-4.6611e-006
-0.0807029	0.996738	-1.53448e-005
-0.0807019	0.996738	-0
-0.996738	-0.0807047	0
0.0807019	-0.996738	-0
0.0807023	-0.996738	6.39226e-006
0.0807029	-0.996738	-6.4793e-006
0.0807026	-0.996738	-0
0.0807029	-0.996738	-6.81276e-007
-0	-0	-1
-0	0	1

#	Mesh	0	End

