#	Mesh	0	Begin

#	Vertex	72
63.6068	-13.9692	-2.8899
63.6064	-13.9651	-2.8888
63.6061	-13.9613	-2.88701
63.6058	-13.9578	-2.88458
63.6056	-13.9549	-2.88159
63.6054	-13.9524	-2.87812
63.6052	-13.9507	-2.87428
63.6052	-13.9496	-2.87019
63.6051	-13.9492	-2.86597
63.6052	-13.9496	-2.86175
63.6052	-13.9507	-2.85766
63.6054	-13.9524	-2.85382
63.6056	-13.9549	-2.85035
63.6058	-13.9578	-2.84735
63.6061	-13.9613	-2.84492
63.6064	-13.9651	-2.84313
63.6068	-13.9692	-2.84204
63.6071	-13.9734	-2.84167
63.6074	-13.9776	-2.84204
63.6078	-13.9817	-2.84313
63.6081	-13.9855	-2.84492
63.6084	-13.989	-2.84735
63.6086	-13.992	-2.85035
63.6088	-13.9944	-2.85382
63.6089	-13.9962	-2.85766
63.609	-13.9973	-2.86175
63.6091	-13.9976	-2.86597
63.609	-13.9973	-2.87019
63.6089	-13.9962	-2.87428
63.6088	-13.9944	-2.87812
63.6086	-13.992	-2.88159
63.6084	-13.989	-2.88458
63.6081	-13.9855	-2.88701
63.6078	-13.9817	-2.8888
63.6074	-13.9776	-2.8899
63.6071	-13.9734	-2.89027
64.9608	-13.8596	-2.8899
64.9604	-13.8555	-2.8888
64.9601	-13.8517	-2.88701
64.9599	-13.8482	-2.88458
64.9596	-13.8452	-2.88159
64.9594	-13.8428	-2.87812
64.9593	-13.841	-2.87428
64.9592	-13.8399	-2.87019
64.9592	-13.8396	-2.86597
64.9592	-13.8399	-2.86175
64.9593	-13.841	-2.85766
64.9594	-13.8428	-2.85382
64.9596	-13.8452	-2.85035
64.9599	-13.8482	-2.84735
64.9601	-13.8517	-2.84492
64.9604	-13.8555	-2.84313
64.9608	-13.8596	-2.84204
64.9611	-13.8638	-2.84167
64.9615	-13.868	-2.84204
64.9618	-13.8721	-2.84313
64.9621	-13.8759	-2.84492
64.9624	-13.8794	-2.84735
64.9626	-13.8823	-2.85035
64.9628	-13.8848	-2.85382
64.963	-13.8865	-2.85766
64.963	-13.8876	-2.86175
64.9631	-13.888	-2.86597
64.963	-13.8876	-2.87019
64.963	-13.8865	-2.87428
64.9628	-13.8848	-2.87812
64.9626	-13.8823	-2.88159
64.9624	-13.8794	-2.88458
64.9621	-13.8759	-2.88701
64.9618	-13.8721	-2.8888
64.9615	-13.868	-2.8899
64.9611	-13.8638	-2.89027

#	Triangle	73
35	36	71	0	36	35
0	37	36	1	37	0
1	38	37	2	38	1
2	39	38
3	39	2
3	40	39
4	40	3
4	41	40	5	41	4
5	42	41	6	42	5
6	43	42	7	43	6
7	44	43	8	44	7
8	45	44	9	45	8
9	46	45	10	46	9
10	47	46	11	47	10
11	48	47	12	48	11
12	49	48
13	49	12
13	50	49
14	50	13
14	51	50	15	51	14
15	52	51	16	52	15
16	53	52	17	53	16
17	54	53	18	54	17
18	55	54	19	55	18
19	56	55	20	56	19
20	57	56	21	57	20
21	58	57
22	58	21
22	59	58
23	59	22
23	60	59	24	60	23
24	61	60	25	61	24
25	62	61	26	62	25
26	63	62	27	63	26
27	64	63	28	64	27
28	65	64	29	65	28
29	66	65
30	66	29
30	67	66
31	67	30
31	68	67	32	68	31
32	69	68	33	69	32
33	70	69	34	70	33
34	71	70	35	71	34
7	9	8	26	25	27
6	9	7	27	25	24
6	10	9	27	24	28
5	10	6	28	24	23
5	11	10	28	23	29
4	11	5	29	23	22
4	12	11	29	22	30
3	12	4	30	22	21
3	13	12	30	21	31
2	13	3	2	14	13
1	14	2	1	15	14	32	19	33	32	20	19
0	15	1	0	16	15	33	18	34	33	19	18
35	16	0	35	17	16	34	17	35	34	18	17
31	20	32	31	21	20
45	43	44	62	63	61
46	43	45	61	63	64
46	42	43	61	64	60
47	42	46	60	64	65
47	41	42	60	65	59
48	41	47	59	65	66
48	40	41	59	66	58
49	40	48
49	39	40
50	39	49	50	38	39	57	68	56	57	67	68
51	38	50	51	37	38	56	69	55	56	68	69
52	37	51	52	36	37	55	70	54	55	69	70
53	36	52	53	71	36	54	71	53	54	70	71
58	67	57
58	66	67

#	Normal	73
-0.00703293	0.086862	-0.996196
-0.020889	0.257995	-0.965921
-0.0341075	0.421254	-0.906301
-0.0462907	0.571725	-0.819138
-0.0462816	0.571618	-0.819214
-0.0570552	0.704681	-0.707227
-0.057065	0.704795	-0.707112
-0.0661161	0.816584	-0.573428
-0.0731419	0.903358	-0.422605
-0.0779533	0.962782	-0.258793
-0.080395	0.992939	-0.0872276
-0.080395	0.992939	0.0872276
-0.0779533	0.962782	0.258793
-0.0731419	0.903358	0.422605
-0.0661146	0.816565	0.573455
-0.0570557	0.704681	0.707227
-0.0570645	0.704795	0.707112
-0.0462934	0.571764	0.819111
-0.0462851	0.571656	0.819187
-0.0341075	0.421254	0.906301
-0.020889	0.257995	0.965921
-0.00703293	0.086862	0.996196
0.00703293	-0.086862	0.996196
0.020889	-0.257995	0.965921
0.0341075	-0.421254	0.906301
0.0462939	-0.571764	0.819111
0.057068	-0.704833	0.707075
0.0570651	-0.704795	0.707112
0.0661032	-0.816422	0.573659
0.0661059	-0.816457	0.57361
0.0731419	-0.903358	0.422605
0.0779533	-0.962782	0.258793
0.080395	-0.992939	0.0872276
0.080395	-0.992939	-0.0872276
0.0779533	-0.962782	-0.258793
0.0731419	-0.903358	-0.422605
0.0661046	-0.816441	-0.573632
0.0661076	-0.816476	-0.573582
0.0570682	-0.704832	-0.707075
0.057065	-0.704795	-0.707112
0.0462907	-0.571725	-0.819138
0.0341075	-0.421254	-0.906301
0.020889	-0.257995	-0.965921
0.00703293	-0.086862	-0.996196
-3.1071e-006	-2.63733e-007	-0
-9.22241e-006	-7.25266e-007	0
-1.81642e-005	-1.42846e-006	-0
-2.96568e-005	-2.40241e-006	0
-4.33552e-005	-3.51208e-006	-0
-5.88274e-005	-4.74606e-006	0
-7.56277e-005	-6.10147e-006	-0
-9.32609e-005	-7.56582e-006	0
-0.996725	-0.0808596	-0
-0.996711	-0.0810425	0
-0.996763	-0.0803923	0
-0.996702	-0.0811491	0
-0.996752	-0.0805362	0
-0.996709	-0.0810653	0
3.1071e-006	2.63733e-007	-0
9.22241e-006	7.25266e-007	0
1.81642e-005	1.42846e-006	-0
2.96568e-005	2.40241e-006	0
4.33552e-005	3.51208e-006	-0
5.88274e-005	4.74606e-006	0
7.56277e-005	6.10147e-006	-0
9.32914e-005	7.56582e-006	0
0.996728	0.0808334	-0
0.996709	0.0810653	0
0.996763	0.0803923	0
0.996702	0.0811491	0
0.996752	0.0805362	0
0.99683	0.0795638	0
9.32609e-005	7.44379e-006	-0

#	Mesh	0	End

