#	Mesh	0	Begin

#	Vertex	72
85.6208	100.795	0.731539
85.6211	100.792	0.730772
85.6213	100.789	0.72952
85.6215	100.787	0.72782
85.6216	100.785	0.725725
85.6218	100.783	0.723297
85.6219	100.782	0.720611
85.622	100.781	0.717749
85.622	100.781	0.714797
85.622	100.781	0.711845
85.6219	100.782	0.708983
85.6218	100.783	0.706297
85.6216	100.785	0.70387
85.6215	100.787	0.701774
85.6213	100.789	0.700075
85.6211	100.792	0.698822
85.6208	100.795	0.698055
85.6206	100.798	0.697797
85.6204	100.8	0.698055
85.6201	100.803	0.698822
85.6199	100.806	0.700075
85.6197	100.808	0.701774
85.6195	100.811	0.70387
85.6194	100.812	0.706297
85.6193	100.813	0.708983
85.6193	100.814	0.711845
85.6192	100.814	0.714797
85.6193	100.814	0.717749
85.6193	100.813	0.720611
85.6194	100.812	0.723297
85.6195	100.811	0.725725
85.6197	100.808	0.72782
85.6199	100.806	0.72952
85.6201	100.803	0.730772
85.6204	100.8	0.731539
85.6206	100.798	0.731797
86.6381	100.877	0.731539
86.6383	100.874	0.730772
86.6385	100.871	0.72952
86.6387	100.869	0.72782
86.6389	100.867	0.725725
86.639	100.865	0.723297
86.6391	100.864	0.720611
86.6392	100.863	0.717749
86.6392	100.863	0.714797
86.6392	100.863	0.711845
86.6391	100.864	0.708983
86.639	100.865	0.706297
86.6389	100.867	0.70387
86.6387	100.869	0.701774
86.6385	100.871	0.700075
86.6383	100.874	0.698822
86.6381	100.877	0.698055
86.6379	100.88	0.697797
86.6376	100.883	0.698055
86.6374	100.886	0.698822
86.6372	100.888	0.700075
86.637	100.891	0.701774
86.6368	100.893	0.70387
86.6367	100.895	0.706297
86.6366	100.896	0.708983
86.6365	100.897	0.711845
86.6365	100.897	0.714797
86.6365	100.897	0.717749
86.6366	100.896	0.720611
86.6367	100.895	0.723297
86.6368	100.893	0.725725
86.637	100.891	0.72782
86.6372	100.888	0.72952
86.6374	100.886	0.730772
86.6376	100.883	0.731539
86.6379	100.88	0.731797

#	Triangle	101
35	36	71	0	36	35
0	37	36
1	37	0
1	38	37
2	38	1
2	39	38
3	39	2
3	40	39
4	40	3
4	41	40
5	41	4
5	42	41	6	42	5
6	43	42	7	43	6
7	44	43
8	44	7
8	45	44
9	45	8
9	46	45	10	46	9
10	47	46	11	47	10
11	48	47
12	48	11
12	49	48
13	49	12
13	50	49
14	50	13
14	51	50
15	51	14
15	52	51
16	52	15
16	53	52	17	53	16
17	54	53	18	54	17
18	55	54	19	55	18
19	56	55	20	56	19
20	57	56
21	57	20
21	58	57
22	58	21
22	59	58
23	59	22
23	60	59
24	60	23
24	61	60
25	61	24
25	62	61	26	62	25
26	63	62	27	63	26
27	64	63
28	64	27
28	65	64
29	65	28
29	66	65
30	66	29
30	67	66
31	67	30
31	68	67
32	68	31
32	69	68	33	69	32
33	70	69	34	70	33
34	71	70	35	71	34
7	9	8	26	25	27
6	9	7	27	25	24
6	10	9	27	24	28
5	10	6	28	24	23
5	11	10	28	23	29
4	11	5	29	23	22
4	12	11	29	22	30
3	12	4	30	22	21
3	13	12
2	13	3	31	21	20
2	14	13	31	20	32
1	14	2	32	20	19
1	15	14
0	15	1	33	19	18
0	16	15
35	16	0
35	17	16
34	17	35
34	18	17
33	18	34
32	19	33
30	21	31
45	43	44
46	43	45	61	63	64
46	42	43	61	64	60
47	42	46
47	41	42	60	65	59
48	41	47	59	65	66
48	40	41	59	66	58
49	40	48	58	66	67
49	39	40	58	67	57
50	39	49	57	67	68
50	38	39	57	68	56
51	38	50	56	68	69
51	37	38	56	69	55
52	37	51	55	69	70
52	36	37	55	70	54
53	36	52
53	71	36
54	71	53
54	70	71
60	64	65
62	63	61

#	Normal	101
0.00705018	-0.0870133	0.996182
0.0209102	-0.258073	0.965899
0.0208592	-0.25742	0.966075
0.0341025	-0.420852	0.906488
0.0341869	-0.421938	0.90598
0.0462919	-0.571339	0.819408
0.0462842	-0.571239	0.819478
0.0571374	-0.705189	0.706713
0.0571456	-0.705296	0.706606
0.0661436	-0.816351	0.573757
0.0661361	-0.816251	0.5739
0.0731745	-0.903119	0.423109
0.0779994	-0.962668	0.259203
0.080469	-0.993148	0.0847462
0.0804593	-0.992941	0.0871435
0.080476	-0.993147	-0.0847462
0.0804523	-0.992942	-0.0871435
0.0779994	-0.962668	-0.259203
0.0731745	-0.903119	-0.423109
0.0661436	-0.816344	-0.573766
0.066135	-0.816244	-0.573909
0.0571378	-0.7052	-0.706703
0.0571469	-0.705306	-0.706596
0.0462912	-0.571325	-0.819417
0.0462827	-0.571226	-0.819487
0.034099	-0.420853	-0.906488
0.0341904	-0.421937	-0.90598
0.0209122	-0.258073	-0.965899
0.0208572	-0.25742	-0.966075
0.00705183	-0.0870337	-0.99618
-0.0070319	0.0867876	-0.996202
-0.0209145	0.258127	-0.965885
-0.0340992	0.420853	-0.906488
-0.0462912	0.571325	-0.819417
-0.0463953	0.572556	-0.818552
-0.0571436	0.705199	-0.706703
-0.0570322	0.703891	-0.708015
-0.0661436	0.816344	-0.573766
-0.066241	0.817474	-0.572143
-0.0732621	0.904121	-0.420949
-0.073174	0.903119	-0.423109
-0.0779988	0.962668	-0.259203
-0.0780037	0.962721	-0.259004
-0.0804508	0.992923	-0.0873548
-0.0804508	0.992923	0.0873548
-0.0779994	0.962668	0.259203
-0.0780031	0.962721	0.259004
-0.0732552	0.904122	0.420949
-0.0731808	0.903119	0.423109
-0.0661499	0.81635	0.573757
-0.0662358	0.817481	0.572134
-0.0571374	0.705189	0.706713
-0.0570367	0.70388	0.708025
-0.0462966	0.571339	0.819408
-0.0463921	0.57257	0.818542
-0.0340992	0.420853	0.906488
-0.0209145	0.258127	0.965885
-0.00703025	0.0867673	0.996204
-1.52214e-006	-9.22508e-008	-0
-4.52029e-006	-3.69003e-007	-0
-8.90319e-006	-7.26791e-007	-0
-1.45358e-005	-1.18104e-006	-0
-2.125e-005	-1.72656e-006	-0
-2.88203e-005	-2.39063e-006	-0
-3.70507e-005	-3.07333e-006	-0
-4.55877e-005	-3.58555e-006	-0
-5.43294e-005	-4.2731e-006	-0
-6.3079e-005	-5.2905e-006	-0
-7.13118e-005	-5.98099e-006	-0
-7.86731e-005	-6.21103e-006	-0
-8.53651e-005	-6.73935e-006	-0
-9.13557e-005	-7.48817e-006	-0
-9.57418e-005	-7.84769e-006	-0
-9.83577e-005	-7.84769e-006	-0
-0.996832	-0.0795345	-0
-0.996636	-0.0819515	-0
-9.86193e-005	-8.10928e-006	-0
-9.54802e-005	-7.5861e-006	-0
-8.56147e-005	-6.98896e-006	-0
-5.45328e-005	-4.47658e-006	-0
1.47601e-006	1.38376e-007	-0
4.52029e-006	3.69003e-007	-0
8.90319e-006	7.26791e-007	-0
1.45358e-005	1.18104e-006	-0
2.125e-005	1.72656e-006	-0
2.88203e-005	2.25781e-006	-0
3.70507e-005	2.90259e-006	-0
4.55877e-005	3.75629e-006	-0
5.43294e-005	4.47658e-006	-0
6.3079e-005	5.08702e-006	-0
7.13118e-005	5.75095e-006	-0
7.89031e-005	6.44107e-006	-0
8.56147e-005	6.98896e-006	-0
9.11061e-005	7.48817e-006	-0
9.54802e-005	7.84769e-006	-0
9.83577e-005	7.84769e-006	-0
0.996832	0.0795345	-0
0.996636	0.0819515	-0
9.86193e-005	8.10928e-006	-0
1.4445e-005	1.18104e-006	-0
1.52214e-006	1.38376e-007	-0

#	Mesh	0	End

