#	Mesh	0	Begin

#	Vertex	16
31.0531	101.719	-2.42
31.0531	101.719	2.58
31.2531	101.719	2.58
31.2531	101.719	-2.42
31.2531	108.319	2.58
31.2531	108.319	-2.42
31.2531	108.229	-0.17
31.2531	108.229	-2.27
31.0531	108.319	2.58
31.0531	108.319	-2.42
31.0531	108.229	-2.27
31.0531	108.229	-0.17
31.2531	108.319	-2.27
31.0531	108.319	-2.27
31.0531	108.319	-0.17
31.2531	108.319	-0.17

#	Triangle	6
0	2	1	3	2	0
12	3	5	12	7	3	7	2	3	6	2	7	4	6	15	4	2	6
12	9	13	5	9	12	14	4	15	8	4	14	11	7	10	6	7	11
1	9	0	1	10	9	10	13	9	1	11	10	1	14	11	1	8	14
0	5	3	9	5	0	6	14	15	11	14	6
2	8	1	4	8	2	10	12	13	7	12	10

#	Normal	6
-0	-1	-0
1	0	0
0	1	0
-1	0	-0
-0	-0	-1
-0	-0	1

#	Mesh	0	End

