#	Mesh	0	Begin

#	Vertex	28
5.30905	98.0801	-2.67711
5.01615	98.0801	-2.97
4.80905	98.0801	-2.97
4.80905	98.0801	-3.27
5.60905	98.0801	-3.27
5.60905	98.0801	-2.47
5.30905	98.0801	-2.47
5.30905	98.0827	-2.67711
5.30905	98.0827	-2.47
5.60651	98.0827	-2.47
5.60651	98.0827	-3.26746
4.80905	98.0827	-3.26746
4.80905	98.0827	-2.97
5.01615	98.0827	-2.97
4.80905	98.2776	-3.26746
4.80905	98.2776	-2.97
4.80905	98.2801	-2.97
4.80905	98.2801	-3.27
5.60905	98.2801	-3.27
5.60905	98.2801	-2.47
5.30905	98.2801	-2.47
5.30905	98.2776	-2.47
5.60651	98.2776	-2.47
5.30905	98.2776	-2.67711
5.01615	98.2776	-2.97
5.60651	98.2776	-3.26746
5.30905	98.2801	-2.67711
5.01615	98.2801	-2.97

#	Triangle	7
4	2	3	4	1	2	4	0	1	4	6	0	4	5	6	25	15	14	25	24	15	25	23	24	25	21	23	25	22	21
13	11	12	13	10	11	7	10	13	9	7	8	9	10	7	27	17	16	27	18	17	26	18	27	19	26	20	19	18	26
13	0	7	1	0	13	27	23	26	24	23	27
12	1	13	2	1	12	21	19	20	21	22	19	22	5	19	9	5	22	6	9	8	6	5	9	16	24	27	15	24	16	11	25	14	10	25	11
3	14	17	14	16	17	14	15	16	3	11	14	3	12	11	3	2	12	7	6	8	0	6	7	26	21	20	23	21	26	22	10	9	25	10	22
18	3	17	4	3	18
19	4	18	5	4	19

#	Normal	7
-0	-1	0
0	1	0
-0.707107	-0	0.707106
-0	-0	1
-1	-0	0
-0	-0	-1
1	0	0

#	Mesh	0	End

