#	Mesh	0	Begin

#	Vertex	16
-32.6131	107.51	-9.07
-32.6938	108.407	-9.07
-32.6131	107.51	-8.87
-42.5667	106.615	-9.07
-42.6071	107.515	-9.07
-42.5667	106.615	-8.87
-32.4876	106.116	-9.07
-32.6131	107.51	-7.67
-32.4876	106.116	-7.67
-42.5038	105.215	-9.07
-42.5667	106.615	-7.67
-42.5038	105.215	-7.67
-32.4876	106.116	-8.87
-42.5038	105.215	-8.87
-32.407	105.22	-9.07
-42.4634	104.315	-9.07

#	Triangle	11
2	0	1	8	0	7	6	0	8	14	6	12
4	0	3	1	0	4	3	6	9	0	6	3	9	14	15	6	14	9
5	1	4
2	1	5
3	2	5	0	2	3	9	8	11	6	8	9
4	3	5	13	9	15
10	0	3	7	0	10	13	6	9	12	6	13
11	7	10	8	7	11
3	11	10	9	11	3
15	12	13
14	12	15

#	Normal	11
0.995975	0.089627	-0
0	-0	-1
-0.0194427	0.216057	0.976187
-0.0194429	0.216058	0.976187
0.0896269	-0.995975	-0
-0.998993	-0.0448593	-0
-0.0896269	0.995975	-0
-0	-0	1
-0.998993	-0.0448571	0
0.0194428	-0.216057	0.976187
0.0194429	-0.216058	0.976187

#	Mesh	0	End

