#	Mesh	0	Begin

#	Vertex	1056
-161.057	92.8798	-1.35653
-161.057	92.8964	-1.35331
-161.057	92.9131	-1.35009
-161.057	92.926	-1.35331
-161.057	92.9389	-1.35653
-161.057	92.9453	-1.36479
-161.057	92.9494	-1.37
-161.057	92.9453	-1.37521
-161.057	92.9389	-1.38347
-161.057	92.9223	-1.38669
-161.057	92.9057	-1.38991
-161.057	92.8927	-1.38669
-161.057	92.8798	-1.38347
-161.057	92.8734	-1.37521
-161.057	92.8694	-1.37
-161.057	92.8734	-1.36479
-146.267	92.8734	-1.37521
-146.267	92.8798	-1.38347
-146.267	92.8964	-1.38669
-146.267	92.9131	-1.38991
-146.267	92.926	-1.38669
-146.267	92.9389	-1.38347
-146.267	92.9453	-1.37521
-146.267	92.9494	-1.37
-146.267	92.9453	-1.36479
-146.267	92.9389	-1.35653
-146.267	92.9223	-1.35331
-146.267	92.9057	-1.35009
-146.267	92.8927	-1.35331
-146.267	92.8798	-1.35653
-146.267	92.8734	-1.36479
-146.267	92.8694	-1.37
-153.662	92.9442	-1.37981
-153.966	92.8985	-1.38924
-151.72	92.9494	-1.37
-153.662	92.9324	-1.38636
-151.72	92.8694	-1.37
-153.662	92.8723	-1.37756
-154.291	92.9149	-1.38981
-153.662	92.884	-1.38544
-153.662	92.8745	-1.36019
-153.966	92.9203	-1.35076
-153.662	92.8864	-1.35364
-153.662	92.9464	-1.36244
-154.291	92.9038	-1.35019
-153.662	92.9348	-1.35456
-161.057	92.6788	-1.49031
-161.046	92.6788	-1.47226
-161.036	92.6788	-1.45421
-161.021	92.6788	-1.42896
-161.007	92.6788	-1.4037
-160.982	92.6788	-1.4037
-160.957	92.6788	-1.4037
-160.932	92.6788	-1.4037
-160.907	92.6788	-1.4037
-160.892	92.6788	-1.42896
-160.877	92.6788	-1.45421
-160.867	92.6788	-1.47226
-160.857	92.6788	-1.49031
-160.867	92.6788	-1.50835
-160.877	92.6788	-1.5264
-160.892	92.6788	-1.55165
-160.907	92.6788	-1.57691
-160.932	92.6788	-1.57691
-160.957	92.6788	-1.57691
-160.982	92.6788	-1.57691
-161.007	92.6788	-1.57691
-161.019	92.6788	-1.55526
-161.032	92.6788	-1.53361
-161.044	92.6788	-1.51196
-160.869	92.6688	-1.46865
-160.882	92.6688	-1.447
-160.894	92.6688	-1.42535
-160.907	92.6688	-1.4037
-160.932	92.6688	-1.4037
-160.957	92.6688	-1.4037
-160.982	92.6688	-1.4037
-161.007	92.6688	-1.4037
-161.019	92.6688	-1.42535
-161.032	92.6688	-1.447
-161.044	92.6688	-1.46865
-161.057	92.6688	-1.49031
-161.046	92.6688	-1.50835
-161.032	92.6688	-1.53361
-161.019	92.6688	-1.55526
-161.007	92.6688	-1.57691
-160.982	92.6688	-1.57691
-160.957	92.6688	-1.57691
-160.932	92.6688	-1.57691
-160.907	92.6688	-1.57691
-160.894	92.6688	-1.55526
-160.882	92.6688	-1.53361
-160.869	92.6688	-1.51196
-160.857	92.6688	-1.49031
-160.963	92.9094	-1.39031
-160.96	92.9042	-1.39031
-160.954	92.9042	-1.39031
-160.951	92.9094	-1.39031
-160.954	92.9146	-1.39031
-160.96	92.9146	-1.39031
-160.951	92.9094	-1.47831
-160.954	92.9146	-1.47831
-160.96	92.9146	-1.47831
-160.963	92.9094	-1.47831
-160.961	92.9074	-1.47831
-160.96	92.9042	-1.47831
-160.954	92.9042	-1.47831
-160.952	92.9074	-1.47831
-160.951	92.9084	-1.47831
-160.957	92.9141	-1.48495
-160.963	92.9016	-1.48855
-160.96	92.9076	-1.49178
-160.957	92.904	-1.49503
-160.954	92.9113	-1.48893
-160.951	92.9076	-1.48255
-160.951	92.9074	-1.48317
-160.951	92.9059	-1.48679
-160.963	92.8974	-1.49031
-160.963	92.8998	-1.4893
-160.963	92.9022	-1.48829
-160.963	92.9059	-1.48679
-160.951	92.8974	-1.49031
-160.954	92.8974	-1.4955
-160.963	92.9076	-1.48255
-160.963	92.9084	-1.48074
-160.96	92.8974	-1.4955
-160.954	92.9076	-1.49225
-160.951	92.9089	-1.47952
-160.951	92.9084	-1.48074
-160.96	92.9105	-1.48888
-160.951	92.9016	-1.48855
-160.951	92.8998	-1.4893
-160.951	92.904	-1.48754
-160.951	92.9022	-1.48829
-160.963	92.9066	-1.48498
-160.963	92.9074	-1.48317
-160.954	92.8974	-1.48511
-160.957	92.9016	-1.48255
-160.96	92.8974	-1.48511
-160.961	92.8974	-1.48831
-160.952	92.8974	-1.48831
-160.951	92.6788	-1.49031
-160.954	92.6788	-1.48511
-160.96	92.6788	-1.48511
-160.963	92.6788	-1.49031
-160.96	92.6788	-1.4955
-160.954	92.6788	-1.4955
-159.557	92.6788	-1.49031
-159.546	92.6788	-1.47226
-159.536	92.6788	-1.45421
-159.521	92.6788	-1.42896
-159.507	92.6788	-1.4037
-159.482	92.6788	-1.4037
-159.457	92.6788	-1.4037
-159.432	92.6788	-1.4037
-159.407	92.6788	-1.4037
-159.392	92.6788	-1.42896
-159.377	92.6788	-1.45421
-159.367	92.6788	-1.47226
-159.357	92.6788	-1.49031
-159.367	92.6788	-1.50835
-159.377	92.6788	-1.5264
-159.392	92.6788	-1.55165
-159.407	92.6788	-1.57691
-159.432	92.6788	-1.57691
-159.457	92.6788	-1.57691
-159.482	92.6788	-1.57691
-159.507	92.6788	-1.57691
-159.519	92.6788	-1.55526
-159.532	92.6788	-1.53361
-159.544	92.6788	-1.51196
-159.369	92.6688	-1.46865
-159.382	92.6688	-1.447
-159.394	92.6688	-1.42535
-159.407	92.6688	-1.4037
-159.432	92.6688	-1.4037
-159.457	92.6688	-1.4037
-159.482	92.6688	-1.4037
-159.507	92.6688	-1.4037
-159.519	92.6688	-1.42535
-159.532	92.6688	-1.447
-159.544	92.6688	-1.46865
-159.557	92.6688	-1.49031
-159.546	92.6688	-1.50835
-159.532	92.6688	-1.53361
-159.519	92.6688	-1.55526
-159.507	92.6688	-1.57691
-159.482	92.6688	-1.57691
-159.457	92.6688	-1.57691
-159.432	92.6688	-1.57691
-159.407	92.6688	-1.57691
-159.394	92.6688	-1.55526
-159.382	92.6688	-1.53361
-159.369	92.6688	-1.51196
-159.357	92.6688	-1.49031
-159.463	92.9094	-1.39031
-159.46	92.9042	-1.39031
-159.454	92.9042	-1.39031
-159.451	92.9094	-1.39031
-159.454	92.9146	-1.39031
-159.46	92.9146	-1.39031
-159.451	92.9094	-1.47831
-159.454	92.9146	-1.47831
-159.46	92.9146	-1.47831
-159.463	92.9094	-1.47831
-159.461	92.9074	-1.47831
-159.46	92.9042	-1.47831
-159.454	92.9042	-1.47831
-159.452	92.9074	-1.47831
-159.451	92.9084	-1.47831
-159.457	92.9141	-1.48495
-159.463	92.9016	-1.48855
-159.46	92.9076	-1.49178
-159.457	92.904	-1.49503
-159.454	92.9113	-1.48893
-159.451	92.9076	-1.48255
-159.451	92.9074	-1.48317
-159.451	92.9059	-1.48679
-159.463	92.8974	-1.49031
-159.463	92.8998	-1.4893
-159.463	92.9022	-1.48829
-159.463	92.9059	-1.48679
-159.451	92.8974	-1.49031
-159.454	92.8974	-1.4955
-159.463	92.9076	-1.48255
-159.463	92.9084	-1.48074
-159.46	92.8974	-1.4955
-159.454	92.9076	-1.49225
-159.451	92.9089	-1.47952
-159.451	92.9084	-1.48074
-159.46	92.9105	-1.48888
-159.451	92.9016	-1.48855
-159.451	92.8998	-1.4893
-159.451	92.904	-1.48754
-159.451	92.9022	-1.48829
-159.463	92.9066	-1.48498
-159.463	92.9074	-1.48317
-159.454	92.8974	-1.48511
-159.457	92.9016	-1.48255
-159.46	92.8974	-1.48511
-159.461	92.8974	-1.48831
-159.452	92.8974	-1.48831
-159.451	92.6788	-1.49031
-159.454	92.6788	-1.48511
-159.46	92.6788	-1.48511
-159.463	92.6788	-1.49031
-159.46	92.6788	-1.4955
-159.454	92.6788	-1.4955
-157.957	92.6788	-1.49031
-157.946	92.6788	-1.47226
-157.936	92.6788	-1.45421
-157.921	92.6788	-1.42896
-157.907	92.6788	-1.4037
-157.882	92.6788	-1.4037
-157.857	92.6788	-1.4037
-157.832	92.6788	-1.4037
-157.807	92.6788	-1.4037
-157.792	92.6788	-1.42896
-157.777	92.6788	-1.45421
-157.767	92.6788	-1.47226
-157.757	92.6788	-1.49031
-157.767	92.6788	-1.50835
-157.777	92.6788	-1.5264
-157.792	92.6788	-1.55165
-157.807	92.6788	-1.57691
-157.832	92.6788	-1.57691
-157.857	92.6788	-1.57691
-157.882	92.6788	-1.57691
-157.907	92.6788	-1.57691
-157.919	92.6788	-1.55526
-157.932	92.6788	-1.53361
-157.944	92.6788	-1.51196
-157.769	92.6688	-1.46865
-157.782	92.6688	-1.447
-157.794	92.6688	-1.42535
-157.807	92.6688	-1.4037
-157.832	92.6688	-1.4037
-157.857	92.6688	-1.4037
-157.882	92.6688	-1.4037
-157.907	92.6688	-1.4037
-157.919	92.6688	-1.42535
-157.932	92.6688	-1.447
-157.944	92.6688	-1.46865
-157.957	92.6688	-1.49031
-157.946	92.6688	-1.50835
-157.932	92.6688	-1.53361
-157.919	92.6688	-1.55526
-157.907	92.6688	-1.57691
-157.882	92.6688	-1.57691
-157.857	92.6688	-1.57691
-157.832	92.6688	-1.57691
-157.807	92.6688	-1.57691
-157.794	92.6688	-1.55526
-157.782	92.6688	-1.53361
-157.769	92.6688	-1.51196
-157.757	92.6688	-1.49031
-157.863	92.9094	-1.39031
-157.86	92.9042	-1.39031
-157.854	92.9042	-1.39031
-157.851	92.9094	-1.39031
-157.854	92.9146	-1.39031
-157.86	92.9146	-1.39031
-157.851	92.9094	-1.47831
-157.854	92.9146	-1.47831
-157.86	92.9146	-1.47831
-157.863	92.9094	-1.47831
-157.861	92.9074	-1.47831
-157.86	92.9042	-1.47831
-157.854	92.9042	-1.47831
-157.852	92.9074	-1.47831
-157.851	92.9084	-1.47831
-157.857	92.9141	-1.48495
-157.863	92.9016	-1.48855
-157.86	92.9076	-1.49178
-157.857	92.904	-1.49503
-157.854	92.9113	-1.48893
-157.851	92.9076	-1.48255
-157.851	92.9074	-1.48317
-157.851	92.9059	-1.48679
-157.863	92.8974	-1.49031
-157.863	92.8998	-1.4893
-157.863	92.9022	-1.48829
-157.863	92.9059	-1.48679
-157.851	92.8974	-1.49031
-157.854	92.8974	-1.4955
-157.863	92.9076	-1.48255
-157.863	92.9084	-1.48074
-157.86	92.8974	-1.4955
-157.854	92.9076	-1.49225
-157.851	92.9089	-1.47952
-157.851	92.9084	-1.48074
-157.86	92.9105	-1.48888
-157.851	92.9016	-1.48855
-157.851	92.8998	-1.4893
-157.851	92.904	-1.48754
-157.851	92.9022	-1.48829
-157.863	92.9066	-1.48498
-157.863	92.9074	-1.48317
-157.854	92.8974	-1.48511
-157.857	92.9016	-1.48255
-157.86	92.8974	-1.48511
-157.861	92.8974	-1.48831
-157.852	92.8974	-1.48831
-157.851	92.6788	-1.49031
-157.854	92.6788	-1.48511
-157.86	92.6788	-1.48511
-157.863	92.6788	-1.49031
-157.86	92.6788	-1.4955
-157.854	92.6788	-1.4955
-156.357	92.6788	-1.49031
-156.346	92.6788	-1.47226
-156.336	92.6788	-1.45421
-156.321	92.6788	-1.42896
-156.307	92.6788	-1.4037
-156.282	92.6788	-1.4037
-156.257	92.6788	-1.4037
-156.232	92.6788	-1.4037
-156.207	92.6788	-1.4037
-156.192	92.6788	-1.42896
-156.177	92.6788	-1.45421
-156.167	92.6788	-1.47226
-156.157	92.6788	-1.49031
-156.167	92.6788	-1.50835
-156.177	92.6788	-1.5264
-156.192	92.6788	-1.55165
-156.207	92.6788	-1.57691
-156.232	92.6788	-1.57691
-156.257	92.6788	-1.57691
-156.282	92.6788	-1.57691
-156.307	92.6788	-1.57691
-156.319	92.6788	-1.55526
-156.332	92.6788	-1.53361
-156.344	92.6788	-1.51196
-156.169	92.6688	-1.46865
-156.182	92.6688	-1.447
-156.194	92.6688	-1.42535
-156.207	92.6688	-1.4037
-156.232	92.6688	-1.4037
-156.257	92.6688	-1.4037
-156.282	92.6688	-1.4037
-156.307	92.6688	-1.4037
-156.319	92.6688	-1.42535
-156.332	92.6688	-1.447
-156.344	92.6688	-1.46865
-156.357	92.6688	-1.49031
-156.346	92.6688	-1.50835
-156.332	92.6688	-1.53361
-156.319	92.6688	-1.55526
-156.307	92.6688	-1.57691
-156.282	92.6688	-1.57691
-156.257	92.6688	-1.57691
-156.232	92.6688	-1.57691
-156.207	92.6688	-1.57691
-156.194	92.6688	-1.55526
-156.182	92.6688	-1.53361
-156.169	92.6688	-1.51196
-156.157	92.6688	-1.49031
-156.263	92.9094	-1.39031
-156.26	92.9042	-1.39031
-156.254	92.9042	-1.39031
-156.251	92.9094	-1.39031
-156.254	92.9146	-1.39031
-156.26	92.9146	-1.39031
-156.251	92.9094	-1.47831
-156.254	92.9146	-1.47831
-156.26	92.9146	-1.47831
-156.263	92.9094	-1.47831
-156.261	92.9074	-1.47831
-156.26	92.9042	-1.47831
-156.254	92.9042	-1.47831
-156.252	92.9074	-1.47831
-156.251	92.9084	-1.47831
-156.257	92.9141	-1.48495
-156.263	92.9016	-1.48855
-156.26	92.9076	-1.49178
-156.257	92.904	-1.49503
-156.254	92.9113	-1.48893
-156.251	92.9076	-1.48255
-156.251	92.9074	-1.48317
-156.251	92.9059	-1.48679
-156.263	92.8974	-1.49031
-156.263	92.8998	-1.4893
-156.263	92.9022	-1.48829
-156.263	92.9059	-1.48679
-156.251	92.8974	-1.49031
-156.254	92.8974	-1.4955
-156.263	92.9076	-1.48255
-156.263	92.9084	-1.48074
-156.26	92.8974	-1.4955
-156.254	92.9076	-1.49225
-156.251	92.9089	-1.47952
-156.251	92.9084	-1.48074
-156.26	92.9105	-1.48888
-156.251	92.9016	-1.48855
-156.251	92.8998	-1.4893
-156.251	92.904	-1.48754
-156.251	92.9022	-1.48829
-156.263	92.9066	-1.48498
-156.263	92.9074	-1.48317
-156.254	92.8974	-1.48511
-156.257	92.9016	-1.48255
-156.26	92.8974	-1.48511
-156.261	92.8974	-1.48831
-156.252	92.8974	-1.48831
-156.251	92.6788	-1.49031
-156.254	92.6788	-1.48511
-156.26	92.6788	-1.48511
-156.263	92.6788	-1.49031
-156.26	92.6788	-1.4955
-156.254	92.6788	-1.4955
-154.719	92.6788	-1.55526
-154.732	92.6788	-1.53361
-154.744	92.6788	-1.51196
-154.757	92.6788	-1.49031
-154.746	92.6788	-1.47226
-154.736	92.6788	-1.45421
-154.721	92.6788	-1.42896
-154.707	92.6788	-1.4037
-154.682	92.6788	-1.4037
-154.657	92.6788	-1.4037
-154.632	92.6788	-1.4037
-154.607	92.6788	-1.4037
-154.592	92.6788	-1.42896
-154.577	92.6788	-1.45421
-154.567	92.6788	-1.47226
-154.557	92.6788	-1.49031
-154.567	92.6788	-1.50835
-154.577	92.6788	-1.5264
-154.592	92.6788	-1.55165
-154.607	92.6788	-1.57691
-154.632	92.6788	-1.57691
-154.657	92.6788	-1.57691
-154.682	92.6788	-1.57691
-154.707	92.6788	-1.57691
-154.569	92.6688	-1.46865
-154.582	92.6688	-1.447
-154.594	92.6688	-1.42535
-154.607	92.6688	-1.4037
-154.632	92.6688	-1.4037
-154.657	92.6688	-1.4037
-154.682	92.6688	-1.4037
-154.707	92.6688	-1.4037
-154.719	92.6688	-1.42535
-154.732	92.6688	-1.447
-154.744	92.6688	-1.46865
-154.757	92.6688	-1.49031
-154.746	92.6688	-1.50835
-154.732	92.6688	-1.53361
-154.719	92.6688	-1.55526
-154.707	92.6688	-1.57691
-154.682	92.6688	-1.57691
-154.657	92.6688	-1.57691
-154.632	92.6688	-1.57691
-154.607	92.6688	-1.57691
-154.594	92.6688	-1.55526
-154.582	92.6688	-1.53361
-154.569	92.6688	-1.51196
-154.557	92.6688	-1.49031
-154.663	92.9094	-1.39031
-154.66	92.9042	-1.39031
-154.654	92.9042	-1.39031
-154.651	92.9094	-1.39031
-154.654	92.9146	-1.39031
-154.66	92.9146	-1.39031
-154.651	92.9094	-1.47831
-154.654	92.9146	-1.47831
-154.66	92.9146	-1.47831
-154.663	92.9094	-1.47831
-154.661	92.9074	-1.47831
-154.66	92.9042	-1.47831
-154.654	92.9042	-1.47831
-154.652	92.9074	-1.47831
-154.651	92.9084	-1.47831
-154.657	92.9141	-1.48495
-154.663	92.9016	-1.48855
-154.66	92.9076	-1.49178
-154.657	92.904	-1.49503
-154.654	92.9113	-1.48893
-154.651	92.9076	-1.48255
-154.651	92.9074	-1.48317
-154.651	92.9059	-1.48679
-154.663	92.8974	-1.49031
-154.663	92.8998	-1.4893
-154.663	92.9022	-1.48829
-154.663	92.9059	-1.48679
-154.651	92.8974	-1.49031
-154.654	92.8974	-1.4955
-154.663	92.9076	-1.48255
-154.663	92.9084	-1.48074
-154.66	92.8974	-1.4955
-154.654	92.9076	-1.49225
-154.651	92.9089	-1.47952
-154.651	92.9084	-1.48074
-154.66	92.9105	-1.48888
-154.651	92.9016	-1.48855
-154.651	92.8998	-1.4893
-154.651	92.904	-1.48754
-154.651	92.9022	-1.48829
-154.663	92.9066	-1.48498
-154.663	92.9074	-1.48317
-154.654	92.8974	-1.48511
-154.657	92.9016	-1.48255
-154.66	92.8974	-1.48511
-154.661	92.8974	-1.48831
-154.652	92.8974	-1.48831
-154.651	92.6788	-1.49031
-154.654	92.6788	-1.48511
-154.66	92.6788	-1.48511
-154.663	92.6788	-1.49031
-154.66	92.6788	-1.4955
-154.654	92.6788	-1.4955
-153.119	92.6788	-1.55526
-153.132	92.6788	-1.53361
-153.144	92.6788	-1.51196
-153.157	92.6788	-1.49031
-153.146	92.6788	-1.47226
-153.136	92.6788	-1.45421
-153.121	92.6788	-1.42896
-153.107	92.6788	-1.4037
-153.082	92.6788	-1.4037
-153.057	92.6788	-1.4037
-153.032	92.6788	-1.4037
-153.007	92.6788	-1.4037
-152.992	92.6788	-1.42896
-152.977	92.6788	-1.45421
-152.967	92.6788	-1.47226
-152.957	92.6788	-1.49031
-152.967	92.6788	-1.50835
-152.977	92.6788	-1.5264
-152.992	92.6788	-1.55165
-153.007	92.6788	-1.57691
-153.032	92.6788	-1.57691
-153.057	92.6788	-1.57691
-153.082	92.6788	-1.57691
-153.107	92.6788	-1.57691
-152.969	92.6688	-1.46865
-152.982	92.6688	-1.447
-152.994	92.6688	-1.42535
-153.007	92.6688	-1.4037
-153.032	92.6688	-1.4037
-153.057	92.6688	-1.4037
-153.082	92.6688	-1.4037
-153.107	92.6688	-1.4037
-153.119	92.6688	-1.42535
-153.132	92.6688	-1.447
-153.144	92.6688	-1.46865
-153.157	92.6688	-1.49031
-153.146	92.6688	-1.50835
-153.132	92.6688	-1.53361
-153.119	92.6688	-1.55526
-153.107	92.6688	-1.57691
-153.082	92.6688	-1.57691
-153.057	92.6688	-1.57691
-153.032	92.6688	-1.57691
-153.007	92.6688	-1.57691
-152.994	92.6688	-1.55526
-152.982	92.6688	-1.53361
-152.969	92.6688	-1.51196
-152.957	92.6688	-1.49031
-153.063	92.9094	-1.39031
-153.06	92.9042	-1.39031
-153.054	92.9042	-1.39031
-153.051	92.9094	-1.39031
-153.054	92.9146	-1.39031
-153.06	92.9146	-1.39031
-153.051	92.9094	-1.47831
-153.054	92.9146	-1.47831
-153.06	92.9146	-1.47831
-153.063	92.9094	-1.47831
-153.061	92.9074	-1.47831
-153.06	92.9042	-1.47831
-153.054	92.9042	-1.47831
-153.052	92.9074	-1.47831
-153.051	92.9084	-1.47831
-153.057	92.9141	-1.48495
-153.063	92.9016	-1.48855
-153.06	92.9076	-1.49178
-153.057	92.904	-1.49503
-153.054	92.9113	-1.48893
-153.051	92.9076	-1.48255
-153.051	92.9074	-1.48317
-153.051	92.9059	-1.48679
-153.063	92.8974	-1.49031
-153.063	92.8998	-1.4893
-153.063	92.9022	-1.48829
-153.063	92.9059	-1.48679
-153.051	92.8974	-1.49031
-153.054	92.8974	-1.4955
-153.063	92.9076	-1.48255
-153.063	92.9084	-1.48074
-153.06	92.8974	-1.4955
-153.054	92.9076	-1.49225
-153.051	92.9089	-1.47952
-153.051	92.9084	-1.48074
-153.06	92.9105	-1.48888
-153.051	92.9016	-1.48855
-153.051	92.8998	-1.4893
-153.051	92.904	-1.48754
-153.051	92.9022	-1.48829
-153.063	92.9066	-1.48498
-153.063	92.9074	-1.48317
-153.054	92.8974	-1.48511
-153.057	92.9016	-1.48255
-153.06	92.8974	-1.48511
-153.061	92.8974	-1.48831
-153.052	92.8974	-1.48831
-153.051	92.6788	-1.49031
-153.054	92.6788	-1.48511
-153.06	92.6788	-1.48511
-153.063	92.6788	-1.49031
-153.06	92.6788	-1.4955
-153.054	92.6788	-1.4955
-151.519	92.6788	-1.55526
-151.532	92.6788	-1.53361
-151.544	92.6788	-1.51196
-151.557	92.6788	-1.49031
-151.546	92.6788	-1.47226
-151.536	92.6788	-1.45421
-151.521	92.6788	-1.42896
-151.507	92.6788	-1.4037
-151.482	92.6788	-1.4037
-151.457	92.6788	-1.4037
-151.432	92.6788	-1.4037
-151.407	92.6788	-1.4037
-151.392	92.6788	-1.42896
-151.377	92.6788	-1.45421
-151.367	92.6788	-1.47226
-151.357	92.6788	-1.49031
-151.367	92.6788	-1.50835
-151.377	92.6788	-1.5264
-151.392	92.6788	-1.55165
-151.407	92.6788	-1.57691
-151.432	92.6788	-1.57691
-151.457	92.6788	-1.57691
-151.482	92.6788	-1.57691
-151.507	92.6788	-1.57691
-151.369	92.6688	-1.46865
-151.382	92.6688	-1.447
-151.394	92.6688	-1.42535
-151.407	92.6688	-1.4037
-151.432	92.6688	-1.4037
-151.457	92.6688	-1.4037
-151.482	92.6688	-1.4037
-151.507	92.6688	-1.4037
-151.519	92.6688	-1.42535
-151.532	92.6688	-1.447
-151.544	92.6688	-1.46865
-151.557	92.6688	-1.49031
-151.546	92.6688	-1.50835
-151.532	92.6688	-1.53361
-151.519	92.6688	-1.55526
-151.507	92.6688	-1.57691
-151.482	92.6688	-1.57691
-151.457	92.6688	-1.57691
-151.432	92.6688	-1.57691
-151.407	92.6688	-1.57691
-151.394	92.6688	-1.55526
-151.382	92.6688	-1.53361
-151.369	92.6688	-1.51196
-151.357	92.6688	-1.49031
-151.463	92.9094	-1.39031
-151.46	92.9042	-1.39031
-151.454	92.9042	-1.39031
-151.451	92.9094	-1.39031
-151.454	92.9146	-1.39031
-151.46	92.9146	-1.39031
-151.451	92.9094	-1.47831
-151.454	92.9146	-1.47831
-151.46	92.9146	-1.47831
-151.463	92.9094	-1.47831
-151.461	92.9074	-1.47831
-151.46	92.9042	-1.47831
-151.454	92.9042	-1.47831
-151.452	92.9074	-1.47831
-151.451	92.9084	-1.47831
-151.457	92.9141	-1.48495
-151.463	92.9016	-1.48855
-151.46	92.9076	-1.49178
-151.457	92.904	-1.49503
-151.454	92.9113	-1.48893
-151.451	92.9076	-1.48255
-151.451	92.9074	-1.48317
-151.451	92.9059	-1.48679
-151.463	92.8974	-1.49031
-151.463	92.8998	-1.4893
-151.463	92.9022	-1.48829
-151.463	92.9059	-1.48679
-151.451	92.8974	-1.49031
-151.454	92.8974	-1.4955
-151.463	92.9076	-1.48255
-151.463	92.9084	-1.48074
-151.46	92.8974	-1.4955
-151.454	92.9076	-1.49225
-151.451	92.9089	-1.47952
-151.451	92.9084	-1.48074
-151.46	92.9105	-1.48888
-151.451	92.9016	-1.48855
-151.451	92.8998	-1.4893
-151.451	92.904	-1.48754
-151.451	92.9022	-1.48829
-151.463	92.9066	-1.48498
-151.463	92.9074	-1.48317
-151.454	92.8974	-1.48511
-151.457	92.9016	-1.48255
-151.46	92.8974	-1.48511
-151.461	92.8974	-1.48831
-151.452	92.8974	-1.48831
-151.451	92.6788	-1.49031
-151.454	92.6788	-1.48511
-151.46	92.6788	-1.48511
-151.463	92.6788	-1.49031
-151.46	92.6788	-1.4955
-151.454	92.6788	-1.4955
-149.919	92.6788	-1.55526
-149.932	92.6788	-1.53361
-149.944	92.6788	-1.51196
-149.957	92.6788	-1.49031
-149.946	92.6788	-1.47226
-149.936	92.6788	-1.45421
-149.921	92.6788	-1.42896
-149.907	92.6788	-1.4037
-149.882	92.6788	-1.4037
-149.857	92.6788	-1.4037
-149.832	92.6788	-1.4037
-149.807	92.6788	-1.4037
-149.792	92.6788	-1.42896
-149.777	92.6788	-1.45421
-149.767	92.6788	-1.47226
-149.757	92.6788	-1.49031
-149.767	92.6788	-1.50835
-149.777	92.6788	-1.5264
-149.792	92.6788	-1.55165
-149.807	92.6788	-1.57691
-149.832	92.6788	-1.57691
-149.857	92.6788	-1.57691
-149.882	92.6788	-1.57691
-149.907	92.6788	-1.57691
-149.769	92.6688	-1.46865
-149.782	92.6688	-1.447
-149.794	92.6688	-1.42535
-149.807	92.6688	-1.4037
-149.832	92.6688	-1.4037
-149.857	92.6688	-1.4037
-149.882	92.6688	-1.4037
-149.907	92.6688	-1.4037
-149.919	92.6688	-1.42535
-149.932	92.6688	-1.447
-149.944	92.6688	-1.46865
-149.957	92.6688	-1.49031
-149.946	92.6688	-1.50835
-149.932	92.6688	-1.53361
-149.919	92.6688	-1.55526
-149.907	92.6688	-1.57691
-149.882	92.6688	-1.57691
-149.857	92.6688	-1.57691
-149.832	92.6688	-1.57691
-149.807	92.6688	-1.57691
-149.794	92.6688	-1.55526
-149.782	92.6688	-1.53361
-149.769	92.6688	-1.51196
-149.757	92.6688	-1.49031
-149.863	92.9094	-1.39031
-149.86	92.9042	-1.39031
-149.854	92.9042	-1.39031
-149.851	92.9094	-1.39031
-149.854	92.9146	-1.39031
-149.86	92.9146	-1.39031
-149.851	92.9094	-1.47831
-149.854	92.9146	-1.47831
-149.86	92.9146	-1.47831
-149.863	92.9094	-1.47831
-149.861	92.9074	-1.47831
-149.86	92.9042	-1.47831
-149.854	92.9042	-1.47831
-149.852	92.9074	-1.47831
-149.851	92.9084	-1.47831
-149.857	92.9141	-1.48495
-149.863	92.9016	-1.48855
-149.86	92.9076	-1.49178
-149.857	92.904	-1.49503
-149.854	92.9113	-1.48893
-149.851	92.9076	-1.48255
-149.851	92.9074	-1.48317
-149.851	92.9059	-1.48679
-149.863	92.8974	-1.49031
-149.863	92.8998	-1.4893
-149.863	92.9022	-1.48829
-149.863	92.9059	-1.48679
-149.851	92.8974	-1.49031
-149.854	92.8974	-1.4955
-149.863	92.9076	-1.48255
-149.863	92.9084	-1.48074
-149.86	92.8974	-1.4955
-149.854	92.9076	-1.49225
-149.851	92.9089	-1.47952
-149.851	92.9084	-1.48074
-149.86	92.9105	-1.48888
-149.851	92.9016	-1.48855
-149.851	92.8998	-1.4893
-149.851	92.904	-1.48754
-149.851	92.9022	-1.48829
-149.863	92.9066	-1.48498
-149.863	92.9074	-1.48317
-149.854	92.8974	-1.48511
-149.857	92.9016	-1.48255
-149.86	92.8974	-1.48511
-149.861	92.8974	-1.48831
-149.852	92.8974	-1.48831
-149.851	92.6788	-1.49031
-149.854	92.6788	-1.48511
-149.86	92.6788	-1.48511
-149.863	92.6788	-1.49031
-149.86	92.6788	-1.4955
-149.854	92.6788	-1.4955
-148.319	92.6788	-1.55526
-148.332	92.6788	-1.53361
-148.344	92.6788	-1.51196
-148.357	92.6788	-1.49031
-148.346	92.6788	-1.47226
-148.336	92.6788	-1.45421
-148.321	92.6788	-1.42896
-148.307	92.6788	-1.4037
-148.282	92.6788	-1.4037
-148.257	92.6788	-1.4037
-148.232	92.6788	-1.4037
-148.207	92.6788	-1.4037
-148.192	92.6788	-1.42896
-148.177	92.6788	-1.45421
-148.167	92.6788	-1.47226
-148.157	92.6788	-1.49031
-148.167	92.6788	-1.50835
-148.177	92.6788	-1.5264
-148.192	92.6788	-1.55165
-148.207	92.6788	-1.57691
-148.232	92.6788	-1.57691
-148.257	92.6788	-1.57691
-148.282	92.6788	-1.57691
-148.307	92.6788	-1.57691
-148.169	92.6688	-1.46865
-148.182	92.6688	-1.447
-148.194	92.6688	-1.42535
-148.207	92.6688	-1.4037
-148.232	92.6688	-1.4037
-148.257	92.6688	-1.4037
-148.282	92.6688	-1.4037
-148.307	92.6688	-1.4037
-148.319	92.6688	-1.42535
-148.332	92.6688	-1.447
-148.344	92.6688	-1.46865
-148.357	92.6688	-1.49031
-148.346	92.6688	-1.50835
-148.332	92.6688	-1.53361
-148.319	92.6688	-1.55526
-148.307	92.6688	-1.57691
-148.282	92.6688	-1.57691
-148.257	92.6688	-1.57691
-148.232	92.6688	-1.57691
-148.207	92.6688	-1.57691
-148.194	92.6688	-1.55526
-148.182	92.6688	-1.53361
-148.169	92.6688	-1.51196
-148.157	92.6688	-1.49031
-148.263	92.9094	-1.39031
-148.26	92.9042	-1.39031
-148.254	92.9042	-1.39031
-148.251	92.9094	-1.39031
-148.254	92.9146	-1.39031
-148.26	92.9146	-1.39031
-148.251	92.9094	-1.47831
-148.254	92.9146	-1.47831
-148.26	92.9146	-1.47831
-148.263	92.9094	-1.47831
-148.261	92.9074	-1.47831
-148.26	92.9042	-1.47831
-148.254	92.9042	-1.47831
-148.252	92.9074	-1.47831
-148.251	92.9084	-1.47831
-148.257	92.9141	-1.48495
-148.263	92.9016	-1.48855
-148.26	92.9076	-1.49178
-148.257	92.904	-1.49503
-148.254	92.9113	-1.48893
-148.251	92.9076	-1.48255
-148.251	92.9074	-1.48317
-148.251	92.9059	-1.48679
-148.263	92.8974	-1.49031
-148.263	92.8998	-1.4893
-148.263	92.9022	-1.48829
-148.263	92.9059	-1.48679
-148.251	92.8974	-1.49031
-148.254	92.8974	-1.4955
-148.263	92.9076	-1.48255
-148.263	92.9084	-1.48074
-148.26	92.8974	-1.4955
-148.254	92.9076	-1.49225
-148.251	92.9089	-1.47952
-148.251	92.9084	-1.48074
-148.26	92.9105	-1.48888
-148.251	92.9016	-1.48855
-148.251	92.8998	-1.4893
-148.251	92.904	-1.48754
-148.251	92.9022	-1.48829
-148.263	92.9066	-1.48498
-148.263	92.9074	-1.48317
-148.254	92.8974	-1.48511
-148.257	92.9016	-1.48255
-148.26	92.8974	-1.48511
-148.261	92.8974	-1.48831
-148.252	92.8974	-1.48831
-148.251	92.6788	-1.49031
-148.254	92.6788	-1.48511
-148.26	92.6788	-1.48511
-148.263	92.6788	-1.49031
-148.26	92.6788	-1.4955
-148.254	92.6788	-1.4955
-146.719	92.6788	-1.55526
-146.732	92.6788	-1.53361
-146.744	92.6788	-1.51196
-146.757	92.6788	-1.49031
-146.746	92.6788	-1.47226
-146.736	92.6788	-1.45421
-146.721	92.6788	-1.42896
-146.707	92.6788	-1.4037
-146.682	92.6788	-1.4037
-146.657	92.6788	-1.4037
-146.632	92.6788	-1.4037
-146.607	92.6788	-1.4037
-146.592	92.6788	-1.42896
-146.577	92.6788	-1.45421
-146.567	92.6788	-1.47226
-146.557	92.6788	-1.49031
-146.567	92.6788	-1.50835
-146.577	92.6788	-1.5264
-146.592	92.6788	-1.55165
-146.607	92.6788	-1.57691
-146.632	92.6788	-1.57691
-146.657	92.6788	-1.57691
-146.682	92.6788	-1.57691
-146.707	92.6788	-1.57691
-146.569	92.6688	-1.46865
-146.582	92.6688	-1.447
-146.594	92.6688	-1.42535
-146.607	92.6688	-1.4037
-146.632	92.6688	-1.4037
-146.657	92.6688	-1.4037
-146.682	92.6688	-1.4037
-146.707	92.6688	-1.4037
-146.719	92.6688	-1.42535
-146.732	92.6688	-1.447
-146.744	92.6688	-1.46865
-146.757	92.6688	-1.49031
-146.746	92.6688	-1.50835
-146.732	92.6688	-1.53361
-146.719	92.6688	-1.55526
-146.707	92.6688	-1.57691
-146.682	92.6688	-1.57691
-146.657	92.6688	-1.57691
-146.632	92.6688	-1.57691
-146.607	92.6688	-1.57691
-146.594	92.6688	-1.55526
-146.582	92.6688	-1.53361
-146.569	92.6688	-1.51196
-146.557	92.6688	-1.49031
-146.663	92.9094	-1.39031
-146.66	92.9042	-1.39031
-146.654	92.9042	-1.39031
-146.651	92.9094	-1.39031
-146.654	92.9146	-1.39031
-146.66	92.9146	-1.39031
-146.651	92.9094	-1.47831
-146.654	92.9146	-1.47831
-146.66	92.9146	-1.47831
-146.663	92.9094	-1.47831
-146.661	92.9074	-1.47831
-146.66	92.9042	-1.47831
-146.654	92.9042	-1.47831
-146.652	92.9074	-1.47831
-146.651	92.9084	-1.47831
-146.657	92.9141	-1.48495
-146.663	92.9016	-1.48855
-146.66	92.9076	-1.49178
-146.657	92.904	-1.49503
-146.654	92.9113	-1.48893
-146.651	92.9076	-1.48255
-146.651	92.9074	-1.48317
-146.651	92.9059	-1.48679
-146.663	92.8974	-1.49031
-146.663	92.8998	-1.4893
-146.663	92.9022	-1.48829
-146.663	92.9059	-1.48679
-146.651	92.8974	-1.49031
-146.654	92.8974	-1.4955
-146.663	92.9076	-1.48255
-146.663	92.9084	-1.48074
-146.66	92.8974	-1.4955
-146.654	92.9076	-1.49225
-146.651	92.9089	-1.47952
-146.651	92.9084	-1.48074
-146.66	92.9105	-1.48888
-146.651	92.9016	-1.48855
-146.651	92.8998	-1.4893
-146.651	92.904	-1.48754
-146.651	92.9022	-1.48829
-146.663	92.9066	-1.48498
-146.663	92.9074	-1.48317
-146.654	92.8974	-1.48511
-146.657	92.9016	-1.48255
-146.66	92.8974	-1.48511
-146.661	92.8974	-1.48831
-146.652	92.8974	-1.48831
-146.651	92.6788	-1.49031
-146.654	92.6788	-1.48511
-146.66	92.6788	-1.48511
-146.663	92.6788	-1.49031
-146.66	92.6788	-1.4955
-146.654	92.6788	-1.4955

#	Triangle	157
11	9	10	12	9	11	1	3	4	2	3	1
12	8	9	13	8	12	13	7	8	14	7	13	14	6	7	15	6	14	15	5	6	0	5	15	0	4	5	1	4	0
20	18	19	21	18	20	26	28	29	27	28	26
21	17	18	22	17	21	22	16	17	23	16	22	23	31	16	24	31	23	24	30	31	25	30	24	25	29	30	26	29	25
7	32	8
19	18	33
34	22	32
35	8	32
34	7	6	22	34	23
7	34	32
8	35	9
37	16	36
14	12	37
13	12	14	5	4	6	116	114	115	110	117	118	120	110	119	103	123	124	121	130	131	217	215	216	211	218	219	221	211	220	204	224	225	222	231	232	318	316	317	312	319	320	322	312	321	305	325	326	323	332	333	419	417	418	413	420	421	423	413	422	406	426	427	424	433	434	520	518	519	514	521	522	524	514	523	507	527	528	525	534	535	621	619	620	615	622	623	625	615	624	608	628	629	626	635	636	722	720	721	716	723	724	726	716	725	709	729	730	727	736	737	823	821	822	817	824	825	827	817	826	810	830	831	828	837	838	924	922	923	918	925	926	928	918	927	911	931	932	929	938	939	1025	1023	1024	1019	1026	1027	1029	1019	1028	1012	1032	1033	1030	1039	1040
38	10	9
33	10	38
38	35	20
38	19	33
22	21	32
32	21	35
35	38	9
39	33	18
39	12	11
11	33	39
33	11	10
20	19	38
20	35	21
37	36	14
36	16	31
16	37	17
37	39	17
37	12	39
18	17	39
15	40	0
27	26	41
36	30	40
42	0	40
36	15	14	30	36	31
15	36	40
0	42	1
43	24	34
6	4	43
44	2	1
41	2	44
44	42	28
44	27	41
30	29	40
40	29	42
42	44	1
45	41	26
45	4	3
3	41	45
41	3	2
28	27	44
28	42	29
43	34	6
34	24	23
24	43	25
43	45	25
43	4	45
26	25	45
67	65	66	67	64	65	67	63	64	67	62	63	67	61	62	68	61	67	68	60	61	69	60	68	69	59	60	46	59	69	46	58	59	47	58	46	47	57	58	48	57	47	48	56	57	49	56	48	49	55	56	50	55	49	50	51	55	51	52	55	52	53	55	53	54	55	98	102	99	101	102	98	168	166	167	168	165	166	168	164	165	168	163	164	168	162	163	169	162	168	169	161	162	170	161	169	170	160	161	147	160	170	147	159	160	148	159	147	148	158	159	149	158	148	149	157	158	150	157	149	150	156	157	151	156	150	151	152	156	152	153	156	153	154	156	154	155	156	199	203	200	202	203	199	269	267	268	269	266	267	269	265	266	269	264	265	269	263	264	270	263	269	270	262	263	271	262	270	271	261	262	248	261	271	248	260	261	249	260	248	249	259	260	250	259	249	250	258	259	251	258	250	251	257	258	252	257	251	252	253	257	253	254	257	254	255	257	255	256	257	300	304	301	303	304	300	370	368	369	370	367	368	370	366	367	370	365	366	370	364	365	371	364	370	371	363	364	372	363	371	372	362	363	349	362	372	349	361	362	350	361	349	350	360	361	351	360	350	351	359	360	352	359	351	352	358	359	353	358	352	353	354	358	354	355	358	355	356	358	356	357	358	401	405	402	404	405	401	450	472	473	450	471	472	450	470	471	450	469	470	450	468	469	451	468	450	451	467	468	452	467	451	452	466	467	453	466	452	453	465	466	454	465	453	454	464	465	455	464	454	455	463	464	456	463	455	456	462	463	457	462	456	457	458	462	458	459	462	459	460	462	460	461	462	502	506	503	505	506	502	551	573	574	551	572	573	551	571	572	551	570	571	551	569	570	552	569	551	552	568	569	553	568	552	553	567	568	554	567	553	554	566	567	555	566	554	555	565	566	556	565	555	556	564	565	557	564	556	557	563	564	558	563	557	558	559	563	559	560	563	560	561	563	561	562	563	603	607	604	606	607	603	652	674	675	652	673	674	652	672	673	652	671	672	652	670	671	653	670	652	653	669	670	654	669	653	654	668	669	655	668	654	655	667	668	656	667	655	656	666	667	657	666	656	657	665	666	658	665	657	658	664	665	659	664	658	659	660	664	660	661	664	661	662	664	662	663	664	704	708	705	707	708	704	753	775	776	753	774	775	753	773	774	753	772	773	753	771	772	754	771	753	754	770	771	755	770	754	755	769	770	756	769	755	756	768	769	757	768	756	757	767	768	758	767	757	758	766	767	759	766	758	759	765	766	760	765	759	760	761	765	761	762	765	762	763	765	763	764	765	805	809	806	808	809	805	854	876	877	854	875	876	854	874	875	854	873	874	854	872	873	855	872	854	855	871	872	856	871	855	856	870	871	857	870	856	857	869	870	858	869	857	858	868	869	859	868	858	859	867	868	860	867	859	860	866	867	861	866	860	861	862	866	862	863	866	863	864	866	864	865	866	906	910	907	909	910	906	955	977	978	955	976	977	955	975	976	955	974	975	955	973	974	956	973	955	956	972	973	957	972	956	957	971	972	958	971	957	958	970	971	959	970	958	959	969	970	960	969	959	960	968	969	961	968	960	961	967	968	962	967	961	962	963	967	963	964	967	964	965	967	965	966	967	1007	1011	1008	1010	1011	1007
90	88	89	90	87	88	90	86	87	90	85	86	90	84	85	91	84	90	91	83	84	92	83	91	92	82	83	93	82	92	93	81	82	70	81	93	70	80	81	71	80	70	71	79	80	72	79	71	72	78	79	73	78	72	73	74	78	74	75	78	75	76	78	76	77	78	95	106	96	105	106	95	191	189	190	191	188	189	191	187	188	191	186	187	191	185	186	192	185	191	192	184	185	193	184	192	193	183	184	194	183	193	194	182	183	171	182	194	171	181	182	172	181	171	172	180	181	173	180	172	173	179	180	174	179	173	174	175	179	175	176	179	176	177	179	177	178	179	196	207	197	206	207	196	292	290	291	292	289	290	292	288	289	292	287	288	292	286	287	293	286	292	293	285	286	294	285	293	294	284	285	295	284	294	295	283	284	272	283	295	272	282	283	273	282	272	273	281	282	274	281	273	274	280	281	275	280	274	275	276	280	276	277	280	277	278	280	278	279	280	297	308	298	307	308	297	393	391	392	393	390	391	393	389	390	393	388	389	393	387	388	394	387	393	394	386	387	395	386	394	395	385	386	396	385	395	396	384	385	373	384	396	373	383	384	374	383	373	374	382	383	375	382	374	375	381	382	376	381	375	376	377	381	377	378	381	378	379	381	379	380	381	398	409	399	408	409	398	494	492	493	494	491	492	494	490	491	494	489	490	494	488	489	495	488	494	495	487	488	496	487	495	496	486	487	497	486	496	497	485	486	474	485	497	474	484	485	475	484	474	475	483	484	476	483	475	476	482	483	477	482	476	477	478	482	478	479	482	479	480	482	480	481	482	499	510	500	509	510	499	595	593	594	595	592	593	595	591	592	595	590	591	595	589	590	596	589	595	596	588	589	597	588	596	597	587	588	598	587	597	598	586	587	575	586	598	575	585	586	576	585	575	576	584	585	577	584	576	577	583	584	578	583	577	578	579	583	579	580	583	580	581	583	581	582	583	600	611	601	610	611	600	696	694	695	696	693	694	696	692	693	696	691	692	696	690	691	697	690	696	697	689	690	698	689	697	698	688	689	699	688	698	699	687	688	676	687	699	676	686	687	677	686	676	677	685	686	678	685	677	678	684	685	679	684	678	679	680	684	680	681	684	681	682	684	682	683	684	701	712	702	711	712	701	797	795	796	797	794	795	797	793	794	797	792	793	797	791	792	798	791	797	798	790	791	799	790	798	799	789	790	800	789	799	800	788	789	777	788	800	777	787	788	778	787	777	778	786	787	779	786	778	779	785	786	780	785	779	780	781	785	781	782	785	782	783	785	783	784	785	802	813	803	812	813	802	898	896	897	898	895	896	898	894	895	898	893	894	898	892	893	899	892	898	899	891	892	900	891	899	900	890	891	901	890	900	901	889	890	878	889	901	878	888	889	879	888	878	879	887	888	880	887	879	880	886	887	881	886	880	881	882	886	882	883	886	883	884	886	884	885	886	903	914	904	913	914	903	999	997	998	999	996	997	999	995	996	999	994	995	999	993	994	1000	993	999	1000	992	993	1001	992	1000	1001	991	992	1002	991	1001	1002	990	991	979	990	1002	979	989	990	980	989	979	980	988	989	981	988	980	981	987	988	982	987	981	982	983	987	983	984	987	984	985	987	985	986	987	1004	1015	1005	1014	1015	1004
62	90	89	62	91	90	62	92	91	62	93	92	163	191	190	163	192	191	163	193	192	163	194	193	264	292	291	264	293	292	264	294	293	264	295	294	365	393	392	365	394	393	365	395	394	365	396	395	469	494	493	469	495	494	469	496	495	469	497	496	570	595	594	570	596	595	570	597	596	570	598	597	671	696	695	671	697	696	671	698	697	671	699	698	772	797	796	772	798	797	772	799	798	772	800	799	873	898	897	873	899	898	873	900	899	873	901	900	974	999	998	974	1000	999	974	1001	1000	974	1002	1001
62	61	93	163	162	194	264	263	295	365	364	396	469	468	497	570	569	598	671	670	699	772	771	800	873	872	901	974	973	1002
61	60	93	162	161	194	263	262	295	364	363	396	468	467	497	569	568	598	670	669	699	771	770	800	872	871	901	973	972	1002
60	59	93	161	160	194	262	261	295	363	362	396	467	466	497	568	567	598	669	668	699	770	769	800	871	870	901	972	971	1002
59	58	93	160	159	194	261	260	295	362	361	396	466	465	497	567	566	598	668	667	699	769	768	800	870	869	901	971	970	1002
46	82	81	147	183	182	248	284	283	349	385	384	453	486	485	554	587	586	655	688	687	756	789	788	857	890	889	958	991	990
46	83	82	147	184	183	248	285	284	349	386	385	453	487	486	554	588	587	655	689	688	756	790	789	857	891	890	958	992	991
46	84	83	46	85	84	46	69	85	69	68	85	68	67	85	67	66	85	147	185	184	147	186	185	147	170	186	170	169	186	169	168	186	168	167	186	248	286	285	248	287	286	248	271	287	271	270	287	270	269	287	269	268	287	349	387	386	349	388	387	349	372	388	372	371	388	371	370	388	370	369	388	453	488	487	453	489	488	453	452	489	452	451	489	451	450	489	450	473	489	554	589	588	554	590	589	554	553	590	553	552	590	552	551	590	551	574	590	655	690	689	655	691	690	655	654	691	654	653	691	653	652	691	652	675	691	756	791	790	756	792	791	756	755	792	755	754	792	754	753	792	753	776	792	857	892	891	857	893	892	857	856	893	856	855	893	855	854	893	854	877	893	958	993	992	958	994	993	958	957	994	957	956	994	956	955	994	955	978	994
66	86	85	66	87	86	66	88	87	66	89	88	66	65	89	65	64	89	64	63	89	63	62	89	122	145	125	146	145	122	167	187	186	167	188	187	167	189	188	167	190	189	167	166	190	166	165	190	165	164	190	164	163	190	223	246	226	247	246	223	268	288	287	268	289	288	268	290	289	268	291	290	268	267	291	267	266	291	266	265	291	265	264	291	324	347	327	348	347	324	369	389	388	369	390	389	369	391	390	369	392	391	369	368	392	368	367	392	367	366	392	366	365	392	425	448	428	449	448	425	473	490	489	473	491	490	473	492	491	473	493	492	473	472	493	472	471	493	471	470	493	470	469	493	526	549	529	550	549	526	574	591	590	574	592	591	574	593	592	574	594	593	574	573	594	573	572	594	572	571	594	571	570	594	627	650	630	651	650	627	675	692	691	675	693	692	675	694	693	675	695	694	675	674	695	674	673	695	673	672	695	672	671	695	728	751	731	752	751	728	776	793	792	776	794	793	776	795	794	776	796	795	776	775	796	775	774	796	774	773	796	773	772	796	829	852	832	853	852	829	877	894	893	877	895	894	877	896	895	877	897	896	877	876	897	876	875	897	875	874	897	874	873	897	930	953	933	954	953	930	978	995	994	978	996	995	978	997	996	978	998	997	978	977	998	977	976	998	976	975	998	975	974	998	1031	1054	1034	1055	1054	1031
50	78	77	50	79	78	50	80	79	50	81	80	151	179	178	151	180	179	151	181	180	151	182	181	252	280	279	252	281	280	252	282	281	252	283	282	353	381	380	353	382	381	353	383	382	353	384	383	457	482	481	457	483	482	457	484	483	457	485	484	558	583	582	558	584	583	558	585	584	558	586	585	659	684	683	659	685	684	659	686	685	659	687	686	760	785	784	760	786	785	760	787	786	760	788	787	861	886	885	861	887	886	861	888	887	861	889	888	962	987	986	962	988	987	962	989	988	962	990	989
50	49	81	49	48	81	151	150	182	150	149	182	252	251	283	251	250	283	353	352	384	352	351	384	457	456	485	456	455	485	558	557	586	557	556	586	659	658	687	658	657	687	760	759	788	759	758	788	861	860	889	860	859	889	962	961	990	961	960	990
48	47	81	47	46	81	149	148	182	148	147	182	250	249	283	249	248	283	351	350	384	350	349	384	455	454	485	454	453	485	556	555	586	555	554	586	657	656	687	656	655	687	758	757	788	757	756	788	859	858	889	858	857	889	960	959	990	959	958	990
58	70	93	58	71	70	58	72	71	58	73	72	159	171	194	159	172	171	159	173	172	159	174	173	260	272	295	260	273	272	260	274	273	260	275	274	361	373	396	361	374	373	361	375	374	361	376	375	465	474	497	465	475	474	465	476	475	465	477	476	566	575	598	566	576	575	566	577	576	566	578	577	667	676	699	667	677	676	667	678	677	667	679	678	768	777	800	768	778	777	768	779	778	768	780	779	869	878	901	869	879	878	869	880	879	869	881	880	970	979	1002	970	980	979	970	981	980	970	982	981
58	57	73	159	158	174	260	259	275	361	360	376	465	464	477	566	565	578	667	666	679	768	767	780	869	868	881	970	969	982
57	56	73	158	157	174	259	258	275	360	359	376	464	463	477	565	564	578	666	665	679	767	766	780	868	867	881	969	968	982
56	55	73	157	156	174	258	257	275	359	358	376	463	462	477	564	563	578	665	664	679	766	765	780	867	866	881	968	967	982
55	54	73	156	155	174	257	256	275	358	357	376	462	461	477	563	562	578	664	663	679	765	764	780	866	865	881	967	966	982
76	50	77	76	51	50	75	51	76	75	52	51	74	52	75	74	53	52	73	53	74	73	54	53	138	142	136	143	142	138	177	151	178	177	152	151	176	152	177	176	153	152	175	153	176	175	154	153	174	154	175	174	155	154	239	243	237	244	243	239	278	252	279	278	253	252	277	253	278	277	254	253	276	254	277	276	255	254	275	255	276	275	256	255	340	344	338	345	344	340	379	353	380	379	354	353	378	354	379	378	355	354	377	355	378	377	356	355	376	356	377	376	357	356	441	445	439	446	445	441	480	457	481	480	458	457	479	458	480	479	459	458	478	459	479	478	460	459	477	460	478	477	461	460	542	546	540	547	546	542	581	558	582	581	559	558	580	559	581	580	560	559	579	560	580	579	561	560	578	561	579	578	562	561	643	647	641	648	647	643	682	659	683	682	660	659	681	660	682	681	661	660	680	661	681	680	662	661	679	662	680	679	663	662	744	748	742	749	748	744	783	760	784	783	761	760	782	761	783	782	762	761	781	762	782	781	763	762	780	763	781	780	764	763	845	849	843	850	849	845	884	861	885	884	862	861	883	862	884	883	863	862	882	863	883	882	864	863	881	864	882	881	865	864	946	950	944	951	950	946	985	962	986	985	963	962	984	963	985	984	964	963	983	964	984	983	965	964	982	965	983	982	966	965	1047	1051	1045	1052	1051	1047
95	99	94	97	98	96	196	200	195	198	199	197	297	301	296	299	300	298	398	402	397	400	401	399	499	503	498	501	502	500	600	604	599	602	603	601	701	705	700	703	704	702	802	806	801	804	805	803	903	907	902	905	906	904	1004	1008	1003	1006	1007	1005
96	99	95	96	98	99	197	200	196	197	199	200	298	301	297	298	300	301	399	402	398	399	401	402	500	503	499	500	502	503	601	604	600	601	603	604	702	705	701	702	704	705	803	806	802	803	805	806	904	907	903	904	906	907	1005	1008	1004	1005	1007	1008
97	101	98	100	101	97	198	202	199	201	202	198	299	303	300	302	303	299	400	404	401	403	404	400	501	505	502	504	505	501	602	606	603	605	606	602	703	707	704	706	707	703	804	808	805	807	808	804	905	909	906	908	909	905	1006	1010	1007	1009	1010	1006
99	103	94	102	103	99	200	204	195	203	204	200	301	305	296	304	305	301	402	406	397	405	406	402	503	507	498	506	507	503	604	608	599	607	608	604	705	709	700	708	709	705	806	810	801	809	810	806	907	911	902	910	911	907	1008	1012	1003	1011	1012	1008
95	104	105	196	205	206	297	306	307	398	407	408	499	508	509	600	609	610	701	710	711	802	811	812	903	912	913	1004	1013	1014
95	103	104	196	204	205	297	305	306	398	406	407	499	507	508	600	608	609	701	709	710	802	810	811	903	911	912	1004	1012	1013
95	94	103	196	195	204	297	296	305	398	397	406	499	498	507	600	599	608	701	700	709	802	801	810	903	902	911	1004	1003	1012
97	108	100	198	209	201	299	310	302	400	411	403	501	512	504	602	613	605	703	714	706	804	815	807	905	916	908	1006	1017	1009
97	107	108	198	208	209	299	309	310	400	410	411	501	511	512	602	612	613	703	713	714	804	814	815	905	915	916	1006	1016	1017
97	106	107	198	207	208	299	308	309	400	409	410	501	510	511	602	611	612	703	712	713	804	813	814	905	914	915	1006	1015	1016
97	96	106	198	197	207	299	298	308	400	399	409	501	500	510	602	601	611	703	702	712	804	803	813	905	904	914	1006	1005	1015
101	100	109	202	201	210	303	302	311	404	403	412	505	504	513	606	605	614	707	706	715	808	807	816	909	908	917	1010	1009	1018
112	110	111	213	211	212	314	312	313	415	413	414	516	514	515	617	615	616	718	716	717	819	817	818	920	918	919	1021	1019	1020
101	109	102	202	210	203	303	311	304	404	412	405	505	513	506	606	614	607	707	715	708	808	816	809	909	917	910	1010	1018	1011
102	109	103	203	210	204	304	311	305	405	412	406	506	513	507	607	614	608	708	715	709	809	816	810	910	917	911	1011	1018	1012
113	114	116	214	215	217	315	316	318	416	417	419	517	518	520	618	619	621	719	720	722	820	821	823	921	922	924	1022	1023	1025
112	117	110	213	218	211	314	319	312	415	420	413	516	521	514	617	622	615	718	723	716	819	824	817	920	925	918	1021	1026	1019
113	109	114	214	210	215	315	311	316	416	412	417	517	513	518	618	614	619	719	715	720	820	816	821	921	917	922	1022	1018	1023
111	110	120	212	211	221	313	312	322	414	413	423	515	514	524	616	615	625	717	716	726	818	817	827	919	918	928	1020	1019	1029
112	121	122	213	222	223	314	323	324	415	424	425	516	525	526	617	626	627	718	727	728	819	828	829	920	929	930	1021	1030	1031
109	123	103	210	224	204	311	325	305	412	426	406	513	527	507	614	628	608	715	729	709	816	830	810	917	931	911	1018	1032	1012
117	112	125	218	213	226	319	314	327	420	415	428	521	516	529	622	617	630	723	718	731	824	819	832	925	920	933	1026	1021	1034
125	112	122	226	213	223	327	314	324	428	415	425	529	516	526	630	617	627	731	718	728	832	819	829	933	920	930	1034	1021	1031
116	126	113	217	227	214	318	328	315	419	429	416	520	530	517	621	631	618	722	732	719	823	833	820	924	934	921	1025	1035	1022
100	127	109	127	128	109	201	228	210	228	229	210	302	329	311	329	330	311	403	430	412	430	431	412	504	531	513	531	532	513	605	632	614	632	633	614	706	733	715	733	734	715	807	834	816	834	835	816	908	935	917	935	936	917	1009	1036	1018	1036	1037	1018
128	114	109	229	215	210	330	316	311	431	417	412	532	518	513	633	619	614	734	720	715	835	821	816	936	922	917	1037	1023	1018
113	111	129	214	212	230	315	313	331	416	414	432	517	515	533	618	616	634	719	717	735	820	818	836	921	919	937	1022	1020	1038
126	111	113	227	212	214	328	313	315	429	414	416	530	515	517	631	616	618	732	717	719	833	818	820	934	919	921	1035	1020	1022
112	130	121	213	231	222	314	332	323	415	433	424	516	534	525	617	635	626	718	736	727	819	837	828	920	938	929	1021	1039	1030
112	126	130	213	227	231	314	328	332	415	429	433	516	530	534	617	631	635	718	732	736	819	833	837	920	934	938	1021	1035	1039
113	129	109	214	230	210	315	331	311	416	432	412	517	533	513	618	634	614	719	735	715	820	836	816	921	937	917	1022	1038	1018
126	112	111	227	213	212	328	314	313	429	415	414	530	516	515	631	617	616	732	718	717	833	819	818	934	920	919	1035	1021	1020
120	129	111	221	230	212	322	331	313	423	432	414	524	533	515	625	634	616	726	735	717	827	836	818	928	937	919	1029	1038	1020
126	133	130	227	234	231	328	335	332	429	436	433	530	537	534	631	638	635	732	739	736	833	840	837	934	941	938	1035	1042	1039
126	132	133	126	116	132	227	233	234	227	217	233	328	334	335	328	318	334	429	435	436	429	419	435	530	536	537	530	520	536	631	637	638	631	621	637	732	738	739	732	722	738	833	839	840	833	823	839	934	940	941	934	924	940	1035	1041	1042	1035	1025	1041
120	134	129	134	135	129	221	235	230	235	236	230	322	336	331	336	337	331	423	437	432	437	438	432	524	538	533	538	539	533	625	639	634	639	640	634	726	740	735	740	741	735	827	841	836	841	842	836	928	942	937	942	943	937	1029	1043	1038	1043	1044	1038
135	123	129	236	224	230	337	325	331	438	426	432	539	527	533	640	628	634	741	729	735	842	830	836	943	931	937	1044	1032	1038
123	109	129	224	210	230	325	311	331	426	412	432	527	513	533	628	614	634	729	715	735	830	816	836	931	917	937	1032	1018	1038
138	136	137	239	237	238	340	338	339	441	439	440	542	540	541	643	641	642	744	742	743	845	843	844	946	944	945	1047	1045	1046
105	135	134	105	124	123	206	236	235	206	225	224	307	337	336	307	326	325	408	438	437	408	427	426	509	539	538	509	528	527	610	640	639	610	629	628	711	741	740	711	730	729	812	842	841	812	831	830	913	943	942	913	932	931	1014	1044	1043	1014	1033	1032
105	123	135	206	224	236	307	325	337	408	426	438	509	527	539	610	628	640	711	729	741	812	830	842	913	931	943	1014	1032	1044
105	104	124	206	205	225	307	306	326	408	407	427	509	508	528	610	609	629	711	710	730	812	811	831	913	912	932	1014	1013	1033
104	103	124	205	204	225	306	305	326	407	406	427	508	507	528	609	608	629	710	709	730	811	810	831	912	911	932	1013	1012	1033
115	106	116	216	207	217	620	611	621	721	712	722
114	106	115	215	207	216	316	308	317	417	409	418	518	510	519	619	611	620	720	712	721	821	813	822	922	914	923	1023	1015	1024
128	106	114	229	207	215	330	308	316	431	409	417	532	510	518	633	611	619	734	712	720	835	813	821	936	914	922	1037	1015	1023
127	106	128	228	207	229	329	308	330	430	409	431	531	510	532	632	611	633	733	712	734	834	813	835	935	914	936	1036	1015	1037
100	108	127	108	107	127	201	209	228	209	208	228	302	310	329	310	309	329	403	411	430	411	410	430	504	512	531	512	511	531	605	613	632	613	612	632	706	714	733	714	713	733	807	815	834	815	814	834	908	916	935	916	915	935	1009	1017	1036	1017	1016	1036
107	106	127	208	207	228	309	308	329	410	409	430	511	510	531	612	611	632	713	712	733	814	813	834	915	914	935	1016	1015	1036
137	116	106	238	217	207	339	318	308	440	419	409	541	520	510	642	621	611	743	722	712	844	823	813	945	924	914	1046	1025	1015
137	106	105	238	207	206	339	308	307	440	409	408	541	510	509	642	611	610	743	712	711	844	813	812	945	914	913	1046	1015	1014
120	139	138	221	240	239	322	341	340	423	442	441	524	543	542	625	644	643	726	745	744	827	846	845	928	947	946	1029	1048	1047
120	119	139	221	220	240	322	321	341	423	422	442	524	523	543	625	624	644	726	725	745	827	826	846	928	927	947	1029	1028	1048
119	110	139	220	211	240	321	312	341	422	413	442	523	514	543	624	615	644	725	716	745	826	817	846	927	918	947	1028	1019	1048
110	118	139	211	219	240	312	320	341	413	421	442	514	522	543	615	623	644	716	724	745	817	825	846	918	926	947	1019	1027	1048
118	117	139	219	218	240	320	319	341	421	420	442	522	521	543	623	622	644	724	723	745	825	824	846	926	925	947	1027	1026	1048
134	137	105	235	238	206	336	339	307	437	440	408	538	541	509	639	642	610	740	743	711	841	844	812	942	945	913	1043	1046	1014
137	134	120	238	235	221	339	336	322	440	437	423	541	538	524	642	639	625	743	740	726	844	841	827	945	942	928	1046	1043	1029
140	132	136	241	233	237	342	334	338	443	435	439	544	536	540	645	637	641	746	738	742	847	839	843	948	940	944	1049	1041	1045
121	131	140	222	232	241	323	333	342	424	434	443	525	535	544	626	636	645	727	737	746	828	838	847	929	939	948	1030	1040	1049
131	130	140	133	132	140	232	231	241	234	233	241	333	332	342	335	334	342	434	433	443	436	435	443	535	534	544	537	536	544	636	635	645	638	637	645	737	736	746	739	738	746	838	837	847	840	839	847	939	938	948	941	940	948	1040	1039	1049	1042	1041	1049
130	133	140	231	234	241	332	335	342	433	436	443	534	537	544	635	638	645	736	739	746	837	840	847	938	941	948	1039	1042	1049
137	136	132	238	237	233	339	338	334	440	439	435	541	540	536	642	641	637	743	742	738	844	843	839	945	944	940	1046	1045	1041
138	137	120	239	238	221	340	339	322	441	440	423	542	541	524	643	642	625	744	743	726	845	844	827	946	945	928	1047	1046	1029
137	132	116	238	233	217	339	334	318	440	435	419	541	536	520	642	637	621	743	738	722	844	839	823	945	940	924	1046	1041	1025
141	145	146	142	143	144	242	246	247	243	244	245	343	347	348	344	345	346	444	448	449	445	446	447	545	549	550	546	547	548	646	650	651	647	648	649	747	751	752	748	749	750	848	852	853	849	850	851	949	953	954	950	951	952	1050	1054	1055	1051	1052	1053
141	144	145	142	144	141	242	245	246	243	245	242	343	346	347	344	346	343	444	447	448	445	447	444	545	548	549	546	548	545	646	649	650	647	649	646	747	750	751	748	750	747	848	851	852	849	851	848	949	952	953	950	952	949	1050	1053	1054	1051	1053	1050
121	146	122	141	146	121	222	247	223	242	247	222	323	348	324	343	348	323	424	449	425	444	449	424	525	550	526	545	550	525	626	651	627	646	651	626	727	752	728	747	752	727	828	853	829	848	853	828	929	954	930	949	954	929	1030	1055	1031	1050	1055	1030
125	144	117	145	144	125	226	245	218	246	245	226	327	346	319	347	346	327	428	447	420	448	447	428	529	548	521	549	548	529	630	649	622	650	649	630	731	750	723	751	750	731	832	851	824	852	851	832	933	952	925	953	952	933	1034	1053	1026	1054	1053	1034
138	144	143	239	245	244	340	346	345	441	447	446	542	548	547	643	649	648	744	750	749	845	851	850	946	952	951	1047	1053	1052
138	139	144	239	240	245	340	341	346	441	442	447	542	543	548	643	644	649	744	745	750	845	846	851	946	947	952	1047	1048	1053
139	117	144	240	218	245	341	319	346	442	420	447	543	521	548	644	622	649	745	723	750	846	824	851	947	925	952	1048	1026	1053
121	142	141	222	243	242	323	344	343	424	445	444	525	546	545	626	647	646	727	748	747	828	849	848	929	950	949	1030	1051	1050
121	140	142	222	241	243	323	342	344	424	443	445	525	544	546	626	645	647	727	746	748	828	847	849	929	948	950	1030	1049	1051
140	136	142	241	237	243	342	338	344	443	439	445	544	540	546	645	641	647	746	742	748	847	843	849	948	944	950	1049	1045	1051
317	308	318	418	409	419	519	510	520	822	813	823	923	914	924	1024	1015	1025

#	Normal	157
-9.52012e-005	0	-0
-1	0	-0
9.52012e-005	0	-0
1	0	-0
-0.000262302	0.790217	-0.612827
0.000274688	-0.19017	-0.981751
0.000174926	0.870779	-0.491675
8.70477e-005	0.483952	-0.875095
-0	0.790504	-0.612457
-0.000140656	0.896634	-0.442772
-0.000214645	0.190177	-0.98175
0.000265797	-0.905783	-0.423743
-0.000309021	-0.79055	-0.612397
-8.46291e-009	-0	-0
-0.000243684	0.19017	-0.981751
6.08139e-005	-0.0330896	-0.999452
0.000118958	0.189426	-0.981895
-2.11991e-005	-0.0347136	-0.999397
0.000262302	0.790217	-0.612827
-8.70477e-005	0.483952	-0.875095
-0.000230211	0.201523	-0.979484
0.000254939	-0.248201	-0.968708
-0.000122895	-0.241691	-0.970353
-0.000140462	-0.255949	-0.96669
-0.000153457	-0.241544	-0.97039
4.23908e-005	0.241544	-0.97039
0.000164593	0.241691	-0.970353
0	-0.930869	-0.365353
0	-0.790504	-0.612457
0.000309081	-0.790579	-0.61236
-9.4197e-005	-0.561502	-0.827475
9.4197e-005	-0.561502	-0.827475
0.000154771	-0.190177	-0.98175
-0.000262793	-0.790579	0.61236
0.000274688	0.19017	0.981751
0.000175534	-0.871028	0.491233
8.70477e-005	-0.483952	0.875095
-0	-0.790504	0.612457
-0.000141154	-0.896953	0.442126
-0.000214645	-0.190177	0.98175
0.000264995	0.905494	0.424359
-0.000308568	0.790328	0.612684
-0.000243684	-0.19017	0.981751
6.08139e-005	0.0330896	0.999452
0.000118958	-0.189426	0.981895
-2.11991e-005	0.0347136	0.999397
0.000262793	-0.790579	0.61236
-8.70477e-005	-0.483952	0.875095
-0.000230211	-0.201523	0.979484
0.000254939	0.248201	0.968708
-0.000122895	0.241691	0.970353
-0.000140462	0.255949	0.96669
-0.000153457	0.241544	0.97039
4.23908e-005	-0.241544	0.97039
0.000164593	-0.241691	0.970353
-0	0.930542	0.366186
-0	0.790504	0.612457
0.000308342	0.790217	0.612827
-9.4197e-005	0.561502	0.827475
9.4197e-005	0.561502	0.827475
0.000154771	0.190177	0.98175
-0	1	-0
-0	-1	-0
0.866025	-0	-0.5
0.865817	-0.00402058	-0.500344
0.866056	-0.000734319	-0.499946
0.865981	-0.0013531	-0.500075
0.866307	-0	-0.499512
-0.865982	-0	-0.500075
-0.866056	-0.000309447	-0.499946
-0.866025	4.93399e-012	-0.5
0	-0	-1
-0.866025	-0	0.5
-0.866056	0.000618894	0.499946
-0.865982	1.11851e-014	0.500075
0.866025	0	0.5
0.866293	-0.00562901	0.499505
0.865982	-0.000487165	0.500075
0.866056	-0.00135321	0.499946
0.865824	-0	0.500348
-0	-0	1
-0	-0	3.11953e-005
-0	-0	6.23906e-005
0.86599	0.500061	0
-0.86599	0.500061	-0
-0.866678	-0.498868	-0
-0.865735	-0.500503	-7.92604e-005
-0.866315	-0.499497	0
0.871576	-0.490261	-0
0.865735	-0.500503	0.000153717
0.864848	-0.502034	0.000200002
0.866315	-0.499497	-0
3.45261e-005	1.99369e-005	-1.69922e-005
-3.07597e-005	-2.96877e-006	-2.9554e-005
-0	3.98738e-005	-2.8125e-006
-3.45261e-005	1.99369e-005	-1.69922e-005
2.68276e-005	1.5446e-005	-6.39954e-006
-3.17288e-005	1.05447e-005	-2.54531e-005
3.25317e-005	2.9535e-005	-1.52905e-006
-2.41404e-005	4.44823e-006	-1.0738e-005
3.45058e-005	1.69922e-005	-1.99219e-005
-3.17345e-005	2.54553e-005	-1.05469e-005
-3.45058e-005	1.69922e-005	-1.99219e-005
-0	2.80737e-006	-3.98438e-005
2.60448e-005	1.31837e-005	-1.08202e-005
9.11965e-006	7.29272e-006	-3.04687e-006
1.35505e-005	1.08706e-005	-4.5e-006
-2.50228e-006	1.70806e-005	-1.73085e-005
-1.75187e-006	2.08102e-005	-2.37395e-005
3.17288e-005	1.05447e-005	-2.54531e-005
2.96369e-005	-1.92671e-006	-2.81299e-005
-3.37144e-006	2.33127e-005	-1.84384e-005
-1.65678e-006	1.90235e-005	-2.24509e-005
-1.95308e-005	7.02923e-006	-7.52173e-006
3.8051e-006	8.01086e-007	-1.92871e-006
1.11621e-005	2.34528e-006	-5.66406e-006
-9.94553e-006	4.4728e-006	-1.85156e-006
-3.40735e-006	1.5285e-006	-6.36475e-007
-3.41613e-005	3.20523e-005	1.19482e-006
-0	-1.53677e-005	2.54531e-005
-9.42128e-006	-5.4353e-006	2.25e-006
-3.22692e-006	-1.85742e-006	7.73438e-007
-7.78611e-006	-4.48176e-006	1.87427e-006
-4.86157e-006	-2.8106e-006	1.16528e-006
1.88426e-005	-1.08706e-005	4.5e-006
3.22692e-006	-1.85742e-006	7.73438e-007
9.42402e-006	-5.4353e-006	2.25e-006
6.31409e-006	-3.646e-006	1.5e-006
1.21545e-006	-6.83693e-007	2.85645e-007
3.89325e-006	-2.25998e-006	8.79028e-007
2.88364e-005	-3.81833e-005	2.60156e-006
-0	-2.54553e-005	1.53281e-005
-2.71713e-005	-6.50747e-006	1.56431e-005
-7.22079e-006	-1.7355e-006	4.19141e-006
-1.23326e-006	-2.96402e-007	7.13623e-007
-3.61184e-006	-8.67752e-007	2.0957e-006
-4.84395e-006	-1.1643e-006	2.80933e-006
-2.73898e-005	-3.2748e-005	3.51562e-007
-1.08679e-005	-1.08706e-005	4.5e-006
2.13668e-005	-5.08576e-006	1.24055e-005
4.84395e-006	-1.14856e-006	2.77136e-006
3.61184e-006	-8.56026e-007	2.06738e-006
1.23326e-006	-2.92397e-007	7.03979e-007
2.7405e-005	-3.88184e-007	3.27422e-005
-2.88637e-005	-2.63965e-006	3.81797e-005
1.08736e-005	-4.50293e-006	1.0875e-005
-0	-3.1177e-005	-0
-0	-6.2354e-005	-0
0.866026	-0	-0.499999
-0.866026	-0	-0.499999
-0.866026	-0	0.499999
-0.866637	3.35601e-005	0.49894
-0.865044	-0	0.501696
0.866026	0	0.499999
0.867981	-0.000107701	0.496597
0.864806	-0	0.502105
1.88426e-005	-1.08706e-005	4.5e-006

#	Mesh	0	End

