#	Mesh	0	Begin

#	Vertex	72
74.7076	69.9898	0.940292
74.7209	69.9909	0.936706
74.7335	69.9919	0.930849
74.7448	69.9928	0.922901
74.7545	69.9936	0.913102
74.7625	69.9942	0.90175
74.7683	69.9947	0.889191
74.7719	69.995	0.875805
74.7731	69.9951	0.862
74.7719	69.995	0.848195
74.7683	69.9947	0.834809
74.7625	69.9942	0.82225
74.7545	69.9936	0.810898
74.7448	69.9928	0.801099
74.7335	69.9919	0.793151
74.7209	69.9909	0.787294
74.7076	69.9898	0.783708
74.6938	69.9887	0.7825
74.6801	69.9876	0.783708
74.6667	69.9865	0.787294
74.6542	69.9855	0.793151
74.6429	69.9846	0.801099
74.6331	69.9838	0.810898
74.6252	69.9831	0.82225
74.6194	69.9826	0.834809
74.6158	69.9824	0.848195
74.6146	69.9823	0.862
74.6158	69.9824	0.875805
74.6194	69.9826	0.889191
74.6252	69.9831	0.90175
74.6331	69.9838	0.913102
74.6429	69.9846	0.922901
74.6542	69.9855	0.930849
74.6667	69.9865	0.936706
74.6801	69.9876	0.940292
74.6938	69.9887	0.9415
74.463	73.0081	0.940292
74.4764	73.0092	0.936706
74.4889	73.0102	0.930849
74.5002	73.0111	0.922901
74.51	73.0119	0.913102
74.5179	73.0126	0.90175
74.5237	73.013	0.889191
74.5273	73.0133	0.875805
74.5285	73.0134	0.862
74.5273	73.0133	0.848195
74.5237	73.013	0.834809
74.5179	73.0126	0.82225
74.51	73.0119	0.810898
74.5002	73.0111	0.801099
74.4889	73.0102	0.793151
74.4764	73.0092	0.787294
74.463	73.0081	0.783708
74.4493	73.007	0.7825
74.4355	73.0059	0.783708
74.4222	73.0048	0.787294
74.4097	73.0038	0.793151
74.3983	73.0029	0.801099
74.3886	73.0021	0.810898
74.3806	73.0014	0.82225
74.3748	73.001	0.834809
74.3712	73.0007	0.848195
74.37	73.0006	0.862
74.3712	73.0007	0.875805
74.3748	73.001	0.889191
74.3806	73.0014	0.90175
74.3886	73.0021	0.913102
74.3983	73.0029	0.922901
74.4097	73.0038	0.930849
74.4222	73.0048	0.936706
74.4355	73.0059	0.940292
74.4493	73.007	0.9415

#	Triangle	93
35	36	71
0	36	35
0	37	36
1	37	0
1	38	37
2	38	1
2	39	38
3	39	2
3	40	39
4	40	3
4	41	40	5	41	4
5	42	41
6	42	5
6	43	42
7	43	6
7	44	43
8	44	7
8	45	44
9	45	8
9	46	45
10	46	9
10	47	46
11	47	10
11	48	47	12	48	11
12	49	48
13	49	12
13	50	49
14	50	13
14	51	50
15	51	14
15	52	51
16	52	15
16	53	52
17	53	16
17	54	53
18	54	17
18	55	54
19	55	18
19	56	55
20	56	19
20	57	56
21	57	20
21	58	57	22	58	21
22	59	58
23	59	22
23	60	59
24	60	23
24	61	60
25	61	24
25	62	61
26	62	25
26	63	62
27	63	26
27	64	63
28	64	27
28	65	64
29	65	28
29	66	65
30	66	29
30	67	66	31	67	30
31	68	67
32	68	31
32	69	68
33	69	32
33	70	69
34	70	33
34	71	70
35	71	34
7	9	8	26	25	27
6	9	7	27	25	24
6	10	9	27	24	28
5	10	6	5	11	10	28	23	29	28	24	23
4	11	5	4	12	11	29	22	30	29	23	22
3	12	4	3	13	12	30	21	31	30	22	21
2	13	3	2	14	13	31	20	32	31	21	20
1	14	2	1	15	14
0	15	1	0	16	15
35	16	0	35	17	16
34	17	35	34	18	17
33	18	34	33	19	18
32	19	33	32	20	19
45	43	44	62	63	61
46	43	45	61	63	64
46	42	43	61	64	60
47	42	46	47	41	42	60	65	59	60	64	65
48	41	47	48	40	41
49	40	48	49	39	40
50	39	49	50	38	39	57	68	56	57	67	68
51	38	50	51	37	38	56	69	55	56	68	69
52	37	51	52	36	37	55	70	54	55	69	70
53	36	52	53	71	36	54	71	53	54	70	71
58	67	57	58	66	67
59	66	58	59	65	66

#	Normal	93
0.0868817	0.0070397	0.996194
0.0868856	0.00704	0.996193
0.257945	0.0209002	0.965934
0.257934	0.0208994	0.965937
0.421312	0.0341373	0.906273
0.421329	0.0341386	0.906265
0.571516	0.0463076	0.819284
0.571758	0.0463259	0.819114
0.704826	0.0571076	0.707078
0.704849	0.0571093	0.707055
0.816502	0.0661558	0.57354
0.903397	0.0731964	0.422511
0.903165	0.0731801	0.42301
0.962714	0.0780051	0.25903
0.962854	0.078014	0.258506
0.992943	0.0804519	0.0871279
0.992947	0.080452	0.0870827
0.992943	0.0804517	-0.0871279
0.992947	0.0804522	-0.0870827
0.962714	0.0780026	-0.25903
0.962854	0.0780165	-0.258506
0.903397	0.0731989	-0.422511
0.903165	0.0731776	-0.42301
0.816502	0.0661558	-0.57354
0.704826	0.0571074	-0.707078
0.704849	0.0571094	-0.707055
0.571516	0.0463063	-0.819284
0.571757	0.0463272	-0.819114
0.421312	0.0341372	-0.906273
0.421329	0.0341387	-0.906265
0.257945	0.0209003	-0.965934
0.257934	0.0208993	-0.965937
0.0868817	0.00703968	-0.996194
0.0868856	0.00704002	-0.996193
-0.0868817	-0.0070397	-0.996194
-0.0868331	-0.00703553	-0.996198
-0.257945	-0.0208996	-0.965934
-0.258074	-0.0209107	-0.965899
-0.421312	-0.0341372	-0.906273
-0.421115	-0.0341202	-0.906365
-0.571516	-0.0463063	-0.819284
-0.571757	-0.0463272	-0.819114
-0.704849	-0.0571111	-0.707055
-0.816481	-0.0661562	-0.57357
-0.816502	-0.0661581	-0.57354
-0.903397	-0.0731989	-0.422511
-0.903165	-0.0731776	-0.42301
-0.962714	-0.0780024	-0.25903
-0.962854	-0.0780163	-0.258506
-0.992943	-0.0804542	-0.0871279
-0.992947	-0.0804548	-0.0870827
-0.992943	-0.0804544	0.0871279
-0.992947	-0.0804545	0.0870827
-0.962714	-0.0780049	0.25903
-0.962854	-0.0780138	0.258506
-0.903397	-0.0731964	0.422511
-0.903165	-0.0731801	0.42301
-0.81648	-0.0661563	0.57357
-0.816502	-0.0661579	0.57354
-0.704849	-0.0571111	0.707055
-0.571516	-0.0463076	0.819284
-0.571758	-0.0463259	0.819114
-0.421312	-0.0341362	0.906273
-0.421115	-0.0341212	0.906365
-0.257945	-0.0209002	0.965934
-0.258074	-0.0209101	0.965899
-0.0868817	-0.00703947	0.996194
-0.0868331	-0.00703576	0.996198
2.58845e-006	-3.32184e-005	-0
7.98105e-006	-9.85767e-005	-0
0.0806987	-0.996739	-0
0.081281	-0.996691	-0
0.0806047	-0.996746	-0
0.0805375	-0.996752	-0
0.0812225	-0.996696	-0
0.0802645	-0.996774	-0
0.0811136	-0.996705	-0
0.0803751	-0.996765	-0
0.0808918	-0.996723	-0
0.0811608	-0.996701	-0
0.0802148	-0.996778	-0
-2.80415e-006	3.32184e-005	-0
-7.98105e-006	9.87924e-005	-0
-0.0805237	0.996753	-0
-0.0800634	0.99679	-0
-0.0806047	0.996746	-0
-0.0813297	0.996687	-0
-0.0804834	0.996756	-0
-0.0808827	0.996724	-0
-0.0805338	0.996752	-0
-0.0809374	0.996719	-0
-0.0805375	0.996752	-0
-0.0815812	0.996667	-0

#	Mesh	0	End

