#	Mesh	0	Begin

#	Vertex	16
72.8958	-39.5332	-16.885
72.8958	-39.5332	-11.386
73.0951	-39.517	-11.386
73.0951	-39.517	-16.885
72.9174	-37.3227	-11.386
72.9174	-37.3227	-16.885
72.939	-37.5896	-14.585
73.0117	-38.4867	-14.585
73.0117	-38.4867	-16.685
72.939	-37.5896	-16.685
72.7181	-37.3388	-11.386
72.7181	-37.3388	-16.885
72.8123	-38.5028	-14.585
72.7397	-37.6057	-14.585
72.7397	-37.6057	-16.685
72.8123	-38.5028	-16.685

#	Triangle	18
0	2	1	3	2	0
4	9	5	4	6	9
9	3	5
9	8	3
8	2	3	7	2	8
4	7	6
4	2	7
5	10	4	11	10	5
1	15	0	1	12	15
15	11	0
15	14	11
14	10	11	13	10	14
1	13	12
1	10	13
0	5	3	11	5	0	6	12	13	7	12	6
2	10	1	4	10	2	8	14	15	9	14	8
7	15	12	8	15	7
9	13	14	6	13	9

#	Normal	18
0.0806821	-0.99674	-0
0.996738	0.0807042	0
0.996738	0.0807013	-3.88785e-006
0.996738	0.0807029	-1.94729e-005
0.996739	0.0806992	-0
0.996738	0.0807029	1.08148e-007
0.996738	0.0807013	6.96558e-007
-0.0807047	0.996738	-0
-0.996738	-0.0806995	-0
-0.996739	-0.080698	-7.977e-006
-0.996739	-0.0806943	1.33134e-005
-0.996738	-0.0807042	0
-0.996739	-0.0806943	1.67702e-006
-0.996739	-0.080698	-5.27145e-007
-0	0	-1
0	-0	1
-0.0807015	0.996738	-0
0.0807047	-0.996738	-0

#	Mesh	0	End

