#	Mesh	0	Begin

#	Vertex	234
55.3831	68.2687	1.66202
55.3836	68.2724	1.66202
55.3831	68.2761	1.66202
55.3817	68.2796	1.66202
55.3794	68.2825	1.66202
55.3765	68.2848	1.66202
55.373	68.2862	1.66202
55.3693	68.2867	1.66202
55.3656	68.2862	1.66202
55.3622	68.2848	1.66202
55.3592	68.2825	1.66202
55.3569	68.2796	1.66202
55.3555	68.2761	1.66202
55.355	68.2724	1.66202
55.3555	68.2687	1.66202
55.3569	68.2653	1.66202
55.3592	68.2623	1.66202
55.3622	68.26	1.66202
55.3656	68.2586	1.66202
55.3693	68.2581	1.66202
55.373	68.2586	1.66202
55.3765	68.26	1.66202
55.3794	68.2623	1.66202
55.3817	68.2653	1.66202
55.3817	68.2653	0.903266
55.3794	68.2623	0.903266
55.3765	68.26	0.903266
55.373	68.2586	0.903266
55.3693	68.2581	0.903266
55.3656	68.2586	0.903266
55.3622	68.26	0.903266
55.3592	68.2623	0.903266
55.3569	68.2653	0.903266
55.3555	68.2687	0.903266
55.355	68.2724	0.903266
55.3555	68.2761	0.903266
55.3569	68.2796	0.903266
55.3592	68.2825	0.903266
55.3622	68.2848	0.903266
55.3656	68.2862	0.903266
55.3693	68.2867	0.903266
55.373	68.2862	0.903266
55.3765	68.2848	0.903266
55.3794	68.2825	0.903266
55.3817	68.2796	0.903266
55.3831	68.2761	0.903266
55.3836	68.2724	0.903266
55.3831	68.2687	0.903266
55.3693	68.2867	1.03526
55.3721	68.2864	1.09119
55.3721	68.2864	1.00486
55.3825	68.2779	1.58226
55.3834	68.2749	1.58041
55.3834	68.2751	1.49577
55.3807	68.2811	1.01244
55.3825	68.2779	1.06902
55.3825	68.2779	0.977377
55.3808	68.2809	1.12804
55.3748	68.2856	1.57661
55.3718	68.2865	1.58037
55.3726	68.2863	1.36524
55.3693	68.2867	1.29925
55.3693	68.2867	1.39803
55.3693	68.2867	1.43124
55.3836	68.2724	1.01865
55.3833	68.2754	1.0232
55.3833	68.2753	1.11089
55.3731	68.2862	1.23325
55.3836	68.2724	1.20004
55.3836	68.2724	1.13404
55.3836	68.2724	1.03526
55.3807	68.2811	1.54924
55.3765	68.2847	1.41092
55.3738	68.286	1.48063
55.378	68.2837	1.4838
55.3776	68.284	1.57692
55.3748	68.2856	1.03494
55.378	68.2837	0.997776
55.3825	68.2779	1.48599
55.38	68.2819	1.4261
55.3836	68.2724	1.53002
55.3831	68.2761	1.39189
55.375	68.2855	1.13596
55.3815	68.2799	1.2314
55.3795	68.2824	1.22787
55.378	68.2837	1.12779
55.3693	68.2867	1.01865
55.3693	68.2867	1.53002
55.3785	68.2833	1.35671
55.3767	68.2846	1.22092
55.3693	68.2867	1.16725
55.3693	68.2867	1.20004
55.3693	68.2867	1.26603
55.3819	68.2792	1.40016
55.3761	68.285	1.32273
55.3836	68.2724	1.39803
55.3836	68.2724	1.26603
55.3832	68.2758	1.30898
55.3829	68.277	1.23393
55.3807	68.2811	1.33199
55.3823	68.2785	1.31197
55.3693	68.2867	1.13404
55.3826	68.2777	1.15307
55.3639	68.2856	0.977377
55.3606	68.2837	1.01244
55.3606	68.2837	1.54924
55.3639	68.2856	1.48599
55.3599	68.2831	1.4261
55.3639	68.2856	1.06902
55.3663	68.2864	1.0232
55.3664	68.2864	1.11089
55.357	68.2796	1.41092
55.3554	68.2757	1.36524
55.3557	68.2769	1.48063
55.3639	68.2856	1.58226
55.3668	68.2865	1.58041
55.3666	68.2864	1.49577
55.3561	68.2779	1.57661
55.355	68.2724	1.03526
55.3553	68.2752	1.09119
55.3553	68.2752	1.00486
55.3618	68.2846	1.2314
55.3608	68.2839	1.12804
55.3593	68.2826	1.22787
55.358	68.2811	0.997776
55.355	68.2724	1.43124
55.355	68.2724	1.29925
55.3555	68.2762	1.23325
55.3553	68.2749	1.58037
55.3561	68.2779	1.03494
55.3562	68.2781	1.13596
55.3656	68.2862	1.39189
55.358	68.2811	1.4838
55.3577	68.2807	1.57692
55.358	68.2811	1.12779
55.355	68.2724	1.53002
55.3584	68.2816	1.35671
55.3571	68.2798	1.22092
55.355	68.2724	1.16725
55.3626	68.285	1.40016
55.3567	68.2792	1.32273
55.366	68.2863	1.30898
55.3648	68.2859	1.23393
55.3606	68.2837	1.33199
55.3633	68.2853	1.31197
55.355	68.2724	1.54663
55.364	68.2857	1.15307
55.358	68.2637	1.2333
55.3562	68.2667	1.1892
55.3577	68.2641	1.1286
55.3561	68.2669	1.07929
55.3553	68.2696	1.12291
55.358	68.2637	1.01604
55.361	68.2608	0.988364
55.3639	68.2592	0.988677
55.3561	68.2669	0.983023
55.3554	68.2694	1.03116
55.358	68.2637	1.55284
55.3591	68.2624	1.33741
55.3606	68.2611	1.43749
55.3578	68.2639	1.43724
55.3665	68.2584	1.47409
55.3639	68.2592	1.53034
55.3636	68.2593	1.42932
55.3554	68.2694	1.54209
55.3561	68.2669	1.49627
55.3561	68.2669	1.58791
55.3553	68.2695	1.4544
55.3597	68.2619	1.17012
55.3668	68.2583	0.984911
55.3649	68.2588	1.08465
55.3625	68.2598	1.24255
55.3621	68.2601	1.15422
55.3651	68.2587	1.18439
55.3665	68.2584	1.25551
55.3606	68.2611	1.56751
55.3693	68.2581	1.03526
55.3693	68.2581	1.13404
55.3665	68.2584	1.56042
55.3655	68.2586	1.33203
55.3693	68.2581	1.26603
55.3693	68.2581	1.29925
55.3693	68.2581	1.39803
55.3606	68.2611	1.08149
55.3619	68.2602	1.34436
55.36	68.2616	1.25681
55.3693	68.2581	1.53002
55.3553	68.2697	1.2161
55.3558	68.2678	1.33136
55.3561	68.2671	1.41221
55.3571	68.2649	1.3485
55.3693	68.2581	1.43124
55.3566	68.2659	1.27043
55.3693	68.2581	1.16725
55.3693	68.2581	1.54663
55.378	68.2611	1.2333
55.375	68.2593	1.1892
55.3776	68.2608	1.1286
55.3723	68.2584	1.54209
55.3722	68.2584	1.4544
55.3748	68.2592	1.49626
55.3748	68.2592	1.07929
55.3721	68.2584	1.12291
55.3809	68.2641	0.988364
55.3825	68.2669	0.988677
55.3833	68.2696	1.25551
55.3819	68.2656	1.24255
55.383	68.2682	1.18439
55.3748	68.2592	0.983023
55.3724	68.2584	1.03116
55.3825	68.2669	1.53034
55.3799	68.2627	1.17012
55.3807	68.2637	1.56751
55.3748	68.2592	1.58791
55.378	68.2611	1.55284
55.3817	68.2652	1.15422
55.3829	68.268	1.08465
55.3793	68.2622	1.33741
55.3807	68.2637	1.43749
55.3778	68.2609	1.43724
55.378	68.2611	1.01604
55.3833	68.2696	1.56042
55.3831	68.2686	1.33203
55.3824	68.2667	1.42932
55.3833	68.2696	1.47409
55.3834	68.2699	0.984911
55.3807	68.2637	1.08149
55.3816	68.265	1.34436
55.3801	68.2631	1.25681
55.3721	68.2584	1.2161
55.3739	68.2589	1.33136
55.3747	68.2591	1.41221
55.3768	68.2602	1.3485
55.3758	68.2597	1.27043

#	Triangle	418
14	12	13	1	2	0
15	12	14	0	2	3
15	11	12	0	3	23
16	11	15	23	3	4
16	10	11	23	4	22
17	10	16	22	4	5
17	9	10	22	5	21
18	9	17	21	5	6
18	8	9	21	6	20
19	8	18	19	7	8	20	7	19	20	6	7
35	33	34	46	47	45
36	33	35	45	47	24
36	32	33	45	24	44
37	32	36	44	24	25
37	31	32	44	25	43
38	31	37	43	25	26
38	30	31	43	26	42
39	30	38	42	26	27
39	29	30	42	27	41
40	29	39	40	28	29	41	28	40	41	27	28
50	48	49
53	51	52
56	54	55	78	71	51
45	44	56
55	54	57
6	58	59
63	61	62	48	40	86	90	48	101	92	62	61	62	87	63	13	135	145	182	180	181	186	182	191	180	177	193	19	186	194	125	145	135	176	193	177	181	191	182	193	181	180	96	69	68	191	194	186
60	61	63
66	64	65
2	51	3
61	60	67
56	65	45
66	70	64
66	69	70	68	69	66
3	71	4
73	72	60
75	74	58
58	6	5
76	42	41
54	43	77
79	71	78
80	52	1
51	71	3
81	78	53
43	54	44
67	82	49
84	83	57
59	7	6
54	77	85
50	40	48
82	76	49
73	58	74
73	63	87
72	74	88
79	88	74
89	88	84
91	67	90	92	67	91	92	61	67
79	78	93
78	51	53
74	75	71
77	43	42
46	45	65
85	57	54
77	42	76
76	85	77
88	89	94
82	89	85
78	81	93
97	95	96
85	84	57
68	98	96
89	84	85
83	99	100
75	58	5
87	59	73
75	5	4
4	71	75
76	82	85
89	67	94
76	50	49
82	67	89
49	48	90
90	67	49
2	52	51
2	1	52
53	52	80
53	80	95
95	81	53
100	97	98
99	93	100
63	73	60
94	67	60
58	73	59
87	7	59
50	76	41
41	40	50
100	81	97
79	93	99
99	88	79
74	71	79
93	81	100
98	83	100
102	83	98
84	99	83
99	84	88
72	88	94
94	60	72
72	73	74
81	95	97
96	98	97
44	54	56
55	65	56
66	65	55
46	65	64
55	102	66
66	102	98
102	55	57
57	83	102
98	68	66
103	39	38
37	104	38
107	105	106
108	103	104	106	105	114
103	109	39
110	86	109
113	111	112
116	114	115
8	114	9
117	12	11
120	118	119
123	121	122
124	104	37
126	125	112
126	112	127
12	117	128
129	36	35
87	115	7
127	130	119
105	10	9
114	105	9
108	104	122
110	48	86
110	101	48
91	90	110
90	101	110
128	13	12
131	106	116
133	132	117
104	124	134
120	34	118
130	129	119
113	117	132
113	125	135
111	132	136
107	136	132
137	136	123
126	127	138
107	106	139
106	114	116
132	133	105
124	37	36
40	39	109
134	122	104
124	36	129
129	134	124
136	137	140
130	137	134
106	131	139
141	62	92
134	123	122
91	142	92
137	123	134
121	143	144
133	117	11
135	128	113
133	11	10
10	105	133
129	130	134
137	127	140
129	120	119
130	127	137
119	118	138
138	127	119
8	115	114
8	7	115
116	115	87
116	87	62
62	131	116
144	141	142
143	139	144
125	113	112
140	127	112
117	113	128
128	135	13
120	129	35
35	34	120
144	131	141
107	139	143
143	136	107
132	105	107
139	131	144
142	121	144
146	121	142
123	143	121
143	123	136
111	136	140
140	112	111
111	113	132
131	62	141
92	142	141
38	104	103
108	109	103
110	109	108
40	109	86
108	146	110
110	146	142
146	108	122
122	121	146
142	91	110
149	147	148
151	150	148
152	32	31
154	153	30
33	155	156
16	15	157
160	158	159
163	161	162
164	13	145
152	150	155	165	157	166
166	164	165
165	164	167
166	15	14
154	30	29
168	147	149
154	169	170
172	171	168
160	159	157
17	162	18
33	32	155
174	171	173
17	16	175
151	118	156
177	170	176
171	172	173
166	157	15
157	175	16
178	19	18
161	178	162
169	28	176
179	180	182
183	153	154
163	159	184
180	179	174
185	184	158
31	153	152
34	33	156
149	183	168
165	160	157
164	145	167
162	175	159
157	159	175
175	162	17
186	178	161
159	158	184
151	187	138
126	187	188
165	167	189
158	190	147
190	160	189
185	147	168
29	169	154
170	183	154
183	152	153
153	31	30
184	171	179
162	159	163
163	184	179
182	161	179
163	179	161
161	182	186
32	152	155
150	156	155
150	151	156
34	156	118
150	149	148
138	118	151
190	192	147
148	187	151
126	188	125
192	187	148
187	126	138
149	150	152
152	183	149
183	172	168
158	147	185
172	183	170
170	173	172
173	170	177
174	177	180
185	168	171
171	184	185
29	28	169
176	170	169
178	186	19
178	18	162
164	14	13
166	14	164
167	145	125
167	125	188
188	189	167
188	190	189
189	160	165
192	190	188
158	160	190
188	187	192
148	147	192
179	171	174
173	177	174
197	195	196
200	198	199
202	201	196
204	203	24
207	205	206
27	208	209
23	210	0
211	195	197
198	19	194
212	23	22
213	198	200
22	21	214
213	21	20
206	215	207
204	24	47
69	216	70
219	217	218
214	219	218
220	201	208	200	214	213
215	206	211
27	26	208
213	214	21
221	1	0
95	222	96
220	26	25
202	176	209
22	214	212
210	223	224
224	221	210
216	204	225
64	225	46
226	203	204
223	218	227
96	222	205
228	227	217
25	203	220
28	27	209
197	226	211
200	219	214
198	194	199
210	212	218
214	218	212
212	210	23
80	221	224
218	217	227
202	229	193
181	229	230
200	199	231
217	232	195
232	219	231
228	195	211
47	225	204
216	226	204
226	220	203
203	25	24
227	206	222
210	218	223
223	227	222
95	224	222
223	222	224
224	95	80
26	220	208
201	209	208
201	202	209
28	209	176
201	197	196
202	193	176
232	233	195
196	229	202
230	191	181
233	229	196
229	181	193
197	201	220
220	226	197
226	215	211
217	195	228
215	226	216
216	207	215
207	216	69
205	69	96
228	211	206
206	227	228
47	46	225
70	216	225
80	1	221
221	0	210
198	20	19
213	20	198
199	194	191
199	191	230
230	231	199
230	232	231
231	219	200
233	232	230
217	219	232
230	229	233
196	195	233
222	206	205
207	69	205
70	225	64

#	Normal	418
-0	-0	3.58362e-006
-0	-0	1.05775e-005
-0	-0	2.04289e-005
-0	-0	3.24295e-005
-0	-0	4.58694e-005
-0	-0	5.98433e-005
-0	-0	7.32832e-005
-0	-0	8.52715e-005
-0	-0	9.51229e-005
-0	-0	1
-0	-0	-3.58362e-006
-0	-0	-1.05775e-005
-0	-0	-2.04289e-005
-0	-0	-3.24295e-005
-0	-0	-4.58694e-005
-0	-0	-5.98433e-005
-0	-0	-7.32832e-005
-0	-0	-8.52715e-005
-0	-0	-9.51229e-005
-0	-0	-1
0.0976115	0.995225	-8.83388e-006
0.959664	0.281149	0.000209005
0.866046	0.499964	-0
0.923632	0.383276	-0.00163404
0.868228	0.496166	-0.000289107
0.281348	0.959605	-0.000929739
-0	-0	-0
0.115745	0.993279	0
0.99436	0.106056	-0.00010809
0.923633	0.383276	0.00151835
0.124776	0.992185	-0.000455878
0.952367	0.304953	0.000465186
4.83951e-005	4.9952e-006	-0
0.994715	0.102672	-0
0.793673	0.608343	0.00107392
0.384417	0.923159	-0.00130243
0.484786	0.874632	-0.000722069
0.383276	0.923633	0.00143538
0.383276	0.923633	-0.000931051
0.703137	0.711053	0.00123412
0.856236	0.516584	-0.00113953
0.99613	0.0878938	-0
0.871618	0.490184	-0.00127321
0.957246	0.289276	0.000675978
0.793673	0.608343	-0.00110934
0.307246	0.95163	-0.0006012
0.787634	0.616142	0.000794719
0.129831	0.991535	0.00135616
0.706582	0.707631	0
0.097707	0.995215	0
0.295304	0.955403	0.000247188
0.468406	0.883512	-0.00147087
0.15623	0.987721	0
0.57038	0.821381	-0.000377414
0.687543	0.726143	0.000421339
0.620526	0.784185	-0.000764954
0.132564	0.991174	0
0.831775	0.555107	0.00244427
0.9579	0.287102	-0
0.69846	0.715649	0.000649804
0.607683	0.794179	-0.00126502
0.991554	0.129697	-0.00060449
0.713886	0.700262	0.000335125
0.509661	0.860375	0.00107524
0.500417	0.865784	-0
0.557516	0.830166	0.000533991
0.504971	0.863136	-0.00121019
0.92866	0.37093	-0.00103086
0.993111	0.117178	-0
0.713964	0.700181	-0.00146374
0.986801	0.161937	-0
0.617656	0.786447	0.00111784
0.857327	0.514771	0.000921
0.484812	0.874618	-0.00103203
0.131453	0.99132	-0.00228129
0.607683	0.794179	0.00136895
0.688059	0.725653	-0.0015413
0.506812	0.862057	-0.000297433
0.393558	0.919299	-0.000748283
0.290045	0.957013	-2.62492e-005
0.3999	0.916558	0.00144159
0.0974363	0.995242	0
0.118931	0.992902	0.00079765
0.959459	0.281847	-0.00099725
0.991553	0.129697	0.0013051
0.995856	0.0909416	-0.00015385
0.995676	0.0928911	-0
0.991665	0.128836	-0.000995678
0.943755	0.330644	0.000933675
0.851615	0.524167	-0.000766705
0.141892	0.989881	0.00132124
0.360958	0.932582	0.000516206
0.283387	0.959005	0.000803248
0.0863634	0.996264	-0
0.283977	0.958831	0.000564189
0.129831	0.991536	-0.000890561
0.9433	0.331942	-0.000403467
0.82491	0.565264	0.000892375
0.718037	0.696004	-0.000865702
0.695073	0.718938	0.000918545
0.93033	0.366723	0.000767346
0.906159	0.422937	-0.00114119
0.90549	0.424367	0.000868678
0.788754	0.614709	-0.00086237
0.726906	0.686737	0.000720871
0.567621	0.82329	-0.00052985
0.363652	0.931535	0.000770269
0.466025	0.884767	0.00262353
0.991338	0.131331	0.000539329
0.989251	0.14621	-0.00229569
0.872255	0.48905	0.00133741
0.954857	0.297067	0
0.955399	0.295319	0.000102932
0.994377	0.105895	-0
0.956616	0.29135	-0.000162043
0.954909	0.2969	-0.000510223
0.872384	0.488821	0.000204791
0.876724	0.480992	-0.00108186
0.98861	0.150491	0.00158366
-0.383276	0.923632	-0.00165424
-0.607683	0.794179	-0.00109512
-0.516645	0.856199	-0.00111181
-0.500417	0.865784	-0
-0.304765	0.952427	0.000454088
-0.106122	0.994353	-0.000152313
-0.923212	0.384289	-0.00125674
-0.282001	0.959414	0.000166377
-0.383276	0.923633	0.00153713
-0.923633	0.383276	0.00141785
-0.995238	0.0974762	-8.82164e-006
-0.616163	0.787618	0.000818304
-0.71001	0.704191	0.001234
-0.993295	0.115609	-0
-0.992126	0.125246	-0.000487065
-0.959962	0.280128	-0.00097034
-0.923633	0.383276	-0.00091968
-0.0864963	0.996252	-0
-0.95167	0.307123	-0.000565653
-0.607683	0.794179	0.00106016
-0.490708	0.871323	-0.00126327
-0.496004	0.86832	-0.000335659
-4.93011e-006	4.83929e-005	-0
-0.101352	0.994851	-0
-9.73266e-006	9.55337e-005	-0
-9.86019e-006	9.67855e-005	-0
-0.991553	0.129697	0.00130451
-0.289047	0.957314	0.00072042
-0.874408	0.485191	-0.000683028
-0.706582	0.707631	-0
-0.995229	0.0975714	-0
-0.955287	0.295681	0.000246263
-0.884018	0.46745	-0.00149464
-0.987586	0.157077	-0
-0.822444	0.568845	-0.000361983
-0.724986	0.688763	0.000452492
-0.783609	0.621254	-0.000802934
-0.99104	0.133566	-0
-0.555034	0.831824	0.00245541
-0.286733	0.95801	-0
-0.715036	0.699087	0.00068428
-0.793673	0.608343	-0.00128144
-0.129832	0.991536	-0.000607914
-0.70026	0.713888	0.000287335
-0.860602	0.509277	0.00108404
-0.866046	0.499964	-0
-0.829977	0.557798	0.000504471
-0.863432	0.504464	-0.00122019
-0.371267	0.928526	-0.000999456
-0.116033	0.993245	-0
-0.700182	0.713963	-0.00143638
-0.161937	0.986801	-0
-0.785935	0.618308	0.00113198
-0.515598	0.85683	0.000940108
-0.87439	0.485223	-0.0010645
-0.991175	0.132542	-0.0022596
-0.793673	0.608343	0.00134606
-0.72528	0.688452	-0.00155621
-0.862342	0.506326	-0.000296117
-0.91987	0.392221	-0.000793506
-0.956895	0.290432	-2.62843e-005
-0.91707	0.398724	0.00145203
-0.995255	0.0973015	-0
-0.992836	0.119481	0.000824235
-0.282654	0.959221	-0.000963758
-0.129831	0.991535	0.00135055
-0.0904789	0.995898	-0.000200683
-0.0930255	0.995664	-0
-0.127862	0.991792	-0.000963537
-0.331105	0.943593	0.000892861
-0.525143	0.851013	-0.000776658
-0.989811	0.142382	0.00135445
-0.933114	0.359579	0.000472102
-0.959359	0.282187	0.000778408
-0.99613	0.0878938	-0
-0.958728	0.284323	0.000567512
-0.991553	0.129697	-0.00089181
-0.332367	0.94315	-0.000405515
-0.565507	0.824743	0.000855086
-0.694081	0.719897	-0.000867822
-0.718054	0.695987	0.000930574
-0.367138	0.930166	0.000763472
-0.422396	0.906411	-0.001153
-0.423819	0.905747	0.000842109
-0.614735	0.788734	-0.000832228
-0.684876	0.728659	0.000705608
-0.823719	0.566998	-0.000464007
-0.931644	0.36337	0.000829317
-0.885278	0.465054	0.00262544
-0.130313	0.991473	0.000543989
-0.14581	0.98931	-0.00235399
-0.489582	0.871956	0.001327
-0.297067	0.954857	-0
-0.296028	0.955179	6.11886e-005
-0.105895	0.994377	-0
-0.292933	0.956133	-0.000145613
-0.298678	0.954354	-0.000505884
-0.487656	0.873036	0.000225188
-0.479707	0.877428	-0.00108064
-0.150238	0.988648	0.00161859
-0.864872	-0.501992	0.00054202
-0.956159	-0.292849	0.000232721
-0.793673	-0.608343	-0.00107392
-0.486648	-0.873597	0.00107796
-0.952245	-0.305336	0.000392952
-0.793673	-0.608343	0.00110934
-0.713962	-0.700183	0.00140901
-0.295304	-0.955403	-0.000247187
-0.994377	-0.105895	0
-0.865522	-0.500871	0
-0.954857	-0.297067	-0
-0.955399	-0.295319	-0.000102932
-0.923632	-0.383276	0.00167444
-0.383276	-0.923633	-0.00143538
-0.745058	-0.667	-0.000425704
-0.280986	-0.959712	-0.000753549
-0.591266	-0.806477	0.000710226
-0.713888	-0.70026	-0.000287796
-0.383276	-0.923633	0.000931051
-0.923633	-0.383276	-0.0015559
-0.344701	-0.93871	0.00210811
-0.609002	-0.793168	0.00129783
-0.994366	-0.106002	-0.000261506
-0.157923	-0.987451	-0
-0.395308	-0.918549	-0.000531779
-0.871657	-0.490115	-0.00131656
-0.704271	-0.70993	-0.00120688
-0.129831	-0.991536	0.000890562
-0.290045	-0.957013	2.62492e-005
-0.0894236	-0.995994	-0
-0.134567	-0.990904	-0
-0.486612	-0.873618	0.000638125
-0.504971	-0.863136	0.00121019
-0.105986	-0.994366	0.00167136
-0.622467	-0.782645	0.00116219
-0.688059	-0.725653	0.0015413
-0.991518	-0.129966	-0.000566835
-0.732782	-0.680462	-0.0017345
-0.867954	-0.496644	0.000321336
-0.99436	-0.106056	0.00010809
-0.500417	-0.865784	0
-0.70763	-0.706583	-0
-0.509661	-0.860375	-0.00107524
-0.0976115	-0.995225	8.83388e-006
-0.618959	-0.785422	-0.0011461
-0.99532	-0.0966339	-7.6556e-005
-0.98875	-0.149566	0.00180635
-0.956489	-0.291768	0.000134181
-0.787101	-0.616823	0.000817666
-0.87775	-0.479117	0.00123952
-0.729514	-0.683965	0.0004806
-0.278937	-0.960309	0.000984629
-0.46717	-0.884166	0.00152705
-0.698752	-0.715363	-0.00071191
-0.609002	-0.793168	-0.0013232
-0.39183	-0.920037	0.000761118
-0.506812	-0.862057	0.000297433
-0.39833	-0.917241	-0.00148002
-0.12016	-0.992754	-0.000843313
-0.306423	-0.951895	0.000542595
-0.0974363	-0.995242	-0
-0.871027	-0.491233	0.00125331
-0.95448	-0.298275	-0
-0.955987	-0.293408	0.000270345
-0.994329	-0.106352	0
-0.872579	-0.488472	-0.000227897
-0.995202	-0.0978429	-0
-0.850254	-0.526372	-0.000616138
-0.954853	-0.29708	2.93591e-005
-0.986801	-0.161937	0
-0.951445	-0.307816	0.00132427
-0.995451	-0.0952788	0
-0.870164	-0.492761	-0.000550767
-0.714898	-0.699228	0.000589569
-0.590234	-0.807232	0.000955584
-0.722243	-0.691638	-0.00083357
-0.464702	-0.885463	-0.00271034
-0.402259	-0.915526	0.000298223
-0.153181	-0.988198	-0.000437522
-0.0997781	-0.99501	-0
-0.569651	-0.821886	-0.000584378
-0.569847	-0.82175	-0.000636208
-0.129831	-0.991535	-0.00126128
-0.13363	-0.991029	0.00223792
-0.097707	-0.995215	-0
-0.283977	-0.958831	-0.00056419
-0.991518	-0.129966	0.000611345
-0.952487	-0.304578	-0.000443004
-0.994715	-0.102672	0
-0.992939	-0.118608	-0.00202865
-0.954552	-0.298045	0.000526937
-0.903391	-0.428817	-0.000876672
-0.872752	-0.488164	-0.000248887
-0.908067	-0.418824	0.00117791
-0.790827	-0.612039	-0.000947596
-0.938663	-0.344831	-0.00151624
-0.854058	-0.520177	-0.00113339
-0.334431	-0.942419	-0.00144975
-0.166375	-0.986061	-0.00155845
0.501476	-0.865172	0.000544833
0.294609	-0.955618	-0.000144694
0.292849	-0.956159	0.000232721
0.873825	-0.48624	0.0010455
0.938614	-0.344962	0.00209465
0.30456	-0.952493	0.000427005
0.923633	-0.383276	0.000942421
0.667	-0.745058	-0.000425704
0.105895	-0.994377	-0
0.793673	-0.608343	0.00128144
0.297067	-0.954857	-0
0.609002	-0.793168	0.00112353
0.383276	-0.923632	0.00165424
0.918379	-0.395701	-0.000552548
0.923633	-0.383276	-0.00145291
0.987586	-0.157077	-0
0.701176	-0.712987	0.00140861
0.701252	-0.712914	-0.000290695
0.500417	-0.865784	-0
0.807042	-0.590494	0.000695431
0.383276	-0.923633	-0.00153713
0.489582	-0.871956	-0.001327
0.991518	-0.129966	0.000889311
0.99104	-0.133566	-0
0.609002	-0.793168	-0.00108766
0.107217	-0.994236	-0.000300452
0.710972	-0.703219	-0.001207
0.955519	-0.294928	-0.000248109
0.95713	-0.289658	2.62142e-005
0.959359	-0.282187	-0.000778408
0.99613	-0.0878938	-0
0.873842	-0.486209	0.000677113
0.862838	-0.505478	0.00120016
0.994505	-0.10468	0.00168872
0.783126	-0.621862	0.0012037
0.726026	-0.687666	0.00152641
0.129832	-0.991536	-0.000533307
0.680993	-0.732288	-0.00178663
0.496004	-0.86832	0.000335659
0.10599	-0.994367	6.38666e-005
0.865522	-0.500871	-0
0.70763	-0.706583	-0
0.860147	-0.510045	-0.00106642
0.995211	-0.0977471	8.84616e-006
0.785935	-0.618308	-0.00113198
0.0972333	-0.995262	-3.86041e-005
0.149785	-0.988717	0.00177428
0.290183	-0.956971	0.000150632
0.616899	-0.787042	0.000845598
0.479077	-0.877772	0.00118396
0.683965	-0.729514	0.0004806
0.959953	-0.280159	0.000944009
0.88366	-0.468127	0.00150327
0.715975	-0.698125	-0.000677452
0.793673	-0.608343	-0.00134606
0.919556	-0.392959	0.000788014
0.861771	-0.507298	0.00029875
0.916729	-0.399507	-0.00146958
0.992821	-0.11961	-0.000816728
0.951856	-0.306546	0.000578139
0.995229	-0.0975714	-0
0.490708	-0.871323	0.00126327
0.296881	-0.954915	-0
0.292776	-0.956181	0.00022781
0.107619	-0.994192	-0
0.487941	-0.872877	-0.000226585
0.0978429	-0.995202	-0
0.524677	-0.851301	-0.000613138
0.296512	-0.955029	5.66546e-005
0.161937	-0.986801	-0
0.307453	-0.951562	0.00137401
0.0965511	-0.995328	-0
0.492276	-0.870439	-0.000553207
0.70021	-0.713936	0.000595584
0.807686	-0.589612	0.000904839
0.691457	-0.722418	-0.000802273
0.884952	-0.465675	-0.00270825
0.915216	-0.402963	0.000316177
0.988323	-0.152373	-0.000433844
0.995146	-0.0984058	-0
0.822286	-0.569075	-0.000587893
0.822258	-0.569115	-0.000598565
0.991518	-0.129966	-0.00131294
0.991175	-0.132542	0.00225959
0.995202	-0.0978429	-0
0.958933	-0.283633	-0.000560875
0.129832	-0.991536	0.000607914
0.304765	-0.952427	-0.000454088
0.103991	-0.994578	-0
0.11957	-0.992824	-0.00198376
0.296263	-0.955106	0.000531252
0.429476	-0.903078	-0.00090469
0.487656	-0.873036	-0.000225188
0.419523	-0.907744	0.00114564
0.611929	-0.790912	-0.000988364
0.345583	-0.938387	-0.00154947
0.519094	-0.854717	-0.00107903
0.94232	-0.334711	-0.00145369
0.986149	-0.165857	-0.00157798
4.19078e-005	-3.69775e-006	-0

#	Mesh	0	End

