#	Mesh	0	Begin

#	Vertex	16
-271.627	109.619	-2.42
-271.627	109.619	6.142
-271.427	109.619	6.142
-271.427	109.619	-2.42
-271.427	113.965	6.142
-271.427	113.965	-2.42
-271.427	111.774	-0.17
-271.427	110.674	-0.17
-271.427	110.674	-2.27
-271.427	111.774	-2.27
-271.627	113.965	6.142
-271.627	113.965	-2.42
-271.627	110.674	-0.17
-271.627	111.774	-0.17
-271.627	111.774	-2.27
-271.627	110.674	-2.27

#	Triangle	6
0	2	1	3	2	0	13	9	6	14	9	13
4	9	5	9	3	5	9	8	3	8	2	3	4	6	9	7	2	8	4	7	6	4	2	7
5	10	4	11	10	5	15	7	8	12	7	15
1	15	0	15	11	0	15	14	11	14	10	11	1	12	15	13	10	14	1	13	12	1	10	13
0	5	3	11	5	0	12	6	7	13	6	12
2	10	1	4	10	2	14	8	9	15	8	14

#	Normal	6
-0	-1	-0
1	0	0
-0	1	-0
-1	0	-0
-0	-0	-1
-0	-0	1

#	Mesh	0	End

