#	Mesh	0	Begin

#	Vertex	24
-259.627	98.5148	-2.42
-259.627	98.5148	3.38
-259.627	98.7148	3.38
-259.627	98.7148	-2.42
-268.327	98.7148	3.38
-268.327	98.7148	-2.42
-261.022	98.7148	-0.17
-260.022	98.7148	-0.17
-260.022	98.7148	-2.27
-261.022	98.7148	-2.27
-265.342	98.7148	-0.17
-264.342	98.7148	-0.17
-264.342	98.7148	-2.27
-265.342	98.7148	-2.27
-268.327	98.5148	3.38
-268.327	98.5148	-2.42
-260.022	98.5148	-0.17
-261.022	98.5148	-0.17
-261.022	98.5148	-2.27
-260.022	98.5148	-2.27
-264.342	98.5148	-0.17
-265.342	98.5148	-0.17
-265.342	98.5148	-2.27
-264.342	98.5148	-2.27

#	Triangle	6
0	2	1	3	2	0	9	17	18	6	17	9	13	21	22	10	21	13
4	13	5	13	3	5	13	12	3	12	9	3	9	8	3	8	2	3	4	10	13	11	9	12	11	6	9	7	2	8	4	11	10	4	6	11	4	7	6	4	2	7
5	14	4	15	14	5	7	19	16	8	19	7	11	23	20	12	23	11
1	19	0	19	15	0	19	18	15	18	23	15	23	22	15	22	14	15	1	16	19	17	23	18	17	20	23	21	14	22	1	17	16	1	20	17	1	21	20	1	14	21
0	5	3	15	5	0	6	16	17	7	16	6	10	20	21	11	20	10
2	14	1	4	14	2	8	18	19	9	18	8	12	22	23	13	22	12

#	Normal	6
1	-0	-0
-0	1	-0
-1	-0	0
-0	-1	-0
-0	0	-1
0	0	1

#	Mesh	0	End

