#	Mesh	0	Begin

#	Vertex	338
22.8741	89.5735	0.75326
22.8741	89.5949	0.744407
22.8741	89.6178	0.741388
22.8741	89.6408	0.744407
22.8741	89.6621	0.75326
22.8741	89.6805	0.767342
22.8741	89.6946	0.785694
22.8741	89.7034	0.807065
22.8741	89.7065	0.83
22.8741	89.7034	0.852935
22.8741	89.6946	0.874306
22.8741	89.6805	0.892658
22.8741	89.6621	0.90674
22.8741	89.6408	0.915593
22.8741	89.6178	0.918612
22.8741	89.5949	0.915593
22.8741	89.5735	0.90674
22.8741	89.5552	0.892658
22.8741	89.5411	0.874306
22.8741	89.5323	0.852935
22.8741	89.5292	0.83
22.8741	89.5323	0.807065
22.8741	89.5411	0.785694
22.8741	89.5552	0.767342
22.8369	89.5735	0.75326
22.8369	89.5552	0.767342
22.8369	89.5778	0.760588
22.8369	89.5971	0.752581
22.8369	89.5949	0.744407
22.8369	89.5612	0.773326
22.8369	89.5411	0.785694
22.8369	89.5484	0.789925
22.8369	89.5404	0.809256
22.8369	89.5323	0.807065
22.8369	89.5377	0.83
22.8369	89.5292	0.83
22.8369	89.5404	0.850744
22.8369	89.5323	0.852935
22.8369	89.5484	0.870075
22.8369	89.5411	0.874306
22.8369	89.5612	0.886674
22.8369	89.5552	0.892658
22.8369	89.5778	0.899412
22.8369	89.5735	0.90674
22.8369	89.5971	0.907419
22.8369	89.5949	0.915593
22.8369	89.6178	0.91015
22.8369	89.6178	0.918612
22.8369	89.6386	0.907419
22.8369	89.6408	0.915593
22.8369	89.6579	0.899412
22.8369	89.6621	0.90674
22.8369	89.6745	0.886674
22.8369	89.6805	0.892658
22.8369	89.6809	0.878375
22.8369	89.6841	0.874225
22.8369	89.6873	0.870075
22.8369	89.6946	0.874306
22.8369	89.7034	0.852935
22.8369	89.6893	0.865242
22.8369	89.6913	0.86041
22.8369	89.6933	0.855577
22.8369	89.6953	0.850744
22.8369	89.7065	0.83
22.8369	89.6956	0.848151
22.8369	89.6959	0.845558
22.8369	89.6963	0.842965
22.8369	89.6966	0.840372
22.8369	89.697	0.837779
22.8369	89.6973	0.835186
22.8369	89.6977	0.832593
22.8369	89.698	0.83
22.8369	89.7034	0.807065
22.8369	89.6977	0.827407
22.8369	89.6973	0.824814
22.8369	89.697	0.822221
22.8369	89.6966	0.819628
22.8369	89.6963	0.817035
22.8369	89.6959	0.814442
22.8369	89.6956	0.811849
22.8369	89.6953	0.809256
22.8369	89.6946	0.785694
22.8369	89.6933	0.804423
22.8369	89.6913	0.79959
22.8369	89.6893	0.794758
22.8369	89.6873	0.789925
22.8369	89.6805	0.767342
22.8369	89.6841	0.785775
22.8369	89.6809	0.781625
22.8369	89.6745	0.773326
22.8369	89.6621	0.75326
22.8369	89.6579	0.760588
22.8369	89.6408	0.744407
22.8369	89.6386	0.752581
22.8369	89.6178	0.741388
22.8369	89.6178	0.74985
22.6492	89.7034	0.852935
22.6863	89.7034	0.852935
22.6863	89.7065	0.83
22.6492	89.7065	0.83
22.6492	89.6946	0.874306
22.6863	89.6946	0.874306
22.6863	89.6805	0.892658
22.6492	89.6805	0.892658
22.6492	89.6621	0.90674
22.6863	89.6621	0.90674
22.6492	89.6408	0.915593
22.6863	89.6408	0.915593
22.6492	89.6178	0.918612
22.6863	89.6178	0.918612
22.6492	89.5735	0.90674
22.6863	89.5735	0.90674
22.6863	89.5949	0.915593
22.6492	89.5949	0.915593
22.6492	89.5552	0.892658
22.6863	89.5552	0.892658
22.6863	89.5411	0.874306
22.6492	89.5411	0.874306
22.6492	89.5323	0.852935
22.6863	89.5323	0.852935
22.6492	89.5292	0.83
22.6863	89.5292	0.83
22.6492	89.5323	0.807065
22.6863	89.5323	0.807065
22.6492	89.5411	0.785694
22.6863	89.5411	0.785694
22.6863	89.5552	0.767342
22.6492	89.5552	0.767342
22.6492	89.5735	0.75326
22.6863	89.5735	0.75326
22.6492	89.5949	0.744407
22.6863	89.5949	0.744407
22.6492	89.6178	0.741388
22.6863	89.6178	0.741388
22.6863	89.6408	0.744407
22.6492	89.6408	0.744407
22.6492	89.6621	0.75326
22.6863	89.6621	0.75326
22.6492	89.6805	0.767342
22.6863	89.6805	0.767342
22.6863	89.7034	0.807065
22.6863	89.6946	0.785694
22.6492	89.6946	0.785694
22.6492	89.7034	0.807065
22.6863	89.5778	0.760588
22.6863	89.5971	0.752581
22.6863	89.5612	0.773326
22.6863	89.5484	0.789925
22.6863	89.5404	0.809256
22.6863	89.5377	0.83
22.6863	89.5404	0.850744
22.6863	89.5484	0.870075
22.6863	89.5612	0.886674
22.6863	89.5778	0.899412
22.6863	89.5971	0.907419
22.6863	89.6178	0.91015
22.6863	89.6386	0.907419
22.6863	89.6579	0.899412
22.6863	89.6745	0.886674
22.6863	89.6809	0.878375
22.6863	89.6841	0.874225
22.6863	89.6873	0.870075
22.6863	89.6893	0.865242
22.6863	89.6913	0.86041
22.6863	89.6933	0.855577
22.6863	89.6953	0.850744
22.6863	89.6956	0.848151
22.6863	89.6959	0.845558
22.6863	89.6963	0.842965
22.6863	89.6966	0.840372
22.6863	89.697	0.837779
22.6863	89.6973	0.835186
22.6863	89.6977	0.832593
22.6863	89.698	0.83
22.6863	89.6977	0.827407
22.6863	89.6973	0.824814
22.6863	89.697	0.822221
22.6863	89.6966	0.819628
22.6863	89.6963	0.817035
22.6863	89.6959	0.814442
22.6863	89.6956	0.811849
22.6863	89.6953	0.809256
22.6863	89.6933	0.804423
22.6863	89.6913	0.79959
22.6863	89.6893	0.794758
22.6863	89.6873	0.789925
22.6863	89.6841	0.785775
22.6863	89.6809	0.781625
22.6863	89.6745	0.773326
22.6863	89.6579	0.760588
22.6863	89.6386	0.752581
22.6863	89.6178	0.74985
22.8246	89.6955	0.811286
22.6999	89.6955	0.811286
22.7008	89.6948	0.808292
22.8267	89.6972	0.820455
22.8255	89.6963	0.814279
22.8264	89.697	0.817273
22.7045	89.6919	0.799942
22.7017	89.6941	0.805298
22.8172	89.6898	0.794584
22.8136	89.6871	0.789977
22.8228	89.6941	0.805298
22.82	89.6919	0.799941
22.8015	89.6786	0.777721
22.8237	89.6948	0.808292
22.81	89.6844	0.785369
22.7918	89.6728	0.771667
22.7808	89.6678	0.767302
22.7144	89.6844	0.785371
22.7073	89.6898	0.794586
22.7108	89.6871	0.789978
22.699	89.6963	0.81428
22.6978	89.6972	0.820456
22.6981	89.697	0.817275
22.6972	89.6977	0.826819
22.6975	89.6975	0.823637
22.8273	89.6977	0.826818
22.7229	89.6786	0.777723
22.7327	89.6728	0.771669
22.7436	89.6678	0.767305
22.6968	89.698	0.83
22.8276	89.698	0.83
22.7686	89.6646	0.764914
22.7558	89.6646	0.764916
22.827	89.6975	0.823637
22.6975	89.6975	0.836363
22.6972	89.6977	0.833181
22.7686	89.6646	0.895086
22.7808	89.6678	0.892698
22.8015	89.6786	0.882279
22.81	89.6844	0.874631
22.8273	89.6977	0.833182
22.7558	89.6646	0.895084
22.7108	89.6871	0.870022
22.7144	89.6844	0.874629
22.6981	89.697	0.842725
22.8255	89.6963	0.845721
22.8264	89.697	0.842727
22.8246	89.6955	0.848714
22.8172	89.6898	0.865416
22.82	89.6919	0.860059
22.7436	89.6678	0.892695
22.7073	89.6898	0.865414
22.7045	89.6919	0.860058
22.699	89.6963	0.84572
22.6999	89.6955	0.848714
22.8136	89.6871	0.870023
22.7918	89.6728	0.888333
22.7008	89.6948	0.851708
22.827	89.6975	0.836363
22.8267	89.6972	0.839545
22.8228	89.6941	0.854702
22.8237	89.6948	0.851708
22.7327	89.6728	0.888331
22.7229	89.6786	0.882277
22.6978	89.6972	0.839544
22.7017	89.6941	0.854702
22.8265	89.7065	0.838463
22.8276	89.7065	0.83
22.8254	89.7065	0.846927
22.8189	89.7065	0.8627
22.8085	89.7065	0.876245
22.7949	89.7065	0.886638
22.8221	89.7065	0.854813
22.7792	89.7065	0.893171
22.6968	89.7065	0.83
22.698	89.7065	0.838463
22.6991	89.7065	0.846927
22.7622	89.7065	0.8954
22.7453	89.7065	0.893171
22.7295	89.7065	0.886638
22.716	89.7065	0.876245
22.7056	89.7065	0.8627
22.7023	89.7065	0.854813
22.698	89.7065	0.821537
22.6991	89.7065	0.813073
22.7056	89.7065	0.7973
22.716	89.7065	0.783755
22.7295	89.7065	0.773362
22.8189	89.7065	0.7973
22.8221	89.7065	0.805187
22.7023	89.7065	0.805187
22.7453	89.7065	0.766829
22.8254	89.7065	0.813073
22.8265	89.7065	0.821537
22.7622	89.7065	0.7646
22.7792	89.7065	0.766829
22.7949	89.7065	0.773362
22.8085	89.7065	0.783755
22.711	89.7065	0.778744
22.726	89.7065	0.767224
22.6995	89.7065	0.793756
22.6922	89.7065	0.811239
22.6898	89.7065	0.83
22.6922	89.7065	0.848761
22.6995	89.7065	0.866244
22.711	89.7065	0.881256
22.726	89.7065	0.892776
22.7435	89.7065	0.900017
22.7622	89.7065	0.902487
22.781	89.7065	0.900017
22.7985	89.7065	0.892776
22.8135	89.7065	0.881256
22.825	89.7065	0.866244
22.8323	89.7065	0.848761
22.8347	89.7065	0.83
22.8323	89.7065	0.811239
22.825	89.7065	0.793756
22.8135	89.7065	0.778744
22.7985	89.7065	0.767224
22.781	89.7065	0.759983
22.7622	89.7065	0.757513
22.7435	89.7065	0.759983
22.7622	89.7381	0.757513
22.7435	89.7381	0.759983
22.726	89.7381	0.767224
22.711	89.7381	0.778744
22.6995	89.7381	0.793756
22.6922	89.7381	0.811239
22.6898	89.7381	0.83
22.6922	89.7381	0.848761
22.6995	89.7381	0.866244
22.711	89.7381	0.881256
22.726	89.7381	0.892776
22.7435	89.7381	0.900017
22.7622	89.7381	0.902487
22.781	89.7381	0.900017
22.7985	89.7381	0.892776
22.8135	89.7381	0.881256
22.825	89.7381	0.866244
22.8323	89.7381	0.848761
22.8347	89.7381	0.83
22.8323	89.7381	0.811239
22.825	89.7381	0.793756
22.8135	89.7381	0.778744
22.7985	89.7381	0.767224
22.781	89.7381	0.759983

#	Triangle	275
3	1	2	4	1	3	4	0	1	5	0	4	5	23	0	6	23	5	6	22	23	7	22	6	7	21	22	8	21	7	8	20	21	9	20	8	9	19	20	10	19	9	10	18	19	11	18	10	11	17	18	12	17	11	12	16	17	13	16	12	13	15	16	14	15	13	129	144	126	129	145	144	144	146	126	125	126	146	146	147	125	147	148	125	123	125	148	123	148	149	149	121	123	150	121	149	121	150	119	150	151	119	116	119	151	151	152	116	152	115	116	153	115	152	115	153	111	153	154	111	112	111	154	154	155	112	155	109	112	155	156	109	156	107	109	156	157	107	105	107	157	105	157	158	158	102	105	101	102	161	161	97	101	98	97	165	140	98	173	181	141	140	185	139	141	139	188	137	188	189	137	189	134	137	134	189	190	133	134	190	133	190	191	131	191	145	131	133	191	145	129	131
26	24	25	27	24	26	24	27	28	29	26	25	25	30	29	31	29	30	32	31	30	30	33	32	32	33	34	35	34	33	35	36	34	36	35	37	38	36	37	37	39	38	40	38	39	41	40	39	41	42	40	42	41	43	44	42	43	43	45	44	46	44	45	47	46	45	48	46	47	49	48	47	50	48	49	49	51	50	50	51	52	53	52	51	53	57	56	58	56	57	58	63	62	63	72	71	81	80	72	86	85	81	89	86	90	91	89	90	92	91	90	91	92	93	92	94	93	94	28	95	93	94	95	95	28	27	130	135	132	128	135	130	128	136	135	127	136	128	127	138	136	124	138	127	124	142	138	122	142	124	122	143	142	120	143	122	120	99	143	118	99	120	118	96	99	117	96	118	117	100	96	114	100	117	114	103	100	110	103	114	110	104	103	113	104	110	113	106	104	108	106	113
52	53	54	88	86	89
54	53	55	55	53	56	56	58	59	59	58	60	60	58	61	61	58	62	80	81	82	82	81	83	83	81	84	84	81	85	85	86	87	87	86	88
62	63	64	64	63	65	65	63	66	66	63	67	67	63	68	68	63	69	69	63	70	70	63	71	71	72	73	73	72	74	74	72	75	75	72	76	76	72	77	77	72	78	78	72	79	79	72	80
63	9	8	58	9	63	99	97	98	96	97	99
58	10	9	57	10	58	96	101	97	100	101	96
12	53	51	11	53	12	105	103	104	102	103	105
10	53	11	57	53	10	101	103	102	100	103	101
13	51	49	12	51	13	107	104	106	105	104	107
14	49	47	13	49	14	109	106	108	107	106	109
45	16	15	43	16	45	113	111	112	110	111	113
43	17	16	41	17	43	110	115	111	114	115	110
19	39	37	18	39	19	119	117	118	116	117	119
17	39	18	41	39	17	115	117	116	114	117	115
20	37	35	19	37	20	121	118	120	119	118	121
45	14	47	15	14	45	113	109	108	112	109	113
35	21	20	33	21	35	120	123	121	122	123	120
33	22	21	30	22	33	122	125	123	124	125	122
0	25	24	23	25	0	129	127	128	126	127	129
22	25	23	30	25	22	125	127	126	124	127	125
1	24	28	0	24	1	131	128	130	129	128	131
2	28	94	1	28	2	133	130	132	131	130	133
4	92	90	3	92	4	137	135	136	134	135	137
5	90	86	4	90	5	139	136	138	137	136	139
72	6	81	7	6	72	143	141	142	140	141	143
63	7	72	8	7	63	99	140	143	98	140	99
5	81	6	86	81	5	139	142	141	138	142	139
92	2	94	3	2	92	135	133	132	134	133	135
159	102	158	188	139	187
160	102	159	161	102	160	162	97	161	163	97	162	164	97	163	165	97	164	182	141	181	183	141	182	184	141	183	185	141	184	186	139	185	187	139	186
166	98	165	167	98	166	168	98	167	169	98	168	170	98	169	171	98	170	172	98	171	173	98	172	174	140	173	175	140	174	176	140	175	177	140	176	178	140	177	179	140	178	180	140	179	181	140	180
79	80	192
194	181	193
75	76	195
197	77	196
199	198	182
84	200	83	85	200	84
85	201	200
203	202	82
204	88	89
192	80	205
204	206	88
89	207	204
203	82	83
207	89	208
186	209	187
211	185	210
194	199	182
193	180	212
214	177	213
216	175	215
196	78	79	77	78	196
194	182	181
202	205	82
74	217	73
88	206	87
188	218	219
187	218	188
209	186	211
185	211	186
180	193	181
185	183	210
184	183	185	178	180	179	161	163	162	59	60	56	66	64	65	238	239	237	240	231	247	252	240	241	246	236	245	250	238	251	222	250	232	226	221	227	239	252	253	236	226	256	257	246	249	243	257	244	235	243	234	214	193	212	210	209	211	199	210	198	221	216	215	192	197	196	225	222	217	193	199	194	197	225	195	216	214	213	202	192	205	200	202	203	206	200	201
188	219	220
85	87	201
206	201	87
212	180	178
80	82	205
190	91	93	189	91	190
173	221	174
71	73	222
223	208	91
89	91	208
91	224	223
209	218	187
191	93	95	190	93	191
217	222	73
147	29	31	146	29	147
195	76	197
148	31	32	147	31	148
144	27	26	145	27	144
216	213	176
75	225	74
146	26	29	144	26	146
95	145	191	27	145	95
175	216	176
217	74	225
149	32	34	148	32	149
189	220	224
198	210	183
224	91	189
192	196	79
77	197	76
188	220	189
215	174	221
183	182	198
75	195	225
203	83	200
177	176	213
177	214	178
174	215	175
214	212	178
38	152	151	40	152	38
34	150	149	36	150	34
150	38	151	36	38	150
153	40	42	152	40	153
46	156	155	48	156	46
71	222	70
173	172	221
227	171	226
48	157	156	50	157	48
154	46	155	44	46	154
229	228	50
231	230	54
153	44	154	42	44	153
229	50	52
227	221	172
70	232	69
50	228	233
235	234	160
168	236	169
238	237	66
64	239	62
241	240	60
242	157	233
232	70	222
60	61	241
157	242	158
244	163	243
50	233	157
246	245	166
67	238	66
243	163	161
55	56	247
170	226	171
247	56	240
52	230	248
54	230	52
246	165	249
55	247	231
229	52	248
69	232	250
165	164	249
238	67	251
55	231	54
56	60	240
253	252	61
252	241	61
244	164	163
253	61	62
69	250	68
253	62	239
158	254	255
161	160	234
158	255	159
235	159	255
243	161	234
170	256	226
171	227	172
242	254	158
159	235	160
236	168	245
246	166	165
256	170	169
245	167	166	168	167	245
67	68	251
239	64	237
164	244	257
257	249	164
256	169	236
237	64	66
250	251	68
259	258	250
258	260	238
240	261	262
230	262	263
252	264	261
265	248	263
267	266	226
260	239	238
262	231	240
261	240	252
248	230	263
265	229	248
230	231	262
229	265	228
268	236	246
228	265	269
269	270	233
258	238	250
272	255	271
259	250	222
274	257	273
270	271	254
266	221	226
267	236	268
243	272	273
268	246	274
264	252	239
267	226	236
254	242	270
242	233	270
254	271	255
260	264	239
274	246	257
235	255	272
273	257	243
272	243	235
228	269	233
266	275	216
275	276	214
210	277	278
218	278	279
281	202	280
199	282	277
283	219	279
276	193	214
278	209	210
277	210	199
219	218	279
283	220	219
218	209	278
220	283	224
285	197	284
224	283	286
276	282	193
266	216	221
288	207	287
284	197	192
204	288	289
287	223	286
259	222	225
200	289	280
284	192	281
282	199	193
285	259	225
285	225	197
207	208	287
208	223	287
207	288	204
275	214	216
281	192	202
206	204	289
280	202	200
289	200	206
224	286	223
291	279	290	291	283	279	279	278	290	292	290	278	278	277	292	293	292	276	266	294	293	294	268	295	296	295	273	273	272	296	272	297	296	271	297	272	297	271	298	271	270	298	299	298	270	270	269	299	269	300	299	269	265	300	265	301	300	265	263	301	302	301	263	302	263	262	262	303	302	303	262	261	304	303	261	261	305	304	306	305	260	307	306	259	284	308	307	280	309	308	280	289	309	309	289	310	289	288	310	288	311	310	311	288	287	312	311	287	312	287	286	313	286	283	313	312	286	283	291	313
282	292	277	276	292	282	275	293	276	266	293	275	267	294	266	268	294	267	274	295	268	273	295	274	264	305	261	260	305	264	258	306	260	259	306	258	285	307	259	284	307	285	281	308	284	280	308	281
333	331	332	320	321	319
334	331	333	334	330	331	335	330	334	335	329	330	336	329	335	336	328	329	337	328	336	337	327	328	314	327	337	314	326	327	315	326	314	315	325	326	316	325	315	316	324	325	317	324	316	317	323	324	318	323	317	318	322	323	319	322	318	319	321	322
332	305	306	331	305	332
331	304	305	330	304	331
302	329	328	303	329	302
304	329	303	330	329	304
301	328	327	302	328	301
300	327	326	301	327	300
325	298	299	324	298	325
324	297	298	323	297	324
295	322	321	296	322	295
297	322	296	323	322	297
294	321	320	295	321	294
325	300	326	299	300	325
320	293	294	319	293	320
319	292	293	318	292	319
291	317	316	290	317	291
292	317	290	318	317	292
313	316	315	291	316	313
312	315	314	313	315	312
310	337	336	311	337	310
336	309	310	335	309	336
333	308	334	307	308	333
332	307	333	306	307	332
334	309	335	308	309	334
337	312	314	311	312	337

#	Normal	275
1	0	-0
-1	-0	-0
-8.77693e-005	0	0
-4.38288e-005	0	0
-2.18988e-005	-0	-0
-0	0.991422	0.130698
-0	0.923892	0.382653
0	0.608612	0.793468
0	0.793437	0.608653
0	0.382749	0.923852
0	0.13051	0.991447
-0	-0.38263	0.923902
-0	-0.608775	0.793343
-0	-0.923773	0.382942
-0	-0.793437	0.608653
-0	-0.991466	0.130366
-0	-0.130554	0.991441
0	-0.991466	-0.130366
0	-0.923773	-0.382942
-0	-0.608775	-0.793343
-0	-0.793437	-0.608653
-0	-0.38263	-0.923902
-0	-0.130554	-0.991441
-0	0.382749	-0.923852
-0	0.608612	-0.793468
-0	0.923892	-0.382653
-0	0.991422	-0.130698
-0	0.793437	-0.608653
-0	0.13051	-0.991447
8.77693e-005	-0	-0
4.38288e-005	-0	-0
2.18988e-005	-0	-0
1.12896e-008	3.19924e-005	-4.24115e-006
6.56588e-007	4.2368e-005	-1.00841e-005
1.28205e-006	2.65177e-005	-3.43549e-006
1.887e-006	3.17663e-005	-8.19263e-006
-2.53543e-006	8.45903e-005	-3.56201e-005
0.0264358	0.923675	-0.382265
-0.00749845	0.868206	-0.496147
2.5363e-006	7.81562e-005	-3.3007e-005
0.0158229	0.79332	-0.608599
-6.56139e-007	3.87612e-005	-9.20992e-006
0.0172757	0.786273	-0.617638
-0.00212768	0.72449	-0.689282
2.50539e-006	8.17774e-005	-3.3976e-005
0.00324782	0.650675	-0.759349
-0.0186866	0.793644	-0.608096
0.00716692	0.868083	-0.496367
-1.8507e-006	4.67098e-005	-1.17681e-005
-1.93771e-007	4.00383e-005	-9.66943e-006
-1.70032e-006	3.66274e-005	-3.13521e-006
-8.5017e-007	3.50067e-005	-2.92036e-006
8.64939e-007	2.96583e-005	-3.84229e-006
2.62545e-007	6.97807e-005	-2.88789e-005
1.85054e-006	4.31031e-005	-1.09034e-005
4.25198e-007	2.4897e-005	-3.30054e-006
0.0195722	0.79363	-0.608086
0.0021031	0.72445	-0.689324
-0.0152722	0.793327	-0.608604
-0.018112	0.859378	-0.51102
0.00688514	0.793038	-0.609134
-1.10378e-008	3.51121e-005	-4.65472e-006
-0.024888	0.923711	-0.38228
-0	0	-0
-0.00307786	0.651396	-0.758731
-0.00719282	0.793036	-0.609132
0.0189674	0.859088	-0.511477
-1.7101e-006	6.55656e-005	-8.593e-006
-2.6169e-007	6.39664e-005	-2.64727e-005
-0	0.382724	-0.923863
-0	2.72115e-005	-3.52538e-006
-0	2.40867e-005	-3.12054e-006
0.00634955	0.587557	-0.809158
0.0119528	0.608672	-0.793332
0.000187746	0.544031	-0.839065
-0.0166009	0.786665	-0.617157
-0	0.13049	-0.99145
4.20599e-007	3.03653e-005	-2.42725e-006
0	-0.793419	-0.608675
1.70079e-006	3.27963e-005	-2.82452e-006
0	-0.923866	-0.382717
0	-0.382724	-0.923863
-1.28628e-006	3.58163e-005	-2.94092e-006
8.50406e-007	2.57079e-005	-3.40796e-006
0	-0.608716	-0.793388
-0	-0.130538	-0.991443
-8.50175e-007	2.88328e-005	-3.8222e-006
8.50395e-007	3.11757e-005	-2.60968e-006
0	-0.991424	-0.130683
-0.00631712	0.587805	-0.808978
-0.0262549	0.921561	-0.387344
-0	0.542428	-0.840102
1.94324e-007	3.64297e-005	-8.80455e-006
1.70079e-006	2.7328e-005	-3.6228e-006
-0.0117438	0.608674	-0.793334
-4.20475e-007	3.41957e-005	-2.72852e-006
-2.50367e-006	8.75916e-005	-3.63916e-005
1.28667e-006	3.19866e-005	-2.63965e-006
2.796e-006	9.16253e-005	-3.8603e-005
-1.28168e-006	2.96424e-005	-3.84032e-006
-1.70031e-006	3.04528e-005	-4.03705e-006
-4.25072e-007	2.80218e-005	-3.71478e-006
-1.8862e-006	3.5379e-005	-9.05878e-006
-0	-0.793419	0.608675
-0	-0.991424	0.130683
-0	-0.923866	0.382717
-0	-0.608716	0.793388
0	0.13049	0.99145
-0	2.40867e-005	3.12054e-006
-0	2.72115e-005	3.52538e-006
-8.5017e-007	3.50067e-005	2.92036e-006
0	0.382724	0.923863
-0	-0.130538	0.991443
0.00634955	0.587557	0.809158
0.0172757	0.786273	0.617638
-0	-0.382724	0.923863
0.0119528	0.608672	0.793332
-4.20475e-007	3.41957e-005	2.72852e-006
4.25198e-007	2.4897e-005	3.30054e-006
0.000187746	0.544031	0.839065
-0.018112	0.859378	0.51102
-1.70031e-006	3.04528e-005	4.03705e-006
1.887e-006	3.17663e-005	8.19263e-006
1.12896e-008	3.19924e-005	4.24115e-006
2.796e-006	9.16253e-005	3.8603e-005
-0.00631712	0.587805	0.808978
4.20599e-007	3.03653e-005	2.42725e-006
2.50539e-006	8.17774e-005	3.3976e-005
-0.0117438	0.608674	0.793334
-0.0262549	0.921561	0.387344
0	0.542428	0.840102
-1.93771e-007	4.00383e-005	9.66943e-006
1.70079e-006	2.7328e-005	3.6228e-006
-0.024888	0.923711	0.38228
-0.00719282	0.793036	0.609132
-8.50175e-007	2.88328e-005	3.8222e-006
-0.00749845	0.868206	0.496147
-0.00212768	0.72449	0.689282
0.0158229	0.79332	0.608599
6.56588e-007	4.2368e-005	1.00841e-005
0.0189674	0.859088	0.511477
0.00324782	0.650675	0.759349
8.50395e-007	3.11757e-005	2.60968e-006
2.62545e-007	6.97807e-005	2.88789e-005
1.70079e-006	3.27963e-005	2.82452e-006
0.0195722	0.79363	0.608086
0.0264358	0.923675	0.382265
1.85054e-006	4.31031e-005	1.09034e-005
2.5363e-006	7.81562e-005	3.3007e-005
-2.50367e-006	8.75916e-005	3.63916e-005
-2.6169e-007	6.39664e-005	2.64727e-005
8.50406e-007	2.57079e-005	3.40796e-006
-6.56139e-007	3.87612e-005	9.20992e-006
0.0021031	0.72445	0.689324
0.00688514	0.793038	0.609134
-0.0152722	0.793327	0.608604
-0.0166009	0.786665	0.617157
0.00716692	0.868083	0.496367
-1.28628e-006	3.58163e-005	2.94092e-006
-4.25072e-007	2.80218e-005	3.71478e-006
-0.00307786	0.651396	0.758731
-0.0186866	0.793644	0.608096
-1.8862e-006	3.5379e-005	9.05878e-006
-1.10378e-008	3.51121e-005	4.65472e-006
-1.28168e-006	2.96424e-005	3.84032e-006
-8.6457e-007	3.27832e-005	4.24712e-006
1.28205e-006	2.65177e-005	3.43549e-006
1.94324e-007	3.64297e-005	8.80455e-006
-2.53543e-006	8.45903e-005	3.56201e-005
-1.8507e-006	4.67098e-005	1.17681e-005
-1.70032e-006	3.66274e-005	3.13521e-006
1.71085e-006	5.9316e-005	7.77393e-006
1.28667e-006	3.19866e-005	2.63965e-006
7.59715e-005	1.80711e-006	1.0011e-005
8.02693e-005	3.60597e-006	1.05588e-005
0.793153	0.0202276	0.608686
0.608633	0.0199841	0.7932
0.922985	0.045107	0.382183
0.382695	0.0109684	0.92381
-7.59715e-005	1.79394e-006	9.99344e-006
6.28259e-005	-1.69569e-006	1.84674e-005
0.786036	0.0104111	0.618093
0.889333	-0.0139624	0.457047
0.531417	-0.00672759	0.847084
0.367972	0.00457173	0.929826
0.670959	-0.00676847	0.741463
0.192892	-0.0036402	0.981213
-6.28343e-005	-1.68935e-006	1.84489e-005
0.130509	0.0125223	0.991368
-0.130524	0.0125419	0.991366
5.81884e-005	1.80714e-006	5.8593e-006
-0.608633	0.0199729	0.793201
5.38901e-005	0	5.29297e-006
-0.922905	0.0450972	0.382378
-0.382654	0.0109332	0.923827
-5.38844e-005	-0	5.29297e-006
-8.02693e-005	3.5962e-006	1.05773e-005
-0.793208	0.0202475	0.608614
-8.61364e-005	-6.18041e-007	3.56667e-005
7.42112e-005	3.69472e-006	2.31623e-005
-5.81822e-005	1.79394e-006	5.85831e-006
-0.368121	0.00461653	0.929767
-0.193144	-0.00364987	0.981164
-0.531405	-0.00675204	0.847091
8.61364e-005	-6.27561e-007	3.56881e-005
-7.42189e-005	3.6949e-006	2.31623e-005
-0.67108	-0.00682576	0.741353
-0.889297	-0.0138848	0.45712
-0.786032	0.0103488	0.618099
-0.000175997	-0.00752559	0.999972
-7.59715e-005	1.79394e-006	-9.99344e-006
-8.02693e-005	3.5962e-006	-1.05773e-005
-0.793208	0.0202475	-0.608614
-0.608633	0.0199729	-0.793201
0.922985	0.045107	-0.382183
-0.922905	0.0450972	-0.382378
-0.382654	0.0109332	-0.923827
-6.28343e-005	-1.68935e-006	-1.84489e-005
-0.786032	0.0103488	-0.618099
-0.889297	-0.0138848	-0.45712
-0.531405	-0.00675204	-0.847091
-0.368121	0.00461653	-0.929767
-0.67108	-0.00682576	-0.741353
-0.193144	-0.00364987	-0.981164
8.02693e-005	3.60597e-006	-1.05588e-005
-0.130524	0.0125419	-0.991366
-8.61364e-005	-6.18041e-007	-3.56667e-005
-5.38844e-005	-0	-5.29297e-006
0.382695	0.0109684	-0.92381
6.28259e-005	-1.69569e-006	-1.84674e-005
0.608633	0.0199841	-0.7932
0.130509	0.0125223	-0.991368
5.38901e-005	-0	-5.29297e-006
0.793153	0.0202276	-0.608686
8.61364e-005	-6.27561e-007	-3.56881e-005
-7.42189e-005	3.6949e-006	-2.31623e-005
7.59715e-005	1.80711e-006	-1.0011e-005
5.81884e-005	1.80714e-006	-5.8593e-006
0.367972	0.00457173	-0.929826
0.192892	-0.0036402	-0.981213
0.531417	-0.00672759	-0.847084
-5.81822e-005	1.79394e-006	-5.85831e-006
7.42112e-005	3.69472e-006	-2.31623e-005
0.670959	-0.00676847	-0.741463
0.889333	-0.0139624	-0.457047
0.786036	0.0104111	-0.618093
-0.000175997	-0.00752559	-0.999972
0	-1	0
-0	-5.99925e-005	-0
-0	9.2706e-005	-0
-0	1	-0
0.99144	0	0.130566
0.923866	0	0.382715
0.608785	-0	0.793336
0.793354	-0	0.608761
0.382683	-0	0.92388
0.130523	-0	0.991445
-0.382647	-0	0.923895
-0.608785	-0	0.793336
-0.923866	-0	0.382715
-0.793354	-0	0.608761
-0.991453	-0	0.130464
-0.130537	-0	0.991443
-0.991453	-0	-0.130464
-0.923866	-0	-0.382715
-0.608785	0	-0.793336
-0.793354	0	-0.608761
-0.382647	0	-0.923895
-0.130537	0	-0.991443
0.382683	-0	-0.92388
0.608785	-0	-0.793336
0.923866	-0	-0.382715
0.99144	-0	-0.130566
0.793354	-0	-0.608761
0.130523	-0	-0.991445

#	Mesh	0	End

