#	Mesh	0	Begin

#	Vertex	72
38.3367	106.063	-4.13462
38.3367	106.023	-4.1454
38.3367	105.985	-4.16301
38.3367	105.951	-4.18691
38.3367	105.921	-4.21636
38.3367	105.897	-4.25049
38.3367	105.88	-4.28825
38.3367	105.869	-4.32849
38.3367	105.865	-4.36999
38.3367	105.869	-4.41149
38.3367	105.88	-4.45173
38.3367	105.897	-4.48949
38.3367	105.921	-4.52362
38.3367	105.951	-4.55308
38.3367	105.985	-4.57697
38.3367	106.023	-4.59458
38.3367	106.063	-4.60536
38.3367	106.104	-4.60899
38.3367	106.146	-4.60536
38.3367	106.186	-4.59458
38.3367	106.224	-4.57697
38.3367	106.258	-4.55308
38.3367	106.288	-4.52362
38.3367	106.311	-4.48949
38.3367	106.329	-4.45173
38.3367	106.34	-4.41149
38.3367	106.343	-4.36999
38.3367	106.34	-4.32849
38.3367	106.329	-4.28825
38.3367	106.311	-4.25049
38.3367	106.288	-4.21636
38.3367	106.258	-4.18691
38.3367	106.224	-4.16301
38.3367	106.186	-4.1454
38.3367	106.146	-4.13462
38.3367	106.104	-4.13099
51.9207	106.063	-4.13462
51.9207	106.023	-4.1454
51.9207	105.985	-4.16301
51.9207	105.951	-4.18691
51.9207	105.921	-4.21636
51.9207	105.897	-4.25049
51.9207	105.88	-4.28825
51.9207	105.869	-4.32849
51.9207	105.865	-4.36999
51.9207	105.869	-4.41149
51.9207	105.88	-4.45173
51.9207	105.897	-4.48949
51.9207	105.921	-4.52362
51.9207	105.951	-4.55308
51.9207	105.985	-4.57697
51.9207	106.023	-4.59458
51.9207	106.063	-4.60536
51.9207	106.104	-4.60899
51.9207	106.146	-4.60536
51.9207	106.186	-4.59458
51.9207	106.224	-4.57697
51.9207	106.258	-4.55308
51.9207	106.288	-4.52362
51.9207	106.311	-4.48949
51.9207	106.329	-4.45173
51.9207	106.34	-4.41149
51.9207	106.343	-4.36999
51.9207	106.34	-4.32849
51.9207	106.329	-4.28825
51.9207	106.311	-4.25049
51.9207	106.288	-4.21636
51.9207	106.258	-4.18691
51.9207	106.224	-4.16301
51.9207	106.186	-4.1454
51.9207	106.146	-4.13462
51.9207	106.104	-4.13099

#	Triangle	38
35	36	71	0	36	35
0	37	36	1	37	0
1	38	37	2	38	1
2	39	38	3	39	2
3	40	39	4	40	3
4	41	40	5	41	4
5	42	41	6	42	5
6	43	42	7	43	6
7	44	43	8	44	7
8	45	44	9	45	8
9	46	45	10	46	9
10	47	46	11	47	10
11	48	47	12	48	11
12	49	48	13	49	12
13	50	49	14	50	13
14	51	50	15	51	14
15	52	51	16	52	15
16	53	52	17	53	16
17	54	53	18	54	17
18	55	54	19	55	18
19	56	55	20	56	19
20	57	56	21	57	20
21	58	57	22	58	21
22	59	58	23	59	22
23	60	59	24	60	23
24	61	60	25	61	24
25	62	61	26	62	25
26	63	62	27	63	26
27	64	63	28	64	27
28	65	64	29	65	28
29	66	65	30	66	29
30	67	66	31	67	30
31	68	67	32	68	31
32	69	68	33	69	32
33	70	69	34	70	33
34	71	70	35	71	34
7	9	8	6	9	7	6	10	9	5	10	6	5	11	10	4	11	5	4	12	11	3	12	4	3	13	12	2	13	3	2	14	13	1	14	2	1	15	14	0	15	1	0	16	15	35	16	0	35	17	16	34	17	35	34	18	17	33	18	34	33	19	18	32	19	33	32	20	19	31	20	32	31	21	20	30	21	31	30	22	21	29	22	30	29	23	22	28	23	29	28	24	23	27	24	28	27	25	24	26	25	27
45	43	44	46	43	45	46	42	43	47	42	46	47	41	42	48	41	47	48	40	41	49	40	48	49	39	40	50	39	49	50	38	39	51	38	50	51	37	38	52	37	51	52	36	37	53	36	52	53	71	36	54	71	53	54	70	71	55	70	54	55	69	70	56	69	55	56	68	69	57	68	56	57	67	68	58	67	57	58	66	67	59	66	58	59	65	66	60	65	59	60	64	65	61	64	60	61	63	64	62	63	61

#	Normal	38
-0	-0.0871414	0.996196
-0	-0.258852	0.965917
-0	-0.422612	0.906311
-0	-0.573591	0.819142
-0	-0.707077	0.707136
-0	-0.81912	0.573622
-0	-0.906351	0.422525
-0	-0.965887	0.258964
-0	-0.996207	0.087014
0	-0.996207	-0.087015
0	-0.965887	-0.258964
0	-0.906353	-0.42252
0	-0.819116	-0.573628
0	-0.707077	-0.707136
0	-0.573591	-0.819142
0	-0.422612	-0.906311
0	-0.258852	-0.965917
0	-0.087153	-0.996195
-0	0.0871693	-0.996194
-0	0.258805	-0.96593
-0	0.422612	-0.906311
-0	0.573591	-0.819142
-0	0.707077	-0.707136
-0	0.819204	-0.573502
-0	0.906282	-0.422674
-0	0.965934	-0.258789
-0	0.996191	-0.0872011
-0	0.996191	0.0872001
-0	0.965934	0.258789
-0	0.90628	0.422679
-0	0.819208	0.573496
-0	0.707077	0.707136
-0	0.573591	0.819142
-0	0.422612	0.906311
-0	0.258805	0.96593
-0	0.0871576	0.996195
-1	-0	-0
1	-0	-0

#	Mesh	0	End

