#	Mesh	0	Begin

#	Vertex	120
87.5995	49.2143	0.462016
87.6	49.218	0.462016
87.6014	49.2214	0.462016
87.6037	49.2244	0.462016
87.6067	49.2266	0.462016
87.6101	49.2281	0.462016
87.6138	49.2285	0.462016
87.6175	49.2281	0.462016
87.621	49.2266	0.462016
87.6239	49.2244	0.462016
87.6262	49.2214	0.462016
87.6276	49.218	0.462016
87.6281	49.2143	0.462016
87.6276	49.2106	0.462016
87.6262	49.2071	0.462016
87.6239	49.2042	0.462016
87.621	49.2019	0.462016
87.6175	49.2005	0.462016
87.6138	49.2	0.462016
87.6101	49.2005	0.462016
87.6067	49.2019	0.462016
87.6037	49.2042	0.462016
87.6014	49.2071	0.462016
87.6	49.2106	0.462016
87.6	49.2106	0.8196
87.6014	49.2071	0.8196
87.6037	49.2042	0.8196
87.6067	49.2019	0.8196
87.6101	49.2005	0.8196
87.6138	49.2	0.8196
87.6175	49.2005	0.8196
87.621	49.2019	0.8196
87.6239	49.2042	0.8196
87.6262	49.2071	0.8196
87.6276	49.2106	0.8196
87.6281	49.2143	0.8196
87.6276	49.218	0.8196
87.6262	49.2214	0.8196
87.6239	49.2244	0.8196
87.621	49.2266	0.8196
87.6175	49.2281	0.8196
87.6138	49.2285	0.8196
87.6101	49.2281	0.8196
87.6067	49.2266	0.8196
87.6037	49.2244	0.8196
87.6014	49.2214	0.8196
87.6	49.218	0.8196
87.5995	49.2143	0.8196
87.6086	49.2276	0.743217
87.6051	49.2256	0.710917
87.6006	49.2197	0.57579
87.6025	49.223	0.73833
87.6006	49.2197	0.705826
87.6109	49.2283	0.6882
87.6138	49.2285	0.59401
87.6107	49.2282	0.603208
87.6051	49.2256	0.57579
87.5998	49.217	0.714506
87.6138	49.2285	0.753603
87.6138	49.2285	0.706805
87.6025	49.223	0.543286
87.6025	49.223	0.640808
87.6138	49.2285	0.687606
87.5995	49.2143	0.574811
87.5998	49.2171	0.544786
87.6083	49.2275	0.551133
87.6083	49.2275	0.655284
87.5998	49.217	0.631209
87.5995	49.2143	0.687606
87.6163	49.2283	0.543631
87.6251	49.223	0.57579
87.6251	49.223	0.710917
87.627	49.2197	0.655284
87.627	49.2197	0.551133
87.6193	49.2275	0.545976
87.6221	49.2259	0.547319
87.6225	49.2256	0.640808
87.6193	49.2275	0.73564
87.6221	49.2259	0.734297
87.6165	49.2283	0.720605
87.6281	49.2143	0.706805
87.6183	49.2278	0.640808
87.6278	49.2171	0.6882
87.6281	49.2143	0.59401
87.6278	49.2173	0.603208
87.6281	49.2143	0.687606
87.6271	49.2194	0.743217
87.627	49.2088	0.73564
87.6279	49.2117	0.737985
87.6138	49.2	0.574811
87.6254	49.2059	0.547319
87.6225	49.2029	0.570699
87.6279	49.2117	0.543631
87.6274	49.2098	0.640808
87.627	49.2088	0.545976
87.6251	49.2056	0.640808
87.6254	49.2059	0.734297
87.6225	49.2029	0.705826
87.6193	49.2011	0.626332
87.6193	49.2011	0.730483
87.6169	49.2003	0.678408
87.619	49.2009	0.538399
87.6167	49.2003	0.593416
87.6138	49.2	0.687606
87.6138	49.2	0.59401
87.6083	49.2011	0.73564
87.6113	49.2002	0.737985
87.6055	49.2026	0.547319
87.6025	49.2056	0.570699
87.6113	49.2002	0.543631
87.6093	49.2007	0.640808
87.6083	49.2011	0.545976
87.6051	49.2029	0.640808
87.6055	49.2026	0.734297
87.6025	49.2056	0.705826
87.6006	49.2088	0.626332
87.6006	49.2088	0.730483
87.5999	49.2112	0.678408
87.6005	49.2091	0.538399
87.5998	49.2114	0.593416

#	Triangle	197
1	23	0	12	13	11
2	23	1	11	13	14
2	22	23	11	14	10
3	22	2	10	14	15
3	21	22	10	15	9
4	21	3	9	15	16
4	20	21	9	16	8
5	20	4	8	16	17
5	19	20	8	17	7
6	19	5	6	18	19	7	18	6	7	17	18
24	46	47	35	36	34
25	46	24	34	36	37
25	45	46	34	37	33
26	45	25	33	37	38
26	44	45	33	38	32
27	44	26	32	38	39
27	43	44	32	39	31
28	43	27	31	39	40
28	42	43	31	40	30
29	42	28	29	41	42	30	41	29	30	40	41
43	48	49
1	50	2
51	45	44
51	52	45
46	45	52
55	53	54
3	56	4
46	57	47
59	41	58	54	59	62	83	80	85	58	62	59	89	103	104	104	18	89
42	41	59
3	60	56
60	3	2
61	60	50	52	61	50	61	52	51
53	59	54
0	63	64
66	65	56	66	56	49
6	5	55
52	67	57
65	55	5
52	50	67
65	5	4
48	42	53
61	49	56	61	51	49	61	56	60
49	44	43
67	63	68
64	63	67
4	56	65
66	55	65
44	49	51
2	50	60
57	67	68
50	64	67
64	50	1
1	0	64
53	55	66
6	55	54
66	48	53
53	42	59
66	49	48
48	43	42
68	47	57
57	46	52
69	6	54
72	70	71	72	73	70
75	8	74
78	76	77
79	40	77
73	11	10
36	35	80
81	74	69
40	39	77
62	81	54
84	82	83
82	80	83
76	75	74
79	62	58
12	11	84
73	84	11
7	74	8
77	76	81
70	9	75
86	36	82
9	70	10
40	58	41
71	38	37
76	71	70
71	37	86
76	78	71
10	70	73
72	84	73
78	77	39
79	81	62
58	40	79
77	81	79
78	39	38
38	71	78
7	69	74
81	76	74
76	70	75
75	9	8
7	6	69
54	81	69
82	84	72
12	84	83
72	86	82
82	36	80
72	71	86
86	37	36
34	87	88
89	18	17
15	90	91
94	92	93
96	95	87
87	34	33
34	88	35
90	14	94
92	12	83	35	88	80
94	14	13
32	31	97
95	97	91
100	98	99
95	90	94
93	83	85
102	101	98
91	98	101
91	16	15
95	96	97
100	29	103
102	98	100
103	102	100
93	87	95
31	99	97
98	91	97	98	97	99
31	30	99
100	30	29
96	87	33
85	88	93
96	33	32
32	97	96
13	92	94
93	95	94
95	91	90
90	15	14
87	93	88
80	88	85
13	12	92
83	93	92
99	30	100
102	103	89
102	89	17
17	101	102
101	17	16
16	91	101
28	105	106
63	0	23
21	107	108
111	109	110
28	106	29
105	28	27
113	112	105
109	18	104	103	29	106
107	20	111
111	20	19
26	25	114
112	114	108
117	115	116
112	107	111
110	104	103
119	118	115
108	115	118
108	22	21
25	24	116
117	47	68
119	115	117
112	113	114
110	105	112
25	116	114
115	108	114	115	114	116
68	119	117
117	24	47
113	105	27
103	106	110
113	27	26
26	114	113
19	109	111
110	112	111
112	108	107
107	21	20
105	110	106
19	18	109
104	110	109
116	24	117
63	119	68
119	63	23
23	118	119
118	23	22
22	108	118

#	Normal	197
-0	-0	-3.58362e-006
-0	-0	-1.05775e-005
-0	-0	-2.04289e-005
-0	-0	-3.24853e-005
-0	-0	-4.59483e-005
-0	-0	-5.98433e-005
-0	-0	-7.32832e-005
-0	-0	-8.52715e-005
-0	-0	-9.51095e-005
-0	-0	-1
-0	-0	3.58362e-006
-0	-0	1.05775e-005
-0	-0	2.04289e-005
-0	-0	3.24853e-005
-0	-0	4.59483e-005
-0	-0	5.98433e-005
-0	-0	7.32832e-005
-0	-0	8.52715e-005
-0	-0	9.51095e-005
-0	-0	1
-0.479173	0.877719	-0.00153695
-0.923633	0.383276	-0.00107755
-0.793167	0.609002	0.00150925
-0.860297	0.509791	-0.00124691
-0.923633	0.383276	0.00107755
-0.108538	0.994092	-0.000253154
-0.608343	0.793673	-0.00106446
-0.991536	0.129831	0.000926306
-0	-0	-0
-0.130997	0.991383	-0
-0.714307	0.699831	0.00126017
-0.793167	0.609002	-0.00150925
-0.865784	0.500417	-0
-0.100309	0.994956	-0
-0.995242	0.0974363	-0
-0.500871	0.865522	-0
-0.130997	0.991383	-0.000509995
-0.957506	0.288413	2.32682e-005
-0.305159	0.952301	0.000313838
-0.957328	0.289005	-0
-0.382382	0.924003	-0.0014127
-0.292397	0.956297	-0.000392918
-0.706583	0.70763	-0
-0.608343	0.793673	0.00111432
-0.995188	0.0979792	-0
-0.995223	0.0976242	1.76502e-005
-0.494047	0.869434	0.00118928
-0.298981	0.954259	-0
-0.713277	0.700881	-0.00129398
-0.860297	0.509791	0.00124691
-0.995422	0.0955758	-0.000119491
-0.957029	0.289994	5.24301e-005
-0.958962	0.283535	0.000660537
-0.991535	0.129831	-0.00110538
-0.295132	0.955457	0.000195173
-0.107787	0.994174	-0
-0.289732	0.957108	-0.000271608
-0.105712	0.994396	0.000841397
-0.493726	0.869617	0.000551824
-0.382382	0.924003	0.00154052
-0.995534	0.0944041	-0
-0.958055	0.286585	-0.0006083
0.0878938	0.99613	0
0.865784	0.500417	0
0.485555	0.874205	0.00109135
0.485716	0.874117	-0.000644864
0.289696	0.957118	-0.000720977
0.923633	0.383276	-0.00137569
0.991536	0.129832	-0
0.281827	0.959465	-0.000759476
0.382382	0.924003	0.00146388
0.158227	0.987403	0
0.994243	0.107144	-0.000205813
0.994943	0.100444	-0
0.485716	0.874117	0.000644863
0.0952176	0.995456	0
0.991536	0.129832	-0.000511794
0.951743	0.306895	0.000330725
0.382382	0.924003	-0.00146388
0.466652	0.88444	-0.00149831
0.68823	0.725491	0.00154749
0.956263	0.292508	-0.000439484
0.794179	0.607683	-0.00105082
0.130725	0.991419	0
0.794179	0.607683	0.00110004
0.707631	0.706582	-0
0.877719	0.479173	-0.00153695
0.698543	0.715567	0.000679179
0.869721	0.493542	0.00119879
0.953816	0.30039	0
0.485555	0.874205	-0.00109135
0.129342	0.991596	-0.00281743
0.109728	0.993961	0.00119694
0.282358	0.959309	0.000753222
0.608343	0.793673	0.00132585
0.689413	0.724366	-0.00159207
0.280587	0.959828	0.000931821
0.466652	0.88444	0.00149831
0.699154	0.71497	-0.000683401
0.608343	0.793673	-0.00132585
0.130725	0.991418	-0.00133714
0.134215	0.99095	0.00234307
0.955374	0.295399	0.000253314
0.994309	0.106533	-0
0.957281	0.28916	-0.000286664
0.994405	0.105628	0.0008061
0.869706	0.49357	0.000529237
0.923633	0.383276	0.00151281
0.959486	-0.281756	-0.000936341
0.129697	-0.991554	-0
0.724646	-0.68912	0.00154946
0.959115	-0.283017	-0.000784969
0.874636	-0.48478	-0.000706956
0.923633	-0.383276	0.00146017
0.991535	-0.129831	0.00135665
0.874703	-0.484658	0.00104594
0.996264	-0.0863634	-0
0.923633	-0.383276	-0.00146017
0.608343	-0.793673	0.00109171
0.708154	-0.706058	-0
0.298981	-0.954259	-0
0.874636	-0.48478	0.000706956
0.987538	-0.157383	-0
0.288905	-0.957358	0.000343002
0.493137	-0.869951	-0.000466879
0.608343	-0.793673	-0.00114284
0.715732	-0.698375	0.00061893
0.107787	-0.994174	-0
0.295132	-0.955457	-0.000195173
0.108538	-0.994092	0.000253154
0.883926	-0.467625	-0.00147426
0.492343	-0.8704	-0.0011915
0.499179	-0.866499	-0
0.383276	-0.923633	0.00135889
0.129697	-0.991554	0.0004814
0.874703	-0.484658	-0.00104594
0.991095	-0.133137	-0.00236529
0.794179	-0.607683	0.0013764
0.725739	-0.687969	-0.00150614
0.959486	-0.281756	0.000936341
0.883926	-0.467625	0.00147426
0.716272	-0.697821	-0.000615108
0.794179	-0.607683	-0.0013764
0.959115	-0.283017	0.00078497
4.84463e-005	-4.19968e-006	-0
0.991535	-0.129831	-0.00135665
0.991095	-0.133137	0.00236529
0.3061	-0.951999	-0.000361662
0.100309	-0.994956	-0
0.105491	-0.99442	-0.000806991
0.290759	-0.956796	0.000427565
0.383276	-0.923633	-0.00156004
0.479429	-0.87758	0.00150042
-0.280573	-0.959832	-0.00095069
-0.991536	-0.129832	-0
-0.689635	-0.724155	0.00153727
-0.281856	-0.959456	-0.000798659
-0.129966	-0.991518	0.00131341
-0.383276	-0.923633	0.001478
-0.485714	-0.874118	-0.000648938
-0.0878938	-0.99613	-0
-0.485571	-0.874196	0.00104657
-0.383276	-0.923633	-0.001478
-0.793168	-0.609002	0.00107808
-0.707107	-0.707107	0
-0.954563	-0.29801	-0
-0.485714	-0.874118	0.000648937
-0.157383	-0.987538	-0
-0.957155	-0.289576	0.000285075
-0.869706	-0.49357	-0.000529237
-0.793168	-0.609002	-0.00112857
-0.923633	-0.383276	0.00137569
-0.994052	-0.108903	0
-0.955568	-0.29477	-0.000163916
-0.699011	-0.715111	0.000653875
-0.467325	-0.884084	-0.00147044
-0.869721	-0.493542	-0.00119879
-0.865784	-0.500417	-0
-0.993958	-0.109765	0.000290905
-0.991536	-0.129832	0.000460522
-0.485571	-0.874196	-0.00104657
-0.133656	-0.991025	-0.00231475
-0.608343	-0.793673	0.00138156
-0.688493	-0.725242	-0.00149431
-0.280573	-0.959832	0.00095069
-0.467325	-0.884084	0.00147044
-0.698426	-0.715682	-0.00064991
-0.608343	-0.793673	-0.00138156
-0.281856	-0.959456	0.000798659
-0.129966	-0.991518	-0.00131341
-0.133656	-0.991025	0.00231475
-0.952272	-0.305249	-0.000366967
-0.994956	-0.100309	0
-0.994418	-0.105511	-0.000810001
-0.956168	-0.292819	0.0004329
-0.923633	-0.383276	-0.00151281
-0.877719	-0.479173	0.00153695

#	Mesh	0	End

