#	Mesh	0	Begin

#	Vertex	92
36.7815	89.8248	2.57
36.7855	89.8248	2.57
36.7855	89.8248	1.89
36.7815	89.8248	1.89
36.7815	92.4048	2.57
36.7855	92.4048	2.57
36.7855	92.4048	1.89
36.7815	92.4048	1.89
36.7615	89.8248	1.87
36.7615	89.8248	1.866
36.0815	89.8248	1.866
36.0815	89.8248	1.87
36.7615	92.4048	1.87
36.7615	92.4048	1.866
36.0815	92.4048	1.866
36.0815	92.4048	1.87
36.7815	89.8648	2.53
36.7815	89.8648	1.93
36.7763	89.8648	1.92977
36.7711	89.8648	1.92909
36.766	89.8648	1.92796
36.761	89.8648	1.92638
36.7562	89.8648	1.92438
36.7515	89.8648	1.92196
36.7471	89.8648	1.91915
36.743	89.8648	1.91596
36.7391	89.8648	1.91243
36.7356	89.8648	1.90857
36.7324	89.8648	1.90441
36.7296	89.8648	1.9
36.7271	89.8648	1.89536
36.7251	89.8648	1.89052
36.7236	89.8648	1.88553
36.7224	89.8648	1.88042
36.7218	89.8648	1.87523
36.7215	89.8648	1.87
36.1215	89.8648	1.87
36.124	89.8648	1.92752
36.1316	89.8648	1.98461
36.144	89.8648	2.04082
36.1613	89.8648	2.09573
36.1834	89.8648	2.14893
36.2099	89.8648	2.2
36.2409	89.8648	2.24856
36.2759	89.8648	2.29424
36.3148	89.8648	2.33669
36.3573	89.8648	2.37559
36.403	89.8648	2.41064
36.4515	89.8648	2.44158
36.5026	89.8648	2.46816
36.5558	89.8648	2.4902
36.6107	89.8648	2.50751
36.6669	89.8648	2.51997
36.724	89.8648	2.52749
36.7815	92.3648	2.53
36.7815	92.3648	1.93
36.7763	92.3648	1.92977
36.7711	92.3648	1.92909
36.766	92.3648	1.92796
36.761	92.3648	1.92638
36.7562	92.3648	1.92438
36.7515	92.3648	1.92196
36.7471	92.3648	1.91915
36.743	92.3648	1.91596
36.7391	92.3648	1.91243
36.7356	92.3648	1.90857
36.7324	92.3648	1.90441
36.7296	92.3648	1.9
36.7271	92.3648	1.89536
36.7251	92.3648	1.89052
36.7236	92.3648	1.88553
36.7224	92.3648	1.88042
36.7218	92.3648	1.87523
36.7215	92.3648	1.87
36.1215	92.3648	1.87
36.124	92.3648	1.92752
36.1316	92.3648	1.98461
36.144	92.3648	2.04082
36.1613	92.3648	2.09573
36.1834	92.3648	2.14893
36.2099	92.3648	2.2
36.2409	92.3648	2.24856
36.2759	92.3648	2.29424
36.3148	92.3648	2.33669
36.3573	92.3648	2.37559
36.403	92.3648	2.41064
36.4515	92.3648	2.44158
36.5026	92.3648	2.46816
36.5558	92.3648	2.4902
36.6107	92.3648	2.50751
36.6669	92.3648	2.51997
36.724	92.3648	2.52749

#	Triangle	42
3	4	7	0	4	3	10	15	14	11	15	10
0	5	4	1	5	0	11	12	15	8	12	11
1	6	5	2	6	1	8	13	12	9	13	8	16	55	54	17	55	16
2	7	6	3	7	2	9	14	13	10	14	9	35	74	73	36	74	35
3	1	0	2	1	3	11	9	8	10	9	11	53	17	16	52	17	53	51	17	52	50	17	51	49	17	50	48	17	49	47	17	48	46	17	47	45	17	46	44	17	45	43	17	44	42	17	43	41	17	42	40	17	41	39	17	40	38	17	39	37	17	38	37	18	17	37	19	18	37	20	19	37	21	20	36	21	37	36	22	21	36	23	22	36	24	23	36	25	24	36	26	25	36	27	26	36	28	27	36	29	28	36	30	29	36	31	30	36	32	31	36	33	32	36	34	33	36	35	34
4	6	7	5	6	4	12	14	15	13	14	12	55	91	54	55	90	91	55	89	90	55	88	89	55	87	88	55	86	87	55	85	86	55	84	85	55	83	84	55	82	83	55	81	82	55	80	81	55	79	80	55	78	79	55	77	78	55	76	77	55	75	76	56	75	55	57	75	56	58	75	57	59	75	58	59	74	75	60	74	59	61	74	60	62	74	61	63	74	62	64	74	63	65	74	64	66	74	65	67	74	66	68	74	67	69	74	68	70	74	69	71	74	70	72	74	71	73	74	72
53	54	91	16	54	53
17	56	55	18	56	17
18	57	56	19	57	18
19	58	57	20	58	19
20	59	58	21	59	20
21	60	59	22	60	21
22	61	60	23	61	22
23	62	61	24	62	23
24	63	62	25	63	24
25	64	63	26	64	25
26	65	64	27	65	26
27	66	65	28	66	27
28	67	66	29	67	28
29	68	67	30	68	29
30	69	68	31	69	30
31	70	69	32	70	31
32	71	70	33	71	32
33	72	71	34	72	33
34	73	72	35	73	34
36	75	74	37	75	36
37	76	75	38	76	37
38	77	76	39	77	38
39	78	77	40	78	39
40	79	78	41	79	40
41	80	79	42	80	41
42	81	80	43	81	42
43	82	81	44	82	43
44	83	82	45	83	44
45	84	83	46	84	45
46	85	84	47	85	46
47	86	85	48	86	47
48	87	86	49	87	48
49	88	87	50	88	49
50	89	88	51	89	50
51	90	89	52	90	51
52	91	90	53	91	52

#	Normal	42
-1	-0	-0
-0	-0	1
1	-0	-0
-0	0	-1
-0	-1	-0
-0	1	-0
-0.0436185	-0	0.999048
0.0436337	-0	-0.999048
0.130482	-0	-0.991451
0.216478	-0	-0.976287
0.300696	-0	-0.95372
0.382694	-0	-0.923875
0.46161	-0	-0.887083
0.537342	-0	-0.843365
0.6088	-0	-0.793324
0.675568	-0	-0.737297
0.737381	-0	-0.675477
0.79326	-0	-0.608883
0.843381	-0	-0.537316
0.886932	-0	-0.4619
0.924086	-0	-0.382184
0.953705	-0	-0.300745
0.9763	-0	-0.216422
0.991436	-0	-0.130596
0.99903	-0	-0.0440293
-0.999048	-0	0.0436232
-0.991444	-0	0.13053
-0.9763	-0	0.216421
-0.953705	-0	0.300745
-0.923896	-0	0.382644
-0.886986	-0	0.461796
-0.843414	-0	0.537264
-0.793354	-0	0.60876
-0.737281	-0	0.675586
-0.675569	-0	0.737296
-0.608759	-0	0.793355
-0.537312	-0	0.843383
-0.461733	-0	0.887019
-0.382703	-0	0.923871
-0.3007	-0	0.953719
-0.216433	-0	0.976297
-0.130533	-0	0.991444

#	Mesh	0	End

