#	Mesh	0	Begin

#	Vertex	24
21.9615	108.315	2.93
21.9615	108.415	2.93
21.5615	108.415	2.93
21.5615	108.315	2.93
21.9615	108.315	3.25
21.9615	108.415	3.25
21.5615	108.415	3.25
21.5615	108.315	3.25
22.1115	108.415	2.93
22.1365	108.415	2.93
22.1365	109.215	2.93
22.1115	109.215	2.93
22.1115	108.415	3.33
22.1365	108.415	3.33
22.1365	109.215	3.33
22.1115	109.215	3.33
21.4115	109.215	2.93
21.4115	108.415	2.93
21.4115	109.215	3.33
21.4115	108.415	3.33
21.3865	109.215	2.93
21.3865	108.415	2.93
21.3865	109.215	3.33
21.3865	108.415	3.33

#	Triangle	6
3	4	7	0	4	3	8	13	12	9	13	8	17	12	19	8	12	17	21	19	23	17	19	21
0	5	4	1	5	0	9	14	13	10	14	9	8	15	12	11	15	8	17	18	19	16	18	17
1	6	5	2	6	1	10	15	14	11	15	10	11	18	15	16	18	11	16	22	18	20	22	16
2	7	6	3	7	2	11	12	15	8	12	11	16	19	18	17	19	16	20	23	22	21	23	20
3	1	0	2	1	3	11	9	8	10	9	11	8	16	11	17	16	8	17	20	16	21	20	17
4	6	7	5	6	4	12	14	15	13	14	12	15	19	12	18	19	15	18	23	19	22	23	18

#	Normal	6
-0	-1	-0
1	-0	-0
-0	1	-0
-1	-0	0
-0	-0	-1
-0	-0	1

#	Mesh	0	End

