#	Mesh	0	Begin

#	Vertex	200
-5.5121	104.81	-6.44988
-5.55115	104.826	-6.44947
-5.59305	104.832	-6.44903
-5.63495	104.826	-6.44858
-5.67399	104.81	-6.44817
-5.70752	104.784	-6.44781
-5.73325	104.751	-6.44754
-5.74942	104.712	-6.44737
-5.75494	104.67	-6.44731
-5.74942	104.628	-6.44737
-5.73325	104.589	-6.44754
-5.70752	104.555	-6.44781
-5.67399	104.53	-6.44817
-5.63495	104.513	-6.44858
-5.59305	104.508	-6.44903
-5.55115	104.513	-6.44947
-5.5121	104.53	-6.44988
-5.47857	104.555	-6.45024
-5.45284	104.589	-6.45051
-5.43667	104.628	-6.45068
-5.43116	104.67	-6.45074
-5.43667	104.712	-6.45068
-5.45284	104.751	-6.45051
-5.47857	104.784	-6.45024
-5.29128	104.826	-6.71211
-5.29128	104.81	-6.67306
-5.29128	104.784	-6.63953
-5.29128	104.751	-6.6138
-5.29128	104.712	-6.59763
-5.29128	104.67	-6.59211
-5.29128	104.628	-6.59763
-5.29128	104.589	-6.6138
-5.29128	104.555	-6.63953
-5.29128	104.53	-6.67306
-5.29128	104.513	-6.71211
-5.29128	104.508	-6.75401
-5.29128	104.513	-6.79591
-5.29128	104.53	-6.83496
-5.29128	104.555	-6.86849
-5.29128	104.589	-6.89422
-5.29128	104.628	-6.91039
-5.29128	104.67	-6.91591
-5.29128	104.712	-6.91039
-5.29128	104.751	-6.89422
-5.29128	104.784	-6.86849
-5.29128	104.81	-6.83496
-5.29128	104.826	-6.79591
-5.29128	104.832	-6.75401
-5.74993	104.67	-6.52039
-5.34378	104.545	-6.85427
-5.36463	104.511	-6.77648
-5.73347	104.67	-6.59177
-5.74194	104.634	-6.54235
-5.70598	104.67	-6.65966
-5.71883	104.621	-6.61111
-5.58996	104.634	-6.80152
-5.64153	104.621	-6.7444
-5.62089	104.67	-6.77836
-5.61631	104.511	-6.52186
-5.5708	104.508	-6.54126
-5.68772	104.634	-6.6847
-5.66813	104.67	-6.72238
-5.45902	104.563	-6.51888
-5.49554	104.537	-6.49708
-5.72006	104.58	-6.53415
-5.68633	104.551	-6.5692
-5.69385	104.545	-6.5006
-5.65593	104.525	-6.53361
-5.59913	104.513	-6.6042
-5.63641	104.534	-6.63348
-5.54066	104.519	-6.71257
-5.53019	104.509	-6.66659
-5.57031	104.515	-6.6605
-5.33272	104.518	-6.69418
-5.36797	104.508	-6.73316
-5.53149	104.517	-6.51931
-5.38113	104.636	-6.56409
-5.36165	104.67	-6.57312
-5.39071	104.67	-6.55061
-5.44149	104.549	-6.57433
-5.41586	104.576	-6.56759
-5.39176	104.558	-6.6068
-5.43495	104.529	-6.62161
-5.35916	104.535	-6.65291
-5.43468	104.517	-6.65564
-5.42671	104.67	-6.48723
-5.42122	104.636	-6.51308
-5.41291	104.67	-6.52131
-5.44565	104.508	-6.7018
-5.48206	104.511	-6.64099
-5.40989	104.608	-6.54774
-5.35681	104.599	-6.59379
-5.5031	104.67	-6.8647
-5.4355	104.67	-6.89291
-5.45464	104.621	-6.87804
-5.59771	104.564	-6.74602
-5.57449	104.539	-6.73147
-5.62492	104.549	-6.69052
-5.67628	104.588	-6.66818
-5.44482	104.577	-6.85893
-5.37767	104.58	-6.88013
-5.48249	104.532	-6.55462
-5.56541	104.67	-6.82619
-5.52855	104.636	-6.84642
-5.58737	104.591	-6.78212
-5.63519	104.589	-6.72963
-5.51119	104.588	-6.83483
-5.37646	104.525	-6.816
-5.4122	104.551	-6.84606
-5.4905	104.518	-6.59372
-5.52856	104.511	-6.58643
-5.4365	104.606	-6.50049
-5.3643	104.67	-6.91012
-5.35566	104.604	-6.89719
-5.33485	104.639	-6.58835
-5.32772	104.67	-6.58728
-5.38617	104.634	-6.9019
-5.55857	104.508	-6.6064
-5.47964	104.559	-6.82733
-5.4761	104.534	-6.79551
-5.5395	104.559	-6.79085
-5.73061	104.607	-6.55411
-5.38874	104.515	-6.68611
-5.33752	104.565	-6.62417
-5.70629	104.589	-6.60441
-5.66416	104.555	-6.63632
-5.60129	104.531	-6.68206
-5.44699	104.513	-6.75828
-5.49362	104.511	-6.71681
-5.52935	104.539	-6.77093
-5.46459	104.773	-6.48976
-5.64494	104.695	-6.749
-5.58951	104.708	-6.80119
-5.6147	104.828	-6.53726
-5.64639	104.812	-6.58691
-5.6576	104.816	-6.51123
-5.42972	104.812	-6.80589
-5.4554	104.791	-6.82752
-5.49526	104.803	-6.78872
-5.51369	104.831	-6.66758
-5.55907	104.832	-6.58748
-5.50357	104.827	-6.60971
-5.57422	104.831	-6.51335
-5.52933	104.824	-6.53276
-5.33485	104.701	-6.58835
-5.42122	104.704	-6.51308
-5.49292	104.816	-6.56858
-5.49322	104.804	-6.51493
-5.4365	104.734	-6.50049
-5.38113	104.704	-6.56409
-5.43277	104.756	-6.53617
-5.35355	104.737	-6.89714
-5.38517	104.708	-6.90156
-5.59398	104.825	-6.62623
-5.53331	104.737	-6.83054
-5.57996	104.751	-6.78695
-5.50336	104.767	-6.82788
-5.73069	104.734	-6.55029
-5.72077	104.76	-6.52779
-5.35681	104.74	-6.59379
-5.7172	104.726	-6.60808
-5.69868	104.767	-6.5925
-5.72165	104.695	-6.61937
-5.74158	104.708	-6.54135
-5.40989	104.732	-6.54774
-5.66044	104.792	-6.62567
-5.69086	104.791	-6.54106
-5.68745	104.708	-6.68409
-5.63985	104.726	-6.7424
-5.68907	104.739	-6.65866
-5.46848	104.825	-6.75307
-5.42937	104.832	-6.71856
-5.37974	104.828	-6.77473
-5.42327	104.782	-6.58164
-5.45182	104.78	-6.54004
-5.35613	104.804	-6.65349
-5.40457	104.802	-6.62759
-5.38236	104.78	-6.61116
-5.61081	104.804	-6.67913
-5.37433	104.824	-6.6894
-5.33163	104.773	-6.62501
-5.38434	104.791	-6.85084
-5.35417	104.816	-6.8179
-5.5492	104.774	-6.79053
-5.3554	104.831	-6.7345
-5.52849	104.704	-6.8464
-5.37139	104.76	-6.88089
-5.43587	104.767	-6.85812
-5.46297	104.695	-6.8808
-5.39996	104.758	-6.57732
-5.45177	104.813	-6.61102
-5.44642	104.826	-6.66183
-5.45164	104.726	-6.87647
-5.62802	104.761	-6.72829
-5.63301	104.784	-6.69107
-5.54569	104.822	-6.70396
-5.46237	104.801	-6.56789
-5.42159	104.817	-6.64645
-5.55558	104.794	-6.75948
-5.66916	104.767	-6.66031

#	Triangle	364
3	1	2	14	15	13
4	1	3	13	15	16
4	0	1	13	16	12
5	0	4	12	16	17
5	23	0	12	17	11
6	23	5	11	17	18
6	22	23	11	18	10
7	22	6	10	18	19
7	21	22	10	19	9
8	21	7	9	19	20
8	20	21	9	20	8
24	46	47	25	46	24	25	45	46	26	45	25	26	44	45	27	44	26	27	43	44	28	43	27	28	42	43	29	42	28	29	41	42	30	41	29	30	40	41	31	40	30	31	39	40	32	39	31	32	38	39	33	38	32	33	37	38	34	37	33	34	36	37	35	36	34
9	8	48
37	49	38
35	50	36
52	48	51
54	51	53
57	55	56
54	52	51
59	14	58
61	56	60
63	62	17
61	57	56
53	61	60
10	64	11
66	64	65
66	67	12
69	68	67
72	70	71
74	34	73
15	14	59
16	15	75
17	16	63
78	76	77
80	62	79
83	81	82
58	14	13
84	83	82
87	85	86
86	76	87
71	88	89
86	20	19
86	90	76
90	91	76
94	92	93
13	12	67
15	59	75
97	95	96
54	60	98
62	18	17
100	99	94
101	79	62
55	102	103
105	104	95
106	55	103
108	49	107
110	109	75
19	111	86
40	112	41
85	20	86
100	38	49
39	100	113
115	77	114
80	91	90
91	31	30
93	116	94
89	117	71
38	100	39
83	33	32
78	87	76
86	111	90
77	76	114
29	115	114
120	118	119
119	108	107
30	114	91
10	52	121
73	83	122
123	91	81
32	31	123
104	56	55
102	55	57
64	124	65
34	33	73
74	35	34
74	122	88
116	93	112
11	66	12
111	62	80
36	107	37
9	52	10
54	98	124
65	69	67
68	58	67
97	69	125
97	126	69
108	99	100
113	94	116
36	50	107
127	119	107
127	70	119
120	96	95
56	98	60
60	54	53
103	102	92
106	104	55
106	120	104
95	104	120
54	121	52
52	9	48
116	112	40
113	40	39
32	123	83
81	79	82
88	122	84
127	50	74
59	110	75
101	63	75
103	92	94
94	106	103
101	109	82
84	82	109
35	74	50
127	107	50
13	67	58
68	59	58
111	19	18
18	62	111
110	117	89
88	127	74
72	126	70
128	88	71
118	106	99
120	129	96
117	110	59
89	109	110
117	59	68
68	72	117
84	109	89
101	75	109
31	91	123
81	83	123
97	96	126
56	104	105
65	125	69
98	105	97
95	97	105
105	98	56
65	124	125
125	98	97
70	126	96
126	68	69
129	70	96
70	128	71
16	75	63
101	62	63
101	82	79
81	80	79
81	91	80
111	80	90
128	70	127
127	88	128
76	91	114
30	29	114
11	64	66
65	67	66
37	107	49
108	100	49
33	83	73
122	74	73
125	124	98
64	121	124
108	118	99
106	94	99
108	119	118
120	106	118
54	124	121
64	10	121
100	94	113
116	40	113
89	88	84
122	83	84
129	120	119
119	70	129
71	117	72
68	126	72
23	22	130
57	131	132
135	133	134
138	136	137
141	139	140
1	142	2
140	142	143
115	144	77
20	85	145
147	146	143
85	87	145
148	21	145
87	78	149
130	148	150
152	151	42
134	133	153
156	154	155
0	147	143
158	157	6
28	27	159
48	8	7
161	160	157
163	160	162
149	159	164
6	5	158
134	165	166
131	167	168
166	5	4
159	149	144
169	168	167
53	51	162
172	170	171
102	57	132
135	4	3
150	173	174
0	143	1
149	145	87
177	175	176
149	164	145
178	134	153
144	29	28
21	20	145
141	140	143
144	149	77
166	158	5
25	179	175
26	180	27
45	44	181
182	172	46
159	27	180
183	156	155
47	184	24
179	24	184
26	25	175
164	148	145
47	46	172
61	131	57
133	3	2
167	61	53
185	92	102
132	185	102
45	182	46
186	181	44
182	181	136
93	152	112
186	187	181
41	112	42
188	152	93
147	0	23
25	24	179
150	189	173
92	188	93
163	51	48
166	4	135
141	143	146
78	77	149
141	190	191
150	164	189
2	142	133
153	140	139
186	44	43
137	181	187
136	170	172
171	184	172
163	48	7
7	6	163
53	162	167
160	169	167
168	155	132
185	154	192
151	192	186
152	42	112
169	193	168
178	194	165
168	193	155
138	195	170
23	130	147
190	146	196
197	191	190
177	180	175
166	161	158
160	163	157
43	151	186
187	192	154
154	132	155
192	188	185
164	150	148
148	22	21
133	140	153
195	178	153
178	195	198
194	198	193
138	170	136
139	170	195
1	143	142
140	133	142
47	172	184
171	179	184
176	197	190
153	139	195
141	191	139
171	170	139
191	179	171
171	139	191
189	164	159
130	150	174
189	159	177
173	189	177
177	176	173
190	196	173
3	133	135
134	166	135
45	181	182
136	172	182
199	194	193
198	183	193
199	165	194
178	198	194
161	165	199
134	178	165
51	163	162
160	167	162
61	167	131
168	132	131
92	185	188
192	152	188
166	165	161
169	161	199
186	192	187
156	137	187
137	183	138
136	181	137
156	183	137
195	138	198
174	196	147
190	141	146
146	147	196
174	173	196
115	29	144
28	159	144
26	175	180
177	159	180
148	130	22
174	147	130
160	161	169
193	169	199
155	193	183
198	138	183
197	175	179
190	173	176
176	175	197
197	179	191
163	6	157
158	161	157
43	42	151
152	192	151
187	154	156
185	132	154

#	Normal	364
0.0106039	4.69366e-007	0.999944
0.0106039	-2.95723e-005	0.999944
0.010598	1.53078e-005	0.999944
0.010598	4.27857e-006	0.999944
0.010599	-3.19711e-006	0.999944
0.010599	7.39023e-006	0.999944
0.0106008	-6.0341e-006	0.999944
0.0106008	-1.72823e-006	0.999944
0.0106003	1.6752e-006	0.999944
0.0106003	-8.83724e-006	0.999944
0.010598	8.53613e-006	0.999944
1	-0	0
-0.989173	-0.130135	-0.0678307
-0.0157312	-0.79319	-0.608771
0.000375546	-0.991448	-0.130503
-0.971428	-0.0784658	-0.223989
-0.919278	-0.127924	-0.37224
-0.711748	-0.172334	-0.680967
-0.943239	-0.1693	-0.285722
-0.067164	-0.997569	-0.018563
-0.796459	-0.172215	-0.57965
0.605806	-0.790594	0.0892157
-0.758254	-0.124276	-0.640005
-0.853867	-0.074087	-0.515191
-0.792227	-0.607372	-0.0589528
-0.721765	-0.678624	-0.136107
-0.519443	-0.852312	-0.0611874
-0.379658	-0.911463	-0.158414
-0.163028	-0.971539	-0.171856
-0.00173675	-0.969647	0.244504
0.130758	-0.990985	0.0291831
0.382433	-0.92166	0.0654893
0.607074	-0.789712	0.088412
0.606261	-0.139676	0.782904
0.624848	-0.691706	0.362089
0.306309	-0.745993	0.591329
-0.130491	-0.991448	0.0019118
0.212179	-0.920476	0.328182
0.91847	-0.134503	0.371916
0.78555	-0.0424512	0.617341
0.0151858	-0.99791	0.0628094
0.966474	-0.126931	0.223196
0.718726	-0.405468	0.564826
0.624403	-0.19879	0.755383
-0.381944	-0.128356	-0.915229
-0.382765	-0.923414	-0.0282356
0.20431	-0.978823	0.0127302
-0.508147	-0.736783	-0.446025
-0.835695	-0.359401	-0.415266
0.783784	-0.600072	0.159987
-0.254819	-0.43775	-0.862231
0.503374	-0.791185	0.347334
-0.579587	-0.152643	-0.800486
-0.607083	-0.543874	-0.579354
-0.537927	-0.375049	-0.754966
-0.135701	-0.81786	-0.559187
0.219693	-0.970709	0.0972598
0.904912	-0.388125	0.174621
-0.0783123	-0.130138	-0.988398
0.990335	0.0685074	0.120597
-0.0834113	-0.647533	-0.757458
-0.0837156	-0.530012	-0.843848
0.382411	-0.118638	0.916344
0.50989	-0.524487	0.681855
0.215403	-0.373702	0.902191
-0.295794	-0.169526	-0.940089
0.0459445	-0.998931	0.00506795
-0.0673169	-0.607374	-0.791559
0.114675	-0.788055	0.60483
0.797011	-0.0146304	0.603788
0.850417	-0.236171	0.470121
0.46547	-0.0318513	0.88449
0.131133	-0.0638516	0.989306
-0.340604	-0.758	-0.556261
-0.184042	-0.835698	-0.517433
0.151666	-0.21888	0.963892
-0.929779	-0.358428	-0.0839093
0.106336	-0.892114	0.439118
0.320851	-0.52333	0.789417
0.129855	-0.603601	0.786641
-0.656734	-0.346162	-0.66998
-0.651314	-0.073202	-0.755269
-0.757925	-0.612045	-0.225721
0.0629497	-0.922065	0.381883
0.0310171	-0.990971	0.13044
0.0743631	-0.980843	0.180048
-0.234266	-0.0786046	-0.968989
-0.608899	-0.793192	-0.00941049
0.692807	-0.555271	0.460101
-0.0321991	-0.923418	-0.382443
-0.919833	-0.380568	-0.0952668
-0.829457	-0.405869	-0.383759
-0.519298	-0.835699	-0.178709
-0.304952	-0.947872	-0.092426
-0.55011	-0.771477	-0.319692
-0.497339	-0.806913	-0.318662
-0.210988	-0.62974	-0.747604
-0.238632	-0.385016	-0.891525
-0.0506817	-0.94697	-0.317298
-0.162398	-0.911479	-0.377932
-0.218803	-0.915976	-0.336323
-0.458014	-0.72771	-0.510551
-0.76925	-0.3787	-0.514627
-0.896913	-0.169656	-0.408367
-0.524588	-0.0639079	-0.848954
-0.538517	-0.377113	-0.753515
-0.49195	-0.550085	-0.674827
-0.51762	-0.608265	-0.601734
-0.924678	-0.278879	-0.259225
-0.982615	-0.16388	-0.0872389
-0.0976543	-0.163892	-0.981633
-0.04586	-0.382282	-0.922907
0.0752013	-0.715007	0.695061
0.414128	-0.812758	0.409784
0.078451	-0.982968	0.166192
-0.0442684	-0.997036	-0.0629318
0.158815	-0.982661	0.0956819
0.404482	-0.898357	0.171318
-0.416744	-0.168738	-0.893226
-0.428241	-0.353966	-0.831455
0.300895	-0.918736	0.255706
0.32688	-0.889869	0.318248
-0.0211095	-0.997902	-0.0612
-0.0960502	-0.947812	-0.304017
-0.317989	-0.946912	-0.0473403
-0.0790669	-0.995773	-0.0467359
0.910776	-0.376502	0.169507
0.861285	-0.495456	0.112743
0.0596783	-0.997583	0.0355785
-0.0351443	-0.995206	-0.0912689
-0.317348	-0.913378	-0.255011
-0.0384569	-0.997078	-0.0660052
-0.355697	-0.581124	-0.731966
-0.440615	-0.742134	-0.50507
0.0733556	-0.997193	0.01497
0.233025	-0.95491	0.183974
-0.130335	-0.991197	-0.0232843
-0.133502	-0.98673	-0.0924229
0.164637	-0.970861	0.174137
0.429349	-0.877168	0.215026
0.138087	-0.615197	0.776186
0.285733	-0.759959	0.583797
-0.467674	-0.797384	-0.38139
-0.662367	-0.415315	-0.623525
-0.571114	-0.787429	-0.231915
-0.653094	-0.613653	-0.443732
-0.616414	-0.631118	-0.470876
-0.764758	-0.386134	-0.515796
-0.721013	-0.636809	-0.273156
-0.654583	-0.635716	-0.409129
-0.347303	-0.87813	-0.32904
-0.346254	-0.915708	-0.203928
-0.321416	-0.872129	-0.368893
-0.179476	-0.969373	-0.167645
0.479698	-0.876922	0.0299668
0.641405	-0.73766	0.21085
0.514743	-0.758278	0.400067
0.500755	-0.630817	0.592717
0.509647	-0.62217	0.594277
0.796462	-0.422282	0.432813
-0.18423	-0.947426	-0.261616
-0.0304064	-0.99535	-0.0913944
0.448813	-0.36497	0.815698
0.176333	-0.128494	0.975908
-0.758366	-0.647458	-0.0753606
-0.560583	-0.817812	-0.130115
-0.066643	-0.852261	-0.518855
-0.143347	-0.678555	-0.720427
0.0463099	-0.911481	0.408728
0.0732218	-0.981016	0.17957
-0.732352	-0.59278	-0.335069
-0.837641	-0.496889	-0.226845
-0.268453	-0.672738	-0.689461
-0.365744	-0.443482	-0.818263
-0.249777	-0.775393	-0.57998
-0.408342	-0.622193	-0.667932
-0.872865	-0.400807	-0.278317
-0.901093	-0.42327	-0.0942068
-0.240656	-0.410073	-0.87973
-0.101311	-0.255487	-0.96149
0.156728	-0.976731	0.146399
0.208491	-0.909863	0.358721
-0.338749	-0.751469	-0.566165
-0.260444	-0.893942	-0.364743
-0.15214	-0.984425	-0.0880946
-0.353342	-0.913172	-0.20314
0.788829	0.604334	0.111938
-0.696364	0.151464	-0.701524
-0.330903	0.93786	-0.104506
-0.240994	0.822224	-0.515625
0.100322	0.993455	0.0546163
0.13077	0.990926	0.0310507
0.18523	0.981711	0.0439661
0.382413	0.118608	0.916347
0.990335	-0.0685074	0.120597
0.383957	0.900203	0.205456
0.91847	0.134503	0.371916
0.904913	0.388147	0.17457
0.797011	0.0146304	0.603788
0.802052	0.467689	0.371456
-0.0997855	0.261316	-0.960082
-0.318062	0.941212	-0.113829
-0.481654	0.543606	-0.687388
0.454045	0.889473	0.0517775
-0.900657	0.425124	-0.089921
0.21536	0.373705	0.9022
-0.989176	0.130111	-0.0678309
-0.839199	0.475631	-0.263667
-0.93169	0.234324	-0.277571
0.624426	0.198765	0.755371
-0.792521	0.607657	-0.0516104
-0.573306	0.796036	-0.194027
-0.786231	0.249241	-0.565437
-0.608239	0.791968	-0.0532221
0.448759	0.365014	0.815708
-0.769618	0.383102	-0.510804
-0.92664	0.0234183	-0.375221
-0.0716217	0.989983	-0.121676
-0.650822	0.0828289	-0.754699
-0.382731	0.923809	-0.00965011
0.652018	0.590513	0.47557
0.382322	0.921228	0.0719018
0.78555	0.0424512	0.617341
0.295367	0.739426	0.604985
0.718759	0.405374	0.564852
-0.386963	0.895271	-0.220793
0.176339	0.12847	0.97591
0.96648	0.126908	0.223184
0.112179	0.990055	0.0848979
0.465466	0.0318482	0.884493
-0.730438	0.677911	-0.083049
0.0565871	0.889474	0.45347
0.121567	0.60424	0.787474
-0.0596666	0.791964	-0.607645
-0.0478148	0.95322	-0.29847
0.135631	0.621408	0.771658
-0.484434	0.524617	-0.700072
0.0324351	0.990926	0.130435
0.0170344	0.98475	0.173138
0.111415	0.788438	0.60494
0.850405	0.236151	0.470154
-0.00664526	0.991426	-0.1305
-0.763999	0.0216316	-0.644854
-0.130564	0.991426	-0.00526154
-0.85321	0.0837805	-0.514794
-0.524556	0.0648453	-0.848903
-0.580887	0.15537	-0.799018
-0.0137052	0.92381	-0.382606
-0.0907849	0.677914	-0.729514
-0.133232	0.840899	-0.524536
-0.234072	0.0884637	-0.968186
-0.187938	0.646514	-0.73939
-0.0783126	0.130115	-0.988401
-0.278617	0.151114	-0.948439
0.606088	0.788437	0.104997
0.0759502	0.921228	0.381536
0.581613	0.646872	0.493237
-0.385024	0.0234208	-0.922609
-0.970612	0.0884612	-0.223801
-0.565705	0.821871	-0.0671245
0.343643	0.925492	0.159295
0.606261	0.139676	0.782904
0.266472	0.923334	0.276492
0.707952	0.399097	0.582688
-0.0562831	0.998132	-0.0237453
-0.121573	0.990032	-0.071108
-0.0600047	0.607658	-0.791929
-0.223464	0.704506	-0.673599
-0.117193	0.941211	-0.316839
-0.00798172	0.997794	-0.0659014
-0.98237	0.164994	-0.0878971
-0.920235	0.380755	-0.0905168
-0.886535	0.148389	-0.438221
-0.865187	0.292324	-0.407428
-0.64725	0.369566	-0.666699
-0.426582	0.340278	-0.837997
-0.22966	0.428288	-0.873971
-0.0983034	0.164994	-0.981383
-0.737171	0.452027	-0.502245
-0.543391	0.772714	-0.328085
-0.643164	0.463517	-0.609501
-0.256245	0.901547	-0.348643
0.708179	0.703818	0.0558881
0.421137	0.841472	0.338479
0.196116	0.941526	0.273984
0.260268	0.760303	0.595147
-0.741344	0.646511	-0.180093
-0.920097	0.295688	-0.256885
-0.0791643	0.524192	-0.847913
-0.376609	0.492406	-0.784667
-0.571823	0.373914	-0.73021
-0.418222	0.273348	-0.86624
0.748871	0.526703	0.402215
0.910785	0.376506	0.16945
-0.122428	0.989982	-0.0703285
-0.335373	0.910221	-0.242944
-0.365701	0.858986	-0.358338
-0.528079	0.69399	-0.489397
-0.215168	0.90017	-0.378677
-0.132178	0.979982	-0.148877
0.173308	0.98475	0.0151977
-0.065982	0.997794	-0.00728293
-0.0243405	0.998132	-0.0560283
0.0459264	0.981711	0.184754
0.323424	0.869116	0.374212
-0.151791	0.979623	-0.131523
0.0701632	0.995726	0.0600548
-0.0740475	0.990134	-0.118957
0.0830802	0.989671	0.116832
0.0654397	0.991584	0.111707
0.482895	0.5757	0.659835
0.735511	0.622826	0.266666
0.483651	0.591894	0.644781
0.490578	0.586295	0.644664
0.39719	0.766694	0.504401
0.504519	0.791476	0.345003
-0.298963	0.95322	-0.0446489
-0.525916	0.840901	-0.127662
-0.0731172	0.821868	-0.564967
-0.108009	0.937861	-0.329774
-0.6616	0.599558	-0.450352
-0.530799	0.659176	-0.532672
-0.623625	0.697962	-0.352051
-0.482677	0.764659	-0.426989
-0.688377	0.657523	-0.306269
-0.477941	0.841588	-0.2516
-0.95134	0.151107	-0.26855
-0.872526	0.272369	-0.405603
-0.812428	0.152058	-0.562885
-0.694081	0.256883	-0.672505
-0.445019	0.142911	-0.884044
-0.28743	0.234333	-0.928694
-0.657696	0.718728	-0.225533
-0.773941	0.532776	-0.342292
-0.246056	0.470429	-0.847439
-0.316308	0.649521	-0.691427
-0.360808	0.711736	-0.602702
-0.187393	0.805183	-0.562641
-0.356511	0.729141	-0.584169
-0.311063	0.873237	-0.375097
0.614967	0.724621	0.311031
0.270239	0.945133	0.183562
0.441262	0.874799	0.200036
0.508378	0.77002	0.385514
0.131133	0.0638357	0.989307
0.151656	0.218917	0.963886
0.0646341	0.706156	0.7051
0.28604	0.53158	0.797248
0.823292	0.562313	0.0774213
0.599043	0.760794	0.249682
-0.809878	0.4866	-0.327595
-0.726675	0.490811	-0.480674
-0.545303	0.625348	-0.558197
-0.378344	0.741451	-0.554171
0.214252	0.900122	0.379311
0.350007	0.793823	0.497333
0.215471	0.859224	0.464011
0.160577	0.93187	0.325322
-0.929495	0.359988	-0.080298
-0.827609	0.514479	-0.224445
-0.0434681	0.382323	-0.923006
-0.229409	0.39503	-0.889563
-0.370195	0.44349	-0.816255
-0.555575	0.292752	-0.778224

#	Mesh	0	End

