#	Mesh	0	Begin

#	Vertex	72
21.7692	103.727	-4.72623
21.7767	103.727	-4.72823
21.7838	103.727	-4.73151
21.7901	103.727	-4.73595
21.7956	103.727	-4.74143
21.8	103.727	-4.74777
21.8033	103.727	-4.7548
21.8053	103.727	-4.76228
21.806	103.727	-4.77
21.8053	103.727	-4.77772
21.8033	103.727	-4.7852
21.8	103.727	-4.79223
21.7956	103.727	-4.79857
21.7901	103.727	-4.80405
21.7838	103.727	-4.80849
21.7767	103.727	-4.81177
21.7692	103.727	-4.81377
21.7615	103.727	-4.81445
21.7538	103.727	-4.81377
21.7463	103.727	-4.81177
21.7393	103.727	-4.80849
21.733	103.727	-4.80405
21.7275	103.727	-4.79857
21.723	103.727	-4.79223
21.7198	103.727	-4.7852
21.7177	103.727	-4.77772
21.7171	103.727	-4.77
21.7177	103.727	-4.76228
21.7198	103.727	-4.7548
21.723	103.727	-4.74777
21.7275	103.727	-4.74143
21.733	103.727	-4.73595
21.7393	103.727	-4.73151
21.7463	103.727	-4.72823
21.7538	103.727	-4.72623
21.7615	103.727	-4.72555
21.7692	104.822	-4.72623
21.7767	104.822	-4.72823
21.7838	104.822	-4.73151
21.7901	104.822	-4.73595
21.7956	104.822	-4.74143
21.8	104.822	-4.74777
21.8033	104.822	-4.7548
21.8053	104.822	-4.76228
21.806	104.822	-4.77
21.8053	104.822	-4.77772
21.8033	104.822	-4.7852
21.8	104.822	-4.79223
21.7956	104.822	-4.79857
21.7901	104.822	-4.80405
21.7838	104.822	-4.80849
21.7767	104.822	-4.81177
21.7692	104.822	-4.81377
21.7615	104.822	-4.81445
21.7538	104.822	-4.81377
21.7463	104.822	-4.81177
21.7393	104.822	-4.80849
21.733	104.822	-4.80405
21.7275	104.822	-4.79857
21.723	104.822	-4.79223
21.7198	104.822	-4.7852
21.7177	104.822	-4.77772
21.7171	104.822	-4.77
21.7177	104.822	-4.76228
21.7198	104.822	-4.7548
21.723	104.822	-4.74777
21.7275	104.822	-4.74143
21.733	104.822	-4.73595
21.7393	104.822	-4.73151
21.7463	104.822	-4.72823
21.7538	104.822	-4.72623
21.7615	104.822	-4.72555

#	Triangle	46
35	36	71	0	36	35
0	37	36	1	37	0
1	38	37	2	38	1
2	39	38	3	39	2
3	40	39	4	40	3
4	41	40	5	41	4
5	42	41	6	42	5
6	43	42	7	43	6
7	44	43	8	44	7
8	45	44	9	45	8
9	46	45	10	46	9
10	47	46	11	47	10
11	48	47	12	48	11
12	49	48	13	49	12
13	50	49	14	50	13
14	51	50	15	51	14
15	52	51	16	52	15
16	53	52	17	53	16
17	54	53	18	54	17
18	55	54	19	55	18
19	56	55	20	56	19
20	57	56	21	57	20
21	58	57	22	58	21
22	59	58	23	59	22
23	60	59	24	60	23
24	61	60	25	61	24
25	62	61	26	62	25
26	63	62	27	63	26
27	64	63	28	64	27
28	65	64	29	65	28
29	66	65	30	66	29
30	67	66	31	67	30
31	68	67	32	68	31
32	69	68	33	69	32
33	70	69	34	70	33
34	71	70	35	71	34
7	9	8	26	25	27
6	9	7	27	25	24
6	10	9	27	24	28
5	10	6	28	24	23
5	11	10	4	11	5	4	12	11	3	12	4	3	13	12	2	13	3	2	14	13	1	14	2	1	15	14	0	15	1	0	16	15	35	16	0	35	17	16	34	17	35	34	18	17	33	18	34	33	19	18	32	19	33	32	20	19	31	20	32	31	21	20	30	21	31	30	22	21	29	22	30	29	23	22	28	23	29
45	43	44	62	63	61
46	43	45	61	63	64
46	42	43	61	64	60
47	42	46	60	64	65
47	41	42	48	41	47	48	40	41	49	40	48	49	39	40	50	39	49	50	38	39	51	38	50	51	37	38	52	37	51	52	36	37	53	36	52	53	71	36	54	71	53	54	70	71	55	70	54	55	69	70	56	69	55	56	68	69	57	68	56	57	67	68	58	67	57	58	66	67	59	66	58	59	65	66	60	65	59

#	Normal	46
0.0871544	-0	0.996195
0.258812	-0	0.965928
0.422599	-0	0.906317
0.573623	-0	0.819119
0.707138	-0	0.707075
0.819072	-0	0.573691
0.906367	-0	0.422492
0.965908	-0	0.258886
0.996189	-0	0.087217
0.996189	-0	-0.087217
0.965908	-0	-0.258886
0.906367	-0	-0.422492
0.819072	-0	-0.573691
0.707138	-0	-0.707075
0.573623	-0	-0.819119
0.422599	-0	-0.906317
0.258812	-0	-0.965928
0.0871544	-0	-0.996195
-0.0871544	0	-0.996195
-0.258875	0	-0.965911
-0.422599	0	-0.906317
-0.573623	0	-0.819119
-0.707012	0	-0.707201
-0.81919	0	-0.573522
-0.906367	0	-0.422492
-0.965908	0	-0.258886
-0.996189	0	-0.087217
-0.996189	-0	0.087217
-0.965908	-0	0.258886
-0.906367	-0	0.422492
-0.81919	-0	0.573522
-0.707012	-0	0.707201
-0.573623	-0	0.819119
-0.422599	-0	0.906317
-0.258875	-0	0.965911
-0.0871544	-0	0.996195
-0	-1.04324e-005	-0
-0	-3.09655e-005	-0
-0	-6.09887e-005	-0
-0	-9.95298e-005	-0
-0	-1	-0
-0	1.04324e-005	-0
-0	3.09655e-005	-0
-0	6.09887e-005	-0
-0	9.95298e-005	-0
-0	1	-0

#	Mesh	0	End

