#	Mesh	0	Begin

#	Vertex	24
22.8054	99.0588	-3.745
22.8054	99.0588	-4.295
22.8054	99.7388	-4.295
22.8054	99.7388	-3.745
22.8024	99.0588	-3.745
22.8024	99.7388	-3.745
22.8024	99.7388	-4.295
22.8024	99.0588	-4.295
22.8024	99.0838	-3.77
22.8024	99.0838	-4.27
22.8024	99.7138	-4.27
22.8024	99.7138	-3.77
22.5972	98.9988	-3.87
22.5972	99.7988	-3.87
22.5972	99.7988	-4.27
22.5972	98.9988	-4.27
22.5972	98.9688	-3.84
22.5972	98.9688	-4.3
22.5972	99.8288	-4.3
22.5972	99.8288	-3.84
22.5942	98.9688	-3.84
22.5942	99.8288	-3.84
22.5942	99.8288	-4.3
22.5942	98.9688	-4.3

#	Triangle	9
3	1	2	0	1	3	11	9	10	8	9	11	19	17	18	16	17	19
7	5	6	4	5	7	15	13	14	12	13	15	23	21	22	20	21	23
7	0	4	1	0	7	23	16	20	17	16	23
6	1	7	2	1	6	9	14	10	15	14	9	22	17	23	18	17	22
5	2	6	3	2	5	21	18	22	19	18	21
4	3	5	0	3	4	20	19	21	16	19	20
8	15	9	12	15	8
10	13	11	14	13	10
11	12	8	13	12	11

#	Normal	9
1	0	0
-1	-0	-0
-0	-1	-0
0	-0	-1
-0	1	-0
-0	-0	1
0.382682	-0.92388	-0
0.382682	0.92388	-0
-0.438063	-0	0.898944

#	Mesh	0	End

