#	Mesh	0	Begin

#	Vertex	72
96.8375	-128.295	-3.376
96.8516	-128.291	-3.376
96.8649	-128.285	-3.376
96.8769	-128.276	-3.376
96.8873	-128.266	-3.376
96.8957	-128.254	-3.376
96.9019	-128.241	-3.376
96.9057	-128.226	-3.376
96.907	-128.212	-3.376
96.9057	-128.197	-3.376
96.9019	-128.183	-3.376
96.8957	-128.17	-3.376
96.8873	-128.158	-3.376
96.8769	-128.147	-3.376
96.8649	-128.139	-3.376
96.8516	-128.133	-3.376
96.8375	-128.129	-3.376
96.8229	-128.128	-3.376
96.8082	-128.129	-3.376
96.7941	-128.133	-3.376
96.7808	-128.139	-3.376
96.7688	-128.147	-3.376
96.7584	-128.158	-3.376
96.75	-128.17	-3.376
96.7438	-128.183	-3.376
96.74	-128.197	-3.376
96.7387	-128.212	-3.376
96.74	-128.226	-3.376
96.7438	-128.241	-3.376
96.75	-128.254	-3.376
96.7584	-128.266	-3.376
96.7688	-128.276	-3.376
96.7808	-128.285	-3.376
96.7941	-128.291	-3.376
96.8082	-128.295	-3.376
96.8229	-128.296	-3.376
96.8374	-128.295	0.469989
96.8516	-128.291	0.469989
96.8649	-128.285	0.469989
96.8769	-128.276	0.469989
96.8873	-128.266	0.469989
96.8957	-128.254	0.469989
96.9019	-128.24	0.469989
96.9057	-128.226	0.469989
96.907	-128.212	0.469988
96.9057	-128.197	0.469988
96.9019	-128.183	0.469988
96.8957	-128.17	0.469988
96.8873	-128.158	0.469988
96.8769	-128.147	0.469987
96.8649	-128.139	0.469987
96.8516	-128.133	0.469987
96.8374	-128.129	0.469987
96.8228	-128.128	0.469987
96.8082	-128.129	0.469987
96.794	-128.133	0.469987
96.7807	-128.139	0.469986
96.7687	-128.147	0.469986
96.7584	-128.158	0.469986
96.7499	-128.17	0.469986
96.7438	-128.183	0.469987
96.74	-128.197	0.469987
96.7387	-128.212	0.469987
96.74	-128.226	0.469987
96.7438	-128.24	0.469987
96.7499	-128.254	0.469987
96.7584	-128.266	0.469988
96.7687	-128.276	0.469988
96.7807	-128.285	0.469988
96.794	-128.291	0.469988
96.8082	-128.295	0.469988
96.8228	-128.296	0.469988

#	Triangle	87
35	36	71
0	36	35
0	37	36	1	37	0
1	38	37
2	38	1
2	39	38
3	39	2
3	40	39
4	40	3
4	41	40
5	41	4
5	42	41
6	42	5
6	43	42	7	43	6
7	44	43
8	44	7
8	45	44
9	45	8
9	46	45
10	46	9
10	47	46
11	47	10
11	48	47
12	48	11
12	49	48	13	49	12
13	50	49
14	50	13
14	51	50
15	51	14
15	52	51	16	52	15
16	53	52	17	53	16
17	54	53	18	54	17
18	55	54
19	55	18
19	56	55
20	56	19
20	57	56	21	57	20
21	58	57	22	58	21
22	59	58	23	59	22
23	60	59
24	60	23
24	61	60
25	61	24
25	62	61	26	62	25
26	63	62	27	63	26
27	64	63	28	64	27
28	65	64	29	65	28
29	66	65
30	66	29
30	67	66
31	67	30
31	68	67	32	68	31
32	69	68
33	69	32
33	70	69
34	70	33
34	71	70
35	71	34
7	9	8	26	25	27
6	9	7	27	25	24
6	10	9	27	24	28
5	10	6	28	24	23
5	11	10	28	23	29
4	11	5	29	23	22
4	12	11	1	15	14	32	19	33	29	22	30
3	12	4	30	22	21
3	13	12	30	21	31
2	13	3	31	21	20
2	14	13	31	20	32
1	14	2	32	20	19
0	15	1	33	19	18
0	16	15	33	18	34
35	16	0	34	18	17
35	17	16	34	17	35
45	43	44	62	63	61
46	43	45
46	42	43
47	42	46	58	66	67	61	64	60
47	41	42	49	39	40	55	69	70	59	66	58
48	41	47	50	39	49	50	38	39	51	37	38	52	37	51	53	36	52	56	69	55	59	65	66
48	40	41	56	68	69
49	40	48	54	70	71	57	68	56	57	67	68	58	67	57
51	38	50	52	36	37	54	71	53
53	71	36
55	70	54	61	63	64
60	65	59
60	64	65

#	Normal	87
0.0868365	-0.996223	1.3024e-005
0.0873652	-0.996176	1.10052e-005
0.258922	-0.965898	1.24401e-005
0.422331	-0.906441	1.34959e-005
0.422535	-0.906346	1.26387e-005
0.573856	-0.818956	1.29807e-005
0.573605	-0.819132	1.41456e-005
0.707107	-0.707107	1.43637e-005
0.70684	-0.707373	1.58006e-005
0.818956	-0.573856	1.53121e-005
0.819382	-0.573248	1.24801e-005
0.906441	-0.422331	1.16546e-005
0.906238	-0.422769	1.34983e-005
0.965898	-0.258922	1.24401e-005
0.996176	-0.0873652	1.10052e-005
0.996223	-0.0868365	8.97663e-006
0.996176	0.0873652	7.20694e-006
0.996223	0.0868365	9.23635e-006
0.965934	0.258789	7.18225e-006
0.965898	0.258922	6.65457e-006
0.906346	0.422535	4.05561e-006
0.906238	0.422769	3.06957e-006
0.819132	0.573605	8.29803e-007
0.819382	0.573248	2.49991e-006
0.70684	0.707373	-5.41007e-009
0.573856	0.818956	-2.48941e-006
0.573605	0.819132	-3.65892e-006
0.422331	0.906441	-5.77485e-006
0.422535	0.906346	-4.91392e-006
0.258922	0.965898	-7.18053e-006
0.0873652	0.996176	-9.23051e-006
-0.0873652	0.996176	-1.10052e-005
-0.258922	0.965898	-1.24401e-005
-0.258789	0.965934	-1.19134e-005
-0.422331	0.906441	-1.2638e-005
-0.422535	0.906346	-1.3497e-005
-0.573605	0.819132	-1.41456e-005
-0.707107	0.707107	-1.43637e-005
-0.819132	0.573605	-1.41456e-005
-0.906346	0.422535	-1.3497e-005
-0.906441	0.422331	-1.43538e-005
-0.965934	0.258789	-1.29648e-005
-0.965898	0.258922	-1.24401e-005
-0.996176	0.0873652	-1.10052e-005
-0.996176	-0.0873652	-9.23051e-006
-0.965898	-0.258922	-7.18053e-006
-0.906441	-0.422331	-4.91696e-006
-0.818956	-0.573856	-2.48941e-006
-0.819132	-0.573605	-1.32855e-006
-0.707373	-0.70684	1.43042e-006
-0.707107	-0.707107	2.62265e-015
-0.573605	-0.819132	2.49374e-006
-0.422331	-0.906441	4.91696e-006
-0.422535	-0.906346	5.77223e-006
-0.258922	-0.965898	7.70649e-006
-0.258789	-0.965934	7.18225e-006
-0.0868365	-0.996223	9.23635e-006
-0.0873652	-0.996176	1.12541e-005
-3.56674e-009	-3.10898e-010	-3.72083e-005
3.11702e-005	-8.35561e-006	-1
3.26478e-005	-8.48493e-006	-1
-2.11696e-005	-8.48493e-006	-1
1.44787e-005	-1.16063e-005	-1
1.65897e-005	-1.16063e-005	-1
1.29126e-005	-1.12848e-005	-1
1.12763e-005	-1.12848e-005	-1
1.21765e-005	-1.13636e-005	-1
7.9575e-006	-1.13636e-005	-1
-7.03864e-006	-1.00515e-005	-1
4.68596e-006	-1.00515e-005	-1
2.01338e-005	-1.08078e-005	-1
1.44722e-005	-1.03126e-005	-1
9.04417e-007	-1.03126e-005	-1
1.56934e-005	-1.16063e-005	-1
-4.45843e-010	4.30107e-010	3.74365e-005
-5.34261e-006	1.1489e-005	1
-1.54478e-005	1.06047e-005	1
-6.80815e-006	1.06047e-005	1
-7.79731e-006	1.05182e-005	1
-1.03684e-005	1.05182e-005	1
-1.1271e-005	1.04392e-005	1
-1.01588e-005	1.04392e-005	1
-8.79466e-006	1.06797e-005	1
-1.13614e-005	1.05187e-005	1
-9.27752e-006	1.04967e-005	1
-1.271e-005	1.05182e-005	1
-1.17207e-005	1.06047e-005	1

#	Mesh	0	End

