#	Mesh	0	Begin

#	Vertex	72
73.1186	-24.503	0.708139
73.1162	-24.5036	0.708139
73.114	-24.5047	0.708139
73.1119	-24.5061	0.708139
73.1101	-24.5079	0.708139
73.1087	-24.5099	0.708139
73.1077	-24.5122	0.708139
73.107	-24.5146	0.708139
73.1068	-24.517	0.708139
73.107	-24.5195	0.708139
73.1077	-24.5219	0.708139
73.1087	-24.5242	0.708139
73.1101	-24.5262	0.708139
73.1119	-24.528	0.708139
73.114	-24.5294	0.708139
73.1162	-24.5305	0.708139
73.1186	-24.5311	0.708139
73.1211	-24.5313	0.708139
73.1236	-24.5311	0.708139
73.126	-24.5305	0.708139
73.1282	-24.5294	0.708139
73.1303	-24.528	0.708139
73.132	-24.5262	0.708139
73.1335	-24.5242	0.708139
73.1345	-24.5219	0.708139
73.1352	-24.5195	0.708139
73.1354	-24.517	0.708139
73.1352	-24.5146	0.708139
73.1345	-24.5122	0.708139
73.1335	-24.5099	0.708139
73.132	-24.5079	0.708139
73.1303	-24.5061	0.708139
73.1282	-24.5047	0.708139
73.126	-24.5036	0.708139
73.1236	-24.503	0.708139
73.1211	-24.5027	0.708139
73.1186	-24.503	1.66202
73.1162	-24.5036	1.66202
73.114	-24.5047	1.66202
73.1119	-24.5061	1.66202
73.1101	-24.5079	1.66202
73.1087	-24.5099	1.66202
73.1077	-24.5122	1.66202
73.107	-24.5146	1.66202
73.1068	-24.517	1.66202
73.107	-24.5195	1.66202
73.1077	-24.5219	1.66202
73.1087	-24.5242	1.66202
73.1101	-24.5262	1.66202
73.1119	-24.528	1.66202
73.114	-24.5294	1.66202
73.1162	-24.5305	1.66202
73.1186	-24.5311	1.66202
73.1211	-24.5313	1.66202
73.1236	-24.5311	1.66202
73.126	-24.5305	1.66202
73.1282	-24.5294	1.66202
73.1303	-24.528	1.66202
73.132	-24.5262	1.66202
73.1335	-24.5242	1.66202
73.1345	-24.5219	1.66202
73.1352	-24.5195	1.66202
73.1354	-24.517	1.66202
73.1352	-24.5146	1.66202
73.1345	-24.5122	1.66202
73.1335	-24.5099	1.66202
73.132	-24.5079	1.66202
73.1303	-24.5061	1.66202
73.1282	-24.5047	1.66202
73.126	-24.5036	1.66202
73.1236	-24.503	1.66202
73.1211	-24.5027	1.66202

#	Triangle	70
35	36	71	0	36	35
0	37	36	1	37	0
1	38	37	2	38	1
2	39	38	3	39	2
3	40	39	4	40	3
4	41	40	5	41	4
5	42	41	6	42	5
6	43	42	7	43	6
7	44	43	8	44	7
8	45	44	9	45	8
9	46	45	10	46	9
10	47	46	11	47	10
11	48	47	12	48	11
12	49	48	13	49	12
13	50	49	14	50	13
14	51	50	15	51	14
15	52	51	16	52	15
16	53	52	17	53	16
17	54	53	18	54	17
18	55	54	19	55	18
19	56	55	20	56	19
20	57	56	21	57	20
21	58	57	22	58	21
22	59	58	23	59	22
23	60	59	24	60	23
24	61	60	25	61	24
25	62	61	26	62	25
26	63	62	27	63	26
27	64	63	28	64	27
28	65	64	29	65	28
29	66	65	30	66	29
30	67	66	31	67	30
31	68	67	32	68	31
32	69	68	33	69	32
33	70	69	34	70	33
34	71	70	35	71	34
7	9	8	26	25	27
6	9	7	27	25	24
6	10	9	27	24	28
5	10	6	28	24	23
5	11	10	28	23	29
4	11	5	29	23	22
4	12	11	29	22	30
3	12	4	30	22	21
3	13	12	30	21	31
2	13	3	31	21	20
2	14	13	31	20	32
1	14	2	32	20	19
1	15	14	32	19	33
0	15	1	33	19	18
0	16	15	33	18	34
35	16	0	34	18	17
35	17	16	34	17	35
45	43	44	62	63	61
46	43	45	61	63	64
46	42	43	61	64	60
47	42	46	60	64	65
47	41	42	60	65	59
48	41	47	59	65	66
48	40	41	59	66	58
49	40	48	58	66	67
49	39	40	58	67	57
50	39	49	57	67	68
50	38	39	57	68	56
51	38	50	56	68	69
51	37	38	56	69	55
52	37	51	55	69	70
52	36	37	55	70	54
53	36	52	54	70	71
53	71	36	54	71	53

#	Normal	70
-0.087711	0.996146	-0
-0.258736	0.965948	-0
-0.422585	0.906323	-0
-0.573568	0.819158	-0
-0.706323	0.707889	-0
-0.819048	0.573725	-0
-0.907084	0.42095	-0
-0.965555	0.260198	-0
-0.99614	0.0877794	-0
-0.996134	-0.087848	0
-0.965555	-0.260198	0
-0.907223	-0.42065	0
-0.819048	-0.573725	0
-0.706323	-0.707889	0
-0.573568	-0.819158	0
-0.422585	-0.906323	0
-0.258736	-0.965948	0
-0.0869338	-0.996214	0
0.0872059	-0.99619	-0
0.258736	-0.965948	-0
0.422585	-0.906323	-0
0.573568	-0.819158	-0
0.706323	-0.707889	-0
0.819048	-0.573725	-0
0.907223	-0.42065	-0
0.965555	-0.260198	-0
0.996134	-0.087848	-0
0.99614	0.0877794	-0
0.965555	0.260198	-0
0.907084	0.42095	-0
0.819048	0.573725	-0
0.706323	0.707889	-0
0.573568	0.819158	-0
0.422585	0.906323	-0
0.258736	0.965948	-0
0.0879855	0.996122	-0
-0	-0	-1.08563e-006
-0	-0	-3.21812e-006
-0	-0	-6.33873e-006
-0	-0	-1.02336e-005
-0	-0	-1.49589e-005
-0	-0	-2.04289e-005
-0	-0	-2.62649e-005
-0	-0	-3.24365e-005
-0	-0	-3.86575e-005
-0	-0	-4.46443e-005
-0	-0	-5.04668e-005
-0	-0	-5.58809e-005
-0	-0	-6.06346e-005
-0	-0	-6.4621e-005
-0	-0	-6.77228e-005
-0	-0	-6.99216e-005
-0	-0	-7.10036e-005
-0	-0	1.08563e-006
-0	-0	3.21812e-006
-0	-0	6.33873e-006
-0	-0	1.02336e-005
-0	-0	1.49589e-005
-0	-0	2.04289e-005
-0	-0	2.62649e-005
-0	-0	3.24365e-005
-0	-0	3.86575e-005
-0	-0	4.46443e-005
-0	-0	5.04668e-005
-0	-0	5.58809e-005
-0	-0	6.06346e-005
-0	-0	6.4621e-005
-0	-0	6.77228e-005
-0	-0	6.99216e-005
-0	-0	7.10036e-005

#	Mesh	0	End

