#	Mesh	0	Begin

#	Vertex	12
96.005	-183.729	-21.7062
96.005	-183.729	-20.6058
94.7206	-183.832	-20.6058
94.7206	-183.832	-21.7062
96.9974	-196.093	-22.0435
96.9974	-196.093	-20.9431
86.05	-196.972	-22.0435
86.05	-196.972	-20.9431
85.0162	-184.213	-21.6954
85.0162	-184.213	-20.595
94.6886	-183.437	-21.6954
94.6886	-183.437	-20.595

#	Triangle	8
0	2	1	3	2	0
4	1	5	0	1	4
6	5	7	4	5	6
8	7	9	6	7	8
10	9	11	8	9	10
3	11	2	10	11	3
7	11	9	5	2	7	2	11	7	5	1	2	7	11	9	5	2	7	2	11	7	5	1	2
10	6	8	10	3	6	3	4	6	0	4	3

#	Normal	8
-0.0800093	0.996794	-0
0.996794	0.0800061	-0
0.0800059	-0.996794	-0
-0.996733	-0.0807611	0
-0.0800069	0.996794	-0
0.996734	0.0807518	-0
0.00217497	-0.0270977	0.99963
-0.00217497	0.0270977	-0.99963

#	Mesh	0	End

