#	Mesh	0	Begin

#	Vertex	72
-290.921	109.491	1.355
-290.924	109.49	1.355
-290.926	109.489	1.355
-290.929	109.487	1.355
-290.931	109.485	1.355
-290.932	109.483	1.355
-290.933	109.48	1.355
-290.934	109.478	1.355
-290.934	109.475	1.355
-290.934	109.472	1.355
-290.933	109.469	1.355
-290.932	109.467	1.355
-290.931	109.465	1.355
-290.929	109.463	1.355
-290.926	109.461	1.355
-290.924	109.46	1.355
-290.921	109.459	1.355
-290.918	109.459	1.355
-290.916	109.459	1.355
-290.913	109.46	1.355
-290.91	109.461	1.355
-290.908	109.463	1.355
-290.906	109.465	1.355
-290.905	109.467	1.355
-290.903	109.469	1.355
-290.903	109.472	1.355
-290.902	109.475	1.355
-290.903	109.478	1.355
-290.903	109.48	1.355
-290.905	109.483	1.355
-290.906	109.485	1.355
-290.908	109.487	1.355
-290.91	109.489	1.355
-290.913	109.49	1.355
-290.916	109.491	1.355
-290.918	109.491	1.355
-290.921	109.491	4.905
-290.924	109.49	4.905
-290.926	109.489	4.905
-290.929	109.487	4.905
-290.931	109.485	4.905
-290.932	109.483	4.905
-290.933	109.48	4.905
-290.934	109.478	4.905
-290.934	109.475	4.905
-290.934	109.472	4.905
-290.933	109.469	4.905
-290.932	109.467	4.905
-290.931	109.465	4.905
-290.929	109.463	4.905
-290.926	109.461	4.905
-290.924	109.46	4.905
-290.921	109.459	4.905
-290.918	109.459	4.905
-290.916	109.459	4.905
-290.913	109.46	4.905
-290.91	109.461	4.905
-290.908	109.463	4.905
-290.906	109.465	4.905
-290.905	109.467	4.905
-290.903	109.469	4.905
-290.903	109.472	4.905
-290.902	109.475	4.905
-290.903	109.478	4.905
-290.903	109.48	4.905
-290.905	109.483	4.905
-290.906	109.485	4.905
-290.908	109.487	4.905
-290.91	109.489	4.905
-290.913	109.49	4.905
-290.916	109.491	4.905
-290.918	109.491	4.905

#	Triangle	82
35	36	71	0	36	35
0	37	36	1	37	0
1	38	37	2	38	1
2	39	38	3	39	2
3	40	39	4	40	3
4	41	40	5	41	4
5	42	41	6	42	5
6	43	42	7	43	6
7	44	43	8	44	7
8	45	44	9	45	8
9	46	45	10	46	9
10	47	46	11	47	10
11	48	47	12	48	11
12	49	48	13	49	12
13	50	49	14	50	13
14	51	50	15	51	14
15	52	51	16	52	15
16	53	52	17	53	16
17	54	53	18	54	17
18	55	54	19	55	18
19	56	55	20	56	19
20	57	56	21	57	20
21	58	57	22	58	21
22	59	58	23	59	22
23	60	59	24	60	23
24	61	60	25	61	24
25	62	61	26	62	25
26	63	62	27	63	26
27	64	63	28	64	27
28	65	64	29	65	28
29	66	65	30	66	29
30	67	66	31	67	30
31	68	67	32	68	31
32	69	68	33	69	32
33	70	69	34	70	33
34	71	70	35	71	34
7	9	8	26	25	27
6	9	7	27	25	24
6	10	9	27	24	28
5	10	6	28	24	23
5	11	10	28	23	29
4	11	5
4	12	11	29	22	30
3	12	4	30	22	21
3	13	12	30	21	31
2	13	3
2	14	13
1	14	2
1	15	14
0	15	1	33	19	18
0	16	15	33	18	34
35	16	0	34	17	35
35	17	16
34	18	17
32	19	33
32	20	19
31	20	32
31	21	20
29	23	22
45	43	44	62	63	61
46	43	45	61	63	64
46	42	43	61	64	60
47	42	46	60	64	65
47	41	42	60	65	59
48	41	47
48	40	41	59	66	58
49	40	48	58	66	67
49	39	40	58	67	57
50	39	49
50	38	39
51	38	50
51	37	38
52	37	51	55	69	70
52	36	37	55	70	54
53	36	52	54	71	53
53	71	36
54	70	71
56	69	55
56	68	69
57	68	56
57	67	68
59	65	66

#	Normal	82
-0.0867504	0.99623	-0
-0.255587	0.966786	-0
-0.42675	0.90437	-0
-0.569354	0.822092	-0
-0.707107	0.707107	-0
-0.820677	0.571393	-0
-0.904819	0.425797	-0
-0.966235	0.257663	-0
-0.996921	0.0784095	-0
-0.996904	-0.078629	0
-0.966235	-0.257663	0
-0.905325	-0.42472	0
-0.819759	-0.572708	0
-0.708506	-0.705705	0
-0.567473	-0.823392	0
-0.42675	-0.90437	0
-0.258181	-0.966097	0
-0.0867504	-0.99623	0
0.0877286	-0.996144	-0
0.258181	-0.966097	-0
0.422426	-0.906397	-0
0.572708	-0.819759	-0
0.708506	-0.705705	-0
0.819759	-0.572708	-0
0.905325	-0.42472	-0
0.966235	-0.257663	-0
0.995962	-0.0897768	-0
0.995984	0.0895267	-0
0.966235	0.257663	-0
0.904819	0.425797	-0
0.820677	0.571393	-0
0.707107	0.707107	-0
0.57459	0.818441	-0
0.422426	0.906397	-0
0.255587	0.966786	-0
0.0877286	0.996144	-0
-0	-0	-1.21509e-006
-0	-0	-3.99243e-006
-0	-0	-7.86694e-006
-0	-0	-1.29976e-005
-0	-0	-1.9e-005
-0	-0	-2.55e-005
-0	-0	-3.27839e-005
-0	-0	-4.04978e-005
-0	-0	-4.82651e-005
-0	-0	-5.66924e-005
-0	-0	-6.40815e-005
-0	-0	-6.92773e-005
-0	-0	-7.51758e-005
-0	-0	-8.17537e-005
-0	-0	-8.56831e-005
-0	-0	-8.76528e-005
-0	-0	-8.9e-005
0	-0	-8.6668e-005
-0	-0	-7.61155e-005
0	-0	-7.01433e-005
-0	-0	-6.32156e-005
0	-0	-5.59263e-005
0	-0	-2.55e-005
-0	-0	1.21509e-006
-0	-0	3.99243e-006
-0	-0	7.86694e-006
-0	-0	1.29976e-005
-0	-0	1.9e-005
-0	-0	2.55e-005
-0	-0	3.27839e-005
-0	-0	4.04978e-005
-0	-0	4.82651e-005
-0	-0	5.66924e-005
-0	-0	6.40815e-005
-0	-0	6.92773e-005
-0	-0	7.51758e-005
-0	-0	8.17537e-005
-0	-0	8.56831e-005
-0	-0	8.76528e-005
-0	-0	8.9e-005
-0	-0	8.6668e-005
0	-0	7.61155e-005
-0	-0	7.01433e-005
0	-0	6.32156e-005
-0	-0	5.59263e-005
-0	-0	2.55e-005

#	Mesh	0	End

