#	Mesh	0	Begin

#	Vertex	72
-23.9413	101.59	-8.78576
-23.9439	101.59	-8.78504
-23.9465	101.59	-8.78386
-23.9488	101.59	-8.78226
-23.9507	101.59	-8.78028
-23.9523	101.59	-8.778
-23.9535	101.59	-8.77547
-23.9542	101.59	-8.77278
-23.9545	101.59	-8.77
-23.9542	101.59	-8.76722
-23.9535	101.59	-8.76453
-23.9523	101.59	-8.762
-23.9507	101.59	-8.75972
-23.9488	101.59	-8.75774
-23.9465	101.59	-8.75614
-23.9439	101.59	-8.75496
-23.9413	101.59	-8.75424
-23.9385	101.59	-8.754
-23.9357	101.59	-8.75424
-23.933	101.59	-8.75496
-23.9305	101.59	-8.75614
-23.9282	101.59	-8.75774
-23.9262	101.59	-8.75972
-23.9246	101.59	-8.762
-23.9234	101.59	-8.76453
-23.9227	101.59	-8.76722
-23.9225	101.59	-8.77
-23.9227	101.59	-8.77278
-23.9234	101.59	-8.77547
-23.9246	101.59	-8.778
-23.9262	101.59	-8.78028
-23.9282	101.59	-8.78226
-23.9305	101.59	-8.78386
-23.933	101.59	-8.78504
-23.9357	101.59	-8.78576
-23.9385	101.59	-8.786
-23.9413	104.89	-8.78576
-23.9439	104.89	-8.78504
-23.9465	104.89	-8.78386
-23.9488	104.89	-8.78226
-23.9507	104.89	-8.78028
-23.9523	104.89	-8.778
-23.9535	104.89	-8.77547
-23.9542	104.89	-8.77278
-23.9545	104.89	-8.77
-23.9542	104.89	-8.76722
-23.9535	104.89	-8.76453
-23.9523	104.89	-8.762
-23.9507	104.89	-8.75972
-23.9488	104.89	-8.75774
-23.9465	104.89	-8.75614
-23.9439	104.89	-8.75496
-23.9413	104.89	-8.75424
-23.9385	104.89	-8.754
-23.9357	104.89	-8.75424
-23.933	104.89	-8.75496
-23.9305	104.89	-8.75614
-23.9282	104.89	-8.75774
-23.9262	104.89	-8.75972
-23.9246	104.89	-8.762
-23.9234	104.89	-8.76453
-23.9227	104.89	-8.76722
-23.9225	104.89	-8.77
-23.9227	104.89	-8.77278
-23.9234	104.89	-8.77547
-23.9246	104.89	-8.778
-23.9262	104.89	-8.78028
-23.9282	104.89	-8.78226
-23.9305	104.89	-8.78386
-23.933	104.89	-8.78504
-23.9357	104.89	-8.78576
-23.9385	104.89	-8.786

#	Triangle	70
35	36	71	0	36	35
0	37	36	1	37	0
1	38	37	2	38	1
2	39	38	3	39	2
3	40	39	4	40	3
4	41	40	5	41	4
5	42	41	6	42	5
6	43	42	7	43	6
7	44	43	8	44	7
8	45	44	9	45	8
9	46	45	10	46	9
10	47	46	11	47	10
11	48	47	12	48	11
12	49	48	13	49	12
13	50	49	14	50	13
14	51	50	15	51	14
15	52	51	16	52	15
16	53	52	17	53	16
17	54	53	18	54	17
18	55	54	19	55	18
19	56	55	20	56	19
20	57	56	21	57	20
21	58	57	22	58	21
22	59	58	23	59	22
23	60	59	24	60	23
24	61	60	25	61	24
25	62	61	26	62	25
26	63	62	27	63	26
27	64	63	28	64	27
28	65	64	29	65	28
29	66	65	30	66	29
30	67	66	31	67	30
31	68	67	32	68	31
32	69	68	33	69	32
33	70	69	34	70	33
34	71	70	35	71	34
7	9	8	26	25	27
6	9	7	27	25	24
6	10	9	27	24	28
5	10	6	28	24	23
5	11	10	28	23	29
4	11	5	29	23	22
4	12	11	29	22	30
3	12	4	30	22	21
3	13	12	30	21	31
2	13	3	31	21	20
2	14	13	31	20	32
1	14	2	32	20	19
1	15	14	32	19	33
0	15	1	33	19	18
0	16	15	33	18	34
35	16	0	34	18	17
35	17	16	34	17	35
45	43	44	62	63	61
46	43	45	61	63	64
46	42	43	61	64	60
47	42	46	60	64	65
47	41	42	60	65	59
48	41	47	59	65	66
48	40	41	59	66	58
49	40	48	58	66	67
49	39	40	58	67	57
50	39	49	57	67	68
50	38	39	57	68	56
51	38	50	56	68	69
51	37	38	56	69	55
52	37	51	55	69	70
52	36	37	55	70	54
53	36	52	54	70	71
53	71	36	54	71	53

#	Normal	70
-0.0872191	0	-0.996189
-0.258818	0	-0.965926
-0.422406	0	-0.906407
-0.573791	0	-0.819001
-0.707107	0	-0.707107
-0.819117	0	-0.573627
-0.906147	0	-0.422962
-0.966037	0	-0.258404
-0.996161	0	-0.0875361
-0.996161	-0	0.0875361
-0.966037	-0	0.258404
-0.906147	-0	0.422962
-0.819117	-0	0.573627
-0.707107	-0	0.707107
-0.573791	-0	0.819001
-0.422406	-0	0.906407
-0.258818	-0	0.965926
-0.0872191	-0	0.996189
0.0871583	-0	0.996194
0.258818	-0	0.965926
0.422675	-0	0.906282
0.573462	-0	0.819232
0.707107	-0	0.707107
0.819117	-0	0.573627
0.906416	-0	0.422387
0.965862	-0	0.259057
0.996222	-0	0.0868412
0.996222	-0	-0.0868412
0.965862	-0	-0.259057
0.906416	-0	-0.422387
0.819117	-0	-0.573627
0.707107	-0	-0.707107
0.573462	-0	-0.819232
0.422675	-0	-0.906282
0.258818	-0	-0.965926
0.0871583	-0	-0.996194
-0	-1.3566e-006	0
-0	-4.00469e-006	0
-0	-7.88832e-006	0
-0	-1.2912e-005	0
-0	-1.8875e-005	0
-0	-2.55938e-005	0
-0	-3.29013e-005	0
-0	-4.05743e-005	0
-0	-4.8357e-005	0
-0	-5.59697e-005	0
-0	-6.32742e-005	0
-0	-7.00941e-005	0
-0	-7.60567e-005	0
-0	-8.09902e-005	0
-0	-8.48776e-005	0
-0	-8.75243e-005	0
-0	-8.8875e-005	0
-0	1.3566e-006	0
-0	4.00469e-006	0
-0	7.88832e-006	0
-0	1.2912e-005	0
-0	1.8875e-005	0
-0	2.55938e-005	0
-0	3.29013e-005	0
-0	4.05743e-005	0
-0	4.8357e-005	0
-0	5.59697e-005	0
-0	6.32742e-005	0
-0	7.00941e-005	0
-0	7.60567e-005	0
-0	8.09902e-005	0
-0	8.48776e-005	0
-0	8.75243e-005	0
-0	8.8875e-005	0

#	Mesh	0	End

