#	Mesh	0	Begin

#	Vertex	72
79.4707	-95.6223	0.740292
79.4574	-95.6234	0.736706
79.4449	-95.6244	0.730849
79.4335	-95.6253	0.722901
79.4238	-95.6261	0.713102
79.4159	-95.6268	0.70175
79.41	-95.6272	0.689191
79.4064	-95.6275	0.675805
79.4052	-95.6276	0.662
79.4064	-95.6275	0.648195
79.41	-95.6272	0.634809
79.4159	-95.6268	0.62225
79.4238	-95.6261	0.610898
79.4335	-95.6253	0.601099
79.4449	-95.6244	0.593151
79.4574	-95.6234	0.587294
79.4707	-95.6223	0.583708
79.4845	-95.6212	0.5825
79.4982	-95.6201	0.583708
79.5116	-95.619	0.587294
79.5241	-95.618	0.593151
79.5354	-95.6171	0.601099
79.5452	-95.6163	0.610898
79.5531	-95.6156	0.62225
79.5589	-95.6152	0.634809
79.5625	-95.6149	0.648195
79.5637	-95.6148	0.662
79.5625	-95.6149	0.675805
79.5589	-95.6152	0.689191
79.5531	-95.6156	0.70175
79.5452	-95.6163	0.713102
79.5354	-95.6171	0.722901
79.5241	-95.618	0.730849
79.5116	-95.619	0.736706
79.4982	-95.6201	0.740292
79.4845	-95.6212	0.7415
81.1136	-115.898	0.740292
81.1002	-115.899	0.736706
81.0877	-115.9	0.730849
81.0764	-115.901	0.722901
81.0666	-115.902	0.713102
81.0587	-115.903	0.70175
81.0529	-115.903	0.689191
81.0493	-115.903	0.675805
81.0481	-115.903	0.662
81.0493	-115.903	0.648195
81.0529	-115.903	0.634809
81.0587	-115.903	0.62225
81.0666	-115.902	0.610898
81.0764	-115.901	0.601099
81.0877	-115.9	0.593151
81.1002	-115.899	0.587294
81.1136	-115.898	0.583708
81.1273	-115.897	0.5825
81.1411	-115.896	0.583708
81.1544	-115.895	0.587294
81.167	-115.894	0.593151
81.1783	-115.893	0.601099
81.188	-115.892	0.610898
81.196	-115.891	0.62225
81.2018	-115.891	0.634809
81.2054	-115.891	0.648195
81.2066	-115.891	0.662
81.2054	-115.891	0.675805
81.2018	-115.891	0.689191
81.196	-115.891	0.70175
81.188	-115.892	0.713102
81.1783	-115.893	0.722901
81.167	-115.894	0.730849
81.1544	-115.895	0.736706
81.1411	-115.896	0.740292
81.1273	-115.897	0.7415

#	Triangle	84
35	36	71
0	36	35
0	37	36
1	37	0
1	38	37	2	38	1
2	39	38	3	39	2
3	40	39
4	40	3
4	41	40	5	41	4
5	42	41
6	42	5
6	43	42
7	43	6
7	44	43
8	44	7
8	45	44
9	45	8
9	46	45
10	46	9
10	47	46
11	47	10
11	48	47	12	48	11
12	49	48
13	49	12
13	50	49	14	50	13
14	51	50	15	51	14
15	52	51
16	52	15
16	53	52
17	53	16
17	54	53	18	54	17
18	55	54	19	55	18
19	56	55	20	56	19
20	57	56
21	57	20
21	58	57
22	58	21
22	59	58	23	59	22
23	60	59
24	60	23
24	61	60	25	61	24
25	62	61
26	62	25
26	63	62
27	63	26
27	64	63	28	64	27
28	65	64
29	65	28
29	66	65	30	66	29
30	67	66
31	67	30
31	68	67
32	68	31
32	69	68	33	69	32
33	70	69	34	70	33
34	71	70	35	71	34
7	9	8	26	25	27
6	9	7	27	25	24
6	10	9	27	24	28
5	10	6	5	11	10	28	23	29	28	24	23
4	11	5	4	12	11	29	22	30	29	23	22
3	12	4	3	13	12
2	13	3	2	14	13
1	14	2	1	15	14
0	15	1	0	16	15
35	16	0	35	17	16
34	17	35	34	18	17
33	18	34	33	19	18
32	19	33	32	20	19
31	20	32	31	21	20
30	21	31	30	22	21
45	43	44	62	63	61
46	43	45	61	63	64
46	42	43
47	42	46	47	41	42	60	65	59	60	64	65
48	41	47	48	40	41	59	66	58	59	65	66
49	40	48	49	39	40
50	39	49	50	38	39	57	68	56	57	67	68
51	38	50	51	37	38
52	37	51	52	36	37	55	70	54	55	69	70
53	36	52	53	71	36	54	71	53	54	70	71
56	69	55	56	68	69
58	67	57	58	66	67
61	64	60

#	Normal	84
-0.0868817	-0.00703966	0.996194
-0.0868856	-0.00703998	0.996193
-0.257945	-0.0209002	0.965934
-0.257934	-0.0208993	0.965937
-0.421312	-0.0341371	0.906273
-0.571779	-0.0463289	0.819099
-0.704546	-0.0570864	0.707358
-0.704569	-0.0570883	0.707336
-0.816502	-0.0661577	0.57354
-0.903397	-0.0731985	0.422511
-0.90338	-0.0731971	0.422549
-0.962854	-0.0780161	0.258506
-0.962714	-0.0780051	0.25903
-0.992894	-0.0804505	0.0876855
-0.992943	-0.0804541	0.0871279
-0.992894	-0.0804501	-0.0876855
-0.992943	-0.0804544	-0.0871279
-0.962854	-0.0780165	-0.258506
-0.962714	-0.0780047	-0.25903
-0.903397	-0.0731985	-0.422511
-0.90338	-0.0731971	-0.422549
-0.816502	-0.0661577	-0.57354
-0.704546	-0.0570864	-0.707358
-0.704569	-0.0570883	-0.707336
-0.571779	-0.0463289	-0.819099
-0.421312	-0.0341371	-0.906273
-0.257945	-0.0209002	-0.965934
-0.257934	-0.0208993	-0.965937
-0.0868817	-0.00703966	-0.996194
-0.0868856	-0.00703998	-0.996193
0.0868817	0.00703966	-0.996194
0.257945	0.0209002	-0.965934
0.421097	0.0341198	-0.906374
0.571779	0.0463289	-0.819099
0.571757	0.0463271	-0.819114
0.704826	0.0571091	-0.707078
0.704849	0.057111	-0.707055
0.816502	0.0661578	-0.57354
0.903397	0.0731985	-0.422511
0.90338	0.0731971	-0.422549
0.962714	0.0780047	-0.25903
0.992943	0.080454	-0.0871279
0.992947	0.0804544	-0.0870827
0.992943	0.0804541	0.0871279
0.992947	0.0804543	0.0870827
0.962714	0.0780047	0.25903
0.903397	0.0731985	0.422511
0.90338	0.0731971	0.422549
0.816502	0.0661578	0.57354
0.704826	0.0571091	0.707078
0.704849	0.0571109	0.707055
0.571779	0.0463288	0.819099
0.571757	0.0463271	0.819114
0.421097	0.0341198	0.906374
0.257945	0.0209002	0.965934
0.0868817	0.00703966	0.996194
-2.80415e-006	3.32184e-005	-0
-7.98105e-006	9.87924e-005	-0
-0.0805237	0.996753	-0
-0.0813891	0.996682	-0
-0.0806047	0.996746	-0
-0.0804736	0.996757	-0
-0.0805386	0.996751	-0
-0.0808827	0.996724	-0
-0.0811136	0.996705	-0
-0.0803751	0.996765	-0
-0.0809374	0.996719	-0
-0.0805338	0.996752	-0
-0.0808326	0.996728	-0
-0.0812225	0.996696	-0
-0.0805375	0.996752	-0
2.80415e-006	-3.34341e-005	-0
7.98105e-006	-9.85767e-005	-0
0.0806987	-0.996739	-0
0.0800634	-0.99679	-0
0.0806047	-0.996746	-0
0.0812651	-0.996693	-0
0.0805386	-0.996751	-0
0.0808827	-0.996724	-0
0.0805338	-0.996752	-0
0.0809374	-0.996719	-0
0.0808326	-0.996728	-0
0.0813297	-0.996687	-0
0.0805237	-0.996753	-0

#	Mesh	0	End

