#	Mesh	0	Begin

#	Vertex	72
80.2931	-116.103	0.583708
80.292	-116.09	0.587294
80.291	-116.077	0.593151
80.2901	-116.066	0.601099
80.2893	-116.056	0.610898
80.2887	-116.048	0.62225
80.2882	-116.042	0.634809
80.2879	-116.039	0.648195
80.2878	-116.038	0.662
80.2879	-116.039	0.675805
80.2882	-116.042	0.689191
80.2887	-116.048	0.70175
80.2893	-116.056	0.713102
80.2901	-116.066	0.722901
80.291	-116.077	0.730849
80.292	-116.09	0.736706
80.2931	-116.103	0.740292
80.2942	-116.117	0.7415
80.2953	-116.131	0.740292
80.2964	-116.144	0.736706
80.2974	-116.157	0.730849
80.2983	-116.168	0.722901
80.2991	-116.178	0.713102
80.2998	-116.186	0.70175
80.3003	-116.191	0.689191
80.3005	-116.195	0.675805
80.3006	-116.196	0.662
80.3005	-116.195	0.648195
80.3003	-116.191	0.634809
80.2998	-116.186	0.62225
80.2991	-116.178	0.610898
80.2983	-116.168	0.601099
80.2974	-116.157	0.593151
80.2964	-116.144	0.587294
80.2953	-116.131	0.583708
80.2942	-116.117	0.5825
80.987	-116.047	0.583708
80.9859	-116.034	0.587294
80.9849	-116.021	0.593151
80.984	-116.01	0.601099
80.9832	-116	0.610898
80.9825	-115.992	0.62225
80.9821	-115.986	0.634809
80.9818	-115.983	0.648195
80.9817	-115.981	0.662
80.9818	-115.983	0.675805
80.9821	-115.986	0.689191
80.9825	-115.992	0.70175
80.9832	-116	0.713102
80.984	-116.01	0.722901
80.9849	-116.021	0.730849
80.9859	-116.034	0.736706
80.987	-116.047	0.740292
80.9881	-116.061	0.7415
80.9892	-116.074	0.740292
80.9903	-116.088	0.736706
80.9913	-116.1	0.730849
80.9922	-116.112	0.722901
80.993	-116.121	0.713102
80.9937	-116.129	0.70175
80.9941	-116.135	0.689191
80.9944	-116.139	0.675805
80.9945	-116.14	0.662
80.9944	-116.139	0.648195
80.9941	-116.135	0.634809
80.9937	-116.129	0.62225
80.993	-116.121	0.610898
80.9922	-116.112	0.601099
80.9913	-116.1	0.593151
80.9903	-116.088	0.587294
80.9892	-116.074	0.583708
80.9881	-116.061	0.5825

#	Triangle	99
35	36	71
0	36	35
0	37	36
1	37	0
1	38	37
2	38	1
2	39	38	3	39	2
3	40	39
4	40	3
4	41	40
5	41	4
5	42	41
6	42	5
6	43	42
7	43	6
7	44	43
8	44	7
8	45	44
9	45	8
9	46	45
10	46	9
10	47	46
11	47	10
11	48	47
12	48	11
12	49	48
13	49	12
13	50	49	14	50	13
14	51	50
15	51	14
15	52	51
16	52	15
16	53	52
17	53	16
17	54	53
18	54	17
18	55	54
19	55	18
19	56	55
20	56	19
20	57	56
21	57	20
21	58	57
22	58	21
22	59	58	23	59	22
23	60	59
24	60	23
24	61	60
25	61	24
25	62	61
26	62	25
26	63	62
27	63	26
27	64	63
28	64	27
28	65	64
29	65	28
29	66	65	30	66	29
30	67	66
31	67	30
31	68	67
32	68	31
32	69	68
33	69	32
33	70	69
34	70	33
34	71	70
35	71	34
7	9	8	26	25	27
6	9	7	27	25	24
6	10	9
5	10	6	5	11	10	28	23	29	28	24	23
4	11	5	4	12	11
3	12	4	3	13	12	30	21	31	30	22	21
2	13	3	2	14	13
1	14	2	1	15	14
0	15	1	0	16	15
35	16	0	35	17	16
34	17	35	34	18	17
33	18	34	33	19	18
32	19	33	32	20	19
31	20	32	31	21	20
29	22	30	29	23	22
27	24	28
45	43	44	62	63	61
46	43	45	61	63	64
46	42	43
47	42	46	47	41	42	60	65	59	60	64	65
48	41	47	48	40	41	59	66	58	59	65	66
49	40	48	49	39	40
50	39	49	50	38	39	57	68	56	57	67	68
51	38	50	51	37	38
52	37	51	52	36	37
53	36	52	53	71	36
54	71	53	54	70	71
55	70	54	55	69	70
56	69	55	56	68	69
58	67	57	58	66	67
61	64	60

#	Normal	99
-0.00703511	0.0868331	-0.996198
-0.00704042	0.0868856	-0.996193
-0.0209128	0.258085	-0.965896
-0.0208975	0.257934	-0.965937
-0.0341168	0.421097	-0.906374
-0.0341389	0.421312	-0.906273
-0.0463312	0.571779	-0.819099
-0.057112	0.704826	-0.707078
-0.0571145	0.704848	-0.707055
-0.0661618	0.816502	-0.57354
-0.0661314	0.816239	-0.573917
-0.0731929	0.903398	-0.422511
-0.0731907	0.90338	-0.422549
-0.0779979	0.962715	-0.25903
-0.07802	0.962854	-0.258506
-0.0804581	0.992943	-0.0871279
-0.0804593	0.992947	-0.0870827
-0.080459	0.992943	0.0871279
-0.0804584	0.992947	0.0870827
-0.0780087	0.962714	0.25903
-0.0780092	0.962855	0.258506
-0.0731921	0.903398	0.422511
-0.0731915	0.90338	0.422549
-0.0661527	0.816502	0.57354
-0.0661405	0.816238	0.573917
-0.0571126	0.704826	0.707078
-0.0571138	0.704848	0.707055
-0.0463312	0.571779	0.819099
-0.0341215	0.421097	0.906374
-0.0341341	0.421312	0.906273
-0.0209097	0.258085	0.965896
-0.0209006	0.257933	0.965937
-0.00703616	0.086833	0.996198
-0.00703937	0.0868857	0.996193
0.00703905	-0.0868817	0.996194
0.00703608	-0.086833	0.996198
0.0209013	-0.257945	0.965934
0.0209097	-0.258085	0.965896
0.0341341	-0.421312	0.906273
0.0341215	-0.421097	0.906374
0.0463312	-0.571779	0.819099
0.04633	-0.571757	0.819114
0.05709	-0.704546	0.707358
0.057106	-0.704849	0.707055
0.066152	-0.816502	0.57354
0.0731921	-0.903398	0.422511
0.0731915	-0.90338	0.422549
0.0780101	-0.962855	0.258506
0.0780095	-0.962714	0.25903
0.080459	-0.992943	0.0871279
0.0804584	-0.992947	0.0870827
0.0804581	-0.992943	-0.0871279
0.0804593	-0.992947	-0.0870827
0.0780209	-0.962854	-0.258506
0.0779988	-0.962715	-0.25903
0.0731929	-0.903398	-0.422511
0.0731907	-0.90338	-0.422549
0.066152	-0.816502	-0.57354
0.0570814	-0.704546	-0.707358
0.0571145	-0.704848	-0.707055
0.0463317	-0.571779	-0.819099
0.0463295	-0.571757	-0.819114
0.0341389	-0.421312	-0.906273
0.0341168	-0.421097	-0.906374
0.0208984	-0.257945	-0.965934
0.0209126	-0.258085	-0.965896
0.00704002	-0.0868817	-0.996194
0.00703511	-0.0868331	-0.996198
-3.32184e-005	-2.58845e-006	-0
-9.85767e-005	-7.98105e-006	0
-0.996739	-0.0806987	-0
-0.996682	-0.0813891	0
-0.996753	-0.0805258	0
-0.996752	-0.0805375	0
-0.996751	-0.0805386	0
-0.996724	-0.0808827	0
-0.996705	-0.0811136	0
-0.996765	-0.0803751	0
-0.996723	-0.0808918	0
-0.996748	-0.0805807	0
-0.996728	-0.0808326	0
-0.996696	-0.0812225	0
-0.996746	-0.0806047	0
-0.996753	-0.0805237	0
3.32184e-005	2.80415e-006	-0
9.87924e-005	7.98105e-006	0
0.996753	0.0805237	-0
0.99679	0.0800634	0
0.996746	0.0806047	0
0.996687	0.0813297	0
0.996751	0.0805386	0
0.996728	0.0808326	0
0.996748	0.0805807	0
0.996723	0.0808918	0
0.996719	0.0809374	0
0.996752	0.0805338	0
0.996724	0.0808827	0
0.996693	0.0812651	0
0.996739	0.0806987	0

#	Mesh	0	End

