#	Mesh	0	Begin

#	Vertex	72
85.6247	82.314	-2.84494
85.625	82.3104	-2.84591
85.6253	82.307	-2.84748
85.6255	82.304	-2.84961
85.6258	82.3014	-2.85225
85.6259	82.2992	-2.85529
85.6261	82.2977	-2.85867
85.6261	82.2967	-2.86226
85.6262	82.2964	-2.86597
85.6261	82.2967	-2.86968
85.6261	82.2977	-2.87327
85.6259	82.2992	-2.87664
85.6258	82.3014	-2.87969
85.6255	82.304	-2.88232
85.6253	82.307	-2.88446
85.625	82.3104	-2.88603
85.6247	82.314	-2.88699
85.6244	82.3177	-2.88732
85.6241	82.3214	-2.88699
85.6239	82.325	-2.88603
85.6236	82.3283	-2.88446
85.6233	82.3314	-2.88232
85.6231	82.334	-2.87969
85.6229	82.3361	-2.87664
85.6228	82.3377	-2.87327
85.6227	82.3386	-2.86968
85.6227	82.339	-2.86597
85.6227	82.3386	-2.86226
85.6228	82.3377	-2.85867
85.6229	82.3361	-2.85529
85.6231	82.334	-2.85225
85.6233	82.3314	-2.84961
85.6236	82.3283	-2.84748
85.6239	82.325	-2.84591
85.6241	82.3214	-2.84494
85.6244	82.3177	-2.84462
86.8778	82.4154	-2.84494
86.8781	82.4118	-2.84591
86.8783	82.4085	-2.84748
86.8786	82.4054	-2.84961
86.8788	82.4028	-2.85225
86.879	82.4007	-2.85529
86.8791	82.3991	-2.85867
86.8792	82.3982	-2.86226
86.8792	82.3978	-2.86597
86.8792	82.3982	-2.86968
86.8791	82.3991	-2.87327
86.879	82.4007	-2.87664
86.8788	82.4028	-2.87969
86.8786	82.4054	-2.88232
86.8783	82.4085	-2.88446
86.8781	82.4118	-2.88603
86.8778	82.4154	-2.88699
86.8775	82.4191	-2.88732
86.8772	82.4228	-2.88699
86.8769	82.4264	-2.88603
86.8766	82.4298	-2.88446
86.8764	82.4328	-2.88232
86.8761	82.4354	-2.87969
86.876	82.4376	-2.87664
86.8758	82.4391	-2.87327
86.8758	82.4401	-2.86968
86.8757	82.4404	-2.86597
86.8758	82.4401	-2.86226
86.8758	82.4391	-2.85867
86.876	82.4376	-2.85529
86.8761	82.4354	-2.85225
86.8764	82.4328	-2.84961
86.8766	82.4298	-2.84748
86.8769	82.4264	-2.84591
86.8772	82.4228	-2.84494
86.8775	82.4191	-2.84462

#	Triangle	79
35	36	71	0	36	35
0	37	36	1	37	0
1	38	37
2	38	1
2	39	38
3	39	2
3	40	39	4	40	3
4	41	40	5	41	4
5	42	41
6	42	5
6	43	42	7	43	6
7	44	43
8	44	7
8	45	44
9	45	8
9	46	45	10	46	9
10	47	46
11	47	10
11	48	47	12	48	11
12	49	48	13	49	12
13	50	49
14	50	13
14	51	50
15	51	14
15	52	51	16	52	15
16	53	52	17	53	16
17	54	53	18	54	17
18	55	54	19	55	18
19	56	55	20	56	19
20	57	56
21	57	20
21	58	57
22	58	21
22	59	58	23	59	22
23	60	59	24	60	23
24	61	60	25	61	24
25	62	61	26	62	25
26	63	62	27	63	26
27	64	63	28	64	27
28	65	64	29	65	28
29	66	65	30	66	29
30	67	66
31	67	30
31	68	67
32	68	31
32	69	68	33	69	32
33	70	69	34	70	33
34	71	70	35	71	34
7	9	8	26	25	27
6	9	7	27	25	24
6	10	9	27	24	28
5	10	6	28	24	23
5	11	10	28	23	29
4	11	5	29	23	22
4	12	11	29	22	30
3	12	4	30	22	21
3	13	12	30	21	31
2	13	3	31	21	20
2	14	13	31	20	32
1	14	2	1	15	14
0	15	1	0	16	15	33	18	34	33	19	18
35	16	0	35	17	16
34	17	35	34	18	17
32	19	33	32	20	19
45	43	44	62	63	61
46	43	45	61	63	64
46	42	43	61	64	60
47	42	46	60	64	65
47	41	42	60	65	59
48	41	47	59	65	66
48	40	41	59	66	58
49	40	48	58	66	67
49	39	40	58	67	57
50	39	49	57	67	68
50	38	39	57	68	56
51	38	50	51	37	38	56	69	55	56	68	69
52	37	51	52	36	37	55	70	54	55	69	70
53	36	52	53	71	36
54	71	53	54	70	71

#	Normal	79
0.00703516	-0.0868896	0.996193
0.0208706	-0.257767	0.965982
0.0341298	-0.421529	0.906172
0.0341348	-0.421594	0.906142
0.0462859	-0.57167	0.819177
0.0462798	-0.571591	0.819233
0.0570451	-0.70455	0.707358
0.0661335	-0.816799	0.57312
0.0731162	-0.903041	0.423287
0.073121	-0.903105	0.423148
0.0779894	-0.963235	0.257092
0.0803862	-0.992838	0.0883827
0.0803855	-0.992823	0.0885507
0.0803868	-0.992838	-0.0883769
0.0803851	-0.992823	-0.088545
0.0779894	-0.963235	-0.257092
0.0731148	-0.903029	-0.423312
0.0731205	-0.903094	-0.423173
0.0661352	-0.81682	-0.573089
0.0570424	-0.704517	-0.707391
0.0462898	-0.571714	-0.819146
0.0462831	-0.571635	-0.819202
0.0341253	-0.421476	-0.906197
0.0341307	-0.42154	-0.906167
0.0208706	-0.257767	-0.965982
0.00703516	-0.0868896	-0.996193
-0.00703635	0.0869043	-0.996192
-0.0208706	0.257767	-0.965982
-0.0341255	0.421476	-0.906197
-0.0462898	0.571714	-0.819146
-0.0462831	0.571635	-0.819202
-0.0570352	0.704433	-0.707475
-0.0570424	0.704517	-0.707391
-0.0661352	0.81682	-0.573089
-0.0731205	0.903094	-0.423173
-0.0779478	0.962715	-0.259046
-0.0804015	0.99302	-0.0863006
-0.0804014	0.993019	0.0863062
-0.0779478	0.962715	0.259046
-0.0731214	0.903105	0.423148
-0.0661335	0.816799	0.57312
-0.0570382	0.704466	0.707442
-0.0570447	0.70455	0.707358
-0.0462859	0.57167	0.819177
-0.0462798	0.571591	0.819233
-0.0341298	0.421529	0.906172
-0.0208706	0.257767	0.965982
-0.00703635	0.0869043	0.996192
-2.43298e-006	-2.31712e-007	-0
-7.06723e-006	-5.79281e-007	-0
-1.39197e-005	-1.14096e-006	-0
-2.29332e-005	-1.82553e-006	-0
-3.35263e-005	-2.66876e-006	-0
-4.5369e-005	-3.66955e-006	-0
-5.83249e-005	-4.71746e-006	-0
-7.20484e-005	-5.78961e-006	-0
-8.58636e-005	-6.89976e-006	-0
-9.94076e-005	-8.17749e-006	-0
-0.996634	-0.0819853	-0
-0.996889	-0.0788237	-0
-0.996767	-0.0803494	-0
-0.996618	-0.0821736	-0
-0.996788	-0.0800803	-0
-0.996704	-0.0811271	-0
2.43298e-006	1.73784e-007	-0
7.06723e-006	5.79281e-007	-0
1.39197e-005	1.14096e-006	-0
2.29332e-005	1.93963e-006	-0
3.35263e-005	2.83556e-006	-0
4.5369e-005	3.66955e-006	-0
5.83249e-005	4.71746e-006	-0
7.20484e-005	5.78961e-006	-0
8.58636e-005	6.89976e-006	-0
9.94076e-005	7.92194e-006	-0
0.99684	0.0794397	-0
0.996704	0.0811271	-0
0.996767	0.0803494	-0
0.996618	0.0821736	-0
0.996788	0.0800803	-0

#	Mesh	0	End

