#	Mesh	0	Begin

#	Vertex	16
-210.927	92.7917	-2.42
-210.927	92.7917	3.38
-210.727	92.7917	3.38
-210.727	92.7917	-2.42
-210.727	101.019	3.38
-210.727	101.019	-2.42
-210.727	100.824	-0.17
-210.727	99.7238	-0.17
-210.727	99.7238	-2.27
-210.727	100.824	-2.27
-210.927	101.019	3.38
-210.927	101.019	-2.42
-210.927	99.7238	-0.17
-210.927	100.824	-0.17
-210.927	100.824	-2.27
-210.927	99.7238	-2.27

#	Triangle	6
0	2	1	3	2	0	9	13	14	6	13	9
4	9	5	9	3	5	9	8	3	8	2	3	4	6	9	7	2	8	4	7	6	4	2	7
5	10	4	11	10	5	7	15	12	8	15	7
1	15	0	15	11	0	15	14	11	14	10	11	1	12	15	13	10	14	1	13	12	1	10	13
0	5	3	11	5	0	6	12	13	7	12	6
2	10	1	4	10	2	8	14	15	9	14	8

#	Normal	6
-0	-1	-0
1	0	0
-0	1	-0
-1	0	-0
-0	-0	-1
-0	-0	1

#	Mesh	0	End

