#	Mesh	0	Begin

#	Vertex	26
-198.453	106.402	0.93
-198.453	106.715	0.93
-199.703	106.715	0.93
-199.703	106.402	0.93
-198.453	106.402	1.73
-198.453	106.715	1.73
-199.703	106.715	1.73
-199.703	106.402	1.73
-198.091	106.715	0.93
-197.791	107.19	0.93
-197.791	108.44	0.93
-198.091	109.215	0.93
-198.091	106.715	1.73
-197.791	107.19	1.73
-197.791	108.44	1.73
-198.091	109.215	1.73
-200.066	109.215	0.93
-200.066	106.715	0.93
-200.066	109.215	1.73
-200.066	106.715	1.73
-200.016	106.715	0.93
-200.016	106.715	1.73
-200.366	109.215	0.93
-200.366	106.715	0.93
-200.366	109.215	1.73
-200.366	106.715	1.73

#	Triangle	9
3	4	7	0	4	3	17	12	19	8	12	17	23	19	25	17	19	23
0	5	4	1	5	0	9	14	13	10	14	9	8	15	12	11	15	8	3	6	7	2	6	3	17	18	19	16	18	17
1	6	5	2	6	1	11	18	15	16	18	11	2	21	6	20	21	2	16	24	18	22	24	16
2	7	6	3	7	2	11	12	15	8	12	11	16	19	18	17	19	16	22	25	24	23	25	22
3	1	0	2	1	3	11	9	8	10	9	11	8	16	11	17	16	8	3	20	2	17	22	16	23	22	17
4	6	7	5	6	4	12	14	15	13	14	12	15	19	12	18	19	15	6	21	7	18	25	19	24	25	18
8	13	12	9	13	8
10	15	14	11	15	10
20	7	21	3	7	20

#	Normal	9
-0	-1	-0
1	-0	-0
-0	1	-0
-1	-0	0
-0	-0	-1
-0	-0	1
0.845489	-0.533993	-0
0.932568	0.360994	-0
-0.707107	-0.707107	0

#	Mesh	0	End

