#	Mesh	0	Begin

#	Vertex	382
89.4976	67.3762	-2.82438
89.4883	67.3755	-2.82922
89.5131	67.3775	-2.82922
89.5379	67.3795	-2.82922
89.5286	67.3788	-2.82437
89.5183	67.3779	-2.82188
89.5078	67.3771	-2.82188
89.5131	67.3775	-2.90272
89.4883	67.3755	-2.90272
89.4976	67.3762	-2.90756
89.5078	67.3771	-2.91005
89.5183	67.3779	-2.91005
89.5286	67.3788	-2.90756
89.5379	67.3795	-2.90272
89.5844	67.3624	-2.90204
89.5836	67.3724	-2.9062
89.5827	67.3831	-2.90762
89.5818	67.3939	-2.9062
89.581	67.4039	-2.90204
89.5803	67.4125	-2.89542
89.5798	67.4191	-2.88679
89.5795	67.4232	-2.87675
89.5794	67.4247	-2.86597
89.5795	67.4232	-2.85519
89.5798	67.4191	-2.84514
89.5803	67.4125	-2.83652
89.581	67.4039	-2.8299
89.5818	67.3939	-2.82574
89.5827	67.3831	-2.82432
89.5836	67.3724	-2.82574
89.5844	67.3624	-2.8299
89.5851	67.3538	-2.83652
89.5856	67.3472	-2.84514
89.586	67.343	-2.85519
89.5861	67.3416	-2.86597
89.586	67.343	-2.87675
89.5856	67.3472	-2.88679
89.5851	67.3538	-2.89542
89.5632	67.3607	-2.90204
89.5639	67.3521	-2.89542
89.563	67.3631	-2.8978
89.5623	67.3719	-2.90147
89.5624	67.3707	-2.9062
89.5636	67.3555	-2.89195
89.5644	67.3455	-2.88679
89.564	67.3497	-2.88434
89.5643	67.346	-2.87548
89.5647	67.3413	-2.87675
89.5644	67.3448	-2.86597
89.5648	67.3399	-2.86597
89.5643	67.346	-2.85646
89.5647	67.3413	-2.85519
89.564	67.3497	-2.84759
89.5644	67.3455	-2.84514
89.5636	67.3555	-2.83998
89.5639	67.3521	-2.83652
89.563	67.3631	-2.83414
89.5632	67.3607	-2.8299
89.5623	67.3719	-2.83047
89.5624	67.3707	-2.82574
89.5615	67.3814	-2.82922
89.5615	67.3814	-2.82432
89.5607	67.3909	-2.83047
89.5606	67.3922	-2.82574
89.5604	67.3953	-2.83231
89.56	67.3997	-2.83414
89.5598	67.4022	-2.8299
89.5597	67.4035	-2.83706
89.5594	67.4073	-2.83998
89.5591	67.4108	-2.83652
89.5593	67.4088	-2.84189
89.5591	67.4102	-2.84379
89.559	67.4117	-2.84569
89.5589	67.4131	-2.84759
89.5586	67.4174	-2.84514
89.5582	67.4215	-2.85519
89.5588	67.4141	-2.84981
89.5588	67.4145	-2.85092
89.5588	67.415	-2.85203
89.5587	67.4154	-2.85313
89.5587	67.4159	-2.85424
89.5587	67.4163	-2.85535
89.5586	67.4168	-2.85646
89.5581	67.4229	-2.86597
89.5586	67.417	-2.85765
89.5586	67.4171	-2.85883
89.5586	67.4173	-2.86002
89.5586	67.4174	-2.86121
89.5586	67.4176	-2.8624
89.5585	67.4177	-2.86359
89.5585	67.4179	-2.86478
89.5585	67.4181	-2.86597
89.5582	67.4215	-2.87675
89.5585	67.4179	-2.86716
89.5585	67.4177	-2.86835
89.5586	67.4176	-2.86954
89.5586	67.4174	-2.87072
89.5586	67.4173	-2.87191
89.5586	67.4171	-2.8731
89.5586	67.417	-2.87429
89.5586	67.4168	-2.87548
89.5586	67.4174	-2.88679
89.5587	67.4163	-2.87659
89.5587	67.4159	-2.8777
89.5587	67.4154	-2.8788
89.5588	67.415	-2.87991
89.5588	67.4145	-2.88102
89.5588	67.4141	-2.88213
89.5589	67.4131	-2.88434
89.5591	67.4108	-2.89542
89.559	67.4117	-2.88625
89.5591	67.4102	-2.88815
89.5593	67.4088	-2.89005
89.5594	67.4073	-2.89195
89.5598	67.4022	-2.90204
89.5597	67.4035	-2.89487
89.56	67.3997	-2.8978
89.5606	67.3922	-2.9062
89.5604	67.3953	-2.89963
89.5607	67.3909	-2.90147
89.5615	67.3814	-2.90762
89.5615	67.3814	-2.90272
89.5586	67.423	-2.86597
89.466	67.3553	-2.8978
89.4662	67.3527	-2.90198
89.4654	67.3627	-2.90616
89.4666	67.3477	-2.89195
89.4653	67.3641	-2.90147
89.4669	67.3442	-2.89536
89.4671	67.3419	-2.88434
89.4674	67.3376	-2.88674
89.4674	67.3382	-2.87548
89.4677	67.3335	-2.87672
89.4675	67.3369	-2.86597
89.4679	67.3321	-2.86597
89.4677	67.3335	-2.85522
89.4674	67.3382	-2.85646
89.4674	67.3376	-2.8452
89.4671	67.3419	-2.84759
89.4669	67.3442	-2.83658
89.4666	67.3477	-2.83998
89.4662	67.3527	-2.82996
89.466	67.3553	-2.83414
89.4654	67.3627	-2.82578
89.4653	67.3641	-2.83047
89.4645	67.3734	-2.82432
89.4645	67.3736	-2.82922
89.4636	67.3841	-2.82568
89.4637	67.3831	-2.83047
89.4628	67.3941	-2.82978
89.4634	67.3875	-2.83231
89.463	67.3919	-2.83414
89.4621	67.4027	-2.83633
89.4627	67.3957	-2.83706
89.4624	67.3995	-2.83998
89.4616	67.4094	-2.84488
89.4623	67.4009	-2.84189
89.4622	67.4024	-2.84379
89.462	67.4038	-2.84569
89.4619	67.4053	-2.84759
89.4613	67.4136	-2.85487
89.4619	67.4062	-2.84981
89.4618	67.4067	-2.85092
89.4618	67.4071	-2.85203
89.4617	67.4076	-2.85313
89.4617	67.408	-2.85424
89.4617	67.4085	-2.85535
89.4616	67.409	-2.85646
89.4611	67.4151	-2.86559
89.4616	67.4091	-2.85765
89.4616	67.4093	-2.85883
89.4616	67.4094	-2.86002
89.4616	67.4096	-2.86121
89.4616	67.4097	-2.8624
89.4616	67.4099	-2.86359
89.4615	67.41	-2.86478
89.4615	67.4102	-2.86597
89.4611	67.4151	-2.86578
89.4611	67.4151	-2.86597
89.4611	67.4151	-2.86615
89.4611	67.4151	-2.86634
89.4615	67.41	-2.86716
89.4616	67.4099	-2.86835
89.4616	67.4097	-2.86954
89.4616	67.4096	-2.87072
89.4616	67.4094	-2.87191
89.4616	67.4093	-2.8731
89.4616	67.4091	-2.87429
89.4616	67.409	-2.87548
89.4613	67.4136	-2.87707
89.4617	67.4085	-2.87659
89.4617	67.408	-2.8777
89.4617	67.4076	-2.8788
89.4618	67.4071	-2.87991
89.4618	67.4067	-2.88102
89.4619	67.4062	-2.88213
89.4619	67.4053	-2.88434
89.4616	67.4094	-2.88706
89.462	67.4038	-2.88625
89.4622	67.4024	-2.88815
89.4623	67.4009	-2.89005
89.4624	67.3995	-2.89195
89.4621	67.4027	-2.89561
89.4627	67.3957	-2.89487
89.463	67.3919	-2.8978
89.4628	67.3941	-2.90216
89.4634	67.3875	-2.89963
89.4637	67.3831	-2.90147
89.4636	67.3841	-2.90625
89.4645	67.3736	-2.90272
89.4645	67.3734	-2.90762
89.4433	67.3719	-2.90762
89.4441	67.3611	-2.9062
89.4449	67.3511	-2.90204
89.4456	67.3425	-2.89542
89.4462	67.3359	-2.88679
89.4465	67.3318	-2.87675
89.4466	67.3303	-2.86597
89.4465	67.3318	-2.85519
89.4462	67.3359	-2.84514
89.4456	67.3425	-2.83652
89.4449	67.3511	-2.8299
89.4441	67.3611	-2.82574
89.4433	67.3719	-2.82432
89.4424	67.3826	-2.82574
89.4416	67.3926	-2.8299
89.4409	67.4012	-2.83652
89.4404	67.4078	-2.84514
89.44	67.412	-2.85519
89.4399	67.4134	-2.86597
89.44	67.412	-2.87675
89.4404	67.4078	-2.88679
89.4409	67.4012	-2.89542
89.4416	67.3926	-2.90204
89.4424	67.3826	-2.9062
89.4609	67.4151	-2.86597
89.5536	67.4166	-2.87464
89.5533	67.4162	-2.87563
89.5528	67.4154	-2.87761
89.5531	67.4158	-2.87662
89.5523	67.4147	-2.87959
89.554	67.4172	-2.8703
89.5515	67.4135	-2.88257
89.5525	67.4151	-2.8786
89.5431	67.3995	-2.89688
89.5537	67.4168	-2.87356
89.5475	67.4074	-2.8907
89.5467	67.4059	-2.89207
89.5484	67.4088	-2.88933
89.55	67.4112	-2.88595
89.5507	67.4123	-2.88426
89.5449	67.4029	-2.8948
89.54	67.3921	-2.90033
89.4799	67.3944	-2.89688
89.4694	67.4069	-2.88257
89.5492	67.41	-2.88764
89.4668	67.4096	-2.87464
89.4667	67.4097	-2.87356
89.4662	67.4102	-2.86922
89.4663	67.4101	-2.8703
89.5414	67.396	-2.89896
89.4681	67.4082	-2.8786
89.5542	67.4174	-2.86814
89.4743	67.4014	-2.8907
89.4722	67.4038	-2.88764
89.4732	67.4027	-2.88933
89.4822	67.3912	-2.89896
89.4776	67.3975	-2.8948
89.4754	67.4001	-2.89207
89.4713	67.4048	-2.88595
89.4671	67.4093	-2.87563
89.4674	67.4089	-2.87662
89.4678	67.4086	-2.87761
89.4703	67.4058	-2.88426
89.5387	67.3882	-2.9017
89.4666	67.4098	-2.87247
89.552	67.4143	-2.88059
89.4684	67.4079	-2.8796
89.4861	67.3839	-2.90171
89.4841	67.3876	-2.90033
89.4687	67.4075	-2.88059
89.5539	67.417	-2.87139
89.466	67.4104	-2.86705
89.4661	67.4103	-2.86814
89.5538	67.4169	-2.87247
89.4664	67.41	-2.87139
89.5543	67.4176	-2.86705
89.5541	67.4173	-2.86922
89.4659	67.4106	-2.86597
89.5544	67.4177	-2.86597
89.4743	67.4014	-2.84124
89.4694	67.4069	-2.84937
89.4671	67.4093	-2.85631
89.4678	67.4086	-2.85432
89.4674	67.4089	-2.85531
89.4841	67.3876	-2.83161
89.5387	67.3882	-2.83023
89.4681	67.4082	-2.85333
89.54	67.3921	-2.83161
89.552	67.4143	-2.85135
89.4667	67.4097	-2.85838
89.4668	67.4096	-2.8573
89.5515	67.4135	-2.84937
89.5507	67.4123	-2.84768
89.55	67.4112	-2.84599
89.5475	67.4074	-2.84124
89.5467	67.4059	-2.83987
89.5533	67.4162	-2.85631
89.5531	67.4158	-2.85532
89.5528	67.4154	-2.85432
89.5431	67.3995	-2.83506
89.5449	67.4029	-2.83714
89.5484	67.4088	-2.84261
89.4861	67.3839	-2.83023
89.5492	67.41	-2.8443
89.5523	67.4147	-2.85234
89.4822	67.3912	-2.83298
89.5537	67.4168	-2.85838
89.5414	67.396	-2.83298
89.5525	67.4151	-2.85333
89.5536	67.4166	-2.8573
89.4732	67.4027	-2.8426
89.554	67.4172	-2.86163
89.5541	67.4173	-2.86272
89.4754	67.4001	-2.83987
89.4722	67.4038	-2.8443
89.4713	67.4048	-2.84599
89.4684	67.4079	-2.85234
89.4776	67.3975	-2.83713
89.4799	67.3944	-2.83506
89.4663	67.4101	-2.86163
89.4664	67.41	-2.86055
89.4703	67.4058	-2.84768
89.4661	67.4103	-2.8638
89.4687	67.4075	-2.85135
89.5538	67.4169	-2.85947
89.5543	67.4176	-2.86488
89.5542	67.4174	-2.8638
89.4666	67.4098	-2.85947
89.5539	67.417	-2.86055
89.466	67.4104	-2.86488
89.4662	67.4102	-2.86272
89.5528	67.4225	-2.85735
89.5525	67.4225	-2.85448
89.5532	67.4225	-2.86022
89.5536	67.4226	-2.8631
89.548	67.4221	-2.84377
89.541	67.4216	-2.83457
89.467	67.4156	-2.85448
89.4666	67.4155	-2.85735
89.4662	67.4155	-2.86022
89.5319	67.4208	-2.82752
89.5503	67.4223	-2.84912
89.5212	67.4199	-2.82308
89.4658	67.4155	-2.8631
89.4655	67.4154	-2.86597
89.5097	67.419	-2.82157
89.4876	67.4172	-2.82752
89.4983	67.4181	-2.82308
89.554	67.4226	-2.86597
89.4784	67.4165	-2.83457
89.4714	67.4159	-2.84377
89.4692	67.4157	-2.84912
89.4666	67.4155	-2.87459
89.467	67.4156	-2.87746
89.4662	67.4155	-2.87171
89.4658	67.4155	-2.86884
89.4714	67.4159	-2.88817
89.4784	67.4165	-2.89736
89.5525	67.4225	-2.87746
89.5528	67.4225	-2.87459
89.5532	67.4225	-2.87171
89.4876	67.4172	-2.90442
89.4692	67.4157	-2.88281
89.4983	67.4181	-2.90886
89.5536	67.4226	-2.86884
89.5097	67.419	-2.91037
89.5212	67.4199	-2.90886
89.5319	67.4208	-2.90442
89.541	67.4216	-2.89736
89.548	67.4221	-2.88817
89.5503	67.4223	-2.88281

#	Triangle	400
4	2	3
4	1	2
4	0	1
4	6	0	12	9	11
5	6	4	11	9	10
12	8	9
13	7	12
7	8	12
17	15	16	28	29	27
18	15	17	27	29	30
18	14	15
19	14	18
19	37	14
20	37	19
20	36	37
21	36	20
21	35	36
22	35	21
22	34	35
23	34	22
23	33	34
24	33	23
24	32	33
25	32	24
25	31	32
26	31	25
26	30	31
27	30	26
40	38	39	38	41	42	39	44	43	47	46	44	49	48	47	51	50	49	53	52	51	54	53	55	56	55	57	57	59	58	61	60	59	63	62	61	63	66	65	69	68	66	69	74	73	74	75	73	83	82	75	83	92	91	101	100	92	109	108	101	113	109	114	117	116	114	117	120	119	120	42	121
41	38	40	43	40	39	44	45	43	44	46	45	48	46	47	49	50	48	51	52	50	53	54	52	54	55	56	58	56	57	60	58	59	62	60	61	119	120	121	121	42	41
62	63	64	64	63	65	65	66	67	67	66	68	113	114	115	115	114	116	116	117	118	118	117	119
68	69	70	70	69	71	71	69	72	72	69	73	73	75	76	107	101	108	108	109	110	110	109	111	111	109	112	112	109	113
76	75	77	77	75	78	78	75	79	79	75	80	80	75	81	81	75	82	84	83	85	85	83	86	86	83	87	87	83	88	88	83	89	89	83	90	90	83	91	94	92	95	95	92	96	96	92	97	97	92	98	98	92	99	99	92	100	100	101	102	102	101	103	103	101	104	104	101	105	105	101	106	106	101	107
82	83	84	91	92	93	93	92	94
122	23	22
122	75	23
83	75	122	323	322	88	84	317	320	330	172	331	174	333	175	337	90	336	339	87	322	317	85	335	175	340	176	339	335	86	323	89	337	333	174	341	88	322	87	341	173	330	88	89	323	90	337	89	288	176	340	90	91	336	340	175	333
75	24	23
74	24	75
26	69	66	25	69	26
24	69	25
74	69	24
27	66	63
26	66	27
27	61	28
63	61	27
61	29	28
59	29	61
59	30	29
57	30	59
32	55	53	31	55	32
32	51	33	53	51	32
30	55	31	57	55	30
51	34	33	49	34	51
49	35	34	47	35	49
47	36	35	44	36	47
14	39	38	37	39	14
36	39	37	44	39	36
15	38	42
14	38	15
16	42	120
15	42	16
117	18	17
114	18	117
114	19	18	109	19	114
21	101	92
20	101	21
92	22	21
92	122	22
92	83	122	241	95	96	236	245	99	183	258	259	94	262	93	241	96	281	283	181	282	281	97	284	284	98	245	285	184	259	93	286	91	258	182	283	262	94	287	95	287	94	287	95	241	288	282	176	181	283	182	181	176	282	286	93	262
19	101	20
109	101	19
117	16	120
17	16	117
125	123	124	128	124	126	129	130	128	131	132	130	133	134	132	133	135	134	136	137	135	138	139	137	141	139	140	142	143	141	143	144	145	146	147	145	149	147	148	151	152	149	155	152	154	160	155	159	167	168	160	189	180	188	189	196	197	202	197	201	204	205	202	205	207	208	210	208	209	127	125	210
123	126	124	125	127	123	126	129	128	130	129	131	131	133	132	133	136	135	138	137	136	139	138	140	141	140	142	144	143	142	146	145	144	147	146	148	207	209	208	210	209	127
150	149	148	151	149	150	153	152	151	154	152	153	203	202	201	204	202	203	206	205	204	207	205	206
156	155	154	157	155	156	158	155	157	159	155	158	161	160	159	196	189	195	198	197	196	199	197	198	200	197	199	201	197	200
162	160	161	163	160	162	164	160	163	165	160	164	166	160	165	167	160	166	169	168	167	170	168	169	172	168	171	173	168	172	174	168	173	175	168	174	176	168	175	181	180	176	182	180	181	183	180	182	184	180	183	185	180	184	187	180	186	188	180	187	190	189	188	191	189	190	192	189	191	193	189	192	194	189	193	195	189	194
171	168	170	186	180	185
176	177	168	177	176	178	179	178	176	176	180	179
212	234	211	223	224	222
213	234	212	222	224	225
213	233	234
214	233	213
214	232	233
215	232	214
215	231	232
216	231	215	219	227	228
216	230	231	219	228	218
217	230	216	218	228	229
217	229	230	218	229	217
220	227	219
220	226	227
221	226	220
221	225	226
222	225	221
168	235	229	229	235	180
229	228	168
155	227	226
152	226	225
160	228	227
224	149	225
177	235	168	235	177	178	235	179	180	178	179	235	108	106	107	242	249	250	269	254	273	159	162	161	304	302	303	77	73	76	342	343	344	350	348	349	311	318	310	333	288	340	318	296	298	330	333	341	289	337	336	337	322	323	313	316	295	316	328	329	363	364	365	371	369	370	267	266	253	262	289	286	266	278	279	241	262	287	288	283	282	283	259	258	274	260	252	260	251	244
226	152	155
155	160	227
228	160	168
225	149	152
149	224	147
223	222	145
222	221	143
219	139	220
137	219	218
141	221	220
218	217	135
221	141	143
222	143	145
223	145	147
218	135	137
137	139	219
220	139	141
134	135	217
224	223	147
217	216	132
216	215	130
213	124	214
125	213	212
128	215	214
212	211	210
132	216	130
217	132	134
213	125	124
124	128	214
215	128	130
212	210	125
210	211	208
234	233	205
233	232	202
230	189	231
180	230	229
197	232	231
232	197	202
233	202	205
234	205	208
180	189	230
231	189	197
211	234	208
236	99	100	98	99	245	98	284	97	97	281	96	183	182	258
239	102	238	237	102	239	240	243	104	190	271	272	270	271	190	238	103	243	272	261	191
240	104	105	104	243	103
100	237	236
242	106	108
115	116	244
247	246	113
248	112	246
113	115	247
108	249	242
115	244	251
112	113	246
118	119	252
204	203	253
195	254	196
194	254	195	280	194	193
111	255	110
257	256	187	185	275	186	187	256	188	257	187	186	184	285	185	183	259	184
118	260	116
251	247	115
191	261	192	193	192	277	103	238	102	191	190	272
200	263	201
265	199	264
266	204	253
268	267	203
269	198	196
201	268	203
268	201	263
270	190	188
244	116	260
196	254	269
119	274	252
249	110	255	269	264	198
274	119	121
267	253	203
121	13	274
13	41	7
199	265	200
41	13	121
129	43	45	126	43	129
112	248	111
276	106	242	280	254	194
131	45	46	129	45	131
123	41	40
127	41	123
126	40	43
123	40	126
41	127	7
270	188	256
133	46	48	131	46	133
209	278	8
278	207	279
207	206	279
209	207	278
204	266	206
209	8	127
8	7	127
110	249	108
199	198	264
280	193	277
252	260	118
100	102	237	261	277	192
279	206	266
255	111	248
263	200	265
240	105	276
257	186	275	285	275	185
106	276	105
289	91	286
52	140	138	54	140	52
156	154	290
48	136	133	50	136	48
291	162	159
294	166	293	292	166	294	293	165	297	81	308	309	307	308	81	309	319	80	319	315	79
136	52	138	50	52	136
142	54	56
140	54	142
150	148	295
296	60	62
58	60	3
296	3	60
296	62	298
142	58	144
56	58	142
299	77	78
167	166	292
301	300	169	330	173	172	169	167	301	170	169	300	170	338	171	171	331	172
58	3	2
73	302	304
302	73	77
306	68	305
311	310	67
144	2	1
71	312	70
146	1	313
144	1	146
148	146	313
71	72	314
299	78	315
150	295	316
58	2	144
317	84	85	84	320	82	86	335	85	87	339	86	173	341	174
298	62	64
150	316	151
67	68	306
78	79	315	80	319	79
65	310	318
306	311	67
65	67	310
72	73	304
64	65	318
307	82	320
156	321	157
154	153	324
326	158	325	304	314	72
71	314	312
327	164	163	165	293	166	164	297	165	80	81	309
329	328	153
70	305	68
329	153	151
156	290	321
324	290	154
307	81	82	164	327	297
295	148	313
157	325	158
329	151	316
167	292	301
328	324	153
332	159	326	291	159	332
334	162	291	299	302	77
158	326	159
298	64	318
325	157	321
305	70	312
331	171	338	338	170	300
327	163	334
162	334	163
289	336	91
344	343	320
322	345	344
319	309	343	309	308	343	308	307	343	307	320	343
312	346	347
301	348	350
318	347	351
302	299	352
299	315	352	315	319	352
302	352	346
353	4	351
312	314	346	314	304	346	304	303	346	303	302	346
354	330	350
347	318	311
311	306	347
306	305	347	305	312	347
355	288	333	354	333	330
351	296	318
296	351	4
296	4	3
354	355	333
343	352	319
5	4	353
5	353	356
358	357	0
301	292	348	292	294	348	294	293	348	293	297	348
356	358	6
345	337	359
360	316	357
362	291	361
321	360	361
348	297	362
359	337	289	345	322	337
330	331	350	331	338	350	338	300	350	300	301	350
0	357	313
358	0	6
313	1	0
297	327	362	327	334	362
334	291	362
357	316	313
360	328	316
320	317	344	317	335	344	335	339	344	339	322	344
291	332	361	332	326	361	326	325	361	325	321	361
321	290	360	290	324	360
324	328	360
5	356	6
365	364	256
259	366	365
261	272	364	272	271	364	271	270	364	270	256	364
265	367	368
236	369	371
266	368	372
254	280	373
280	277	373	277	261	373
254	373	367
374	9	372
265	264	367	264	269	367	269	273	367	273	254	367
375	241	371
368	266	267
267	268	368
268	263	368	263	265	368
359	289	262	375	262	241
372	278	266
278	372	9
278	9	8
375	359	262
364	373	261
10	9	374
10	374	376
378	12	377
236	237	369	237	239	369	239	238	369	238	243	369
376	377	11
366	283	355
378	379	260
381	242	380
248	379	380
369	243	381
355	283	288	366	259	283
241	281	371	281	284	371	284	245	371	245	236	371
12	378	274
377	12	11
274	13	12
243	240	381	240	276	381
276	242	381
378	260	274
379	251	260
256	257	365	257	275	365	275	285	365	285	259	365
242	250	380	250	249	380	249	255	380	255	248	380
248	246	379	246	247	379
247	251	379
10	376	11
374	377	376	356	353	358
372	377	374
372	378	377
368	378	372	357	351	347
368	379	378	357	347	360
367	379	368	360	347	346
367	380	379	360	346	361
373	380	367	361	346	352
373	381	380	361	352	362
364	381	373	362	352	343
364	369	381	362	343	348
363	369	364
363	370	369
365	370	363	349	342	344
365	371	370	349	344	350
366	371	365
366	375	371
355	375	366	354	345	359
355	359	375	354	359	355
350	345	354
350	344	345
348	342	349
348	343	342
358	351	357
358	353	351

#	Normal	400
0.0806053	-0.996746	-0.000322174
0.0808916	-0.996722	-0.00124276
0.0807348	-0.996736	7.05941e-005
6.24709e-006	-7.71253e-005	1.28174e-008
2.12141e-006	-2.6216e-005	-1.28174e-008
0.0807348	-0.996736	-7.05609e-005
0.0806053	-0.996746	0.000322255
0.0808916	-0.996722	0.00124307
3.05015e-005	2.46141e-006	6.7749e-009
8.94214e-005	7.21612e-006	9.15527e-008
0.996742	0.0806547	-0.000643119
0.996742	0.0806547	-1.19548e-005
0.996743	0.0806414	8.9701e-005
0.996743	0.0806414	-0.000329144
0.996749	0.0805716	0.000202442
0.996749	0.0805716	0.000122295
0.996747	0.0805943	-5.02204e-005
0.996747	0.0805943	0.000205137
0.996742	0.0806547	-0.000255564
0.996742	0.0806547	-0.00019711
0.996747	0.0805942	0.000263547
0.996747	0.0805943	-0.000112902
0.996749	0.0805716	5.96314e-005
0.996749	0.0805716	0.000275415
0.996743	0.0806414	-0.000256108
0.996743	0.0806414	-5.47932e-006
0.996742	0.0806547	-0.000107155
0.996742	0.0806547	-0.000491644
-5.26879e-005	-4.29518e-006	-4.6936e-008
-4.64412e-005	-3.76272e-006	-5.47485e-008
-2.32516e-005	-1.85035e-006	-4.15039e-009
-1.16326e-005	-9.26342e-007	5.18799e-009
-5.79514e-006	-4.65e-007	1.08643e-008
-5.80553e-006	-5.10885e-007	-2.89917e-008
-0.080207	0.988105	0.131205
-0.0796312	0.9883	0.130084
-3.36868e-007	4.71616e-006	6.2207e-007
-0.0742174	0.921109	0.382164
-0.0745337	0.92083	0.382776
-0.0491463	0.606956	0.793214
-0.0640154	0.79059	0.60899
-0.0639897	0.790564	0.609027
-0.0308673	0.381351	0.923915
-0.0308769	0.38133	0.923923
-0.010537	0.130132	0.991441
-0.0105326	0.130125	0.991442
0.0105295	-0.13004	0.991453
0.0104894	-0.130136	0.991441
0.0307578	-0.381593	0.923818
0.0308769	-0.38133	0.923923
0.0640433	-0.790935	0.60854
0.0745609	-0.920828	0.382776
0.0491183	-0.606612	0.79348
0.0800173	-0.988214	0.130501
0.0800173	-0.988214	-0.130501
0.0745609	-0.920828	-0.382776
0.0491195	-0.606626	-0.793469
0.0640433	-0.790935	-0.60854
0.0307359	-0.381322	-0.923931
0.0308958	-0.381563	-0.923826
0.010537	-0.130132	-0.991441
0.010482	-0.130044	-0.991453
-0.0308641	0.381311	-0.923931
-0.030877	0.381331	-0.923923
-0.0491474	0.60697	-0.793203
-0.0741971	0.920857	-0.382776
-0.0745541	0.921082	-0.382164
-0.0796194	0.988153	-0.131205
-0.0802192	0.988256	-0.13006
-3.36868e-007	4.71616e-006	-6.2207e-007
-0.063992	0.790592	-0.60899
-0.0640131	0.790562	-0.609027
-0.0105364	0.130125	-0.991442
-0.0105332	0.130133	-0.991441
5.23801e-005	4.21524e-006	-2.29492e-008
4.66037e-005	3.7351e-006	-1.11084e-008
2.33855e-005	1.89826e-006	-5.61523e-009
1.17167e-005	9.57121e-007	9.33838e-009
5.83982e-006	4.60278e-007	-1.44043e-008
5.86393e-006	5.04517e-007	2.7771e-008
9.2268e-007	7.52907e-008	0
-3.05015e-005	-2.47249e-006	7.71484e-008
-8.94214e-005	-7.24862e-006	-1.40991e-007
-0.996742	-0.0806547	-0.000491673
-0.996742	-0.0806547	-0.000107151
-0.996743	-0.0806414	-5.47912e-006
-0.996743	-0.0806413	0.000646637
-0.99674	-0.0806792	0.000358292
-0.99674	-0.0806792	1.49077e-005
-0.99674	-0.0806829	-1.33655e-005
-0.99674	-0.0806829	-0.000470535
-0.99675	-0.0805615	0.000454512
-0.99674	-0.0806792	-0.000617521
-0.996743	-0.0806414	-0.000329144
-0.996743	-0.0806414	8.97043e-005
-0.996742	-0.0806547	-1.19553e-005
-0.996741	-0.0806546	0.0012284
-6.34087e-007	7.8428e-006	1.09436e-007
-0.08194	0.988064	0.130443
-0.0656673	0.790455	0.608989
-0.0506947	0.60683	0.793213
-0.0762387	0.92069	0.382775
-0.0323037	0.381214	0.923922
-2.95258e-009	4.87175e-008	-0
-0.0619596	0.786573	0.614381
-0.0723482	0.91813	0.38962
-0.0776315	0.987253	0.138943
-0.0472632	0.60222	0.79693
-0.0292234	0.376468	0.925969
0.00938806	-0.130125	0.991453
0.030075	-0.381669	0.92381
0.0635167	-0.790949	0.608576
0.0741273	-0.920863	0.382775
0.048235	-0.606683	0.793479
0.0798354	-0.988236	0.130444
0.0317508	-0.384227	0.922692
0.0118054	-0.134072	0.990901
-0.00902963	0.125467	0.992057
0.0747852	-0.921279	0.381643
0.0644323	-0.791884	0.607263
0.0498741	-0.608849	0.791717
0.0799919	-0.988263	0.130145
-0.0118142	0.130029	0.99144
0.0798354	-0.988236	-0.130444
0.0741273	-0.920863	-0.382775
0.0482451	-0.606696	-0.793469
0.030063	-0.38165	-0.923818
0.0635167	-0.790949	-0.608576
0.00938806	-0.130125	-0.991453
0.0747852	-0.921279	-0.381643
0.0799919	-0.988263	-0.130145
0.0317628	-0.384246	-0.922684
0.0498741	-0.608849	-0.791717
0.0644323	-0.791884	-0.607263
0.0117925	-0.134051	-0.990904
-0.00902804	0.125445	-0.992059
-0.0323024	0.381194	-0.92393
-0.0506956	0.606844	-0.793202
-0.0762387	0.92069	-0.382775
-0.08194	0.988064	-0.130443
-0.0656673	0.790455	-0.608989
-0.0619596	0.786573	-0.614381
-0.0472641	0.602234	-0.796919
-0.029234	0.376467	-0.925969
-0.0776315	0.987253	-0.138943
-0.0723482	0.91813	-0.38962
-0.0118256	0.130028	-0.99144
-3.6356e-007	5.95683e-006	-7.85217e-007
-4.90284e-007	5.52796e-006	-2.04712e-006
-4.8127e-007	7.17172e-006	-2.95013e-006
-5.15331e-007	5.1936e-006	-1.86816e-006
-1.22107e-006	2.45001e-005	-1.01757e-005
-4.18522e-006	4.89303e-005	-6.40571e-005
-1.80109e-006	1.72931e-005	-1.74116e-005
-9.99344e-007	1.54532e-005	-1.60413e-005
-3.77313e-006	3.71759e-005	-4.86414e-005
-2.91988e-006	2.78449e-005	-1.79756e-005
-1.48579e-006	3.08671e-005	-4.99408e-005
-1.77456e-006	2.23718e-005	-1.72879e-005
-2.80136e-006	3.75765e-005	-9.10518e-005
-3.78765e-006	4.9511e-005	-6.46382e-005
-1.8576e-006	1.66569e-005	-6.93018e-006
-9.30527e-007	8.32671e-006	-3.49707e-006
-1.19982e-006	1.88944e-005	-1.45029e-005
-5.6008e-007	5.56409e-006	-7.02332e-007
-1.64273e-006	3.45641e-005	-8.34337e-005
-1.83955e-006	4.05967e-005	-4.25331e-005
-6.19484e-007	7.03609e-006	-2.89954e-006
-1.87869e-006	2.27105e-005	-1.74611e-005
-1.80217e-006	1.74705e-005	-1.16606e-005
-2.30153e-006	3.7111e-005	-5.8353e-005
-4.76788e-006	4.08623e-005	-4.30889e-005
-1.38437e-006	1.75912e-005	-1.3519e-005
-2.30085e-006	3.78364e-005	-4.94359e-005
-1.02381e-006	1.76082e-005	-1.76309e-005
-3.89914e-007	6.06282e-006	-2.53339e-006
-3.65908e-006	3.66103e-005	-5.76351e-005
-1.63695e-006	2.85726e-005	-1.84031e-005
-2.80117e-006	2.99785e-005	-8.2951e-005
-1.2327e-006	1.55775e-005	-1.02377e-005
-0.00540527	0.130562	-0.991425
-3.54033e-006	3.10781e-005	-5.05273e-005
-0.00946905	0.117082	-0.993077
0.0105171	-0.130052	-0.991451
-2.38361e-006	2.07776e-005	-1.60992e-005
0.0105178	-0.13005	-0.991452
0.063959	-0.790823	-0.608694
-9.57367e-007	2.05346e-005	-1.57405e-005
-8.00062e-007	1.36859e-005	-5.1264e-006
0.0744858	-0.920983	-0.382416
0.0309026	-0.381686	-0.923776
0.0308446	-0.381379	-0.923904
0.0490437	-0.606403	-0.793644
0.0491304	-0.606821	-0.793319
0.0105177	-0.130047	-0.991452
-3.3729e-007	5.38002e-006	-1.93237e-006
0.0799215	-0.988193	-0.130719
-0.00943255	0.117041	-0.993082
-2.0653e-006	3.02865e-005	-8.37615e-005
-3.29803e-006	3.78676e-005	-9.18623e-005
-0.0155865	0.129744	-0.991425
-3.95471e-006	3.47186e-005	-8.42577e-005
0.0104812	-0.130053	-0.991452
0.0105689	-0.130227	-0.991428
-1.42706e-006	1.72394e-005	-1.3253e-005
-1.87919e-006	1.91809e-005	-1.47712e-005
-6.44941e-007	6.67826e-006	-2.47687e-006
-1.65698e-006	2.69753e-005	-7.56577e-005
-5.7119e-007	5.85703e-006	-2.45691e-006
-2.71671e-006	2.71375e-005	-7.63036e-005
-1.00156e-006	1.72309e-005	-1.14116e-005
-1.52411e-006	1.56628e-005	-1.62614e-005
-4.25892e-007	6.51162e-006	-2.45203e-006
-5.35927e-007	5.44292e-006	-6.46362e-007
-4.59639e-007	7.50472e-006	-3.13849e-006
-3.64151e-007	4.48837e-006	-5.48157e-007
0.063959	-0.790823	0.608694
-1.87881e-006	2.27134e-005	1.74611e-005
0.0799215	-0.988192	0.130722
-2.77914e-006	2.49922e-005	1.04305e-005
-4.14244e-007	5.71167e-006	2.06964e-006
0.0744861	-0.920987	0.382407
0.0490962	-0.606399	0.793644
0.0490779	-0.606825	0.793319
-3.29696e-006	3.78677e-005	9.18623e-005
-0.00540527	0.130562	0.991425
0.0105178	-0.13005	0.991452
-0.00946905	0.117082	0.993077
-2.80117e-006	2.99785e-005	8.2951e-005
0.0308446	-0.381379	0.923904
0.0309026	-0.381686	0.923776
-4.59751e-007	7.50471e-006	3.13849e-006
-3.90026e-007	6.06281e-006	2.53339e-006
-5.60226e-007	5.56532e-006	7.02332e-007
0.0105171	-0.130052	0.991451
-2.91988e-006	2.78449e-005	1.79756e-005
-1.22107e-006	2.45001e-005	1.01757e-005
-1.80109e-006	1.72931e-005	1.74116e-005
-1.48579e-006	3.08671e-005	4.99408e-005
0.0105689	-0.130227	0.991428
-9.57378e-007	2.05319e-005	1.57405e-005
-0.00943479	0.117068	0.993079
0.0104812	-0.130053	0.991452
-0.0155758	0.129745	0.991425
-1.19982e-006	1.88944e-005	1.45029e-005
-4.25817e-007	6.51004e-006	2.45203e-006
-2.71582e-006	2.71379e-005	7.63036e-005
0.0105177	-0.130047	0.991452
-3.65644e-007	5.82067e-006	7.69897e-007
-2.80136e-006	3.75765e-005	9.10518e-005
-3.95363e-006	3.47187e-005	8.42577e-005
-3.77313e-006	3.71759e-005	4.86414e-005
-4.8127e-007	7.17172e-006	2.95013e-006
-3.65908e-006	3.66103e-005	5.76351e-005
-1.83955e-006	4.05967e-005	4.25331e-005
-4.18522e-006	4.89303e-005	6.40571e-005
-1.42706e-006	1.72394e-005	1.3253e-005
-1.64273e-006	3.45641e-005	8.34337e-005
-5.15238e-007	5.19353e-006	1.86816e-006
-2.38317e-006	2.07749e-005	1.60992e-005
-2.30085e-006	3.78364e-005	4.94359e-005
-1.30701e-006	1.58806e-005	1.04159e-005
-1.0015e-006	1.72285e-005	1.14116e-005
-6.93857e-007	7.35844e-006	3.08099e-006
-3.54033e-006	3.10781e-005	5.05273e-005
-1.77456e-006	2.23747e-005	1.72879e-005
-3.78765e-006	4.9511e-005	6.46382e-005
-1.52411e-006	1.56628e-005	1.62614e-005
-1.02396e-006	1.76114e-005	1.76309e-005
-5.71077e-007	5.85703e-006	2.45691e-006
-2.0644e-006	3.02869e-005	8.37615e-005
-1.87919e-006	1.91809e-005	1.47712e-005
-2.30092e-006	3.71069e-005	5.8353e-005
-3.37372e-007	5.37994e-006	1.93237e-006
-4.76788e-006	4.08623e-005	4.30889e-005
-8.24753e-007	1.42926e-005	9.23999e-006
-1.44003e-006	1.40012e-005	5.27209e-006
-1.38437e-006	1.75912e-005	1.3519e-005
-1.65698e-006	2.69753e-005	7.56577e-005
-1.80183e-006	1.7468e-005	1.16606e-005
-9.99332e-007	1.54559e-005	1.60413e-005
-5.10124e-007	5.31088e-006	6.67725e-007
-6.44756e-007	6.67664e-006	2.47687e-006
-7.7317e-007	7.68573e-006	3.17065e-006
-3.64151e-007	4.48837e-006	5.48157e-007
3.39097e-005	4.39346e-006	4.4682e-006
1.54867e-005	1.65976e-006	2.08154e-006
6.91697e-006	3.73499e-007	1.99835e-006
0.78981	0.0759755	0.608629
-3.41399e-005	-1.10448e-006	4.51337e-006
0.606037	0.0586141	0.793274
1.76275e-005	2.3004e-006	5.62201e-006
8.82147e-006	1.14998e-006	2.81787e-006
4.71449e-005	6.02268e-006	1.96697e-005
0.38054	0.0392958	0.923929
2.113e-005	1.52871e-006	1.05222e-005
-1.55557e-005	-8.42957e-007	2.03955e-006
0.717654	0.0541105	0.694294
5.84628e-005	6.09455e-006	4.43071e-005
2.92107e-005	3.04727e-006	2.21315e-005
-1.05858e-005	-8.46863e-007	1.0498e-006
0.612063	0.0620177	0.788374
0.482353	0.0277162	0.875538
4.12063e-005	5.89057e-006	8.04601e-005
-1.47909e-005	-9.82513e-007	1.94141e-006
3.9533e-005	2.90534e-006	1.64219e-005
0.235885	0.01184	0.971709
0.129374	0.0195712	0.991403
-0.382143	-0.0224924	0.923829
-6.86357e-006	-7.25117e-007	1.97223e-006
-0.13084	-0.00152231	0.991402
1.47676e-005	1.39643e-006	1.94287e-006
-0.607573	-0.0396468	0.793273
-4.7433e-005	-1.63006e-006	1.96413e-005
-0.79173	-0.0522978	0.608628
-3.94423e-005	-3.45121e-006	1.64028e-005
1.05846e-005	8.63703e-007	1.06573e-006
-6.05092e-006	-2.83785e-007	6.23474e-007
-0.480441	-0.0501991	0.875589
-0.234778	-0.0263106	0.971693
-4.15976e-005	-8.10751e-007	8.04411e-005
-8.88892e-006	-2.64288e-007	2.78082e-006
-1.77431e-005	-5.61731e-007	5.61176e-006
-0.614301	-0.0371707	0.788196
-0.717052	-0.0620655	0.694251
6.01632e-006	7.12063e-007	6.56067e-007
-2.10743e-005	-1.89784e-006	1.06227e-005
-2.93432e-005	-1.64654e-006	2.20576e-005
-5.86644e-005	-3.39666e-006	4.43333e-005
0.000563344	-0.00753507	0.999971
-3.41413e-005	-1.10463e-006	-4.51337e-006
-1.55557e-005	-8.42957e-007	-2.03955e-006
-6.87029e-006	-7.31819e-007	-2.02051e-006
-0.791731	-0.0522866	-0.608628
3.39111e-005	4.39355e-006	-4.4682e-006
-0.607587	-0.0396417	-0.793263
-1.77429e-005	-5.61573e-007	-5.61176e-006
-8.86377e-006	-2.89433e-007	-2.83612e-006
-4.74331e-005	-1.62952e-006	-1.96413e-005
-0.382145	-0.0224654	-0.923829
-2.1088e-005	-1.88509e-006	-1.06381e-005
1.54867e-005	1.65976e-006	-2.08154e-006
-0.717069	-0.0620624	-0.694234
-5.86644e-005	-3.39666e-006	-4.43333e-005
-2.92908e-005	-1.69833e-006	-2.21428e-005
1.05846e-005	8.63703e-007	-1.06573e-006
-0.614301	-0.0371707	-0.788196
-0.480511	-0.050193	-0.875551
-4.16098e-005	-8.16147e-007	-8.04411e-005
1.47676e-005	1.39643e-006	-1.94287e-006
-3.94405e-005	-3.45094e-006	-1.64028e-005
-0.234693	-0.0262843	-0.971714
-0.13082	-0.00151169	-0.991405
0.380543	0.0392635	-0.923929
6.90167e-006	3.73369e-007	-1.9942e-006
0.129355	0.0195553	-0.991406
-1.47909e-005	-9.82513e-007	-1.94141e-006
0.606051	0.0586136	-0.793264
4.71449e-005	6.02268e-006	-1.96697e-005
0.789809	0.0759866	-0.608628
3.95313e-005	2.90478e-006	-1.64219e-005
-1.05858e-005	-8.46863e-007	-1.0498e-006
6.02475e-006	6.97701e-007	-6.11572e-007
0.48229	0.0276934	-0.875574
0.235953	0.0118181	-0.971693
4.11957e-005	5.89148e-006	-8.04601e-005
8.82147e-006	1.17514e-006	-2.75824e-006
1.76253e-005	2.3001e-006	-5.62201e-006
0.612069	0.0620137	-0.788369
0.717654	0.0541105	-0.694294
-6.04358e-006	-2.83672e-007	-6.20789e-007
2.11341e-005	1.52458e-006	-1.06259e-005
2.92628e-005	3.04727e-006	-2.21825e-005
5.84628e-005	6.09455e-006	-4.43071e-005
0.000655536	-0.0075276	-0.999971
-2.80085e-006	3.46502e-005	-8.94775e-008
-0.0805694	0.996748	0.00102391
-0.0807592	0.996734	-0.000422084
-0.0807592	0.996734	-4.51949e-005
-0.0807491	0.996734	3.19597e-005
-0.0807491	0.996734	7.43122e-005
-0.0807668	0.996733	-6.06782e-005
-0.0807668	0.996733	9.90224e-005
-0.0807798	0.996732	-9.36213e-005
-0.0807798	0.996732	9.36255e-005
-0.0807914	0.996731	-8.87829e-005
-0.0807911	0.996728	-0.00263381
-0.0806241	0.996742	0.0023922
-0.0806244	0.996745	0.000318203
-0.0806452	0.996743	-0.000315459
-0.0806452	0.996743	0.000315432
-0.0806586	0.996742	-9.43433e-005
-0.0806586	0.996742	0.0003137
-0.0806788	0.99674	-0.000311041
-0.0806586	0.996742	-0.000313673
-0.0806452	0.996743	9.61387e-005
-0.0806241	0.996741	0.00261166
-0.0807912	0.996728	-0.00241432
-0.0807592	0.996733	-0.000564328
-0.0805694	0.996749	0.000881997

#	Mesh	0	End

