#	Mesh	0	Begin

#	Vertex	558
106.677	-91.8543	2.945
104.648	-92.0185	2.945
104.649	-92.031	2.945
106.678	-91.8668	2.945
106.677	-91.8543	3.09586
104.648	-92.0185	3.09586
104.649	-92.031	3.09586
106.678	-91.8668	3.09586
104.649	-92.026	3.125
104.649	-92.0286	3.12477
104.649	-92.0311	3.1241
104.65	-92.0335	3.12299
104.65	-92.0356	3.12149
104.65	-92.0375	3.11964
104.65	-92.039	3.1175
104.65	-92.0401	3.11513
104.65	-92.0407	3.1126
104.65	-92.041	3.11
104.65	-92.0407	3.1074
104.65	-92.0401	3.10487
104.65	-92.039	3.1025
104.65	-92.0375	3.10036
104.65	-92.0356	3.09851
104.65	-92.0335	3.09701
104.649	-92.0311	3.0959
104.649	-92.0286	3.09523
104.649	-92.026	3.095
104.649	-92.026	3.11
104.626	-91.7451	3.11
104.626	-91.7451	3.125
106.677	-91.8618	3.125
106.678	-91.8644	3.12477
106.678	-91.8669	3.1241
106.678	-91.8693	3.12299
106.678	-91.8714	3.12149
106.678	-91.8732	3.11964
106.678	-91.8747	3.1175
106.678	-91.8758	3.11513
106.679	-91.8765	3.1126
106.679	-91.8767	3.11
106.679	-91.8765	3.1074
106.678	-91.8758	3.10487
106.678	-91.8747	3.1025
106.678	-91.8732	3.10036
106.678	-91.8714	3.09851
106.678	-91.8693	3.09701
106.678	-91.8669	3.0959
106.678	-91.8644	3.09523
106.677	-91.8618	3.095
106.677	-91.8618	3.11
106.655	-91.5809	3.11
106.655	-91.5809	3.125
106.654	-91.5684	3.11
104.625	-91.7326	3.11
106.654	-91.5684	3.26086
104.625	-91.7326	3.26086
104.626	-91.7451	3.26086
106.655	-91.5809	3.26086
104.626	-91.7401	3.29
104.626	-91.7427	3.28977
104.626	-91.7452	3.2891
104.626	-91.7476	3.28799
104.627	-91.7497	3.28649
104.627	-91.7516	3.28464
104.627	-91.7531	3.2825
104.627	-91.7542	3.28013
104.627	-91.7548	3.2776
104.627	-91.7551	3.275
104.627	-91.7548	3.2724
104.627	-91.7542	3.26987
104.627	-91.7531	3.2675
104.627	-91.7516	3.26536
104.627	-91.7497	3.26351
104.626	-91.7476	3.26201
104.626	-91.7452	3.2609
104.626	-91.7427	3.26023
104.626	-91.7401	3.26
104.626	-91.7401	3.275
104.603	-91.4592	3.275
104.603	-91.4592	3.29
106.654	-91.5759	3.29
106.654	-91.5785	3.28977
106.655	-91.581	3.2891
106.655	-91.5834	3.28799
106.655	-91.5855	3.28649
106.655	-91.5873	3.28464
106.655	-91.5888	3.2825
106.655	-91.5899	3.28013
106.655	-91.5906	3.2776
106.655	-91.5908	3.275
106.655	-91.5906	3.2724
106.655	-91.5899	3.26987
106.655	-91.5888	3.2675
106.655	-91.5873	3.26536
106.655	-91.5855	3.26351
106.655	-91.5834	3.26201
106.655	-91.581	3.2609
106.654	-91.5785	3.26023
106.654	-91.5759	3.26
106.654	-91.5759	3.275
106.631	-91.295	3.275
106.631	-91.295	3.29
106.63	-91.2825	3.275
104.602	-91.4467	3.275
106.63	-91.2825	3.42586
104.602	-91.4467	3.42586
104.603	-91.4592	3.42586
106.631	-91.295	3.42586
104.603	-91.4542	3.455
104.603	-91.4568	3.45477
104.603	-91.4593	3.4541
104.603	-91.4617	3.45299
104.603	-91.4638	3.45149
104.604	-91.4657	3.44964
104.604	-91.4672	3.4475
104.604	-91.4683	3.44513
104.604	-91.4689	3.4426
104.604	-91.4692	3.44
104.604	-91.4689	3.4374
104.604	-91.4683	3.43487
104.604	-91.4672	3.4325
104.604	-91.4657	3.43036
104.603	-91.4638	3.42851
104.603	-91.4617	3.42701
104.603	-91.4593	3.4259
104.603	-91.4568	3.42523
104.603	-91.4542	3.425
104.603	-91.4542	3.44
104.58	-91.1733	3.44
104.58	-91.1733	3.455
106.631	-91.29	3.455
106.631	-91.2926	3.45477
106.631	-91.2951	3.4541
106.632	-91.2975	3.45299
106.632	-91.2996	3.45149
106.632	-91.3014	3.44964
106.632	-91.3029	3.4475
106.632	-91.304	3.44513
106.632	-91.3047	3.4426
106.632	-91.3049	3.44
106.632	-91.3047	3.4374
106.632	-91.304	3.43487
106.632	-91.3029	3.4325
106.632	-91.3014	3.43036
106.632	-91.2996	3.42851
106.632	-91.2975	3.42701
106.631	-91.2951	3.4259
106.631	-91.2926	3.42523
106.631	-91.29	3.425
106.631	-91.29	3.44
106.608	-91.0091	3.44
106.608	-91.0091	3.455
106.607	-90.9966	3.44
104.579	-91.1608	3.44
106.607	-90.9966	3.59086
104.579	-91.1608	3.59086
104.58	-91.1733	3.59086
106.608	-91.0091	3.59086
104.58	-91.1683	3.62
104.58	-91.1709	3.61977
104.58	-91.1734	3.6191
104.58	-91.1758	3.61799
104.58	-91.1779	3.61649
104.58	-91.1798	3.61464
104.581	-91.1813	3.6125
104.581	-91.1824	3.61013
104.581	-91.183	3.6076
104.581	-91.1833	3.605
104.581	-91.183	3.6024
104.581	-91.1824	3.59987
104.581	-91.1813	3.5975
104.58	-91.1798	3.59536
104.58	-91.1779	3.59351
104.58	-91.1758	3.59201
104.58	-91.1734	3.5909
104.58	-91.1709	3.59023
104.58	-91.1683	3.59
104.58	-91.1683	3.605
104.557	-90.8874	3.605
104.557	-90.8874	3.62
106.608	-91.0041	3.62
106.608	-91.0067	3.61977
106.608	-91.0092	3.6191
106.609	-91.0116	3.61799
106.609	-91.0137	3.61649
106.609	-91.0155	3.61464
106.609	-91.017	3.6125
106.609	-91.0181	3.61013
106.609	-91.0188	3.6076
106.609	-91.019	3.605
106.609	-91.0188	3.6024
106.609	-91.0181	3.59987
106.609	-91.017	3.5975
106.609	-91.0155	3.59536
106.609	-91.0137	3.59351
106.609	-91.0116	3.59201
106.608	-91.0092	3.5909
106.608	-91.0067	3.59023
106.608	-91.0041	3.59
106.608	-91.0041	3.605
106.585	-90.7232	3.605
106.585	-90.7232	3.62
106.584	-90.7107	3.605
104.556	-90.8749	3.605
106.584	-90.7107	3.75586
104.556	-90.8749	3.75586
104.557	-90.8874	3.75586
106.585	-90.7232	3.75586
104.556	-90.8824	3.785
104.557	-90.885	3.78477
104.557	-90.8875	3.7841
104.557	-90.8899	3.78299
104.557	-90.892	3.78149
104.557	-90.8939	3.77964
104.557	-90.8954	3.7775
104.558	-90.8965	3.77513
104.558	-90.8971	3.7726
104.558	-90.8974	3.77
104.558	-90.8971	3.7674
104.558	-90.8965	3.76487
104.557	-90.8954	3.7625
104.557	-90.8939	3.76036
104.557	-90.892	3.75851
104.557	-90.8899	3.75701
104.557	-90.8875	3.7559
104.557	-90.885	3.75523
104.556	-90.8824	3.755
104.556	-90.8824	3.77
104.534	-90.6015	3.77
104.534	-90.6015	3.785
106.585	-90.7182	3.785
106.585	-90.7208	3.78477
106.585	-90.7233	3.7841
106.585	-90.7257	3.78299
106.586	-90.7278	3.78149
106.586	-90.7296	3.77964
106.586	-90.7311	3.7775
106.586	-90.7322	3.77513
106.586	-90.7329	3.7726
106.586	-90.7331	3.77
106.586	-90.7329	3.7674
106.586	-90.7322	3.76487
106.586	-90.7311	3.7625
106.586	-90.7296	3.76036
106.586	-90.7278	3.75851
106.585	-90.7257	3.75701
106.585	-90.7233	3.7559
106.585	-90.7208	3.75523
106.585	-90.7182	3.755
106.585	-90.7182	3.77
106.562	-90.4373	3.77
106.562	-90.4373	3.785
106.561	-90.4248	3.77
104.533	-90.589	3.77
106.561	-90.4248	3.92086
104.533	-90.589	3.92086
104.534	-90.6015	3.92086
106.562	-90.4373	3.92086
104.533	-90.5965	3.95
104.533	-90.5991	3.94977
104.534	-90.6016	3.9491
104.534	-90.604	3.94799
104.534	-90.6061	3.94649
104.534	-90.608	3.94464
104.534	-90.6095	3.9425
104.534	-90.6106	3.94013
104.534	-90.6112	3.9376
104.534	-90.6115	3.935
104.534	-90.6112	3.9324
104.534	-90.6106	3.92987
104.534	-90.6095	3.9275
104.534	-90.608	3.92536
104.534	-90.6061	3.92351
104.534	-90.604	3.92201
104.534	-90.6016	3.9209
104.533	-90.5991	3.92023
104.533	-90.5965	3.92
104.533	-90.5965	3.935
104.51	-90.3156	3.935
104.51	-90.3156	3.95
106.562	-90.4323	3.95
106.562	-90.4349	3.94977
106.562	-90.4374	3.9491
106.562	-90.4398	3.94799
106.562	-90.4419	3.94649
106.563	-90.4437	3.94464
106.563	-90.4452	3.9425
106.563	-90.4463	3.94013
106.563	-90.447	3.9376
106.563	-90.4472	3.935
106.563	-90.447	3.9324
106.563	-90.4463	3.92987
106.563	-90.4452	3.9275
106.563	-90.4437	3.92536
106.562	-90.4419	3.92351
106.562	-90.4398	3.92201
106.562	-90.4374	3.9209
106.562	-90.4349	3.92023
106.562	-90.4323	3.92
106.562	-90.4323	3.935
106.539	-90.1514	3.935
106.539	-90.1514	3.95
106.538	-90.1389	3.935
104.509	-90.3031	3.935
106.538	-90.1389	4.08586
104.509	-90.3031	4.08586
104.51	-90.3156	4.08586
106.539	-90.1514	4.08586
104.51	-90.3106	4.115
104.51	-90.3132	4.11477
104.511	-90.3157	4.1141
104.511	-90.3181	4.11299
104.511	-90.3202	4.11149
104.511	-90.3221	4.10964
104.511	-90.3236	4.1075
104.511	-90.3247	4.10513
104.511	-90.3253	4.1026
104.511	-90.3256	4.1
104.511	-90.3253	4.0974
104.511	-90.3247	4.09487
104.511	-90.3236	4.0925
104.511	-90.3221	4.09036
104.511	-90.3202	4.08851
104.511	-90.3181	4.08701
104.511	-90.3157	4.0859
104.51	-90.3132	4.08523
104.51	-90.3106	4.085
104.51	-90.3106	4.1
104.487	-90.0297	4.1
104.487	-90.0297	4.115
106.538	-90.1464	4.115
106.539	-90.149	4.11477
106.539	-90.1515	4.1141
106.539	-90.1539	4.11299
106.539	-90.156	4.11149
106.539	-90.1578	4.10964
106.539	-90.1593	4.1075
106.54	-90.1604	4.10513
106.54	-90.1611	4.1026
106.54	-90.1613	4.1
106.54	-90.1611	4.0974
106.54	-90.1604	4.09487
106.539	-90.1593	4.0925
106.539	-90.1578	4.09036
106.539	-90.156	4.08851
106.539	-90.1539	4.08701
106.539	-90.1515	4.0859
106.539	-90.149	4.08523
106.538	-90.1464	4.085
106.538	-90.1464	4.1
106.516	-89.8655	4.1
106.516	-89.8655	4.115
106.515	-89.853	4.1
104.486	-90.0173	4.1
106.515	-89.853	4.25086
104.486	-90.0173	4.25086
104.487	-90.0297	4.25086
106.516	-89.8655	4.25086
104.487	-90.0247	4.28
104.487	-90.0273	4.27977
104.487	-90.0298	4.2791
104.488	-90.0322	4.27799
104.488	-90.0343	4.27649
104.488	-90.0362	4.27464
104.488	-90.0377	4.2725
104.488	-90.0388	4.27013
104.488	-90.0394	4.2676
104.488	-90.0397	4.265
104.488	-90.0394	4.2624
104.488	-90.0388	4.25987
104.488	-90.0377	4.2575
104.488	-90.0362	4.25536
104.488	-90.0343	4.25351
104.488	-90.0322	4.25201
104.487	-90.0298	4.2509
104.487	-90.0273	4.25023
104.487	-90.0247	4.25
104.487	-90.0247	4.265
104.464	-89.7438	4.265
104.464	-89.7438	4.28
106.515	-89.8605	4.28
106.516	-89.8631	4.27977
106.516	-89.8656	4.2791
106.516	-89.868	4.27799
106.516	-89.8701	4.27649
106.516	-89.8719	4.27464
106.516	-89.8734	4.2725
106.516	-89.8745	4.27013
106.516	-89.8752	4.2676
106.517	-89.8754	4.265
106.516	-89.8752	4.2624
106.516	-89.8745	4.25987
106.516	-89.8734	4.2575
106.516	-89.8719	4.25536
106.516	-89.8701	4.25351
106.516	-89.868	4.25201
106.516	-89.8656	4.2509
106.516	-89.8631	4.25023
106.515	-89.8605	4.25
106.515	-89.8605	4.265
106.493	-89.5796	4.265
106.493	-89.5796	4.28
106.492	-89.5671	4.265
104.463	-89.7314	4.265
106.492	-89.5671	4.41586
104.463	-89.7314	4.41586
104.464	-89.7438	4.41586
106.493	-89.5796	4.41586
104.464	-89.7388	4.445
104.464	-89.7414	4.44477
104.464	-89.7439	4.4441
104.464	-89.7463	4.44299
104.465	-89.7484	4.44149
104.465	-89.7503	4.43964
104.465	-89.7518	4.4375
104.465	-89.7529	4.43513
104.465	-89.7535	4.4326
104.465	-89.7538	4.43
104.465	-89.7535	4.4274
104.465	-89.7529	4.42487
104.465	-89.7518	4.4225
104.465	-89.7503	4.42036
104.465	-89.7484	4.41851
104.464	-89.7463	4.41701
104.464	-89.7439	4.4159
104.464	-89.7414	4.41523
104.464	-89.7388	4.415
104.464	-89.7388	4.43
104.441	-89.4579	4.43
104.441	-89.4579	4.445
106.492	-89.5746	4.445
106.492	-89.5772	4.44477
106.493	-89.5797	4.4441
106.493	-89.5821	4.44299
106.493	-89.5842	4.44149
106.493	-89.586	4.43964
106.493	-89.5875	4.4375
106.493	-89.5886	4.43513
106.493	-89.5893	4.4326
106.493	-89.5895	4.43
106.493	-89.5893	4.4274
106.493	-89.5886	4.42487
106.493	-89.5875	4.4225
106.493	-89.586	4.42036
106.493	-89.5842	4.41851
106.493	-89.5821	4.41701
106.493	-89.5797	4.4159
106.492	-89.5772	4.41523
106.492	-89.5746	4.415
106.492	-89.5746	4.43
106.469	-89.2937	4.43
106.469	-89.2937	4.445
106.468	-89.2812	4.43
104.44	-89.4455	4.43
106.468	-89.2812	4.58086
104.44	-89.4455	4.58086
104.441	-89.4579	4.58086
106.469	-89.2937	4.58086
104.441	-89.4529	4.61
104.441	-89.4555	4.60977
104.441	-89.458	4.6091
104.441	-89.4604	4.60799
104.441	-89.4625	4.60649
104.442	-89.4644	4.60464
104.442	-89.4659	4.6025
104.442	-89.467	4.60013
104.442	-89.4676	4.5976
104.442	-89.4679	4.595
104.442	-89.4676	4.5924
104.442	-89.467	4.58987
104.442	-89.4659	4.5875
104.442	-89.4644	4.58536
104.441	-89.4625	4.58351
104.441	-89.4604	4.58201
104.441	-89.458	4.5809
104.441	-89.4555	4.58023
104.441	-89.4529	4.58
104.441	-89.4529	4.595
104.418	-89.172	4.595
104.418	-89.172	4.61
106.469	-89.2887	4.61
106.469	-89.2913	4.60977
106.469	-89.2938	4.6091
106.47	-89.2962	4.60799
106.47	-89.2983	4.60649
106.47	-89.3001	4.60464
106.47	-89.3016	4.6025
106.47	-89.3028	4.60013
106.47	-89.3034	4.5976
106.47	-89.3036	4.595
106.47	-89.3034	4.5924
106.47	-89.3028	4.58987
106.47	-89.3016	4.5875
106.47	-89.3001	4.58536
106.47	-89.2983	4.58351
106.47	-89.2962	4.58201
106.469	-89.2938	4.5809
106.469	-89.2913	4.58023
106.469	-89.2887	4.58
106.469	-89.2887	4.595
106.446	-89.0078	4.595
106.446	-89.0078	4.61
106.422	-88.7094	4.76
104.394	-88.8737	4.76
104.395	-88.8861	4.76
106.423	-88.7219	4.76
106.422	-88.7094	4.91086
104.394	-88.8737	4.91086
104.395	-88.8861	4.91086
106.423	-88.7219	4.91086
106.445	-88.9953	4.595
104.417	-89.1596	4.595
106.445	-88.9953	4.74586
104.417	-89.1596	4.74586
104.418	-89.172	4.74586
106.446	-89.0078	4.74586
104.417	-89.167	4.775
104.418	-89.1696	4.77477
104.418	-89.1721	4.7741
104.418	-89.1745	4.77299
104.418	-89.1766	4.77149
104.418	-89.1785	4.76964
104.419	-89.18	4.7675
104.419	-89.1811	4.76513
104.419	-89.1818	4.7626
104.419	-89.182	4.76
104.419	-89.1818	4.7574
104.419	-89.1811	4.75487
104.419	-89.18	4.7525
104.418	-89.1785	4.75036
104.418	-89.1766	4.74851
104.418	-89.1745	4.74701
104.418	-89.1721	4.7459
104.418	-89.1696	4.74523
104.417	-89.167	4.745
104.417	-89.167	4.76
104.395	-88.8861	4.775
106.446	-89.0028	4.775
106.446	-89.0054	4.77477
106.446	-89.0079	4.7741
106.446	-89.0103	4.77299
106.447	-89.0124	4.77149
106.447	-89.0143	4.76964
106.447	-89.0157	4.7675
106.447	-89.0169	4.76513
106.447	-89.0175	4.7626
106.447	-89.0178	4.76
106.447	-89.0175	4.7574
106.447	-89.0169	4.75487
106.447	-89.0157	4.7525
106.447	-89.0143	4.75036
106.447	-89.0124	4.74851
106.446	-89.0103	4.74701
106.446	-89.0079	4.7459
106.446	-89.0054	4.74523
106.446	-89.0028	4.745
106.446	-89.0028	4.76
106.423	-88.7219	4.775

#	Triangle	168
3	4	7	0	4	3	50	54	57	52	54	50	505	506	509	502	506	505
0	5	4	1	5	0	52	55	54	53	55	52	76	99	98	77	99	76	78	101	100	79	101	78	102	105	104	103	105	102	126	149	148	127	149	126	128	151	150	129	151	128	152	155	154	153	155	152	176	199	198	177	199	176	178	201	200	179	201	178	202	205	204	203	205	202	226	249	248	227	249	226	228	251	250	229	251	228	252	255	254	253	255	252	276	299	298	277	299	276	278	301	300	279	301	278	326	349	348	327	349	326	328	351	350	329	351	328	376	399	398	377	399	376	378	401	400	379	401	378	502	507	506	503	507	502
1	6	5	2	6	1	53	56	55	28	56	53	103	106	105	78	106	103	153	156	155	128	156	153	453	456	455	428	456	453	503	508	507	504	508	503	511	514	513	478	514	511
2	7	6	3	7	2	28	57	56	50	57	28	428	457	456	450	457	428	504	509	508	505	509	504	478	515	514	500	515	478
3	1	0	2	1	3	27	50	49	28	50	27	50	53	52	28	53	50	77	100	99	78	100	77	100	103	102	78	103	100	127	150	149	128	150	127	150	153	152	128	153	150	177	200	199	178	200	177	200	203	202	178	203	200	227	250	249	228	250	227	250	253	252	228	253	250	277	300	299	278	300	277	300	303	302	278	303	300	327	350	349	328	350	327	350	353	352	328	353	350	377	400	399	378	400	377	400	403	402	378	403	400	427	450	449	428	450	427	450	453	452	428	453	450	477	500	499	478	500	477	505	503	502	504	503	505	500	511	510	478	511	500	535	505	556	504	505	535
4	6	7	5	6	4	29	30	51	8	30	29	54	56	57	55	56	54	79	80	101	58	80	79	104	106	107	105	106	104	129	130	151	108	130	129	154	156	157	155	156	154	179	180	201	158	180	179	204	206	207	205	206	204	229	230	251	208	230	229	254	256	257	255	256	254	279	280	301	258	280	279	304	306	307	305	306	304	329	330	351	308	330	329	354	356	357	355	356	354	379	380	401	358	380	379	404	406	407	405	406	404	429	430	451	408	430	429	454	456	457	455	456	454	479	480	501	458	480	479	506	508	509	507	508	506	512	514	515	513	514	512	536	537	557	516	537	536
8	31	30	209	231	208	259	281	258
9	31	8	58	81	80	59	81	58	108	131	130	109	131	108	158	181	180	159	181	158	208	231	230	258	281	280
9	32	31	10	32	9	59	82	81	60	82	59	109	132	131	159	182	181	310	332	309	360	382	359	410	432	409	459	482	481	460	482	459	517	539	538	518	539	517
10	33	32	60	83	82	310	333	332	360	383	382	410	433	432	460	483	482	518	540	539
11	33	10	61	83	60	461	483	460
11	34	33	61	84	83	111	134	133
12	34	11	62	84	61	112	134	111	161	184	183	162	184	161	211	234	233	212	234	211	261	284	283	262	284	261
12	35	34
13	35	12
13	36	35
14	36	13	64	86	63	114	136	113
14	37	36	64	87	86	114	137	136	164	187	186	465	487	464	523	544	522
15	37	14	65	87	64	115	137	114	165	187	164	464	487	486	522	544	543
15	38	37	65	88	87	115	138	137	165	188	187	266	288	265
16	38	15	66	88	65	116	138	115	166	188	165	265	288	287
16	39	38	66	89	88	116	139	138	166	189	188
17	39	16	67	89	66	117	139	116	167	189	166
17	40	39	67	90	89	117	140	139	167	190	189
18	40	17	68	90	67	118	140	117	168	190	167	218	240	217
18	41	40	68	91	90	118	141	140	168	191	190	218	241	240	219	241	218	269	291	268
19	41	18	69	91	68	119	141	118	169	191	168	268	291	290
19	42	41	69	92	91	119	142	141	169	192	191	420	442	419	470	492	469	528	549	527
20	42	19	70	92	69	120	142	119	170	192	169	469	492	491	527	549	548
20	43	42	221	243	220	271	293	270	321	343	320
21	43	20
21	44	43	322	344	321
22	44	21	71	94	93	72	94	71	121	144	143	122	144	121	171	194	193	221	244	243	271	294	293	321	344	343
22	45	44	72	95	94	122	145	144
23	45	22	73	95	72	123	145	122
23	46	45	73	96	95	123	146	145	473	496	495	531	553	552
24	46	23	74	96	73	474	496	473
24	47	46	25	47	24	74	97	96	75	97	74	474	497	496	475	497	474	532	554	553	533	554	532
25	48	47	226	248	225	276	298	275	326	348	325
26	48	25	75	98	97	76	98	75	125	148	147	126	148	125	175	198	197	176	198	175	225	248	247	275	298	297	325	348	347
26	49	48	27	49	26	28	51	50	29	51	28	302	305	304	303	305	302	352	355	354	353	355	352	402	405	404	403	405	402	426	449	448	427	449	426	428	451	450	429	451	428	452	455	454	453	455	452	476	499	498	477	499	476	478	501	500	479	501	478	510	513	512	511	513	510	534	556	555	535	556	534	504	557	505	536	557	504
16	18	17	66	68	67	116	118	117	166	168	167	216	218	217	266	268	267	316	318	317	366	368	367	416	418	417	466	468	467	524	526	525
15	18	16	65	68	66	115	118	116	165	168	166	215	218	216	265	268	266
15	19	18	65	69	68	115	119	118	165	169	168	215	219	218	265	269	268	315	319	318	365	369	368	415	419	418	465	469	468	523	527	526
14	19	15	64	69	65	114	119	115	164	169	165	214	219	215	264	269	265	314	319	315	364	369	365	414	419	415	464	469	465	522	527	523
14	20	19	64	70	69	114	120	119	164	170	169	214	220	219	264	270	269	314	320	319	364	370	369	414	420	419	464	470	469	522	528	527
13	20	14	63	70	64	113	120	114	163	170	164	213	220	214	313	320	314	363	370	364	413	420	414	463	470	464	521	528	522
13	21	20	63	71	70	113	121	120	163	171	170	213	221	220	263	271	270	313	321	320	363	371	370	413	421	420	463	471	470	521	529	528
12	21	13	62	71	63	112	121	113	162	171	163	212	221	213	262	271	263	412	421	413	462	471	463	520	529	521
12	22	21	62	72	71	112	122	121	312	322	321	362	372	371	412	422	421	462	472	471	520	530	529
11	22	12	61	72	62	111	122	112	161	172	162	211	222	212	261	272	262	311	322	312	361	372	362	411	422	412	461	472	462	519	530	520
11	23	22	61	73	72	111	123	122	161	173	172	211	223	222	261	273	272	519	531	530
10	23	11	60	73	61	460	473	461	518	531	519
10	24	23	60	74	73	110	124	123	160	174	173	210	224	223	260	274	273	310	324	323	360	374	373	410	424	423	460	474	473
9	24	10	59	74	60	109	124	110	159	174	160	209	224	210	259	274	260	309	324	310	359	374	360	409	424	410	459	474	460	517	532	518
9	25	24	59	75	74	209	225	224	259	275	274	309	325	324	359	375	374	409	425	424	459	475	474	517	533	532
8	25	9	58	75	59	108	125	109	158	175	159	208	225	209	258	275	259	308	325	309	358	375	359	408	425	409	458	475	459	516	533	517
8	27	25	27	26	25	58	77	75	77	76	75	108	127	125	127	126	125	158	177	175	177	176	175	208	227	225	227	226	225	258	277	275	277	276	275	308	327	325	327	326	325	358	377	375	377	376	375	408	427	425	427	426	425	458	477	475	477	476	475	516	535	533	535	534	533
29	27	8	29	28	27	79	77	58	79	78	77	129	127	108	129	128	127
40	38	39	90	88	89	140	138	139	190	188	189	240	238	239	290	288	289	340	338	339	390	388	389	440	438	439	490	488	489	547	545	546
41	38	40	91	88	90	141	138	140	191	188	190	241	238	240	291	288	290	341	338	340	391	388	390	441	438	440
41	37	38	91	87	88	141	137	138	191	187	188	241	237	238	291	287	288	341	337	338	391	387	388	441	437	438	491	487	488	548	544	545
42	37	41	92	87	91	142	137	141	192	187	191	242	237	241	292	287	291	342	337	341	392	387	391	442	437	441	492	487	491	549	544	548
42	36	37	92	86	87	142	136	137	192	186	187	242	236	237	292	286	287	342	336	337	392	386	387	492	486	487	549	543	544
43	36	42	93	86	92	143	136	142	193	186	192	243	236	242	293	286	292	343	336	342	393	386	392	443	436	442	550	543	549
43	35	36	93	85	86	143	135	136	193	185	186	243	235	236	293	285	286	343	335	336	393	385	386	443	435	436	493	485	486	550	542	543
44	35	43
44	34	35	94	84	85	144	134	135	194	184	185	244	234	235	294	284	285	344	334	335	394	384	385	444	434	435	494	484	485	551	541	542
45	34	44	95	84	94	145	134	144	195	184	194	245	234	244	295	284	294	345	334	344	395	384	394	445	434	444	495	484	494	552	541	551
45	33	34	95	83	84	145	133	134
46	33	45	96	83	95	146	133	145	346	333	345	396	383	395	446	433	445	496	483	495	553	540	552
46	32	33	96	82	83	146	132	133	196	182	183	246	232	233	296	282	283	346	332	333	396	382	383	446	432	433	496	482	483	553	539	540
47	32	46	97	82	96	147	132	146	197	182	196	247	232	246	297	282	296	347	332	346	397	382	396	447	432	446	497	482	496	554	539	553
47	31	32	97	81	82	147	131	132	197	181	182	247	231	232	297	281	282	497	481	482	554	538	539
48	31	47	98	81	97	148	131	147	198	181	197	248	231	247	298	281	297	348	331	347	398	381	397	448	431	447	498	481	497	555	538	554
48	49	31	49	30	31	98	99	81	99	80	81	148	149	131	149	130	131	198	199	181	199	180	181	248	249	231	249	230	231	298	299	281	299	280	281	348	349	331	349	330	331	398	399	381	399	380	381	448	449	431	449	430	431	498	499	481	499	480	481	555	556	538	556	537	538
50	30	49	50	51	30	100	80	99	100	101	80	150	130	149	150	151	130	200	180	199	200	201	180	250	230	249	250	251	230	300	280	299	300	301	280	350	330	349	350	351	330	400	380	399	400	401	380	450	430	449	450	451	430	500	480	499	500	501	480	505	537	556	505	557	537
62	85	84	63	85	62	112	135	134	113	135	112	162	185	184	212	235	234	262	285	284
63	86	85	113	136	135	163	186	185	164	186	163	213	236	235	263	286	285
70	93	92	120	143	142	170	193	192	171	193	170
71	93	70	121	143	120
94	85	93	144	135	143	194	185	193	244	235	243	294	285	293	344	335	343	394	385	393	444	435	443	494	485	493	551	542	550
100	104	107	102	104	100	150	154	157	152	154	150	200	204	207	202	204	200	250	254	257	252	254	250	300	304	307	302	304	300	350	354	357	352	354	350	400	404	407	402	404	400	450	454	457	452	454	450	500	512	515	510	512	500
78	107	106	100	107	78	128	157	156	150	157	128	178	207	206	200	207	178	228	257	256	250	257	228	278	307	306	300	307	278	328	357	356	350	357	328	378	407	406	400	407	378
110	132	109	160	182	159	309	332	331	359	382	381	409	432	431
110	133	132
111	133	110
124	146	123	174	196	173	224	246	223	274	296	273
124	147	146	174	197	196	224	247	246	225	247	224	274	297	296	275	297	274	325	347	324	375	397	374	425	447	424
125	147	124	175	197	174	324	347	346	374	397	396	424	447	446
110	123	111	160	173	161	210	223	211	260	273	261	310	323	311	360	373	361	410	423	411
109	125	124	159	175	174
160	183	182	210	233	232	260	283	282	519	540	518
161	183	160	211	233	210	261	283	260	311	333	310	361	383	360	411	433	410
163	185	162	213	235	212	263	285	262
172	194	171	222	244	221	272	294	271
172	195	194	173	195	172	222	245	244	223	245	222	272	295	294	273	295	272
173	196	195	223	246	245	273	296	295	532	553	531
162	172	171	212	222	221	262	272	271
179	177	158	179	178	177	229	227	208	229	228	227	279	277	258	279	278	277	329	327	308	329	328	327	379	377	358	379	378	377	429	427	408	429	428	427	479	477	458	479	478	477	536	535	516	536	504	535
195	183	184	245	233	234	295	283	284	345	333	334	395	383	384	445	433	434	495	483	484	552	540	541
196	183	195	246	233	245	296	283	295
203	206	205	178	206	203	253	256	255	228	256	253
209	232	231	210	232	209	259	282	281	260	282	259
214	236	213	264	286	263
214	237	236	264	287	286	314	337	336	315	337	314	365	387	364	415	437	414
215	237	214	265	287	264	364	387	386
215	238	237	216	238	215
216	239	238
217	239	216	267	289	266
217	240	239
219	242	241	269	292	291	319	342	341	320	342	319	370	392	369
220	242	219	270	292	269	369	392	391
220	243	242	270	293	292	320	343	342
266	289	288
267	290	289
268	290	267
263	270	264
303	306	305	278	306	303	353	356	355	328	356	353
308	331	330	358	381	380	459	481	458	517	538	516
309	331	308	359	381	358	458	481	480	516	538	537
311	334	333	361	384	383	411	434	433
312	334	311	362	384	361	412	434	411
312	335	334	362	385	384	412	435	434	413	435	412	462	485	484	463	485	462	520	542	541	521	542	520
313	335	312	363	385	362
313	336	335	414	436	413	464	486	463	522	543	521
314	336	313	364	386	363
315	338	337	365	388	387	415	438	437
316	338	315	366	388	365	416	438	415	465	488	487	466	488	465	523	545	544	524	545	523
316	339	338	317	339	316	366	389	388	367	389	366	416	439	438	417	439	416	466	489	488	467	489	466	524	546	545	525	546	524
317	340	339	318	340	317	367	390	389	368	390	367	417	440	439	418	440	417	467	490	489	468	490	467	525	547	546	526	547	525
318	341	340	368	391	390	418	441	440
319	341	318	369	391	368	419	441	418
322	345	344
323	345	322
323	346	345	373	396	395	423	446	445
324	346	323	374	396	373	424	446	423
315	318	316	365	368	366	415	418	416	465	468	466	523	526	524
312	321	313	362	371	363
311	323	322	361	373	372	411	423	422
347	331	332	397	381	382	447	431	432
363	386	385
370	393	392
371	393	370
371	394	393
372	394	371
372	395	394	422	445	444	472	495	494	530	552	551	531	552	530
373	395	372	423	445	422
375	398	397	425	448	447	426	448	425	476	498	475	534	555	533
376	398	375	475	498	497	533	555	554
403	406	405	378	406	403
408	431	430	409	431	408
413	436	435	463	486	485	521	543	542
414	437	436
419	442	441
420	443	442	470	493	492	528	550	549
421	443	420	471	493	470	529	550	528
421	444	443	422	444	421	471	494	493	472	494	471	529	551	550	530	551	529
442	436	437
461	484	483
462	484	461
468	491	490	469	491	468	526	548	547	527	548	526
473	495	472
461	473	472
491	488	490	548	545	547
493	486	492
519	541	540	520	541	519
518	532	531

#	Normal	168
0.996741	0.0806648	-0
-0.0807008	0.996738	-0
-0.996745	-0.0806145	0
0.0807046	-0.996738	-0
-0	-0	-1
-0	0	1
0.00701645	-0.0866559	0.996214
0.00703695	-0.0869132	0.996191
0.0209015	-0.258154	0.965878
0.0341318	-0.421561	0.906158
0.0340487	-0.420517	0.906646
0.0462086	-0.570697	0.81986
0.0463192	-0.57209	0.818882
0.0571714	-0.706126	0.705774
0.0570539	-0.70464	0.707267
0.0660394	-0.815615	0.574814
0.0661403	-0.816897	0.572978
0.0731335	-0.90327	0.422794
0.0731406	-0.903362	0.422596
0.0779714	-0.963027	0.257875
0.0779149	-0.962284	0.260653
0.0803997	-0.992972	0.0868519
0.0803983	-0.992951	0.0870913
0.0804	-0.992972	-0.0868519
0.080398	-0.992951	-0.0870912
0.0779751	-0.963027	-0.257875
0.0779112	-0.962284	-0.260653
0.0731332	-0.90327	-0.422794
0.0731409	-0.903362	-0.422596
0.0660365	-0.815615	-0.574814
0.0661431	-0.816897	-0.572978
0.0571741	-0.706126	-0.705774
0.0570512	-0.704641	-0.707267
0.0462064	-0.570697	-0.81986
0.0463214	-0.57209	-0.818882
0.0341332	-0.421561	-0.906158
0.0340472	-0.420517	-0.906646
0.0209015	-0.258154	-0.965878
0.00701611	-0.0866559	-0.996214
0.00703728	-0.0869132	-0.996191
-0.080705	0.996738	-0
-1.18027e-006	-1.22097e-007	-0
-3.54081e-006	-2.84893e-007	-0
-6.9741e-006	-5.61134e-007	-0
-1.13028e-005	-8.81783e-007	-0
-1.65234e-005	-1.28906e-006	-0
-2.23828e-005	-1.875e-006	-0
-2.87749e-005	-2.41046e-006	-0
-3.55543e-005	-2.86242e-006	-0
-4.2372e-005	-3.41131e-006	-0
-4.90151e-005	-3.94994e-006	-0
-5.54125e-005	-4.46548e-006	-0
-6.15018e-005	-4.87143e-006	-0
-6.67332e-005	-5.2858e-006	-0
-7.09178e-005	-5.72628e-006	-0
-7.43227e-005	-6.00121e-006	-0
-7.66309e-005	-6.23203e-006	-0
-3.89063e-005	-3.16406e-006	-0
-0.996737	-0.0807213	-0
1.18027e-006	8.1398e-008	-0
3.50011e-006	2.84893e-007	-0
6.89394e-006	5.61134e-007	-0
1.13028e-005	9.61945e-007	-0
1.65234e-005	1.40625e-006	-0
2.25e-005	1.75781e-006	-0
2.89255e-005	2.25981e-006	-0
3.54037e-005	2.86242e-006	-0
4.21925e-005	3.41131e-006	-0
4.91947e-005	3.94994e-006	-0
5.56155e-005	4.46548e-006	-0
6.12988e-005	5.07441e-006	-0
6.65129e-005	5.50604e-006	-0
7.09178e-005	5.72628e-006	-0
7.43227e-005	6.00121e-006	-0
7.68617e-005	6.23203e-006	-0
3.90234e-005	3.16406e-006	-0
0.996739	0.0806938	-0
0.0570512	-0.704641	0.707267
0.0661492	-0.81701	0.572816
0.0661494	-0.81701	-0.572816
0.06614	-0.816897	-0.572978
3.55543e-005	2.86242e-006	-0
0.996745	0.0806145	-0
0.0807008	-0.996738	-0
0.0208425	-0.257413	0.966077
0.0341334	-0.421561	0.906158
0.0341407	-0.421653	0.906114
0.0341408	-0.421653	-0.906114
0.0209025	-0.258154	-0.965878
0.0208415	-0.257413	-0.966077
-6.12988e-005	-4.87143e-006	-0
-7.45535e-005	-6.00121e-006	-0
0.0340414	-0.420425	0.906689
0.0341391	-0.421653	0.906114
0.0570417	-0.704521	0.707388
0.0570414	-0.704521	-0.707388
0.0463192	-0.57209	-0.818882
0.0340397	-0.420425	-0.906689
-4.2372e-005	-3.59085e-006	-0
-0.996739	-0.0806938	-0
5.54125e-005	4.46548e-006	-0
6.15018e-005	5.07441e-006	-0
-0.996695	-0.0812353	0
0.0209025	-0.258154	0.965878
0.0660396	-0.815615	0.574814
0.0731369	-0.90327	0.422794
0.0731441	-0.903362	0.422596
0.0779751	-0.963027	0.257875
0.0803785	-0.99271	0.0898066
0.0803945	-0.992951	0.0870912
0.080375	-0.992711	-0.0898066
0.0731366	-0.90327	-0.422794
0.0731444	-0.903362	-0.422596
0.0661525	-0.81701	-0.572816
0.0803959	-0.992972	0.0868519
0.0803962	-0.992972	-0.0868519
0.0803942	-0.992951	-0.0870912
-2.25e-005	-1.75781e-006	-0
-0.996691	-0.081286	0
0.00704443	-0.0870057	0.996183
0.00702391	-0.0867481	0.996206
0.0463142	-0.572028	0.818926
0.0461946	-0.570522	0.819982
0.0570578	-0.704687	0.70722
0.0571754	-0.706173	0.705728
0.0661469	-0.81698	0.57286
0.0660371	-0.815585	0.574857
0.0779157	-0.96229	0.260629
0.0779722	-0.963033	0.257852
0.0803961	-0.992971	0.08686
0.0803961	-0.992971	-0.08686
0.077912	-0.96229	-0.260629
0.0779759	-0.963033	-0.257852
0.0463216	-0.57209	-0.818882
0.0461973	-0.570584	-0.819939
0.0341316	-0.421561	-0.906158
0.0341392	-0.421653	-0.906114
-3.49979e-006	-2.84866e-007	-0
-3.54032e-005	-2.86239e-006	-0
-5.5615e-005	-4.66841e-006	-0
7.45529e-005	6.00116e-006	-0
0.0661378	-0.816867	0.573022
0.0661407	-0.816866	-0.573022
0.066034	-0.815585	-0.574857
0.0570552	-0.704687	-0.70722
0.0571781	-0.706172	-0.705728
0.0463166	-0.572028	-0.818926
0.0461922	-0.570522	-0.819982
0.00704477	-0.0870057	-0.996183
0.00702358	-0.0867481	-0.996206
-0.996741	-0.0806648	0
0.00704477	-0.0870057	0.996183
0.066028	-0.815472	0.575019
0.0732325	-0.904497	0.420145
0.0732363	-0.904497	-0.420145
0.0660246	-0.815472	-0.575019
0.0661501	-0.816979	-0.57286
0.0570578	-0.704687	-0.70722
1.64062e-005	1.28906e-006	-0
0.0463164	-0.572028	0.818926
0.0463074	-0.571915	0.819005
0.0779722	-0.963033	-0.257852
0.0463072	-0.571915	-0.819005
-5.54115e-005	-4.66837e-006	-0
3.49979e-006	2.84866e-007	-0
2.25e-005	1.875e-006	-0
0.0463166	-0.572028	0.818926
-6.6732e-005	-5.50594e-006	-0

#	Mesh	0	End

