#	Mesh	0	Begin

#	Vertex	72
95.7493	-7.1716	-2.8285
95.7556	-7.17108	-2.83021
95.7616	-7.1706	-2.83302
95.767	-7.17016	-2.83682
95.7717	-7.16978	-2.84151
95.7755	-7.16948	-2.84694
95.7783	-7.16925	-2.85295
95.78	-7.16911	-2.85936
95.7806	-7.16906	-2.86597
95.78	-7.16911	-2.87258
95.7783	-7.16925	-2.87898
95.7755	-7.16948	-2.88499
95.7717	-7.16978	-2.89043
95.767	-7.17016	-2.89512
95.7616	-7.1706	-2.89892
95.7556	-7.17108	-2.90172
95.7493	-7.1716	-2.90344
95.7427	-7.17214	-2.90402
95.7361	-7.17267	-2.90344
95.7297	-7.17319	-2.90172
95.7237	-7.17367	-2.89892
95.7183	-7.17411	-2.89512
95.7136	-7.17449	-2.89043
95.7098	-7.17479	-2.88499
95.707	-7.17502	-2.87898
95.7053	-7.17516	-2.87258
95.7047	-7.17521	-2.86597
95.7053	-7.17516	-2.85936
95.707	-7.17502	-2.85295
95.7098	-7.17479	-2.84694
95.7136	-7.17449	-2.84151
95.7183	-7.17411	-2.83682
95.7237	-7.17367	-2.83302
95.7297	-7.17319	-2.83021
95.7361	-7.17267	-2.8285
95.7427	-7.17214	-2.82792
95.1522	0.201941	-2.8285
95.1586	0.202458	-2.83021
95.1646	0.202943	-2.83302
95.17	0.203382	-2.83682
95.1747	0.20376	-2.84151
95.1785	0.204067	-2.84694
95.1813	0.204294	-2.85295
95.183	0.204432	-2.85936
95.1836	0.204479	-2.86597
95.183	0.204432	-2.87258
95.1813	0.204294	-2.87898
95.1785	0.204067	-2.88499
95.1747	0.20376	-2.89043
95.17	0.203382	-2.89512
95.1646	0.202943	-2.89892
95.1586	0.202458	-2.90172
95.1522	0.201941	-2.90344
95.1456	0.201408	-2.90402
95.1391	0.200875	-2.90344
95.1327	0.200358	-2.90172
95.1267	0.199873	-2.89892
95.1213	0.199434	-2.89512
95.1166	0.199056	-2.89043
95.1128	0.198749	-2.88499
95.11	0.198522	-2.87898
95.1083	0.198384	-2.87258
95.1077	0.198337	-2.86597
95.1083	0.198384	-2.85936
95.11	0.198522	-2.85295
95.1128	0.198749	-2.84694
95.1166	0.199056	-2.84151
95.1213	0.199434	-2.83682
95.1267	0.199873	-2.83302
95.1327	0.200358	-2.83021
95.1391	0.200875	-2.8285
95.1456	0.201408	-2.82792

#	Triangle	92
35	36	71	0	36	35
0	37	36	1	37	0
1	38	37
2	38	1
2	39	38	3	39	2
3	40	39
4	40	3
4	41	40
5	41	4
5	42	41
6	42	5
6	43	42
7	43	6
7	44	43
8	44	7
8	45	44
9	45	8
9	46	45
10	46	9
10	47	46
11	47	10
11	48	47
12	48	11
12	49	48
13	49	12
13	50	49	14	50	13
14	51	50
15	51	14
15	52	51	16	52	15
16	53	52	17	53	16
17	54	53	18	54	17
18	55	54
19	55	18
19	56	55
20	56	19
20	57	56
21	57	20
21	58	57
22	58	21
22	59	58
23	59	22
23	60	59
24	60	23
24	61	60
25	61	24
25	62	61
26	62	25
26	63	62
27	63	26
27	64	63
28	64	27
28	65	64
29	65	28
29	66	65
30	66	29
30	67	66
31	67	30
31	68	67
32	68	31
32	69	68
33	69	32
33	70	69
34	70	33
34	71	70	35	71	34
7	9	8	26	25	27
6	9	7	27	25	24
6	10	9	27	24	28
5	10	6	28	24	23
5	11	10	29	22	30	29	23	22
4	11	5	4	12	11
3	12	4	3	13	12	30	21	31	30	22	21
2	13	3	2	14	13	31	20	32	31	21	20
1	14	2	1	15	14
0	15	1	0	16	15
35	16	0	35	17	16	34	17	35	34	18	17
33	18	34	33	19	18
32	19	33	32	20	19
28	23	29
45	43	44	62	63	61
46	43	45	61	63	64
46	42	43	61	64	60
47	42	46	60	64	65
47	41	42	60	65	59
48	41	47	48	40	41	59	66	58	59	65	66
49	40	48	49	39	40
50	39	49	50	38	39
51	38	50	51	37	38	56	69	55	56	68	69
52	37	51	52	36	37	55	70	54	55	69	70
53	36	52	53	71	36
54	71	53	54	70	71
57	68	56	57	67	68
58	67	57	58	66	67

#	Normal	92
0.0868781	0.00703447	0.996194
0.25807	0.0208958	0.9659
0.421225	0.0341063	0.906315
0.421226	0.0341064	0.906314
0.571788	0.0462973	0.819094
0.704422	0.0570366	0.707486
0.705008	0.0570833	0.706898
0.816679	0.0661251	0.573291
0.816129	0.0660814	0.574079
0.903176	0.0731296	0.422995
0.903625	0.073165	0.422029
0.96278	0.0779547	0.258799
0.96278	0.0779547	0.2588
0.993021	0.0804032	0.0862823
0.992919	0.0803961	0.0874504
0.993021	0.0804043	-0.0862792
0.99292	0.080395	-0.0874472
0.962778	0.0779545	-0.258808
0.962778	0.0779545	-0.25881
0.903177	0.0731287	-0.422995
0.903625	0.073166	-0.422029
0.816679	0.066126	-0.573291
0.816129	0.0660806	-0.574079
0.704423	0.0570359	-0.707486
0.705008	0.0570841	-0.706898
0.571813	0.0462993	-0.819077
0.421194	0.0341039	-0.906329
0.421196	0.034104	-0.906328
0.25807	0.0208958	-0.9659
0.0868781	0.00703447	-0.996194
-0.0868781	-0.00703446	-0.996194
-0.25807	-0.0208958	-0.9659
-0.257778	-0.0208718	-0.965979
-0.421194	-0.0341034	-0.906329
-0.421193	-0.0341033	-0.906329
-0.571263	-0.0462542	-0.819463
-0.571813	-0.0462993	-0.819077
-0.705007	-0.057084	-0.706899
-0.705008	-0.0570841	-0.706898
-0.816679	-0.066126	-0.573291
-0.816679	-0.066126	-0.573292
-0.903176	-0.0731296	-0.422995
-0.903177	-0.0731297	-0.422993
-0.962778	-0.0779555	-0.258808
-0.962778	-0.0779555	-0.25881
-0.99292	-0.0803961	-0.0874444
-0.99292	-0.0803961	-0.0874413
-0.99292	-0.0803961	0.0874476
-0.99292	-0.0803961	0.0874445
-0.96278	-0.0779557	0.258799
-0.96278	-0.0779557	0.2588
-0.903176	-0.0731296	0.422995
-0.903177	-0.0731297	0.422993
-0.816679	-0.066126	0.573291
-0.816679	-0.066126	0.573292
-0.705007	-0.057084	0.706899
-0.705008	-0.0570841	0.706898
-0.571239	-0.0462528	0.81948
-0.571788	-0.0462967	0.819094
-0.421225	-0.0341058	0.906315
-0.421224	-0.0341058	0.906315
-0.25807	-0.0208955	0.9659
-0.257778	-0.0208721	0.965979
-0.0868781	-0.00703446	0.996194
6.19434e-007	-7.63969e-006	-0
1.83249e-006	-2.26094e-005	-0
3.60933e-006	-4.4532e-005	-0
5.88422e-006	-7.25933e-005	-0
0.0807924	-0.996731	-0
0.0806266	-0.996744	-0
0.0807348	-0.996736	-0
0.0807241	-0.996736	-0
0.0806523	-0.996742	-0
0.0807483	-0.996735	-0
0.0806968	-0.996739	-0
0.0806502	-0.996742	-0
0.080733	-0.996736	-0
0.0805682	-0.996749	-0
-6.1641e-007	7.53645e-006	-0
-1.83088e-006	2.26094e-005	-0
-3.60615e-006	4.4532e-005	-0
-5.8878e-006	7.27966e-005	-0
-0.0806169	0.996745	-0
-0.0807638	0.996733	-0
-0.0806202	0.996745	-0
-0.0807241	0.996736	-0
-0.0806952	0.996739	-0
-0.0807412	0.996735	-0
-0.0807014	0.996738	-0
-0.0807037	0.996738	-0
-0.0806086	0.996746	-0
-0.0807542	0.996734	-0

#	Mesh	0	End

