#	Mesh	0	Begin

#	Vertex	24
60.6441	113.841	-19.973
60.7064	112.542	-19.973
59.8074	112.499	-19.973
59.7451	113.798	-19.973
60.7064	112.542	-19.0544
60.6441	113.841	-19.052
59.7451	113.798	-19.052
59.8074	112.499	-19.0544
60.6441	113.841	-19.1652
60.7064	112.542	-19.1672
59.8074	112.499	-19.1672
59.7451	113.798	-19.1652
60.6441	113.841	-11.523
60.7064	112.542	-11.523
60.7064	112.542	-17.5672
60.7064	112.542	-18.0544
60.6441	113.841	-18.052
60.6441	113.841	-17.5652
59.8074	112.499	-11.523
59.8074	112.499	-17.5672
59.8074	112.499	-18.0544
59.7451	113.798	-11.523
59.7451	113.798	-17.5652
59.7451	113.798	-18.052

#	Triangle	8
3	1	2	0	1	3
7	5	6	4	5	7
8	1	0	8	9	1	8	4	9	5	4	8	16	14	15	17	14	16	17	13	14	12	13	17
9	2	1	9	10	2	4	10	9	4	7	10	14	20	15	14	19	20	13	19	14	13	18	19
10	3	2	10	11	3	7	11	10	7	6	11	19	23	20	19	22	23	18	22	19	18	21	22
11	0	3	11	8	0	11	5	8	6	5	11	23	17	16	22	17	23	22	12	17	21	12	22
18	12	21	13	12	18
23	15	20	16	15	23

#	Normal	8
0	-0	-1
0.000157808	-0.00184101	0.999998
0.998852	0.0478966	0
0.0478992	-0.998852	-0
-0.998852	-0.0478966	-0
-0.0478992	0.998852	-0
-0	-0	1
-0.000157808	0.00184101	-0.999998

#	Mesh	0	End

