#	Mesh	0	Begin

#	Vertex	16
93.3335	-105.096	-11.8182
93.3337	-105.095	-12.4182
93.3319	-105.073	-12.4182
93.3316	-105.073	-11.8182
94.0365	-105.252	-11.818
94.0368	-105.252	-12.418
88.4939	-113.269	-11.8267
88.2584	-113.286	-11.8268
88.2587	-113.286	-12.4268
88.4942	-113.268	-12.4267
89.4632	-113.197	-12.4262
89.4629	-113.198	-11.8262
93.1161	-105.09	-11.8183
93.0989	-104.877	-11.8182
93.0989	-104.877	-12.4182
93.1161	-105.09	-12.4183

#	Triangle	22
3	1	2
0	1	3
5	0	4
1	0	5
9	7	8	6	7	9
11	9	10	6	9	11
0	11	4
7	12	13
12	0	3
12	11	0
7	6	12
6	11	12
5	11	10	4	11	5
10	1	5	10	9	15
15	8	14
1	15	2
10	15	1
9	8	15
14	7	13	8	7	14
13	15	14	12	15	13
2	12	3
15	12	2

#	Normal	22
0.996725	0.0808615	0.000509308
0.996742	0.0806531	0.000517255
0.217596	0.976039	0.000846154
0.217609	0.976036	0.000861699
0.0729399	-0.997336	-0.000733893
0.0729479	-0.997335	-0.000733888
-0.000443079	-0.000772466	1
-0.000441887	-0.000773275	1
-0.000446761	-0.000752603	1
-0.000447232	-0.000770482	1
-0.000445251	-0.000771281	1
-0.000444431	-0.000771744	1
0.866676	-0.498872	4.36315e-007
0.000444346	0.00077186	-1
0.000441796	0.000773267	-1
0.000444916	0.000766586	-1
0.000445035	0.00077153	-1
0.000440922	0.000773785	-1
-0.866675	0.498872	-0
0.996739	0.0806874	0
-0.0807149	0.996737	-2.053e-006
-0.0807093	0.996738	-0

#	Mesh	0	End

