#	Mesh	0	Begin

#	Vertex	622
39.5791	25.97	-5.46884
39.5791	25.9911	-5.46425
39.5791	26.0122	-5.45967
39.5791	26.0332	-5.45508
39.5791	26.0543	-5.45049
39.5791	26.0746	-5.44295
39.5791	26.0948	-5.43541
39.5791	26.115	-5.42787
39.5791	26.1352	-5.42033
39.5791	26.1541	-5.40999
39.5791	26.1731	-5.39964
39.5791	26.192	-5.3893
39.5791	26.211	-5.37896
39.5791	26.2282	-5.36603
39.5791	26.2455	-5.35309
39.5791	26.2628	-5.34016
39.5791	26.2801	-5.32723
39.5791	26.2953	-5.31197
39.5791	26.3106	-5.29671
39.5791	26.3259	-5.28145
39.5791	26.3411	-5.26619
39.5791	26.354	-5.24892
39.5791	26.367	-5.23164
39.5791	26.3799	-5.21436
39.5791	26.3928	-5.19709
39.5791	26.4032	-5.17815
39.5791	26.4135	-5.15921
39.5791	26.4239	-5.14027
39.5791	26.4342	-5.12133
39.5791	26.4418	-5.10111
39.5791	26.4493	-5.08089
39.5791	26.4568	-5.06067
39.5791	26.4644	-5.04045
39.5791	26.469	-5.01936
39.5791	26.4736	-4.99827
39.5791	26.4781	-4.97719
39.5791	26.4827	-4.9561
39.5791	26.4843	-4.93458
39.5791	26.4858	-4.91305
39.5791	26.487	-4.89675
39.5791	26.4889	-4.87
39.5791	26.487	-4.84325
39.5791	26.4851	-4.8165
39.5791	26.4839	-4.8002
39.5791	26.4827	-4.7839
39.5791	26.4781	-4.76281
39.5791	26.4736	-4.74173
39.5791	26.469	-4.72064
39.5791	26.4644	-4.69955
39.5791	26.4568	-4.67933
39.5791	26.4493	-4.65911
39.5791	26.4418	-4.63889
39.5791	26.4342	-4.61867
39.5791	26.4239	-4.59973
39.5791	26.4135	-4.58079
39.5791	26.4032	-4.56185
39.5791	26.3928	-4.54291
39.5791	26.3799	-4.52564
39.5791	26.367	-4.50836
39.5791	26.354	-4.49108
39.5791	26.3411	-4.47381
39.5791	26.3259	-4.45855
39.5791	26.3106	-4.44329
39.5791	26.2953	-4.42803
39.5791	26.2801	-4.41277
39.5791	26.2628	-4.39984
39.5791	26.2455	-4.38691
39.5791	26.2282	-4.37397
39.5791	26.211	-4.36104
39.5791	26.192	-4.3507
39.5791	26.1731	-4.34036
39.5791	26.1541	-4.33001
39.5791	26.1352	-4.31967
39.5791	26.115	-4.31213
39.5791	26.0948	-4.30459
39.5791	26.0746	-4.29705
39.5791	26.0543	-4.28951
39.5791	26.0332	-4.28492
39.5791	26.0122	-4.28033
39.5791	25.9911	-4.27575
39.5791	25.97	-4.27116
39.5791	25.9485	-4.26962
39.5791	25.9269	-4.26808
39.5791	25.9054	-4.26654
39.5791	25.8839	-4.265
39.5791	25.8624	-4.26654
39.5791	25.8408	-4.26808
39.5791	25.8193	-4.26962
39.5791	25.7978	-4.27116
39.5791	25.7767	-4.27575
39.5791	25.7556	-4.28033
39.5791	25.7345	-4.28492
39.5791	25.7134	-4.28951
39.5791	25.6932	-4.29705
39.5791	25.673	-4.30459
39.5791	25.6528	-4.31213
39.5791	25.6326	-4.31967
39.5791	25.6136	-4.33001
39.5791	25.5947	-4.34036
39.5791	25.5757	-4.3507
39.5791	25.5568	-4.36104
39.5791	25.5395	-4.37397
39.5791	25.5222	-4.38691
39.5791	25.505	-4.39984
39.5791	25.4877	-4.41277
39.5791	25.4724	-4.42803
39.5791	25.4572	-4.44329
39.5791	25.4419	-4.45855
39.5791	25.4267	-4.47381
39.5791	25.4137	-4.49108
39.5791	25.4008	-4.50836
39.5791	25.3879	-4.52564
39.5791	25.3749	-4.54291
39.5791	25.3646	-4.56185
39.5791	25.3542	-4.58079
39.5791	25.3439	-4.59973
39.5791	25.3336	-4.61867
39.5791	25.326	-4.63889
39.5791	25.3185	-4.65911
39.5791	25.3109	-4.67933
39.5791	25.3034	-4.69955
39.5791	25.2988	-4.72064
39.5791	25.2942	-4.74173
39.5791	25.2896	-4.76281
39.5791	25.285	-4.7839
39.5791	25.2835	-4.80542
39.5791	25.282	-4.82695
39.5791	25.2808	-4.84325
39.5791	25.2789	-4.87
39.5791	25.2808	-4.89675
39.5791	25.282	-4.91305
39.5791	25.2835	-4.93458
39.5791	25.285	-4.9561
39.5791	25.2896	-4.97719
39.5791	25.2942	-4.99827
39.5791	25.2988	-5.01936
39.5791	25.3034	-5.04045
39.5791	25.3109	-5.06067
39.5791	25.3185	-5.08089
39.5791	25.326	-5.10111
39.5791	25.3336	-5.12133
39.5791	25.3439	-5.14027
39.5791	25.3542	-5.15921
39.5791	25.3646	-5.17815
39.5791	25.3749	-5.19709
39.5791	25.3879	-5.21436
39.5791	25.4008	-5.23164
39.5791	25.4137	-5.24892
39.5791	25.4267	-5.26619
39.5791	25.4419	-5.28145
39.5791	25.4572	-5.29671
39.5791	25.4724	-5.31197
39.5791	25.4877	-5.32723
39.5791	25.505	-5.34016
39.5791	25.5222	-5.35309
39.5791	25.5395	-5.36603
39.5791	25.5568	-5.37896
39.5791	25.5757	-5.3893
39.5791	25.5947	-5.39964
39.5791	25.6136	-5.40999
39.5791	25.6326	-5.42033
39.5791	25.6528	-5.42787
39.5791	25.673	-5.43541
39.5791	25.6932	-5.44295
39.5791	25.7134	-5.45049
39.5791	25.7345	-5.45508
39.5791	25.7556	-5.45967
39.5791	25.7767	-5.46425
39.5791	25.7978	-5.46884
39.5791	25.8193	-5.47038
39.5791	25.8408	-5.47192
39.5791	25.8624	-5.47346
39.5791	25.8839	-5.475
39.5791	25.9054	-5.47346
39.5791	25.9269	-5.47192
39.5791	25.9485	-5.47038
39.5751	26.211	-4.36104
39.5751	26.2282	-4.37397
39.5751	26.2455	-4.38691
39.5751	26.2628	-4.39984
39.5751	26.2801	-4.41277
39.5751	26.2953	-4.42803
39.5751	26.3106	-4.44329
39.5751	26.3259	-4.45855
39.5751	26.3411	-4.47381
39.5751	26.354	-4.49108
39.5751	26.367	-4.50836
39.5751	26.3799	-4.52564
39.5751	26.3928	-4.54291
39.5751	26.4032	-4.56185
39.5751	26.4135	-4.58079
39.5751	26.4239	-4.59973
39.5751	26.4342	-4.61867
39.5751	26.4418	-4.63889
39.5751	26.4493	-4.65911
39.5751	26.4568	-4.67933
39.5751	26.4644	-4.69955
39.5751	26.469	-4.72064
39.5751	26.4736	-4.74173
39.5751	26.4781	-4.76281
39.5751	26.4827	-4.7839
39.5751	26.4843	-4.80542
39.5751	26.4858	-4.82695
39.5751	26.4873	-4.84848
39.5751	26.4889	-4.87
39.5751	26.4873	-4.89152
39.5751	26.4858	-4.91305
39.5751	26.4843	-4.93458
39.5751	26.4827	-4.9561
39.5751	26.4781	-4.97719
39.5751	26.4736	-4.99827
39.5751	26.469	-5.01936
39.5751	26.4644	-5.04045
39.5751	26.4568	-5.06067
39.5751	26.4493	-5.08089
39.5751	26.4418	-5.10111
39.5751	26.4342	-5.12133
39.5751	26.4239	-5.14027
39.5751	26.4135	-5.15921
39.5751	26.4032	-5.17815
39.5751	26.3928	-5.19709
39.5751	26.3799	-5.21436
39.5751	26.367	-5.23164
39.5751	26.354	-5.24892
39.5751	26.3411	-5.26619
39.5751	26.3259	-5.28145
39.5751	26.3106	-5.29671
39.5751	26.2953	-5.31197
39.5751	26.2801	-5.32723
39.5751	26.2628	-5.34016
39.5751	26.2455	-5.35309
39.5751	26.2282	-5.36603
39.5751	26.211	-5.37896
39.5751	26.192	-5.3893
39.5751	26.1731	-5.39964
39.5751	26.1541	-5.40999
39.5751	26.1352	-5.42033
39.5751	26.115	-5.42787
39.5751	26.0948	-5.43541
39.5751	26.0746	-5.44295
39.5751	26.0543	-5.45049
39.5751	26.0332	-5.45508
39.5751	26.0122	-5.45967
39.5751	25.9911	-5.46425
39.5751	25.97	-5.46884
39.5751	25.9485	-5.47038
39.5751	25.9269	-5.47192
39.5751	25.9054	-5.47346
39.5751	25.8839	-5.475
39.5751	25.8624	-5.47346
39.5751	25.8408	-5.47192
39.5751	25.8193	-5.47038
39.5751	25.7978	-5.46884
39.5751	25.7767	-5.46425
39.5751	25.7556	-5.45967
39.5751	25.7345	-5.45508
39.5751	25.7134	-5.45049
39.5751	25.6932	-5.44295
39.5751	25.673	-5.43541
39.5751	25.6528	-5.42787
39.5751	25.6326	-5.42033
39.5751	25.6136	-5.40999
39.5751	25.5947	-5.39964
39.5751	25.5757	-5.3893
39.5751	25.5568	-5.37896
39.5751	25.5395	-5.36603
39.5751	25.5222	-5.35309
39.5751	25.505	-5.34016
39.5751	25.4877	-5.32723
39.5751	25.4724	-5.31197
39.5751	25.4572	-5.29671
39.5751	25.4419	-5.28145
39.5751	25.4267	-5.26619
39.5751	25.4137	-5.24892
39.5751	25.4008	-5.23164
39.5751	25.3879	-5.21436
39.5751	25.3749	-5.19709
39.5751	25.3646	-5.17815
39.5751	25.3542	-5.15921
39.5751	25.3439	-5.14027
39.5751	25.3336	-5.12133
39.5751	25.326	-5.10111
39.5751	25.3185	-5.08089
39.5751	25.3109	-5.06067
39.5751	25.3034	-5.04045
39.5751	25.2988	-5.01936
39.5751	25.2942	-4.99827
39.5751	25.2896	-4.97719
39.5751	25.285	-4.9561
39.5751	25.2835	-4.93458
39.5751	25.282	-4.91305
39.5751	25.2804	-4.89152
39.5751	25.2789	-4.87
39.5751	25.2804	-4.84848
39.5751	25.282	-4.82695
39.5751	25.2835	-4.80542
39.5751	25.285	-4.7839
39.5751	25.2896	-4.76281
39.5751	25.2942	-4.74173
39.5751	25.2988	-4.72064
39.5751	25.3034	-4.69955
39.5751	25.3109	-4.67933
39.5751	25.3185	-4.65911
39.5751	25.326	-4.63889
39.5751	25.3336	-4.61867
39.5751	25.3439	-4.59973
39.5751	25.3542	-4.58079
39.5751	25.3646	-4.56185
39.5751	25.3749	-4.54291
39.5751	25.3879	-4.52564
39.5751	25.4008	-4.50836
39.5751	25.4137	-4.49108
39.5751	25.4267	-4.47381
39.5751	25.4419	-4.45855
39.5751	25.4572	-4.44329
39.5751	25.4724	-4.42803
39.5751	25.4877	-4.41277
39.5751	25.505	-4.39984
39.5751	25.5222	-4.38691
39.5751	25.5395	-4.37397
39.5751	25.5568	-4.36104
39.5751	25.5757	-4.3507
39.5751	25.5947	-4.34036
39.5751	25.6136	-4.33001
39.5751	25.6326	-4.31967
39.5751	25.6528	-4.31213
39.5751	25.673	-4.30459
39.5751	25.6932	-4.29705
39.5751	25.7134	-4.28951
39.5751	25.7345	-4.28492
39.5751	25.7556	-4.28033
39.5751	25.7767	-4.27575
39.5751	25.7978	-4.27116
39.5751	25.8193	-4.26962
39.5751	25.8408	-4.26808
39.5751	25.8624	-4.26654
39.5751	25.8839	-4.265
39.5751	25.9054	-4.26654
39.5751	25.9269	-4.26808
39.5751	25.9485	-4.26962
39.5751	25.97	-4.27116
39.5751	25.9911	-4.27575
39.5751	26.0122	-4.28033
39.5751	26.0332	-4.28492
39.5751	26.0543	-4.28951
39.5751	26.0746	-4.29705
39.5751	26.0948	-4.30459
39.5751	26.115	-4.31213
39.5751	26.1352	-4.31967
39.5751	26.1541	-4.33001
39.5751	26.1731	-4.34036
39.5751	26.192	-4.3507
39.5751	25.6014	-4.3807
39.5751	25.5316	-4.42827
39.5751	25.4697	-4.4857
39.5751	25.4171	-4.55172
39.5751	25.3748	-4.62486
39.5751	25.344	-4.70346
39.5751	25.3252	-4.78579
39.5751	25.3189	-4.87
39.5751	25.3252	-4.95421
39.5751	25.344	-5.03654
39.5751	25.3748	-5.11514
39.5751	25.4171	-5.18828
39.5751	25.4697	-5.2543
39.5751	25.5316	-5.31173
39.5751	25.6014	-5.3593
39.5751	25.6775	-5.39594
39.5751	25.7582	-5.42083
39.5751	25.8417	-5.43342
39.5751	25.9261	-5.43342
39.5751	26.0096	-5.42083
39.5751	26.0903	-5.39594
39.5751	26.1664	-5.3593
39.5751	26.2362	-5.31173
39.5751	26.2981	-5.2543
39.5751	26.3507	-5.18828
39.5751	26.3929	-5.11514
39.5751	26.4238	-5.03654
39.5751	26.4426	-4.95421
39.5751	26.4489	-4.87
39.5751	26.4426	-4.78579
39.5751	26.4238	-4.70346
39.5751	26.3929	-4.62486
39.5751	26.3507	-4.55172
39.5751	26.2981	-4.4857
39.5751	26.2362	-4.42827
39.5751	26.1664	-4.3807
39.5751	26.0903	-4.34406
39.5751	26.0096	-4.31917
39.5751	25.9261	-4.30658
39.5751	25.8417	-4.30658
39.5751	25.7582	-4.31917
39.5751	25.6775	-4.34406
38.5249	26.8839	-5.67
38.5249	26.7635	-5.67
38.5249	26.6431	-5.67
38.5249	26.5135	-5.67
38.5249	26.3839	-5.67
38.5249	26.2589	-5.67
38.5249	26.1339	-5.67
38.5249	26.0089	-5.67
38.5249	25.8839	-5.67
38.5249	25.7543	-5.67
38.5249	25.6247	-5.67
38.5249	25.4951	-5.67
38.5249	25.3655	-5.67
38.5249	25.2451	-5.67
38.5249	25.1247	-5.67
38.5249	25.0043	-5.67
38.5249	24.8839	-5.67
38.5249	24.8839	-4.07
38.5249	25.0043	-4.07
38.5249	25.1247	-4.07
38.5249	25.2543	-4.07
38.5249	25.3839	-4.07
38.5249	25.5089	-4.07
38.5249	25.6339	-4.07
38.5249	25.7589	-4.07
38.5249	25.8839	-4.07
38.5249	26.0135	-4.07
38.5249	26.1431	-4.07
38.5249	26.2727	-4.07
38.5249	26.4023	-4.07
38.5249	26.5227	-4.07
38.5249	26.6431	-4.07
38.5249	26.7635	-4.07
38.5249	26.8839	-4.07
39.4012	25.2469	-4.73756
39.2274	25.1749	-4.60513
39.0535	25.1028	-4.47269
38.8797	25.0308	-4.34026
38.6988	24.9559	-4.20244
38.7023	24.9574	-5.53487
38.8797	25.0308	-5.39974
39.0535	25.1028	-5.26731
39.2274	25.1749	-5.13487
39.4012	25.2469	-5.00244
39.3762	25.3581	-5.24724
39.4489	25.3299	-5.14841
39.4141	25.2861	-5.09909
39.2152	25.9364	-5.51406
39.3889	25.97	-5.47147
39.3732	25.8781	-5.48017
38.6799	26.0661	-5.63181
38.8859	26.0973	-5.57737
38.8536	25.976	-5.59445
38.9666	25.1725	-5.39554
39.1265	25.483	-5.45847
39.2367	25.5502	-5.44615
39.2808	25.4738	-5.39231
38.7216	25.0766	-5.54229
38.6716	25.166	-5.58849
39.4153	26.1352	-5.42333
39.3086	26.2181	-5.42136
39.4506	26.2096	-5.37631
39.4038	25.421	-5.29529
39.3962	25.5426	-5.38682
38.931	25.8226	-5.57803
39.142	25.7997	-5.52858
38.9589	25.7245	-5.5648
39.4117	26.4008	-5.23302
38.8596	25.5833	-5.57346
38.9679	25.4604	-5.51133
38.7368	25.4467	-5.59477
39.3709	25.6308	-5.43562
39.0163	26.5726	-5.37033
38.966	26.5157	-5.43528
38.8596	26.595	-5.47251
39.0517	26.314	-5.47647
39.1509	26.2357	-5.46847
38.9017	26.2333	-5.55224
39.0535	26.6649	-5.26731
39.2274	26.5929	-5.13487
39.1405	26.5776	-5.25888
39.4153	26.2822	-5.3429
39.3001	25.7968	-5.49188
39.4462	25.7983	-5.45831
39.3732	25.7186	-5.46131
39.2745	26.294	-5.3949
39.2998	26.3596	-5.33962
39.4454	26.0509	-5.44266
39.2459	26.0579	-5.49144
39.3437	26.4591	-5.21093
38.794	26.4017	-5.55931
38.6724	25.9454	-5.63662
38.7886	25.8585	-5.61088
38.692	26.3088	-5.6122
39.2219	25.3798	-5.36021
39.1317	25.248	-5.31878
39.0642	25.3083	-5.40425
39.2374	25.226	-5.20121
39.4502	26.3412	-5.27532
39.4012	26.5209	-5.00244
39.3483	26.5009	-5.14134
39.0698	25.3953	-5.44487
39.2174	25.7126	-5.49914
39.3058	25.2974	-5.22865
39.043	26.4357	-5.42854
39.2541	26.4333	-5.3055
39.2742	26.1411	-5.46229
38.9089	26.6553	-5.41146
39.0523	25.8839	-5.552
39.0517	26.0166	-5.54516
39.1553	26.5041	-5.31369
38.6988	26.8119	-5.53756
38.8797	26.7369	-5.39974
38.7328	26.699	-5.53271
38.9305	25.2405	-5.45229
39.0821	26.1536	-5.51434
38.8869	25.3532	-5.51456
39.0951	25.1835	-5.2958
38.8102	25.1679	-5.50368
38.7841	25.2463	-5.53899
38.7127	25.3335	-5.58965
39.1554	25.6225	-5.49532
39.0014	25.6296	-5.54042
39.0341	25.543	-5.51109
38.7287	25.705	-5.61989
38.6461	25.8199	-5.64256
38.7161	26.182	-5.61554
38.6947	26.6101	-5.57367
38.8158	26.5062	-5.52546
38.6795	26.4823	-5.59887
38.6625	26.3978	-5.61515
38.6794	25.567	-5.6249
38.7023	26.8104	-4.20513
38.8797	26.7369	-4.34026
39.0535	26.6649	-4.47269
39.2274	26.5929	-4.60513
39.4012	26.5209	-4.73756
39.3762	26.4097	-4.49276
39.4489	26.4378	-4.59159
39.4141	26.4817	-4.64091
39.2152	25.8314	-4.22594
39.3889	25.7977	-4.26853
39.3732	25.8897	-4.25983
38.6799	25.7017	-4.10819
38.8859	25.6704	-4.16263
38.8536	25.7917	-4.14555
38.9666	26.5953	-4.34446
39.1265	26.2847	-4.28153
39.2367	26.2175	-4.29385
39.2808	26.2939	-4.34769
38.7216	26.6911	-4.19771
38.6716	26.6017	-4.15151
39.4153	25.6326	-4.31667
39.3086	25.5497	-4.31864
39.4506	25.5582	-4.36369
39.4038	26.3468	-4.44471
39.3962	26.2252	-4.35318
38.931	25.9451	-4.16197
39.142	25.9681	-4.21142
38.9589	26.0433	-4.1752
39.4117	25.367	-4.50698
38.8596	26.1844	-4.16654
38.9679	26.3074	-4.22867
38.7368	26.3211	-4.14523
39.3709	26.1369	-4.30438
39.0163	25.1952	-4.36967
38.966	25.2521	-4.30472
38.8596	25.1728	-4.26749
39.0517	25.4538	-4.26353
39.1509	25.5321	-4.27153
38.9017	25.5345	-4.18776
39.1405	25.1901	-4.48112
39.4153	25.4856	-4.3971
39.3001	25.971	-4.24812
39.4462	25.9694	-4.28169
39.3732	26.0491	-4.27869
39.2745	25.4738	-4.3451
39.2998	25.4082	-4.40038
39.4454	25.7169	-4.29734
39.2459	25.7098	-4.24856
39.3437	25.3087	-4.52907
38.794	25.3661	-4.18069
38.6724	25.8224	-4.10338
38.7886	25.9093	-4.12912
38.692	25.459	-4.1278
39.2219	26.3879	-4.37979
39.1317	26.5198	-4.42122
39.0642	26.4595	-4.33575
39.2374	26.5418	-4.53879
39.4502	25.4265	-4.46468
39.3483	25.2669	-4.59866
39.0698	26.3724	-4.29513
39.2174	26.0552	-4.24086
39.3058	26.4703	-4.51135
39.043	25.332	-4.31146
39.2541	25.3345	-4.4345
39.2742	25.6267	-4.27771
38.9089	25.1125	-4.32854
39.0523	25.8839	-4.188
39.0517	25.7511	-4.19484
39.1553	25.2636	-4.42631
38.7328	25.0688	-4.20729
38.9305	26.5272	-4.28771
39.0821	25.6142	-4.22566
38.8869	26.4146	-4.22544
39.0951	26.5843	-4.4442
38.8102	26.5999	-4.23632
38.7841	26.5215	-4.20101
38.7127	26.4342	-4.15035
39.1554	26.1452	-4.24468
39.0014	26.1382	-4.19958
39.0341	26.2248	-4.22891
38.7287	26.0628	-4.12011
38.6461	25.9478	-4.09744
38.7161	25.5857	-4.12446
38.6947	25.1577	-4.16633
38.8158	25.2616	-4.21454
38.6795	25.2855	-4.14113
38.6625	25.37	-4.12485
38.6794	26.2007	-4.1151
38.5249	24.8439	-4.03
38.5249	24.8439	-5.71
38.5249	26.9239	-5.71
38.5249	26.9239	-4.03
38.5209	24.8439	-4.03
38.5209	26.9239	-4.03
38.5209	26.9239	-5.71
38.5209	24.8439	-5.71

#	Triangle	504
173	171	172	174	171	173	83	85	86	84	85	83
174	170	171	175	170	174	175	169	170	0	169	175	0	168	169	1	168	0	1	167	168	2	167	1	2	166	167	3	166	2	3	165	166	4	165	3	4	164	165	5	164	4	5	163	164	6	163	5	6	162	163	7	162	6	7	161	162	8	161	7	8	160	161	9	160	8	9	159	160	10	159	9	10	158	159	11	158	10	11	157	158	12	157	11	12	156	157	13	156	12	13	155	156	14	155	13	14	154	155	15	154	14	15	153	154	16	153	15	16	152	153	17	152	16	17	151	152	18	151	17	18	150	151	19	150	18	19	149	150	20	149	19	20	148	149	21	148	20	21	147	148	22	147	21	22	146	147	23	146	22	23	145	146	24	145	23	24	144	145	25	144	24	25	143	144	26	143	25	26	142	143	27	142	26	27	141	142	28	141	27	28	140	141	29	140	28	29	139	140	30	139	29	30	138	139	31	138	30	31	137	138	32	137	31	32	136	137	33	136	32	33	135	136	34	135	33	34	134	135	35	134	34	35	133	134	36	133	35	36	132	133	37	132	36	37	131	132	38	131	37	38	130	131	39	130	38	39	129	130	39	128	129	40	128	39	41	128	40	41	127	128	42	127	41	42	126	127	42	125	126	43	125	42	43	124	125	44	124	43	45	124	44	45	123	124	46	123	45	46	122	123	47	122	46	47	121	122	48	121	47	48	120	121	49	120	48	49	119	120	50	119	49	50	118	119	51	118	50	51	117	118	52	117	51	52	116	117	53	116	52	53	115	116	54	115	53	54	114	115	55	114	54	55	113	114	56	113	55	56	112	113	57	112	56	57	111	112	58	111	57	58	110	111	59	110	58	59	109	110	60	109	59	60	108	109	61	108	60	61	107	108	62	107	61	62	106	107	63	106	62	63	105	106	64	105	63	64	104	105	65	104	64	65	103	104	66	103	65	66	102	103	67	102	66	67	101	102	68	101	67	68	100	101	69	100	68	69	99	100	70	99	69	70	98	99	71	98	70	71	97	98	72	97	71	72	96	97	73	96	72	73	95	96	74	95	73	74	94	95	75	94	74	75	93	94	76	93	75	76	92	93	77	92	76	77	91	92	78	91	77	78	90	91	79	90	78	79	89	90	80	89	79	80	88	89	81	88	80	81	87	88	82	87	81	82	86	87	83	86	82	371	369	370	371	368	369	372	368	371	372	367	368	373	367	372	373	366	367	374	366	373	374	365	366	375	365	374	375	364	365	376	364	375	376	363	364	377	363	376	377	362	363	378	362	377	378	361	362	379	361	378	379	360	361	380	360	379	380	359	360	381	359	380	381	358	359	382	358	381	382	357	358	383	357	382	383	356	357	384	356	383	384	355	356	385	355	384	385	354	355	386	354	385	386	353	354	387	353	386	387	352	353	388	352	387	388	393	352	389	393	388	389	392	393	390	392	389	390	391	392	617	615	616	614	615	617
249	247	248	250	247	249	335	337	338	336	337	335
250	246	247	251	246	250	251	245	246	252	245	251	252	244	245	253	244	252	253	243	244	254	243	253	254	242	243	255	242	254	255	241	242	256	241	255	256	240	241	257	240	256	257	239	240	258	239	257	258	238	239	259	238	258	259	237	238	260	237	259	260	236	237	261	236	260	261	235	236	262	235	261	262	234	235	263	234	262	263	233	234	264	233	263	264	232	233	265	232	264	265	231	232	266	231	265	266	230	231	267	230	266	267	229	230	268	229	267	268	228	229	269	228	268	269	227	228	270	227	269	270	226	227	271	226	270	271	225	226	272	225	271	272	224	225	273	224	272	273	223	224	274	223	273	274	222	223	275	222	274	275	221	222	276	221	275	276	220	221	277	220	276	277	219	220	278	219	277	278	218	219	279	218	278	279	217	218	280	217	279	280	216	217	281	216	280	281	215	216	282	215	281	282	214	215	283	214	282	283	213	214	284	213	283	284	212	213	285	212	284	285	211	212	286	211	285	286	210	211	287	210	286	287	209	210	288	209	287	288	208	209	289	208	288	289	207	208	290	207	289	290	206	207	291	206	290	291	205	206	292	205	291	292	204	205	293	204	292	293	203	204	294	203	293	294	202	203	295	202	294	295	201	202	296	201	295	296	200	201	297	200	296	297	199	200	298	199	297	298	198	199	299	198	298	299	197	198	300	197	299	300	196	197	301	196	300	301	195	196	302	195	301	302	194	195	303	194	302	303	193	194	304	193	303	304	192	193	305	192	304	305	191	192	306	191	305	306	190	191	307	190	306	307	189	190	308	189	307	308	188	189	309	188	308	309	187	188	310	187	309	310	186	187	311	186	310	311	185	186	312	185	311	312	184	185	313	184	312	313	183	184	314	183	313	314	182	183	315	182	314	315	181	182	316	181	315	316	180	181	317	180	316	317	179	180	318	179	317	318	178	179	319	178	318	319	177	178	320	177	319	320	176	177	321	176	320	321	351	176	322	351	321	322	350	351	323	350	322	323	349	350	324	349	323	324	348	349	325	348	324	325	347	348	326	347	325	326	346	347	327	346	326	327	345	346	328	345	327	328	344	345	329	344	328	329	343	344	330	343	329	330	342	343	331	342	330	331	341	342	332	341	331	332	340	341	333	340	332	333	339	340	334	339	333	334	338	339	335	338	334	411	409	410	411	408	409	411	407	408	411	406	407	411	405	406	411	404	405	411	403	404	411	402	403	411	401	402	411	400	401	411	399	400	411	398	399	411	397	398	411	396	397	411	395	396	411	394	395	411	412	394	412	413	394	413	414	394	414	415	394	415	416	394	416	417	394	417	418	394	418	419	394	419	420	394	420	421	394	421	422	394	422	423	394	423	424	394	424	425	394	425	426	394	426	427	394	621	619	620	618	619	621
144	277	276	144	278	277	144	279	278	144	280	279	144	143	280	143	142	280	142	141	280	141	140	280
148	273	272	148	274	273	148	275	274	148	276	275	148	147	276	147	146	276	146	145	276	145	144	276
140	281	280	140	282	281	140	283	282	140	284	283	140	139	284	139	138	284	138	137	284	137	136	284
16	229	228	16	230	229	16	231	230	16	232	231	16	15	232	15	14	232	14	13	232	13	12	232
168	253	252	168	254	253	168	255	254	168	256	255	168	167	256	167	166	256	166	165	256	165	164	256
8	237	236	8	238	237	8	239	238	8	240	239	8	7	240	7	6	240	6	5	240	5	4	240
4	241	240	4	242	241	4	243	242	4	244	243	4	3	244	3	2	244	2	1	244	1	0	244
160	261	260	160	262	261	160	263	262	160	264	263	160	159	264	159	158	264	158	157	264	157	156	264
172	249	248	172	250	249	172	251	250	172	252	251	172	171	252	171	170	252	170	169	252	169	168	252
132	289	288	132	290	289	132	291	290	132	292	291	132	131	292	131	130	292
130	129	292
129	128	292
12	233	232	12	234	233	12	235	234	12	236	235	12	11	236	11	10	236	10	9	236	9	8	236
136	285	284	136	286	285	136	287	286	136	288	287	136	135	288	135	134	288	134	133	288	133	132	288
164	257	256	164	258	257	164	259	258	164	260	259	164	163	260	163	162	260	162	161	260	161	160	260
152	269	268	152	270	269	152	271	270	152	272	271	152	151	272	151	150	272	150	149	272	149	148	272
156	265	264	156	266	265	156	267	266	156	268	267	156	155	268	155	154	268	154	153	268	153	152	268
32	213	212	32	214	213	32	215	214	32	216	215	32	31	216	31	30	216	30	29	216	29	28	216
36	209	208	36	210	209	36	211	210	36	212	211	36	35	212	35	34	212	34	33	212	33	32	212
28	217	216	28	218	217	28	219	218	28	220	219	28	27	220	27	26	220	26	25	220	25	24	220
40	205	204	40	206	205	40	207	206	40	208	207	38	37	208	37	36	208
40	39	208
39	38	208
20	225	224	20	226	225	20	227	226	20	228	227	20	19	228	19	18	228	18	17	228	17	16	228
24	221	220	24	222	221	24	223	222	24	224	223	24	23	224	23	22	224	22	21	224	21	20	224
0	245	244	0	246	245	0	247	246	0	248	247	0	175	248	175	174	248	174	173	248	173	172	248
52	193	192	52	194	193	52	195	194	52	196	195	52	51	196	51	50	196	50	49	196	49	48	196
60	185	184	60	186	185	60	187	186	60	188	187	60	59	188	59	58	188	58	57	188	57	56	188
64	181	180	64	182	181	64	183	182	64	184	183	64	63	184	63	62	184	62	61	184	61	60	184
80	341	340	80	342	341	80	343	342	80	344	343	80	79	344	79	78	344	78	77	344	77	76	344
48	197	196	48	198	197	48	199	198	48	200	199	48	47	200	47	46	200	46	45	200	45	44	200
84	337	336	84	338	337	84	339	338	84	340	339	84	83	340	83	82	340	82	81	340	81	80	340
56	189	188	56	190	189	56	191	190	56	192	191	56	55	192	55	54	192	54	53	192	53	52	192
44	201	200	44	202	201	44	203	202	44	204	203
44	43	204	43	42	204
42	41	204
41	40	204
72	349	348	72	350	349	72	351	350	72	176	351	72	71	176	71	70	176	70	69	176	69	68	176
68	177	176	68	178	177	68	179	178	68	180	179	68	67	180	67	66	180	66	65	180	65	64	180
76	345	344	76	346	345	76	347	346	76	348	347	76	75	348	75	74	348	74	73	348	73	72	348
100	321	320	100	322	321	100	323	322	100	324	323	100	99	324	99	98	324	98	97	324	97	96	324
120	301	300	120	302	301	120	303	302	120	304	303	120	119	304	119	118	304	118	117	304	117	116	304
92	329	328	92	330	329	92	331	330	92	332	331	92	91	332	91	90	332	90	89	332	89	88	332
104	317	316	104	318	317	104	319	318	104	320	319	104	103	320	103	102	320	102	101	320	101	100	320
124	297	296	124	298	297	124	299	298	124	300	299	124	123	300	123	122	300	122	121	300	121	120	300
96	325	324	96	326	325	96	327	326	96	328	327	96	95	328	95	94	328	94	93	328	93	92	328
116	305	304	116	306	305	116	307	306	116	308	307	116	115	308	115	114	308	114	113	308	113	112	308
128	293	292	128	294	293	128	295	294	128	296	295	126	125	296	125	124	296
128	127	296
127	126	296
108	313	312	108	314	313	108	315	314	108	316	315	108	107	316	107	106	316	106	105	316	105	104	316
112	309	308	112	310	309	112	311	310	112	312	311	112	111	312	111	110	312	110	109	312	109	108	312
88	333	332	88	334	333	88	335	334	88	336	335	88	87	336	87	86	336	86	85	336	85	84	336
433	411	410
434	411	433
435	411	434
436	411	435
437	411	436
359	428	437
428	429	437
429	430	437
430	431	437
431	432	437
432	411	437
439	438	362
361	440	439
443	441	442
446	444	445
434	447	435
438	363	362
450	448	449
443	370	369
452	451	409
455	453	454
457	456	450
460	458	459
376	461	377
464	462	463
364	456	457
366	465	367
468	466	467
471	469	470
474	472	473
374	475	375
478	476	477
480	475	479
453	481	482
461	483	377
449	457	450
471	484	469
486	485	446
370	442	371
442	481	371
487	399	398
455	454	475
450	488	448
488	489	490
368	477	369
440	437	491
456	488	450
373	453	455
376	492	461
494	493	379
478	367	465
375	475	492
488	495	448
478	496	476
379	378	494
440	361	360
363	456	364
440	491	497
499	480	498
499	483	461
372	453	373
454	453	500
472	474	501
379	493	380
457	366	365
465	496	478
477	443	369
476	441	443
440	497	439
437	360	359
488	497	489
480	499	461
377	483	378
454	479	475
461	492	480
481	372	371
482	500	453
440	360	437
436	491	437
503	441	502
499	498	504
507	505	506
490	489	508
509	482	503
478	368	367
476	443	477
510	463	495
463	510	464
458	502	459
511	436	435
489	497	491
447	434	451
511	447	489
508	512	513
406	514	407
514	510	513
438	488	456
490	495	488
368	478	477
515	496	465
516	496	515
496	459	476
516	517	462
519	518	403
496	460	459
441	459	502
462	518	460
520	444	400
441	476	459
442	370	443
458	446	502
441	482	442
445	509	503
503	482	441
445	471	509
454	500	470
491	511	489
447	508	489
433	451	434
514	513	407
445	520	471
471	520	487
523	521	522
501	474	466
519	485	486
523	484	524
485	402	401
401	444	485
446	485	444
446	445	503
503	502	446
401	400	444
520	445	444
510	490	508
448	495	463
495	490	510
464	510	514
404	525	405
525	518	462
464	405	525
460	516	462
519	403	402
486	458	518
463	517	448
449	448	517
449	515	465
465	457	449
465	366	457
364	457	365
513	452	407
514	406	464
452	513	512
469	498	480
494	483	504
498	469	484
521	396	395
484	522	498
468	507	501
499	504	483
494	378	483
399	520	400
484	471	487
487	520	399
405	464	406
404	518	525
462	464	525
497	438	439
362	361	439
497	488	438
456	363	438
403	518	404
402	485	519
486	518	519
455	475	374
374	373	455
500	482	509
509	470	500
454	470	479
479	469	480
491	436	511
511	435	447
376	375	492
475	480	492
504	474	494
473	494	474
504	466	474
498	467	504
468	501	466
521	395	507
506	472	501
505	395	394
410	409	433
501	507	506
521	507	468
507	395	505
521	468	522
521	523	396
467	522	468
397	523	524
484	523	522
466	504	467
498	522	467
524	484	487
396	523	397
524	487	398
398	397	524
493	494	473
442	482	481
453	372	481
451	512	447
513	510	508
508	447	512
451	433	409
512	451	452
408	452	409	407	452	408
460	518	458
486	446	458
509	471	470
469	479	470
460	496	516
515	449	517
463	462	517
516	515	517
427	505	394	528	529	493	529	530	493
427	506	505
427	472	506
427	473	472	427	493	473
427	526	493
526	527	493
527	528	493
530	380	493
532	531	383
382	533	532
536	534	535
539	537	538
527	540	528
531	384	383
543	541	542
536	391	390
545	544	426
548	546	547
550	549	543
553	551	552
355	554	356
557	555	556
385	549	550
387	558	388
561	559	560
564	562	563
565	430	429
353	566	354
569	567	568
571	566	570
546	572	573
554	574	356
542	550	543
564	575	562
577	576	539
391	535	392
535	572	392
578	416	415
548	547	566
543	579	541
579	580	581
389	568	390
533	530	582
549	579	543
352	546	548
355	583	554
584	428	358
569	388	558
354	566	583
579	585	541
569	586	567
358	357	584
533	382	381
384	549	385
533	582	587
589	571	588
589	574	554
393	546	352
547	546	590
430	565	591
358	428	359
550	387	386
558	586	569
568	536	390
567	534	536
533	587	532
530	381	380
579	587	580
571	589	554
356	574	357
547	570	566
554	583	571
572	393	392
573	590	546
533	381	530
529	582	530
593	534	592
589	588	594
595	432	431
581	580	596
597	573	593
569	389	388
567	536	568
598	556	585
556	598	557
551	592	552
599	529	528
580	587	582
540	527	544
599	540	580
596	600	601
423	602	424
602	598	601
531	579	549
581	585	579
389	569	568
603	586	558
604	586	603
586	552	567
604	605	555
607	606	420
586	553	552
534	552	592
555	606	553
608	537	417
534	567	552
535	391	536
551	539	592
534	573	535
538	597	593
593	573	534
538	564	597
547	590	563
582	599	580
540	596	580
526	544	527
602	601	424
538	608	564
564	608	578
611	609	610
591	565	559
607	576	577
611	575	612
576	419	418
418	537	576
539	576	537
539	538	593
593	592	539
418	417	537
608	538	537
598	581	596
541	585	556
585	581	598
557	598	602
421	613	422
613	606	555
557	422	613
553	604	555
607	420	419
577	551	606
556	605	541
542	541	605
542	603	558
558	550	542
558	387	550
385	550	386
601	545	424
602	423	557
545	601	600
562	588	571
584	574	594
588	562	575
609	413	412
575	610	588
561	595	591
589	594	574
584	357	574
416	608	417
575	564	578
578	608	416
422	557	423
421	606	613
555	557	613
587	531	532
383	382	532
587	579	531
549	384	531
420	606	421
419	576	607
577	606	607
548	566	353
353	352	548
590	573	597
597	563	590
547	563	570
570	562	571
582	529	599
599	528	540
355	354	583
566	571	583
594	565	584
429	584	565
594	559	565
588	560	594
561	591	559
609	412	595
431	430	591
432	412	411
427	426	526
591	595	431
609	595	561
595	412	432
609	561	610
609	611	413
560	610	561
414	611	612
575	611	610
559	594	560
588	610	560
612	575	578
413	611	414
612	578	415
415	414	612
428	584	429
535	573	572
546	393	572
544	600	540
601	598	596
596	540	600
544	526	426
600	544	545
425	545	426	424	545	425
553	606	551
577	539	551
597	564	563
562	570	563
553	586	604
603	542	605
556	555	605
604	603	605
621	614	618	615	614	621
620	615	621	616	615	620
619	616	620	617	616	619
618	617	619	614	617	618

#	Normal	504
6.62789e-005	0	-0
1	0	-0
-6.62789e-005	0	-0
-1	0	-0
-0	-7.57617e-005	-4.13672e-005
-0	-6.91035e-005	-5.17344e-005
-0	-8.08789e-005	-3.01641e-005
-0	5.17305e-005	-6.91016e-005
-0	-1.83477e-005	-8.43437e-005
-0	3.0166e-005	-8.08828e-005
-0	1.83496e-005	-8.43437e-005
-0	-4.13672e-005	-7.57656e-005
-0	-6.1582e-006	-8.61016e-005
-0	-8.61016e-005	-6.16406e-006
-1.6963e-008	-6.5209e-005	-4.66406e-006
0	-0.997455	-0.071304
-0	4.13691e-005	-7.57656e-005
-0	-8.43477e-005	-1.83437e-005
-0	-3.0166e-005	-8.0875e-005
-0	-6.10371e-005	-6.10391e-005
-0	-5.17305e-005	-6.91016e-005
-0	8.0877e-005	-3.01641e-005
-0	8.43477e-005	-1.83516e-005
-0	7.57617e-005	-4.13672e-005
-0	8.60996e-005	-6.15625e-006
0.000764427	0.997449	-0.0713764
1.6963e-008	6.5209e-005	-4.66406e-006
-0	6.10371e-005	-6.10391e-005
-0	6.91016e-005	-5.17266e-005
-0	6.1582e-006	-8.61016e-005
0	8.08789e-005	3.01719e-005
0	6.91035e-005	5.17266e-005
0	6.10371e-005	6.10391e-005
0	1.83477e-005	8.43516e-005
0	8.43477e-005	1.83516e-005
0	6.1582e-006	8.61016e-005
0	7.57617e-005	4.1375e-005
0	8.61016e-005	6.15625e-006
9.21249e-010	6.52109e-005	4.66406e-006
0.000478334	0.997454	0.0713053
-0	0.997449	0.0713764
0	4.13672e-005	7.57578e-005
0	5.17305e-005	6.91016e-005
0	3.0166e-005	8.08828e-005
-0	-4.13691e-005	7.57578e-005
-0	-8.0877e-005	3.01641e-005
-0	-1.83496e-005	8.43516e-005
-0	-5.17305e-005	6.91016e-005
-0	-8.43477e-005	1.83437e-005
-0	-3.0166e-005	8.0875e-005
-0	-7.57617e-005	4.13672e-005
-0	-8.60996e-005	6.15625e-006
-0.00080332	-0.997454	0.071304
-1.48773e-008	-6.5209e-005	4.66406e-006
-0	-6.10371e-005	6.10391e-005
-0	-6.91016e-005	5.17344e-005
-0	-6.1582e-006	8.61016e-005
0.382677	-0.923882	-0
0.382692	-0.923876	2.06208e-006
0.382678	-0.923882	-2.32879e-006
0.382683	-0.92388	5.1202e-007
0.382689	-0.923877	5.069e-006
0.382676	-0.923882	-0
0.382692	-0.923876	-0
0.382679	-0.923881	-6.81256e-006
0.382665	-0.923887	-1.80994e-005
0.382691	-0.923876	6.18471e-006
0.382681	-0.92388	-3.71964e-006
0.404489	-0.756933	-0.513265
0.443792	-0.801871	-0.400066
0.228117	0.0528154	-0.9722
0.244695	0.071018	-0.966996
0.65491	-0.382634	-0.651678
0.375263	-0.802743	-0.463445
0.340431	-0.402609	-0.849713
0.225516	-0	-0.97424
0.568293	-0.104089	-0.816216
0.298402	0.404528	-0.864473
0.36118	-0.546362	-0.75567
0.220582	-0.0682995	-0.972974
0.373237	0.803442	-0.46387
0.343585	-0.16442	-0.924617
0.339314	-0.552166	-0.761563
0.264358	-0.418453	-0.868915
0.543126	0.376255	-0.75063
0.302438	0.290326	-0.907878
0.631978	0.579608	-0.51445
0.320805	0.644226	-0.694304
0.222444	-0.167748	-0.960406
0.332807	0.529001	-0.780639
0.236577	0.296821	-0.925164
0.432211	0.713379	-0.551619
0.29653	-0.430023	-0.852731
0.358734	0.191105	-0.913668
0.224681	0.0118368	-0.97436
0.230854	0.145011	-0.962122
0.220654	0.186831	-0.957291
0.32689	-0	-0.945062
0.287302	0.512551	-0.809166
0.321478	-0.479917	-0.816291
0.442355	-0.529961	-0.723508
0.23432	-0.144888	-0.961302
0.451579	-0.84608	-0.283239
0.389253	-0.506335	-0.769485
0.264959	0.422035	-0.866997
0.380112	0.686306	-0.62008
0.459374	0.837526	-0.295847
0.244004	-0.278114	-0.92904
0.333425	0.617622	-0.7123
0.415361	-0.395749	-0.819059
0.238835	-0.151917	-0.959103
0.39827	0.89427	-0.204114
0.400464	-0.893338	-0.203902
0.348319	-0.73286	-0.584458
0.523145	-0.691634	-0.497958
0.41462	0.581551	-0.699921
0.412145	0.701334	-0.581608
0.26628	0.418223	-0.868438
0.262255	0.358765	-0.895829
0.584451	0.521969	-0.621261
0.425341	0.902503	-0.0676328
0.298122	-0.537704	-0.788668
0.236863	-0.278441	-0.930788
0.212509	-0.0724553	-0.974469
0.19698	-0.0358713	-0.979751
0.41866	-0.804923	-0.420504
0.425341	-0.902503	-0.0676328
0.501724	-0.552408	-0.665671
0.435152	0.586516	-0.683112
0.38508	0.859087	-0.337169
0.34317	0.442992	-0.828247
0.356119	0.683189	-0.63752
0.246841	0.285634	-0.926003
0.267717	0.236389	-0.934049
0.457939	-0.843314	-0.281271
0.60406	-0.672822	-0.427108
0.210824	0.0510524	-0.97619
0.43436	0.520663	-0.735011
0.639323	0.160424	-0.752018
0.49987	-0.470636	-0.727071
0.230396	0.164689	-0.959059
0.241805	-0.286009	-0.927216
0.224134	-0.061302	-0.972628
0.396895	-0.273708	-0.876104
0.342492	-0.231539	-0.910543
0.224825	-0.0312221	-0.973899
0.642156	-0.527682	-0.556046
0.481363	-0.675116	-0.559024
0.57685	-0.331912	-0.746377
0.545002	-0.538334	-0.642783
0.491158	-0.216626	-0.843704
0.393372	-0	-0.919379
0.406653	-0.186383	-0.894368
0.380437	-0.661252	-0.64654
0.412126	-0.406804	-0.815268
0.22564	-0.170725	-0.959135
0.268227	-0.224281	-0.936884
0.264683	-0.22191	-0.938456
0.221718	-0.13452	-0.965787
0.285868	-0.208706	-0.935265
0.233262	-0.0240196	-0.972117
0.239382	-0.118512	-0.963665
0.233327	-0.0216749	-0.972157
0.240061	-0.10986	-0.964521
0.261041	0.0536511	-0.963836
0.22579	-0.0174398	-0.97402
0.212544	0.055804	-0.975557
0.209433	0.000917245	-0.977823
0.213006	0.126572	-0.968818
0.261129	0.156405	-0.952549
0.241391	0.118363	-0.963183
0.264492	0.145562	-0.953339
0.303714	0.3376	-0.890946
0.57122	-0.543385	-0.615175
0.524313	-0.363915	-0.769845
0.637717	-0.150133	-0.755498
0.446723	-0.14672	-0.88256
0.284096	0.142336	-0.948172
0.301297	0.0822644	-0.949975
0.454441	0.120134	-0.882639
0.592794	0.431786	-0.67982
0.216765	0.000699687	-0.976224
0.386438	0.0986168	-0.917028
0.220778	-0	-0.975324
0.230724	0.0244683	-0.972712
0.222505	0.0250535	-0.97461
0.225901	0.0766048	-0.971134
0.231277	0.0508915	-0.971556
0.239323	-0	-0.97094
0.246659	0.0586341	-0.967327
0.450947	-0.291513	-0.843604
0.340854	-0.35549	-0.870313
0.405644	-0.407698	-0.818068
0.404778	-0.127225	-0.905521
0.280263	-0	-0.959923
0.27938	-0.0650389	-0.957975
0.315861	-0.0858179	-0.944917
0.264198	-0.127377	-0.95602
0.220961	-0	-0.975283
0.218046	-0.0278397	-0.975541
0.33892	-0.269147	-0.901495
0.299135	-0.326263	-0.8967
0.264349	-0.321167	-0.90938
0.304016	-0.392585	-0.868016
0.267925	-0.406076	-0.873681
0.257098	-0.657312	-0.708408
0.449839	-0.0822238	-0.889317
0.372989	-0.121102	-0.919898
0.512842	-0.204895	-0.833673
0.39872	0.360511	-0.84324
0.443996	0.754826	-0.482809
0.394468	0.360923	-0.845062
0.493465	-0	-0.869766
0.435238	0.19393	-0.879181
0.590557	0.282257	-0.756025
0.487524	0.607217	-0.627381
0.472269	0.741463	-0.476649
0.273961	-0	-0.961741
0.327125	0.170222	-0.929523
0.303622	0.0826851	-0.949198
0.334563	-0	-0.942374
0.259847	-0.0578415	-0.963916
0.281743	-0.104316	-0.953802
0.462752	-0.702541	-0.540645
0.392981	-0.855981	-0.33595
0.387424	-0.64987	-0.653889
0.386526	-0.661203	-0.642968
0.238817	-0	-0.971065
0.220859	-0.000202806	-0.975306
0.224704	-0.0305309	-0.973949
0.304745	0.516839	-0.800005
0.294734	0.538297	-0.789537
0.268572	0.236043	-0.933891
0.267998	0.289222	-0.918982
0.30196	0.431972	-0.849835
0.333229	0.5288	-0.780595
0.524012	-0.711123	-0.468738
0.552294	-0.516183	-0.65462
0.351327	0.731992	-0.583744
0.376986	0.591946	-0.712378
0.554117	0.566761	-0.609702
0.52358	0.719832	-0.455749
0.535024	0.571934	-0.621805
0.507276	0.425295	-0.74953
0.548196	0.329693	-0.768625
0.573736	0.126886	-0.809152
0.654761	0.331848	-0.679091
0.605979	-0	-0.795481
0.605976	-0	-0.795483
0.589925	0.317717	-0.742323
0.526839	0.15886	-0.834988
0.575373	0.138825	-0.806023
0.524103	0.230459	-0.819881
0.506447	0.108583	-0.855407
0.485173	0.258794	-0.835244
0.430671	0.0861056	-0.898392
0.439021	0.192624	-0.877586
0.510237	0.410938	-0.755505
0.459708	0.374796	-0.805107
0.386479	0.0979694	-0.91708
0.417939	-0	-0.908475
0.361138	0.0891804	-0.928238
0.370384	-0	-0.928879
0.562009	0.761059	-0.323937
0.239584	0.172907	-0.955355
0.241998	0.29833	-0.923275
0.560689	-0.205091	-0.802225
0.482227	-0.273177	-0.832365
0.539288	-0.351973	-0.765038
0.575494	-0.143155	-0.805179
0.517745	-0.14616	-0.842958
0.485698	-0	-0.874127
0.237264	-0.0630634	-0.969396
0.227253	0.0103325	-0.973781
0.3058	0.256396	-0.916923
0.349381	0.353895	-0.867578
0.237724	-0.140529	-0.961113
0.302132	-0.279923	-0.911241
0.281758	-0.223223	-0.933158
0.265104	-0.217915	-0.939272
0.382684	0.923879	0
0.382687	0.923878	4.05772e-007
0.382685	0.923879	-2.74174e-008
0.382684	0.923879	-6.15761e-007
0.38269	0.923877	5.46813e-006
0.382685	0.923879	8.62809e-007
0.382687	0.923878	2.33758e-006
0.382676	0.923882	0
0.404489	0.756925	0.513278
0.443781	0.801883	0.400052
0.228117	-0.0528165	0.9722
0.244695	-0.0710178	0.966996
0.654913	0.38263	0.651677
0.375265	0.802733	0.463461
0.340428	0.402603	0.849717
0.225516	0	0.97424
0.568293	0.104089	0.816216
0.298407	-0.404534	0.864469
0.361185	0.546355	0.755673
0.220581	0.0682997	0.972974
0.373236	-0.803451	0.463854
0.343585	0.164422	0.924616
0.339313	0.552161	0.761567
0.264358	0.418453	0.868915
0.54313	-0.376251	0.75063
0.302441	-0.290322	0.907878
0.63198	-0.579597	0.514459
0.320812	-0.644224	0.694302
0.222442	0.167746	0.960407
0.332802	-0.528993	0.780647
0.23658	-0.296816	0.925165
0.432215	-0.713382	0.551613
0.296532	0.430014	0.852735
0.358734	-0.191105	0.913668
0.224681	-0.011837	0.97436
0.230854	-0.145011	0.962122
0.220654	-0.186831	0.957291
0.32689	-0	0.945062
0.287309	-0.512542	0.809169
0.321473	0.479915	0.816294
0.442355	0.529961	0.723508
0.23432	0.144888	0.961302
0.451591	0.84607	0.28325
0.389253	0.506335	0.769485
0.264961	-0.422042	0.866993
0.380112	-0.686306	0.62008
0.459374	-0.837526	0.295847
0.244004	0.278114	0.92904
0.333433	-0.617618	0.7123
0.415363	0.395742	0.819062
0.238833	0.151915	0.959104
0.39827	-0.89427	0.204114
0.400455	0.893342	0.203902
0.348319	0.73287	0.584445
0.523149	0.691635	0.497951
0.41462	-0.581562	0.699912
0.41214	-0.70133	0.581616
0.266284	-0.418223	0.868437
0.262255	-0.358765	0.895829
0.584455	-0.521961	0.621264
0.425341	-0.902503	0.0676328
0.298117	0.537705	0.78867
0.236859	0.278441	0.930789
0.212508	0.072454	0.974469
0.19698	0.0358716	0.979751
0.418653	0.804935	0.420487
0.425341	0.902503	0.0676328
0.501724	0.552408	0.665671
0.435145	-0.586525	0.683108
0.385086	-0.859084	0.337168
0.343164	-0.443	0.828245
0.356119	-0.683189	0.63752
0.246841	-0.285634	0.926003
0.267717	-0.236389	0.934049
0.45794	0.843309	0.281285
0.604052	0.672835	0.427099
0.210824	-0.0510524	0.97619
0.434366	-0.520657	0.735012
0.639323	-0.160424	0.752018
0.49987	0.470636	0.727071
0.230395	-0.164687	0.95906
0.241805	0.286009	0.927216
0.224133	0.0613013	0.972629
0.396894	0.273703	0.876106
0.342492	0.231535	0.910544
0.224825	0.0312225	0.973899
0.642155	0.527691	0.556039
0.481363	0.675116	0.559024
0.576851	0.331908	0.746378
0.544997	0.538333	0.642788
0.491158	0.216626	0.843704
0.393372	-0	0.919379
0.406653	0.186383	0.894368
0.380435	0.661264	0.646529
0.412126	0.406804	0.815268
0.22564	0.170725	0.959135
0.268227	0.224276	0.936886
0.264683	0.221906	0.938457
0.22172	0.134521	0.965787
0.285869	0.20871	0.935264
0.233262	0.0240199	0.972117
0.239382	0.118515	0.963665
0.233327	0.0216749	0.972157
0.240061	0.109858	0.964522
0.26104	-0.0536513	0.963836
0.22579	0.0174399	0.97402
0.212544	-0.0558051	0.975557
0.209433	-0.00091726	0.977823
0.213006	-0.126569	0.968818
0.261128	-0.156403	0.952549
0.24139	-0.118361	0.963183
0.264492	-0.14556	0.95334
0.30371	-0.337602	0.890946
0.57122	0.543385	0.615175
0.524311	0.363923	0.769842
0.637717	0.150135	0.755498
0.446723	0.14672	0.88256
0.284097	-0.142334	0.948172
0.301297	-0.0822656	0.949975
0.454442	-0.120134	0.882638
0.592797	-0.431778	0.679823
0.216765	-0.000699689	0.976224
0.386437	-0.0986148	0.917029
0.220778	-0	0.975324
0.230724	-0.0244679	0.972712
0.222505	-0.0250531	0.97461
0.225901	-0.0766048	0.971134
0.231277	-0.0508915	0.971556
0.239323	-0	0.97094
0.246659	-0.058634	0.967327
0.450947	0.291513	0.843604
0.340854	0.355482	0.870316
0.405644	0.407698	0.818068
0.404778	0.127223	0.905522
0.280263	-0	0.959923
0.27938	0.0650387	0.957976
0.315862	0.0858174	0.944916
0.264198	0.127375	0.95602
0.220961	-0	0.975283
0.218046	0.0278397	0.975541
0.33892	0.269147	0.901495
0.299135	0.326263	0.8967
0.264349	0.321174	0.909377
0.304015	0.392593	0.868013
0.267923	0.406084	0.873678
0.257092	0.657313	0.708409
0.449839	0.0822238	0.889317
0.37299	0.1211	0.919899
0.512842	0.204895	0.833673
0.39872	-0.360511	0.84324
0.443991	-0.754839	0.482795
0.394468	-0.360923	0.845062
0.493465	-0	0.869766
0.435237	-0.193934	0.879181
0.590555	-0.282259	0.756026
0.487527	-0.607203	0.627393
0.472267	-0.741474	0.476635
0.273961	-0	0.961741
0.327123	-0.170221	0.929524
0.303621	-0.0826863	0.949198
0.334563	-0	0.942374
0.259847	0.0578417	0.963916
0.281742	0.104317	0.953803
0.462756	0.702528	0.540658
0.392981	0.855981	0.33595
0.387435	0.649862	0.653891
0.386526	0.661215	0.642956
0.238817	-0	0.971065
0.220859	0.000202806	0.975306
0.224705	0.0305311	0.973949
0.30475	-0.51683	0.800009
0.294734	-0.538297	0.789537
0.268572	-0.236043	0.933891
0.267997	-0.289228	0.91898
0.301955	-0.43198	0.849833
0.333234	-0.528788	0.780601
0.524007	0.711134	0.468727
0.552286	0.516192	0.654619
0.351336	-0.731979	0.583755
0.376986	-0.591946	0.712378
0.554116	-0.566771	0.609694
0.523583	-0.719821	0.455761
0.535019	-0.571944	0.621799
0.507272	-0.425301	0.749529
0.548199	-0.32969	0.768624
0.573736	-0.126889	0.809152
0.654759	-0.331855	0.67909
0.605979	-0	0.795481
0.605976	-0	0.795483
0.589923	-0.317723	0.742323
0.526838	-0.158863	0.834987
0.575373	-0.138825	0.806023
0.524103	-0.230455	0.819882
0.506446	-0.108583	0.855408
0.485174	-0.258788	0.835245
0.43067	-0.086104	0.898393
0.439022	-0.192627	0.877584
0.510233	-0.410942	0.755505
0.459706	-0.374803	0.805104
0.386478	-0.097969	0.917081
0.417939	-0	0.908475
0.361138	-0.0891804	0.928238
0.370384	-0	0.928879
0.562016	-0.761053	0.323939
0.239585	-0.172905	0.955355
0.242	-0.298324	0.923276
0.560691	0.205093	0.802224
0.482227	0.273177	0.832365
0.53929	0.351979	0.765034
0.575495	0.143157	0.805178
0.517745	0.14616	0.842958
0.485698	-0	0.874127
0.237264	0.0630634	0.969396
0.227253	-0.0103327	0.973781
0.305801	-0.2564	0.916921
0.349384	-0.35389	0.867579
0.237724	0.140526	0.961114
0.302132	0.279929	0.911239
0.28176	0.223224	0.933157
0.265104	0.21792	0.939271
-0	-1	-0
0	-0	-1
-0	1	-0
-0	-0	1

#	Mesh	0	End

