#	Mesh	0	Begin

#	Vertex	52
53.3851	70.2179	-11.093
53.3851	70.2179	-11.793
53.4577	69.3209	-11.793
53.4577	69.3209	-11.093
61.321	70.8607	-11.093
61.3937	69.9636	-11.093
61.3937	69.9636	-11.793
61.321	70.8607	-11.793
60.3763	70.7842	-11.793
61.1737	70.8487	-11.793
61.2464	69.9517	-11.793
60.449	69.8871	-11.793
63.1081	70.1025	-11.793
63.0354	70.9995	-11.793
64.2717	71.0997	-11.793
64.3444	70.2026	-11.793
63.1081	70.1025	-11.093
63.0354	70.9995	-11.093
63.0354	70.9995	-11.4715
63.0354	70.9995	-11.5616
63.1081	70.1025	-11.5634
63.1081	70.1025	-11.4733
64.3444	70.2026	-11.093
64.2717	71.0997	-11.093
64.3444	70.2026	-11.5565
64.3444	70.2026	-11.4733
64.2717	71.0997	-11.4715
64.2717	71.0997	-11.5547
81.6187	71.6017	-11.093
81.546	72.4988	-11.093
65.9862	71.2385	-11.093
66.0588	70.3415	-11.093
81.6187	71.6017	-11.793
66.0588	70.3415	-11.793
66.1702	70.3505	-11.793
66.9675	70.4151	-11.793
73.3189	70.9295	-11.793
73.3189	70.9295	-11.5686
72.4218	70.8568	-11.4686
75.2127	71.0829	-11.4686
74.3156	71.0102	-11.5686
74.3156	71.0102	-11.793
81.546	72.4988	-11.793
74.243	71.9073	-11.793
74.243	71.9073	-11.5668
75.1401	71.9799	-11.4668
72.3492	71.7539	-11.4668
73.2463	71.8266	-11.5668
73.2463	71.8266	-11.793
66.8949	71.3121	-11.793
66.0975	71.2475	-11.793
65.9862	71.2385	-11.793

#	Triangle	32
3	1	2	0	1	3	20	13	12	20	19	13	21	19	20	21	18	19	16	18	21	16	17	18	33	30	51	31	30	33
7	5	6	4	5	7	27	15	14	27	24	15	27	25	24	26	25	27	26	22	25	23	22	26	42	28	32	29	28	42
8	2	1	8	11	2	9	11	8	9	10	11	7	10	9	7	6	10	15	13	14	12	13	15	43	32	41	42	32	43	50	33	51	50	34	33	49	34	50	49	35	34	48	35	49	48	36	35
4	3	5	0	3	4	23	16	22	17	16	23	31	29	30	28	29	31
5	10	6
5	11	10
5	2	11
5	3	2	15	20	12	15	21	20	15	16	21	15	24	16	24	25	16	25	22	16
0	8	1	0	4	7	23	18	17	23	19	18	23	13	19	23	26	13	26	27	13	27	14	13
0	9	8
0	7	9
28	41	32	28	40	41	37	35	36
37	34	35
37	33	34
37	31	33
38	31	37
28	39	40
39	31	38
28	31	39
30	50	51
30	49	50
30	48	49
30	47	48	44	42	43	44	29	42
30	46	47
45	29	44
30	45	46
30	29	45
39	46	45	38	46	39
44	41	40	43	41	44
37	48	47	36	48	37
47	38	37	46	38	47
40	45	44	39	45	40

#	Normal	32
-0.996736	-0.0807292	-0
0.996736	0.0807292	-0
-0	-0	-1
-0	0	1
0.0807243	-0.996736	-0
0.0807322	-0.996736	-1.67514e-006
0.0807296	-0.996736	1.94506e-006
0.0807297	-0.996736	-0
-0.0807299	0.996736	-0
-0.0807229	0.996737	6.99464e-005
-0.0807598	0.996734	-0.000343305
0.0807284	-0.996736	-0
0.0807322	-0.996736	-0.000106096
0.0807069	-0.996738	0.000704284
0.0807286	-0.996736	-0
0.0807277	-0.996736	-1.28272e-005
0.0807274	-0.996736	1.58756e-005
0.0807311	-0.996736	4.37559e-005
0.0807289	-0.996736	-9.56808e-006
-0.0807238	0.996737	-0
-0.080733	0.996736	-1.46845e-006
-0.080729	0.996736	3.73468e-006
-0.0807294	0.996736	-0
-0.0807297	0.996736	-4.81273e-006
-0.080728	0.996736	-1.02316e-005
-0.0807283	0.996736	1.92945e-005
-0.0807289	0.996736	4.5526e-006
-0.0001603	0.0019792	-0.999998
-0.996738	-0.0807033	-0
0.996738	0.0807026	0
0.11023	0.00694502	0.993882
-0.109912	-0.0108793	0.993882

#	Mesh	0	End

