#	Mesh	0	Begin

#	Vertex	72
74.4563	-33.7289	-6.51503
74.4599	-33.7279	-6.51503
74.4632	-33.7263	-6.51503
74.4663	-33.7242	-6.51503
74.4689	-33.7216	-6.51503
74.471	-33.7185	-6.51503
74.4726	-33.7151	-6.51503
74.4736	-33.7115	-6.51503
74.4739	-33.7078	-6.51503
74.4736	-33.7041	-6.51503
74.4726	-33.7005	-6.51503
74.471	-33.6972	-6.51503
74.4689	-33.6941	-6.51503
74.4663	-33.6915	-6.51503
74.4632	-33.6893	-6.51503
74.4599	-33.6878	-6.51503
74.4563	-33.6868	-6.51503
74.4526	-33.6865	-6.51503
74.4489	-33.6868	-6.51503
74.4453	-33.6878	-6.51503
74.4419	-33.6893	-6.51503
74.4388	-33.6915	-6.51503
74.4362	-33.6941	-6.51503
74.4341	-33.6972	-6.51503
74.4325	-33.7005	-6.51503
74.4315	-33.7041	-6.51503
74.4312	-33.7078	-6.51503
74.4315	-33.7115	-6.51503
74.4325	-33.7151	-6.51503
74.4341	-33.7185	-6.51503
74.4362	-33.7216	-6.51503
74.4388	-33.7242	-6.51503
74.4419	-33.7263	-6.51503
74.4453	-33.7279	-6.51503
74.4489	-33.7289	-6.51503
74.4526	-33.7292	-6.51503
74.4563	-33.7289	-3.91694
74.4599	-33.7279	-3.91694
74.4632	-33.7263	-3.91694
74.4663	-33.7242	-3.91694
74.4689	-33.7216	-3.91694
74.471	-33.7185	-3.91694
74.4726	-33.7151	-3.91694
74.4736	-33.7115	-3.91694
74.4739	-33.7078	-3.91694
74.4736	-33.7041	-3.91694
74.4726	-33.7005	-3.91694
74.471	-33.6972	-3.91694
74.4689	-33.6941	-3.91694
74.4663	-33.6915	-3.91694
74.4632	-33.6893	-3.91694
74.4599	-33.6878	-3.91694
74.4563	-33.6868	-3.91694
74.4526	-33.6865	-3.91694
74.4489	-33.6868	-3.91694
74.4453	-33.6878	-3.91694
74.4419	-33.6893	-3.91694
74.4388	-33.6915	-3.91694
74.4362	-33.6941	-3.91694
74.4341	-33.6972	-3.91694
74.4325	-33.7005	-3.91694
74.4315	-33.7041	-3.91694
74.4312	-33.7078	-3.91694
74.4315	-33.7115	-3.91694
74.4325	-33.7151	-3.91694
74.4341	-33.7185	-3.91694
74.4362	-33.7216	-3.91694
74.4388	-33.7242	-3.91694
74.4419	-33.7263	-3.91694
74.4453	-33.7279	-3.91694
74.4489	-33.7289	-3.91694
74.4526	-33.7292	-3.91694

#	Triangle	77
35	36	71
0	36	35
0	37	36	1	37	0
1	38	37	2	38	1
2	39	38	3	39	2
3	40	39	4	40	3
4	41	40	5	41	4
5	42	41
6	42	5
6	43	42
7	43	6
7	44	43
8	44	7
8	45	44
9	45	8
9	46	45
10	46	9
10	47	46
11	47	10
11	48	47	12	48	11
12	49	48
13	49	12
13	50	49
14	50	13
14	51	50	15	51	14
15	52	51	16	52	15
16	53	52
17	53	16
17	54	53
18	54	17
18	55	54	19	55	18
19	56	55	20	56	19
20	57	56
21	57	20
21	58	57
22	58	21
22	59	58	23	59	22
23	60	59
24	60	23
24	61	60
25	61	24
25	62	61	26	62	25
26	63	62
27	63	26
27	64	63
28	64	27
28	65	64
29	65	28
29	66	65	30	66	29
30	67	66	31	67	30
31	68	67	32	68	31
32	69	68	33	69	32
33	70	69	34	70	33
34	71	70
35	71	34
7	9	8	26	25	27
6	9	7	27	25	24
6	10	9	27	24	28
5	10	6	28	24	23
5	11	10	28	23	29
4	11	5	29	23	22
4	12	11	29	22	30
3	12	4	30	22	21
3	13	12	30	21	31
2	13	3	31	21	20
2	14	13	1	14	2	1	15	14	0	15	1	0	16	15	35	16	0	35	17	16	34	17	35	34	18	17	33	18	34	33	19	18	32	19	33	32	20	19	31	20	32
45	43	44	62	63	61
46	43	45	61	63	64
46	42	43	61	64	60
47	42	46	60	64	65
47	41	42	60	65	59
48	41	47	59	65	66
48	40	41	59	66	58
49	40	48	58	66	67
49	39	40	58	67	57
50	39	49	57	67	68
50	38	39	51	38	50	51	37	38	52	37	51	52	36	37	53	36	52	53	71	36	54	71	53	54	70	71	55	70	54	55	69	70	56	69	55	56	68	69	57	68	56

#	Normal	77
0.0870369	-0.996205	2.61721e-007
0.0872191	-0.996189	-0
0.259296	-0.965798	-0
0.421851	-0.906665	-0
0.574167	-0.818738	-0
0.706582	-0.707632	-0
0.819577	-0.572969	-0
0.906478	-0.422253	-0
0.905673	-0.423977	2.72337e-006
0.965535	-0.260275	2.90337e-006
0.96613	-0.258054	-3.87986e-007
0.996295	-0.085996	-1.29296e-007
0.996105	-0.0881695	2.9953e-006
0.996288	0.086086	2.99585e-006
0.996105	0.0881695	-0
0.965535	0.260275	-0
0.96606	0.258316	2.90496e-006
0.906478	0.422253	2.72579e-006
0.905673	0.423977	-0
0.819577	0.572969	-0
0.706582	0.707632	-0
0.707107	0.707107	1.06314e-006
0.574167	0.818738	1.23098e-006
0.573462	0.819232	-0
0.422713	0.906264	-0
0.258316	0.96606	-0
0.0870369	0.996205	-0
0.0872191	0.996189	2.62269e-007
-0.0872191	0.996189	-2.62269e-007
-0.0870369	0.996205	-0
-0.258316	0.96606	-0
-0.422713	0.906264	-0
-0.574167	0.818738	-0
-0.573462	0.819232	1.23172e-006
-0.706582	0.707632	1.06393e-006
-0.707107	0.707107	-0
-0.819577	0.572969	-0
-0.905673	0.423977	-0
-0.906478	0.422253	-2.72579e-006
-0.96606	0.258316	-2.90496e-006
-0.965535	0.260275	-0
-0.996288	0.086086	-0
-0.996295	-0.085996	0
-0.996288	-0.086086	-1.29431e-007
-0.96606	-0.258316	-3.8838e-007
-0.965606	-0.260011	-2.90359e-006
-0.905673	-0.423977	-2.72337e-006
-0.906478	-0.422253	-0
-0.819577	-0.572969	0
-0.706582	-0.707632	0
-0.574167	-0.818738	0
-0.421851	-0.906665	0
-0.259296	-0.965798	0
-0.0872191	-0.996189	0
-0.0870369	-0.996205	-2.61721e-007
-0	0	-2.43274e-006
-0	-0	-7.12445e-006
-0	0	-1.40349e-005
-0	-0	-2.30493e-005
-0	0	-3.36893e-005
-0	-0	-4.55305e-005
-0	0	-5.8544e-005
-0	-0	-7.22686e-005
-0	0	-8.61218e-005
-0	-0	-9.96661e-005
-0	0	-1
-0	0	2.37607e-006
-0	-0	7.18616e-006
-0	0	1.4149e-005
-0	-0	2.29352e-005
-0	0	3.35225e-005
-0	-0	4.55305e-005
-0	0	5.8544e-005
-0	-0	7.22686e-005
-0	0	8.61115e-005
-0	-0	9.96542e-005
-0	0	1

#	Mesh	0	End

