#	Mesh	0	Begin

#	Vertex	334
76.9295	-35.2299	-3.83651
76.9289	-35.2217	-3.83311
76.9282	-35.213	-3.83195
76.9274	-35.2042	-3.83311
76.9268	-35.196	-3.83651
76.9262	-35.189	-3.84192
76.9258	-35.1836	-3.84898
76.9255	-35.1802	-3.85719
76.9254	-35.179	-3.866
76.9255	-35.1802	-3.87481
76.9258	-35.1836	-3.88302
76.9262	-35.189	-3.89008
76.9268	-35.196	-3.89549
76.9274	-35.2042	-3.89889
76.9282	-35.213	-3.90005
76.9289	-35.2217	-3.89889
76.9295	-35.2299	-3.89549
76.9301	-35.237	-3.89008
76.9305	-35.2423	-3.88302
76.9308	-35.2457	-3.87481
76.9309	-35.2469	-3.866
76.9308	-35.2457	-3.85719
76.9305	-35.2423	-3.84898
76.9301	-35.237	-3.84192
76.9486	-35.2284	-3.83651
76.9491	-35.2354	-3.84192
76.9484	-35.2265	-3.8398
76.9478	-35.2192	-3.83678
76.9479	-35.2202	-3.83311
76.9489	-35.2327	-3.84461
76.9496	-35.2408	-3.84898
76.9493	-35.2375	-3.85088
76.9496	-35.2405	-3.85817
76.9499	-35.2442	-3.85719
76.9496	-35.2416	-3.866
76.9499	-35.2454	-3.866
76.9496	-35.2405	-3.87383
76.9499	-35.2442	-3.87481
76.9493	-35.2375	-3.88112
76.9496	-35.2408	-3.88302
76.9489	-35.2327	-3.88739
76.9491	-35.2354	-3.89008
76.9484	-35.2265	-3.8922
76.9486	-35.2284	-3.89549
76.9478	-35.2192	-3.89522
76.9479	-35.2202	-3.89889
76.9472	-35.2114	-3.89625
76.9472	-35.2114	-3.90005
76.9466	-35.2036	-3.89522
76.9465	-35.2026	-3.89889
76.946	-35.1963	-3.8922
76.9458	-35.1944	-3.89549
76.9457	-35.1932	-3.88979
76.9455	-35.1901	-3.88739
76.9453	-35.1874	-3.89008
76.9453	-35.1877	-3.88426
76.9452	-35.1865	-3.88269
76.9451	-35.1853	-3.88112
76.9448	-35.182	-3.88302
76.9445	-35.1786	-3.87481
76.945	-35.1846	-3.8793
76.945	-35.1838	-3.87748
76.9449	-35.183	-3.87565
76.9448	-35.1823	-3.87383
76.9444	-35.1775	-3.866
76.9448	-35.1822	-3.87285
76.9448	-35.182	-3.87187
76.9448	-35.1818	-3.86991
76.9448	-35.1816	-3.86894
76.9448	-35.1815	-3.86796
76.9448	-35.1814	-3.86698
76.9447	-35.1813	-3.866
76.9445	-35.1786	-3.85719
76.9448	-35.1814	-3.86502
76.9448	-35.1815	-3.86404
76.9448	-35.1816	-3.86306
76.9448	-35.1818	-3.86209
76.9448	-35.182	-3.86013
76.9448	-35.1822	-3.85915
76.9448	-35.1823	-3.85817
76.9448	-35.182	-3.84898
76.9449	-35.183	-3.85635
76.945	-35.1838	-3.85452
76.945	-35.1846	-3.8527
76.9451	-35.1853	-3.85088
76.9453	-35.1874	-3.84192
76.9452	-35.1865	-3.84931
76.9453	-35.1877	-3.84774
76.9455	-35.1901	-3.84461
76.9458	-35.1944	-3.83651
76.9457	-35.1932	-3.84221
76.946	-35.1963	-3.8398
76.9465	-35.2026	-3.83311
76.9466	-35.2036	-3.83678
76.9472	-35.2114	-3.83195
76.9472	-35.2114	-3.83575
77.0184	-35.2241	-3.83417
77.0193	-35.2351	-3.83655
77.0186	-35.2265	-3.82993
77.019	-35.2317	-3.84001
77.0177	-35.2152	-3.8305
77.0198	-35.2417	-3.84518
77.0195	-35.2375	-3.84763
77.0198	-35.2412	-3.85649
77.0202	-35.2459	-3.85522
77.0199	-35.2424	-3.866
77.0203	-35.2473	-3.866
77.0198	-35.2412	-3.87551
77.0202	-35.2459	-3.87678
77.0195	-35.2375	-3.88437
77.0198	-35.2417	-3.88682
77.019	-35.2317	-3.89199
77.0193	-35.2351	-3.89545
77.0184	-35.2241	-3.89783
77.0186	-35.2265	-3.90207
77.0177	-35.2152	-3.9015
77.0178	-35.2165	-3.90623
77.0169	-35.2058	-3.90275
77.0169	-35.2058	-3.90765
77.0161	-35.1963	-3.9015
77.016	-35.195	-3.90623
77.0154	-35.1875	-3.89783
77.0152	-35.185	-3.90207
77.0151	-35.1837	-3.89491
77.0148	-35.1799	-3.89199
77.0145	-35.1764	-3.89545
77.0146	-35.177	-3.88818
77.0145	-35.1755	-3.88628
77.0143	-35.174	-3.88437
77.014	-35.1698	-3.88682
77.0137	-35.1657	-3.87678
77.0143	-35.1731	-3.88216
77.0142	-35.1722	-3.87994
77.0141	-35.1713	-3.87773
77.0141	-35.1704	-3.87551
77.0136	-35.1643	-3.866
77.014	-35.1701	-3.87313
77.014	-35.1699	-3.87194
77.014	-35.1698	-3.87076
77.014	-35.1695	-3.86838
77.014	-35.1693	-3.86719
77.014	-35.1691	-3.866
77.0137	-35.1657	-3.85522
77.014	-35.1693	-3.86481
77.014	-35.1695	-3.86362
77.014	-35.1698	-3.86124
77.014	-35.1699	-3.86006
77.014	-35.1701	-3.85887
77.0141	-35.1704	-3.85649
77.014	-35.1698	-3.84518
77.0141	-35.1713	-3.85427
77.0142	-35.1722	-3.85206
77.0143	-35.1731	-3.84984
77.0143	-35.174	-3.84763
77.0145	-35.1764	-3.83655
77.0145	-35.1755	-3.84572
77.0146	-35.177	-3.84382
77.0148	-35.1799	-3.84001
77.0152	-35.185	-3.82993
77.0151	-35.1837	-3.83709
77.0154	-35.1875	-3.83417
77.016	-35.195	-3.82577
77.0161	-35.1963	-3.8305
77.0169	-35.2058	-3.82435
77.0169	-35.2058	-3.82925
77.0178	-35.2165	-3.82577
77.0381	-35.2041	-3.82435
77.039	-35.2148	-3.82577
77.0398	-35.2248	-3.82993
77.0405	-35.2334	-3.83655
77.0411	-35.24	-3.84518
77.0414	-35.2441	-3.85522
77.0415	-35.2456	-3.866
77.0414	-35.2441	-3.87678
77.0411	-35.24	-3.88682
77.0405	-35.2334	-3.89545
77.0398	-35.2248	-3.90207
77.039	-35.2148	-3.90623
77.0381	-35.2041	-3.90765
77.0373	-35.1933	-3.90623
77.0365	-35.1833	-3.90207
77.0358	-35.1747	-3.89545
77.0352	-35.1681	-3.88682
77.0349	-35.1639	-3.87678
77.0348	-35.1625	-3.866
77.0349	-35.1639	-3.85522
77.0352	-35.1681	-3.84518
77.0358	-35.1747	-3.83655
77.0365	-35.1833	-3.82993
77.0373	-35.1933	-3.82577
76.9506	-35.1816	-3.85905
76.9522	-35.1827	-3.85376
76.9529	-35.1832	-3.85264
77.0045	-35.1748	-3.85044
76.9497	-35.1809	-3.86322
76.9544	-35.1843	-3.8504
76.9503	-35.1813	-3.86044
76.95	-35.1811	-3.86183
76.9655	-35.1915	-3.83966
76.9573	-35.1864	-3.84592
76.9614	-35.189	-3.84279
77.0033	-35.1761	-3.84822
76.9514	-35.1822	-3.85488
76.9558	-35.1854	-3.84816
77.0078	-35.1713	-3.85905
77.008	-35.1711	-3.86044
77.0071	-35.1721	-3.85488
77.0075	-35.1716	-3.85766
77.0073	-35.1719	-3.85627
77.002	-35.1774	-3.84599
76.9986	-35.1809	-3.84293
77.0083	-35.1708	-3.86183
77.0085	-35.1705	-3.86322
77.009	-35.17	-3.866
77.0088	-35.1703	-3.86461
76.9866	-35.1913	-3.8364
76.9951	-35.1843	-3.83987
76.9759	-35.1949	-3.83613
76.9707	-35.1932	-3.83789
77.0058	-35.1735	-3.85266
76.9511	-35.182	-3.85627
76.9509	-35.1818	-3.85766
76.9813	-35.1931	-3.83626
76.9494	-35.1807	-3.86461
76.9492	-35.1805	-3.866
76.9506	-35.1816	-3.87295
77.008	-35.1711	-3.87156
77.0083	-35.1708	-3.87017
77.0085	-35.1705	-3.86878
76.9558	-35.1854	-3.88384
76.9544	-35.1843	-3.8816
76.9529	-35.1832	-3.87936
77.0071	-35.1721	-3.87712
77.0073	-35.1719	-3.87573
77.0075	-35.1716	-3.87434
77.0078	-35.1713	-3.87295
76.9759	-35.1949	-3.89587
76.9494	-35.1807	-3.86739
76.9497	-35.1809	-3.86878
77.0033	-35.1761	-3.88378
77.0045	-35.1748	-3.88156
76.9655	-35.1915	-3.89234
77.002	-35.1774	-3.88601
76.9573	-35.1864	-3.88608
76.9614	-35.189	-3.88921
76.9813	-35.1931	-3.89574
76.9866	-35.1913	-3.8956
76.9514	-35.1822	-3.87712
77.0058	-35.1735	-3.87934
76.9951	-35.1843	-3.89213
76.9986	-35.1809	-3.88907
76.9522	-35.1827	-3.87824
76.9509	-35.1818	-3.87434
76.9511	-35.182	-3.87573
76.95	-35.1811	-3.87017
76.9503	-35.1813	-3.87156
77.0088	-35.1703	-3.86739
76.9707	-35.1932	-3.89411
76.9483	-35.1695	-3.866
76.9493	-35.1695	-3.87383
76.9634	-35.1683	-3.8922
76.9706	-35.1677	-3.89522
76.9523	-35.1692	-3.88112
76.9571	-35.1688	-3.88739
77.0076	-35.1647	-3.87383
76.9784	-35.1671	-3.89625
76.9862	-35.1665	-3.89522
77.0086	-35.1647	-3.866
77.0081	-35.1647	-3.86991
76.9935	-35.1659	-3.8922
77.0045	-35.165	-3.88112
77.006	-35.1649	-3.87748
76.9998	-35.1654	-3.88739
77.0081	-35.1647	-3.86209
77.0076	-35.1647	-3.85817
77.0045	-35.165	-3.85088
76.9998	-35.1654	-3.84461
77.006	-35.1649	-3.85452
76.9935	-35.1659	-3.8398
76.9784	-35.1671	-3.83575
76.9706	-35.1677	-3.83678
76.9862	-35.1665	-3.83678
76.9634	-35.1683	-3.8398
76.9571	-35.1688	-3.84461
76.9493	-35.1695	-3.85817
76.9523	-35.1692	-3.85088
77.0024	-35.1652	-3.84192
76.9954	-35.1657	-3.83651
77.0078	-35.1647	-3.84898
77.0112	-35.1644	-3.85719
77.0124	-35.1644	-3.866
77.0112	-35.1644	-3.87481
77.0078	-35.1647	-3.88302
77.0024	-35.1652	-3.89008
76.9954	-35.1657	-3.89549
76.9872	-35.1664	-3.89889
76.9784	-35.1671	-3.90005
76.9696	-35.1678	-3.89889
76.9615	-35.1685	-3.89549
76.9544	-35.169	-3.89008
76.949	-35.1695	-3.88302
76.9456	-35.1698	-3.87481
76.9445	-35.1698	-3.866
76.9456	-35.1698	-3.85719
76.949	-35.1695	-3.84898
76.9544	-35.169	-3.84192
76.9615	-35.1685	-3.83651
76.9696	-35.1678	-3.83311
76.9784	-35.1671	-3.83195
76.9872	-35.1664	-3.83311
76.9769	-35.1481	-3.83195
76.9857	-35.1474	-3.83311
76.9939	-35.1467	-3.83651
77.0009	-35.1461	-3.84192
77.0063	-35.1457	-3.84898
77.0097	-35.1454	-3.85719
77.0108	-35.1453	-3.866
77.0097	-35.1454	-3.87481
77.0063	-35.1457	-3.88302
77.0009	-35.1461	-3.89008
76.9939	-35.1467	-3.89549
76.9857	-35.1474	-3.89889
76.9769	-35.1481	-3.90005
76.9681	-35.1488	-3.89889
76.9599	-35.1494	-3.89549
76.9529	-35.15	-3.89008
76.9475	-35.1504	-3.88302
76.9441	-35.1507	-3.87481
76.9429	-35.1508	-3.866
76.9441	-35.1507	-3.85719
76.9475	-35.1504	-3.84898
76.9529	-35.15	-3.84192
76.9599	-35.1494	-3.83651
76.9681	-35.1488	-3.83311

#	Triangle	376
3	1	2	14	15	13
4	1	3	13	15	16
4	0	1
5	0	4
5	23	0
6	23	5
6	22	23
7	22	6
7	21	22
8	21	7	9	19	20
8	20	21	9	20	8
10	19	9
10	18	19
11	18	10
11	17	18
12	17	11
12	16	17
13	16	12
26	24	25	24	27	28	25	30	29	33	32	30	35	34	33	37	36	35	39	38	37	40	39	41	42	41	43	43	45	44	47	46	45	49	48	47	49	51	50	54	53	51	54	58	57	58	59	57	64	63	59	64	72	71	80	79	72	85	84	80	88	85	89	92	91	89	92	94	93	94	28	95
27	24	26	29	26	25	30	31	29	30	32	31	34	32	33	35	36	34	37	38	36	39	40	38	40	41	42	44	42	43	46	44	45	48	46	47	50	48	49	91	92	93	93	94	95	95	28	27
50	51	52	52	51	53	53	54	55	87	85	88	88	89	90	90	89	91
55	54	56	56	54	57	57	59	60	60	59	61	61	59	62	62	59	63	66	64	67	76	72	77	79	80	81	81	80	82	82	80	83	83	80	84	84	85	86	86	85	87
63	64	65	65	64	66	67	64	68	68	64	69	69	64	70	70	64	71	71	72	73	73	72	74	74	72	75	75	72	76	77	72	78	78	72	79
64	9	8	59	9	64
59	10	9
58	10	59
12	54	51
11	54	12
10	54	11
58	54	10
13	51	49	12	51	13
14	49	47	13	49	14
45	16	15
43	16	45
43	17	16
41	17	43
19	39	37	18	39	19
17	39	18
41	39	17
20	37	35	19	37	20
45	14	47
15	14	45
35	21	20	33	21	35
33	22	21	30	22	33
0	25	24
23	25	0
22	25	23
30	25	22
1	24	28
0	24	1
2	28	94
1	28	2
92	4	3	89	4	92
89	5	4
85	5	89
7	80	72
6	80	7
5	80	6
85	80	5
8	72	64	7	72	8
92	2	94	3	2	92
98	96	97	101	97	99	103	104	101	105	106	104	107	108	106	109	110	108	110	111	112	112	113	114	116	114	115	117	118	116	119	120	118	122	120	121	124	125	122	129	125	128	130	129	128	134	135	130	142	135	141	148	149	142	153	154	149	154	157	158	160	161	158	163	161	162	165	163	164	100	98	165
96	99	97	98	100	96	102	101	99	103	101	102	103	105	104	107	106	105	109	108	107	111	110	109	112	111	113	113	115	114	115	117	116	117	119	118	119	121	120	161	160	162	163	162	164	165	164	100
123	122	121	124	122	123	126	125	124	157	154	156	159	158	157	160	158	159
127	125	126	128	125	127	131	130	128	132	130	131	133	130	132	134	130	133	136	135	134	139	135	138	145	142	144	148	142	147	150	149	148	151	149	150	152	149	151	153	149	152	155	154	153	156	154	155
137	135	136
138	135	137	140	135	139	141	135	140	143	142	141	144	142	143	146	142	145	147	142	146
167	189	166	178	179	177
168	189	167	177	179	180
168	188	189
169	188	168	176	180	181
169	187	188	176	181	175
170	187	169
170	186	187
171	186	170
171	185	186
172	185	171
172	184	185
173	184	172
173	183	184
174	183	173
174	182	183
175	182	174
175	181	182
177	180	176
184	130	135	183	130	184
183	129	130	182	129	183
122	181	180	125	181	122
129	181	125
182	181	129
120	180	179
122	180	120
118	179	178
120	179	118
177	114	116
176	114	177
176	112	114	175	112	176
108	174	173	110	174	108
112	174	110
175	174	112
106	173	172
108	173	106
177	118	178
116	118	177
172	104	106
171	104	172
171	101	104	170	101	171
98	169	168	97	169	98
101	169	97
170	169	101
165	168	167
98	168	165
163	167	166
165	167	163
189	158	161
188	158	189
188	154	158	187	154	188
142	186	185	149	186	142
154	186	149
187	186	154
135	185	184	142	185	135
189	163	166
161	163	189
79	77	78	151	153	152	194	196	197	211	205	212	198	217	218	221	202	220	217	215	222	66	63	65	228	226	227	234	232	233	246	236	245	253	247	252	255	238	254	131	128	132	236	241	257	69	67	68	234	226	235	230	243	229	243	241	244	236	246	245	228	213	256	226	228	227	249	242	250	232	234	233	212	205	211	209	216	210	215	217	222	205	207	204	207	206	208	213	212	214	198	199	200	199	195	203
190	77	79	77	196	76
192	191	83
193	153	151
75	194	74	76	194	75	74	223	73
84	195	192
76	196	194
198	90	91
87	88	199
200	199	88
201	153	193
82	191	202
87	203	86
205	204	146
84	86	195
83	84	192
208	148	207	206	148	208	204	207	147
210	156	209
212	205	145
148	206	150
214	143	213	145	205	146	212	144	214	223	74	194
210	157	156
216	215	159
155	153	201
216	159	157
155	201	209
160	159	215
155	209	156
216	157	210
91	217	198
147	146	204
162	217	93
151	150	219
95	100	164
27	100	95
162	95	164
93	95	162
81	202	221
193	151	219
96	27	26
100	27	96
88	90	200
82	202	81
148	147	207
103	31	32
102	31	103
102	29	31
99	29	102
99	26	29
96	26	99
105	32	34
103	32	105
160	215	217
160	217	162
77	190	196	190	79	221
198	200	90
206	219	150
203	87	199
79	81	221
82	83	191
93	217	91
203	195	86
71	73	224
141	213	143	223	224	73	143	214	144
144	212	145
38	107	36
109	107	38
225	63	66	67	255	66
34	107	105
36	107	34
138	226	228
38	111	109
40	111	38
137	226	138	238	69	237	256	139	228	256	213	140
115	42	44
113	42	115
56	229	55
119	46	48
117	46	119
57	230	56
230	57	231
115	46	117
44	46	115
134	232	234
111	42	113
40	42	111
235	137	136
236	119	48
240	128	239
52	241	50
126	242	127
244	53	243
121	236	246
55	243	53
121	119	236
62	247	61
50	236	48
52	53	244
248	133	132
250	124	249
244	241	52
230	229	56
251	60	61
62	63	252
60	251	231
252	247	62
67	238	255
123	249	124
55	229	243
251	61	247
228	139	138
250	242	126
235	226	137
133	232	134
123	121	246
250	126	124
123	246	249
128	127	239
232	133	248
132	128	240
234	136	134
248	132	240
252	63	225	255	225	66
242	239	127
139	256	140	237	70	224	141	140	213
50	241	236
60	231	57
235	136	234
238	67	69
71	224	70
70	237	69
255	258	259
261	257	260
247	259	262
241	263	260
264	226	234
255	254	258	254	238	258	238	237	258	237	224	258
262	263	230
263	243	230
260	257	241
263	241	243
265	246	236
257	261	236
266	246	265
268	267	228
247	253	259	253	252	259	252	225	259	225	255	259
266	269	249
267	213	228
232	248	270	248	240	270	240	239	270	239	242	270
268	228	226
271	232	270
261	265	236
269	272	249
272	242	249
266	249	246
230	231	262
231	251	262	251	247	262
264	234	271
271	234	232
268	226	264
272	270	242
205	273	274
276	209	275
273	205	212
206	277	275
216	276	278
280	217	279
273	212	267
209	201	275	201	193	275	193	219	275	219	206	275
215	216	281
276	216	209
279	217	215
281	216	278
274	277	207
274	207	205
283	198	282
284	258	196
285	284	202
277	206	207
202	191	285	191	192	285
192	195	285
195	283	285
267	212	213
224	223	258	223	194	258	194	197	258	197	196	258
217	280	218
280	282	218
282	198	218
281	279	215
283	199	198
283	195	199
196	190	284	190	221	284	221	220	284	220	202	284
287	278	286	288	286	276	274	289	288	267	290	289	264	291	290	270	292	291	292	272	293	293	269	294	295	294	266	265	296	295	261	297	296	298	297	260	263	299	298	300	299	262	301	300	262	259	302	301	303	302	258	284	304	303	285	305	304	305	283	306	282	307	306	308	307	280	309	308	279	281	287	309
278	276	286	287	281	278	275	288	276	272	292	270	293	272	269	269	266	294	266	265	295	265	261	296	261	260	297	298	260	263	262	299	263	259	301	262	258	302	259	303	258	284	285	304	284	285	283	305	283	282	306	307	282	280	308	280	279	309	279	281
277	288	275	274	288	277	273	289	274	267	289	273	268	290	267	264	290	268	271	291	264	270	291	271
311	333	310	322	323	321
312	333	311	321	323	324
312	332	333	321	324	320
313	332	312
313	331	332
314	331	313
314	330	331
315	330	314
315	329	330
316	329	315	317	327	328
316	328	329	317	328	316
318	327	317
318	326	327
319	326	318
319	325	326
320	325	319
320	324	325
328	301	302	327	301	328
327	300	301	326	300	327
298	325	324
299	325	298
300	325	299
326	325	300
297	324	323
298	324	297
296	323	322
297	323	296
321	294	295
320	294	321
320	293	294
319	293	320
291	318	317
292	318	291
293	318	292
319	318	293
290	317	316	291	317	290
321	296	322
295	296	321
316	289	290	315	289	316
315	288	289
314	288	315
287	313	312
286	313	287
288	313	286
314	313	288
309	312	311
287	312	309
308	311	310
309	311	308
333	306	307
332	306	333
332	305	306
331	305	332
303	328	302	329	328	303
304	331	330
305	331	304
330	303	304	329	303	330
333	308	310
307	308	333

#	Normal	376
-2.03798e-005	-1.6496e-006	-2.7771e-009
-5.97541e-005	-4.83667e-006	2.91443e-008
-0.996733	-0.0807666	-0.000181281
-0.996733	-0.0807666	0.000103354
-0.996731	-0.0807963	-0.000122854
-0.99673	-0.0807962	-0.0010742
-0.996741	-0.0806718	-0.000125839
-0.99674	-0.0806718	0.000828703
-0.996734	-0.0807601	0.000156202
-0.996734	-0.0807601	7.36995e-006
-0.996733	-0.080762	-7.11887e-006
-0.996733	-0.08076	-0.000792024
-0.996741	-0.0806718	-0.000119529
-0.99674	-0.0806718	0.000978391
-0.996731	-0.0807963	3.00162e-005
-0.996731	-0.0807963	-6.45306e-005
-0.996733	-0.0807666	0.000161656
-0.996733	-0.0807666	-0.00027403
3.3392e-005	2.72243e-006	-1.8158e-008
2.96494e-005	2.40051e-006	-2.57874e-008
1.48381e-005	1.22402e-006	1.52588e-010
7.41921e-006	5.82275e-007	-1.7395e-009
3.73161e-006	3.21161e-007	-1.12305e-008
-0.0798851	0.988224	-0.130507
-0.0744387	0.920849	-0.382748
-0.0744711	0.920871	-0.382688
-0.0491821	0.606869	-0.793278
-0.0490413	0.606669	-0.793441
-0.063922	0.790751	-0.608791
-0.0639453	0.790715	-0.608836
-0.0309177	0.381501	-0.923851
-0.0105417	0.130076	-0.991448
0.0308275	-0.381353	-0.923915
0.0309177	-0.381501	-0.923851
0.0491821	-0.606869	-0.793278
0.0490413	-0.606669	-0.793441
0.0746285	-0.920859	-0.382688
0.0640804	-0.790704	-0.608836
0.0639363	-0.790928	-0.60856
0.0800866	-0.988208	-0.130507
0.0105417	-0.130076	-0.991448
0.0105197	-0.130135	-0.99144
0.0800866	-0.988208	0.130507
0.0746285	-0.920859	0.382688
0.049165	-0.606659	0.793441
0.0490584	-0.606879	0.793278
0.0639193	-0.790717	0.608836
0.0640975	-0.790915	0.60856
0.03084	-0.381508	0.923851
0.0309052	-0.381347	0.923915
0.0105417	-0.130076	0.991448
0.0105197	-0.130135	0.99144
-0.0309177	0.381501	0.923851
-0.049165	0.606659	0.793441
-0.0490584	0.606879	0.793278
-0.0744408	0.920874	0.382688
-0.0744691	0.920846	0.382748
-0.0639481	0.790749	0.608791
-0.0639193	0.790717	0.608836
-0.0798851	0.988224	0.130507
-0.0105417	0.130076	0.991448
-5.26455e-005	-4.24347e-006	-1.83105e-008
-4.64515e-005	-3.73542e-006	-5.69458e-008
-2.32254e-005	-1.86333e-006	-3.05176e-009
-1.15978e-005	-9.41179e-007	4.48608e-009
-5.80549e-006	-5.01595e-007	2.7771e-008
-5.80549e-006	-4.55151e-007	-1.64795e-008
3.05015e-005	2.47249e-006	-8.39539e-008
8.94214e-005	7.24862e-006	2.01111e-008
0.996741	0.0806546	0.0013042
0.996742	0.0806547	-5.95528e-005
0.996743	0.0806414	4.21109e-005
0.996743	0.0806414	-0.000292626
0.99674	0.0806792	-0.000580986
0.99674	0.0806792	4.62813e-005
0.99674	0.0806868	-1.17426e-005
0.996739	0.0806868	0.000222085
0.996735	0.0807479	-0.000243259
0.996735	0.0807479	-0.000213999
0.996739	0.0806868	0.000251323
0.99674	0.0806868	-4.31192e-005
0.99674	0.0806792	1.49077e-005
0.99674	0.0806792	0.000321756
0.996743	0.0806413	0.000610118
0.996742	0.0806547	-0.000567396
-0.0800173	0.988214	-0.130501
-0.0745609	0.920828	-0.382776
-0.0491155	0.606799	-0.793336
-0.0640059	0.790764	-0.608765
-0.0640271	0.790734	-0.608802
-0.0308872	0.381457	-0.92387
-0.0308743	0.381438	-0.923879
-0.0105288	0.130079	-0.991448
-0.0105333	0.130086	-0.991447
0.0308872	-0.381457	-0.92387
0.0308743	-0.381438	-0.923879
0.0491155	-0.606799	-0.793336
0.0745712	-0.920954	-0.38247
0.0640271	-0.790734	-0.608802
0.0640059	-0.790764	-0.608765
0.0799843	-0.98817	-0.130853
0.0800142	-0.988175	-0.130796
0.0105294	-0.130086	-0.991447
0.0105327	-0.130079	-0.991448
0.0799849	-0.988178	0.130796
0.0800136	-0.988168	0.130853
0.0745712	-0.920954	0.38247
0.0491155	-0.606799	0.793336
0.0640037	-0.790736	0.608802
0.0640293	-0.790762	0.608765
0.0308856	-0.381437	0.923879
0.0308759	-0.381458	0.92387
0.0105294	-0.130086	0.991447
0.0105327	-0.130079	0.991448
-0.0308856	0.381437	0.923879
-0.0308759	0.381458	0.92387
-0.0491155	0.606799	0.793336
-0.0745609	0.920828	0.382776
-0.0640293	0.790762	0.608765
-0.0640037	0.790736	0.608802
-0.0800173	0.988214	0.130501
-0.0105288	0.130079	0.991448
-0.0105333	0.130086	0.991447
-3.8538e-009	-7.64847e-009	-9.46045e-010
-1.22155e-006	1.12597e-005	1.47528e-006
-1.49134e-006	8.76812e-006	5.10684e-006
-8.41518e-006	4.29986e-005	1.80195e-005
-6.98635e-007	4.84149e-006	6.43219e-007
-2.73877e-006	2.00927e-005	1.12576e-005
-1.91636e-006	1.43494e-005	2.59131e-006
-1.19899e-005	4.68511e-005	6.21996e-005
-8.39656e-006	3.72813e-005	2.90236e-005
-8.16926e-006	4.24006e-005	4.54442e-005
-5.38804e-006	2.53067e-005	1.21211e-005
-1.6119e-006	7.49863e-006	4.61426e-006
-3.16827e-006	1.65723e-005	1.28771e-005
-1.6933e-006	8.40328e-006	1.30139e-006
-2.13357e-006	1.44879e-005	1.12318e-005
-2.42275e-006	1.43464e-005	5.97174e-006
-1.98443e-006	9.32774e-006	1.41089e-006
-9.00273e-006	4.59781e-005	4.15514e-005
-3.19181e-006	1.61783e-005	2.5134e-006
-2.3749e-006	1.56064e-005	6.51324e-006
-1.29834e-006	7.16949e-006	1.13684e-006
-1.24026e-005	6.11541e-005	4.75308e-005
-0.132123	0.564452	0.814824
-4.80137e-006	2.09613e-005	1.63658e-005
-1.25031e-005	5.75803e-005	7.60949e-005
-4.68511e-006	2.79752e-005	1.41203e-005
-0.141432	0.596748	0.789866
-4.09788e-006	2.36345e-005	1.83012e-005
-1.31898e-005	5.98434e-005	5.23753e-005
-0.128561	0.496604	0.858404
-1.51977e-006	7.41101e-006	9.83917e-007
-0.119514	0.334251	0.934876
-3.28939e-006	1.85497e-005	7.78912e-006
-0.0809578	-0.136938	0.987266
-0.0809584	-0.136952	0.987264
-0.101935	0.122167	0.987261
-0.101926	0.122124	0.987267
-2.996e-006	1.73079e-005	3.23328e-006
-3.54691e-006	1.94027e-005	9.62396e-006
-0.0606999	-0.387318	0.919946
-0.0606937	-0.387201	0.919996
-8.36535e-006	3.78182e-005	4.9973e-005
-2.66487e-006	1.18054e-005	4.97153e-006
-3.2369e-006	1.54385e-005	2.07141e-006
-0.0172008	-0.924402	0.381031
-0.0171895	-0.924356	0.381144
-0.0276826	-0.794753	0.606301
-0.0276973	-0.794872	0.606145
-0.0425364	-0.611542	0.790068
-0.0425451	-0.611657	0.789978
-0.0117426	-0.991447	0.129978
-0.0117671	-0.991475	0.129764
-9.08369e-006	3.16611e-005	6.2355e-005
-0.116212	0.373026	0.920514
-9.0044e-007	7.71065e-006	1.35242e-006
-1.17771e-005	5.14724e-005	5.75096e-005
-2.6345e-006	1.64574e-005	8.37567e-006
-4.80703e-006	2.42526e-005	1.4556e-005
-1.33905e-006	1.09547e-005	4.57382e-006
-2.54055e-006	1.30765e-005	5.49197e-006
-0.130203	0.371624	0.919208
-3.77344e-006	2.21678e-005	1.29118e-005
-7.53186e-007	4.32031e-006	5.81024e-007
-1.02641e-006	5.87051e-006	7.78229e-007
-2.44906e-006	1.29766e-005	1.70816e-006
-0.0172008	-0.924402	-0.381031
-0.0171895	-0.924356	-0.381144
-1.22155e-006	1.12597e-005	-1.47528e-006
-0.0117429	-0.991475	-0.129764
-0.011772	-0.991447	-0.129977
-3.19181e-006	1.61783e-005	-2.5134e-006
-0.0276753	-0.794872	-0.606146
-0.0277092	-0.794753	-0.6063
-1.42112e-006	7.09989e-006	-9.51721e-007
-0.0606828	-0.387317	-0.919947
-0.0607078	-0.387202	-0.919994
-3.16827e-006	1.65723e-005	-1.28771e-005
-0.101926	0.122124	-0.987267
-0.101935	0.122167	-0.987261
-2.13357e-006	1.44879e-005	-1.12318e-005
-2.73877e-006	2.00927e-005	-1.12576e-005
-0.0809578	-0.136938	-0.987266
-0.0809584	-0.136952	-0.987264
-3.97375e-006	1.86571e-005	-2.8472e-006
-0.0425451	-0.611657	-0.789978
-0.0425364	-0.611542	-0.790068
-1.51977e-006	7.41101e-006	-9.83917e-007
-0.119514	0.334251	-0.934876
-5.38804e-006	2.53067e-005	-1.21211e-005
-1.19899e-005	4.68511e-005	-6.21996e-005
-4.09788e-006	2.36345e-005	-1.83012e-005
-8.16926e-006	4.24006e-005	-4.54442e-005
-9.08369e-006	3.16611e-005	-6.2355e-005
-8.39656e-006	3.72813e-005	-2.90236e-005
-0.116212	0.373026	-0.920514
-2.66487e-006	1.18054e-005	-4.97153e-006
-0.130203	0.371624	-0.919208
-8.36535e-006	3.78182e-005	-4.9973e-005
-3.28939e-006	1.85497e-005	-7.78912e-006
-1.31898e-005	5.98434e-005	-5.23753e-005
-1.17771e-005	5.14724e-005	-5.75096e-005
-3.77344e-006	2.21678e-005	-1.29118e-005
-2.54055e-006	1.30765e-005	-5.49197e-006
-1.33905e-006	1.09547e-005	-4.57382e-006
-1.49134e-006	8.76812e-006	-5.10684e-006
-2.996e-006	1.73079e-005	-3.23328e-006
-1.91636e-006	1.43494e-005	-2.59131e-006
-1.25031e-005	5.75803e-005	-7.60949e-005
-4.80703e-006	2.42526e-005	-1.4556e-005
-1.6119e-006	7.49863e-006	-4.61426e-006
-2.44906e-006	1.29766e-005	-1.70816e-006
-9.00273e-006	4.59781e-005	-4.15514e-005
-1.6933e-006	8.40328e-006	-1.30139e-006
-2.3749e-006	1.56064e-005	-6.51324e-006
-0.141432	0.596748	-0.789866
-1.24026e-005	6.11541e-005	-4.75308e-005
-0.132123	0.564452	-0.814824
-4.80137e-006	2.09613e-005	-1.63658e-005
-2.6345e-006	1.64574e-005	-8.37567e-006
-8.41518e-006	4.29986e-005	-1.80195e-005
-3.2369e-006	1.54385e-005	-2.07141e-006
-3.54691e-006	1.94027e-005	-9.62396e-006
-8.37042e-007	8.22856e-006	-1.44131e-006
-4.68511e-006	2.79752e-005	-1.41203e-005
-1.1251e-006	6.18018e-006	-8.26965e-007
-0.128561	0.496604	-0.858404
-2.42275e-006	1.43464e-005	-5.97174e-006
-1.79165e-006	8.70841e-006	-1.35233e-006
-1.39712e-006	9.67535e-006	-1.29117e-006
-7.53186e-007	4.32031e-006	-5.81024e-007
-7.25727e-007	4.57594e-006	-6.08612e-007
-9.28484e-005	-1.01091e-005	-1.23355e-005
-0.380493	-0.0413376	-0.923859
-0.922488	-0.0546819	-0.382133
-0.606798	-0.0508096	-0.79323
1.87738e-005	2.28825e-007	-3.3681e-006
-1.52291e-005	-1.20537e-006	-2.98434e-006
-0.788265	-0.0878513	-0.609033
-8.15479e-005	-4.64874e-006	-5.11423e-005
-0.327835	-0.0242452	-0.944424
-0.631021	-0.0641261	-0.773111
0.0305992	-0.0163533	-0.999398
-0.333279	-0.0419939	-0.941893
0.129536	0.0173812	-0.991422
2.28938e-005	1.21912e-006	-3.02896e-006
-1.70001e-005	-2.01755e-006	-3.13385e-006
0.381776	0.0300906	-0.923765
1.4864e-005	1.21605e-006	-2.86447e-006
2.11931e-005	5.66114e-007	-1.2338e-005
1.68183e-005	7.31312e-007	-3.06985e-006
2.65196e-005	3.16345e-006	-1.10664e-005
-0.130807	-0.00157351	-0.991407
0.606367	0.0502426	-0.793596
0.643589	0.0339042	-0.76462
0.364565	0.0202904	-0.930957
-3.32896e-005	-3.88955e-006	-1.99987e-005
-1.66448e-005	-1.94477e-006	-9.99933e-006
2.49308e-005	7.39029e-007	-1.03299e-005
2.03628e-005	2.64902e-006	-4.05109e-006
2.48403e-005	7.43237e-007	-3.23035e-006
7.61846e-005	7.66006e-006	-5.87153e-005
2.48403e-005	7.43237e-007	3.23035e-006
7.61846e-005	7.66006e-006	5.87153e-005
1.68183e-005	7.31312e-007	3.06985e-006
2.65196e-005	3.16345e-006	1.10664e-005
0.606367	0.0502426	0.793596
-0.130807	-0.00157351	0.991407
2.28938e-005	1.21912e-006	3.02896e-006
2.11924e-005	5.66729e-007	1.2338e-005
0.364565	0.0202904	0.930957
0.643589	0.0339042	0.76462
0.0305992	-0.0163533	0.999398
0.381776	0.0300906	0.923765
2.49308e-005	7.39029e-007	1.03299e-005
1.87738e-005	2.28825e-007	3.3681e-006
-0.606798	-0.0508096	0.79323
-9.28484e-005	-1.01091e-005	1.23355e-005
-0.922488	-0.0546819	0.382133
2.03628e-005	2.64902e-006	4.05109e-006
-1.66561e-005	-1.94477e-006	9.99994e-006
-3.32896e-005	-3.88955e-006	1.99987e-005
-0.788265	-0.0878513	0.609033
1.4864e-005	1.21605e-006	2.86447e-006
-1.52237e-005	-1.23787e-006	2.8927e-006
-0.333279	-0.0419939	0.941893
-0.380493	-0.0413376	0.923859
-0.327835	-0.0242452	0.944424
0.129536	0.0173812	0.991422
-0.631021	-0.0641261	0.773111
-8.15479e-005	-4.64874e-006	5.11423e-005
-1.69947e-005	-2.01748e-006	3.13275e-006
2.7013e-006	-3.34131e-005	-1.15356e-008
2.40561e-006	-2.96761e-005	1.68762e-008
1.19905e-006	-1.48345e-005	3.17383e-009
-1.6496e-006	2.03843e-005	-5.5542e-009
-4.83667e-006	5.97674e-005	2.61841e-008
-0.0807481	0.996735	-0.000226023
-0.0807481	0.996735	0.000244084
-0.0807222	0.996737	0.000441564
-0.0807222	0.996737	-0.000509781
-0.0806665	0.996741	-8.52569e-005
-0.0806665	0.996741	0.0003568
-0.0806963	0.996739	0.0001297
-0.0806963	0.996739	1.57919e-005
-0.0807004	0.996738	-1.52539e-005
-0.0806963	0.996739	-0.000344416
-0.0806665	0.996741	-0.000117316
-0.0806665	0.996741	0.000466859
-0.0807222	0.996737	4.2332e-005
-0.0807222	0.996737	-0.000277939
-0.0807481	0.996734	-0.000475417
-0.988191	-0.080288	-0.130507
-0.920843	-0.0748162	-0.382688
-0.607087	-0.0493344	-0.793103
-0.606669	-0.0490413	-0.793441
-0.790928	-0.0639363	-0.60856
-0.79048	-0.0642245	-0.609111
-0.381353	-0.0308275	-0.923915
-0.381661	-0.0310154	-0.923782
-0.13013	-0.0105749	-0.99144
-0.130017	-0.0105102	-0.991456
0.381365	0.0308348	-0.92391
0.381353	0.0308275	-0.923915
0.606669	0.0490413	-0.793441
0.60707	0.0493229	-0.793116
0.920861	0.0744398	-0.382718
0.920873	0.0744559	-0.382688
0.790927	0.0639493	-0.60856
0.790497	0.0642259	-0.609089
0.988224	0.0798851	-0.130507
0.130017	0.0105658	-0.991455
0.130135	0.0105219	-0.99144
0.988224	0.0798851	0.130507
0.920874	0.0744408	0.382688
0.92086	0.0744549	0.382718
0.60709	0.0490754	0.793116
0.606648	0.0492886	0.793441
0.790902	0.0642587	0.60856
0.790522	0.0639166	0.609089
0.381353	0.0308338	0.923915
0.381366	0.0308285	0.92391
0.130017	0.0105658	0.991455
0.130135	0.0105219	0.99144
-0.381675	-0.0308535	0.923782
-0.38134	-0.0309893	0.923915
-0.606648	-0.0492987	0.793441
-0.607107	-0.0490768	0.793103
-0.988191	-0.080288	0.130507
-0.79048	-0.0642245	0.609111
-0.790928	-0.0639363	0.60856
-0.920843	-0.0748162	0.382688
-0.13013	-0.0105749	0.99144
-0.130017	-0.0105102	0.991456

#	Mesh	0	End

