#	Mesh	0	Begin

#	Vertex	16
73.3748	-42.9369	-11.523
73.3344	-42.4385	-11.523
73.3386	-42.4382	-11.6998
73.3409	-42.438	-11.7974
73.3439	-42.4378	-11.9229
73.3843	-42.9361	-11.9229
73.3813	-42.9364	-11.7984
73.379	-42.9365	-11.7008
82.5304	-42.195	-11.3042
82.4901	-41.6967	-11.3042
82.4901	-41.6967	-11.6931
81.5411	-41.7736	-11.6931
81.7919	-41.7532	-11.721
81.825	-42.2522	-11.7212
81.5815	-42.2719	-11.6941
82.5304	-42.195	-11.6941

#	Triangle	23
5	3	4
5	2	3
5	1	2
5	6	1
6	7	1
7	0	1
9	0	8	1	0	9
10	1	9	2	1	11
11	1	10
4	11	12
4	3	11
3	2	11
13	4	12	5	4	13
14	5	13
14	6	5
8	14	15
8	6	14
8	7	6
8	0	7
15	11	10	14	11	15
12	14	13
11	14	12
10	8	15	9	8	10

#	Normal	23
-0.996451	-0.080727	-0.0238578
-0.996451	-0.0807521	-0.0237581
-0.996452	-0.080733	-0.0238009
-0.996451	-0.0807431	-0.0237884
-0.996452	-0.0807157	-0.0238381
-0.996452	-0.0807271	-0.023806
-0.0237303	-0.00192334	0.999717
-0.0807613	0.996733	-0
-0.0807607	0.996734	3.20965e-005
-0.0807612	0.996733	-3.17582e-006
-0.0807614	0.996733	2.98233e-006
-0.0807613	0.996733	1.29997e-006
0.0237304	0.00192276	-0.999717
0.080761	-0.996733	9.84458e-007
0.0807608	-0.996734	7.98243e-006
0.0807648	-0.996733	-0
0.0807608	-0.996734	9.68103e-006
0.080761	-0.996733	5.15564e-006
0.0807617	-0.996733	-1.07655e-005
-0.000160417	0.00197984	-0.999998
0.11023	0.00694529	0.993882
0.110232	0.00694448	0.993882
0.996738	0.0807034	-0

#	Mesh	0	End

