#	Mesh	0	Begin

#	Vertex	564
-280.604	97.8598	0.555
-280.604	97.8579	0.529622
-280.604	97.856	0.504243
-280.604	97.8548	0.489008
-280.604	97.8537	0.473772
-280.604	97.8492	0.453919
-280.604	97.8446	0.434065
-280.604	97.8401	0.414212
-280.604	97.8356	0.394358
-280.604	97.8281	0.375402
-280.604	97.8207	0.356446
-280.604	97.8132	0.33749
-280.604	97.8058	0.318533
-280.604	97.7956	0.300898
-280.604	97.7854	0.283262
-280.604	97.7753	0.265626
-280.604	97.7651	0.247991
-280.604	97.7524	0.232069
-280.604	97.7397	0.216148
-280.604	97.727	0.200227
-280.604	97.7143	0.184306
-280.604	97.6994	0.170455
-280.604	97.6844	0.156604
-280.604	97.6695	0.142753
-280.604	97.6546	0.128902
-280.604	97.6378	0.11743
-280.604	97.6209	0.105959
-280.604	97.6041	0.0944876
-280.604	97.5873	0.0830162
-280.604	97.5689	0.0741806
-280.604	97.5506	0.065345
-280.604	97.5322	0.0565094
-280.604	97.5139	0.0476738
-280.604	97.4944	0.0416714
-280.604	97.475	0.035669
-280.604	97.4555	0.0296667
-280.604	97.4361	0.0236643
-280.604	97.4159	0.0206292
-280.604	97.3958	0.0175941
-280.604	97.3756	0.014559
-280.604	97.3555	0.0115239
-280.604	97.3351	0.0115239
-280.604	97.3148	0.0115239
-280.604	97.2944	0.0115239
-280.604	97.2741	0.0115239
-280.604	97.2539	0.014559
-280.604	97.2338	0.0175941
-280.604	97.2136	0.0206292
-280.604	97.1935	0.0236643
-280.604	97.174	0.0296667
-280.604	97.1546	0.035669
-280.604	97.1351	0.0416714
-280.604	97.1157	0.0476738
-280.604	97.0973	0.0565094
-280.604	97.079	0.065345
-280.604	97.0606	0.0741806
-280.604	97.0423	0.0830162
-280.604	97.0255	0.0944876
-280.604	97.0086	0.105959
-280.604	96.9918	0.11743
-280.604	96.975	0.128902
-280.604	96.96	0.142753
-280.604	96.9451	0.156604
-280.604	96.9302	0.170455
-280.604	96.9153	0.184306
-280.604	96.9026	0.200227
-280.604	96.8899	0.216148
-280.604	96.8772	0.232069
-280.604	96.8645	0.247991
-280.604	96.8543	0.265626
-280.604	96.8441	0.283262
-280.604	96.8339	0.300898
-280.604	96.8238	0.318533
-280.604	96.8163	0.33749
-280.604	96.8089	0.356446
-280.604	96.8014	0.375402
-280.604	96.794	0.394358
-280.604	96.7895	0.414212
-280.604	96.7849	0.434065
-280.604	96.7804	0.453919
-280.604	96.7759	0.473772
-280.604	96.7743	0.494079
-280.604	96.7728	0.514386
-280.604	96.7717	0.529622
-280.604	96.7698	0.555
-280.604	96.7717	0.580378
-280.604	96.7736	0.605757
-280.604	96.7747	0.620992
-280.604	96.7759	0.636228
-280.604	96.7804	0.656081
-280.604	96.7849	0.675935
-280.604	96.7895	0.695788
-280.604	96.794	0.715642
-280.604	96.8014	0.734598
-280.604	96.8089	0.753554
-280.604	96.8163	0.77251
-280.604	96.8238	0.791467
-280.604	96.8339	0.809102
-280.604	96.8441	0.826738
-280.604	96.8543	0.844374
-280.604	96.8645	0.862009
-280.604	96.8772	0.877931
-280.604	96.8899	0.893852
-280.604	96.9026	0.909773
-280.604	96.9153	0.925694
-280.604	96.9302	0.939545
-280.604	96.9451	0.953396
-280.604	96.96	0.967247
-280.604	96.975	0.981098
-280.604	96.9918	0.99257
-280.604	97.0086	1.00404
-280.604	97.0255	1.01551
-280.604	97.0423	1.02698
-280.604	97.0606	1.03582
-280.604	97.079	1.04466
-280.604	97.0973	1.05349
-280.604	97.1157	1.06233
-280.604	97.1351	1.06833
-280.604	97.1546	1.07433
-280.604	97.174	1.08033
-280.604	97.1935	1.08634
-280.604	97.2136	1.08937
-280.604	97.2338	1.09241
-280.604	97.2539	1.09544
-280.604	97.2741	1.09848
-280.604	97.2944	1.09848
-280.604	97.3148	1.09848
-280.604	97.3351	1.09848
-280.604	97.3555	1.09848
-280.604	97.3756	1.09544
-280.604	97.3958	1.09241
-280.604	97.4159	1.08937
-280.604	97.4361	1.08634
-280.604	97.4555	1.08033
-280.604	97.475	1.07433
-280.604	97.4944	1.06833
-280.604	97.5139	1.06233
-280.604	97.5322	1.05349
-280.604	97.5506	1.04466
-280.604	97.5689	1.03582
-280.604	97.5873	1.02698
-280.604	97.6041	1.01551
-280.604	97.6209	1.00404
-280.604	97.6378	0.99257
-280.604	97.6546	0.981098
-280.604	97.6695	0.967247
-280.604	97.6844	0.953396
-280.604	97.6994	0.939545
-280.604	97.7143	0.925694
-280.604	97.727	0.909773
-280.604	97.7397	0.893852
-280.604	97.7524	0.877931
-280.604	97.7651	0.862009
-280.604	97.7753	0.844374
-280.604	97.7854	0.826738
-280.604	97.7956	0.809102
-280.604	97.8058	0.791467
-280.604	97.8132	0.77251
-280.604	97.8207	0.753554
-280.604	97.8281	0.734598
-280.604	97.8356	0.715642
-280.604	97.8401	0.695788
-280.604	97.8446	0.675935
-280.604	97.8492	0.656081
-280.604	97.8537	0.636228
-280.604	97.8552	0.615921
-280.604	97.8567	0.595614
-280.604	97.8579	0.580378
-280.6	96.975	0.981098
-280.6	96.96	0.967247
-280.6	96.9451	0.953396
-280.6	96.9302	0.939545
-280.6	96.9153	0.925694
-280.6	96.9026	0.909773
-280.6	96.8899	0.893852
-280.6	96.8772	0.877931
-280.6	96.8645	0.862009
-280.6	96.8543	0.844374
-280.6	96.8441	0.826738
-280.6	96.8339	0.809102
-280.6	96.8238	0.791467
-280.6	96.8163	0.77251
-280.6	96.8089	0.753554
-280.6	96.8014	0.734598
-280.6	96.794	0.715642
-280.6	96.7895	0.695788
-280.6	96.7849	0.675935
-280.6	96.7804	0.656081
-280.6	96.7759	0.636228
-280.6	96.7743	0.615921
-280.6	96.7728	0.595614
-280.6	96.7713	0.575307
-280.6	96.7698	0.555
-280.6	96.7713	0.534693
-280.6	96.7728	0.514386
-280.6	96.7743	0.494079
-280.6	96.7759	0.473772
-280.6	96.7804	0.453919
-280.6	96.7849	0.434065
-280.6	96.7895	0.414212
-280.6	96.794	0.394358
-280.6	96.8014	0.375402
-280.6	96.8089	0.356446
-280.6	96.8163	0.33749
-280.6	96.8238	0.318533
-280.6	96.8339	0.300898
-280.6	96.8441	0.283262
-280.6	96.8543	0.265626
-280.6	96.8645	0.247991
-280.6	96.8772	0.232069
-280.6	96.8899	0.216148
-280.6	96.9026	0.200227
-280.6	96.9153	0.184306
-280.6	96.9302	0.170455
-280.6	96.9451	0.156604
-280.6	96.96	0.142753
-280.6	96.975	0.128902
-280.6	96.9918	0.11743
-280.6	97.0086	0.105959
-280.6	97.0255	0.0944876
-280.6	97.0423	0.0830162
-280.6	97.0606	0.0741806
-280.6	97.079	0.065345
-280.6	97.0973	0.0565094
-280.6	97.1157	0.0476738
-280.6	97.1351	0.0416714
-280.6	97.1546	0.035669
-280.6	97.174	0.0296667
-280.6	97.1935	0.0236643
-280.6	97.2136	0.0206292
-280.6	97.2338	0.0175941
-280.6	97.2539	0.014559
-280.6	97.2741	0.0115239
-280.6	97.2944	0.0115239
-280.6	97.3148	0.0115239
-280.6	97.3351	0.0115239
-280.6	97.3555	0.0115239
-280.6	97.3756	0.014559
-280.6	97.3958	0.0175941
-280.6	97.4159	0.0206292
-280.6	97.4361	0.0236643
-280.6	97.4555	0.0296667
-280.6	97.475	0.035669
-280.6	97.4944	0.0416714
-280.6	97.5139	0.0476738
-280.6	97.5322	0.0565094
-280.6	97.5506	0.065345
-280.6	97.5689	0.0741806
-280.6	97.5873	0.0830162
-280.6	97.6041	0.0944876
-280.6	97.6209	0.105959
-280.6	97.6378	0.11743
-280.6	97.6546	0.128902
-280.6	97.6695	0.142753
-280.6	97.6844	0.156604
-280.6	97.6994	0.170455
-280.6	97.7143	0.184306
-280.6	97.727	0.200227
-280.6	97.7397	0.216148
-280.6	97.7524	0.232069
-280.6	97.7651	0.247991
-280.6	97.7753	0.265626
-280.6	97.7854	0.283262
-280.6	97.7956	0.300898
-280.6	97.8058	0.318533
-280.6	97.8132	0.33749
-280.6	97.8207	0.356446
-280.6	97.8281	0.375402
-280.6	97.8356	0.394358
-280.6	97.8401	0.414212
-280.6	97.8446	0.434065
-280.6	97.8492	0.453919
-280.6	97.8537	0.473772
-280.6	97.8552	0.494079
-280.6	97.8567	0.514386
-280.6	97.8583	0.534693
-280.6	97.8598	0.555
-280.6	97.8583	0.575307
-280.6	97.8567	0.595614
-280.6	97.8552	0.615921
-280.6	97.8537	0.636228
-280.6	97.8492	0.656081
-280.6	97.8446	0.675935
-280.6	97.8401	0.695788
-280.6	97.8356	0.715642
-280.6	97.8281	0.734598
-280.6	97.8207	0.753554
-280.6	97.8132	0.77251
-280.6	97.8058	0.791467
-280.6	97.7956	0.809102
-280.6	97.7854	0.826738
-280.6	97.7753	0.844374
-280.6	97.7651	0.862009
-280.6	97.7524	0.877931
-280.6	97.7397	0.893852
-280.6	97.727	0.909773
-280.6	97.7143	0.925694
-280.6	97.6994	0.939545
-280.6	97.6844	0.953396
-280.6	97.6695	0.967247
-280.6	97.6546	0.981098
-280.6	97.6378	0.99257
-280.6	97.6209	1.00404
-280.6	97.6041	1.01551
-280.6	97.5873	1.02698
-280.6	97.5689	1.03582
-280.6	97.5506	1.04466
-280.6	97.5322	1.05349
-280.6	97.5139	1.06233
-280.6	97.4944	1.06833
-280.6	97.475	1.07433
-280.6	97.4555	1.08033
-280.6	97.4361	1.08634
-280.6	97.4159	1.08937
-280.6	97.3958	1.09241
-280.6	97.3756	1.09544
-280.6	97.3555	1.09848
-280.6	97.3351	1.09848
-280.6	97.3148	1.09848
-280.6	97.2944	1.09848
-280.6	97.2741	1.09848
-280.6	97.2539	1.09544
-280.6	97.2338	1.09241
-280.6	97.2136	1.08937
-280.6	97.1935	1.08634
-280.6	97.174	1.08033
-280.6	97.1546	1.07433
-280.6	97.1351	1.06833
-280.6	97.1157	1.06233
-280.6	97.0973	1.05349
-280.6	97.079	1.04466
-280.6	97.0606	1.03582
-280.6	97.0423	1.02698
-280.6	97.0255	1.01551
-280.6	97.0086	1.00404
-280.6	96.9918	0.99257
-280.6	97.544	1.00496
-280.6	97.6116	0.963554
-280.6	97.6719	0.912089
-280.6	97.7233	0.851832
-280.6	97.7647	0.784265
-280.6	97.7951	0.711054
-280.6	97.8136	0.633999
-280.6	97.8198	0.555
-280.6	97.8136	0.476001
-280.6	97.7951	0.398946
-280.6	97.7647	0.325735
-280.6	97.7233	0.258168
-280.6	97.6719	0.197911
-280.6	97.6116	0.146446
-280.6	97.544	0.105042
-280.6	97.4708	0.0747165
-280.6	97.3938	0.0562174
-280.6	97.3148	0.05
-280.6	97.2358	0.0562174
-280.6	97.1587	0.0747165
-280.6	97.0855	0.105042
-280.6	97.0179	0.146446
-280.6	96.9577	0.197911
-280.6	96.9062	0.258168
-280.6	96.8648	0.325735
-280.6	96.8345	0.398946
-280.6	96.816	0.476001
-280.6	96.8098	0.555
-280.6	96.816	0.633999
-280.6	96.8345	0.711054
-280.6	96.8648	0.784265
-280.6	96.9062	0.851832
-280.6	96.9577	0.912089
-280.6	97.0179	0.963554
-280.6	97.0855	1.00496
-280.6	97.1587	1.03528
-280.6	97.2358	1.05378
-280.6	97.3148	1.06
-280.6	97.3938	1.05378
-280.6	97.4708	1.03528
-279.888	96.5148	-0.07
-279.888	96.6336	-0.07
-279.888	96.7524	-0.07
-279.888	96.8336	-0.07
-279.888	96.9148	-0.07
-279.888	97.0148	-0.07
-279.888	97.1148	-0.07
-279.888	97.2148	-0.07
-279.888	97.3148	-0.07
-279.888	97.4148	-0.07
-279.888	97.5148	-0.07
-279.888	97.6148	-0.07
-279.888	97.7148	-0.07
-279.888	97.796	-0.07
-279.888	97.8771	-0.07
-279.888	97.996	-0.07
-279.888	98.1148	-0.07
-279.888	98.1148	1.18
-279.888	97.996	1.18
-279.888	97.8771	1.18
-279.888	97.796	1.18
-279.888	97.7148	1.18
-279.888	97.6148	1.18
-279.888	97.5148	1.18
-279.888	97.4148	1.18
-279.888	97.3148	1.18
-279.888	97.2148	1.18
-279.888	97.1148	1.18
-279.888	97.0148	1.18
-279.888	96.9148	1.18
-279.888	96.8336	1.18
-279.888	96.7524	1.18
-279.888	96.6336	1.18
-279.888	96.5148	1.18
-280.468	97.8745	0.671036
-280.335	97.9293	0.787073
-280.223	97.9757	0.885305
-280.112	98.022	0.983536
-280	98.0684	1.08177
-280	98.0684	0.0282318
-280.112	98.022	0.126464
-280.223	97.9757	0.224695
-280.335	97.9293	0.322927
-280.468	97.8745	0.438964
-280.38	97.8225	0.228511
-280.288	97.7961	0.140973
-280.334	97.737	0.127099
-280.476	97.8386	0.349236
-280.49	97.7921	0.279745
-280.425	97.3545	0.0216424
-280.112	97.5752	-0.0112367
-280.013	97.6596	-0.0287498
-279.981	97.5749	-0.0455931
-280.288	97.4499	0.00755383
-280.334	97.3776	0.00767024
-280.38	97.5101	0.0395469
-280.365	97.8781	0.283888
-280.425	97.7126	0.153932
-280.476	97.5814	0.0907273
-280.513	96.9829	0.141494
-280.244	97.7268	0.0785144
-280.235	97.6483	0.0435948
-280.336	97.6289	0.0698918
-280.273	96.7478	0.194721
-280.438	96.7807	0.321622
-280.325	96.8497	0.151796
-280.07	97.3048	-0.0392708
-280.244	97.3546	-0.00922164
-280.148	97.452	-0.0193816
-280.466	96.8674	0.223295
-280.49	97.4904	0.0578749
-280.247	97.0429	0.0279678
-280.265	97.1286	0.011832
-280.164	97.118	-0.00850438
-280.242	96.9264	0.0674771
-280.415	96.9785	0.108371
-280.381	97.1962	0.0228159
-280.491	97.2156	0.0398838
-280.468	96.755	0.438964
-280.099	96.855	0.0277393
-280.019	96.9702	-0.0268851
-279.989	96.8729	-0.026715
-280.477	97.1204	0.0610891
-280.357	97.0916	0.042331
-280.012	96.7741	-0.00122737
-280.247	97.544	0.0169192
-280.203	97.2	-0.0110595
-280.057	97.7788	0.00834609
-280.317	97.2782	0.00314752
-279.976	97.2764	-0.0548529
-280.059	97.1949	-0.0376795
-280.193	97.793	0.0830417
-280.137	97.6793	0.0182979
-279.983	97.3647	-0.0536914
-280.035	97.9139	0.0252206
-280.056	97.9841	0.0591633
-280.286	97.8657	0.192432
-280.146	96.7614	0.0875043
-280.335	96.7002	0.322927
-280	96.5611	0.0282318
-280.037	96.6676	0.0379637
-280.135	97.0011	0.00560484
-280.209	96.8393	0.090972
-280.166	96.6904	0.138391
-280.223	96.6539	0.224695
-280.02	97.49	-0.0421741
-280.07	97.0865	-0.0263151
-279.986	97.134	-0.0491035
-279.982	97.0478	-0.0449804
-280.168	97.9394	0.139732
-280.19	97.8612	0.114693
-280.112	96.6075	0.126464
-280	96.5611	1.08177
-280.112	96.6075	0.983536
-280.223	96.6539	0.885305
-280.335	96.7002	0.787073
-280.468	96.755	0.671036
-280.38	96.807	0.881489
-280.288	96.8334	0.969027
-280.334	96.8926	0.982901
-280.476	96.791	0.760764
-280.49	96.8374	0.830255
-280.425	97.2751	1.08836
-280.112	97.0544	1.12124
-280.013	96.97	1.13875
-279.981	97.0546	1.15559
-280.288	97.1797	1.10245
-280.334	97.252	1.10233
-280.38	97.1194	1.07045
-280.365	96.7514	0.826112
-280.425	96.917	0.956068
-280.476	97.0481	1.01927
-280.513	97.6467	0.968506
-280.244	96.9028	1.03149
-280.235	96.9812	1.06641
-280.336	97.0007	1.04011
-280.273	97.8817	0.915279
-280.438	97.8489	0.788378
-280.325	97.7799	0.958204
-280.07	97.3248	1.14927
-280.244	97.275	1.11922
-280.148	97.1776	1.12938
-280.466	97.7622	0.886705
-280.49	97.1392	1.05213
-280.247	97.5866	1.08203
-280.265	97.501	1.09817
-280.164	97.5116	1.1185
-280.242	97.7031	1.04252
-280.415	97.6511	1.00163
-280.381	97.4333	1.08718
-280.491	97.414	1.07012
-280.099	97.7746	1.08226
-280.019	97.6593	1.13689
-279.989	97.7567	1.13671
-280.477	97.5092	1.04891
-280.357	97.5379	1.06767
-280.012	97.8555	1.11123
-280.247	97.0855	1.09308
-280.203	97.4295	1.12106
-280.057	96.8507	1.10165
-280.317	97.3514	1.10685
-279.976	97.3532	1.16485
-280.059	97.4347	1.14768
-280.193	96.8365	1.02696
-280.137	96.9503	1.0917
-279.983	97.2648	1.16369
-280.035	96.7156	1.08478
-280.056	96.6454	1.05084
-280.286	96.7639	0.917568
-280.146	97.8681	1.0225
-280.037	97.962	1.07204
-280.135	97.6285	1.1044
-280.209	97.7902	1.01903
-280.166	97.9391	0.971609
-280.02	97.1396	1.15217
-280.07	97.5431	1.13632
-279.986	97.4955	1.1591
-279.982	97.5818	1.15498
-280.168	96.6901	0.970268
-280.19	96.7684	0.995307
-279.888	98.1548	1.22
-279.888	98.1548	-0.11
-279.888	96.4748	-0.11
-279.888	96.4748	1.22
-279.884	98.1548	1.22
-279.884	96.4748	1.22
-279.884	96.4748	-0.11
-279.884	98.1548	-0.11

#	Triangle	413
45	43	44	45	42	43	45	41	42	45	40	41	124	125	129	125	126	129	126	127	129	127	128	129
45	39	40	46	39	45	46	38	39	47	38	46	47	37	38	48	37	47	48	36	37	49	36	48	49	35	36	50	35	49	50	34	35	51	34	50	51	33	34	52	33	51	52	32	33	53	32	52	53	31	32	54	31	53	54	30	31	55	30	54	55	29	30	56	29	55	56	28	29	57	28	56	57	27	28	58	27	57	58	26	27	59	26	58	59	25	26	60	25	59	60	24	25	61	24	60	61	23	24	62	23	61	62	22	23	63	22	62	63	21	22	64	21	63	64	20	21	65	20	64	65	19	20	66	19	65	66	18	19	67	18	66	67	17	18	68	17	67	68	16	17	69	16	68	69	15	16	70	15	69	70	14	15	71	14	70	71	13	14	72	13	71	72	12	13	73	12	72	73	11	12	74	11	73	74	10	11	75	10	74	75	9	10	76	9	75	76	8	9	77	8	76	77	7	8	78	7	77	78	6	7	79	6	78	79	5	6	80	5	79	80	4	5	81	4	80	81	3	4	81	2	3	82	2	81	82	1	2	83	1	82	84	1	83	84	0	1	85	0	84	85	167	0	86	167	85	86	166	167	86	165	166	87	165	86	87	164	165	88	164	87	89	164	88	89	163	164	90	163	89	90	162	163	91	162	90	91	161	162	92	161	91	92	160	161	93	160	92	93	159	160	94	159	93	94	158	159	95	158	94	95	157	158	96	157	95	96	156	157	97	156	96	97	155	156	98	155	97	98	154	155	99	154	98	99	153	154	100	153	99	100	152	153	101	152	100	101	151	152	102	151	101	102	150	151	103	150	102	103	149	150	104	149	103	104	148	149	105	148	104	105	147	148	106	147	105	106	146	147	107	146	106	107	145	146	108	145	107	108	144	145	109	144	108	109	143	144	110	143	109	110	142	143	111	142	110	111	141	142	112	141	111	112	140	141	113	140	112	113	139	140	114	139	113	114	138	139	115	138	114	115	137	138	116	137	115	116	136	137	117	136	116	117	135	136	118	135	117	118	134	135	119	134	118	119	133	134	120	133	119	120	132	133	121	132	120	121	131	132	122	131	121	122	130	131	123	130	122	123	129	130	124	129	123	354	352	353	355	352	354	355	351	352	356	351	355	356	350	351	357	350	356	357	349	350	358	349	357	358	348	349	359	348	358	359	347	348	360	347	359	360	346	347	361	346	360	361	345	346	362	345	361	362	344	345	363	344	362	363	343	344	364	343	363	364	342	343	365	342	364	365	341	342	366	341	365	366	340	341	367	340	366	367	339	340	368	339	367	368	338	339	369	338	368	369	337	338	370	337	369	370	336	337	371	336	370	371	375	336	372	375	371	372	374	375	373	374	372	559	557	558	556	557	559
237	235	236	237	234	235	237	233	234	237	232	233	316	317	321	317	318	321	318	319	321	319	320	321
237	231	232	238	231	237	238	230	231	239	230	238	239	229	230	240	229	239	240	228	229	241	228	240	241	227	228	242	227	241	242	226	227	243	226	242	243	225	226	244	225	243	244	224	225	245	224	244	245	223	224	246	223	245	246	222	223	247	222	246	247	221	222	248	221	247	248	220	221	249	220	248	249	219	220	250	219	249	250	218	219	251	218	250	251	217	218	252	217	251	252	216	217	253	216	252	253	215	216	254	215	253	254	214	215	255	214	254	255	213	214	256	213	255	256	212	213	257	212	256	257	211	212	258	211	257	258	210	211	259	210	258	259	209	210	260	209	259	260	208	209	261	208	260	261	207	208	262	207	261	262	206	207	263	206	262	263	205	206	264	205	263	264	204	205	265	204	264	265	203	204	266	203	265	266	202	203	267	202	266	267	201	202	268	201	267	268	200	201	269	200	268	269	199	200	270	199	269	270	198	199	271	198	270	271	197	198	272	197	271	272	196	197	273	196	272	273	195	196	274	195	273	274	194	195	275	194	274	275	193	194	276	193	275	276	192	193	277	192	276	277	191	192	278	191	277	278	190	191	279	190	278	279	189	190	280	189	279	280	188	189	281	188	280	281	187	188	282	187	281	282	186	187	283	186	282	283	185	186	284	185	283	284	184	185	285	184	284	285	183	184	286	183	285	286	182	183	287	182	286	287	181	182	288	181	287	288	180	181	289	180	288	289	179	180	290	179	289	290	178	179	291	178	290	291	177	178	292	177	291	292	176	177	293	176	292	293	175	176	294	175	293	294	174	175	295	174	294	295	173	174	296	173	295	296	172	173	297	172	296	297	171	172	298	171	297	298	170	171	299	170	298	299	169	170	300	169	299	300	168	169	301	168	300	301	335	168	302	335	301	302	334	335	303	334	302	303	333	334	304	333	303	304	332	333	305	332	304	305	331	332	306	331	305	306	330	331	307	330	306	307	329	330	308	329	307	308	328	329	309	328	308	309	327	328	310	327	309	310	326	327	311	326	310	311	325	326	312	325	311	312	324	325	313	324	312	313	323	324	314	323	313	314	322	323	315	322	314	315	321	322	316	321	315	393	391	392	393	390	391	393	389	390	393	388	389	393	387	388	393	386	387	393	385	386	393	384	385	393	383	384	393	382	383	393	381	382	393	380	381	393	379	380	393	378	379	393	377	378	393	376	377	393	394	376	394	395	376	395	396	376	396	397	376	397	398	376	398	399	376	399	400	376	400	401	376	401	402	376	402	403	376	403	404	376	404	405	376	405	406	376	406	407	376	407	408	376	408	409	376	563	561	562	560	561	563
16	261	260	16	262	261	16	263	262	16	264	263	16	15	264	15	14	264	14	13	264	13	12	264
4	273	272	4	274	273	4	275	274	4	276	275
4	3	276	3	2	276
2	1	276
1	0	276
12	265	264	12	266	265	12	267	266	12	268	267	12	11	268	11	10	268	10	9	268	9	8	268
8	269	268	8	270	269	8	271	270	8	272	271	8	7	272	7	6	272	6	5	272	5	4	272
32	245	244	32	246	245	32	247	246	32	248	247	32	31	248	31	30	248	30	29	248	29	28	248
36	241	240	36	242	241	36	243	242	36	244	243	36	35	244	35	34	244	34	33	244	33	32	244
52	225	224	52	226	225	52	227	226	52	228	227	52	51	228	51	50	228	50	49	228	49	48	228
24	253	252	24	254	253	24	255	254	24	256	255	24	23	256	23	22	256	22	21	256	21	20	256
20	257	256	20	258	257	20	259	258	20	260	259	20	19	260	19	18	260	18	17	260	17	16	260
60	217	216	60	218	217	60	219	218	60	220	219	60	59	220	59	58	220	58	57	220	57	56	220
44	233	232	44	234	233	44	235	234	44	236	235	44	43	236	43	42	236	42	41	236	41	40	236
40	237	236	40	238	237	40	239	238	40	240	239	40	39	240	39	38	240	38	37	240	37	36	240
28	249	248	28	250	249	28	251	250	28	252	251	28	27	252	27	26	252	26	25	252	25	24	252
48	229	228	48	230	229	48	231	230	48	232	231	48	47	232	47	46	232	46	45	232	45	44	232
80	197	196	80	198	197	80	199	198	80	200	199	80	79	200	79	78	200	78	77	200	77	76	200
72	205	204	72	206	205	72	207	206	72	208	207	72	71	208	71	70	208	70	69	208	69	68	208
56	221	220	56	222	221	56	223	222	56	224	223	56	55	224	55	54	224	54	53	224	53	52	224
84	193	192	84	194	193	84	195	194	84	196	195	82	81	196	81	80	196
84	83	196
83	82	196
76	201	200	76	202	201	76	203	202	76	204	203	76	75	204	75	74	204	74	73	204	73	72	204
64	213	212	64	214	213	64	215	214	64	216	215	64	63	216	63	62	216	62	61	216	61	60	216
68	209	208	68	210	209	68	211	210	68	212	211	68	67	212	67	66	212	66	65	212	65	64	212
96	181	180	96	182	181	96	183	182	96	184	183	96	95	184	95	94	184	94	93	184	93	92	184
116	329	328	116	330	329	116	331	330	116	332	331	116	115	332	115	114	332	114	113	332	113	112	332
112	333	332	112	334	333	112	335	334	112	168	335	112	111	168	111	110	168	110	109	168	109	108	168
100	177	176	100	178	177	100	179	178	100	180	179	100	99	180	99	98	180	98	97	180	97	96	180
92	185	184	92	186	185	92	187	186	92	188	187	92	91	188	91	90	188	90	89	188	89	88	188
124	321	320	124	322	321	124	323	322	124	324	323	124	123	324	123	122	324	122	121	324	121	120	324
108	169	168	108	170	169	108	171	170	108	172	171	108	107	172	107	106	172	106	105	172	105	104	172
88	189	188	88	190	189	88	191	190	88	192	191
88	87	192	87	86	192
86	85	192
85	84	192
104	173	172	104	174	173	104	175	174	104	176	175	104	103	176	103	102	176	102	101	176	101	100	176
120	325	324	120	326	325	120	327	326	120	328	327	120	119	328	119	118	328	118	117	328	117	116	328
128	317	316	128	318	317	128	319	318	128	320	319	128	127	320	127	126	320	126	125	320	125	124	320
144	301	300	144	302	301	144	303	302	144	304	303	144	143	304	143	142	304	142	141	304	141	140	304
132	313	312	132	314	313	132	315	314	132	316	315	132	131	316	131	130	316	130	129	316	129	128	316
164	281	280	164	282	281	164	283	282	164	284	283	164	163	284	163	162	284	162	161	284	161	160	284
136	309	308	136	310	309	136	311	310	136	312	311	136	135	312	135	134	312	134	133	312	133	132	312
156	289	288	156	290	289	156	291	290	156	292	291	156	155	292	155	154	292	154	153	292	153	152	292
140	305	304	140	306	305	140	307	306	140	308	307	140	139	308	139	138	308	138	137	308	137	136	308
0	277	276	0	278	277	0	279	278	0	280	279	166	165	280	165	164	280
0	167	280
167	166	280
160	285	284	160	286	285	160	287	286	160	288	287	160	159	288	159	158	288	158	157	288	157	156	288
148	297	296	148	298	297	148	299	298	148	300	299	148	147	300	147	146	300	146	145	300	145	144	300
152	293	292	152	294	293	152	295	294	152	296	295	152	151	296	151	150	296	150	149	296	149	148	296
415	393	392	416	393	415	417	393	416
418	393	417
419	393	418
343	410	419
410	411	419
411	412	419
412	413	419	413	414	419	414	393	419
422	420	421
345	423	424
353	352	425
428	426	427
431	429	430
432	420	423
433	348	347
433	434	348
356	435	357
438	436	437
441	439	440
444	442	443
445	360	359
346	345	424
434	431	446
449	447	448
349	348	434
435	445	359
446	350	434
447	450	451
425	452	453
440	454	362
457	455	456
419	417	432
418	417	419
453	452	458
458	459	451
458	356	355
363	362	454
355	354	453
460	455	457
435	356	458
351	350	446
423	345	344
431	438	461
358	357	435
361	440	362
442	462	443
425	453	353
440	361	445
390	388	463
389	388	390	377	379	378	406	405	407	394	396	395
446	352	351
349	434	350
425	430	464
445	451	441
424	347	346
431	434	438
360	445	361
466	442	465
435	359	358
441	440	445
420	424	423
419	344	343
433	438	434
452	459	458
435	458	451
423	344	419
436	421	467
433	422	438
463	427	468
444	443	429
469	385	384
431	461	429
391	390	470
415	471	416
451	445	435
426	468	427
421	420	472
460	473	455
439	474	440
476	377	475
447	477	450
432	472	420
415	391	471
455	473	478
439	479	480
448	452	464
447	451	459
468	437	436
444	461	426
426	481	444
481	469	444
484	482	483
462	448	464
442	469	465
477	482	456
447	459	448
442	466	462
382	381	484
427	387	428
465	469	384
388	387	427
386	481	428
461	437	426
467	468	436
385	481	386
442	444	469
469	481	385
483	383	382
482	466	483
465	383	483
449	466	482
383	465	384
423	419	432
417	485	472
390	463	470
417	416	485
472	485	486
391	470	471
470	486	485
470	463	486
416	471	485
415	392	391	376	475	377
470	485	471
417	472	432
421	486	467
472	486	421
436	422	421
446	431	425
425	352	446
458	355	453
353	453	354
424	420	433
433	347	424
467	486	463
463	468	467
461	444	429
443	430	429
459	452	448
462	449	448
462	466	449
477	449	482
465	483	466
381	380	456
484	456	482
380	457	456
449	477	447
483	382	484
484	381	456
477	456	455
450	455	478
477	455	450
441	451	450
460	379	377
457	379	460
439	473	479
476	473	460
476	487	479
441	478	439
476	460	377
473	476	479
439	480	474
480	479	487
473	439	478
441	450	478
468	426	437
437	461	438
436	438	422
433	420	422
443	464	430
425	431	430
443	462	464
452	425	464
454	440	474
427	463	388
387	386	428
481	426	428
379	457	380
476	475	487
409	475	376
409	487	475	409	480	487	409	474	480
409	454	474
409	488	454
488	489	454	489	490	454	490	491	454
491	492	454
492	363	454
495	493	494
365	496	497
373	372	498
501	499	500
504	502	503
505	493	496
506	368	367
506	507	368
336	508	337
511	509	510
514	512	513
517	515	516
518	340	339
366	365	497
507	504	519
522	520	521
369	368	507
508	518	339
519	370	507
520	523	524
498	525	526
513	410	342
529	527	528
492	490	505
491	490	492
526	525	530
530	531	524
530	336	375
343	342	410
375	374	526
532	527	529
508	336	530
371	370	519
496	365	364
504	511	533
338	337	508
341	513	342
515	534	516
498	526	373
513	341	518
407	405	535
519	372	371
369	507	370
498	503	536
518	524	514
497	367	366
504	507	511
340	518	341
538	515	537
508	339	338
514	513	518
493	497	496
492	364	363
506	511	507
525	531	530
508	530	524
496	364	492
509	494	539
506	495	511
535	500	540
517	516	502
541	402	401
504	533	502
408	407	542
488	543	489
524	518	508
499	540	500
494	493	544
532	545	527
512	411	513
546	394	414
520	547	523
505	544	493
488	408	543
527	545	548
512	549	412
521	525	536
520	524	531
540	510	509
517	533	499
499	550	517
550	541	517
553	551	552
534	521	536
515	541	537
547	551	528
520	531	521
515	538	534
399	398	553
500	404	501
537	541	401
405	404	500
403	550	501
533	510	499
539	540	509
402	550	403
515	517	541
541	550	402
552	400	399
551	538	552
537	400	552
522	538	551
400	537	401
496	492	505
490	554	544
407	535	542
490	489	554
544	554	555
408	542	543
542	555	554
542	535	555
489	543	554
488	409	408	393	414	394
542	554	543
490	544	505
494	555	539
544	555	494
509	495	494
519	504	498
498	372	519
530	375	526
373	526	374
497	493	506
506	367	497
539	555	535
535	540	539
533	517	502
516	503	502
531	525	521
534	522	521
534	538	522
547	522	551
537	552	538
398	397	528
553	528	551
397	529	528
522	547	520
552	399	553
553	398	528
547	528	527
523	527	548
547	527	523
514	524	523
532	396	394
529	396	532
512	545	549
546	545	532
546	413	549
514	548	512
546	532	394
545	546	549
512	412	411
412	549	413
545	512	548
514	523	548
540	499	510
510	533	511
509	511	495
506	493	495
516	536	503
498	504	503
516	534	536
525	498	536
410	513	411
500	535	405
404	403	501
550	499	501
396	529	397
546	414	413
563	556	560	557	556	563
562	557	563	558	557	562
561	558	562	559	558	561
560	559	561	556	559	560

#	Normal	413
-6.17925e-005	0	-0
-1	0	-0
6.18162e-005	0	-0
1	0	-0
-0	7.05428e-005	-4.07188e-005
-0	8.1228e-005	-6.0625e-006
-7.21645e-008	6.09424e-005	-4.5625e-006
-0.00194768	0.997212	-0.0745966
-0	0.997191	-0.074902
-0	7.58251e-005	-2.97813e-005
-0	7.94136e-005	-1.8125e-005
-0	3.53424e-005	-7.3375e-005
-0	2.40095e-005	-7.78438e-005
0	-2.40095e-005	-7.78125e-005
-0	5.54041e-005	-5.97188e-005
-0	6.36847e-005	-5.08125e-005
0	-4.58857e-005	-6.73125e-005
-0	-0	-8.14375e-005
-0	1.21404e-005	-8.05313e-005
-0	4.58857e-005	-6.72813e-005
0	-1.21404e-005	-8.05313e-005
0	-7.94136e-005	-1.8125e-005
0	-7.05427e-005	-4.07188e-005
0	-3.53423e-005	-7.3375e-005
0	-8.1228e-005	-6.09375e-006
0.00240804	-0.997211	-0.0745966
9.55963e-008	-6.09424e-005	-4.5625e-006
0	-7.58251e-005	-2.975e-005
0	-5.54041e-005	-5.97188e-005
0	-6.36847e-005	-5.07813e-005
-0	-7.5825e-005	2.975e-005
-0	-3.53423e-005	7.34063e-005
-0	-4.58857e-005	6.73125e-005
-0	-7.0543e-005	4.07188e-005
-0	-7.94133e-005	1.8125e-005
-0	-1.21401e-005	8.05625e-005
-0	-5.54041e-005	5.97188e-005
-0	-8.1228e-005	6.09375e-006
-7.21645e-008	-6.09424e-005	4.5625e-006
0.00194763	-0.997189	0.0749019
-0	-0.997214	0.0745968
-0	-6.36848e-005	5.07813e-005
-0	-2.40093e-005	7.78438e-005
-0	-0	8.14688e-005
-0	4.58857e-005	6.72813e-005
-0	1.21406e-005	8.05625e-005
-0	7.94136e-005	1.8125e-005
-0	2.40098e-005	7.78438e-005
-0	7.0543e-005	4.07188e-005
-0	3.53423e-005	7.34063e-005
-0	8.1228e-005	6.09375e-006
-0.00382574	0.997184	0.0749015
-2.34318e-008	6.09424e-005	4.5625e-006
-0	7.58252e-005	2.975e-005
-0	5.54041e-005	5.96875e-005
-0	6.36846e-005	5.07813e-005
-0.382692	0.923876	-0
-0.38265	0.923894	-1.7323e-005
-0.382709	0.923869	1.89681e-005
-0.382599	0.923914	-0
-0.382723	0.923863	-0
-0.382593	0.923917	-5.77234e-005
-0.382699	0.923873	1.0115e-005
-0.493627	0.5417	-0.680363
-0.449925	0.780422	-0.434176
-0.176257	0.0772302	-0.98131
-0.253536	0.0974413	-0.962406
-0.235038	0.149561	-0.960411
-0.540504	0.661899	-0.519369
-0.321476	0.720018	-0.615002
-0.318913	0.510887	-0.798304
-0.250272	-0.505849	-0.825519
-0.298712	0.358729	-0.884356
-0.575464	-0.550222	-0.605059
-0.156026	0.0505296	-0.98646
-0.358137	-0.796076	-0.487854
-0.363553	0.86065	-0.356527
-0.216096	0.359514	-0.907773
-0.216169	-0.225295	-0.950007
-0.181438	0.638666	-0.747787
-0.361955	-0.631681	-0.685542
-0.214195	0.359409	-0.908265
-0.308097	-0.315478	-0.897524
-0.162802	-0.0519934	-0.985288
-0.467632	-0.830953	-0.301392
-0.421462	-0.130375	-0.897425
-0.627093	0.669156	-0.398729
-1.12233e-006	-7.29182e-007	-1.62305e-006
-0.190716	-0.239504	-0.95198
-0.234503	-0.398224	-0.886807
-0.216524	-0.373608	-0.901961
-0.434007	-0.898131	-0.0706999
-0.185297	-0.229401	-0.955531
-0.420627	-0.134749	-0.897171
-0.179807	-0.461358	-0.868803
-0.205071	0.374553	-0.904243
-0.400239	0.891088	-0.213942
-0.237043	0.32256	-0.916387
-0.291127	-0.621314	-0.727471
-0.397864	-0.892113	-0.214098
-0.180048	-0.0353396	-0.983023
-0.14611	-0.0602093	-0.987434
-0.477691	-0.722833	-0.499323
-0.41944	-0	-0.907783
-0	-0	0
-0.187091	0.229322	-0.955201
-0.249049	0.506056	-0.825761
-0.157172	0.0179046	-0.987409
-0.432832	-0.543922	-0.718891
-0.395797	0.783044	-0.479778
-0.244888	0.324761	-0.913543
-0.265323	-0.890755	-0.368998
-0.173577	-0.03085	-0.984337
-0.196502	-0.745604	-0.636759
-0.372993	-0.746757	-0.550664
-0.425373	0.788441	-0.444318
-0.433964	0.898152	-0.0707016
-0.291067	0.506345	-0.811723
-0.203169	-0.224353	-0.953094
-0.307808	-0.419398	-0.854025
-0.466475	0.835876	-0.289332
-0.462026	0.410579	-0.786102
-0.36266	0.440119	-0.821446
-0.326214	0.168049	-0.930239
-0.189851	0.0846562	-0.978156
-0.169411	0	-0.985545
-0.210071	0.187414	-0.959555
-0.542852	-0	-0.839828
-0.692257	0.205908	-0.691651
-0.274798	-0.627146	-0.728817
-0.322639	0.185554	-0.928156
-0.5036	0.525318	-0.685878
-0.513109	-0.263844	-0.816765
-0.527941	-0.679183	-0.509891
-0.600827	-0.139012	-0.787199
-0.299527	-0.31608	-0.900209
-0.512809	0.670804	-0.535769
-0.610662	0.118172	-0.783024
-0.438667	-0.316741	-0.84098
-0.600451	-0.511377	-0.614778
-0.157888	-0.112035	-0.981081
-0.279422	-0.373933	-0.884363
-0.337133	0.349684	-0.874107
-0.231945	0.13185	-0.963752
-0.209824	0.12574	-0.96962
-0.185156	0.0350932	-0.982082
-0.231839	-0.0563515	-0.971121
-0.210142	-0.129571	-0.969047
-0.164023	0.00177162	-0.986455
-0.29699	-0.125937	-0.94654
-0.222745	-0.226369	-0.948231
-0.182816	-0.0317085	-0.982636
-0.256177	-0	-0.96663
-0.284362	0.0845266	-0.954984
-0.168673	0.00144377	-0.985671
-0.312885	-0	-0.949791
-0.216076	0.0584708	-0.974624
-0.255956	0.26682	-0.929136
-0.348342	0.329037	-0.87772
-0.205942	0	-0.978564
-0.185585	0.03426	-0.982031
-0.186978	0.0345202	-0.981757
-0.20835	0	-0.978054
-0.218073	-0.0813389	-0.972537
-0.186532	-0.0275398	-0.982063
-0.210292	-0.0822462	-0.974173
-0.168067	0	-0.985776
-0.467067	0.835603	-0.289165
-0.595804	0.51825	-0.613543
-0.499653	0.187937	-0.845592
-0.694546	0.371619	-0.616041
-0.566875	0.392727	-0.724167
-0.60663	0.194634	-0.77079
-0.556917	0.392413	-0.732022
-0.539317	0.191285	-0.82009
-0.634164	0.316337	-0.705525
-0.659594	0	-0.751622
-0.621762	0.185435	-0.760938
-0.608581	0.521069	-0.598428
-0.467576	0.388349	-0.794077
-0.522431	0.519049	-0.676501
-0.373915	0.476112	-0.79593
-0.191229	0.165981	-0.96741
-0.149614	0.18694	-0.970912
-0.180166	-0.238497	-0.954285
-0.161415	-0.0774296	-0.983844
-0.466199	0.618034	-0.633003
-0.324969	0.713926	-0.620246
-0.410862	0.398083	-0.820197
-0.443458	0.269411	-0.854847
-0.188851	0.17873	-0.965604
-0.158073	0.100045	-0.982346
-0.222128	-0.227755	-0.948044
-0.209954	-0.129739	-0.969065
-0.184595	-0.117921	-0.975715
-0.237522	-0.174874	-0.955511
-0.176008	-0.0283011	-0.983982
-0.312894	-0	-0.949788
-0.251828	-0.106005	-0.961949
-0.352506	-0.109357	-0.929398
-0.257987	-0.179264	-0.949372
-0.218507	-0.0559301	-0.974231
-0.284156	-0.089099	-0.954629
-0.314882	-0.217488	-0.923877
-0.419327	-0.382092	-0.823511
-0.363844	-0.226457	-0.903513
-0.340511	-0.504699	-0.793304
-0.485484	0	-0.874246
-0.432597	-0.130679	-0.892067
-0.580195	-0.36007	-0.730563
-0.529434	-0.178531	-0.829353
-0.617485	-0.303004	-0.72588
-0.430841	-0.529092	-0.731053
-0.601221	-0.145331	-0.785756
-0.613913	-0.338157	-0.713275
-0.674659	-0.521005	-0.522867
-0.694663	-0.36956	-0.617146
-0.55983	-0.42021	-0.714152
-0.454951	-0.389551	-0.800793
-0.302535	0.191948	-0.933611
-0.290213	0.26805	-0.918654
-0.38735	0.43573	-0.812465
-0.372398	0.619461	-0.691077
-0.180208	0.0137653	-0.983532
-0.191886	0.16615	-0.967251
-0.140848	-0.0250213	-0.989715
-0.214585	-0.0661268	-0.974464
-0.584811	-0.748261	-0.313212
-0.367936	0.148694	-0.917885
-0.251785	-0	-0.967783
-0.254052	0.0760624	-0.964195
-0.393503	0	-0.919324
-0.689686	-0.178018	-0.701886
-0.382637	-0.923899	-0
-0.382687	-0.923878	5.77424e-006
-0.382677	-0.923882	-5.85468e-007
-0.382547	-0.923936	-0.00011993
-0.382699	-0.923873	1.0115e-005
-0.382676	-0.923882	0
-0.382646	-0.923895	-0
-0.493627	-0.5417	0.680363
-0.449876	-0.780474	0.434133
-0.17626	-0.0772304	0.981309
-0.253536	-0.0974508	0.962405
-0.235054	-0.149555	0.960408
-0.540493	-0.661944	0.519324
-0.321473	-0.720065	0.614949
-0.318913	-0.510887	0.798304
-0.250329	0.505884	0.82548
-0.298712	-0.358729	0.884356
-0.575473	0.550192	0.605078
-0.156028	-0.0505285	0.986459
-0.358092	0.796131	0.487796
-0.363553	-0.86065	0.356527
-0.216072	-0.359512	0.90778
-0.216169	0.225295	0.950007
-0.181438	-0.638666	0.747787
-0.361924	0.631706	0.685535
-0.214218	-0.35941	0.908259
-0.308101	0.315496	0.897517
-0.162805	0.0519922	0.985287
-0.467588	0.830999	0.301336
-0.42146	0.130385	0.897425
-0.627115	-0.669105	0.398779
5.53894e-007	7.34615e-007	-2.84424e-007
-0.190733	0.239506	0.951976
-0.234529	0.398232	0.886796
-0.216501	0.37361	0.901966
-0.433964	0.898152	0.0707016
-0.185281	0.229401	0.955534
-0.420629	0.134737	0.897172
-0.179786	0.461345	0.868814
-0.205096	-0.374551	0.904238
-0.400168	-0.891138	0.213864
-0.237059	-0.322545	0.916388
-0.291178	0.621304	0.727459
-0.397929	0.892066	0.214177
-0.180046	0.0353411	0.983023
-0.146107	0.0602109	0.987435
-0.477724	0.722799	0.499342
-0.41944	-0	0.907783
-0.187106	-0.229321	0.955198
-0.24907	-0.506011	0.825783
-0.157169	-0.017906	0.987409
-0.432832	0.543922	0.718891
-0.395811	-0.782999	0.47984
-0.244882	-0.324739	0.913552
-0.265323	0.890755	0.368998
-0.173577	0.030848	0.984337
-0.196614	0.745539	0.636801
-0.373005	0.746728	0.550695
-0.425357	-0.788482	0.44426
-0.434007	-0.898131	0.0706999
-0.291067	-0.506345	0.811723
-0.203183	0.224356	0.95309
-0.307779	0.41939	0.85404
-0.466519	-0.835833	0.289383
-0.461996	-0.410603	0.786108
-0.36266	-0.440118	0.821446
-0.326214	-0.168048	0.930239
-0.18985	-0.08465	0.978157
-0.169411	-0	0.985546
-0.210083	-0.187419	0.959552
-0.542852	-0	0.839828
-0.692257	-0.205908	0.691651
-0.274748	0.627168	0.728817
-0.322636	-0.185569	0.928154
-0.503599	-0.525318	0.685878
-0.513122	0.263835	0.81676
-0.527941	0.679183	0.509891
-0.600828	0.139023	0.787197
-0.299532	0.316099	0.900201
-0.512809	-0.670846	0.535717
-0.610659	-0.118169	0.783028
-0.438667	0.316741	0.84098
-0.600453	0.511411	0.614747
-0.157888	0.112035	0.981081
-0.279429	0.37395	0.884354
-0.337108	-0.34969	0.874114
-0.231945	-0.131849	0.963752
-0.209824	-0.125739	0.96962
-0.185156	-0.0350934	0.982082
-0.231834	0.0563514	0.971122
-0.210131	0.129568	0.96905
-0.164024	-0.00177195	0.986455
-0.29699	0.125936	0.94654
-0.222745	0.226369	0.948231
-0.182817	0.0317065	0.982636
-0.256177	-0	0.96663
-0.284359	-0.084536	0.954984
-0.168672	-0.00144418	0.985671
-0.312885	-0	0.949791
-0.216072	-0.058469	0.974625
-0.255956	-0.266821	0.929136
-0.348314	-0.329053	0.877725
-0.205942	-0	0.978564
-0.185585	-0.03426	0.982031
-0.186976	-0.0345212	0.981758
-0.208351	-0	0.978054
-0.218066	0.0813399	0.972538
-0.186534	0.0275402	0.982062
-0.210291	0.0822465	0.974173
-0.168066	-0	0.985776
-0.46709	-0.83557	0.289222
-0.595779	-0.518244	0.613572
-0.499656	-0.187927	0.845593
-0.694548	-0.371582	0.61606
-0.566856	-0.392726	0.724183
-0.606624	-0.194637	0.770794
-0.556931	-0.392413	0.732011
-0.539323	-0.191275	0.820088
-0.634177	-0.316316	0.705524
-0.659593	-0	0.751623
-0.62177	-0.18543	0.760932
-0.608602	-0.521074	0.598403
-0.467552	-0.388354	0.794088
-0.522401	-0.519059	0.676517
-0.373915	-0.476112	0.795931
-0.191218	-0.165987	0.967411
-0.149624	-0.186935	0.970911
-0.180151	0.238496	0.954288
-0.16141	0.0774299	0.983845
-0.466199	-0.618034	0.633003
-0.325005	-0.713904	0.620252
-0.410861	-0.398084	0.820197
-0.443458	-0.26941	0.854847
-0.188851	-0.178729	0.965604
-0.158077	-0.100036	0.982346
-0.222129	0.227755	0.948043
-0.209953	0.129726	0.969067
-0.184601	0.117912	0.975715
-0.237522	0.174874	0.955512
-0.176006	0.0283017	0.983982
-0.312894	-0	0.949788
-0.251817	0.106	0.961952
-0.352509	0.109367	0.929396
-0.257986	0.179265	0.949372
-0.218512	0.0559303	0.97423
-0.28416	0.0890877	0.954629
-0.314885	0.2175	0.923873
-0.419327	0.382093	0.823511
-0.363848	0.226469	0.903508
-0.340511	0.504699	0.793304
-0.485484	-0	0.874246
-0.432602	0.130666	0.892066
-0.580191	0.360044	0.73058
-0.529442	0.178528	0.829348
-0.617482	0.303033	0.72587
-0.430848	0.529062	0.73107
-0.601221	0.145331	0.785756
-0.613916	0.338127	0.713286
-0.674635	0.521035	0.522867
-0.694661	0.369596	0.617126
-0.559818	0.4202	0.714168
-0.454951	0.389552	0.800793
-0.302525	-0.191965	0.93361
-0.290214	-0.268051	0.918654
-0.38735	-0.435729	0.812465
-0.372398	-0.619461	0.691077
-0.180208	-0.0137662	0.983532
-0.191872	-0.166155	0.967252
-0.140847	0.0250224	0.989715
-0.214588	0.0661249	0.974464
-0.58482	0.748273	0.313167
-0.367936	-0.148694	0.917885
-0.251785	-0	0.967783
-0.254052	-0.0760621	0.964195
-0.393503	-0	0.919324
-0.689687	0.178032	0.70188
-0	1	-0
-0	0	-1
-0	-1	-0
0	0	1

#	Mesh	0	End

