#	Mesh	0	Begin

#	Vertex	47
67.2263	32.2167	-3.06
68.1233	32.2894	-3.06
67.2262	32.2171	-3.16
67.5735	27.9308	-3.077
67.5735	27.9312	-3.177
67.6234	27.9352	-3.17144
68.4706	28.0035	-3.077
67.6234	27.9348	-3.077
68.4061	28.7993	-3.07384
67.5091	28.7266	-3.17384
66.3292	32.144	-3.06
67.2261	32.2191	-3.65999
66.329	32.1464	-3.65999
66.6765	27.8581	-3.077
66.6765	27.8585	-3.177
66.6763	27.8605	-3.67405
66.6763	27.8605	-3.67699
67.5734	27.9332	-3.67699
67.5734	27.9332	-3.67405
66.5625	29.2652	-3.07142
66.5658	29.2655	-3.07142
67.4579	29.3377	-3.07142
67.5074	28.7265	-3.07384
67.5548	28.1417	-3.07616
66.6594	28.0691	-3.07616
66.6594	28.0691	-3.67616
67.5548	28.1417	-3.67616
67.4579	29.3377	-3.67142
66.5625	29.2652	-3.67142
66.6594	28.0691	-3.67299
66.6594	28.0691	-3.17616
66.3292	32.1444	-3.16
66.5625	29.2652	-3.17142
65.4322	32.0714	-3.06
66.5608	29.2651	-3.17123
66.6104	28.6538	-3.17366
66.6577	28.069	-3.17598
66.6266	27.8545	-3.17144
65.7794	27.7854	-3.077
65.7149	28.5812	-3.07384
65.6991	28.7769	-3.07306
65.6587	29.2752	-3.07109
66.6266	27.8541	-3.077
66.6577	28.069	-3.07616
66.6104	28.6538	-3.07384
66.5945	28.8493	-3.07306
66.5608	29.2651	-3.07142

#	Triangle	70
2	0	1
5	3	4
6	7	5
7	3	5
7	0	3	7	1	0	6	8	7	8	1	7	3	24	13	3	23	24	20	0	10	21	0	20	42	39	38	42	41	40	42	33	41	42	10	33	13	43	42	43	44	42
8	2	1
8	9	2	6	9	8
6	5	9
5	4	9
9	0	2
9	3	0
4	3	9
12	0	11
10	0	12
17	15	16
17	14	15
17	13	14
17	18	13
18	4	13
4	3	13
20	10	19
3	22	23
3	21	22
3	0	21
3	11	0
3	4	11	31	10	32
4	18	11
18	17	11
11	28	12	11	27	28
26	16	25	26	17	16
11	26	27
11	17	26
19	12	28
10	12	19
27	22	21
26	22	27
26	23	22
27	19	28
27	20	19
27	21	20
23	30	24	23	29	30	23	25	29	23	26	25
15	25	16
15	29	25
14	29	15
14	30	29
13	30	14
13	24	30
32	10	19
32	33	31	32	41	33	35	40	34	35	38	39	36	38	35
32	34	41
34	40	41	35	39	40
30	38	36
14	37	30
37	38	30
42	40	39
44	45	42
45	46	42	13	24	43
46	10	42	19	10	46
33	10	31
37	42	38
14	42	37
14	13	42
19	34	32	46	34	19
45	34	46
45	35	34
44	35	45
43	35	44	43	36	35
30	43	24	36	43	30
24	14	30
13	14	24

#	Normal	70
-0.0807594	0.996726	0.00393819
0.0807417	-0.996727	-0.00395766
0.0807597	-0.996726	-0.00393643
0.0807817	-0.996724	-0.00393643
0.000319372	-0.00394057	0.999992
0.109754	0.0128353	-0.993876
0.109753	0.012835	-0.993876
0.109754	0.0128357	-0.993876
0.10974	0.0128337	-0.993877
-0.996734	-0.0807602	-5.5678e-006
-0.996734	-0.08076	-1.22913e-005
-0.996734	-0.0807594	-7.14182e-006
-0.0807616	0.996726	0.00395223
-0.0807609	0.996726	0.00395117
0.0807609	-0.996726	-0.00396477
0.0807609	-0.996726	-0.00395497
0.0807702	-0.996725	-0.00393819
0.0807525	-0.996726	-0.00396477
0.0807599	-0.996726	-0.0039537
0.0807594	-0.996726	-0.00395766
0.000319879	-0.00394054	0.999992
0.000332242	-0.00393957	0.999992
0.000442698	-0.00393039	0.999992
0.000289606	-0.00394298	0.999992
0.996734	0.0807601	-6.3596e-006
0.996733	0.0807619	7.15183e-006
0.996733	0.0807617	4.97182e-006
0.996733	0.0807606	0.000321249
-0.000319291	0.00394056	-0.999992
-0.00031924	0.00394003	-0.999992
-0.000584866	0.00391919	-0.999992
-0.00025339	0.00394591	-0.999992
-0.996733	-0.0807613	-0
-0.996733	-0.0807626	-6.6288e-006
-0.996733	-0.0807626	0
-0.996733	-0.0807617	8.96765e-007
-0.996734	-0.0807608	-0
0.0807609	-0.996734	-0
0.0809103	-0.996721	0.00022449
0.0807603	-0.996734	-0
-0.0807602	0.996734	-0
-0.996733	-0.0807705	-0.000321288
-0.996733	-0.0807673	0
-0.996733	-0.0807673	1.06721e-005
-0.996731	-0.0807923	0
-0.996731	-0.0807923	-5.69438e-006
-0.996731	-0.0807896	0
0.996733	0.0807626	-0
-0.110388	-0.00500227	-0.993876
-0.11035	-0.00141719	-0.993892
-0.110388	-0.00500253	-0.993876
-0.110834	-0.00360462	-0.993832
-0.110384	-0.00500578	-0.993876
-0.110388	-0.00500518	-0.993876
0.000319802	-0.00394001	0.999992
0.000306596	-0.00394091	0.999992
0.000322042	-0.00394041	0.999992
0.000320807	-0.00394047	0.999992
-0.0807612	0.996726	0.00395766
0.0807596	-0.996726	-0.00396372
0.0807308	-0.996728	-0.00396372
0.0807817	-0.996724	-0.00393819
0.0810999	-0.996706	-0
0.996733	0.0807715	0
0.996733	0.0807627	-3.72521e-005
0.996735	0.0807437	-0
0.996734	0.0807608	0
-0.0814817	0.996675	-0
0.996731	0.0807923	0
0.996731	0.0807896	5.68379e-006

#	Mesh	0	End

