#	Mesh	0	Begin

#	Vertex	474
65.4526	-28.7865	-3.91857
65.4536	-28.799	-3.91923
65.4546	-28.8114	-3.91693
65.4555	-28.8228	-3.91178
65.4563	-28.8328	-3.90408
65.4507	-28.7636	-3.90865
65.4516	-28.7745	-3.91498
65.4516	-28.7745	-3.81702
65.4507	-28.7636	-3.82335
65.4563	-28.8328	-3.82792
65.4555	-28.8228	-3.82022
65.4546	-28.8114	-3.81507
65.4536	-28.799	-3.81276
65.4526	-28.7865	-3.81343
65.4466	-28.7134	-3.817
65.4593	-28.7123	-3.81867
65.4711	-28.7114	-3.82356
65.4812	-28.7106	-3.83135
65.4889	-28.7099	-3.8415
65.4938	-28.7095	-3.85332
65.4955	-28.7094	-3.866
65.4938	-28.7095	-3.87868
65.4889	-28.7099	-3.8905
65.4812	-28.7106	-3.90065
65.4711	-28.7114	-3.90844
65.4593	-28.7123	-3.91333
65.4466	-28.7134	-3.915
65.434	-28.7144	-3.91333
65.4222	-28.7153	-3.90844
65.4121	-28.7162	-3.90065
65.4043	-28.7168	-3.8905
65.3995	-28.7172	-3.87868
65.3978	-28.7173	-3.866
65.3995	-28.7172	-3.85332
65.4043	-28.7168	-3.8415
65.4121	-28.7162	-3.83135
65.4222	-28.7153	-3.82356
65.434	-28.7144	-3.81867
65.4346	-28.7383	-3.81904
65.4232	-28.7392	-3.82412
65.4264	-28.739	-3.82755
65.4371	-28.7381	-3.82311
65.4469	-28.7373	-3.81703
65.4173	-28.7397	-3.8346
65.4135	-28.74	-3.83194
65.4102	-28.7403	-3.8438
65.406	-28.7406	-3.84197
65.4058	-28.7406	-3.85451
65.4013	-28.741	-3.85358
65.4043	-28.7408	-3.866
65.3997	-28.7411	-3.866
65.4013	-28.741	-3.87842
65.4058	-28.7406	-3.87749
65.406	-28.7406	-3.89003
65.4102	-28.7403	-3.8882
65.4135	-28.74	-3.90006
65.4173	-28.7397	-3.8974
65.4232	-28.7392	-3.90788
65.4264	-28.739	-3.90445
65.4346	-28.7383	-3.91296
65.4371	-28.7381	-3.90889
65.4469	-28.7373	-3.91497
65.4486	-28.7372	-3.9104
65.4594	-28.7363	-3.91379
65.46	-28.7363	-3.90889
65.4711	-28.7354	-3.90949
65.4654	-28.7358	-3.90667
65.468	-28.7356	-3.90556
65.4707	-28.7354	-3.90445
65.4813	-28.7345	-3.90235
65.473	-28.7352	-3.90269
65.4753	-28.735	-3.90092
65.4799	-28.7346	-3.8974
65.4894	-28.7339	-3.89283
65.4816	-28.7345	-3.8951
65.4834	-28.7344	-3.8928
65.4851	-28.7342	-3.8905
65.4869	-28.7341	-3.8882
65.4949	-28.7334	-3.88157
65.488	-28.734	-3.88552
65.4891	-28.7339	-3.88285
65.4897	-28.7339	-3.88151
65.4902	-28.7338	-3.88017
65.4908	-28.7338	-3.87883
65.4913	-28.7337	-3.87749
65.4973	-28.7332	-3.86929
65.4915	-28.7337	-3.87606
65.4917	-28.7337	-3.87462
65.4919	-28.7337	-3.87318
65.4921	-28.7337	-3.87175
65.4923	-28.7336	-3.87031
65.4924	-28.7336	-3.86887
65.4926	-28.7336	-3.86744
65.4928	-28.7336	-3.866
65.4974	-28.7332	-3.86766
65.4974	-28.7332	-3.866
65.4974	-28.7332	-3.86434
65.4973	-28.7332	-3.86271
65.4926	-28.7336	-3.86456
65.4924	-28.7336	-3.86313
65.4923	-28.7336	-3.86169
65.4921	-28.7337	-3.86025
65.4919	-28.7337	-3.85882
65.4917	-28.7337	-3.85738
65.4915	-28.7337	-3.85594
65.4913	-28.7337	-3.85451
65.4949	-28.7334	-3.85043
65.4908	-28.7338	-3.85317
65.4902	-28.7338	-3.85183
65.4897	-28.7339	-3.85049
65.4891	-28.7339	-3.84915
65.488	-28.734	-3.84648
65.4869	-28.7341	-3.8438
65.4894	-28.7339	-3.83917
65.4851	-28.7342	-3.8415
65.4834	-28.7344	-3.8392
65.4816	-28.7345	-3.8369
65.4799	-28.7346	-3.8346
65.4813	-28.7345	-3.82965
65.4753	-28.735	-3.83108
65.473	-28.7352	-3.82931
65.4707	-28.7354	-3.82755
65.4711	-28.7354	-3.82251
65.468	-28.7356	-3.82644
65.4654	-28.7358	-3.82533
65.46	-28.7363	-3.82311
65.4594	-28.7363	-3.81821
65.4486	-28.7372	-3.8216
65.4396	-28.8544	-3.83417
65.4286	-28.8553	-3.83655
65.4372	-28.8546	-3.82993
65.432	-28.855	-3.84001
65.4485	-28.8536	-3.8305
65.422	-28.8558	-3.84518
65.4262	-28.8554	-3.84763
65.4226	-28.8557	-3.85649
65.4178	-28.8561	-3.85522
65.4213	-28.8558	-3.866
65.4164	-28.8562	-3.866
65.4226	-28.8557	-3.87551
65.4178	-28.8561	-3.87678
65.4262	-28.8554	-3.88437
65.422	-28.8558	-3.88682
65.432	-28.855	-3.89199
65.4286	-28.8553	-3.89545
65.4396	-28.8544	-3.89783
65.4372	-28.8546	-3.90207
65.4485	-28.8536	-3.9015
65.4472	-28.8537	-3.90623
65.4579	-28.8529	-3.90275
65.4579	-28.8529	-3.90765
65.4627	-28.8525	-3.90212
65.4674	-28.8521	-3.9015
65.4687	-28.852	-3.90623
65.4696	-28.8519	-3.90058
65.4718	-28.8518	-3.89966
65.474	-28.8516	-3.89874
65.4763	-28.8514	-3.89783
65.4787	-28.8512	-3.90207
65.4781	-28.8512	-3.89637
65.48	-28.8511	-3.89491
65.4819	-28.8509	-3.89345
65.4838	-28.8508	-3.89199
65.4873	-28.8505	-3.89545
65.4853	-28.8507	-3.89008
65.486	-28.8506	-3.88913
65.4868	-28.8505	-3.88818
65.4875	-28.8505	-3.88723
65.4882	-28.8504	-3.88628
65.4897	-28.8503	-3.88437
65.4939	-28.85	-3.88682
65.498	-28.8496	-3.87678
65.4901	-28.8503	-3.88327
65.4906	-28.8502	-3.88216
65.491	-28.8502	-3.88105
65.4915	-28.8502	-3.87994
65.4919	-28.8501	-3.87884
65.4924	-28.8501	-3.87773
65.4929	-28.85	-3.87662
65.4933	-28.85	-3.87551
65.4994	-28.8495	-3.866
65.4935	-28.85	-3.87432
65.4936	-28.85	-3.87373
65.4936	-28.85	-3.87313
65.4937	-28.85	-3.87254
65.4938	-28.85	-3.87194
65.4939	-28.85	-3.87135
65.4939	-28.85	-3.87076
65.494	-28.85	-3.87016
65.4941	-28.8499	-3.86957
65.4942	-28.8499	-3.86897
65.4943	-28.8499	-3.86838
65.4944	-28.8499	-3.86719
65.4946	-28.8499	-3.866
65.498	-28.8496	-3.85522
65.4944	-28.8499	-3.86481
65.4943	-28.8499	-3.86362
65.4942	-28.8499	-3.86303
65.4941	-28.8499	-3.86243
65.494	-28.85	-3.86184
65.4939	-28.85	-3.86124
65.4939	-28.85	-3.86065
65.4938	-28.85	-3.86006
65.4937	-28.85	-3.85946
65.4936	-28.85	-3.85887
65.4936	-28.85	-3.85827
65.4935	-28.85	-3.85768
65.4933	-28.85	-3.85649
65.4939	-28.85	-3.84518
65.4929	-28.85	-3.85538
65.4924	-28.8501	-3.85427
65.4919	-28.8501	-3.85316
65.4915	-28.8502	-3.85206
65.491	-28.8502	-3.85095
65.4906	-28.8502	-3.84984
65.4901	-28.8503	-3.84873
65.4897	-28.8503	-3.84763
65.4873	-28.8505	-3.83655
65.4882	-28.8504	-3.84572
65.4875	-28.8505	-3.84477
65.4868	-28.8505	-3.84382
65.486	-28.8506	-3.84287
65.4853	-28.8507	-3.84192
65.4838	-28.8508	-3.84001
65.4787	-28.8512	-3.82993
65.4819	-28.8509	-3.83855
65.48	-28.8511	-3.83709
65.4781	-28.8512	-3.83563
65.4763	-28.8514	-3.83417
65.4687	-28.852	-3.82577
65.474	-28.8516	-3.83326
65.4718	-28.8518	-3.83234
65.4696	-28.8519	-3.83142
65.4674	-28.8521	-3.8305
65.4579	-28.8529	-3.82435
65.4627	-28.8525	-3.82988
65.4579	-28.8529	-3.82925
65.4472	-28.8537	-3.82577
65.4597	-28.8741	-3.82435
65.4489	-28.875	-3.82577
65.4389	-28.8758	-3.82993
65.4303	-28.8765	-3.83655
65.4237	-28.877	-3.84518
65.4196	-28.8774	-3.85522
65.4181	-28.8775	-3.866
65.4196	-28.8774	-3.87678
65.4237	-28.877	-3.88682
65.4303	-28.8765	-3.89545
65.4389	-28.8758	-3.90207
65.4489	-28.875	-3.90623
65.4597	-28.8741	-3.90765
65.4704	-28.8732	-3.90623
65.4804	-28.8724	-3.90207
65.489	-28.8717	-3.89545
65.4956	-28.8712	-3.88682
65.4998	-28.8709	-3.87678
65.5012	-28.8707	-3.866
65.4998	-28.8709	-3.85522
65.4956	-28.8712	-3.84518
65.489	-28.8717	-3.83655
65.4804	-28.8724	-3.82993
65.4704	-28.8732	-3.82577
65.4893	-28.7421	-3.8489
65.4897	-28.7417	-3.85006
65.4931	-28.8449	-3.85631
65.4927	-28.8447	-3.8553
65.4924	-28.8444	-3.85429
65.4695	-28.7571	-3.82756
65.4936	-28.8452	-3.8584
65.465	-28.8331	-3.82898
65.473	-28.8351	-3.83193
65.471	-28.8346	-3.83119
65.469	-28.8341	-3.83046
65.4783	-28.8372	-3.83529
65.4765	-28.8365	-3.83417
65.4748	-28.8358	-3.83305
65.4847	-28.7461	-3.84067
65.4859	-28.8408	-3.84222
65.4844	-28.8401	-3.84077
65.4607	-28.833	-3.82845
65.483	-28.8394	-3.83931
65.4905	-28.741	-3.85238
65.4909	-28.7406	-3.85354
65.4916	-28.844	-3.85228
65.4912	-28.8438	-3.85127
65.4606	-28.7614	-3.82446
65.4872	-28.7439	-3.84461
65.4859	-28.745	-3.84264
65.4651	-28.7592	-3.82601
65.4899	-28.843	-3.84837
65.4935	-28.8451	-3.85731
65.4882	-28.8421	-3.84574
65.48	-28.8379	-3.83641
65.4938	-28.8453	-3.86003
65.4937	-28.8453	-3.85949
65.4871	-28.8415	-3.84398
65.4941	-28.8455	-3.8622
65.494	-28.8454	-3.86166
65.4834	-28.7471	-3.83869
65.4909	-28.8436	-3.85026
65.4905	-28.8434	-3.84925
65.4884	-28.7428	-3.84659
65.492	-28.8442	-3.85328
65.4733	-28.7546	-3.82995
65.4771	-28.7521	-3.83234
65.4893	-28.8427	-3.84749
65.4818	-28.7484	-3.83711
65.4802	-28.7496	-3.83552
65.4923	-28.7394	-3.86093
65.4913	-28.7403	-3.8547
65.4917	-28.7399	-3.85585
65.4901	-28.7414	-3.85122
65.4926	-28.7391	-3.86346
65.4922	-28.7395	-3.85966
65.4919	-28.7398	-3.85712
65.492	-28.7396	-3.85839
65.4944	-28.8457	-3.86491
65.4942	-28.8456	-3.86383
65.4815	-28.8386	-3.83786
65.4939	-28.8454	-3.86111
65.4939	-28.8453	-3.86057
65.4928	-28.7389	-3.86473
65.4941	-28.8455	-3.86274
65.4925	-28.7392	-3.8622
65.4945	-28.8457	-3.866
65.4929	-28.7388	-3.866
65.4935	-28.8451	-3.87469
65.4917	-28.7399	-3.87615
65.4913	-28.7403	-3.8773
65.4909	-28.7406	-3.87846
65.4818	-28.7484	-3.89489
65.4802	-28.7496	-3.89648
65.4771	-28.7521	-3.89966
65.494	-28.8454	-3.87034
65.4931	-28.8449	-3.87569
65.473	-28.8351	-3.90007
65.492	-28.8442	-3.87872
65.4916	-28.844	-3.87972
65.4882	-28.8421	-3.88626
65.4765	-28.8365	-3.89783
65.48	-28.8379	-3.89559
65.4815	-28.8386	-3.89414
65.483	-28.8394	-3.89269
65.4844	-28.8401	-3.89123
65.4859	-28.8408	-3.88978
65.4899	-28.843	-3.88363
65.4905	-28.8434	-3.88275
65.4922	-28.7395	-3.87234
65.492	-28.7396	-3.87361
65.4695	-28.7571	-3.90444
65.4893	-28.7421	-3.8831
65.4884	-28.7428	-3.88541
65.4897	-28.7417	-3.88194
65.4919	-28.7398	-3.87488
65.4925	-28.7392	-3.8698
65.4923	-28.7394	-3.87107
65.4893	-28.8427	-3.88451
65.4905	-28.741	-3.87962
65.4901	-28.7414	-3.88078
65.4872	-28.7439	-3.88739
65.4847	-28.7461	-3.89133
65.4834	-28.7471	-3.89331
65.465	-28.8331	-3.90302
65.469	-28.8341	-3.90154
65.4733	-28.7546	-3.90205
65.4859	-28.745	-3.88936
65.4871	-28.8415	-3.88802
65.4924	-28.8444	-3.87771
65.4927	-28.8447	-3.8767
65.4783	-28.8372	-3.89671
65.4607	-28.833	-3.90355
65.471	-28.8346	-3.90081
65.4942	-28.8456	-3.86817
65.4912	-28.8438	-3.88073
65.4748	-28.8358	-3.89895
65.4606	-28.7614	-3.90754
65.4651	-28.7592	-3.90599
65.4939	-28.8454	-3.87089
65.4936	-28.8452	-3.8736
65.4909	-28.8436	-3.88174
65.4928	-28.7389	-3.86727
65.4926	-28.7391	-3.86854
65.4937	-28.8453	-3.87251
65.4938	-28.8453	-3.87197
65.4944	-28.8457	-3.86709
65.4939	-28.8453	-3.87143
65.4941	-28.8455	-3.8698
65.4941	-28.8455	-3.86926
65.4979	-28.7393	-3.8729
65.4979	-28.7389	-3.86945
65.4979	-28.7398	-3.87636
65.4984	-28.7455	-3.89268
65.4982	-28.7429	-3.88624
65.498	-28.7402	-3.87981
65.5063	-28.843	-3.87981
65.5064	-28.8439	-3.8729
65.4991	-28.754	-3.90372
65.5	-28.765	-3.9122
65.4978	-28.7384	-3.866
65.501	-28.7778	-3.91753
65.5021	-28.7916	-3.91935
65.5052	-28.8292	-3.90372
65.5043	-28.8182	-3.9122
65.5033	-28.8054	-3.91753
65.5059	-28.8376	-3.89268
65.5064	-28.8448	-3.866
65.5064	-28.8439	-3.8591
65.5063	-28.843	-3.85219
65.5059	-28.8376	-3.83932
65.5052	-28.8292	-3.82828
65.498	-28.7402	-3.85219
65.4979	-28.7398	-3.85564
65.5043	-28.8182	-3.8198
65.4984	-28.7455	-3.83932
65.4982	-28.7429	-3.84576
65.5033	-28.8054	-3.81447
65.4979	-28.7389	-3.86255
65.5021	-28.7916	-3.81265
65.5	-28.765	-3.8198
65.501	-28.7778	-3.81447
65.4979	-28.7393	-3.8591
65.4991	-28.754	-3.82828
65.5046	-28.8218	-3.81576
65.5035	-28.808	-3.80972
65.5055	-28.8335	-3.82511
65.5063	-28.8425	-3.83715
65.5067	-28.8481	-3.85108
65.5069	-28.8501	-3.866
65.5067	-28.8481	-3.88092
65.5063	-28.8425	-3.89485
65.5055	-28.8335	-3.90689
65.5046	-28.8218	-3.91624
65.5035	-28.808	-3.92228
65.5023	-28.7932	-3.92463
65.5011	-28.7783	-3.92312
65.4999	-28.7643	-3.91785
65.4989	-28.752	-3.90918
65.4982	-28.7424	-3.89766
65.4976	-28.736	-3.88407
65.4974	-28.7332	-3.86929
65.4974	-28.7332	-3.86766
65.4974	-28.7331	-3.866
65.4974	-28.7332	-3.86434
65.4974	-28.7332	-3.86271
65.4976	-28.736	-3.84793
65.4982	-28.7424	-3.83434
65.4989	-28.752	-3.82282
65.4999	-28.7643	-3.81415
65.5011	-28.7783	-3.80888
65.5023	-28.7932	-3.80737
65.5287	-28.8047	-3.80935
65.5298	-28.8188	-3.81521
65.5308	-28.8309	-3.82453
65.5316	-28.8402	-3.83668
65.532	-28.846	-3.85082
65.5322	-28.848	-3.866
65.532	-28.846	-3.88118
65.5316	-28.8402	-3.89532
65.5308	-28.8309	-3.90747
65.5298	-28.8188	-3.91679
65.5287	-28.8047	-3.92265
65.5275	-28.7895	-3.92465
65.5262	-28.7744	-3.92265
65.5251	-28.7603	-3.91679
65.5241	-28.7482	-3.90747
65.5234	-28.7389	-3.89532
65.5229	-28.7331	-3.88118
65.5227	-28.7311	-3.866
65.5229	-28.7331	-3.85082
65.5234	-28.7389	-3.83668
65.5241	-28.7482	-3.82453
65.5251	-28.7603	-3.81521
65.5262	-28.7744	-3.80935
65.5275	-28.7895	-3.80735

#	Triangle	477
5	3	4
6	3	5
6	2	3
0	2	6
0	1	2	13	11	12	406	426	407	405	426	406	395	428	405	394	428	395
7	11	13
7	10	11
8	10	7
8	9	10
15	37	14	26	27	25
16	37	15
16	36	37
17	36	16	24	28	29
17	35	36	24	29	23
18	35	17	23	29	30
18	34	35	23	30	22
19	34	18	22	30	31
19	33	34	22	31	21
20	33	19	21	31	32
20	32	33	21	32	20
25	28	24
25	27	28
40	38	39	41	38	40	38	41	42	59	58	57	59	60	58	60	59	61	61	62	60	63	62	61	62	63	64	63	65	64	125	122	126	126	42	127	127	125	126	127	42	41
43	40	39	45	43	44	55	56	54	56	57	58	69	68	65	69	73	72	73	78	77	85	84	78	97	106	105	112	106	113	113	118	117	122	121	118
39	44	43	44	46	45	53	55	54	57	56	55
47	45	46	47	48	49	49	51	52	52	53	54
46	48	47	50	49	48	51	49	50	53	52	51
64	65	66	71	69	72	117	118	119	124	122	125
66	65	67	67	65	68	68	69	70	70	69	71	72	73	74	74	73	75	75	73	76	76	73	77	77	78	79	79	78	80	110	106	111	111	106	112	112	113	114	114	113	115	115	113	116	116	113	117	119	118	120	120	118	121	121	122	123	123	122	124
80	78	81	81	78	82	82	78	83	83	78	84	84	85	86	86	85	87	87	85	88	88	85	89	89	85	90	90	85	91	91	85	92	92	85	93	93	97	98	98	97	99	99	97	100	100	97	101	101	97	102	102	97	103	103	97	104	104	97	105	105	106	107	107	106	108	108	106	109	109	106	110
94	93	85	93	94	95	95	96	93	97	93	96
95	94	20
94	85	20
73	22	78
23	73	69
21	85	78
69	65	24
21	78	22
85	21	20
26	25	63
65	25	24
24	23	69
73	23	22
65	63	25
61	59	27
59	57	28
53	30	55
31	53	51
29	57	55
51	50	32
27	59	28
61	27	26
53	31	30
30	29	55
57	29	28
51	32	31
63	61	26
50	48	32
48	46	33
39	35	44
36	39	38
34	46	44
38	42	37
33	46	34
48	33	32
38	37	36
36	35	39
44	35	34
42	14	37
14	42	126
126	122	15
122	118	16
106	18	113
19	106	97
17	118	113
97	96	20
16	118	17
122	16	15
97	20	19
19	18	106
113	18	17
96	95	20
14	126	15
130	128	129	133	129	131	135	136	133	137	138	136	139	140	138	141	142	140	142	143	144	144	145	146	148	146	147	149	150	148	152	153	150	158	153	157	162	163	158	170	163	169	171	170	169	179	180	171	194	180	193	207	208	194	216	217	208	217	223	224	228	229	224	234	229	233	237	234	236	132	130	237
128	131	129	130	132	128	134	133	131	135	133	134	135	137	136	139	138	137	141	140	139	143	142	141	144	143	145	145	147	146	147	149	148	237	236	132
151	150	149	152	150	151	235	234	233	236	234	235
154	153	152	155	153	154	156	153	155	157	153	156	159	158	157	160	158	159	161	158	160	162	158	161	164	163	162	169	163	168	218	217	216	223	217	222	225	224	223	226	224	225	227	224	226	228	224	227	230	229	228	231	229	230	232	229	231	233	229	232
165	163	164	166	163	165	167	163	166	168	163	167	172	171	169	173	171	172	174	171	173	175	171	174	176	171	175	177	171	176	178	171	177	179	171	178	181	180	179	192	180	191	193	180	192	195	194	193	196	194	195	207	194	206	209	208	207	210	208	209	211	208	210	212	208	211	213	208	212	214	208	213	215	208	214	216	208	215	219	217	218	220	217	219	221	217	220	222	217	221
182	180	181	183	180	182	184	180	183	185	180	184	186	180	185	187	180	186	188	180	187	189	180	188	190	180	189	191	180	190	197	194	196	198	194	197	199	194	198	200	194	199	201	194	200	202	194	201	203	194	202	204	194	203	205	194	204	206	194	205
239	261	238	250	251	249
240	261	239	249	251	252
240	260	261	249	252	248
241	260	240
241	259	260
242	259	241
242	258	259
243	258	242
243	257	258
244	257	243
244	256	257
245	256	244
245	255	256
246	255	245
246	254	255
247	254	246
247	253	254
248	253	247
248	252	253
256	171	180
255	171	256
255	170	171	254	170	255
158	253	252	163	253	158
170	253	163	254	253	170
153	252	251
158	252	153
150	251	250
153	251	150
249	146	148	248	146	249
248	144	146	247	144	248
140	246	245	142	246	140
144	246	142	247	246	144
138	245	244	140	245	138
249	150	250	148	150	249
244	136	138	243	136	244
243	133	136	242	133	243
130	241	240	129	241	130
133	241	129	242	241	133
237	240	239	130	240	237
234	239	238	237	239	234
261	224	229
260	224	261
260	217	224	259	217	260
194	258	257	208	258	194
217	258	208	259	258	217
180	257	256
194	257	180
261	234	238
229	234	261
128	43	131
40	43	128
263	110	262	263	311	109	281	108	311
209	265	266	264	265	209	264	207	290
124	121	123	205	204	206	272	270	271	220	222	221	121	119	120	291	289	305	309	310	282	202	204	203	195	197	196	329	327	328	332	330	331	167	169	168	342	340	341	68	66	67	345	338	356	334	367	368	335	363	371	152	155	154	190	192	191	183	185	184	377	383	385	348	327	353	355	348	347	349	375	376	332	349	364	381	355	354	325	381	380	4	362	370	269	9	279	312	325	321	308	312	323	310	315	314	315	308	313	285	267	288	267	304	303
267	121	124
134	47	135
45	47	134
135	49	137
47	49	135
45	131	43
134	131	45
206	204	268	206	290	207	294	204	202
269	235	233
231	270	272
41	8	127
132	8	41
132	9	8
132	236	9
232	272	233
231	272	232
274	227	273
40	132	41
128	132	40
230	228	275
115	276	114
278	222	277
235	279	236
280	223	278
275	228	274
282	107	281	215	289	216	214	300	215
284	212	283	302	210	266	264	209	207	302	283	211
9	236	279
269	233	272
127	8	285
125	127	285
286	111	112
287	114	276
124	288	267
277	222	220
218	291	219
216	291	218
223	280	225
226	225	292
292	273	226
202	293	294	319	201	200	201	320	293	319	320	201	296	199	198	199	297	200	202	201	293	197	322	198	333	188	187	182	378	183	181	378	182	185	383	186	187	186	377	383	185	382	189	387	190	189	188	386
220	295	277
114	287	112
199	296	297	319	200	297	296	198	322	333	187	377	333	386	188	387	189	386
116	298	115
230	270	231
300	214	299	212	211	283	212	284	213	210	302	211	213	299	214
206	268	290	317	195	316	268	204	294	197	317	322	324	316	193	195	193	316
286	301	111
301	262	111
303	119	121
303	304	119
216	289	291
116	306	298
307	117	304
306	117	307
288	125	285
119	304	117
308	100	101	99	312	98	310	314	104	315	103	314	101	102	313	98	321	93	100	323	99	317	197	195
282	310	105
222	278	223
310	104	105	103	315	102	103	104	314
213	284	299
108	281	107	109	311	108
303	121	267
308	101	313	315	313	102	312	99	323	323	100	308	325	93	321	321	98	312
275	270	230
286	112	287
116	117	306
124	125	288
279	235	269
295	219	291
318	225	280	292	225	318
107	282	105
289	215	300
110	111	262
276	115	298
227	274	228
219	295	220
109	110	263
227	226	273
210	209	266
326	181	179	382	185	183
84	327	329
72	330	332
179	334	326
155	335	156
337	336	176	367	177	336	179	178	334	337	175	373
338	169	167
159	157	339
161	340	342
162	343	164
165	344	166	164	344	165	166	366	167
337	176	175	175	174	373	176	336	177	173	379	174	379	173	346
172	345	346
88	347	348	90	354	355	381	92	380	347	89	355	354	91	381	325	380	93
349	66	68
161	342	162
74	330	72
351	79	350
81	352	80	178	367	334
86	353	327	372	192	190	89	347	88	353	87	348	90	355	89	90	91	354	92	381	91	92	93	380
343	162	342
169	338	345
82	357	358	350	80	352	352	81	358
77	79	359
361	75	360
363	152	362
349	68	364
365	76	77
71	72	332
351	359	79
75	76	360
84	329	83
159	369	160
362	151	370
160	340	161
155	363	335
363	155	152
370	149	4
75	361	74
5	60	62
5	147	60
4	147	5
149	147	4
141	56	143
54	56	141
340	160	369
52	141	139
54	141	52
143	58	145
56	58	143
147	58	60
145	58	147
343	344	164
157	156	374
353	86	87	86	327	84	88	348	87
49	139	137
52	139	49
332	364	71
62	64	375
66	376	64
5	62	375
151	362	152
375	64	376
365	77	359
70	364	68	71	364	70
339	157	374
335	374	156
350	79	80
177	367	178
326	378	181	382	183	378	192	384	193	186	383	377	324	193	384	387	372	190	384	192	372
172	346	173	172	169	345	329	357	83
369	159	339
366	166	344
151	149	370
376	66	349
82	358	81	82	83	357
365	360	76
330	74	361
366	338	167
379	373	174
389	388	355
390	327	348
392	391	351
327	390	393
393	392	358
351	350	392
350	352	392	352	358	392
395	326	394
397	349	396
389	381	398
6	397	399
396	332	391
400	0	399
358	357	393	357	329	393	329	328	393	328	327	393
332	331	391
331	330	391	330	361	391
361	360	391	360	365	391	365	359	391	359	351	391
388	348	355
397	375	349
375	6	5
6	375	397
396	349	332
389	355	381
0	6	399
0	400	1
402	401	362
403	402	2
398	381	325
404	340	401
395	405	324
324	384	395	384	372	395	372	387	395	382	378	395	378	326	395
387	386	395	386	333	395	333	377	395	377	385	395	385	383	395	383	382	395
346	404	394
326	334	394	334	368	394	368	367	394	367	336	394	336	337	394	337	373	394	373	379	394	379	346	394
3	2	402
3	362	4
403	2	1
344	343	404	343	342	404	342	341	404	341	340	404
402	362	3
335	371	401	371	363	401
363	362	401
388	390	348
340	369	401	369	339	401	339	374	401	374	335	401
346	345	404	345	356	404
356	338	404	338	366	404	366	344	404
400	403	1
290	406	407
406	324	405
300	299	407	299	284	407	284	283	407	283	302	407	302	266	407	266	265	407	265	264	407	264	290	407
292	408	409
411	310	410
269	409	412
310	309	410	309	282	410	282	281	410	281	311	410
414	301	413
300	407	408
415	11	412
277	295	408	295	291	408	291	305	408
305	289	408	289	300	408
270	275	409	275	274	409	274	273	409	273	292	409
292	318	408	318	280	408	280	278	408	278	277	408
416	398	312
10	269	412
412	11	10
10	9	269
269	272	409
272	271	409	271	270	409
398	325	312
12	11	415
12	415	417
419	418	7
416	308	420
417	419	13
290	268	406	268	294	406	322	317	406	317	316	406	316	324	406
294	293	406	293	320	406	320	319	406	319	297	406	297	296	406	296	322	406
421	267	418
315	411	420
416	312	308
304	421	413
410	311	414
411	315	310
7	418	285
419	7	13
285	8	7
420	308	315
311	263	414	263	262	414
262	301	414
418	267	285
421	304	267
301	286	413	286	287	413	287	276	413	276	298	413
298	306	413	306	307	413
307	304	413
12	417	13
423	412	422	424	422	409	401	431	430	402	432	431	432	403	433	436	397	396	396	391	437	413	421	445	446	421	418	415	423	449
412	409	422	423	415	412	431	401	402	403	432	402	437	436	396	438	437	391	393	439	438	444	443	410	444	413	445	446	445	421
409	408	424	408	407	425	429	394	404	401	430	404
425	424	408	426	425	407	394	429	428	430	429	404
405	427	426	405	428	427
400	433	403	400	434	433	434	400	399	435	434	399	435	399	397	397	436	435	418	447	446	447	418	419	447	419	448	419	417	448	449	417	415	449	448	417
392	438	391	393	438	392	414	444	410	413	444	414
390	439	393	388	439	390	389	439	388	398	439	389	416	443	398	420	443	416	411	443	420	410	443	411
398	440	439	440	398	441	442	441	398	398	443	442
450	472	473	461	462	460
451	472	450
451	471	472
452	471	451
452	470	471
453	470	452
453	469	470
454	469	453	457	465	466
454	468	469	457	466	456
455	468	454
455	467	468
456	467	455
456	466	467
458	465	457
458	464	465
459	464	458
459	463	464
460	463	459
460	462	463
467	466	439
466	465	438
463	436	464
435	463	462
461	434	462
437	465	464
462	434	435
440	441	467
439	440	467
464	436	437
437	438	465
438	439	466
436	463	435
461	460	433
460	459	432
457	430	458
429	457	456
431	459	458
456	455	428
432	459	431
460	432	433
456	428	429
429	430	457
458	430	431
455	427	428
434	461	433
455	454	426
454	453	425
451	422	452
423	451	450
424	453	452
450	473	449
426	454	425
455	426	427
451	423	422
422	424	452
453	424	425
450	449	423
449	473	448
472	471	447
471	470	446
468	443	444
469	468	444
443	468	467
445	470	469
445	469	444
447	471	446
472	447	448
467	441	442
442	443	467
470	445	446
473	472	448

#	Normal	477
-0.996736	-0.0807261	0.000424053
-0.99674	-0.080673	-0.000587971
-0.996742	-0.080655	-0.000314099
-0.996739	-0.0806964	0.000475783
-3.71018e-005	-3.00479e-006	2.41089e-009
-0.996738	-0.080704	-0.000457322
-0.996742	-0.0806597	0.000385861
-0.99674	-0.0806744	0.000610482
-0.996736	-0.0807275	-0.000401563
-3.41762e-006	4.22115e-005	-4.49097e-017
-0.0807001	0.996738	0.000248256
-0.0807099	0.996738	0.000173278
-0.0807099	0.996738	-7.09564e-005
-0.080694	0.996739	5.01776e-005
-0.080694	0.996739	5.23249e-005
-0.0807065	0.996738	-4.2723e-005
-0.0807065	0.996738	-4.35937e-005
-0.0806956	0.996739	3.90853e-005
-0.0806956	0.996739	3.43182e-006
-0.0806965	0.996739	-3.31489e-006
-0.0807099	0.996738	-0.000224422
-0.0807001	0.996738	-0.000149445
4.49506e-006	-5.54947e-005	-8.31604e-010
4.38978e-006	-5.41947e-005	-7.93457e-010
4.5168e-006	-5.58373e-005	2.59399e-009
4.3125e-006	-5.34564e-005	3.47137e-009
4.56774e-006	-5.65228e-005	3.5553e-009
2.243e-006	-2.77115e-005	-3.19672e-009
1.12436e-006	-1.38572e-005	3.98254e-009
5.67316e-007	-7.01784e-006	4.27246e-010
6.14823e-007	-7.56856e-006	5.33295e-009
3.9601e-005	3.20782e-006	-6.55159e-007
3.88293e-005	3.23789e-006	-1.96919e-006
0.897827	0.06124	-0.436068
0.758174	0.0507521	-0.650074
0.978679	0.0669676	-0.19417
0.569295	0.0363206	-0.821331
0.919785	0.0871054	-0.382633
0.987036	0.0934218	-0.130505
0.129382	0.0194024	-0.991405
0.380555	0.0407276	-0.923861
0.60594	0.0599528	-0.793248
0.789749	0.0758056	-0.608728
0.34321	0.0190612	-0.939065
-0.159845	-0.0194799	-0.98695
-0.403978	-0.0380882	-0.913975
-0.798971	-0.0675302	-0.597566
-0.923891	-0.076247	-0.374984
-0.621774	-0.0544404	-0.781302
-0.988574	-0.080078	-0.127705
-0.381907	-0.0242264	-0.923883
-0.130732	-0.00274061	-0.991414
-0.921098	-0.0717536	-0.382663
-0.791092	-0.0598307	-0.608764
-0.607282	-0.0437138	-0.793283
-0.988328	-0.0785676	-0.130517
0.0947748	1.26218e-005	-0.995499
-0.988574	-0.080078	0.127705
-0.923891	-0.076247	0.374984
-0.621774	-0.0544404	0.781302
-0.403978	-0.0380882	0.913975
-0.798971	-0.0675302	0.597566
-0.159845	-0.0194799	0.98695
-0.921098	-0.0717536	0.382663
-0.988328	-0.0785676	0.130517
-0.381907	-0.0242264	0.923883
-0.607282	-0.0437138	0.793283
-0.791092	-0.0598307	0.608764
-0.130732	-0.00274061	0.991414
0.0947748	1.26218e-005	0.995499
0.34321	0.0190612	0.939065
0.569295	0.0363206	0.821331
0.897827	0.06124	0.436068
0.978679	0.0669676	0.19417
0.758174	0.0507521	0.650074
3.88293e-005	3.23789e-006	1.96919e-006
0.60594	0.0599528	0.793248
0.380555	0.0407276	0.923861
0.987036	0.0934218	0.130505
0.919785	0.0871054	0.382633
0.789749	0.0758056	0.608728
3.9601e-005	3.20782e-006	6.55159e-007
0.129382	0.0194024	0.991405
-4.26468e-006	5.26455e-005	-6.28662e-009
-3.76752e-006	4.64515e-005	1.58081e-008
-1.88531e-006	2.32171e-005	-0
-9.45469e-007	1.16039e-005	1.74713e-009
-4.79215e-007	5.80261e-006	-3.31116e-009
-2.38025e-007	2.90042e-006	2.69318e-009
2.46972e-006	-3.05015e-005	-2.09885e-008
7.2405e-006	-8.94214e-005	-2.31171e-009
0.0807013	-0.996738	1.33396e-005
0.0807013	-0.996738	0.000173649
0.0807072	-0.996738	0.00012825
0.0807072	-0.996738	-0.000117663
0.0807061	-0.996738	-0.000108907
0.0807061	-0.996738	3.72692e-006
0.0807109	-0.996738	-3.31039e-005
0.0807109	-0.996738	6.75453e-005
0.0807013	-0.996738	0.000141018
0.0807013	-0.996738	-6.88184e-005
0.0807109	-0.996738	-0.000142295
0.0807109	-0.996738	-1.71797e-006
0.0807061	-0.996738	3.5111e-005
0.0807061	-0.996738	0.000116778
0.0807072	-0.996738	0.000108022
0.0807072	-0.996738	-0.00016586
0.0807013	-0.996738	-0.000120461
0.988204	0.0801836	-0.130473
0.988173	0.0799993	-0.130825
0.920955	0.0745575	-0.38247
0.606799	0.0491245	-0.793336
0.790749	0.0640165	-0.608783
0.381437	0.0309501	-0.923877
0.381316	0.0308701	-0.923929
0.130082	0.0105311	-0.991447
0.130127	0.0105586	-0.991441
-0.381442	-0.0308803	-0.923877
-0.606792	-0.0491239	-0.793341
-0.920829	-0.0745473	-0.382776
-0.790756	-0.0640171	-0.608774
-0.988217	-0.0800028	-0.130487
-0.130084	-0.0105312	-0.991447
-0.988217	-0.0800028	0.130487
-0.920829	-0.0745473	0.382776
-0.606792	-0.0491239	0.793341
-0.790756	-0.0640171	0.608774
-0.381442	-0.0308803	0.923877
-0.130084	-0.0105312	0.991447
0.38131	0.0309398	0.923929
0.381442	0.0308803	0.923877
0.606799	0.0491245	0.793336
0.920955	0.0745575	0.38247
0.790749	0.0640165	0.608783
0.988158	0.0801799	0.130824
0.988219	0.080003	0.130473
0.130082	0.0105311	0.991447
0.130127	0.0105586	0.991441
-0.600257	-0.114012	0.791639
-0.600279	-0.114016	0.791622
9.41663e-006	2.84826e-007	3.45702e-006
5.40522e-006	1.11735e-007	1.96604e-006
-5.29289e-011	6.5136e-010	-6.39775e-018
0.385279	-0.0222092	0.922533
-0.913619	-0.139403	0.381924
-0.913623	-0.139404	0.381916
-0.980868	-0.144866	0.130047
-0.980847	-0.144848	0.130225
-0.783727	-0.128866	0.60759
-0.783849	-0.128895	0.607426
5.71574e-006	-2.63023e-008	7.50885e-007
1.24528e-005	-5.68408e-006	9.0862e-005
2.40733e-005	-3.36182e-006	6.77486e-005
-0.124554	-0.0754841	0.989337
-0.124593	-0.0755045	0.989331
-0.124516	-0.0755072	0.98934
-0.124561	-0.0754896	0.989336
1.65009e-005	-1.55391e-006	3.93683e-005
1.64947e-005	-1.55782e-006	3.94366e-005
1.54464e-005	-7.40139e-007	2.46661e-005
-0.375316	-0.0958025	0.921932
-0.375318	-0.0958028	0.921932
1.44823e-005	-1.11679e-006	3.46622e-005
2.70883e-005	4.14382e-007	2.07368e-005
1.45213e-005	-4.55625e-007	1.49436e-005
1.27736e-005	-5.47707e-006	9.32861e-005
1.6069e-005	2.34808e-007	1.61703e-005
1.66292e-005	-2.99736e-007	2.61893e-005
8.08493e-006	1.66273e-008	2.86785e-006
6.24448e-006	-4.05912e-008	2.30814e-006
1.04264e-005	-4.90031e-006	8.68757e-005
2.64365e-005	-2.51556e-006	7.35904e-005
0.123373	-0.0555329	0.990805
0.134736	-0.0497243	0.989633
2.64091e-005	-1.25452e-007	1.09015e-005
2.24568e-005	1.43449e-007	1.43504e-005
0.344731	-0.0316677	0.938167
1.86911e-005	-7.39676e-007	1.42658e-005
7.93197e-006	1.02882e-008	6.058e-006
1.58639e-005	2.06318e-008	1.21486e-005
1.67692e-005	-5.6838e-008	2.17959e-005
1.93263e-005	-1.26503e-006	2.4947e-005
1.42578e-005	-1.17658e-006	2.30757e-005
2.53452e-006	-3.75271e-009	2.92145e-007
1.60833e-005	-3.60694e-007	1.05989e-005
2.49108e-005	-1.7098e-007	1.90376e-005
2.45391e-006	7.05051e-009	2.99721e-007
2.92647e-005	9.99538e-007	2.24394e-005
1.53177e-005	-1.97619e-006	3.64504e-005
6.80405e-006	-1.39427e-007	2.53563e-006
5.28353e-006	-3.39804e-008	6.29768e-007
1.75955e-005	7.25998e-007	1.15762e-005
2.06094e-005	9.23599e-007	7.62592e-006
0.610524	-0.0174266	0.791806
4.40111e-005	-5.57641e-007	6.92346e-005
1.98889e-005	5.96694e-007	1.27463e-005
2.22694e-005	1.83163e-008	2.23042e-005
4.98093e-005	-1.70832e-006	4.86418e-005
2.49065e-005	-8.54162e-007	2.43216e-005
0.348884	-0.0416005	0.936242
6.07223e-005	4.61045e-007	7.89106e-005
8.18785e-006	2.32925e-007	1.07092e-006
1.52823e-005	-1.40965e-007	5.39154e-006
2.02382e-005	-5.04246e-008	1.54541e-005
8.87715e-006	3.47955e-007	1.16266e-006
6.52268e-006	-9.0004e-008	2.42188e-006
9.64751e-006	8.30593e-008	4.00032e-006
5.19917e-005	-2.97422e-006	7.93546e-005
7.31027e-006	2.17104e-007	8.78799e-007
1.74686e-005	-1.16844e-006	2.81025e-005
2.02799e-005	-4.46554e-007	1.26068e-005
3.18934e-005	1.36833e-007	2.43958e-005
0.385794	-0.0317345	0.922039
1.01169e-005	-5.10818e-006	8.44492e-005
1.53744e-005	-1.72206e-007	1.00712e-005
1.73527e-005	-3.73015e-007	1.77749e-005
9.20125e-006	-9.03606e-009	3.78558e-006
6.24577e-006	-3.45106e-008	4.09193e-006
2.19549e-005	6.95497e-007	9.08881e-006
2.46346e-005	7.28617e-007	1.60522e-005
2.16976e-005	-3.895e-007	2.81154e-005
8.63891e-006	-1.78124e-007	6.58626e-006
1.05308e-005	2.59796e-007	4.3732e-006
2.05189e-005	-8.31264e-007	2.65891e-005
6.24426e-006	6.51512e-008	2.60006e-006
5.82206e-006	-4.26769e-008	-7.64626e-007
1.52823e-005	-1.40965e-007	-5.39154e-006
0.715233	-0.024532	-0.698456
5.12541e-006	1.61108e-007	-1.85229e-006
1.53177e-005	-1.97619e-006	-3.64504e-005
5.96473e-006	8.87203e-009	-2.19439e-006
2.37959e-005	3.46365e-008	-1.82068e-005
2.16976e-005	-3.895e-007	-2.81154e-005
3.47081e-005	-7.46282e-007	-3.55498e-005
2.02382e-005	-5.04246e-008	-1.54541e-005
9.344e-006	-3.72962e-007	-7.15108e-006
6.80377e-006	-3.38507e-008	-2.80553e-006
6.24577e-006	-3.45106e-008	-4.09193e-006
7.48379e-006	2.45026e-007	-8.78479e-007
0.385279	-0.0222092	-0.922533
1.67692e-005	-5.6838e-008	-2.17959e-005
3.18934e-005	1.36833e-007	-2.43958e-005
2.06094e-005	9.23599e-007	-7.62592e-006
1.05308e-005	2.59796e-007	-4.3732e-006
7.82824e-006	3.05715e-007	-9.48196e-007
1.6069e-005	2.34808e-007	-1.61703e-005
1.98889e-005	5.96694e-007	-1.27463e-005
8.53259e-006	1.08089e-007	-3.08359e-006
2.64091e-005	-1.25452e-007	-1.09015e-005
2.46346e-005	7.28617e-007	-1.60522e-005
2.64365e-005	-2.51556e-006	-7.35904e-005
5.19917e-005	-2.97422e-006	-7.93546e-005
2.49108e-005	-1.7098e-007	-1.90376e-005
6.07223e-005	4.61045e-007	-7.89106e-005
1.75955e-005	7.25998e-007	-1.15762e-005
2.70883e-005	4.14382e-007	-2.07368e-005
9.20125e-006	-9.03606e-009	-3.78558e-006
2.05189e-005	-8.31264e-007	-2.65891e-005
1.01169e-005	-5.10818e-006	-8.44492e-005
1.93263e-005	-1.26503e-006	-2.4947e-005
2.40733e-005	-3.36182e-006	-6.77486e-005
3.29974e-005	-3.1076e-006	-7.88099e-005
1.04264e-005	-4.90031e-006	-8.68757e-005
2.92647e-005	9.99538e-007	-2.24394e-005
-0.124554	-0.0754841	-0.989337
-0.124593	-0.0755045	-0.989331
-0.124516	-0.0755072	-0.98934
-0.124561	-0.0754896	-0.989336
-0.783852	-0.128874	-0.607427
-0.783724	-0.128883	-0.60759
1.42578e-005	-1.17658e-006	-2.30757e-005
-0.913619	-0.139403	-0.381924
-0.913623	-0.139404	-0.381916
-0.600257	-0.114015	-0.791639
-0.600279	-0.114014	-0.791622
-0.375316	-0.0958025	-0.921932
-0.375318	-0.0958028	-0.921932
1.45213e-005	-4.55625e-007	-1.49436e-005
1.44823e-005	-1.11679e-006	-3.46622e-005
8.70769e-006	3.18835e-007	-1.1637e-006
-0.980868	-0.144866	-0.130047
-0.980847	-0.144848	-0.130225
4.40111e-005	-5.57641e-007	-6.92346e-005
0.134736	-0.0497243	-0.989633
0.385794	-0.0317345	-0.922039
0.123373	-0.0555329	-0.990805
1.24528e-005	-5.68408e-006	-9.0862e-005
0.348884	-0.0416005	-0.936242
2.02799e-005	-4.46554e-007	-1.26068e-005
3.43494e-005	-9.80454e-007	-4.45487e-005
1.66292e-005	-2.99736e-007	-2.61893e-005
1.74686e-005	-1.16844e-006	-2.81025e-005
2.19549e-005	6.95497e-007	-9.08881e-006
6.24426e-006	6.51512e-008	-2.60006e-006
5.28353e-006	-3.39804e-008	-6.29768e-007
7.64303e-006	-1.82129e-007	-3.14677e-006
1.54464e-005	-7.40139e-007	-2.46661e-005
1.60833e-005	-3.60694e-007	-1.05989e-005
1.27736e-005	-5.47707e-006	-9.32861e-005
0.344731	-0.0316677	-0.938167
1.00907e-005	1.69111e-007	-4.15752e-006
2.24568e-005	1.43449e-007	-1.43504e-005
2.22694e-005	1.83163e-008	-2.23042e-005
1.53744e-005	-1.72206e-007	-1.00712e-005
6.52268e-006	-9.0004e-008	-2.42188e-006
-9.27368e-007	1.92056e-005	-2.51949e-006
-3.38682e-007	1.5805e-005	-1.62825e-006
-1.96031e-006	6.25748e-005	-2.59008e-005
-4.79681e-007	2.14202e-005	-2.81647e-006
-4.7451e-006	5.09719e-005	-2.12041e-005
-5.26838e-007	2.32835e-005	-7.25076e-006
-2.66585e-007	1.16468e-005	-3.63562e-006
1.01902e-005	-8.89463e-005	-1.17849e-005
-0.0449807	0.607078	-0.793368
-1.14973e-006	1.81137e-005	-2.39076e-006
-0.0217183	0.382195	-0.923826
-0.0441153	0.7922	-0.608665
-0.00211903	0.130771	-0.99141
-9.60773e-007	8.74056e-006	-2.44127e-006
-3.47267e-006	4.55684e-005	-3.21522e-005
-1.7289e-006	2.27842e-005	-1.61116e-005
-2.45061e-006	2.87649e-005	-1.40476e-005
-5.64323e-007	1.46946e-005	-1.48505e-006
-0.0330548	0.633348	-0.773161
-0.0163188	0.502229	-0.864581
-0.0528573	0.520471	-0.852242
-0.0613486	0.734935	-0.675357
-7.84946e-007	1.36004e-005	-1.34534e-006
-0.030204	0.283748	-0.958423
-0.0103343	0.0518847	-0.9986
0.0457171	-0.607098	-0.793311
0.0357596	-0.381014	-0.923877
-1.01059e-006	1.24936e-005	-1.2013e-006
0.0771336	-0.789618	-0.608732
6.67482e-006	-8.24171e-005	-1.08901e-005
1.48069e-006	-1.37699e-005	-1.19144e-006
7.46218e-007	-6.88144e-006	-5.80963e-007
0.0943665	-0.919075	-0.382619
1.04456e-006	-1.48295e-005	-3.60342e-006
0.0310964	-0.407383	-0.912728
0.0721736	-0.607152	-0.791301
0.0104583	-0.182831	-0.983089
2.51705e-006	-3.32521e-005	-1.91322e-005
0.0524484	-0.618889	-0.783725
2.56142e-006	-3.10272e-005	-2.79389e-005
5.11692e-006	-6.20632e-005	-5.59407e-005
-7.05296e-007	2.03075e-005	-2.67371e-006
4.11191e-006	-4.24163e-005	-3.2797e-005
1.86011e-006	-1.92109e-005	-8.17162e-006
3.75556e-006	-3.83899e-005	-1.62611e-005
0.0175155	-0.129546	-0.991419
1.01902e-005	-8.89463e-005	1.17849e-005
6.67482e-006	-8.24171e-005	1.08901e-005
1.04445e-006	-1.48297e-005	3.60342e-006
0.0771336	-0.789618	0.608732
-4.79681e-007	2.14202e-005	2.81647e-006
0.0457171	-0.607098	0.793311
-9.63213e-007	8.73348e-006	2.45663e-006
-1.96031e-006	6.25748e-005	2.59008e-005
0.0943665	-0.919075	0.382619
0.0357417	-0.381016	0.923877
3.75197e-006	-3.83902e-005	1.62589e-005
1.87778e-006	-1.92109e-005	8.14048e-006
4.1141e-006	-4.24119e-005	3.27977e-005
2.51386e-006	-3.32528e-005	1.91293e-005
-1.14973e-006	1.81137e-005	2.39076e-006
0.0524565	-0.618903	0.783714
0.0311018	-0.407235	0.912794
0.0721705	-0.607175	0.791284
5.11692e-006	-6.20632e-005	5.59407e-005
2.55572e-006	-3.10272e-005	2.80057e-005
-1.01059e-006	1.24936e-005	1.2013e-006
0.0104564	-0.182756	0.983103
0.0175099	-0.129546	0.991419
-0.0217215	0.382195	0.923826
-9.27368e-007	1.92056e-005	2.51949e-006
-0.00212341	0.130771	0.99141
1.48778e-006	-1.37784e-005	1.16812e-006
7.44777e-007	-6.88478e-006	5.81299e-007
-0.0449807	0.607078	0.793368
-7.05296e-007	2.03075e-005	2.67371e-006
-7.84946e-007	1.36004e-005	1.34534e-006
-0.0441153	0.7922	0.608665
-4.7451e-006	5.09719e-005	2.12041e-005
-3.38682e-007	1.5805e-005	1.62825e-006
-0.0528558	0.520481	0.852236
-0.0302068	0.283808	0.958405
-0.0163214	0.502238	0.864575
-5.64323e-007	1.46946e-005	1.48505e-006
-2.5818e-007	1.163e-005	3.6145e-006
-5.26838e-007	2.32835e-005	7.25076e-006
-0.0330548	0.633348	0.773161
-0.0613486	0.734935	0.675357
-2.44413e-006	2.87726e-005	1.40274e-005
-1.73323e-006	2.27929e-005	1.60903e-005
-3.47267e-006	4.55684e-005	3.21522e-005
-0.010334	0.0519897	0.998594
-7.70252e-005	-6.23922e-006	-1.77994e-008
-7.47815e-005	-6.04413e-006	-5.43213e-009
-7.43676e-005	-6.00421e-006	-8.56018e-009
-7.78807e-005	-6.33837e-006	5.75256e-009
-7.88043e-005	-6.35096e-006	1.4267e-008
-7.55904e-005	-6.11606e-006	-7.77435e-009
-3.86697e-005	-3.12668e-006	-4.19617e-010
-1.9407e-005	-1.58564e-006	1.04904e-008
-8.68774e-006	-7.07067e-007	-1.19858e-008
6.04717e-005	4.89425e-006	-5.91049e-008
0.996741	0.0806708	0.000575956
0.996737	0.080722	0.000185695
0.996737	0.080722	9.83935e-006
0.996737	0.0807223	7.48066e-006
0.996737	0.0807223	-0.00020084
0.996737	0.0807126	-0.000127139
0.996737	0.0807126	-1.66079e-005
0.996738	0.0807085	1.48903e-005
0.996738	0.0807085	0.00018056
0.996737	0.080722	7.7717e-005
0.996737	0.080722	-0.000178777
0.996738	0.0807085	-7.59343e-005
0.996737	0.0807126	0.000193394
0.996737	0.0807223	0.000119692
0.996737	0.0807223	-9.43471e-006
0.996737	0.080722	-7.07596e-006
0.996737	0.080722	-0.000451915
0.996741	0.0806708	-6.16743e-005
-0.0667614	0.989194	-0.130527
-0.0621341	0.921805	-0.382642
-0.0384998	0.607593	-0.793315
-0.0212719	0.382229	-0.923823
-0.00195618	0.130774	-0.99141
-0.0524967	0.79162	-0.608755
-0.0366949	0.348295	-0.936666
-3.40962e-006	4.2091e-005	-5.93353e-007
-3.26759e-006	4.12819e-005	-1.74682e-006
-0.0721303	0.76224	-0.643263
-0.0842439	0.90009	-0.427483
-0.0914481	0.978747	-0.183552
-0.0559617	0.574122	-0.816855
0.018045	-0.129476	-0.991418
0.0372563	-0.380892	-0.923869
0.068035	-0.790418	-0.608778
0.0772809	-0.920647	-0.38267
0.0543327	-0.606399	-0.793302
0.0813751	-0.988096	-0.130558
0.0273305	-0.40105	-0.915648
0.00632183	-0.155891	-0.987754
0.0734193	-0.92364	-0.376162
0.0619625	-0.79799	-0.599477
0.0462942	-0.619909	-0.783307
0.0800619	-0.988497	-0.128311
-0.0154672	0.0994933	-0.994918
0.0813751	-0.988096	0.130558
0.0772809	-0.920647	0.38267
0.0543327	-0.606399	0.793302
0.0372563	-0.380892	0.923869
0.068035	-0.790418	0.608778
0.018045	-0.129476	0.991418
0.0734193	-0.92364	0.376162
0.0800619	-0.988497	0.128311
0.0273305	-0.40105	0.915648
0.0462942	-0.619909	0.783307
0.0619625	-0.79799	0.599477
0.00632183	-0.155891	0.987754
-0.0154672	0.0994933	0.994918
-0.0212719	0.382229	0.923823
-0.0384998	0.607593	0.793315
-0.0914481	0.978747	0.183552
-0.0621341	0.921805	0.382642
-0.0667614	0.989194	0.130527
-0.0524967	0.79162	0.608755
-0.0842439	0.90009	0.427483
-0.0559617	0.574122	0.816855
-0.0366949	0.348295	0.936666
-3.40962e-006	4.2091e-005	5.93353e-007
-3.26759e-006	4.12819e-005	1.74682e-006
-0.0721303	0.76224	0.643263
-0.00195618	0.130774	0.99141

#	Mesh	0	End

