#	Mesh	0	Begin

#	Vertex	52
100.066	-2.93781	-2.848
100.066	-2.93781	-3.248
100.026	-2.43944	-3.248
100.026	-2.43944	-2.848
60.2106	-5.66316	-2.848
60.2509	-6.16153	-2.848
87.3925	-3.96397	-2.848
87.3844	-3.86369	-2.848
87.5837	-3.84754	-2.848
87.5918	-3.94783	-2.848
92.5162	-3.54912	-2.848
92.5081	-3.44849	-2.848
92.7074	-3.43235	-2.848
92.7156	-3.53298	-2.848
91.2637	-3.14889	-3.248
91.4103	-3.13703	-3.23166
88.6194	-3.363	-3.23166
88.766	-3.35113	-3.248
81.2787	-3.95735	-3.248
80.3921	-4.02913	-3.248
79.3954	-4.10983	-3.248
78.5089	-4.18161	-3.248
60.2106	-5.66316	-3.248
60.2509	-6.16153	-3.248
88.7856	-3.85118	-3.248
87.5918	-3.94783	-3.248
87.5837	-3.84754	-3.248
87.3844	-3.86369	-3.248
87.3925	-3.96397	-3.248
72.4818	-5.17124	-3.248
72.4738	-5.07181	-3.248
72.2744	-5.08795	-3.248
72.2825	-5.18738	-3.248
67.358	-5.58609	-3.248
67.35	-5.48698	-3.248
67.1507	-5.50313	-3.248
67.1587	-5.60223	-3.248
67.1587	-5.60223	-2.879
67.358	-5.58609	-2.879
72.2825	-5.18738	-2.879
72.4818	-5.17124	-2.879
92.7156	-3.53298	-3.248
92.7074	-3.43235	-3.248
92.5081	-3.44849	-3.248
92.5162	-3.54912	-3.248
91.3248	-3.64558	-3.248
91.4506	-3.6354	-3.23398
88.6598	-3.86136	-3.23398
72.2744	-5.08795	-2.879
72.4738	-5.07181	-2.879
67.1507	-5.50313	-2.879
67.35	-5.48698	-2.879

#	Triangle	30
3	1	2	0	1	3
4	12	3	12	0	3	12	13	0	4	11	12	4	8	11	8	10	11	8	9	10	4	7	8	7	5	6	4	5	7
4	21	22	15	3	2	4	3	16
4	20	21	4	18	19	15	2	14
4	19	20
4	17	18	4	16	17	16	3	15
24	26	17	26	18	17	25	26	24	27	18	26	29	27	28	29	18	27	29	19	18	29	20	19	29	21	20	29	30	21	30	22	21	31	22	30	33	31	32	33	34	31	34	22	31	35	22	34	23	35	36	23	22	35	41	2	1	41	42	2	42	14	2	43	14	42	45	43	44	45	14	43	39	49	40	48	49	39	37	51	38	50	51	37
5	40	6
40	28	6	40	29	28	38	32	39	38	33	32	5	36	37	5	23	36	41	0	13	1	0	41	9	44	10	9	47	46	9	25	47
5	39	40
5	38	39
5	37	38
23	4	22	5	4	23
47	15	46	16	15	47
24	16	47	17	16	24
46	14	45	15	14	46
43	12	11	42	12	43	30	48	31	49	48	30
44	11	10	43	11	44
13	42	41	12	42	13
27	8	7	26	8	27
28	7	6	27	7	28
9	26	25	8	26	9
9	46	44
46	45	44
47	25	24
31	39	32	48	39	31
29	49	30	40	49	29
34	50	35	51	50	34
35	37	36	50	37	35
33	51	34	38	51	33

#	Normal	30
0.996738	0.0807031	0
-0	0	1
-0.0807025	0.996738	-0
-0.0807028	0.996738	-1.02733e-005
-0.0807027	0.996738	-7.97274e-006
-0.0807025	0.996738	2.16681e-006
-0	-0	-1
0.0807026	-0.996738	1.68669e-005
0.0807026	-0.996738	-0
0.0807015	-0.996738	-0.000384022
0.0807025	-0.996738	4.36062e-006
0.0807015	-0.996738	-0.00022506
-0.996733	-0.0807656	0
-0.000373743	0.00461276	-0.999989
0.110442	0.00433448	0.993873
-0.1097	-0.0135038	0.993873
0.0807047	-0.996738	-0
0.996737	0.0807164	-0
-0.996737	-0.0807162	-0
0.0807585	-0.996734	-0
0.996734	0.0807577	-0
-0.996735	-0.0807483	-0
0.0807024	-0.996738	-1.8844e-006
0.0807026	-0.996738	1.32621e-005
0.0807027	-0.996738	-2.43996e-006
0.996741	0.0806693	-0
-0.996735	-0.0807471	0
0.0807629	-0.996733	-0
0.996738	0.0807005	-0
-0.996733	-0.0807691	0

#	Mesh	0	End

