#	Mesh	0	Begin

#	Vertex	56
79.4249	-114.408	0.644672
79.427	-114.413	1.64466
79.5065	-114.392	1.65353
79.5061	-114.387	0.641275
79.116	-114.489	0.640936
79.116	-114.489	0.644939
80.7481	-129.716	1.66681
80.7481	-129.716	0.566798
79.5242	-114.61	1.64374
79.5242	-114.61	0.64373
79.5369	-114.767	0.643116
79.5372	-114.772	1.73942
80.3482	-129.748	0.566798
80.2599	-128.658	0.572093
79.3628	-128.731	0.572093
79.426	-129.511	0.568305
79.4143	-129.512	0.568305
79.4394	-129.822	0.566798
79.0536	-129.853	0.566798
77.8358	-114.823	0.639823
78.2317	-114.72	0.640167
78.2922	-115.466	0.63654
79.1892	-115.394	0.636539
79.8752	-123.861	0.5954
79.7783	-122.665	0.601211
78.8813	-122.738	0.601212
78.9781	-123.934	0.5954
79.0536	-129.853	1.66681
77.8683	-115.224	1.73789
77.8683	-115.224	1.65078
77.8558	-115.07	1.64509
77.8558	-115.07	0.645082
77.8358	-114.823	0.646046
79.4394	-129.822	1.66681
80.2599	-128.658	1.667
80.3482	-129.748	1.66681
80.345	-129.709	1.667
79.3628	-128.731	1.667
79.426	-129.511	1.667
80.3333	-129.71	1.667
80.3114	-129.439	1.667
79.147	-114.873	0.643439
79.1474	-114.877	1.73906
79.1892	-115.394	1.73655
78.2317	-114.72	0.645703
78.2635	-115.112	0.64417
78.2639	-115.117	1.73825
78.2922	-115.466	1.73655
77.9221	-115.205	0.644453
77.924	-115.209	1.64444
79.8752	-123.861	1.69541
79.7783	-122.665	1.70122
78.8813	-122.738	1.70122
78.9781	-123.934	1.69541
80.3114	-129.439	1.66832
79.4143	-129.512	1.66832

#	Triangle	60
5	3	4
5	0	3
0	2	3
1	2	0
2	9	3
9	7	3
9	10	7
10	6	7	15	37	38	14	37	15
2	8	9
11	6	10
7	4	3	7	22	4	21	19	20	21	18	19	22	25	21	25	18	21	7	24	22	24	25	22	26	18	25	7	23	24	23	18	26	7	13	23	13	14	23	14	18	23	7	12	13	15	16	14	16	18	14	17	18	16
18	32	19
18	31	32
31	29	30
18	29	31	18	27	29
29	27	28
33	18	17	27	18	33
35	13	12	35	34	13
35	36	34
13	37	14	34	37	13
34	38	37	34	40	38	40	36	39	34	36	40
12	6	35	7	6	12
10	42	11
41	42	10
8	0	9
1	0	8
5	9	0	41	9	5	41	10	9	32	45	44	31	45	32	48	45	31
8	2	1
43	41	22
41	4	22
41	5	4
43	42	41
44	21	20
44	45	21
45	47	21
46	47	45
43	21	47	22	21	43	50	26	53	23	26	50
19	44	20
32	44	19
48	46	45
49	46	48
29	46	49
28	46	29
51	23	50	24	23	51
52	24	51	25	24	52
53	25	52	26	25	53
39	54	40
16	38	55	15	38	16
38	54	55
40	54	38
17	55	33	16	55	17
49	31	30
48	31	49
42	6	11	28	47	46	27	47	28	27	52	47	52	43	47	52	51	43	51	6	43	27	50	53	27	55	50	55	54	50	54	6	50	27	33	55	36	6	54
43	6	42
27	53	52
50	6	51
39	36	54
35	6	36
30	29	49

#	Normal	60
-0.252623	0.967557	0.00377658
-0.252607	0.967554	0.0053371
-0.25263	0.967551	0.00476663
-0.252627	0.967552	0.00476632
0.996731	0.0807887	-2.6269e-006
0.996731	0.0807696	-0.00173556
0.996289	0.0805707	0.0302797
0.996733	0.0807614	-0
0.996732	0.0807766	-0
0.996733	0.0807611	-4.26135e-006
-0.000391129	0.00482689	-0.999988
-0.996734	-0.0807598	-0.000304198
-0.996731	-0.0807719	0.00203532
-0.996734	-0.0807588	0
-0.996733	-0.0807613	-3.9117e-007
-0.996733	-0.0807614	1.71446e-005
0.0807568	-0.996734	-0
-0.996734	-0.0807558	-0
-0.996475	-0.0807388	0.0227885
0.0807637	-0.996733	-0
-0	-0	-1
0.0807521	-0.996734	-0
-0.261488	0.965198	0.00411321
-0.261486	0.965198	0.00411389
-0.897576	-0.44086	-0
-0.897568	-0.440876	-4.03328e-006
0.00184527	-0.00375708	0.999991
-0.0972834	-0.0524197	0.993875
-0.996738	-0.0806995	-0
-0.996738	-0.0807016	0.000161146
-0.996738	-0.0807047	-0.000315007
-0.996738	-0.0807049	-2.60751e-006
0.996737	0.080714	-0.0010649
0.996738	0.0807007	2.91749e-005
0.996738	0.0807013	-0
0.996738	0.0807058	1.46242e-006
-0.0807033	0.996738	-0
-0.252624	0.967554	0.00445279
-0.252613	0.96756	0.00364451
-0.261497	0.965196	0.0041059
-0.261507	0.965193	0.0041092
-0.261421	0.965218	0.00377375
-0.2615	0.965194	0.00416261
-0.996738	-0.0807031	-0
0.0807033	-0.996738	-0
0.996738	0.0807031	0
-0.996737	-0.0807118	0
0.0806727	-0.996741	-0
0.0807033	-0.996738	0.000273302
0.0807037	-0.996738	-0
0.996737	0.0807168	-0
0.897578	0.440856	0
0.897573	0.440866	1.79373e-006
0.000390815	-0.00482692	0.999988
0.000398528	-0.00482609	0.999988
0.000390372	-0.00482692	0.999988
0.000391802	-0.0048268	0.999988
0.000393345	-0.00482654	0.999988
0.000391166	-0.00482822	0.999988
0.100956	0.044951	0.993875

#	Mesh	0	End

