#	Mesh	0	Begin

#	Vertex	24
81.8953	-105.936	1.78783
83.5389	-105.307	1.78592
83.5362	-105.304	0.685932
83.0606	-105.486	0.686482
83.061	-105.49	1.784
82.1852	-105.825	1.784
82.1848	-105.821	0.687496
81.8926	-105.933	0.687835
89.5798	-113.638	1.74293
87.8793	-114.189	1.74523
87.8766	-114.185	0.645244
88.3466	-114.033	0.644606
88.347	-114.037	1.741
89.2269	-113.752	1.741
89.2265	-113.748	0.643411
89.5771	-113.634	0.642936
82.1968	-105.969	0.686965
83.0939	-105.896	0.685011
89.1966	-113.378	0.644734
88.2995	-113.451	0.646689
88.2995	-113.451	1.741
89.1966	-113.378	1.741
83.0939	-105.896	1.784
82.1968	-105.969	1.784

#	Triangle	29
0	6	7
0	5	6
4	2	3
4	1	2
0	4	5
0	1	4
8	14	15
8	13	14
12	10	11
12	9	10
13	9	12
8	9	13
8	0	9	1	0	8
9	7	10
0	7	9
14	18	15	19	2	18	16	17	19	17	2	19	3	2	17	7	6	16
18	2	15	10	19	11	7	19	10	7	16	19
15	1	8	2	1	15
12	21	13	20	21	12	4	23	5	22	23	4
14	21	18
13	21	14
18	20	19	21	20	18
19	12	11
20	12	19
17	4	3
22	4	17
6	23	16
5	23	6
16	22	17	23	22	16

#	Normal	29
-0.357499	0.933905	0.00403578
-0.357481	0.933912	0.00404149
-0.357499	0.933905	0.00402854
-0.357484	0.933911	0.00403577
-0.357503	0.933909	0.00224058
-0.357487	0.933899	0.00595303
0.308138	-0.951334	-0.0039734
0.308121	-0.951339	-0.00396742
0.308131	-0.951336	-0.00397173
0.30813	-0.951336	-0.00397121
0.30813	-0.951336	-0.00398268
0.308125	-0.951332	-0.00517877
0.00245272	-0.00338251	0.999991
-0.809563	-0.587033	-9.11016e-007
-0.809564	-0.587032	4.84127e-006
-0.00245274	0.00338236	-0.999991
-0.00245258	0.00338261	-0.999991
0.809563	0.587033	-4.83766e-006
-0	0	-1
-0.996738	-0.080701	0
-0.996739	-0.0806962	-1.61969e-006
0.0807026	-0.996738	-0
0.996738	0.0807048	1.65672e-006
0.996738	0.0807017	0
-0.996739	-0.0806958	-4.28798e-006
-0.996738	-0.0807073	-0
0.996737	0.08072	-0
0.996738	0.0807038	-2.20079e-006
-0.0807033	0.996738	-0

#	Mesh	0	End

