#	Mesh	0	Begin

#	Vertex	24
-63.1535	64.3948	0.9
-63.1565	64.3948	0.9
-63.1565	63.0848	0.9
-63.1535	63.0848	0.9
-63.1535	64.3948	1.59
-63.1565	64.3948	1.59
-63.1565	63.0848	1.59
-63.1535	63.0848	1.59
-63.4065	63.1148	0.93
-63.1565	63.1148	0.93
-63.1565	64.3648	0.93
-63.4065	64.1148	0.93
-63.4065	63.1148	1.56
-63.1565	63.1148	1.56
-63.1565	64.3648	1.56
-63.4065	64.1148	1.56
-63.4065	64.1448	0.9
-63.4095	64.1448	0.9
-63.4095	63.0848	0.9
-63.4065	63.0848	0.9
-63.4065	64.1448	1.59
-63.4095	64.1448	1.59
-63.4095	63.0848	1.59
-63.4065	63.0848	1.59

#	Triangle	7
3	4	7	0	4	3	9	14	13	10	14	9	19	20	23	16	20	19
0	5	4	1	5	0	16	21	20	17	21	16
1	6	5	2	6	1	11	12	15	8	12	11	17	22	21	18	22	17
2	7	6	3	7	2	8	13	12	9	13	8	18	23	22	19	23	18
3	1	0	2	1	3	11	9	8	10	9	11	19	17	16	18	17	19
4	6	7	5	6	4	12	14	15	13	14	12	20	22	23	21	22	20
10	15	14	11	15	10

#	Normal	7
1	-0	-0
-0	1	-0
-1	-0	0
-0	-1	-0
-0	0	-1
0	0	1
-0.707107	0.707107	-0

#	Mesh	0	End

