#	Mesh	0	Begin

#	Vertex	72
51.1726	80.9538	-6.5285
51.179	80.9544	-6.53021
51.185	80.9548	-6.53302
51.1904	80.9553	-6.53682
51.1951	80.9557	-6.54151
51.1989	80.956	-6.54694
51.2017	80.9562	-6.55295
51.2034	80.9563	-6.55936
51.204	80.9564	-6.56597
51.2034	80.9563	-6.57257
51.2017	80.9562	-6.57898
51.1989	80.956	-6.58499
51.1951	80.9557	-6.59043
51.1904	80.9553	-6.59512
51.185	80.9548	-6.59892
51.179	80.9544	-6.60172
51.1726	80.9538	-6.60344
51.166	80.9533	-6.60402
51.1595	80.9528	-6.60344
51.1531	80.9523	-6.60172
51.1471	80.9518	-6.59892
51.1417	80.9513	-6.59512
51.137	80.951	-6.59043
51.1332	80.9506	-6.58499
51.1304	80.9504	-6.57898
51.1287	80.9503	-6.57257
51.1281	80.9502	-6.56597
51.1287	80.9503	-6.55936
51.1304	80.9504	-6.55295
51.1332	80.9506	-6.54694
51.137	80.951	-6.54151
51.1417	80.9513	-6.53682
51.1471	80.9518	-6.53302
51.1531	80.9523	-6.53021
51.1595	80.9528	-6.5285
51.166	80.9533	-6.52792
51.1189	81.6174	-6.5285
51.1253	81.6179	-6.53021
51.1313	81.6184	-6.53302
51.1367	81.6188	-6.53682
51.1414	81.6192	-6.54151
51.1452	81.6195	-6.54694
51.148	81.6197	-6.55295
51.1497	81.6199	-6.55936
51.1502	81.6199	-6.56597
51.1497	81.6199	-6.57257
51.148	81.6197	-6.57898
51.1452	81.6195	-6.58499
51.1414	81.6192	-6.59043
51.1367	81.6188	-6.59512
51.1313	81.6184	-6.59892
51.1253	81.6179	-6.60172
51.1189	81.6174	-6.60344
51.1123	81.6168	-6.60402
51.1057	81.6163	-6.60344
51.0994	81.6158	-6.60172
51.0934	81.6153	-6.59892
51.0879	81.6149	-6.59512
51.0833	81.6145	-6.59043
51.0795	81.6142	-6.58499
51.0767	81.6139	-6.57898
51.075	81.6138	-6.57257
51.0744	81.6138	-6.56597
51.075	81.6138	-6.55936
51.0767	81.6139	-6.55295
51.0795	81.6142	-6.54694
51.0833	81.6145	-6.54151
51.0879	81.6149	-6.53682
51.0934	81.6153	-6.53302
51.0994	81.6158	-6.53021
51.1057	81.6163	-6.5285
51.1123	81.6168	-6.52792

#	Triangle	90
35	36	71	0	36	35
0	37	36	1	37	0
1	38	37
2	38	1
2	39	38	3	39	2
3	40	39
4	40	3
4	41	40
5	41	4
5	42	41
6	42	5
6	43	42	7	43	6
7	44	43	8	44	7
8	45	44	9	45	8
9	46	45	10	46	9
10	47	46
11	47	10
11	48	47
12	48	11
12	49	48
13	49	12
13	50	49	14	50	13
14	51	50
15	51	14
15	52	51	16	52	15
16	53	52	17	53	16
17	54	53
18	54	17
18	55	54
19	55	18
19	56	55	20	56	19
20	57	56
21	57	20
21	58	57
22	58	21
22	59	58
23	59	22
23	60	59
24	60	23
24	61	60
25	61	24
25	62	61
26	62	25
26	63	62
27	63	26
27	64	63
28	64	27
28	65	64
29	65	28
29	66	65
30	66	29
30	67	66
31	67	30
31	68	67
32	68	31
32	69	68	33	69	32
33	70	69
34	70	33
34	71	70
35	71	34
7	9	8	26	25	27
6	9	7	27	25	24
6	10	9
5	10	6	28	24	23
5	11	10	28	23	29
4	11	5	4	12	11
3	12	4	3	13	12
2	13	3	2	14	13	31	20	32	31	21	20
1	14	2	1	15	14	32	19	33	32	20	19
0	15	1	0	16	15	33	18	34	33	19	18
35	16	0	35	17	16
34	17	35	34	18	17
30	21	31	30	22	21
29	22	30	29	23	22
27	24	28
45	43	44	62	63	61
46	43	45	61	63	64
46	42	43	61	64	60
47	42	46	60	64	65
47	41	42	60	65	59
48	41	47	48	40	41	59	66	58	59	65	66
49	40	48	49	39	40
50	39	49	50	38	39
51	38	50	51	37	38
52	37	51	52	36	37
53	36	52	53	71	36	54	71	53	54	70	71
55	70	54	55	69	70
56	69	55	56	68	69
57	68	56	57	67	68
58	67	57	58	66	67

#	Normal	90
0.0868803	0.00703381	0.996194
0.257894	0.0208791	0.965948
0.421192	0.0340996	0.90633
0.421228	0.0341022	0.906313
0.571794	0.0462918	0.81909
0.704737	0.0570547	0.707171
0.704689	0.0570515	0.707219
0.816418	0.0660971	0.573666
0.816693	0.0661146	0.573272
0.903407	0.0731343	0.422502
0.903182	0.0731215	0.422984
0.96277	0.0779457	0.258841
0.992971	0.0803908	0.0868646
0.992971	0.0803908	-0.0868646
0.96277	0.0779457	-0.258841
0.903406	0.0731396	-0.422502
0.903182	0.0731162	-0.422984
0.816419	0.0660923	-0.573666
0.816693	0.0661193	-0.573272
0.704737	0.0570554	-0.707171
0.704689	0.0570509	-0.707219
0.571794	0.0462918	-0.81909
0.421192	0.0340992	-0.90633
0.421228	0.0341026	-0.906313
0.257963	0.0208846	-0.965929
0.0868074	0.00702792	-0.9962
-0.0868074	-0.00702792	-0.9962
-0.0867992	-0.00702717	-0.996201
-0.258109	-0.0208962	-0.96589
-0.257963	-0.0208829	-0.965929
-0.421229	-0.0340997	-0.906313
-0.571475	-0.0462626	-0.819314
-0.571794	-0.0462924	-0.81909
-0.705029	-0.0570791	-0.706877
-0.704737	-0.0570512	-0.707171
-0.816419	-0.0660923	-0.573666
-0.816649	-0.066115	-0.573336
-0.903406	-0.0731388	-0.422502
-0.903183	-0.0731153	-0.422984
-0.96277	-0.0779391	-0.258841
-0.962794	-0.077942	-0.258752
-0.992921	-0.0803809	-0.0874472
-0.992971	-0.0803908	-0.0868646
-0.99292	-0.0803867	0.0874472
-0.992972	-0.080385	0.0868646
-0.96277	-0.0779401	0.258841
-0.962794	-0.0779411	0.258752
-0.903407	-0.0731335	0.422502
-0.903182	-0.0731206	0.422984
-0.816418	-0.0660963	0.573666
-0.816649	-0.066111	0.573336
-0.70503	-0.0570749	0.706877
-0.704737	-0.0570554	0.707171
-0.571475	-0.0462665	0.819314
-0.571794	-0.0462885	0.81909
-0.421229	-0.0340997	0.906313
-0.258041	-0.0208892	0.965908
-0.257894	-0.0208788	0.965948
-0.0868803	-0.00703373	0.996194
-0.086872	-0.00703315	0.996195
6.19446e-007	-7.58821e-006	-0
1.85834e-006	-2.26098e-005	-0
3.6601e-006	-4.45312e-005	-0
5.89682e-006	-7.27952e-005	-0
0.0807411	-0.996735	-0
0.0801536	-0.996783	-0
0.0815983	-0.996665	-0
0.0805455	-0.996751	-0
0.0805716	-0.996749	-0
0.0804721	-0.996757	-0
0.0804031	-0.996762	-0
0.0815777	-0.996667	-0
0.0799438	-0.996799	-0
0.0821952	-0.996616	-0
3.45676e-006	-4.45312e-005	-0
-6.19446e-007	7.58821e-006	-0
-1.85834e-006	2.26098e-005	-0
-3.6601e-006	4.45312e-005	-0
-5.89682e-006	7.26936e-005	-0
-0.0808533	0.996726	-0
-0.0800716	0.996789	-0
-0.0799438	0.996799	-0
-0.0805455	0.996751	-0
-0.0818625	0.996644	-0
-0.0804721	0.996757	-0
-0.0804031	0.996762	-0
-0.080521	0.996753	-0
-0.0805716	0.996749	-0
-0.0819156	0.996639	-0
-0.0800102	0.996794	-0

#	Mesh	0	End

