#	Mesh	0	Begin

#	Vertex	72
60.047	82.4497	-6.5899
60.0511	82.45	-6.5888
60.0549	82.4504	-6.58701
60.0584	82.4506	-6.58458
60.0614	82.4509	-6.58159
60.0638	82.4511	-6.57812
60.0656	82.4512	-6.57428
60.0667	82.4513	-6.57019
60.0671	82.4513	-6.56597
60.0667	82.4513	-6.56175
60.0656	82.4512	-6.55766
60.0638	82.4511	-6.55382
60.0614	82.4509	-6.55035
60.0584	82.4506	-6.54735
60.0549	82.4504	-6.54492
60.0511	82.45	-6.54313
60.047	82.4497	-6.54204
60.0428	82.4494	-6.54167
60.0386	82.449	-6.54204
60.0345	82.4487	-6.54313
60.0307	82.4484	-6.54492
60.0273	82.4481	-6.54735
60.0243	82.4479	-6.55035
60.0219	82.4477	-6.55382
60.0201	82.4475	-6.55766
60.019	82.4474	-6.56175
60.0186	82.4474	-6.56597
60.019	82.4474	-6.57019
60.0201	82.4475	-6.57428
60.0219	82.4477	-6.57812
60.0243	82.4479	-6.58159
60.0273	82.4481	-6.58458
60.0307	82.4484	-6.58701
60.0345	82.4487	-6.5888
60.0386	82.449	-6.5899
60.0428	82.4494	-6.59027
60.2799	79.5741	-6.5899
60.2839	79.5745	-6.5888
60.2878	79.5748	-6.58701
60.2912	79.5751	-6.58458
60.2942	79.5753	-6.58159
60.2966	79.5755	-6.57812
60.2984	79.5757	-6.57428
60.2995	79.5757	-6.57019
60.2999	79.5758	-6.56597
60.2995	79.5757	-6.56175
60.2984	79.5757	-6.55766
60.2966	79.5755	-6.55382
60.2942	79.5753	-6.55035
60.2912	79.5751	-6.54735
60.2878	79.5748	-6.54492
60.2839	79.5745	-6.54313
60.2799	79.5741	-6.54204
60.2757	79.5738	-6.54167
60.2714	79.5735	-6.54204
60.2674	79.5731	-6.54313
60.2635	79.5728	-6.54492
60.2601	79.5725	-6.54735
60.2571	79.5723	-6.55035
60.2547	79.5721	-6.55382
60.2529	79.572	-6.55766
60.2518	79.5719	-6.56175
60.2514	79.5719	-6.56597
60.2518	79.5719	-6.57019
60.2529	79.572	-6.57428
60.2547	79.5721	-6.57812
60.2571	79.5723	-6.58159
60.2601	79.5725	-6.58458
60.2635	79.5728	-6.58701
60.2674	79.5731	-6.5888
60.2714	79.5735	-6.5899
60.2757	79.5738	-6.59027

#	Triangle	85
35	36	71
0	36	35
0	37	36
1	37	0
1	38	37
2	38	1
2	39	38
3	39	2
3	40	39	4	40	3
4	41	40	5	41	4
5	42	41	6	42	5
6	43	42	7	43	6
7	44	43	8	44	7
8	45	44	9	45	8
9	46	45	10	46	9
10	47	46	11	47	10
11	48	47	12	48	11
12	49	48	13	49	12
13	50	49
14	50	13
14	51	50
15	51	14
15	52	51
16	52	15
16	53	52
17	53	16
17	54	53	18	54	17
18	55	54	19	55	18
19	56	55
20	56	19
20	57	56	21	57	20
21	58	57	22	58	21
22	59	58	23	59	22
23	60	59
24	60	23
24	61	60
25	61	24
25	62	61
26	62	25
26	63	62
27	63	26
27	64	63
28	64	27
28	65	64
29	65	28
29	66	65	30	66	29
30	67	66	31	67	30
31	68	67	32	68	31
32	69	68
33	69	32
33	70	69	34	70	33
34	71	70	35	71	34
7	9	8	26	25	27
6	9	7	27	25	24
6	10	9	27	24	28
5	10	6	28	24	23
5	11	10	28	23	29
4	11	5	29	23	22
4	12	11	29	22	30
3	12	4	30	22	21
3	13	12	30	21	31
2	13	3	2	14	13
1	14	2	1	15	14
0	15	1	0	16	15	33	18	34	33	19	18
35	16	0	35	17	16	34	17	35	34	18	17
32	19	33	32	20	19
31	20	32	31	21	20
45	43	44	62	63	61
46	43	45	61	63	64
46	42	43
47	42	46	60	64	65
47	41	42
48	41	47	59	65	66
48	40	41	59	66	58
49	40	48	58	66	67
49	39	40	58	67	57
50	39	49	50	38	39	57	68	56	57	67	68
51	38	50	51	37	38
52	37	51	52	36	37
53	36	52	53	71	36
54	71	53	54	70	71
55	70	54	55	69	70
56	69	55	56	68	69
60	65	59
61	64	60

#	Normal	85
0.0868485	0.00703184	-0.996197
0.0868356	0.00703078	-0.996198
0.257922	0.0208831	-0.96594
0.257959	0.0208861	-0.96593
0.421458	0.034124	-0.906206
0.421401	0.0341194	-0.906232
0.571441	0.0462676	-0.819338
0.571511	0.0462733	-0.819289
0.70491	0.0570742	-0.706997
0.816457	0.0661058	-0.57361
0.903593	0.0731609	-0.4221
0.962725	0.0779487	-0.259007
0.992959	0.0803966	-0.0869996
0.992959	0.0803966	0.0869996
0.962725	0.0779487	0.259007
0.903593	0.0731609	0.4221
0.816457	0.0661058	0.57361
0.70491	0.0570742	0.706997
0.571441	0.0462677	0.819338
0.571511	0.0462732	0.819289
0.421458	0.034124	0.906206
0.421401	0.0341194	0.906232
0.257922	0.0208831	0.96594
0.257959	0.0208861	0.96593
0.0868485	0.00703182	0.996197
0.0868356	0.0070308	0.996198
-0.0868356	-0.0070308	0.996198
-0.257959	-0.0208861	0.96593
-0.421401	-0.0341194	0.906232
-0.421458	-0.034124	0.906206
-0.571441	-0.0462676	0.819338
-0.70491	-0.0570741	0.706997
-0.816457	-0.0661057	0.57361
-0.903299	-0.0731369	0.422732
-0.903242	-0.0731325	0.422855
-0.962917	-0.0779642	0.258288
-0.962954	-0.077967	0.25815
-0.992892	-0.080391	0.087764
-0.992879	-0.0803902	0.0879117
-0.992892	-0.0803912	-0.087764
-0.992879	-0.0803899	-0.0879117
-0.962917	-0.077964	-0.258288
-0.962954	-0.0779672	-0.25815
-0.903299	-0.0731371	-0.422732
-0.903242	-0.0731323	-0.422855
-0.816457	-0.0661057	-0.57361
-0.70491	-0.0570741	-0.706997
-0.571441	-0.0462676	-0.819338
-0.421401	-0.0341194	-0.906232
-0.421458	-0.034124	-0.906206
-0.257959	-0.0208861	-0.96593
-0.0868356	-0.0070308	-0.996198
-2.63733e-007	3.09886e-006	-0
-7.25266e-007	9.23065e-006	-0
-1.42846e-006	1.81804e-005	-0
-2.46734e-006	2.96081e-005	-0
-3.607e-006	4.3284e-005	-0
-4.74606e-006	5.88511e-005	-0
-6.10142e-006	7.56576e-005	-0
-7.56576e-006	9.32297e-005	-0
-0.0808859	0.996723	-0
-0.0787613	0.996894	-0
-0.0814446	0.996678	-0
-0.0802006	0.996779	-0
-0.0814371	0.996678	-0
-0.0794215	0.996841	-0
-0.0809971	0.996714	-0
2.63733e-007	-3.09886e-006	-0
7.25266e-007	-9.23065e-006	-0
1.42846e-006	-1.81804e-005	-0
2.46734e-006	-2.96081e-005	-0
3.607e-006	-4.3284e-005	-0
4.74606e-006	-5.88511e-005	-0
6.10142e-006	-7.56576e-005	-0
7.56576e-006	-9.32297e-005	-0
0.0808859	-0.996723	-0
0.0809971	-0.996714	-0
0.0794215	-0.996841	-0
0.0820974	-0.996624	-0
0.0795981	-0.996827	-0
0.0814371	-0.996678	-0
0.0802006	-0.996779	-0
0.0814446	-0.996678	-0
3.41716e-006	-4.33789e-005	-0
1.55832e-006	-1.81155e-005	-0

#	Mesh	0	End

