#	Mesh	0	Begin

#	Vertex	21
68.5614	-107.535	2.69315
68.4888	-106.638	2.69315
68.4554	-106.64	1.79377
68.5281	-107.537	1.79377
74.4992	-107.054	2.47163
74.4266	-106.157	2.47163
74.4266	-106.157	1.80274
72.6822	-106.298	1.80274
73.5793	-106.225	1.70274
73.5793	-106.225	1.60261
73.6051	-106.544	1.60261
74.439	-106.311	1.57101
74.4992	-107.054	1.57101
73.484	-107.136	1.71699
72.7549	-107.195	1.79826
73.4841	-107.136	1.79826
74.4391	-106.312	1.80196
73.6052	-106.545	1.70114
73.5995	-106.546	1.70178
73.5996	-106.547	1.80114
73.6052	-106.545	1.80114

#	Triangle	35
3	1	2
0	1	3
5	0	4	1	0	5
1	9	2
1	7	9
7	8	9	1	5	6
1	6	7
3	10	12	10	11	12	3	9	10	3	2	9
4	13	12
13	3	12
13	14	3
14	0	3
4	15	13
15	0	14
4	0	15
17	11	10
17	16	11
18	16	17
19	20	18
20	16	18
16	7	6
16	20	7	19	14	7	15	14	19
20	19	7
17	9	8
10	9	17
14	8	7
14	18	8
18	17	8
14	13	18
4	6	5
4	16	6
16	12	11
4	12	16
15	18	13
19	18	15

#	Normal	35
-0.99605	-0.0806469	0.0371522
-0.99605	-0.0806476	0.0371529
0.0370383	0.00299887	0.999309
-0.0807018	0.996738	3.46925e-006
-0.0806856	0.99674	7.99398e-005
-0.0807033	0.996738	-0
-0.080704	0.996738	-7.56319e-006
-0.0370384	-0.00299899	-0.999309
0.0806952	-0.996739	-0
0.0807049	-0.996738	6.81095e-005
0.0807026	-0.996738	-8.29727e-005
0.0807025	-0.996738	5.1652e-006
0.0807104	-0.996738	-2.05623e-005
0.0807095	-0.996738	3.82078e-005
0.0807013	-0.996738	-6.88687e-006
-0.26947	0.962997	0.0048409
-0.269462	0.962999	0.00489787
-0.269717	0.962913	0.00720405
-0.270475	0.962715	0.00487512
-0.269456	0.963001	0.00481397
-0.000401503	0.00495446	-0.999988
-0.000401501	0.00495478	-0.999988
-0.000397052	0.00497139	-0.999988
0.996733	0.0807661	0
0.996733	0.0807667	1.89253e-006
0.11047	0.00399439	0.993871
0.110468	0.00399599	0.993872
0.110539	0.00400048	0.993864
0.11047	0.00399349	0.993871
0.996738	0.0807026	0
0.996739	0.0806878	-1.99548e-005
0.996738	0.0807067	-3.28006e-006
0.996738	0.0807057	-0
-0.981346	0.192247	0.00139646
-0.981347	0.192238	0.00133805

#	Mesh	0	End

