#	Mesh	0	Begin

#	Vertex	26
102.095	-104.635	-12.4223
102.095	-104.636	-11.8223
102.196	-104.65	-11.8223
102.196	-104.649	-12.4223
101.184	-104.512	-12.4227
101.184	-104.513	-11.8227
98.5528	-111.97	-11.8398
99.1126	-111.924	-11.8393
98.8764	-112.594	-11.8408
99.3134	-112.558	-11.8404
99.3306	-112.771	-11.8409
98.1721	-113.049	-12.4423
98.1721	-113.049	-11.8423
98.1884	-113.002	-11.8422
98.1884	-113.002	-12.1455
98.5528	-111.97	-12.1447
99.3306	-112.771	-12.4409
99.3134	-112.558	-12.4404
98.4164	-112.631	-12.4412
98.4583	-113.15	-12.4423
99.1126	-111.924	-12.1436
98.4447	-112.982	-12.145
98.4164	-112.631	-12.145
98.8764	-112.594	-12.1442
98.4447	-112.982	-11.8419
98.4583	-113.15	-11.8423

#	Triangle	34
3	1	2	0	1	3
5	0	4	1	0	5
7	5	6	7	1	5
8	1	7
9	1	8	9	2	1
10	2	9
11	5	4
11	15	5
15	6	5
11	14	15
14	12	13	11	12	14
0	11	4	0	17	18
0	18	11
18	19	11
3	17	0
3	16	17
16	2	10	3	2	16
15	7	6	20	7	15
15	23	20
14	22	15
22	23	15
14	21	22
21	13	24	14	13	21
8	20	23	7	20	8
25	11	19	12	11	25
10	17	16	9	17	10
17	22	18
9	23	17	9	8	23
23	22	17
22	19	18
22	21	19
21	25	19	24	25	21
24	12	25
13	12	24

#	Normal	34
0.133856	0.990999	0.00210883
0.133831	0.991002	0.00210882
-0.000716268	-0.0020331	0.999998
-0.000718685	-0.0020321	0.999998
-0.000717994	-0.00203238	0.999998
-0.000717485	-0.00203257	0.999998
-0.943027	0.332717	4.87382e-007
-0.943026	0.332718	-8.25241e-006
-0.943027	0.332718	-0
-0.943027	0.332716	7.28004e-007
-0.943026	0.33272	-0
0.00071725	0.00203273	-0.999998
0.000708654	0.00203673	-0.999998
0.000716902	0.00203191	-0.999998
0.000718331	0.00203241	-0.999998
0.000717803	0.0020326	-0.999998
0.943027	-0.332717	-0
0.0807509	-0.996734	-0
-0.00187008	-0.000151206	0.999998
-0.00186828	-0.000152114	0.999998
-0.00187082	-0.00015159	0.999998
-0.00186949	-0.000151372	0.999998
-0.0807653	0.996733	-0
-0.943028	0.332712	-0
-0.33272	-0.943025	-0
-0.996738	-0.0807035	-0
0.0807033	-0.996738	-0
0.0807082	-0.996738	-0
0.0806986	-0.996739	-1.4269e-005
0.996739	0.0806949	0
0.996738	0.0807056	-1.87173e-005
0.996741	0.0806726	-0
-0.000718407	-0.00203617	0.999998
-0.000718918	-0.00203409	0.999998

#	Mesh	0	End

