#	Mesh	0	Begin

#	Vertex	28
-5.69023	106.711	-4.23603
-5.92228	106.711	-4.37
-6.05625	106.711	-4.37
-6.05625	106.711	-4.67
-5.59437	106.711	-4.67
-5.36343	106.711	-4.27
-5.62324	106.711	-4.12
-5.69023	106.714	-4.23603
-5.62324	106.714	-4.12
-5.36563	106.714	-4.26873
-5.59584	106.714	-4.66746
-6.05625	106.714	-4.66746
-6.05625	106.714	-4.37
-5.92228	106.714	-4.37
-6.05625	107.009	-4.66746
-6.05625	107.009	-4.37
-6.05625	107.011	-4.37
-6.05625	107.011	-4.67
-5.59437	107.011	-4.67
-5.36343	107.011	-4.27
-5.62324	107.011	-4.12
-5.62324	107.009	-4.12
-5.36563	107.009	-4.26873
-5.69023	107.009	-4.23603
-5.92228	107.009	-4.37
-5.59584	107.009	-4.66746
-5.69023	107.011	-4.23603
-5.92228	107.011	-4.37

#	Triangle	12
4	2	3	4	1	2	4	0	1	4	6	0	4	5	6	25	15	14	25	24	15	25	23	24	25	21	23	25	22	21
13	11	12	13	10	11	7	10	13	8	10	7	9	10	8	27	17	16	27	18	17	26	18	27	20	18	26	19	18	20
13	0	7	1	0	13	27	23	26	24	23	27
12	1	13	2	1	12	16	24	27	15	24	16	11	25	14	10	25	11
3	14	17	14	16	17	14	15	16	3	11	14	3	12	11	3	2	12
18	3	17	4	3	18
19	4	18	5	4	19
21	19	20	6	9	8
21	22	19
22	5	19	9	5	22
6	5	9
7	6	8	0	6	7	26	21	20	23	21	26	22	10	9	25	10	22

#	Normal	12
-0	-1	0
0	1	0
-0.5	-0	0.866025
-0	-0	1
-1	-0	0
-0	-0	-1
0.866026	-0	-0.5
0.5	-0	0.866025
0.5	6.21435e-006	0.866025
0.500005	0	0.866022
0.5	-6.16173e-006	0.866025
-0.866025	-0	0.5

#	Mesh	0	End

