#	Mesh	0	Begin

#	Vertex	72
77.4371	-92.0286	-13.7899
77.4368	-92.0245	-13.7888
77.4365	-92.0207	-13.787
77.4362	-92.0172	-13.7846
77.4359	-92.0143	-13.7816
77.4357	-92.0118	-13.7782
77.4356	-92.01	-13.7743
77.4355	-92.009	-13.7702
77.4355	-92.0086	-13.766
77.4355	-92.009	-13.7618
77.4356	-92.01	-13.7577
77.4357	-92.0118	-13.7538
77.4359	-92.0143	-13.7504
77.4362	-92.0172	-13.7474
77.4365	-92.0207	-13.745
77.4368	-92.0245	-13.7432
77.4371	-92.0286	-13.7421
77.4374	-92.0328	-13.7417
77.4378	-92.037	-13.7421
77.4381	-92.0411	-13.7432
77.4384	-92.0449	-13.745
77.4387	-92.0484	-13.7474
77.439	-92.0514	-13.7504
77.4391	-92.0538	-13.7538
77.4393	-92.0556	-13.7577
77.4394	-92.0567	-13.7618
77.4394	-92.057	-13.766
77.4394	-92.0567	-13.7702
77.4393	-92.0556	-13.7743
77.4391	-92.0538	-13.7782
77.439	-92.0514	-13.7816
77.4387	-92.0484	-13.7846
77.4384	-92.0449	-13.787
77.4381	-92.0411	-13.7888
77.4378	-92.037	-13.7899
77.4374	-92.0328	-13.7903
79.4901	-91.8624	-13.7899
79.4898	-91.8583	-13.7888
79.4895	-91.8545	-13.787
79.4892	-91.851	-13.7846
79.489	-91.848	-13.7816
79.4888	-91.8456	-13.7782
79.4886	-91.8438	-13.7743
79.4886	-91.8427	-13.7702
79.4885	-91.8424	-13.766
79.4886	-91.8427	-13.7618
79.4886	-91.8438	-13.7577
79.4888	-91.8456	-13.7538
79.489	-91.848	-13.7504
79.4892	-91.851	-13.7474
79.4895	-91.8545	-13.745
79.4898	-91.8583	-13.7432
79.4901	-91.8624	-13.7421
79.4905	-91.8666	-13.7417
79.4908	-91.8708	-13.7421
79.4912	-91.8749	-13.7432
79.4915	-91.8787	-13.745
79.4917	-91.8821	-13.7474
79.492	-91.8851	-13.7504
79.4922	-91.8876	-13.7538
79.4923	-91.8893	-13.7577
79.4924	-91.8904	-13.7618
79.4924	-91.8908	-13.766
79.4924	-91.8904	-13.7702
79.4923	-91.8893	-13.7743
79.4922	-91.8876	-13.7782
79.492	-91.8851	-13.7816
79.4917	-91.8821	-13.7846
79.4915	-91.8787	-13.787
79.4912	-91.8749	-13.7888
79.4908	-91.8708	-13.7899
79.4905	-91.8666	-13.7903

#	Triangle	99
35	36	71
0	36	35
0	37	36
1	37	0
1	38	37
2	38	1
2	39	38
3	39	2
3	40	39	4	40	3
4	41	40	5	41	4
5	42	41
6	42	5
6	43	42
7	43	6
7	44	43
8	44	7
8	45	44
9	45	8
9	46	45
10	46	9
10	47	46
11	47	10
11	48	47	12	48	11
12	49	48	13	49	12
13	50	49
14	50	13
14	51	50
15	51	14
15	52	51
16	52	15
16	53	52
17	53	16
17	54	53
18	54	17
18	55	54
19	55	18
19	56	55
20	56	19
20	57	56
21	57	20
21	58	57
22	58	21
22	59	58
23	59	22
23	60	59
24	60	23
24	61	60	25	61	24
25	62	61	26	62	25
26	63	62	27	63	26
27	64	63	28	64	27
28	65	64
29	65	28
29	66	65
30	66	29
30	67	66
31	67	30
31	68	67
32	68	31
32	69	68
33	69	32
33	70	69
34	70	33
34	71	70
35	71	34
7	9	8	26	25	27
6	9	7	27	25	24
6	10	9	27	24	28
5	10	6	28	24	23
5	11	10
4	11	5	29	23	22
4	12	11	29	22	30
3	12	4	30	22	21
3	13	12	30	21	31
2	13	3	2	14	13	31	20	32	31	21	20
1	14	2	1	15	14
0	15	1	0	16	15
35	16	0	35	17	16
34	17	35	34	18	17
33	18	34	33	19	18
32	19	33	32	20	19
28	23	29
45	43	44	62	63	61
46	43	45	61	63	64
46	42	43	61	64	60
47	42	46	60	64	65
47	41	42
48	41	47	59	65	66
48	40	41
49	40	48	58	66	67
49	39	40
50	39	49	50	38	39	57	68	56	57	67	68
51	38	50	51	37	38	53	36	52	53	71	36
52	37	51	52	36	37
54	71	53	54	70	71
55	70	54	55	69	70
56	69	55	56	68	69
58	67	57
59	66	58
60	65	59

#	Normal	99
-0.00702431	0.0867562	-0.996205
-0.00702538	0.0867691	-0.996204
-0.0208774	0.257852	-0.965959
-0.0208743	0.257815	-0.965969
-0.0341061	0.421239	-0.906308
-0.0341693	0.421998	-0.905953
-0.0463269	0.572148	-0.818841
-0.046255	0.571287	-0.819446
-0.057074	0.70491	-0.706997
-0.0661056	0.816457	-0.57361
-0.0731084	0.902947	-0.423487
-0.0731035	0.902891	-0.423609
-0.0779487	0.962733	-0.258979
-0.0779893	0.963189	-0.257262
-0.0803998	0.992959	-0.0869996
-0.080383	0.992799	-0.0888236
-0.080396	0.992959	0.0869996
-0.0803868	0.992798	0.0888236
-0.0779523	0.962732	0.258979
-0.0779857	0.96319	0.257262
-0.0731081	0.902947	0.423487
-0.0731038	0.90289	0.423609
-0.0661056	0.816457	0.57361
-0.057074	0.70491	0.706997
-0.0463248	0.572148	0.818841
-0.0462572	0.571287	0.819446
-0.0341078	0.421239	0.906308
-0.0341675	0.421998	0.905953
-0.0208773	0.257852	0.965959
-0.0208744	0.257815	0.965969
-0.00702434	0.0867562	0.996205
-0.00702535	0.0867691	0.996204
0.00703823	-0.0869281	0.99619
0.00703721	-0.0869152	0.996191
0.0208744	-0.257815	0.965969
0.0208773	-0.257852	0.965959
0.0341106	-0.421295	0.906282
0.0341062	-0.421239	0.906308
0.0463248	-0.572148	0.818841
0.0462572	-0.571287	0.819446
0.0570025	-0.703994	0.707915
0.057074	-0.70491	0.706997
0.0661753	-0.817318	0.572374
0.0661087	-0.816457	0.57361
0.0731072	-0.90289	0.423609
0.073165	-0.903649	0.421977
0.0779487	-0.962733	0.258979
0.080396	-0.992959	0.0869996
0.080396	-0.992959	-0.0869996
0.0779487	-0.962733	-0.258979
0.0731035	-0.902891	-0.423609
0.0731687	-0.903649	-0.421977
0.0661784	-0.817318	-0.572374
0.0661056	-0.816457	-0.57361
0.0569999	-0.703994	-0.707915
0.0570767	-0.70491	-0.706997
0.0463269	-0.572148	-0.818841
0.046255	-0.571287	-0.819446
0.0341108	-0.421295	-0.906282
0.0341061	-0.421239	-0.906308
0.0208743	-0.257815	-0.965969
0.0208774	-0.257852	-0.965959
0.00703826	-0.0869281	-0.99619
0.00703719	-0.0869152	-0.996191
-3.16479e-006	-2.63733e-007	-0
-9.16472e-006	-7.25266e-007	0
-1.80516e-005	-1.42854e-006	-0
-2.97397e-005	-2.46748e-006	0
-4.34756e-005	-3.60715e-006	-0
-5.88535e-005	-4.74625e-006	0
-7.56599e-005	-6.10161e-006	-0
-9.32326e-005	-7.56599e-006	0
-0.996723	-0.0808859	-0
-0.996714	-0.0809971	0
-0.996835	-0.0795022	0
-0.996624	-0.0820974	0
-0.996833	-0.0795247	0
-0.996672	-0.0815122	0
-0.996779	-0.0802006	0
-0.996685	-0.081362	0
-4.32858e-005	-3.4173e-006	0
3.09886e-006	2.63733e-007	-0
9.23065e-006	7.25266e-007	0
1.81815e-005	1.42854e-006	-0
2.97397e-005	2.33762e-006	0
4.34756e-005	3.4173e-006	-0
5.88535e-005	4.74625e-006	0
7.56599e-005	6.10161e-006	-0
9.32326e-005	7.56599e-006	0
0.996723	0.0808859	-0
0.9967	0.0811791	0
0.996685	0.081362	0
0.996779	0.0802006	0
0.996821	0.0796716	0
0.996624	0.0820974	0
0.996848	0.0793409	0
0.99674	0.0806761	0
7.54159e-005	6.10161e-006	0
4.34756e-005	3.60715e-006	0

#	Mesh	0	End

