#	Mesh	0	Begin

#	Vertex	72
90.2916	-57.1373	-13.7421
90.2957	-57.137	-13.7432
90.2995	-57.1367	-13.745
90.303	-57.1364	-13.7474
90.306	-57.1361	-13.7504
90.3084	-57.1359	-13.7538
90.3102	-57.1358	-13.7577
90.3113	-57.1357	-13.7618
90.3117	-57.1357	-13.766
90.3113	-57.1357	-13.7702
90.3102	-57.1358	-13.7743
90.3084	-57.1359	-13.7782
90.306	-57.1361	-13.7816
90.303	-57.1364	-13.7846
90.2995	-57.1367	-13.787
90.2957	-57.137	-13.7888
90.2916	-57.1373	-13.7899
90.2874	-57.1376	-13.7903
90.2832	-57.138	-13.7899
90.2791	-57.1383	-13.7888
90.2753	-57.1386	-13.787
90.2719	-57.1389	-13.7846
90.2689	-57.1391	-13.7816
90.2665	-57.1393	-13.7782
90.2647	-57.1395	-13.7743
90.2636	-57.1396	-13.7702
90.2632	-57.1396	-13.766
90.2636	-57.1396	-13.7618
90.2647	-57.1395	-13.7577
90.2665	-57.1393	-13.7538
90.2689	-57.1391	-13.7504
90.2719	-57.1389	-13.7474
90.2753	-57.1386	-13.745
90.2791	-57.1383	-13.7432
90.2832	-57.138	-13.7421
90.2874	-57.1376	-13.7417
89.3072	-44.9783	-13.7421
89.3112	-44.9779	-13.7432
89.3151	-44.9776	-13.745
89.3185	-44.9773	-13.7474
89.3215	-44.9771	-13.7504
89.3239	-44.9769	-13.7538
89.3257	-44.9768	-13.7577
89.3268	-44.9767	-13.7618
89.3272	-44.9766	-13.766
89.3268	-44.9767	-13.7702
89.3257	-44.9768	-13.7743
89.3239	-44.9769	-13.7782
89.3215	-44.9771	-13.7816
89.3185	-44.9773	-13.7846
89.3151	-44.9776	-13.787
89.3112	-44.9779	-13.7888
89.3072	-44.9783	-13.7899
89.303	-44.9786	-13.7903
89.2987	-44.9789	-13.7899
89.2947	-44.9793	-13.7888
89.2909	-44.9796	-13.787
89.2874	-44.9799	-13.7846
89.2844	-44.9801	-13.7816
89.282	-44.9803	-13.7782
89.2802	-44.9804	-13.7743
89.2791	-44.9805	-13.7702
89.2787	-44.9806	-13.766
89.2791	-44.9805	-13.7618
89.2802	-44.9804	-13.7577
89.282	-44.9803	-13.7538
89.2844	-44.9801	-13.7504
89.2874	-44.9799	-13.7474
89.2909	-44.9796	-13.745
89.2947	-44.9793	-13.7432
89.2987	-44.9789	-13.7421
89.303	-44.9786	-13.7417

#	Triangle	93
35	36	71	0	36	35
0	37	36
1	37	0
1	38	37
2	38	1
2	39	38
3	39	2
3	40	39
4	40	3
4	41	40	5	41	4
5	42	41	6	42	5
6	43	42	7	43	6
7	44	43
8	44	7
8	45	44
9	45	8
9	46	45	10	46	9
10	47	46	11	47	10
11	48	47	12	48	11
12	49	48
13	49	12
13	50	49
14	50	13
14	51	50
15	51	14
15	52	51
16	52	15
16	53	52	17	53	16
17	54	53
18	54	17
18	55	54
19	55	18
19	56	55	20	56	19
20	57	56	21	57	20
21	58	57
22	58	21
22	59	58
23	59	22
23	60	59
24	60	23
24	61	60
25	61	24
25	62	61
26	62	25
26	63	62
27	63	26
27	64	63
28	64	27
28	65	64
29	65	28
29	66	65
30	66	29
30	67	66
31	67	30
31	68	67	32	68	31
32	69	68	33	69	32
33	70	69
34	70	33
34	71	70
35	71	34
7	9	8	26	25	27
6	9	7	27	25	24
6	10	9	27	24	28
5	10	6	28	24	23
5	11	10	28	23	29
4	11	5	29	23	22
4	12	11	29	22	30
3	12	4
3	13	12
2	13	3	2	14	13	31	20	32	31	21	20
1	14	2	1	15	14
0	15	1	0	16	15	33	18	34	33	19	18
35	16	0	35	17	16
34	17	35	34	18	17
32	19	33	32	20	19
30	21	31
30	22	21
45	43	44	62	63	61
46	43	45	61	63	64
46	42	43	61	64	60
47	42	46	60	64	65
47	41	42	60	65	59
48	41	47	59	65	66
48	40	41	59	66	58
49	40	48	58	66	67
49	39	40
50	39	49	50	38	39
51	38	50	51	37	38	54	71	53	54	70	71
52	37	51	52	36	37	55	70	54	55	69	70
53	36	52	53	71	36
56	69	55	56	68	69
57	68	56	57	67	68
58	67	57

#	Normal	93
0.0869217	0.00703775	0.99619
0.257852	0.0208774	0.965959
0.257834	0.0208759	0.965964
0.421239	0.0341062	0.906308
0.421267	0.0341085	0.906295
0.572183	0.0463277	0.818816
0.571287	0.0462555	0.819446
0.703994	0.0570004	0.707915
0.70491	0.0570741	0.706997
0.816457	0.0661057	0.57361
0.903621	0.0731631	0.422038
0.962714	0.0779476	0.259048
0.992959	0.0803965	0.0869996
0.992965	0.080397	0.0869257
0.992959	0.0803964	-0.0869996
0.992965	0.080397	-0.0869257
0.962714	0.0779476	-0.259048
0.903621	0.0731631	-0.422038
0.816457	0.0661057	-0.57361
0.703994	0.057	-0.707915
0.70491	0.0570746	-0.706997
0.572183	0.0463281	-0.818816
0.571287	0.0462551	-0.819446
0.421239	0.0341062	-0.906308
0.421267	0.0341085	-0.906295
0.257852	0.0208774	-0.965959
0.257834	0.0208759	-0.965964
0.0869217	0.00703775	-0.99619
-0.0867562	-0.00702435	-0.996205
-0.0867627	-0.00702487	-0.996204
-0.257852	-0.0208774	-0.965959
-0.257834	-0.0208759	-0.965964
-0.42197	-0.0341654	-0.905966
-0.571287	-0.0462551	-0.819446
-0.70491	-0.0570741	-0.706997
-0.704947	-0.0570771	-0.70696
-0.816457	-0.0661057	-0.57361
-0.816422	-0.0661029	-0.573659
-0.902919	-0.0731062	-0.423548
-0.903621	-0.0731636	-0.422038
-0.963171	-0.0779852	-0.257332
-0.962733	-0.0779492	-0.258979
-0.992805	-0.080384	-0.0887498
-0.992959	-0.0803971	-0.0869996
-0.992805	-0.0803846	0.0887498
-0.992959	-0.0803965	0.0869996
-0.963171	-0.0779847	0.257332
-0.962733	-0.0779497	0.258979
-0.902919	-0.0731068	0.423548
-0.903621	-0.0731631	0.422038
-0.816457	-0.0661057	0.57361
-0.816422	-0.0661029	0.573659
-0.70491	-0.0570741	0.706997
-0.704947	-0.0570771	0.70696
-0.571287	-0.0462551	0.819446
-0.42197	-0.0341654	0.905966
-0.257852	-0.0208774	0.965959
-0.257834	-0.0208759	0.965964
-0.0867562	-0.00702435	0.996205
-0.0867627	-0.00702487	0.996204
2.30766e-007	-3.09886e-006	-0
7.58232e-007	-9.23065e-006	-0
1.49348e-006	-1.81815e-005	-0
2.40255e-006	-2.96098e-005	-0
3.51222e-006	-4.32858e-005	-0
4.74625e-006	-5.88535e-005	-0
6.10161e-006	-7.56599e-005	-0
7.56599e-006	-9.32326e-005	-0
0.0808859	-0.996723	-0
0.0809971	-0.996714	-0
0.0803516	-0.996767	-0
0.0811491	-0.996702	-0
0.080592	-0.996747	-0
0.0804435	-0.996759	-0
0.0805148	-0.996753	-0
0.0795896	-0.996828	-0
7.44396e-006	-9.32326e-005	-0
-2.63733e-007	3.09886e-006	-0
-7.58232e-007	9.23065e-006	-0
-1.49348e-006	1.81815e-005	-0
-2.40255e-006	2.96098e-005	-0
-3.51222e-006	4.32858e-005	-0
-4.74625e-006	5.88535e-005	-0
-6.10161e-006	7.56599e-005	-0
-7.56599e-006	9.34766e-005	-0
-0.0806761	0.99674	-0
-0.0800589	0.99679	-0
-0.081362	0.996685	-0
-0.0802006	0.996779	-0
-0.080592	0.996747	-0
-0.0805148	0.996753	-0
-0.0809971	0.996714	-0
-0.0808859	0.996723	-0

#	Mesh	0	End

