#	Mesh	0	Begin

#	Vertex	268
57.5865	78.0793	-6.50733
57.5714	78.0781	-6.50933
57.5573	78.0769	-6.51519
57.5451	78.076	-6.52451
57.5359	78.0752	-6.53666
57.53	78.0747	-6.5508
57.528	78.0746	-6.56598
57.53	78.0747	-6.58116
57.5359	78.0752	-6.59531
57.5451	78.076	-6.60745
57.5573	78.0769	-6.61677
57.5714	78.0781	-6.62263
57.5865	78.0793	-6.62463
57.6016	78.0805	-6.62263
57.6157	78.0817	-6.61677
57.6278	78.0826	-6.60745
57.6371	78.0834	-6.59531
57.6429	78.0839	-6.58116
57.6449	78.084	-6.56598
57.6429	78.0839	-6.5508
57.6371	78.0834	-6.53666
57.6278	78.0826	-6.52451
57.6157	78.0817	-6.51519
57.6016	78.0805	-6.50933
57.6137	78.107	-6.51519
57.6258	78.108	-6.52451
57.611	78.1068	-6.51978
57.5982	78.1057	-6.51445
57.5996	78.1058	-6.50933
57.622	78.1077	-6.52826
57.6351	78.1087	-6.53666
57.6305	78.1083	-6.53931
57.6358	78.1088	-6.55217
57.6409	78.1092	-6.5508
57.6376	78.1089	-6.56598
57.6429	78.1093	-6.56598
57.6358	78.1088	-6.57979
57.6409	78.1092	-6.58116
57.6305	78.1083	-6.59266
57.6351	78.1087	-6.59531
57.622	78.1077	-6.60371
57.6258	78.108	-6.60745
57.611	78.1068	-6.61218
57.6137	78.107	-6.61677
57.5982	78.1057	-6.61751
57.5996	78.1058	-6.62263
57.5844	78.1046	-6.61933
57.5844	78.1046	-6.62463
57.5707	78.1035	-6.61751
57.5693	78.1034	-6.62263
57.5578	78.1025	-6.61218
57.5552	78.1023	-6.61677
57.5468	78.1016	-6.60371
57.5431	78.1013	-6.60745
57.5384	78.1009	-6.59266
57.5338	78.1005	-6.59531
57.528	78.1001	-6.58116
57.5357	78.1007	-6.58622
57.5331	78.1005	-6.57979
57.526	78.0999	-6.56598
57.5326	78.1004	-6.57634
57.5322	78.1004	-6.57288
57.5317	78.1004	-6.56943
57.5313	78.1003	-6.56598
57.528	78.1001	-6.5508
57.5317	78.1004	-6.56253
57.5322	78.1004	-6.55908
57.5326	78.1004	-6.55563
57.5331	78.1005	-6.55217
57.5338	78.1005	-6.53666
57.5357	78.1007	-6.54574
57.5384	78.1009	-6.53931
57.5431	78.1013	-6.52451
57.5468	78.1016	-6.52826
57.5552	78.1023	-6.51519
57.5578	78.1025	-6.51978
57.5693	78.1034	-6.50933
57.5707	78.1035	-6.51445
57.5844	78.1046	-6.50733
57.5844	78.1046	-6.51263
57.6	78.1872	-6.52753
57.6124	78.1882	-6.53133
57.6023	78.1874	-6.52355
57.5894	78.1863	-6.52309
57.6092	78.1879	-6.53459
57.6202	78.1888	-6.54148
57.6162	78.1885	-6.54378
57.6207	78.1888	-6.55449
57.6251	78.1892	-6.5533
57.6222	78.189	-6.56598
57.6268	78.1893	-6.56598
57.6207	78.1888	-6.57747
57.6251	78.1892	-6.57866
57.6162	78.1885	-6.58818
57.6202	78.1888	-6.59048
57.6092	78.1879	-6.59738
57.6124	78.1882	-6.60063
57.6	78.1872	-6.60443
57.6023	78.1874	-6.60842
57.5894	78.1863	-6.60887
57.5906	78.1864	-6.61331
57.5779	78.1854	-6.61038
57.5779	78.1854	-6.61498
57.5665	78.1845	-6.60887
57.5653	78.1844	-6.61331
57.5558	78.1836	-6.60443
57.5535	78.1834	-6.60842
57.5466	78.1829	-6.59738
57.5434	78.1826	-6.60063
57.5431	78.1826	-6.59278
57.5396	78.1823	-6.58818
57.5356	78.182	-6.59048
57.5307	78.1816	-6.57866
57.5374	78.1821	-6.58283
57.5363	78.182	-6.58015
57.5352	78.1819	-6.57747
57.5291	78.1814	-6.56598
57.5348	78.1819	-6.5746
57.5344	78.1819	-6.57173
57.5337	78.1818	-6.56598
57.5307	78.1816	-6.5533
57.5344	78.1819	-6.56023
57.5348	78.1819	-6.55736
57.5352	78.1819	-6.55449
57.5356	78.182	-6.54148
57.5363	78.182	-6.55181
57.5374	78.1821	-6.54914
57.5396	78.1823	-6.54378
57.5434	78.1826	-6.53133
57.5431	78.1826	-6.53918
57.5466	78.1829	-6.53459
57.5535	78.1834	-6.52355
57.5558	78.1836	-6.52753
57.5653	78.1844	-6.51865
57.5665	78.1845	-6.52309
57.5779	78.1854	-6.51698
57.5779	78.1854	-6.52158
57.5906	78.1864	-6.51865
57.5886	78.2102	-6.51865
57.6004	78.2112	-6.52355
57.6105	78.212	-6.53133
57.6183	78.2126	-6.54148
57.6232	78.213	-6.5533
57.6248	78.2131	-6.56598
57.6232	78.213	-6.57866
57.6183	78.2126	-6.59048
57.6105	78.212	-6.60063
57.6004	78.2112	-6.60842
57.5886	78.2102	-6.61331
57.576	78.2092	-6.61498
57.5633	78.2082	-6.61331
57.5516	78.2072	-6.60842
57.5415	78.2064	-6.60063
57.5337	78.2058	-6.59048
57.5288	78.2054	-6.57866
57.5271	78.2053	-6.56598
57.5288	78.2054	-6.5533
57.5337	78.2058	-6.54148
57.5415	78.2064	-6.53133
57.5516	78.2072	-6.52355
57.5633	78.2082	-6.51865
57.576	78.2092	-6.51698
57.5316	78.1116	-6.56598
57.5322	78.1126	-6.56069
57.5346	78.1706	-6.55537
57.5361	78.1681	-6.55084
57.5327	78.1136	-6.5554
57.5343	78.1711	-6.55803
57.5376	78.1655	-6.5463
57.541	78.1576	-6.53964
57.5342	78.1164	-6.55094
57.543	78.1476	-6.5361
57.5334	78.1725	-6.56598
57.534	78.1715	-6.56068
57.5422	78.1368	-6.53633
57.5392	78.127	-6.54001
57.5356	78.1191	-6.54648
57.5426	78.1422	-6.53621
57.542	78.1526	-6.53787
57.5346	78.1706	-6.57659
57.534	78.1715	-6.57128
57.5361	78.1681	-6.58112
57.543	78.1476	-6.59586
57.541	78.1576	-6.59233
57.5376	78.1655	-6.58566
57.542	78.1526	-6.59409
57.5343	78.1711	-6.57394
57.5327	78.1136	-6.57656
57.5342	78.1164	-6.58102
57.5322	78.1126	-6.57127
57.5356	78.1191	-6.58548
57.5392	78.127	-6.59196
57.5422	78.1368	-6.59563
57.5426	78.1422	-6.59575
57.525	78.1116	-6.5699
57.525	78.1121	-6.57381
57.5247	78.1151	-6.58111
57.5244	78.1199	-6.58737
57.5239	78.1262	-6.59218
57.5251	78.1111	-6.56598
57.5233	78.1334	-6.5952
57.5226	78.1412	-6.59623
57.5214	78.1563	-6.59218
57.522	78.149	-6.5952
57.5203	78.1704	-6.57381
57.5209	78.1626	-6.58737
57.5205	78.1674	-6.58111
57.5202	78.1714	-6.56598
57.5203	78.1704	-6.55815
57.5214	78.1563	-6.53978
57.522	78.149	-6.53676
57.5205	78.1674	-6.55086
57.5209	78.1626	-6.54459
57.5226	78.1412	-6.53573
57.5233	78.1334	-6.53676
57.5239	78.1262	-6.53978
57.5247	78.1151	-6.55086
57.525	78.1121	-6.55815
57.525	78.1116	-6.56207
57.5244	78.1199	-6.54459
57.5207	78.1652	-6.5419
57.5213	78.1582	-6.53649
57.5203	78.1706	-6.54896
57.52	78.174	-6.55717
57.5199	78.1752	-6.56598
57.52	78.174	-6.57479
57.5203	78.1706	-6.58301
57.5207	78.1652	-6.59006
57.5213	78.1582	-6.59547
57.5219	78.15	-6.59887
57.5226	78.1412	-6.60003
57.5233	78.1325	-6.59887
57.524	78.1243	-6.59547
57.5246	78.1172	-6.59006
57.525	78.1119	-6.58301
57.5253	78.1085	-6.57479
57.5254	78.1073	-6.56598
57.5253	78.1085	-6.55717
57.525	78.1119	-6.54896
57.5246	78.1172	-6.5419
57.524	78.1243	-6.53649
57.5233	78.1325	-6.53309
57.5226	78.1412	-6.53193
57.5219	78.15	-6.53309
57.5017	78.1637	-6.5419
57.5012	78.1691	-6.54896
57.501	78.1725	-6.55717
57.5009	78.1736	-6.56598
57.501	78.1725	-6.57479
57.5012	78.1691	-6.58301
57.5017	78.1637	-6.59006
57.5022	78.1567	-6.59547
57.5029	78.1485	-6.59887
57.5036	78.1397	-6.60003
57.5043	78.1309	-6.59887
57.505	78.1227	-6.59547
57.5055	78.1157	-6.59006
57.506	78.1103	-6.58301
57.5063	78.1069	-6.57479
57.5063	78.1058	-6.56598
57.5063	78.1069	-6.55717
57.506	78.1103	-6.54896
57.5055	78.1157	-6.5419
57.505	78.1227	-6.53649
57.5043	78.1309	-6.53309
57.5036	78.1397	-6.53193
57.5029	78.1485	-6.53309
57.5022	78.1567	-6.53649

#	Triangle	331
1	23	0	12	13	11
2	23	1
2	22	23
3	22	2
3	21	22
4	21	3	9	15	16
4	20	21	9	16	8
5	20	4
5	19	20
6	19	5
6	18	19
7	18	6
7	17	18
8	17	7
8	16	17
10	15	9
10	14	15
11	14	10
11	13	14
26	24	25	25	30	29	35	34	33	41	40	39	42	41	43	47	46	45	59	64	63	78	28	79
27	24	26	29	26	25	31	29	30	32	31	30	32	33	34	35	36	34	38	36	37	40	38	39	41	42	40	44	42	43	46	44	45	48	46	47	50	48	49	50	51	52	52	53	54	73	71	72	75	73	74	75	76	77	77	78	79	79	28	27
24	27	28	30	33	32	36	35	37	37	39	38	43	45	44	49	48	47	49	51	50	53	52	51	53	55	54	56	54	55	56	59	58	69	68	64	72	71	69	73	72	74	76	75	74	76	78	77
54	56	57	57	56	58	68	69	70	70	69	71
58	59	60
60	59	61	61	59	62	62	59	63	63	64	65	65	64	66	66	64	67	67	64	68
59	7	6	56	7	59
56	8	7	55	8	56
10	53	51
9	53	10
8	53	9
55	53	8
11	51	49
10	51	11
12	49	47
11	49	12
45	14	13
43	14	45
43	15	14	41	15	43
17	39	37
16	39	17
15	39	16
41	39	15
18	37	35
17	37	18
45	12	47
13	12	45
35	19	18
33	19	35
33	20	19
30	20	33
22	25	24	21	25	22
20	25	21
30	25	20
23	24	28
22	24	23
0	28	78
23	28	0
76	2	1
74	2	76
74	3	2
72	3	74
5	69	64	4	69	5
3	69	4
72	69	3
6	64	59	5	64	6
76	0	78
1	0	76
82	80	81	85	81	84	88	85	87	89	90	88	90	91	92	94	92	93	95	96	94	96	97	98	100	98	99	101	102	100	103	104	102	106	104	105	107	108	106	111	108	110	110	112	111	116	112	115	120	116	119	123	124	120	127	128	124	128	130	131	132	133	131	135	133	134	137	135	136	83	82	137
82	83	80	80	84	81	84	86	85	86	87	85	88	87	89	91	90	89	91	93	92	93	95	94	97	96	95	97	99	98	99	101	100	101	103	102	103	105	104	106	105	107	130	132	131	133	132	134	135	134	136	137	136	83
109	108	107	110	108	109	113	112	110	119	116	118	121	120	119	127	124	126	129	128	127	130	128	129
114	112	113	115	112	114	117	116	115	118	116	117	122	120	121	123	120	122	125	124	123	126	124	125
138	160	161	149	150	148
139	160	138
139	159	160
140	159	139
140	158	159
141	158	140	146	152	153
141	157	158	146	153	145
142	157	141	145	153	154
142	156	157	145	154	144
143	156	142
143	155	156
144	155	143
144	154	155
147	152	146
147	151	152
148	151	147
148	150	151
155	112	116	154	112	155
154	111	112
153	111	154
106	152	151
108	152	106
111	152	108	153	152	111
104	151	150
106	151	104
102	150	149
104	150	102
148	98	100	147	98	148
147	96	98
146	96	147
92	145	144	94	145	92
96	145	94
146	145	96
90	144	143
92	144	90
148	102	149
100	102	148
143	88	90
142	88	143
142	85	88	141	85	142
82	140	139
81	140	82
85	140	81
141	140	85
137	139	138	82	139	137
135	138	161
137	138	135
160	131	133
159	131	160
159	128	131
158	128	159
120	157	156
124	157	120
128	157	124	158	157	128
116	156	155	120	156	116
160	135	161
133	135	160
31	84	29
86	84	31
163	162	65
34	87	32
89	87	34
87	31	32
86	31	87
79	134	77
136	134	79
122	164	123
123	126	125	68	66	67	174	171	177	171	169	178	183	182	185	113	115	114	182	192	193	61	58	60	187	190	188	192	182	193	179	180	186	164	168	165	171	174	177	173	164	167	176	166	170
165	126	123
136	27	83
79	27	136
26	83	27	80	83	26
132	77	134
75	77	132
29	80	26
84	80	29
166	66	68
122	121	167
126	168	127
75	130	73
132	130	75
169	129	127
68	70	170
129	171	130
169	127	168
73	130	171
119	172	173
165	168	126
164	122	167
121	119	173
164	165	123
71	174	175
176	170	70
167	121	173
174	71	73
71	175	176
73	171	174
68	170	166
163	66	166
66	163	65
63	65	162
71	176	70
129	169	171
179	117	115
180	119	118
179	115	181
109	107	182
109	183	110
110	183	184
109	182	183
186	117	179
182	107	52
184	181	113
188	58	187
189	187	61
162	189	62
188	190	57
54	191	192
181	115	113
190	191	54
52	54	192
188	57	58
52	192	182
172	119	180
52	105	50
107	105	52
99	46	101
44	46	99
63	162	62
103	50	105
48	50	103
180	118	186
48	101	46
103	101	48
95	42	97
40	42	95
36	93	91
38	93	36
40	93	38
95	93	40
97	44	99
42	44	97
36	89	34
91	89	36
117	186	118
62	189	61
57	190	54
187	58	61
110	184	113
189	194	195
197	190	196
187	195	196
191	197	198
196	190	187
199	194	162
189	195	187
192	191	200
197	191	190
201	182	192
203	202	185
200	191	198
200	201	192
204	180	179
203	182	201
183	185	202
184	205	206
183	202	205
204	179	206
183	205	184
185	182	203
172	180	207
204	207	180
181	206	179	184	206	181
189	162	194
207	208	173
210	178	209
164	208	211
169	212	209
207	173	172
211	168	164
178	210	171
212	169	168
213	174	171
210	213	171
174	213	214
212	168	211
208	164	173
215	175	214
216	166	176
218	163	217
218	162	163
199	162	218
175	215	219
175	219	176
214	175	174
216	217	166
163	166	217
209	178	169
219	216	176
221	209	220	222	220	212	208	223	222	207	224	223	204	225	224	206	226	225	226	205	227	227	202	228	229	228	203	201	230	229	200	231	230	232	231	198	197	233	232	234	233	196	235	234	196	195	236	235	237	236	199	217	238	237	216	239	238	239	219	240	215	241	240	242	241	214	243	242	213	210	221	243
209	212	220	221	210	209	211	222	212	208	222	211	208	207	223	204	224	207	206	225	204	205	226	206	227	205	202	202	203	228	203	201	229	201	200	230	200	198	231	232	198	197	196	233	197	195	235	196	216	238	217	216	219	239	219	215	240	241	215	214	242	214	213	243	213	210
194	236	195	199	236	194	218	237	199	217	237	218
266	264	265	253	254	252
267	264	266	252	254	255
267	263	264
244	263	267
244	262	263
245	262	244
245	261	262
246	261	245	249	257	258
246	260	261	249	258	248
247	260	246	248	258	259
247	259	260	248	259	247
250	257	249
250	256	257
251	256	250
251	255	256
252	255	251
259	235	236	258	235	259
258	234	235	257	234	258
232	256	255
233	256	232
234	256	233
257	256	234
231	255	254
232	255	231
230	254	253
231	254	230
252	228	229
251	228	252
251	227	228
250	227	251
225	249	248
226	249	225
227	249	226	250	249	227
224	248	247
225	248	224
252	230	253
229	230	252
247	223	224
246	223	247
246	222	223
245	222	246
221	244	267
220	244	221
222	244	220	245	244	222
243	267	266
221	267	243
242	266	265
243	266	242
264	240	241
263	240	264
263	239	240
262	239	263
237	259	236	260	259	237
238	262	261
239	262	238
261	237	238	260	237	261
264	242	265
241	242	264

#	Normal	331
4.88585e-006	-6.04643e-005	1.13434e-007
0.0805429	-0.996751	-0.00108111
0.0804546	-0.996758	-0.000408134
0.0804546	-0.996758	0.000743352
0.0805314	-0.996752	0.000158683
0.0805314	-0.996752	-4.08924e-005
0.0805216	-0.996753	3.33894e-005
0.0805216	-0.996753	-0.000212483
0.0805372	-0.996752	-0.000331527
0.0805372	-0.996752	0.000203186
0.0805235	-0.996753	0.000307993
0.0805235	-0.996753	-0.000205003
0.0805372	-0.996752	-0.00030981
0.0805372	-0.996752	0.000218982
0.0805216	-0.996753	0.000338031
0.0805313	-0.996752	-0.000643023
0.0804546	-0.996758	-5.83919e-005
0.0804546	-0.996758	0.000867312
0.0805429	-0.996751	0.000194211
-6.52119e-006	8.01749e-005	-6.93359e-008
-5.89912e-006	7.29525e-005	-8.30078e-008
-6.48045e-006	8.02085e-005	2.19727e-008
-2.95333e-006	3.64911e-005	-2.29187e-008
-1.5373e-006	1.82454e-005	-3.66211e-008
-1.45639e-006	1.82454e-005	1.52893e-008
-0.988217	-0.0798867	-0.130557
-0.920885	-0.0744437	-0.382659
-0.606853	-0.0490727	-0.793297
-0.60672	-0.0489532	-0.793407
-0.790828	-0.0638079	-0.608703
-0.790696	-0.0639192	-0.608864
-0.381374	-0.0307712	-0.923908
-0.381473	-0.0308475	-0.923865
-0.130122	-0.0105222	-0.991442
-0.130086	-0.010496	-0.991447
0.381374	0.0307712	-0.923908
0.381459	0.0308369	-0.923871
0.606855	0.0490577	-0.793297
0.920895	0.0743253	-0.382659
0.920882	0.0743014	-0.382694
0.790828	0.0638079	-0.608703
0.790696	0.0639192	-0.608864
0.988229	0.0797353	-0.130557
0.988233	0.0797601	-0.130517
0.130084	0.0105192	-0.991447
0.130124	0.0104991	-0.991442
0.988235	0.0797357	0.130517
0.988227	0.0797597	0.130557
0.920885	0.0743245	0.382683
0.920902	0.0743029	0.382648
0.606855	0.0490577	0.793297
0.790806	0.0639282	0.608719
0.790694	0.0637971	0.608879
0.381491	0.0307806	0.92386
0.381397	0.0308318	0.923897
0.130053	0.0105166	0.991451
0.130093	0.0104965	0.991446
-0.381506	-0.0307818	0.923854
-0.381396	-0.0308413	0.923897
-0.606711	-0.0490612	0.793407
-0.606862	-0.0489647	0.793297
-0.92089	-0.0744441	0.382648
-0.790806	-0.0639282	0.608719
-0.790694	-0.0637971	0.608879
-0.988217	-0.0798867	0.130557
-0.130091	-0.0105197	0.991446
-0.130055	-0.0104935	0.991451
4.69699e-006	-5.81458e-005	3.32031e-008
4.25532e-006	-5.27017e-005	3.1189e-008
2.16141e-006	-2.63408e-005	-3.35693e-009
1.0854e-006	-1.31654e-005	2.55737e-008
-3.40408e-006	4.22054e-005	-9.87549e-008
-0.080394	0.996763	0.000591896
-0.0805183	0.996753	-0.000355115
-0.0805183	0.996753	0.000429498
-0.08061	0.996746	-0.000269199
-0.08061	0.996746	-0.000266665
-0.0805465	0.996751	0.000217731
-0.0805464	0.996751	-0.000306552
-0.0804702	0.996757	0.00027485
-0.0804701	0.996757	0.000468947
-0.0805151	0.996753	0.000126233
-0.0805151	0.996753	-0.000462992
-0.0804702	0.996757	-0.000120294
-0.08061	0.996746	-0.000309636
-0.0805183	0.996753	0.000389108
-0.0805183	0.996753	-0.000290861
-0.080394	0.996763	0.000656051
-0.988225	-0.0798681	-0.130505
-0.920876	-0.0744249	-0.382685
-0.920892	-0.0744506	-0.382643
-0.606713	-0.048951	-0.793412
-0.606852	-0.0490616	-0.793299
-0.790772	-0.0639309	-0.608764
-0.381488	-0.0308418	-0.923859
-0.381386	-0.030771	-0.923904
-0.130125	-0.0105167	-0.991442
-0.130132	-0.0105206	-0.991441
0.381381	0.0308332	-0.923904
0.606875	0.0490636	-0.793281
0.606853	0.0490457	-0.793299
0.920892	0.0744506	-0.382643
0.790748	0.0639289	-0.608795
0.790773	0.06391	-0.608764
0.988193	0.0797034	-0.130852
0.988223	0.0798941	-0.130505
0.130132	0.0105172	-0.991441
0.130125	0.0105201	-0.991442
0.988238	0.0797071	0.130505
0.988178	0.0798904	0.130852
0.920892	0.0744506	0.382643
0.606852	0.0490616	0.793299
0.606877	0.0490476	0.793281
0.790764	0.0639093	0.608776
0.790786	0.063932	0.608745
0.381381	0.0308332	0.923904
0.130094	0.0105142	0.991446
0.130088	0.0105171	0.991447
-0.381381	-0.0308332	0.923904
-0.381493	-0.0307797	0.923859
-0.60686	-0.0489628	0.793299
-0.606705	-0.0490498	0.793412
-0.920894	-0.0744263	0.382643
-0.920874	-0.0744492	0.382685
-0.790786	-0.063932	0.608745
-0.988225	-0.0798681	0.130505
-0.130088	-0.0105137	0.991447
-0.130094	-0.0105176	0.991446
0.777187	0.172008	0.605305
0.777199	0.172012	0.605288
-6.30444e-005	1.32809e-006	6.54251e-006
0.973616	0.187931	0.129439
0.97358	0.187874	0.129786
0.906626	0.18252	0.380415
0.906769	0.182477	0.380094
-0.138093	0.0980672	0.985552
-0.138063	0.0980743	0.985556
-3.24288e-005	1.37427e-006	4.21777e-006
-2.08702e-008	-5.3978e-010	8.63647e-009
-7.48593e-005	3.26379e-006	3.08036e-005
0.120513	0.118959	0.985558
0.120531	0.118963	0.985556
0.370375	0.139143	0.918402
-0.387903	0.077888	0.918403
-0.387875	0.0778949	0.918415
0.594465	0.157245	0.788597
0.594468	0.157245	0.788595
-9.1055e-005	6.03939e-007	1.19465e-005
-3.10164e-005	1.22992e-006	4.07785e-006
-8.94441e-005	5.32562e-006	3.67539e-005
-0.611984	0.0597953	0.788606
-0.611996	0.059792	0.788597
-0.794431	0.0575988	0.604618
-0.924164	0.0352815	0.380362
-0.794817	0.0566009	0.604203
-0.873813	0.0331049	0.485134
-0.74923	0.0494531	0.660461
-4.95565e-005	1.45023e-006	5.79993e-006
-6.8065e-005	3.42104e-006	2.42676e-005
-2.89581e-005	1.17051e-006	3.44531e-006
-5.92773e-005	2.15796e-006	7.75684e-006
-5.35101e-005	1.37382e-006	1.83785e-005
-0.828738	0.0408469	0.558144
-8.40354e-005	6.83022e-007	2.69802e-005
-2.75684e-005	1.0185e-006	3.26031e-006
-0.794912	0.0333428	0.605808
-0.895401	0.0398588	0.443474
-0.770577	0.0434639	0.635864
-6.74514e-005	3.17746e-006	1.99849e-005
-6.63102e-005	9.05706e-007	7.02463e-006
-4.22709e-005	7.17533e-007	5.54031e-006
-3.89715e-005	1.14622e-006	5.10498e-006
-0.924389	0.0109382	0.381295
-0.790095	0.0571209	0.610318
-3.24288e-005	1.37408e-006	-4.21777e-006
-5.92723e-005	2.15811e-006	-7.75684e-006
-5.35169e-005	1.37338e-006	-1.83785e-005
-0.794817	0.0566009	-0.604203
-0.794461	0.0576022	-0.604577
-0.873826	0.0331099	-0.48511
-0.790095	0.0571209	-0.610318
-2.89583e-005	1.17036e-006	-3.44531e-006
-0.74923	0.0494531	-0.660461
-6.80581e-005	3.4204e-006	-2.42676e-005
-6.74591e-005	3.178e-006	-1.99849e-005
-6.63037e-005	9.05428e-007	-7.02463e-006
-6.30444e-005	1.32809e-006	-6.54251e-006
-8.4034e-005	6.82312e-007	-2.69802e-005
-0.828694	0.0408368	-0.55821
-7.48593e-005	3.26379e-006	-3.08036e-005
-0.895397	0.0398507	-0.443482
-0.794925	0.0333456	-0.605791
-0.924154	0.0352789	-0.380387
-0.770651	0.0434426	-0.635775
-4.95565e-005	1.45023e-006	-5.79993e-006
-0.611962	0.0597906	-0.788624
-0.611996	0.0597946	-0.788597
0.120513	0.118962	-0.985558
0.120531	0.11896	-0.985556
-3.89715e-005	1.14622e-006	-5.10498e-006
-0.387903	0.0778876	-0.918403
-0.387905	0.0778878	-0.918403
-2.75632e-005	1.01843e-006	-3.26031e-006
-0.138094	0.0980715	-0.985552
-0.138063	0.0980692	-0.985556
0.594469	0.15724	-0.788595
0.594443	0.157243	-0.788614
0.906753	0.182536	-0.380106
0.90663	0.182471	-0.38043
0.777199	0.172012	-0.605288
0.777215	0.172009	-0.605268
0.370375	0.139143	-0.918402
0.370405	0.13914	-0.91839
0.973625	0.187883	-0.129439
0.973569	0.187933	-0.129785
-3.10216e-005	1.22998e-006	-4.07785e-006
-4.22649e-005	7.17314e-007	-5.54031e-006
-0.924389	0.0109281	-0.381296
-9.10615e-005	6.04218e-007	-1.19465e-005
-8.94359e-005	5.32463e-006	-3.67539e-005
3.29656e-006	-2.79755e-005	-3.71783e-006
3.83343e-006	-6.99461e-005	-5.37033e-005
2.69904e-006	-5.71922e-005	-2.37304e-005
0.0454574	-0.607208	-0.793241
1.13681e-005	-8.44281e-005	-4.8021e-005
2.04902e-006	-2.5521e-005	-3.33319e-006
5.22493e-006	-3.94039e-005	-6.88028e-006
0.0434479	-0.362808	-0.93085
0.0784532	-0.651316	-0.75474
0.0253907	-0.0234423	-0.999403
-0.0172525	0.382439	-0.92382
0.0346821	-0.381067	-0.923897
0.000726281	-0.130875	-0.991399
-3.90635e-006	7.4108e-005	-1.32106e-005
-0.0224899	0.129118	-0.991374
-0.0291248	0.327293	-0.944474
-0.0765325	0.789861	-0.608492
-0.0467852	0.607085	-0.793259
-0.0910632	0.919257	-0.382981
-0.0332574	0.638007	-0.769312
-0.0070224	0.331365	-0.943477
-5.67663e-006	6.99013e-005	-1.27855e-005
-0.0607266	0.989652	-0.130006
-3.2728e-006	7.04494e-005	-4.08697e-005
4.02781e-006	-3.69548e-005	-6.60486e-006
-0.0607236	0.989653	0.129998
-0.0172525	0.382439	0.92382
-0.0910673	0.919247	0.383003
-0.0467852	0.607085	0.793259
-5.67663e-006	6.99013e-005	1.27855e-005
-0.0399342	0.863995	0.501914
-0.0070224	0.331365	0.943477
-0.0332717	0.637975	0.769338
0.0253763	-0.0233961	0.999404
-0.0224899	0.129118	0.991374
0.00070102	-0.130877	0.991398
-0.0765501	0.789859	0.608492
-3.90648e-006	7.4115e-005	1.32106e-005
0.0346821	-0.381067	0.923897
1.13662e-005	-8.44228e-005	4.8021e-005
3.29706e-006	-2.7979e-005	3.71783e-006
4.02781e-006	-3.69548e-005	6.60486e-006
2.04902e-006	-2.5521e-005	3.33319e-006
0.0454574	-0.607208	0.793241
0.0784532	-0.651316	0.75474
0.0434306	-0.362844	0.930837
2.69831e-006	-5.71884e-005	2.37304e-005
5.22567e-006	-3.94077e-005	6.88028e-006
-0.0291248	0.327293	0.944474
3.83343e-006	-6.99461e-005	5.37033e-005
3.33704e-005	2.70954e-006	2.7771e-008
2.96544e-005	2.39728e-006	-1.96838e-008
1.48019e-005	1.20801e-006	1.14136e-008
-2.03838e-005	-1.64576e-006	3.43018e-008
-5.97365e-005	-4.82303e-006	-1.5625e-008
-0.996751	-0.0805386	-0.000733623
-0.996751	-0.0805386	0.000401515
-0.996751	-0.080548	0.00033026
-0.996751	-0.080548	-0.000286295
-0.996751	-0.0805455	-0.000267686
-0.996751	-0.0805455	-6.70494e-005
-0.996752	-0.0805288	6.01145e-005
-0.996752	-0.0805288	3.79045e-005
-0.996751	-0.0805386	-3.66131e-005
-0.996751	-0.0805455	0.000284436
-0.996751	-0.080548	0.000265825
-0.996751	-0.080548	-0.00038925
-0.996751	-0.0805386	-0.000318003
-0.996751	-0.0805386	0.000411082
0.0799014	-0.988222	-0.13051
0.0744563	-0.920877	-0.382678
0.0490541	-0.606702	-0.793414
0.0490427	-0.606686	-0.793427
0.0639369	-0.790935	-0.608551
0.0639485	-0.790917	-0.608573
0.0308256	-0.38133	-0.923925
0.0308329	-0.381342	-0.92392
0.0105222	-0.130139	-0.99144
0.0105197	-0.130135	-0.99144
-0.0308256	0.38133	-0.923925
-0.0308329	0.381342	-0.92392
-0.0490541	0.606702	-0.793414
-0.0490427	0.606686	-0.793427
-0.0744563	0.920877	-0.382678
-0.0744401	0.920865	-0.382708
-0.0639369	0.790935	-0.608551
-0.0798851	0.988223	-0.13051
-0.0799018	0.988227	-0.130476
-0.0105219	0.130135	-0.99144
-0.0105201	0.130139	-0.99144
-0.0798856	0.988229	0.130468
-0.0799015	0.988223	0.130503
-0.0744546	0.920856	0.382728
-0.0744404	0.92087	0.382698
-0.0490499	0.60665	0.793454
-0.0490413	0.606668	0.793441
-0.0639385	0.790955	0.608525
-0.0308266	0.381342	0.92392
-0.0308319	0.381329	0.923925
-0.0105262	0.130189	0.991433
-0.0105244	0.130193	0.991433
0.0308266	-0.381342	0.92392
0.0308319	-0.381329	0.923925
0.0490499	-0.60665	0.793454
0.0490413	-0.606668	0.793441
0.0799015	-0.988223	0.130503
0.0639502	-0.790937	0.608547
0.0639385	-0.790955	0.608525
0.0744556	-0.920869	0.382698
0.0105266	-0.130193	0.991433
0.0105241	-0.130189	0.991433

#	Mesh	0	End

