#	Mesh	0	Begin

#	Vertex	72
54.8864	63.003	-6.58974
54.8861	63.0071	-6.58865
54.8858	63.0109	-6.58686
54.8855	63.0144	-6.58443
54.8853	63.0174	-6.58143
54.8851	63.0198	-6.57796
54.8849	63.0216	-6.57412
54.8849	63.0227	-6.57003
54.8848	63.0231	-6.56581
54.8849	63.0227	-6.56159
54.8849	63.0216	-6.5575
54.8851	63.0198	-6.55366
54.8853	63.0174	-6.55019
54.8855	63.0144	-6.5472
54.8858	63.0109	-6.54477
54.8861	63.0071	-6.54298
54.8864	63.003	-6.54188
54.8868	62.9988	-6.54151
54.8871	62.9946	-6.54188
54.8875	62.9906	-6.54298
54.8878	62.9867	-6.54477
54.888	62.9833	-6.5472
54.8883	62.9803	-6.55019
54.8885	62.9779	-6.55366
54.8886	62.9761	-6.5575
54.8887	62.975	-6.56159
54.8887	62.9746	-6.56581
54.8887	62.975	-6.57003
54.8886	62.9761	-6.57412
54.8885	62.9779	-6.57796
54.8883	62.9803	-6.58143
54.888	62.9833	-6.58443
54.8878	62.9867	-6.58686
54.8875	62.9906	-6.58865
54.8871	62.9946	-6.58974
54.8868	62.9988	-6.59011
56.2331	63.1121	-6.58974
56.2328	63.1162	-6.58865
56.2325	63.12	-6.58686
56.2322	63.1234	-6.58443
56.232	63.1264	-6.58143
56.2318	63.1288	-6.57796
56.2316	63.1306	-6.57412
56.2316	63.1317	-6.57003
56.2315	63.1321	-6.56581
56.2316	63.1317	-6.56159
56.2316	63.1306	-6.5575
56.2318	63.1288	-6.55366
56.232	63.1264	-6.55019
56.2322	63.1234	-6.5472
56.2325	63.12	-6.54477
56.2328	63.1162	-6.54298
56.2331	63.1121	-6.54188
56.2335	63.1079	-6.54151
56.2338	63.1037	-6.54188
56.2342	63.0996	-6.54298
56.2345	63.0958	-6.54477
56.2347	63.0923	-6.5472
56.235	63.0893	-6.55019
56.2352	63.0869	-6.55366
56.2353	63.0851	-6.5575
56.2354	63.084	-6.56159
56.2354	63.0837	-6.56581
56.2354	63.084	-6.57003
56.2353	63.0851	-6.57412
56.2352	63.0869	-6.57796
56.235	63.0893	-6.58143
56.2347	63.0923	-6.58443
56.2345	63.0958	-6.58686
56.2342	63.0996	-6.58865
56.2338	63.1037	-6.58974
56.2335	63.1079	-6.59011

#	Triangle	87
35	36	71
0	36	35
0	37	36	1	37	0
1	38	37
2	38	1
2	39	38	3	39	2
3	40	39
4	40	3
4	41	40	5	41	4
5	42	41
6	42	5
6	43	42
7	43	6
7	44	43
8	44	7
8	45	44
9	45	8
9	46	45
10	46	9
10	47	46
11	47	10
11	48	47	12	48	11
12	49	48
13	49	12
13	50	49	14	50	13
14	51	50
15	51	14
15	52	51	16	52	15
16	53	52
17	53	16
17	54	53	18	54	17
18	55	54
19	55	18
19	56	55
20	56	19
20	57	56
21	57	20
21	58	57	22	58	21
22	59	58	23	59	22
23	60	59	24	60	23
24	61	60
25	61	24
25	62	61	26	62	25
26	63	62	27	63	26
27	64	63
28	64	27
28	65	64	29	65	28
29	66	65	30	66	29
30	67	66	31	67	30
31	68	67
32	68	31
32	69	68
33	69	32
33	70	69
34	70	33
34	71	70	35	71	34
7	9	8	26	25	27
6	9	7	27	25	24
6	10	9	27	24	28
5	10	6	28	24	23
5	11	10	28	23	29
4	11	5	29	23	22
4	12	11	29	22	30
3	12	4	30	22	21
3	13	12
2	13	3	2	14	13
1	14	2	1	15	14
0	15	1	0	16	15
35	16	0	35	17	16	34	17	35	34	18	17
33	18	34	33	19	18
32	19	33	32	20	19
31	20	32	31	21	20
30	21	31
45	43	44	62	63	61
46	43	45	61	63	64
46	42	43	61	64	60
47	42	46	60	64	65
47	41	42	60	65	59
48	41	47	59	65	66
48	40	41	59	66	58
49	40	48	58	66	67
49	39	40	58	67	57
50	39	49	50	38	39	57	68	56	57	67	68
51	38	50	51	37	38	56	69	55	56	68	69
52	37	51	52	36	37	55	70	54	55	69	70
53	36	52	53	71	36
54	71	53	54	70	71

#	Normal	87
-0.00703782	0.0869216	-0.99619
-0.00703113	0.0868421	-0.996197
-0.0208841	0.257941	-0.965935
-0.0340924	0.421078	-0.906383
-0.034122	0.421429	-0.906219
-0.046303	0.571871	-0.819035
-0.0570747	0.70491	-0.706997
-0.0570356	0.704452	-0.707456
-0.0661041	0.816457	-0.57361
-0.0731328	0.90327	-0.422794
-0.0731638	0.903621	-0.422038
-0.0779493	0.962725	-0.259007
-0.0779476	0.962706	-0.259077
-0.0803971	0.992959	-0.0869996
-0.0803978	0.992965	-0.0869257
-0.0803973	0.992959	0.0869996
-0.0803976	0.992965	0.0869257
-0.0779491	0.962725	0.259007
-0.0779478	0.962706	0.259077
-0.0731354	0.90327	0.422794
-0.0731612	0.903621	0.422038
-0.0661041	0.816457	0.57361
-0.0570727	0.70491	0.706997
-0.0570376	0.704452	0.707456
-0.046303	0.571871	0.819035
-0.0340936	0.421078	0.906383
-0.0341208	0.421429	0.906219
-0.0208841	0.257941	0.965935
-0.00703757	0.0869217	0.99619
-0.00703138	0.0868421	0.996197
0.00703138	-0.0868421	0.996197
0.0208848	-0.257941	0.965935
0.0208862	-0.257959	0.96593
0.0340935	-0.421078	0.906383
0.0341185	-0.421401	0.906232
0.0463013	-0.571872	0.819035
0.0462708	-0.571476	0.819313
0.0570746	-0.70491	0.706997
0.0661062	-0.816457	0.57361
0.0731352	-0.90327	0.422794
0.0779491	-0.962725	0.259007
0.0779478	-0.962706	0.259077
0.0803973	-0.992959	0.0869996
0.0803973	-0.992959	-0.0869996
0.0779493	-0.962725	-0.259007
0.0779476	-0.962706	-0.259077
0.0731352	-0.90327	-0.422794
0.0661062	-0.816457	-0.57361
0.0570746	-0.70491	-0.706997
0.0463028	-0.571871	-0.819035
0.0462693	-0.571476	-0.819313
0.0340924	-0.421078	-0.906383
0.0341196	-0.421401	-0.906232
0.0208847	-0.257941	-0.965935
0.0208863	-0.257959	-0.96593
0.00703138	-0.0868421	-0.996197
-3.09886e-006	-2.30766e-007	-0
-9.23065e-006	-7.58232e-007	0
-1.81804e-005	-1.49339e-006	-0
-2.96081e-005	-2.40241e-006	0
-4.3284e-005	-3.51208e-006	-0
-5.88511e-005	-4.74606e-006	0
-7.56576e-005	-6.10142e-006	-0
-9.33517e-005	-7.56576e-006	0
-0.996732	-0.0807809	-0
-0.996707	-0.081088	0
-0.99676	-0.0804331	0
-0.996702	-0.0811491	0
-0.996753	-0.0805177	0
-0.996779	-0.0802006	0
-0.996678	-0.0814446	0
-0.996805	-0.0798794	0
-0.996723	-0.0808859	0
3.09886e-006	2.63733e-007	-0
9.23065e-006	7.25266e-007	0
1.81804e-005	1.42846e-006	-0
2.9673e-005	2.40241e-006	0
4.33789e-005	3.51208e-006	-0
5.88511e-005	4.74606e-006	0
7.56576e-005	6.10142e-006	-0
9.32297e-005	7.56576e-006	0
0.996723	0.0808859	-0
0.996707	0.081088	0
0.996767	0.0803516	0
0.996702	0.0811491	0
0.996747	0.080592	0
0.996753	0.0805177	0

#	Mesh	0	End

