#	Mesh	0	Begin

#	Vertex	18
36.2171	27.5505	-5.71
34.1371	27.5505	-5.71
34.1371	27.5505	-4.03
36.2171	27.5505	-4.03
34.1771	26.8778	-5.67
34.1771	27.5465	-5.67
36.1811	27.5465	-5.67
36.8438	26.8839	-5.67
36.8438	26.8778	-5.67
36.1811	27.5465	-4.07
36.8438	26.8839	-4.07
36.8438	26.8778	-4.07
34.1771	27.5465	-4.07
34.1771	26.8778	-4.07
36.2171	27.5465	-5.71
36.2171	27.5465	-4.03
34.1371	27.5465	-4.03
34.1371	27.5465	-5.71

#	Triangle	7
3	1	2	0	1	3
5	8	4	5	7	8	5	6	7	14	1	0	17	1	14
10	6	9	7	6	10
10	13	11	10	12	13	9	12	10	16	3	2	15	3	16
4	12	5	13	12	4	17	2	1	16	2	17
4	11	13	8	11	4	17	12	16	12	15	16	12	9	15	9	14	15	17	5	12	6	14	9	17	6	5	17	14	6
11	7	10	8	7	11	15	0	3	14	0	15

#	Normal	7
0	1	0
0	-0	-1
0.707106	0.707108	0
0	0	1
-1	-0	-0
-0	-1	-0
1	-0	-0

#	Mesh	0	End

