#	Mesh	0	Begin

#	Vertex	274
63.9036	76.8028	-6.51697
63.9026	76.8154	-6.51864
63.9016	76.8272	-6.52353
63.9008	76.8373	-6.53132
63.9002	76.8451	-6.54147
63.8998	76.85	-6.55329
63.8996	76.8516	-6.56597
63.8998	76.85	-6.57865
63.9002	76.8451	-6.59047
63.9008	76.8373	-6.60062
63.9016	76.8272	-6.6084
63.9026	76.8154	-6.6133
63.9036	76.8028	-6.61497
63.9046	76.7902	-6.6133
63.9056	76.7784	-6.6084
63.9064	76.7683	-6.60062
63.907	76.7605	-6.59047
63.9074	76.7556	-6.57865
63.9075	76.754	-6.56597
63.9074	76.7556	-6.55329
63.907	76.7605	-6.54147
63.9064	76.7683	-6.53132
63.9056	76.7784	-6.52353
63.9046	76.7902	-6.51864
63.9294	76.7803	-6.52353
63.9302	76.7702	-6.53132
63.9292	76.7826	-6.52752
63.9283	76.7933	-6.52308
63.9284	76.7921	-6.51864
63.9299	76.7734	-6.53457
63.9308	76.7624	-6.54147
63.9305	76.7664	-6.54377
63.9309	76.762	-6.55448
63.9312	76.7576	-6.55329
63.931	76.7605	-6.56597
63.9314	76.7559	-6.56597
63.9309	76.762	-6.57746
63.9312	76.7576	-6.57865
63.9305	76.7664	-6.58817
63.9308	76.7624	-6.59047
63.9299	76.7734	-6.59736
63.9302	76.7702	-6.60062
63.9292	76.7826	-6.60442
63.9294	76.7803	-6.6084
63.9283	76.7933	-6.60886
63.9284	76.7921	-6.6133
63.9274	76.8047	-6.61037
63.9274	76.8047	-6.61497
63.9265	76.8162	-6.60886
63.9264	76.8174	-6.6133
63.9256	76.8269	-6.60442
63.9254	76.8291	-6.6084
63.9249	76.836	-6.59736
63.9246	76.8393	-6.60062
63.9243	76.8431	-6.58817
63.924	76.847	-6.59047
63.9236	76.8519	-6.57865
63.9241	76.8453	-6.58281
63.924	76.8464	-6.58014
63.9239	76.8475	-6.57746
63.9234	76.8536	-6.56597
63.9239	76.8479	-6.57459
63.9239	76.8482	-6.57171
63.9238	76.8486	-6.56884
63.9238	76.849	-6.56597
63.9236	76.8519	-6.55329
63.9238	76.8486	-6.5631
63.9239	76.8482	-6.56022
63.9239	76.8479	-6.55735
63.9239	76.8475	-6.55448
63.924	76.847	-6.54147
63.924	76.8464	-6.5518
63.9241	76.8453	-6.54912
63.9243	76.8431	-6.54377
63.9246	76.8393	-6.53132
63.9249	76.836	-6.53457
63.9254	76.8291	-6.52353
63.9256	76.8269	-6.52752
63.9264	76.8174	-6.51864
63.9265	76.8162	-6.52308
63.9274	76.8047	-6.51697
63.9274	76.8047	-6.52157
64.0155	76.8593	-6.57865
63.9916	76.8574	-6.57865
63.9915	76.8591	-6.56597
64.0153	76.861	-6.56597
64.0159	76.8545	-6.59047
63.992	76.8525	-6.59047
63.9927	76.8448	-6.60062
64.0165	76.8467	-6.60062
64.0173	76.8366	-6.6084
63.9935	76.8347	-6.6084
64.0183	76.8248	-6.6133
63.9944	76.8229	-6.6133
64.0193	76.8122	-6.61497
63.9955	76.8102	-6.61497
64.0213	76.7878	-6.6084
63.9974	76.7858	-6.6084
63.9965	76.7976	-6.6133
64.0203	76.7995	-6.6133
64.0221	76.7776	-6.60062
63.9983	76.7757	-6.60062
63.9989	76.7679	-6.59047
64.0227	76.7699	-6.59047
64.0231	76.765	-6.57865
63.9993	76.7631	-6.57865
64.0232	76.7633	-6.56597
63.9994	76.7614	-6.56597
64.0231	76.765	-6.55329
63.9993	76.7631	-6.55329
64.0227	76.7699	-6.54147
63.9989	76.7679	-6.54147
63.9983	76.7757	-6.53132
64.0221	76.7776	-6.53132
64.0213	76.7878	-6.52353
63.9974	76.7858	-6.52353
64.0203	76.7995	-6.51864
63.9965	76.7976	-6.51864
64.0193	76.8122	-6.51697
63.9955	76.8102	-6.51697
64.0173	76.8366	-6.52353
63.9935	76.8347	-6.52353
63.9944	76.8229	-6.51864
64.0183	76.8248	-6.51864
64.0165	76.8467	-6.53132
63.9927	76.8448	-6.53132
63.992	76.8525	-6.54147
64.0159	76.8545	-6.54147
64.0155	76.8593	-6.55329
63.9916	76.8574	-6.55329
63.9973	76.7881	-6.52752
63.9964	76.7988	-6.52308
63.998	76.7789	-6.53457
63.9986	76.7719	-6.54377
63.9989	76.7675	-6.55448
63.999	76.766	-6.56597
63.9989	76.7675	-6.57746
63.9986	76.7719	-6.58817
63.998	76.7789	-6.59736
63.9973	76.7881	-6.60442
63.9964	76.7988	-6.60886
63.9955	76.8102	-6.61037
63.9945	76.8217	-6.60886
63.9937	76.8324	-6.60442
63.9929	76.8415	-6.59736
63.9924	76.8486	-6.58817
63.9922	76.8508	-6.58281
63.9921	76.8519	-6.58014
63.992	76.853	-6.57746
63.992	76.8534	-6.57459
63.9919	76.8537	-6.57171
63.9919	76.8541	-6.56884
63.9919	76.8545	-6.56597
63.9919	76.8541	-6.5631
63.9919	76.8537	-6.56022
63.992	76.8534	-6.55735
63.992	76.853	-6.55448
63.9921	76.8519	-6.5518
63.9922	76.8508	-6.54912
63.9924	76.8486	-6.54377
63.9929	76.8415	-6.53457
63.9937	76.8324	-6.52752
63.9945	76.8217	-6.52308
63.9955	76.8102	-6.52157
63.9328	76.8487	-6.55666
63.9827	76.8528	-6.55666
63.9319	76.8491	-6.56131
63.9352	76.8477	-6.55269
63.9536	76.8428	-6.53969
63.9805	76.8513	-6.55269
63.9448	76.8442	-6.54291
63.9376	76.8466	-6.54872
63.9492	76.8435	-6.5413
63.9315	76.8494	-6.56364
63.9631	76.8435	-6.5397
63.9584	76.8431	-6.53969
63.9783	76.8499	-6.54873
63.9835	76.8533	-6.56131
63.9324	76.8489	-6.55899
63.9839	76.8536	-6.56364
63.9843	76.8539	-6.56597
63.9716	76.8464	-6.54291
63.9673	76.845	-6.5413
63.931	76.8496	-6.56597
63.9376	76.8466	-6.58322
63.9352	76.8477	-6.57925
63.9319	76.8491	-6.57062
63.9324	76.8489	-6.57295
63.9315	76.8494	-6.5683
63.9835	76.8533	-6.57062
63.9839	76.8536	-6.5683
63.9536	76.8428	-6.59224
63.9448	76.8442	-6.58903
63.9492	76.8435	-6.59064
63.9584	76.8431	-6.59224
63.9631	76.8435	-6.59224
63.9328	76.8487	-6.57528
63.9805	76.8513	-6.57924
63.9673	76.845	-6.59064
63.9716	76.8464	-6.58903
63.9783	76.8499	-6.58321
63.9827	76.8528	-6.57528
63.9307	76.8542	-6.56597
63.9316	76.8542	-6.57288
63.9342	76.8544	-6.57932
63.9385	76.8548	-6.58485
63.944	76.8552	-6.58909
63.9839	76.8585	-6.56597
63.983	76.8584	-6.57288
63.9504	76.8558	-6.59176
63.9573	76.8563	-6.59267
63.9642	76.8569	-6.59176
63.9761	76.8578	-6.58485
63.9803	76.8582	-6.57932
63.9706	76.8574	-6.58909
63.983	76.8584	-6.55906
63.9803	76.8582	-6.55262
63.9761	76.8578	-6.54709
63.9706	76.8574	-6.54285
63.9316	76.8542	-6.55906
63.9642	76.8569	-6.54018
63.9573	76.8563	-6.53927
63.9504	76.8558	-6.54018
63.9385	76.8548	-6.54709
63.9342	76.8544	-6.55262
63.944	76.8552	-6.54285
63.9787	76.858	-6.54451
63.9724	76.8575	-6.53969
63.9835	76.8584	-6.55079
63.9865	76.8587	-6.55811
63.9875	76.8588	-6.56597
63.9865	76.8587	-6.57382
63.9835	76.8584	-6.58114
63.9787	76.858	-6.58743
63.9724	76.8575	-6.59225
63.9651	76.8569	-6.59528
63.9573	76.8563	-6.59632
63.9495	76.8557	-6.59528
63.9422	76.8551	-6.59225
63.9359	76.8546	-6.58743
63.9311	76.8542	-6.58114
63.9281	76.8539	-6.57382
63.927	76.8539	-6.56597
63.9281	76.8539	-6.55811
63.9311	76.8542	-6.55079
63.9359	76.8546	-6.54451
63.9422	76.8551	-6.53969
63.9495	76.8557	-6.53665
63.9573	76.8563	-6.53562
63.9651	76.8569	-6.53665
63.9637	76.8744	-6.53665
63.971	76.875	-6.53969
63.9773	76.8755	-6.54451
63.9821	76.8759	-6.55079
63.9851	76.8761	-6.55811
63.9861	76.8762	-6.56597
63.9851	76.8761	-6.57382
63.9821	76.8759	-6.58114
63.9773	76.8755	-6.58743
63.971	76.875	-6.59225
63.9637	76.8744	-6.59528
63.9559	76.8738	-6.59632
63.948	76.8731	-6.59528
63.9407	76.8725	-6.59225
63.9345	76.872	-6.58743
63.9297	76.8716	-6.58114
63.9266	76.8714	-6.57382
63.9256	76.8713	-6.56597
63.9266	76.8714	-6.55811
63.9297	76.8716	-6.55079
63.9345	76.872	-6.54451
63.9407	76.8725	-6.53969
63.948	76.8731	-6.53665
63.9559	76.8738	-6.53562

#	Triangle	293
1	23	0	12	13	11
2	23	1
2	22	23
3	22	2	10	14	15
3	21	22	10	15	9
4	21	3
4	20	21
5	20	4
5	19	20
6	19	5	7	17	18
6	18	19	7	18	6
8	17	7
8	16	17
9	16	8
9	15	16
11	14	10
11	13	14
26	24	25	24	27	28	25	30	29	30	33	32	35	34	33	36	35	37	37	39	38	41	40	39	42	41	43	43	45	44	47	46	45	49	48	47	49	51	50	53	52	51	53	55	54	56	54	55	56	60	59	60	65	64	70	69	65	74	73	70	75	74	76	78	77	76	78	80	79	80	28	81
27	24	26	29	26	25	31	29	30	32	31	30	32	33	34	35	36	34	38	36	37	40	38	39	41	42	40	44	42	43	46	44	45	48	46	47	50	48	49	50	51	52	52	53	54	75	73	74	77	75	76	77	78	79	79	80	81	81	28	27
54	56	57	72	70	73
57	56	58	58	56	59	59	60	61	61	60	62	62	60	63	63	60	64	64	65	66	66	65	67	67	65	68	68	65	69	69	70	71	71	70	72
60	7	6	56	7	60
85	83	84
82	83	85
56	8	7	82	87	83	86	87	82
55	8	56
10	53	51
9	53	10
91	89	90	88	89	91
8	53	9	87	89	88	86	89	87
55	53	8
11	51	49
10	51	11
93	90	92	91	90	93
12	49	47	11	49	12
95	92	94	93	92	95
45	14	13
43	14	45
99	97	98	96	97	99
43	15	14
41	15	43
96	101	97	100	101	96
17	39	37
16	39	17
105	103	104
102	103	105
15	39	16
41	39	15
101	103	102
100	103	101
18	37	35	105	104	107
17	37	18	107	104	106
45	12	47	13	12	45
99	95	94	98	95	99
35	19	18	108	109	106
33	19	35	106	109	107
33	20	19	110	111	108
30	20	33
108	111	109
22	25	24	115	113	114	112	113	115
21	25	22
20	25	21	110	113	111
30	25	20
111	113	112
23	24	28
22	24	23
117	114	116	115	114	117
0	28	80	23	28	0
119	116	118	117	116	119
78	2	1
76	2	78
123	121	122	120	121	123
76	3	2
74	3	76
120	125	121	124	125	120
5	70	65
4	70	5
129	127	128	126	127	129
3	70	4
74	70	3
125	127	126	124	127	125
6	65	60	5	65	6	129	128	84
84	128	85
78	0	80	1	0	78
123	119	118	122	119	123
115	130	112	111	112	132	109	111	134	135	107	109	107	136	105	102	105	137	138	101	102	101	139	97	98	97	140	141	95	98	142	93	95	91	93	143	144	88	91	87	88	145	145	83	87	84	83	148	129	84	152	156	126	129	159	125	126	125	160	121	161	122	121	119	122	162	117	119	163	131	115	117
115	131	130	130	132	112	132	133	111	133	134	111	109	134	135	136	107	135	136	137	105	137	138	102	139	101	138	139	140	97	140	141	98	141	142	95	142	143	93	91	143	144	88	144	145	159	160	125	160	161	121	122	161	162	119	162	163	117	163	131
146	83	145	159	126	158
147	83	146	148	83	147	149	84	148	150	84	149	151	84	150	152	84	151	153	129	152	154	129	153	155	129	154	156	129	155	157	126	156	158	126	157
116	123	118	94	92	99
114	123	116	99	92	90
114	120	123	99	90	96
113	120	114
113	124	120
110	124	113
110	127	124
108	127	110
108	128	127
106	128	108
106	85	128
104	85	106
104	82	85
103	82	104
103	86	82
100	86	103
100	89	86
96	89	100
96	90	89
164	68	69
154	156	155	170	168	172	168	174	175	157	159	158	174	181	182	58	54	57	191	192	193	195	191	194	199	195	198	145	147	146	148	150	149	183	186	188	196	184	185	191	195	194	200	201	197	186	196	187	189	180	190	180	177	179	165	176	169	174	168	175	164	166	178	171	164	167	166	183	173
165	156	154
166	66	67	153	152	179
164	69	167
168	73	75
169	156	165
73	170	171
73	168	170
66	173	64
75	174	168
72	171	71
73	171	72
176	159	157
177	165	154
164	178	68
180	179	152
179	177	153
166	67	178
159	181	174
176	181	159
160	159	174
67	68	178	153	177	154
169	157	156
160	174	75
167	71	171
169	176	157
160	77	161	75	77	160
71	167	69
163	79	81
162	79	163
162	77	79	161	77	162
131	81	27	163	81	131
133	32	134	31	32	133
132	26	29
130	26	132
133	29	31	132	29	133
131	26	130	27	26	131
135	32	34	134	32	135
173	66	166
183	64	173
137	36	38	136	36	137
136	34	36	135	34	136
138	38	40	137	38	138
141	48	142
46	48	141
140	42	44	139	42	140
141	44	46	140	44	141
138	42	139
40	42	138
143	48	50	142	48	143
185	184	58
63	186	62	151	190	152
187	62	186
63	64	188
190	151	189
180	152	190
143	52	144	50	52	143
183	188	64
191	52	54
184	54	58
54	192	191
192	54	184
52	191	195
188	186	63
196	61	187
185	59	196
147	197	148
59	185	58
61	196	59
145	195	199
187	61	62	150	189	151
195	145	144
145	199	200
52	195	144
148	197	201
200	147	145
201	150	148
189	150	201
197	147	200
186	202	203
205	184	204
196	203	204
192	205	206
208	207	189
202	186	183
204	184	196
193	209	191
206	193	192
205	192	184
210	195	191
206	209	193
211	198	195
211	195	210
209	210	191
213	200	212
199	214	212
208	201	213
211	214	198
199	212	200
199	198	214
201	208	189
213	201	200
203	196	186
207	180	189
177	207	215
217	176	216
165	215	216
181	217	218
219	202	166
207	177	180
216	176	165
182	220	174
218	182	181
217	181	176
221	168	174
218	220	182
222	172	168
222	168	221
220	221	174
224	171	223
225	223	170
164	224	219
222	225	172
170	223	171
170	172	225
219	166	164
224	164	171
177	215	165
202	183	166
227	218	226	228	226	217	215	229	228	207	230	229	208	231	230	213	232	231	232	212	233	233	214	234	235	234	211	210	236	235	209	237	236	238	237	206	205	239	238	240	239	204	241	240	204	203	242	241	243	242	202	219	244	243	224	245	244	245	223	246	225	247	246	248	247	222	249	248	221	220	227	249
218	217	226	227	220	218	216	228	217	215	228	216	215	207	229	208	230	207	213	231	208	212	232	213	233	212	214	214	211	234	211	210	235	210	209	236	209	206	237	238	206	205	204	239	205	203	241	204	202	242	203	243	202	219	224	244	219	224	223	245	223	225	246	247	225	222	248	222	221	249	221	220
250	272	273	261	262	260
251	272	250	260	262	263
251	271	272	260	263	259
252	271	251
252	270	271
253	270	252
253	269	270
254	269	253	257	265	266
254	268	269	257	266	256
255	268	254	256	266	267
255	267	268	256	267	255
258	265	257
258	264	265
259	264	258
259	263	264
267	241	242	266	241	267
266	240	241
265	240	266
238	264	263	239	264	238
240	264	239
265	264	240
237	263	262
238	263	237
236	262	261	237	262	236
260	234	235	259	234	260
259	233	234
258	233	259
231	257	256
232	257	231
233	257	232	258	257	233
230	256	255
231	256	230
260	236	261
235	236	260
255	229	230
254	229	255
254	228	229
253	228	254
227	252	251
226	252	227
228	252	226	253	252	228
249	251	250	227	251	249
248	250	273
249	250	248
272	246	247
271	246	272
271	245	246	270	245	271
243	267	242	268	267	243
245	269	244
270	269	245
244	268	243
269	268	244
272	248	273	247	248	272

#	Normal	293
-4.22054e-005	-3.41712e-006	-0
-0.996738	-0.0807001	-2.0645e-005
-0.996733	-0.0807623	-0.000495054
-0.996733	-0.0807623	-0.000430031
-0.996741	-0.080666	0.000304054
-0.996741	-0.080666	4.28311e-005
-0.99674	-0.0806836	-9.13789e-005
-0.99674	-0.0806836	-7.42411e-006
-0.99674	-0.0806751	5.72334e-005
-0.99674	-0.0806751	0.000159643
-0.996737	-0.0807163	-0.000154203
-0.99674	-0.0806752	3.90103e-006
-0.99674	-0.0806836	-6.0762e-005
-0.99674	-0.0806836	-2.92667e-005
-0.996741	-0.080666	0.00010493
-0.996733	-0.0807624	0.00017138
-0.996738	-0.0807001	0.000645893
5.81249e-005	4.72762e-006	-1.92261e-008
5.26636e-005	4.27046e-006	-2.48718e-008
2.63518e-005	2.15453e-006	-2.45361e-008
1.31596e-005	1.06913e-006	-1.40381e-009
-0.0800548	0.988207	-0.130529
-0.0800418	0.988208	-0.130529
-0.0800551	0.98821	-0.130505
-0.0746086	0.920978	-0.382404
-0.0742912	0.920788	-0.382924
-0.0491387	0.606674	-0.793431
-0.0491477	0.606685	-0.793421
-0.0491705	0.606966	-0.793205
-0.064048	0.790617	-0.608952
-0.063814	0.790931	-0.608569
-0.0307686	0.381418	-0.92389
-0.0309103	0.381623	-0.923801
-0.0308979	0.381408	-0.92389
-0.0104942	0.13009	-0.991447
-0.0105383	0.130086	-0.991447
0.0307679	-0.38141	-0.923894
0.0309153	-0.381623	-0.923801
0.0308979	-0.381408	-0.92389
0.0491477	-0.606685	-0.793421
0.0491387	-0.606674	-0.793431
0.0491467	-0.606673	-0.793431
0.0745964	-0.920979	-0.382404
0.0742791	-0.920789	-0.382924
0.0745912	-0.920764	-0.382924
0.0745784	-0.920756	-0.382945
0.0638036	-0.790932	-0.608569
0.0640376	-0.790618	-0.608952
0.0640623	-0.790923	-0.608554
0.0640717	-0.79091	-0.608569
0.0800551	-0.98821	-0.130505
0.0800418	-0.988208	-0.130529
0.0104942	-0.13009	-0.991447
0.0105383	-0.130086	-0.991447
0.0800548	-0.988207	0.130529
0.080042	-0.988211	0.130505
0.0745791	-0.920765	0.382924
0.0742964	-0.921003	0.382404
0.0745905	-0.920755	0.382945
0.0491467	-0.606673	0.793431
0.0491397	-0.606686	0.793421
0.0640613	-0.790911	0.608569
0.06378	-0.790639	0.608952
0.0640727	-0.790922	0.608554
0.0307859	-0.381633	0.923801
0.0308972	-0.381399	0.923894
0.0308979	-0.381408	0.92389
0.0104942	-0.13009	0.991447
0.0105383	-0.130086	0.991447
-0.0307859	0.381633	0.923801
-0.0308929	0.381408	0.92389
-0.0308979	0.381408	0.92389
-0.0491397	0.606686	0.793421
-0.0491467	0.606673	0.793431
-0.0491705	0.606966	0.793205
-0.0745912	0.920764	0.382924
-0.0743085	0.921002	0.382404
-0.0746086	0.920978	0.382404
-0.0637904	0.790638	0.608952
-0.0640717	0.79091	0.608569
-0.064048	0.790617	0.608952
-0.0800548	0.988207	0.130529
-0.080042	0.988211	0.130505
-0.0104942	0.13009	0.991447
-0.0105383	0.130086	0.991447
-5.81857e-005	-4.72762e-006	1.28174e-008
-5.26982e-005	-4.27046e-006	1.81274e-008
-2.63099e-005	-2.15453e-006	2.59094e-008
-1.31712e-005	-1.06913e-006	-2.10571e-009
4.22054e-005	3.41712e-006	-1.79634e-016
0.996738	0.0807001	-0.00014943
0.996741	0.0806703	7.73444e-005
0.996741	0.0806703	0.000190349
0.996737	0.080722	-0.00020372
0.996737	0.080722	6.18379e-005
0.996736	0.0807294	5.95254e-006
0.996736	0.0807294	-7.97784e-005
0.996737	0.0807161	2.09237e-005
0.996737	0.0807161	0.000154228
0.996737	0.0807163	0.000152804
0.996737	0.0807163	-0.000154203
0.996737	0.0807161	-0.000152779
0.996737	0.0807161	7.42831e-005
0.996736	0.0807294	-2.64102e-005
0.996736	0.0807294	-5.61948e-005
0.996737	0.080722	-3.03765e-007
0.996737	0.080722	-0.00012273
0.996741	0.0806703	0.000271288
-2.75111e-006	2.54991e-005	3.35815e-006
4.08285e-017	-2.04142e-017	-3.10863e-018
-2.98407e-006	5.34414e-005	7.00781e-006
-2.21682e-006	2.31268e-005	3.04321e-006
-2.6288e-006	4.03853e-005	1.23344e-005
-0.0765766	0.789747	0.608634
-4.05053e-006	4.18003e-005	1.28125e-005
-0.0689319	0.889582	0.451544
-4.93569e-006	5.81193e-005	3.97549e-005
-1.95026e-006	2.19443e-005	2.88281e-006
-3.9506e-006	4.84436e-005	4.15268e-005
-4.02136e-006	3.61068e-005	1.50966e-005
-8.03959e-006	7.22152e-005	3.00825e-005
-0.047535	0.922862	0.382185
-2.57739e-006	4.02815e-005	4.42914e-006
-2.16996e-006	2.0373e-005	2.32251e-006
-1.43629e-006	1.77081e-005	1.89423e-006
-1.35347e-006	1.89256e-005	2.05554e-006
-1.89806e-006	1.9193e-005	2.09564e-006
-4.60175e-006	5.93887e-005	4.04032e-005
-0.0752229	0.888939	0.451806
-0.051499	0.791453	0.609056
-2.49395e-006	2.43149e-005	3.26691e-006
-2.47713e-006	3.10369e-005	1.29463e-005
-0.061182	0.756053	0.651644
-4.16946e-006	4.64906e-005	1.49861e-005
-3.47842e-006	4.80747e-005	1.53937e-005
-0.0491079	0.606848	0.793299
-2.4705e-006	2.99948e-005	1.24266e-005
-0.0105353	0.130005	0.991457
-0.0105275	0.130093	0.991446
-0.0308709	0.381486	0.923859
0.0105426	-0.130095	0.991445
0.0745173	-0.920843	0.382746
0.0491079	-0.606848	0.793299
0.0491509	-0.606519	0.793548
0.0639962	-0.790829	0.608682
0.0309144	-0.381482	0.923859
0.0799694	-0.988217	0.130506
-1.63068e-006	1.8005e-005	1.93817e-006
-1.36385e-006	1.68117e-005	1.77988e-006
0.0745173	-0.920843	-0.382746
0.0799694	-0.988217	-0.130506
0.0639962	-0.790829	-0.608682
-0.0105275	0.130093	-0.991446
-0.0105353	0.130005	-0.991457
0.0309144	-0.381482	-0.923859
0.0105426	-0.130095	-0.991445
0.0491509	-0.606519	-0.793548
0.0491079	-0.606848	-0.793299
-0.0308709	0.381486	-0.923859
-4.16946e-006	4.64906e-005	-1.49861e-005
-2.21701e-006	2.31267e-005	-3.04321e-006
-1.89772e-006	1.91888e-005	-2.09564e-006
-1.95026e-006	2.19443e-005	-2.88281e-006
-1.35347e-006	1.89256e-005	-2.05554e-006
-1.43629e-006	1.77081e-005	-1.89423e-006
-0.0491079	0.606848	-0.793299
-1.36385e-006	1.68117e-005	-1.77988e-006
-0.0765766	0.789747	-0.608634
-0.10204	0.918126	-0.382927
-4.93569e-006	5.81193e-005	-3.97549e-005
-0.0689319	0.889582	-0.451544
-3.9506e-006	4.84436e-005	-4.15268e-005
-1.63105e-006	1.80088e-005	-1.93817e-006
-2.16996e-006	2.0373e-005	-2.32251e-006
-2.6288e-006	4.03853e-005	-1.23344e-005
-2.47713e-006	3.10369e-005	-1.29463e-005
-2.4705e-006	2.99948e-005	-1.24266e-005
-2.75111e-006	2.54991e-005	-3.35815e-006
-4.60175e-006	5.93887e-005	-4.04032e-005
-2.49395e-006	2.43149e-005	-3.26691e-006
-0.051499	0.791453	-0.609056
-0.0752229	0.888939	-0.451806
-0.061182	0.756053	-0.651644
-4.05053e-006	4.18003e-005	-1.28125e-005
-0.047535	0.922862	-0.382185
-2.98407e-006	5.34414e-005	-7.00781e-006
-2.57739e-006	4.02815e-005	-4.42914e-006
-3.47842e-006	4.80747e-005	-1.53937e-005
-3.49346e-005	-4.39203e-006	-4.62595e-006
-4.47137e-005	-2.23749e-006	-3.43149e-005
-3.59924e-005	-1.43752e-006	-1.49174e-005
-4.67807e-005	-3.69572e-006	-6.11543e-005
3.52154e-005	1.27553e-006	-4.63251e-006
-2.1351e-005	-1.72772e-006	-3.85614e-006
-5.39949e-005	-8.03175e-006	-3.07086e-005
-2.05126e-005	-3.02955e-006	-5.51591e-005
-1.77589e-005	-1.53928e-006	-4.8252e-005
-5.15392e-005	-6.76796e-006	-6.05515e-005
0.00277752	-0.0321106	-0.99948
-3.21343e-005	-3.9908e-006	-7.81479e-005
2.07296e-005	3.16748e-007	-5.51392e-005
1.18697e-005	2.34421e-006	-9.12407e-005
-1.20977e-005	4.05996e-007	-9.12863e-005
4.44566e-005	4.98299e-006	-3.43206e-005
4.67685e-005	3.90406e-006	-6.11603e-005
3.57664e-005	4.36659e-006	-1.49182e-005
3.23623e-005	1.2444e-006	-7.81223e-005
5.19949e-005	1.61462e-006	-6.05244e-005
1.77781e-005	1.34448e-006	-4.82383e-005
2.48679e-005	4.47031e-007	-4.29086e-006
5.45552e-005	7.47448e-007	-3.06877e-005
-2.4609e-005	-3.55509e-006	-4.29733e-006
2.13443e-005	1.72718e-006	-3.86316e-006
3.52154e-005	1.27553e-006	4.63251e-006
4.44566e-005	4.98299e-006	3.43206e-005
3.57664e-005	4.36659e-006	1.49182e-005
4.67685e-005	3.90406e-006	6.11603e-005
-3.49345e-005	-4.39247e-006	4.62595e-006
2.13443e-005	1.72718e-006	3.86316e-006
5.45552e-005	7.47448e-007	3.06877e-005
2.07296e-005	3.16748e-007	5.51392e-005
1.77781e-005	1.34448e-006	4.82383e-005
5.19949e-005	1.61462e-006	6.05244e-005
0.00277752	-0.0321106	0.99948
3.23623e-005	1.2444e-006	7.81223e-005
-2.05126e-005	-3.02955e-006	5.51591e-005
-1.20977e-005	4.05996e-007	9.12863e-005
1.18697e-005	2.34421e-006	9.12407e-005
-4.47137e-005	-2.23749e-006	3.43149e-005
-4.67807e-005	-3.69572e-006	6.11543e-005
-3.59924e-005	-1.43752e-006	1.49174e-005
-3.21343e-005	-3.9908e-006	7.81479e-005
-5.15392e-005	-6.76796e-006	6.05515e-005
-1.77589e-005	-1.53928e-006	4.8252e-005
-2.46116e-005	-3.55568e-006	4.29733e-006
-5.39949e-005	-8.03175e-006	3.07086e-005
2.48679e-005	4.47031e-007	4.29086e-006
-2.13488e-005	-1.72754e-006	3.85614e-006
2.28328e-006	-2.85832e-005	-4.32739e-008
2.01105e-006	-2.51462e-005	-2.67639e-008
-1.31696e-006	1.61954e-005	5.86853e-008
-3.86135e-006	4.74851e-005	-1.16241e-007
-7.41474e-006	9.17367e-005	1.16241e-007
-0.0805636	0.996749	0.000351458
-0.080635	0.996744	-0.000192819
-0.080635	0.996744	0.000256438
-0.0807021	0.996738	-0.00025492
-0.0807021	0.996738	-0.000355243
-0.0806137	0.996745	0.000318489
-0.0806137	0.996745	0.00032144
-0.0806966	0.996739	-0.00031048
-0.0807021	0.996738	-0.000204752
-0.080635	0.996744	0.000306525
-0.080635	0.996744	-0.000258149
-0.0805636	0.996749	0.00028624
-0.988193	-0.0800998	-0.130612
-0.920981	-0.0746519	-0.382388
-0.920825	-0.074433	-0.382807
-0.606709	-0.0491779	-0.793402
-0.790704	-0.064092	-0.608834
-0.790955	-0.0639352	-0.608525
-0.381435	-0.0309318	-0.923878
-0.381408	-0.0309157	-0.92389
-0.130127	-0.0105524	-0.991441
0.381443	0.0308332	-0.923878
0.606719	0.0490429	-0.793402
0.606945	0.0491971	-0.79322
0.920822	0.0744661	-0.382807
0.920953	0.0746496	-0.382456
0.790704	0.064092	-0.608834
0.98821	0.07988	-0.130612
0.988218	0.0799164	-0.130534
0.130053	0.0105464	-0.991451
0.13013	0.0105188	-0.991441
0.988221	0.0798808	0.130534
0.988207	0.0799155	0.130612
0.920967	0.0744779	0.382456
0.920808	0.0746378	0.382807
0.606995	0.0490652	0.79319
0.606747	0.049181	0.793372
0.790682	0.0640902	0.608864
0.381443	0.0308332	0.923878
0.130053	0.0105464	0.991451
0.13013	0.0105188	0.991441
-0.381407	-0.0309295	0.92389
-0.381436	-0.030918	0.923878
-0.606747	-0.049181	0.793372
-0.988193	-0.0800998	0.130612
-0.790696	-0.0639143	0.608864
-0.790918	-0.0641093	0.608554
-0.920981	-0.0746519	0.382388
-0.920825	-0.074433	0.382807
-0.130127	-0.0105524	0.991441

#	Mesh	0	End

