#	Mesh	0	Begin

#	Vertex	76
81.1055	74.7881	-2.4695
81.123	74.7889	-2.4695
81.1406	74.7883	-2.4695
81.158	74.7864	-2.4695
81.1753	74.7831	-2.4695
81.1922	74.7785	-2.4695
81.2087	74.7727	-2.4695
81.2248	74.7655	-2.4695
81.2403	74.7572	-2.4695
81.255	74.7478	-2.4695
81.269	74.7372	-2.4695
81.2822	74.7256	-2.4695
81.2944	74.713	-2.4695
81.3056	74.6995	-2.4695
81.3158	74.6852	-2.4695
81.3249	74.6701	-2.4695
81.3327	74.6544	-2.4695
81.3394	74.6382	-2.4695
81.3447	74.6215	-2.4695
81.4932	74.6462	-2.4695
81.4852	74.675	-2.4695
81.475	74.7032	-2.4695
81.4626	74.7304	-2.4695
81.4481	74.7566	-2.4695
81.4315	74.7816	-2.4695
81.4131	74.8051	-2.4695
81.3928	74.8272	-2.4695
81.3709	74.8475	-2.4695
81.3474	74.8661	-2.4695
81.3225	74.8828	-2.4695
81.2964	74.8974	-2.4695
81.2692	74.91	-2.4695
81.2411	74.9204	-2.4695
81.2123	74.9285	-2.4695
81.1829	74.9343	-2.4695
81.1532	74.9378	-2.4695
81.1233	74.9389	-2.4695
81.0934	74.9377	-2.4695
81.1055	74.7881	-1.0865
81.123	74.7889	-1.0865
81.1406	74.7883	-1.0865
81.158	74.7864	-1.0865
81.1753	74.7831	-1.0865
81.1922	74.7785	-1.0865
81.2087	74.7727	-1.0865
81.2248	74.7655	-1.0865
81.2403	74.7572	-1.0865
81.255	74.7478	-1.0865
81.269	74.7372	-1.0865
81.2822	74.7256	-1.0865
81.2944	74.713	-1.0865
81.3056	74.6995	-1.0865
81.3158	74.6852	-1.0865
81.3249	74.6701	-1.0865
81.3327	74.6544	-1.0865
81.3394	74.6382	-1.0865
81.3447	74.6215	-1.0865
81.4932	74.6462	-1.0865
81.4852	74.675	-1.0865
81.475	74.7032	-1.0865
81.4626	74.7304	-1.0865
81.4481	74.7566	-1.0865
81.4315	74.7816	-1.0865
81.4131	74.8051	-1.0865
81.3928	74.8272	-1.0865
81.3709	74.8475	-1.0865
81.3474	74.8661	-1.0865
81.3225	74.8828	-1.0865
81.2964	74.8974	-1.0865
81.2692	74.91	-1.0865
81.2411	74.9204	-1.0865
81.2123	74.9285	-1.0865
81.1829	74.9343	-1.0865
81.1532	74.9378	-1.0865
81.1233	74.9389	-1.0865
81.0934	74.9377	-1.0865

#	Triangle	42
37	38	75	0	38	37
0	39	38	1	39	0
1	40	39	2	40	1
2	41	40	3	41	2
3	42	41	4	42	3
4	43	42	5	43	4
5	44	43	6	44	5
6	45	44	7	45	6
7	46	45	8	46	7
8	47	46	9	47	8
9	48	47	10	48	9
10	49	48	11	49	10
11	50	49	12	50	11
12	51	50	13	51	12
13	52	51	14	52	13
14	53	52	15	53	14
15	54	53	16	54	15
16	55	54	17	55	16
17	56	55	18	56	17
18	57	56	19	57	18
19	58	57	20	58	19
20	59	58	21	59	20
21	60	59	22	60	21
22	61	60	23	61	22
23	62	61	24	62	23
24	63	62	25	63	24
25	64	63	26	64	25
26	65	64	27	65	26
27	66	65	28	66	27
28	67	66	29	67	28
29	68	67	30	68	29
30	69	68	31	69	30
31	70	69	32	70	31
32	71	70	33	71	32
33	72	71	34	72	33
34	73	72	35	73	34
35	74	73	36	74	35
36	75	74	37	75	36
36	0	37	36	1	0	36	2	1	35	2	36	35	3	2	34	3	35	34	4	3	34	5	4	33	5	34	33	6	5	33	7	6	32	7	33	32	8	7	32	9	8	31	9	32	31	10	9	31	11	10	30	11	31	30	12	11	30	13	12	29	13	30	29	14	13	29	15	14	28	15	29	28	16	15	28	17	16	28	18	17	28	19	18	27	19	28	26	19	27	25	19	26	24	19	25	23	19	24	22	19	23	21	19	22
20	19	21
38	74	75	39	74	38	40	74	39	40	73	74	41	73	40	41	72	73	42	72	41	43	72	42	43	71	72	44	71	43	45	71	44	45	70	71	46	70	45	47	70	46	47	69	70	48	69	47	49	69	48	49	68	69	50	68	49	51	68	50	51	67	68	52	67	51	53	67	52	53	66	67	54	66	53	55	66	54	56	66	55	57	66	56	57	65	66	57	64	65	57	63	64	57	62	63	57	61	62	57	60	61	57	59	60
57	58	59

#	Normal	42
-0.996736	-0.0807264	0
0.0427226	-0.999087	-0
-0.0342783	-0.999412	0
-0.110383	-0.993889	0
-0.186008	-0.982548	0
-0.260819	-0.965388	0
-0.333938	-0.942595	0
-0.4049	-0.914361	0
-0.473728	-0.880671	0
-0.539925	-0.841713	0
-0.602632	-0.79802	0
-0.661901	-0.749591	0
-0.717267	-0.696799	0
-0.768695	-0.639615	0
-0.815175	-0.579215	0
-0.857218	-0.514954	0
-0.893982	-0.448103	0
-0.925844	-0.377905	0
-0.951927	-0.306326	0
0.164104	-0.986443	-0
0.963861	0.266406	-0
0.939862	0.341555	-0
0.909973	0.414668	-0
0.874453	0.485111	-0
0.833413	0.552651	-0
0.787268	0.616611	-0
0.736103	0.67687	-0
0.680531	0.732719	-0
0.620422	0.784268	-0
0.556866	0.830602	-0
0.489493	0.872007	-0
0.419025	0.907975	-0
0.346286	0.938129	-0
0.271101	0.962551	-0
0.194159	0.98097	-0
0.116357	0.993207	-0
0.0375812	0.999294	-0
-0.041229	0.99915	-0
-0	-0	-1
-0	-0	-7.06667e-005
-0	-0	1
-0	-0	7.06667e-005

#	Mesh	0	End

