#	Mesh	0	Begin

#	Vertex	12
81.663	72.5509	-2.4695
81.6081	73.2286	-2.437
81.4932	74.6462	-1.0865
81.6081	73.2286	-1.0865
81.4932	74.6462	-2.4695
81.3447	74.6215	-1.0865
81.3447	74.6215	-2.4695
81.4586	73.2165	-2.437
81.5135	72.5388	-2.4695
81.5135	72.5388	-2.437
81.663	72.5509	-2.437
81.4586	73.2165	-1.0865

#	Triangle	11
2	1	4	2	3	1
1	0	4
1	10	0
4	5	2	6	5	4
9	6	8
9	7	6
7	5	6	11	5	7
9	0	10	8	0	9
0	6	4	8	6	0
3	5	11	2	5	3	7	10	1	9	10	7
1	11	7	3	11	1

#	Normal	11
0.996733	0.0807631	0
0.996734	0.0807607	-0.000104377
0.996734	0.0807557	-0
-0.164104	0.986443	-0
-0.996733	-0.0807627	-0
-0.996733	-0.0807671	-0.00028809
-0.996734	-0.0807605	0
0.0807823	-0.996732	-0
-0	-0	-1
0	-0	1
0.0807781	-0.996732	-0

#	Mesh	0	End

