#	Mesh	0	Begin

#	Vertex	13
67.7054	-40.631	-18.3522
58.966	67.2291	-18.1398
58.966	67.2291	-19.2369
56.0014	103.817	-19.1619
56.0014	103.817	-16.7043
67.7054	-40.631	-16.9954
67.7054	-40.631	-16.9965
67.4844	-40.3797	-18.3517
67.4844	-40.3797	-16.9949
55.8021	103.801	-16.7043
55.8021	103.801	-19.1619
58.7666	67.213	-19.2369
58.7666	67.213	-18.1398

#	Triangle	11
3	1	2	4	1	3	1	6	0	4	5	6
4	6	1
12	10	11	12	9	10	8	12	7
8	9	12
9	3	10	4	3	9
12	0	7
1	0	12
11	1	12	2	1	11
10	2	11	3	2	10
8	4	9	5	4	8
6	7	0	6	8	7	5	8	6

#	Normal	11
0.996733	0.080761	-0
0.996733	0.0807611	-1.78921e-006
-0.996733	-0.080761	-0
-0.996733	-0.0807611	1.92325e-006
-0.0807419	0.996735	-0
-0.000161281	0.00195676	-0.999998
-0.000158529	0.00195699	-0.999998
0.0807419	-0.996735	-0
-0.00016499	0.00203676	-0.999998
0.000162218	-0.00200253	0.999998
-0.750879	-0.660439	-0

#	Mesh	0	End

