#	Mesh	0	Begin

#	Vertex	13
79.9159	90.3423	-19.1953
80.9052	68.9873	-19.2378
80.9052	68.9873	-18.1407
81.1504	63.6925	-18.1521
81.1504	63.6925	-16.7911
79.9159	90.3423	-16.7375
79.9159	90.3423	-16.7457
80.0987	90.7172	-19.1946
80.0987	90.7172	-16.7368
81.3501	63.7052	-16.7911
81.3501	63.7052	-18.1521
81.1049	68.9966	-18.1407
81.1049	68.9966	-19.2378

#	Triangle	14
2	0	1	2	6	0	5	6	4
4	2	3
4	6	2
7	11	12	8	11	7	11	9	10
8	9	11
6	7	0	6	8	7	5	8	6
9	3	10	4	3	9
12	0	7
1	0	12
11	1	12	2	1	11
10	2	11
3	2	10
8	4	9
5	4	8

#	Normal	14
-0.998929	-0.0462762	-0
-0.998929	-0.0462752	-0
-0.998929	-0.046276	-3.23019e-006
0.998929	0.0462762	-0
0.998929	0.0462761	7.74156e-007
-0.898797	0.438366	-0
0.0635259	-0.99798	-0
-9.32606e-005	0.00198876	-0.999998
-9.20838e-005	0.00198882	-0.999998
0.0462511	-0.99893	-0
-9.89626e-005	0.00213739	-0.999998
-9.69297e-005	0.00213756	-0.999998
9.83835e-005	-0.0020067	0.999998
8.81339e-005	-0.0020071	0.999998

#	Mesh	0	End

