#	Mesh	0	Begin

#	Vertex	10
68.6135	-43.8608	-18.3483
68.0234	-44.5551	-18.3509
68.0234	-44.5551	-17.0034
68.0234	-44.5551	-17.0021
68.6135	-43.8608	-17.0021
68.6363	-44.1427	-18.3489
68.6363	-44.1427	-17.0028
68.6363	-44.1427	-17.0021
68.0462	-44.837	-17.0021
68.0462	-44.837	-18.3514

#	Triangle	6
2	0	1	2	4	0	3	4	2
5	8	9	6	8	5	7	8	6
8	1	9	8	2	1	8	3	2
9	0	5	1	0	9
7	3	8	4	3	7
0	6	5	4	6	0	4	7	6

#	Normal	6
-0.761973	0.647609	-0
0.761977	-0.647604	-0
-0.996732	-0.0807836	-0
0.00179994	0.00211316	-0.999996
0	-0	1
0.996734	0.0807562	-0

#	Mesh	0	End

