#	Mesh	0	Begin

#	Vertex	8
68.6363	-44.1427	-18.3594
68.8195	-43.9272	-18.359
68.6384	-41.6917	-18.3545
68.4173	-41.4404	-18.3539
68.6363	-44.1427	-17.0027
68.8195	-43.9272	-17.0023
68.6384	-41.6917	-16.9978
68.4173	-41.4404	-16.9972

#	Triangle	7
3	4	7	0	4	3
0	5	4	1	5	0
1	6	5	2	6	1
2	7	6	3	7	2
3	1	0	2	1	3
4	6	7
5	6	4

#	Normal	7
-0.996733	-0.0807619	0
0.761968	-0.647615	-0
0.996734	0.0807607	-0
0.750873	0.660447	-0
-0.000160945	0.00200344	-0.999998
0.00016212	-0.00200262	0.999998
0.000159981	-0.00200262	0.999998

#	Mesh	0	End

