#	Mesh	0	Begin

#	Vertex	74
18.5646	105.243	-6.70862
18.5646	105.201	-6.7031
18.5646	105.159	-6.70862
18.5646	105.12	-6.72479
18.5646	105.086	-6.75052
18.5646	105.061	-6.78405
18.5646	105.044	-6.8231
18.5646	105.039	-6.865
18.5646	105.044	-6.9069
18.5646	105.061	-6.94595
18.5646	105.086	-6.97948
18.5646	105.12	-7.00521
18.5646	105.159	-7.02138
18.5646	105.201	-7.0269
18.5646	105.243	-7.02138
18.5646	105.282	-7.00521
18.5646	105.315	-6.97948
18.5646	105.341	-6.94595
18.5646	105.357	-6.9069
18.5646	105.363	-6.865
18.5646	105.357	-6.8231
18.5646	105.341	-6.78405
18.5646	105.315	-6.75052
18.5646	105.282	-6.72479
18.3616	105.181	-6.7299
18.3616	105.22	-6.7299
18.3616	105.258	-6.74085
18.3616	105.29	-6.76185
18.3616	105.316	-6.79121
18.3616	105.332	-6.82656
18.3616	105.337	-6.86501
18.3616	105.332	-6.90347
18.3616	105.316	-6.93881
18.3616	105.29	-6.96817
18.3616	105.258	-6.98918
18.3616	105.22	-7.00012
18.3616	105.181	-7.00012
18.3616	105.144	-6.98918
18.3616	105.111	-6.96817
18.3616	105.086	-6.93881
18.3616	105.07	-6.90347
18.3616	105.064	-6.86501
18.3616	105.07	-6.82656
18.3616	105.086	-6.79121
18.3616	105.111	-6.76185
18.3616	105.144	-6.74085
18.4552	105.346	-6.8933
18.4877	105.353	-6.865
18.4669	105.063	-6.92228
18.466	105.077	-6.94866
18.4552	105.055	-6.8933
18.4659	105.135	-6.99942
18.4722	105.109	-6.98428
18.4877	105.049	-6.865
18.4637	105.212	-7.01387
18.4411	105.239	-7.00636
18.4745	105.181	-7.01435
18.4669	105.339	-6.92228
18.466	105.325	-6.94866
18.4659	105.266	-6.99942
18.4722	105.292	-6.98428
18.4552	105.055	-6.83671
18.4669	105.339	-6.80773
18.466	105.325	-6.78135
18.4552	105.346	-6.83671
18.4659	105.266	-6.73059
18.4722	105.292	-6.74573
18.4637	105.19	-6.71614
18.4411	105.163	-6.72366
18.4745	105.221	-6.71566
18.4669	105.063	-6.80773
18.466	105.077	-6.78135
18.4659	105.135	-6.73059
18.4722	105.109	-6.74573

#	Triangle	104
14	12	13	15	12	14	15	11	12	16	11	15	16	10	11	17	10	16	17	9	10	18	9	17	18	8	9	19	8	18	19	7	8	20	7	19	20	6	7	21	6	20	21	5	6	22	5	21	22	4	5	23	4	22	23	3	4	0	3	23	0	2	3	1	2	0
37	35	36	37	34	35	38	34	37	38	33	34	39	33	38	39	32	33	40	32	39	40	31	32	41	31	40	41	30	31	42	30	41	42	29	30	43	29	42	43	28	29	44	28	43	44	27	28	45	27	44	45	26	27	24	26	45	24	25	26
19	30	47
46	30	19
40	39	48
48	39	49
48	50	40
52	37	51
53	50	7
41	50	53
35	54	36
52	49	38
35	55	54
51	37	56
41	40	50
9	8	48
46	19	18
49	9	48
10	52	11
58	57	17
48	8	50
52	51	11
49	10	9
12	56	13
39	38	49
55	34	59
55	14	54
59	15	14
33	60	34
57	32	31
59	60	15
51	12	11
33	32	58
33	58	60
50	8	7
56	54	13
34	60	59
60	58	16
58	17	16
15	60	16
38	37	52
32	57	58
57	18	17
10	49	52
46	18	57
31	30	46
36	56	37
56	36	54
12	51	56
31	46	57
54	14	13
35	34	55
59	14	55
7	41	53
61	41	7
29	28	62
62	28	63
62	64	29
66	26	65
47	64	19
30	64	47
24	67	25
66	63	27
24	68	67
65	26	69
30	29	64
21	20	62
61	7	6
63	21	62
22	66	23
71	70	5
62	20	64
66	65	23
63	22	21
0	69	1
28	27	63
68	45	72
68	2	67
72	3	2
44	73	45
70	43	42
72	73	3
65	0	23
44	43	71
44	71	73
64	20	19
69	67	1
45	73	72
73	71	4
71	5	4
3	73	4
27	26	66
43	70	71
70	6	5
22	63	66
61	6	70
42	41	61
25	69	26
69	25	67
0	65	69
42	61	70
67	2	1
24	45	68
72	2	68

#	Normal	104
1	0	-0
-1	0	-0
-2.77328e-009	2.15311e-008	1.22276e-006
-0.123576	0.987745	-0.0953393
-0.136095	-0.901159	-0.411571
-0.120949	-0.874327	-0.470025
-0.116748	-0.951811	-0.283595
-0.12716	-0.522637	-0.843019
-0.123656	-0.987763	-0.0950412
-0.123592	-0.987764	-0.0951146
-0.133377	-0	-0.991065
-0.112994	-0.724557	-0.679889
-0.117623	0.172549	-0.977953
-0.117704	-0.28706	-0.950654
-0.136711	-0.980549	-0.140834
-0.110241	-0.918199	-0.38047
-0.114279	0.984953	-0.129648
-0.13085	-0.873357	-0.469176
-0.109397	-0.605101	-0.788597
-0.13085	0.873357	-0.469176
-0.130394	-0.948619	-0.288304
-0.130938	-0.523066	-0.842174
-0.113118	-0.78829	-0.604817
-0.109021	-0.129738	-0.985537
-0.126947	-0.749601	-0.649602
-0.120764	0.346738	-0.930155
-0.123899	0.167369	-0.978078
-0.113125	0.380229	-0.917948
-0.131765	0.535989	-0.833879
-0.136095	0.901159	-0.411571
-0.130938	0.523066	-0.842174
-0.113125	-0.380229	-0.917948
-0.126947	0.749601	-0.649602
-0.112994	0.724557	-0.679889
-0.114279	-0.984953	-0.129648
-0.131396	-0.0306831	-0.990855
-0.12716	0.522637	-0.843019
-0.143352	0.718974	-0.680093
-0.113118	0.78829	-0.604817
-0.109397	0.605101	-0.788597
-0.131765	-0.535989	-0.833879
-0.120949	0.874327	-0.470025
-0.110241	0.918199	-0.38047
-0.143352	-0.718974	-0.680093
-0.130394	0.948619	-0.288304
-0.136686	0.980524	-0.14103
-0.120545	-0.279656	-0.952503
-0.124967	-0.028411	-0.991754
-0.143652	-0.28156	-0.94873
-0.116748	0.951811	-0.283595
-0.112936	0.129704	-0.9851
-0.140707	0.278907	-0.949954
-0.123182	0.348673	-0.929114
2.73514e-009	2.15311e-008	-6.2262e-007
-0.123627	-0.987752	0.095193
-0.136147	0.901152	0.411568
-0.121009	0.874322	0.470019
-0.116785	0.951807	0.283594
-0.127268	0.522615	0.843016
-0.123668	0.987762	0.095042
-0.123544	0.987764	0.0951852
-0.133508	-0	0.991048
-0.113083	0.724551	0.679881
-0.117753	-0.172543	0.977938
-0.117828	0.287071	0.950635
-0.136704	0.980522	0.14103
-0.110291	0.918196	0.380464
-0.114296	-0.984951	0.129648
-0.130911	0.873351	0.46917
-0.109496	0.605095	0.788588
-0.130911	-0.873351	0.46917
-0.130431	0.948615	0.288303
-0.131047	0.523044	0.842171
-0.113197	0.788278	0.604817
-0.109148	0.129759	0.98552
-0.12703	0.749593	0.649595
-0.120885	-0.346743	0.930138
-0.124025	-0.167365	0.978063
-0.113246	-0.380223	0.917935
-0.131874	-0.535972	0.833873
-0.136147	-0.901152	0.411568
-0.131047	-0.523044	0.842171
-0.113246	0.380223	0.917935
-0.12703	-0.749593	0.649595
-0.113083	-0.724551	0.679881
-0.114296	0.984951	0.129648
-0.131524	0.0306654	0.990839
-0.127268	-0.522615	0.843016
-0.143437	-0.718967	0.680083
-0.113197	-0.788278	0.604817
-0.109496	-0.605095	0.788588
-0.131874	0.535972	0.833873
-0.121009	-0.874322	0.470019
-0.110291	-0.918196	0.380464
-0.143437	0.718967	0.680083
-0.130431	-0.948615	0.288303
-0.136729	-0.980546	0.140834
-0.120675	0.279651	0.952488
-0.125102	0.0283958	0.991737
-0.143771	0.281571	0.948708
-0.116785	-0.951807	0.283594
-0.113056	-0.129679	0.98509
-0.140832	-0.278902	0.949937
-0.123302	-0.348677	0.929097

#	Mesh	0	End

