#	Mesh	0	Begin

#	Vertex	72
97.44	-17.3974	-6.58699
97.4398	-17.3938	-6.58603
97.4395	-17.3905	-6.58446
97.4392	-17.3874	-6.58232
97.439	-17.3848	-6.57969
97.4389	-17.3827	-6.57664
97.4387	-17.3811	-6.57327
97.4386	-17.3801	-6.56968
97.4386	-17.3798	-6.56597
97.4386	-17.3801	-6.56226
97.4387	-17.3811	-6.55867
97.4389	-17.3827	-6.55529
97.439	-17.3848	-6.55225
97.4392	-17.3874	-6.54961
97.4395	-17.3905	-6.54748
97.4398	-17.3938	-6.54591
97.44	-17.3974	-6.54494
97.4403	-17.4011	-6.54462
97.4406	-17.4048	-6.54494
97.4409	-17.4084	-6.54591
97.4412	-17.4117	-6.54748
97.4415	-17.4148	-6.54961
97.4417	-17.4174	-6.55225
97.4418	-17.4195	-6.55529
97.442	-17.4211	-6.55867
97.442	-17.422	-6.56226
97.4421	-17.4224	-6.56597
97.442	-17.422	-6.56968
97.442	-17.4211	-6.57327
97.4418	-17.4195	-6.57664
97.4417	-17.4174	-6.57969
97.4415	-17.4148	-6.58232
97.4412	-17.4117	-6.58446
97.4409	-17.4084	-6.58603
97.4406	-17.4048	-6.58699
97.4403	-17.4011	-6.58732
100.115	-17.1808	-6.58699
100.115	-17.1772	-6.58603
100.114	-17.1739	-6.58446
100.114	-17.1708	-6.58232
100.114	-17.1682	-6.57969
100.114	-17.1661	-6.57664
100.114	-17.1645	-6.57327
100.113	-17.1636	-6.56968
100.113	-17.1632	-6.56597
100.113	-17.1636	-6.56226
100.114	-17.1645	-6.55867
100.114	-17.1661	-6.55529
100.114	-17.1682	-6.55225
100.114	-17.1708	-6.54961
100.114	-17.1739	-6.54748
100.115	-17.1772	-6.54591
100.115	-17.1808	-6.54494
100.115	-17.1845	-6.54462
100.115	-17.1882	-6.54494
100.116	-17.1918	-6.54591
100.116	-17.1952	-6.54748
100.116	-17.1982	-6.54961
100.116	-17.2008	-6.55225
100.117	-17.203	-6.55529
100.117	-17.2045	-6.55867
100.117	-17.2055	-6.56226
100.117	-17.2058	-6.56597
100.117	-17.2055	-6.56968
100.117	-17.2045	-6.57327
100.117	-17.203	-6.57664
100.116	-17.2008	-6.57969
100.116	-17.1982	-6.58232
100.116	-17.1952	-6.58446
100.116	-17.1918	-6.58603
100.115	-17.1882	-6.58699
100.115	-17.1845	-6.58732

#	Triangle	95
35	36	71	0	36	35
0	37	36
1	37	0
1	38	37
2	38	1
2	39	38
3	39	2
3	40	39	4	40	3
4	41	40
5	41	4
5	42	41
6	42	5
6	43	42
7	43	6
7	44	43
8	44	7
8	45	44
9	45	8
9	46	45
10	46	9
10	47	46
11	47	10
11	48	47
12	48	11
12	49	48	13	49	12
13	50	49
14	50	13
14	51	50
15	51	14
15	52	51
16	52	15
16	53	52	17	53	16
17	54	53	18	54	17
18	55	54
19	55	18
19	56	55
20	56	19
20	57	56	21	57	20
21	58	57	22	58	21
22	59	58
23	59	22
23	60	59
24	60	23
24	61	60
25	61	24
25	62	61
26	62	25
26	63	62
27	63	26
27	64	63
28	64	27
28	65	64
29	65	28
29	66	65
30	66	29
30	67	66	31	67	30
31	68	67	32	68	31
32	69	68
33	69	32
33	70	69
34	70	33
34	71	70	35	71	34
7	9	8	26	25	27
6	9	7	27	25	24
6	10	9	27	24	28
5	10	6	28	24	23
5	11	10	28	23	29
4	11	5	29	23	22
4	12	11	29	22	30
3	12	4	30	22	21
3	13	12	30	21	31
2	13	3	31	21	20
2	14	13
1	14	2	1	15	14
0	15	1	0	16	15
35	16	0	35	17	16	34	17	35	34	18	17
33	18	34	33	19	18
32	19	33	32	20	19
31	20	32
45	43	44	62	63	61
46	43	45	61	63	64
46	42	43	61	64	60
47	42	46	60	64	65
47	41	42	60	65	59
48	41	47	59	65	66
48	40	41	59	66	58
49	40	48	58	66	67
49	39	40	58	67	57
50	39	49	57	67	68
50	38	39	57	68	56
51	38	50	51	37	38
52	37	51	52	36	37
53	36	52	53	71	36	54	71	53	54	70	71
55	70	54	55	69	70
56	69	55	56	68	69

#	Normal	95
-0.00703106	0.0868394	-0.996198
-0.0208825	0.257916	-0.965942
-0.0208967	0.258089	-0.965895
-0.0341148	0.42134	-0.906261
-0.034093	0.421076	-0.906384
-0.0462831	0.571635	-0.819202
-0.0463034	0.57188	-0.81903
-0.0570638	0.704778	-0.707129
-0.0661174	0.816597	-0.573409
-0.066097	0.816352	-0.57376
-0.0731354	0.903282	-0.422769
-0.0731522	0.903481	-0.422339
-0.0779587	0.962845	-0.258558
-0.0779474	0.962715	-0.259046
-0.0803926	0.992915	-0.087507
-0.0803984	0.992975	-0.0868197
-0.0803936	0.992915	0.087507
-0.0803975	0.992975	0.0868197
-0.077958	0.962845	0.258558
-0.0779481	0.962715	0.259046
-0.073136	0.903282	0.422769
-0.0731515	0.903481	0.422339
-0.0661168	0.816597	0.573409
-0.0660976	0.816352	0.57376
-0.0570638	0.704778	0.707129
-0.0462835	0.571635	0.819202
-0.046303	0.57188	0.81903
-0.0341144	0.42134	0.906261
-0.0340934	0.421076	0.906384
-0.0208729	0.257794	0.965974
-0.0208866	0.257967	0.965928
-0.00704157	0.0869691	0.996186
0.00704157	-0.0869691	0.996186
0.0208866	-0.257967	0.965928
0.0208729	-0.257794	0.965974
0.0341095	-0.421276	0.906291
0.0341147	-0.42134	0.906261
0.0462835	-0.571635	0.819202
0.0570638	-0.704778	0.707129
0.0660976	-0.816352	0.57376
0.0661168	-0.816597	0.573409
0.0731515	-0.903481	0.422339
0.073136	-0.903282	0.422769
0.0779481	-0.962715	0.259046
0.077958	-0.962845	0.258558
0.0803975	-0.992975	0.0868197
0.0803936	-0.992915	0.087507
0.0803984	-0.992975	-0.0868197
0.0803926	-0.992915	-0.087507
0.0779474	-0.962715	-0.259046
0.0779587	-0.962845	-0.258558
0.0731522	-0.903481	-0.422339
0.0731354	-0.903282	-0.422769
0.066097	-0.816352	-0.57376
0.0661174	-0.816597	-0.573409
0.0570638	-0.704778	-0.707129
0.0462835	-0.571635	-0.819202
0.0341094	-0.421276	-0.906291
0.0341148	-0.42134	-0.906261
0.0208967	-0.258089	-0.965895
0.0208825	-0.257916	-0.965942
0.00703106	-0.0868394	-0.996198
-2.38961e-006	-1.7379e-007	-0
-7.12539e-006	-5.793e-007	0
-1.4034e-005	-1.14098e-006	-0
-2.28766e-005	-1.82556e-006	0
-3.34422e-005	-2.6687e-006	-0
-4.54513e-005	-3.66946e-006	0
-5.84327e-005	-4.7175e-006	-0
-7.19955e-005	-5.78966e-006	0
-8.57998e-005	-6.89976e-006	-0
-9.93437e-005	-8.17749e-006	0
-0.996629	-0.0820376	-0
-0.996711	-0.0810334	0
-0.99676	-0.0804364	0
-0.996788	-0.0800803	0
-0.996587	-0.0825511	0
-0.996892	-0.0787782	0
-0.996634	-0.0819853	0
2.40409e-006	2.3172e-007	-0
7.11091e-006	5.793e-007	0
1.40055e-005	1.14098e-006	-0
2.29051e-005	1.82556e-006	0
3.34839e-005	2.6687e-006	-0
4.54096e-005	3.66946e-006	0
5.8379e-005	4.7175e-006	-0
7.19955e-005	5.78966e-006	0
8.57998e-005	6.89976e-006	-0
9.94076e-005	8.17749e-006	0
0.996634	0.0819853	-0
0.996892	0.0787782	0
0.996587	0.0825511	0
0.996788	0.0800803	0
0.99676	0.0804364	0
0.996708	0.0810802	0

#	Mesh	0	End

