#	Mesh	0	Begin

#	Vertex	72
100.108	-55.1016	-6.54923
100.108	-55.1045	-6.54999
100.108	-55.1072	-6.55125
100.108	-55.1096	-6.55295
100.108	-55.1117	-6.55504
100.108	-55.1134	-6.55747
100.109	-55.1146	-6.56015
100.109	-55.1154	-6.56302
100.109	-55.1156	-6.56597
100.109	-55.1154	-6.56892
100.109	-55.1146	-6.57178
100.108	-55.1134	-6.57447
100.108	-55.1117	-6.5769
100.108	-55.1096	-6.57899
100.108	-55.1072	-6.58069
100.108	-55.1045	-6.58194
100.108	-55.1016	-6.58271
100.107	-55.0987	-6.58297
100.107	-55.0958	-6.58271
100.107	-55.0929	-6.58194
100.107	-55.0902	-6.58069
100.106	-55.0878	-6.57899
100.106	-55.0857	-6.5769
100.106	-55.084	-6.57447
100.106	-55.0828	-6.57178
100.106	-55.082	-6.56892
100.106	-55.0818	-6.56597
100.106	-55.082	-6.56302
100.106	-55.0828	-6.56015
100.106	-55.084	-6.55747
100.106	-55.0857	-6.55504
100.106	-55.0878	-6.55295
100.107	-55.0902	-6.55125
100.107	-55.0929	-6.54999
100.107	-55.0958	-6.54923
100.107	-55.0987	-6.54897
101.784	-54.9659	-6.54923
101.785	-54.9687	-6.54999
101.785	-54.9714	-6.55125
101.785	-54.9738	-6.55295
101.785	-54.9759	-6.55504
101.785	-54.9776	-6.55747
101.785	-54.9789	-6.56015
101.785	-54.9796	-6.56302
101.785	-54.9799	-6.56597
101.785	-54.9796	-6.56892
101.785	-54.9789	-6.57178
101.785	-54.9776	-6.57447
101.785	-54.9759	-6.5769
101.785	-54.9738	-6.57899
101.785	-54.9714	-6.58069
101.785	-54.9687	-6.58194
101.784	-54.9659	-6.58271
101.784	-54.9629	-6.58297
101.784	-54.96	-6.58271
101.784	-54.9571	-6.58194
101.783	-54.9545	-6.58069
101.783	-54.952	-6.57899
101.783	-54.95	-6.5769
101.783	-54.9483	-6.57447
101.783	-54.947	-6.57178
101.783	-54.9463	-6.56892
101.783	-54.946	-6.56597
101.783	-54.9463	-6.56302
101.783	-54.947	-6.56015
101.783	-54.9483	-6.55747
101.783	-54.95	-6.55504
101.783	-54.952	-6.55295
101.783	-54.9545	-6.55125
101.784	-54.9571	-6.54999
101.784	-54.96	-6.54923
101.784	-54.9629	-6.54897

#	Triangle	85
35	36	71	0	36	35
0	37	36	1	37	0
1	38	37
2	38	1
2	39	38
3	39	2
3	40	39	4	40	3
4	41	40	5	41	4
5	42	41	6	42	5
6	43	42
7	43	6
7	44	43
8	44	7
8	45	44
9	45	8
9	46	45
10	46	9
10	47	46	11	47	10
11	48	47	12	48	11
12	49	48	13	49	12
13	50	49
14	50	13
14	51	50
15	51	14
15	52	51	16	52	15
16	53	52	17	53	16
17	54	53	18	54	17
18	55	54	19	55	18
19	56	55	20	56	19
20	57	56	21	57	20
21	58	57	22	58	21
22	59	58	23	59	22
23	60	59	24	60	23
24	61	60	25	61	24
25	62	61	26	62	25
26	63	62	27	63	26
27	64	63	28	64	27
28	65	64	29	65	28
29	66	65	30	66	29
30	67	66	31	67	30
31	68	67	32	68	31
32	69	68	33	69	32
33	70	69	34	70	33
34	71	70	35	71	34
7	9	8
6	9	7
6	10	9	27	24	28
5	10	6	28	24	23
5	11	10	28	23	29
4	11	5	29	23	22
4	12	11	29	22	30
3	12	4	30	22	21
3	13	12	30	21	31
2	13	3	31	21	20
2	14	13	31	20	32
1	14	2	32	20	19
1	15	14
0	15	1	33	19	18
0	16	15	33	18	34
35	16	0
35	17	16
34	17	35
34	18	17
32	19	33
27	25	24
26	25	27
45	43	44	62	63	61
46	43	45	61	63	64
46	42	43	61	64	60
47	42	46	60	64	65
47	41	42	60	65	59
48	41	47	59	65	66
48	40	41	59	66	58
49	40	48	58	66	67
49	39	40	58	67	57
50	39	49	57	67	68
50	38	39	57	68	56
51	38	50	56	68	69
51	37	38	56	69	55
52	37	51	55	69	70
52	36	37	55	70	54
53	36	52
53	71	36
54	71	53
54	70	71

#	Normal	85
0.00703761	-0.0869201	0.99619
0.0208985	-0.258113	0.965889
0.0341184	-0.42139	0.906238
0.0340788	-0.420888	0.906472
0.0462519	-0.571231	0.819485
0.0463004	-0.571847	0.819053
0.0570575	-0.704705	0.707202
0.0661374	-0.81685	0.573047
0.0731221	-0.903116	0.423125
0.0779706	-0.963	0.257977
0.0779464	-0.962672	0.259203
0.0803962	-0.992928	0.0873512
0.0804041	-0.99306	0.0858359
0.0803935	-0.992928	-0.0873511
0.0804068	-0.993059	-0.0858359
0.0779729	-0.963	-0.257977
0.0779442	-0.962673	-0.259203
0.0731221	-0.903116	-0.423125
0.0661374	-0.81685	-0.573047
0.0570575	-0.704705	-0.707202
0.0462595	-0.571342	-0.819408
0.0463106	-0.571957	-0.818976
0.0341085	-0.421255	-0.906301
0.0340669	-0.420753	-0.906535
0.0208985	-0.258113	-0.965889
0.00703761	-0.0869201	-0.99619
-0.00702692	0.086788	-0.996202
-0.0209028	0.258166	-0.965874
-0.0341075	0.421255	-0.906301
-0.0462595	0.571342	-0.819408
-0.0571019	0.705254	-0.706651
-0.0660956	0.816334	-0.573786
-0.0731221	0.903116	-0.423125
-0.0779706	0.963	-0.257977
-0.0803939	0.992928	-0.0873511
-0.0803939	0.992928	0.0873511
-0.0779706	0.963	0.257977
-0.0731221	0.903116	0.423125
-0.0660956	0.816334	0.573786
-0.0571019	0.705254	0.706651
-0.0462506	0.571231	0.819485
-0.0341184	0.42139	0.906238
-0.0209028	0.258166	0.965874
-0.00702692	0.086788	0.996202
-1.49914e-006	-9.22546e-008	-0
-4.52048e-006	-3.69019e-007	-0
-8.90338e-006	-7.26807e-007	-0
-1.45361e-005	-1.18106e-006	-0
-2.125e-005	-1.72656e-006	-0
-2.87539e-005	-2.39063e-006	-0
-3.69648e-005	-3.07329e-006	-0
-4.56725e-005	-3.5855e-006	-0
-5.44319e-005	-4.27316e-006	-0
-6.29782e-005	-5.08709e-006	-0
-7.11967e-005	-5.75094e-006	-0
-7.89029e-005	-6.44106e-006	-0
-8.56139e-005	-6.98889e-006	-0
-9.11052e-005	-7.4881e-006	-0
-9.548e-005	-7.84767e-006	-0
-9.84883e-005	-7.84767e-006	-0
-0.99684	-0.0794295	-0
-0.996636	-0.0819515	-0
-9.86191e-005	-8.10926e-006	-0
-8.54891e-005	-6.98889e-006	-0
-4.49741e-006	-3.69019e-007	-0
-1.5222e-006	-1.38382e-007	-0
1.5222e-006	1.38382e-007	-0
4.49741e-006	3.69019e-007	-0
8.85796e-006	7.26807e-007	-0
1.45361e-005	1.18106e-006	-0
2.125e-005	1.72656e-006	-0
2.87539e-005	2.39063e-006	-0
3.69648e-005	3.07329e-006	-0
4.56725e-005	3.5855e-006	-0
5.44319e-005	4.27316e-006	-0
6.30799e-005	5.08709e-006	-0
7.13117e-005	5.75094e-006	-0
7.87879e-005	6.44106e-006	-0
8.54891e-005	6.98889e-006	-0
9.11052e-005	7.4881e-006	-0
9.548e-005	7.84767e-006	-0
9.84883e-005	7.84767e-006	-0
0.99684	0.0794295	-0
0.996636	0.0819515	-0
9.86191e-005	8.10926e-006	-0

#	Mesh	0	End

