#	Mesh	0	Begin

#	Vertex	312
63.5938	-45.4043	-6.5299
63.6038	-45.4035	-6.52574
63.6146	-45.4026	-6.52432
63.6253	-45.4018	-6.52574
63.6353	-45.4009	-6.5299
63.6439	-45.4002	-6.53652
63.6505	-45.3997	-6.54514
63.6547	-45.3994	-6.55519
63.6561	-45.3993	-6.56597
63.6547	-45.3994	-6.57675
63.6505	-45.3997	-6.58679
63.6439	-45.4002	-6.59542
63.6353	-45.4009	-6.60204
63.6253	-45.4018	-6.6062
63.6146	-45.4026	-6.60762
63.6038	-45.4035	-6.6062
63.5938	-45.4043	-6.60204
63.5852	-45.405	-6.59542
63.5786	-45.4055	-6.58679
63.5745	-45.4059	-6.57675
63.5731	-45.406	-6.56597
63.5745	-45.4059	-6.55519
63.5786	-45.4055	-6.54514
63.5852	-45.405	-6.53652
63.5956	-45.4255	-6.5299
63.587	-45.4262	-6.53652
63.598	-45.4253	-6.53414
63.6068	-45.4246	-6.53047
63.6056	-45.4247	-6.52574
63.5904	-45.4259	-6.53998
63.5804	-45.4268	-6.54514
63.5846	-45.4264	-6.54759
63.5809	-45.4267	-6.55646
63.5762	-45.4271	-6.55519
63.5797	-45.4268	-6.56597
63.5748	-45.4272	-6.56597
63.5809	-45.4267	-6.57548
63.5762	-45.4271	-6.57675
63.5846	-45.4264	-6.58434
63.5804	-45.4268	-6.58679
63.5904	-45.4259	-6.59196
63.587	-45.4262	-6.59542
63.598	-45.4253	-6.5978
63.5956	-45.4255	-6.60204
63.6068	-45.4246	-6.60147
63.6056	-45.4247	-6.6062
63.6163	-45.4239	-6.60272
63.6163	-45.4239	-6.60762
63.6258	-45.4231	-6.60147
63.6271	-45.423	-6.6062
63.6346	-45.4224	-6.5978
63.6371	-45.4222	-6.60204
63.6422	-45.4218	-6.59196
63.6457	-45.4215	-6.59542
63.6451	-45.4215	-6.58815
63.648	-45.4213	-6.58434
63.6523	-45.4209	-6.58679
63.6564	-45.4206	-6.57675
63.6489	-45.4212	-6.58213
63.6499	-45.4211	-6.57991
63.6508	-45.4211	-6.5777
63.6517	-45.421	-6.57548
63.6578	-45.4205	-6.56597
63.652	-45.421	-6.5731
63.6523	-45.4209	-6.57072
63.6526	-45.4209	-6.56835
63.6529	-45.4209	-6.56597
63.6564	-45.4206	-6.55519
63.6526	-45.4209	-6.56359
63.6523	-45.4209	-6.56121
63.652	-45.421	-6.55883
63.6517	-45.421	-6.55646
63.6523	-45.4209	-6.54514
63.6508	-45.4211	-6.55424
63.6499	-45.4211	-6.55203
63.6489	-45.4212	-6.54981
63.648	-45.4213	-6.54759
63.6457	-45.4215	-6.53652
63.6451	-45.4215	-6.54379
63.6422	-45.4218	-6.53998
63.6371	-45.4222	-6.5299
63.6346	-45.4224	-6.53414
63.6271	-45.423	-6.52574
63.6258	-45.4231	-6.53047
63.6163	-45.4239	-6.52432
63.6163	-45.4239	-6.52922
63.6639	-45.5134	-6.57675
63.6622	-45.4922	-6.57675
63.6636	-45.4921	-6.56597
63.6653	-45.5133	-6.56597
63.6598	-45.5137	-6.58679
63.6581	-45.4925	-6.58679
63.6515	-45.493	-6.59542
63.6532	-45.5143	-6.59542
63.6446	-45.515	-6.60204
63.6429	-45.4937	-6.60204
63.6346	-45.5158	-6.6062
63.6328	-45.4946	-6.6062
63.6238	-45.5166	-6.60762
63.6221	-45.4954	-6.60762
63.6031	-45.5183	-6.60204
63.6013	-45.4971	-6.60204
63.6114	-45.4963	-6.6062
63.6131	-45.5175	-6.6062
63.5945	-45.519	-6.59542
63.5928	-45.4978	-6.59542
63.5862	-45.4983	-6.58679
63.5879	-45.5196	-6.58679
63.5837	-45.5199	-6.57675
63.582	-45.4987	-6.57675
63.5823	-45.52	-6.56597
63.5806	-45.4988	-6.56597
63.5837	-45.5199	-6.55519
63.582	-45.4987	-6.55519
63.5879	-45.5196	-6.54514
63.5862	-45.4983	-6.54514
63.5928	-45.4978	-6.53652
63.5945	-45.519	-6.53652
63.6031	-45.5183	-6.5299
63.6013	-45.4971	-6.5299
63.6131	-45.5175	-6.52574
63.6114	-45.4963	-6.52574
63.6238	-45.5166	-6.52432
63.6221	-45.4954	-6.52432
63.6446	-45.515	-6.5299
63.6429	-45.4937	-6.5299
63.6328	-45.4946	-6.52574
63.6346	-45.5158	-6.52574
63.6532	-45.5143	-6.53652
63.6515	-45.493	-6.53652
63.6581	-45.4925	-6.54514
63.6598	-45.5137	-6.54514
63.6639	-45.5134	-6.55519
63.6622	-45.4922	-6.55519
63.6038	-45.4969	-6.53414
63.5962	-45.4975	-6.53998
63.6126	-45.4962	-6.53047
63.5904	-45.498	-6.54759
63.5867	-45.4983	-6.55646
63.5855	-45.4984	-6.56597
63.5867	-45.4983	-6.57548
63.5904	-45.498	-6.58434
63.5962	-45.4975	-6.59196
63.6038	-45.4969	-6.5978
63.6126	-45.4962	-6.60147
63.6221	-45.4954	-6.60272
63.6316	-45.4947	-6.60147
63.6404	-45.4939	-6.5978
63.648	-45.4933	-6.59196
63.6509	-45.4931	-6.58815
63.6538	-45.4929	-6.58434
63.6547	-45.4928	-6.58213
63.6557	-45.4927	-6.57991
63.6566	-45.4926	-6.5777
63.6575	-45.4926	-6.57548
63.6578	-45.4925	-6.5731
63.6581	-45.4925	-6.57072
63.6584	-45.4925	-6.56835
63.6587	-45.4925	-6.56597
63.6584	-45.4925	-6.56359
63.6581	-45.4925	-6.56121
63.6578	-45.4925	-6.55883
63.6575	-45.4926	-6.55646
63.6566	-45.4926	-6.55424
63.6557	-45.4927	-6.55203
63.6547	-45.4928	-6.54981
63.6538	-45.4929	-6.54759
63.6509	-45.4931	-6.54379
63.648	-45.4933	-6.53998
63.6404	-45.4939	-6.53414
63.6316	-45.4947	-6.53047
63.6221	-45.4954	-6.52922
63.6523	-45.4281	-6.55783
63.651	-45.4301	-6.55289
63.6519	-45.4287	-6.55512
63.6528	-45.4273	-6.5619
63.6492	-45.4329	-6.54843
63.6437	-45.4424	-6.53984
63.646	-45.4383	-6.54302
63.6576	-45.4861	-6.5619
63.6583	-45.4868	-6.56597
63.6578	-45.4864	-6.56326
63.6482	-45.4343	-6.5462
63.6403	-45.4524	-6.53623
63.6501	-45.4315	-6.55066
63.6534	-45.4265	-6.56597
63.653	-45.4271	-6.56326
63.6491	-45.4764	-6.54302
63.6462	-45.4727	-6.53984
63.6567	-45.4852	-6.55648
63.6565	-45.4849	-6.55512
63.6569	-45.4854	-6.55783
63.6553	-45.4837	-6.55289
63.6574	-45.4859	-6.56054
63.6412	-45.4634	-6.53623
63.6542	-45.4825	-6.55066
63.6519	-45.48	-6.5462
63.6531	-45.4812	-6.54843
63.6527	-45.4276	-6.56054
63.6407	-45.4579	-6.53623
63.6525	-45.4279	-6.55919
63.6572	-45.4857	-6.55919
63.6521	-45.4284	-6.55647
63.6576	-45.4861	-6.57004
63.6578	-45.4864	-6.56868
63.6528	-45.4273	-6.57004
63.6574	-45.4859	-6.57139
63.6569	-45.4854	-6.57411
63.6572	-45.4857	-6.57275
63.6527	-45.4276	-6.5714
63.6525	-45.4279	-6.57275
63.6523	-45.4281	-6.57411
63.653	-45.4271	-6.56868
63.6519	-45.48	-6.58573
63.6531	-45.4812	-6.58351
63.6492	-45.4329	-6.58351
63.6542	-45.4825	-6.58128
63.6482	-45.4343	-6.58574
63.646	-45.4383	-6.58892
63.6565	-45.4849	-6.57682
63.6567	-45.4852	-6.57546
63.6521	-45.4284	-6.57547
63.6519	-45.4287	-6.57682
63.6403	-45.4524	-6.59571
63.651	-45.4301	-6.57905
63.6437	-45.4424	-6.5921
63.6501	-45.4315	-6.58128
63.6553	-45.4837	-6.57905
63.6412	-45.4634	-6.59571
63.6462	-45.4727	-6.5921
63.6491	-45.4764	-6.58892
63.6407	-45.4579	-6.59571
63.6583	-45.4266	-6.56988
63.6584	-45.4272	-6.5738
63.6586	-45.4302	-6.58109
63.659	-45.435	-6.58736
63.6585	-45.4287	-6.57745
63.6595	-45.4412	-6.59217
63.6583	-45.4261	-6.56597
63.6631	-45.4859	-6.56988
63.6632	-45.4864	-6.56597
63.6601	-45.4485	-6.59519
63.6607	-45.4563	-6.59622
63.6631	-45.4854	-6.5738
63.6614	-45.4641	-6.59519
63.6619	-45.4714	-6.59217
63.6624	-45.4776	-6.58736
63.6628	-45.4824	-6.58109
63.663	-45.4839	-6.57745
63.6631	-45.4859	-6.56205
63.6631	-45.4854	-6.55814
63.6628	-45.4824	-6.55084
63.6624	-45.4776	-6.54458
63.663	-45.4839	-6.55449
63.6619	-45.4714	-6.53977
63.6586	-45.4302	-6.55084
63.6585	-45.4287	-6.55449
63.6584	-45.4272	-6.55814
63.6607	-45.4563	-6.53572
63.6614	-45.4641	-6.53675
63.6601	-45.4485	-6.53675
63.6595	-45.4412	-6.53977
63.6583	-45.4266	-6.56205
63.659	-45.435	-6.54458
63.6627	-45.4803	-6.54189
63.6621	-45.4732	-6.53648
63.6631	-45.4857	-6.54894
63.6634	-45.4891	-6.55716
63.6635	-45.4902	-6.56597
63.6634	-45.4891	-6.57478
63.6631	-45.4857	-6.58299
63.6627	-45.4803	-6.59005
63.6621	-45.4732	-6.59546
63.6614	-45.4651	-6.59886
63.6607	-45.4563	-6.60002
63.66	-45.4475	-6.59886
63.6593	-45.4393	-6.59546
63.6588	-45.4323	-6.59005
63.6583	-45.4269	-6.58299
63.6581	-45.4235	-6.57478
63.658	-45.4223	-6.56597
63.6581	-45.4235	-6.55716
63.6583	-45.4269	-6.54894
63.6588	-45.4323	-6.54189
63.6593	-45.4393	-6.53648
63.66	-45.4475	-6.53308
63.6607	-45.4563	-6.53192
63.6614	-45.4651	-6.53308
63.6798	-45.4547	-6.53192
63.6805	-45.4635	-6.53308
63.6811	-45.4717	-6.53648
63.6817	-45.4787	-6.54189
63.6821	-45.4841	-6.54894
63.6824	-45.4875	-6.55716
63.6825	-45.4887	-6.56597
63.6824	-45.4875	-6.57478
63.6821	-45.4841	-6.58299
63.6817	-45.4787	-6.59005
63.6811	-45.4717	-6.59546
63.6805	-45.4635	-6.59886
63.6798	-45.4547	-6.60002
63.679	-45.4459	-6.59886
63.6784	-45.4378	-6.59546
63.6778	-45.4307	-6.59005
63.6774	-45.4253	-6.58299
63.6771	-45.422	-6.57478
63.677	-45.4208	-6.56597
63.6771	-45.422	-6.55716
63.6774	-45.4253	-6.54894
63.6778	-45.4307	-6.54189
63.6784	-45.4378	-6.53648
63.679	-45.4459	-6.53308

#	Triangle	287
3	1	2	14	15	13
4	1	3	13	15	16
4	0	1	13	16	12
5	0	4	12	16	17
5	23	0	12	17	11
6	23	5	11	17	18
6	22	23	11	18	10
7	22	6
7	21	22
8	21	7
8	20	21
9	20	8
9	19	20
10	19	9
10	18	19
26	24	25	24	27	28	25	30	29	33	32	30	35	34	33	37	36	35	39	38	37	40	39	41	42	41	43	43	45	44	47	46	45	49	48	47	49	51	50	53	52	51	53	56	55	56	57	55	62	61	57	62	67	66	72	71	67	77	76	72	79	77	80	82	81	80	82	84	83	84	28	85
27	24	26	29	26	25	30	31	29	30	32	31	34	32	33	35	36	34	37	38	36	39	40	38	40	41	42	44	42	43	46	44	45	48	46	47	50	48	49	50	51	52	81	79	80	81	82	83	83	84	85	85	28	27
52	53	54	54	53	55	76	77	78	78	77	79
55	57	58	58	57	59	59	57	60	60	57	61	61	62	63	63	62	64	64	62	65	65	62	66	66	67	68	68	67	69	69	67	70	70	67	71	71	72	73	73	72	74	74	72	75	75	72	76
62	9	8
57	9	62
89	87	88	86	87	89
57	10	9
56	10	57	86	91	87	90	91	86
12	53	51	11	53	12	95	93	94	92	93	95
10	53	11	56	53	10	91	93	92	90	93	91
13	51	49	12	51	13	97	94	96	95	94	97
14	49	47	13	49	14	99	96	98	97	96	99
45	16	15	43	16	45	103	101	102	100	101	103
43	17	16	41	17	43	100	105	101	104	105	100
19	39	37
18	39	19
109	107	108
106	107	109
17	39	18	41	39	17	105	107	106	104	107	105
20	37	35
19	37	20
111	108	110
109	108	111
45	14	47	15	14	45
103	99	98	102	99	103
35	21	20
33	21	35
110	113	111
112	113	110
33	22	21
30	22	33
112	115	113
114	115	112
0	25	24	23	25	0	119	117	118	116	117	119
22	25	23	30	25	22	115	117	116	114	117	115
1	24	28	0	24	1	121	118	120	119	118	121
2	28	84	1	28	2
123	120	122	121	120	123
82	4	3	80	4	82	127	125	126	124	125	127
80	5	4	77	5	80	124	129	125	128	129	124
7	72	67
6	72	7
133	131	132	130	131	133
5	72	6	77	72	5	129	131	130	128	131	129
8	67	62	88	132	89	133	132	88
7	67	8
82	2	84	3	2	82	127	123	122	126	123	127
119	134	116	115	116	135	138	113	115	139	111	113	140	109	111	141	106	109	106	142	105	105	143	101	102	101	144	145	99	102	146	97	99	95	97	147	148	92	95	91	92	150	87	91	150	154	88	87	133	88	158	162	130	133	166	129	130	129	168	125	169	126	125	123	126	170	121	123	171	136	119	121
134	135	116	119	136	134	137	115	135	138	115	137	138	139	113	140	111	139	141	109	140	142	106	141	105	142	143	143	144	101	144	145	102	145	146	99	146	147	97	95	147	148	168	169	125	126	169	170	123	170	171	121	171	136
149	92	148	150	92	149	167	129	166	168	129	167
151	87	150	152	87	151	153	87	152	154	87	153	155	88	154	156	88	155	157	88	156	158	88	157	159	133	158	160	133	159	161	133	160	162	133	161	163	130	162	164	130	163	165	130	164	166	130	165
120	127	122	98	96	103
118	127	120	103	96	94
118	124	127	103	94	100
117	124	118	100	94	93
117	128	124	100	93	104
114	128	117	104	93	90
114	131	128	104	90	107
112	131	114	107	90	86
112	132	131	107	86	108
110	132	112	108	86	89
110	89	132	108	89	110
71	172	70
174	73	173
69	175	68	160	159	179
76	176	75	166	165	197
79	177	178	188	168	187
181	159	180	185	68	186	70	198	69
179	159	181	186	68	175
178	182	78	187	167	196
79	183	177
75	176	184	195	197	165
183	79	81
173	73	74
191	190	162
189	190	191	183	194	199	198	172	200	191	193	201	172	174	202	206	207	208	211	209	210	207	219	220	222	211	221	228	223	231	236	234	233	217	225	218	223	228	231	243	247	248	229	213	230	253	251	250	257	255	256	196	188	187	194	183	199	177	182	178
78	182	76
190	192	163
160	179	193	175	69	198
162	190	163
73	174	71
168	188	194
195	164	192	173	74	184
167	166	196
165	164	195	75	184	74
167	187	168
168	194	169
196	166	197
160	193	161
169	194	183
164	163	192
171	83	85	170	83	171
170	81	83	169	81	170
70	172	198
136	85	27	171	85	136
161	193	191
137	32	138
31	32	137
78	79	178
135	26	29	134	26	135
158	180	159	66	68	185
161	191	162
137	29	31
135	29	137
136	26	134
27	26	136
139	32	34
138	32	139
71	174	172
183	81	169
176	76	182
141	36	38
140	36	141
204	157	203	205	65	212
180	157	204	212	65	185	64	209	63
140	34	36
139	34	140
142	38	40
141	38	142
145	48	146	46	48	145
64	65	205	156	203	157
144	42	44
143	42	144
203	156	206	64	205	209
155	207	206
145	44	46	144	44	145
142	42	143	40	42	142
63	209	211
147	48	50	146	48	147
214	150	213
55	58	215	151	150	214
151	216	152	59	226	58
218	54	217	213	149	230
154	219	207
61	211	222
147	50	223
222	224	60
54	218	52
55	217	54
225	52	218	229	230	148
52	225	223
50	52	223
60	61	222
151	214	216	226	215	58
59	60	224
63	211	61
66	185	65	158	157	180
219	153	227
148	228	229
217	55	215
226	59	224	227	152	216
147	228	148
155	206	156
207	155	154
153	219	154
152	227	153
149	213	150
149	148	230
147	223	228
209	232	233
235	217	234
233	234	222
225	235	237
238	232	185
217	215	234	215	226	234	226	224	234	224	222	234
240	180	239
223	225	241
235	225	217
242	228	223
241	225	237
209	205	232	205	212	232
212	185	232
239	206	243
244	228	242
244	245	229
247	213	246
229	245	246
219	247	243
228	244	229
246	213	229
219	227	247	227	216	247	216	214	247	214	213	247
222	221	233	221	211	233	211	210	233	210	209	233
206	208	243	208	207	243	207	220	243	220	219	243
180	204	239
204	203	239	203	206	239
241	242	223
193	249	250
252	196	251
250	251	190
188	252	254
174	255	257
240	249	180
196	197	251	197	195	251	195	192	251	192	190	251
259	258	194
194	188	259
252	188	196
258	183	194
259	188	254
183	258	260
190	189	250	189	191	250	191	201	250	201	193	250
260	261	177
174	173	255	173	184	255	184	176	255	176	182	255
185	186	262
186	175	262	175	198	262
238	185	262
193	179	249	179	181	249
181	180	249
263	177	261
263	182	177
260	177	183
198	200	257	200	172	257	172	202	257	202	174	257
262	198	257
263	255	182
265	254	264	266	264	252	250	267	266	240	268	267	243	269	268	247	270	269	270	246	271	271	245	272	273	272	244	242	274	273	241	275	274	276	275	237	235	277	276	278	277	234	279	278	234	233	280	279	281	280	238	257	282	281	255	283	282	283	263	284	261	285	284	286	285	260	287	286	258	259	265	287
254	252	264	265	259	254	251	266	252	246	270	247	271	246	245	245	244	272	244	242	273	242	241	274	241	237	275	276	237	235	234	277	235	255	263	283	263	261	284	285	261	260	286	260	258	287	258	259
253	266	251	250	266	253	249	267	250	240	267	249	239	268	240	243	268	239	248	269	243	247	269	248	236	279	234	233	279	236	232	280	233	238	280	232	262	281	238	257	281	262	256	282	257	255	282	256
289	311	288	300	301	299
290	311	289	299	301	302
290	310	311	299	302	298
291	310	290
291	309	310
292	309	291	297	303	304
292	308	309	297	304	296
293	308	292
293	307	308
294	307	293
294	306	307
295	306	294
295	305	306
296	305	295
296	304	305
298	303	297
298	302	303
306	279	280
305	279	306
305	278	279
304	278	305
276	303	302
277	303	276
278	303	277	304	303	278
275	302	301
276	302	275
274	301	300
275	301	274
299	272	273
298	272	299
298	271	272
297	271	298
269	296	295	270	296	269
271	296	270	297	296	271
268	295	294	269	295	268
299	274	300	273	274	299
294	267	268	293	267	294
293	266	267	292	266	293
265	291	290
264	291	265
266	291	264	292	291	266
287	290	289
265	290	287
286	289	288	287	289	286
311	284	285
310	284	311
310	283	284
309	283	310
281	306	280
307	306	281
282	309	308	283	309	282
308	281	282
307	281	308
311	286	288
285	286	311

#	Normal	287
-2.46653e-006	3.04962e-005	-4.19769e-008
-7.23322e-006	8.94318e-005	5.92194e-008
-0.0807479	0.996735	-0.00034168
-0.0807479	0.996735	-0.000181382
-0.0807072	0.996738	0.000128259
-0.0807072	0.996738	0.000108022
-0.080733	0.996736	-8.81994e-005
-0.080733	0.996736	2.39401e-005
-0.080735	0.996736	8.30644e-006
-0.080735	0.996736	-0.000145487
-0.0807013	0.996738	0.000111775
-0.0807013	0.996738	0.000141018
-0.080735	0.996736	-0.000116232
-0.080735	0.996736	-2.30881e-005
-0.080733	0.996736	-7.45365e-006
4.26922e-006	-5.26443e-005	-1.5274e-008
3.76496e-006	-4.646e-005	-1.50604e-008
1.89595e-006	-2.32247e-005	4.3335e-009
9.42358e-007	-1.16236e-005	5.95093e-010
0.988173	0.0799993	-0.130825
0.988204	0.0801836	-0.130473
0.988219	0.080003	-0.130473
0.920945	0.0747261	-0.382462
0.920832	0.0745476	-0.382768
0.60677	0.0491222	-0.793358
0.790749	0.0640165	-0.608783
0.381475	0.030883	-0.923863
0.130064	0.0105296	-0.99145
-0.381475	-0.030883	-0.923863
-0.60677	-0.0491222	-0.793358
-0.920945	-0.0747261	-0.382462
-0.920832	-0.0745476	-0.382768
-0.920833	-0.074534	-0.382768
-0.920842	-0.0745484	-0.382743
-0.790749	-0.0640165	-0.608783
-0.988173	-0.0799993	-0.130825
-0.988204	-0.0801836	-0.130473
-0.988219	-0.080003	-0.130473
-0.988216	-0.0799881	-0.130501
-0.13006	-0.0105293	-0.99145
-0.130107	-0.010533	-0.991444
-0.988219	-0.080003	0.130473
-0.988158	-0.0801799	0.130824
-0.988215	-0.0800027	0.130501
-0.98822	-0.0799884	0.130473
-0.920818	-0.0747159	0.382768
-0.920958	-0.0745578	0.382462
-0.920843	-0.0745348	0.382743
-0.920832	-0.0745476	0.382768
-0.60677	-0.0491222	0.793358
-0.790749	-0.0640165	0.608783
-0.381475	-0.030883	0.923863
-0.13006	-0.0105293	0.99145
-0.130107	-0.010533	0.991444
0.381475	0.030883	0.923863
0.60677	0.0491222	0.793358
0.920818	0.0747159	0.382768
0.920958	0.0745578	0.382462
0.920832	0.0745476	0.382768
0.790749	0.0640165	0.608783
0.988219	0.080003	0.130473
0.988158	0.0801799	0.130824
0.130064	0.0105296	0.99145
-4.26922e-006	5.26443e-005	1.5274e-008
-3.76738e-006	4.64498e-005	1.58081e-008
-1.86755e-006	2.32247e-005	-2.21252e-009
-9.42358e-007	1.1594e-005	2.05994e-009
2.46653e-006	-3.04907e-005	4.53644e-008
7.23322e-006	-8.94156e-005	5.60455e-008
0.0807554	-0.996734	-0.000323398
0.0807554	-0.996734	-0.000191252
0.0807126	-0.996737	0.000135235
0.0807126	-0.996737	0.000103915
0.0807374	-0.996735	-8.48447e-005
0.0807374	-0.996735	-9.26492e-006
0.080735	-0.996736	8.30644e-006
0.080735	-0.996736	-0.000116232
0.0807051	-0.996738	0.000112273
1.70028e-005	1.0017e-006	2.24432e-006
1.81755e-005	1.74553e-006	8.62253e-006
1.5194e-005	1.04228e-006	1.98206e-006
2.58035e-005	1.73048e-006	1.07023e-005
6.49068e-005	5.16007e-006	5.24682e-005
1.64673e-005	1.46024e-006	2.4749e-006
8.23513e-006	7.30917e-007	1.22548e-006
5.0359e-005	4.47185e-006	4.13069e-005
0.644376	0.0528856	0.762878
2.41119e-005	1.74416e-006	1.10763e-005
0.605941	0.0590385	0.793316
1.98678e-005	1.7372e-006	8.289e-006
2.00017e-005	2.12177e-006	2.94594e-006
1.14441e-010	-5.18799e-009	9.15527e-010
4.92655e-005	4.83417e-006	3.79706e-005
1.82149e-005	1.19767e-006	8.61734e-006
8.82157e-006	8.39172e-007	1.33086e-006
1.69517e-005	1.00111e-006	7.02638e-006
1.68999e-005	1.73672e-006	7.02968e-006
0.64402	0.0513197	0.763286
2.11467e-005	1.67898e-006	9.8455e-006
4.93834e-005	3.14673e-006	3.79568e-005
2.28134e-005	1.96375e-006	9.4767e-006
6.385e-005	4.80347e-006	4.91213e-005
0.607532	0.0392179	0.793327
2.69998e-005	2.63291e-006	1.22971e-005
1.57509e-005	1.52781e-006	2.08499e-006
2.31202e-005	1.86745e-006	3.56686e-005
1.98869e-005	1.48243e-006	8.25333e-006
0.130126	0.0105331	0.991441
0.381388	0.0308716	0.923899
1.88899e-005	1.15368e-006	2.78381e-006
-0.130122	-0.0105328	0.991442
1.88129e-005	1.90119e-006	2.78717e-006
-0.920974	-0.0745988	0.382416
-0.920835	-0.0745373	0.382762
6.38146e-005	5.52055e-006	4.91441e-005
-0.606771	-0.0491485	0.793355
1.33944e-005	1.08679e-006	1.77275e-006
1.6933e-005	1.74839e-006	2.24539e-006
-0.790812	-0.0640126	0.608702
-0.790614	-0.0640397	0.608957
-0.38153	-0.0309039	0.92384
-0.381388	-0.0308716	0.923899
-0.98824	-0.0799934	0.13032
-0.988183	-0.0800428	0.130719
2.00989e-005	1.1231e-006	2.97032e-006
0.542539	0.043916	0.838882
2.70797e-005	1.73935e-006	1.23004e-005
-0.920835	-0.0745373	-0.382762
-0.920974	-0.0745988	-0.382416
8.23513e-006	7.30917e-007	-1.22548e-006
1.64673e-005	1.46024e-006	-2.4749e-006
-0.988235	-0.080047	-0.13032
-0.988187	-0.0799892	-0.130719
-0.790809	-0.0640555	-0.608702
-0.790617	-0.0639968	-0.608957
0.130126	0.0105331	-0.991441
1.5194e-005	1.04228e-006	-1.98206e-006
-0.381345	-0.0308681	-0.923917
-0.381486	-0.0309004	-0.923858
8.82157e-006	8.39172e-007	-1.33086e-006
1.88129e-005	1.90119e-006	-2.78717e-006
-0.130122	-0.0105328	-0.991442
-0.606803	-0.049151	-0.793331
1.88899e-005	1.15368e-006	-2.78381e-006
0.381345	0.0308681	-0.923917
2.69998e-005	2.63291e-006	-1.22971e-005
2.58035e-005	1.73048e-006	-1.07023e-005
2.28134e-005	1.96375e-006	-9.4767e-006
5.0359e-005	4.47185e-006	-4.13069e-005
2.00017e-005	2.12177e-006	-2.94594e-006
2.00989e-005	1.1231e-006	-2.97032e-006
0.542628	0.0439232	-0.838824
1.81755e-005	1.74553e-006	-8.62253e-006
6.38146e-005	5.52055e-006	-4.91441e-005
4.92655e-005	4.83417e-006	-3.79706e-005
6.49068e-005	5.16007e-006	-5.24682e-005
0.644376	0.0528856	-0.762878
0.605974	0.0590335	-0.793291
1.68999e-005	1.73672e-006	-7.02968e-006
2.40732e-005	2.1603e-006	-1.10689e-005
1.98678e-005	1.7372e-006	-8.289e-006
1.70028e-005	1.0017e-006	-2.24432e-006
1.33944e-005	1.08679e-006	-1.77275e-006
1.82149e-005	1.19767e-006	-8.61734e-006
0.643945	0.0512946	-0.76335
2.70797e-005	1.73935e-006	-1.23004e-005
2.1139e-005	1.74887e-006	-9.85217e-006
0.607563	0.0392281	-0.793302
1.57509e-005	1.52781e-006	-2.08499e-006
1.6933e-005	1.74839e-006	-2.24539e-006
1.69517e-005	1.00111e-006	-7.02638e-006
1.98869e-005	1.48243e-006	-8.25333e-006
4.93834e-005	3.14673e-006	-3.79568e-005
6.385e-005	4.80347e-006	-4.91213e-005
2.31255e-005	1.86788e-006	-3.56686e-005
-2.95158e-006	2.22219e-005	-2.95947e-006
-3.76737e-006	6.67728e-005	-5.12736e-005
-1.89363e-006	4.77282e-005	-1.97649e-005
-0.0480129	0.606748	-0.793443
-1.54441e-006	1.9114e-005	-2.51558e-006
-2.68858e-006	1.88397e-005	-1.08374e-005
1.54441e-006	-1.9114e-005	-2.51404e-006
-0.044906	0.352396	-0.934773
-0.0764078	0.644416	-0.760848
-0.0254242	-0.00219131	-0.999674
-0.032054	0.381267	-0.923909
-8.85406e-007	7.40015e-006	-1.3506e-006
-1.77692e-006	1.48029e-005	-2.67909e-006
6.71938e-007	-2.24132e-005	-2.95964e-006
0.0212538	-0.129209	-0.99139
0.0297308	-0.381455	-0.923909
7.04686e-006	-6.64917e-005	-5.1307e-005
0.0503382	-0.606817	-0.793246
5.82094e-006	-4.74042e-005	-1.97615e-005
0.0124509	-0.355124	-0.934736
0.0284772	-0.64839	-0.760775
3.68195e-007	-1.90257e-005	-1.08572e-005
-1.23022e-006	8.17043e-006	-1.45345e-006
9.86958e-008	-8.26312e-006	-1.44447e-006
6.23169e-007	-1.48967e-005	-2.67761e-006
3.11691e-007	-7.44729e-006	-1.33795e-006
0.000191757	0.131012	-0.991381
6.71938e-007	-2.24132e-005	2.95964e-006
7.04686e-006	-6.64917e-005	5.1307e-005
5.82094e-006	-4.74042e-005	1.97615e-005
0.0503138	-0.606819	0.793246
-1.89363e-006	4.77282e-005	1.97649e-005
1.54441e-006	-1.9114e-005	2.51404e-006
3.76186e-007	-1.90257e-005	1.08279e-005
0.0212538	-0.129209	0.99139
0.012449	-0.355167	0.93472
0.0284681	-0.648365	0.760797
-0.0254242	-0.00219131	0.999674
0.0297024	-0.381458	0.923909
0.000191757	0.131012	0.991381
9.87053e-008	-8.26492e-006	1.44455e-006
-0.032054	0.381267	0.923909
-2.68789e-006	1.88392e-005	1.08374e-005
-1.77692e-006	1.48029e-005	2.67909e-006
-8.86013e-007	7.40015e-006	1.32921e-006
-1.54441e-006	1.9114e-005	2.51558e-006
3.11089e-007	-7.44669e-006	1.3172e-006
6.23169e-007	-1.48967e-005	2.67761e-006
-0.0480129	0.606748	0.793443
-0.0764078	0.644416	0.760848
-0.044906	0.352396	0.934773
-1.23191e-006	8.17991e-006	1.43457e-006
-2.95158e-006	2.22219e-005	2.95947e-006
-3.76737e-006	6.67728e-005	5.12736e-005
-3.33787e-005	-2.70126e-006	-9.90295e-009
-2.96544e-005	-2.40556e-006	1.51672e-008
-1.48345e-005	-1.19905e-006	3.17383e-009
2.03843e-005	1.6496e-006	6.24221e-017
5.97631e-005	4.83632e-006	3.17383e-008
0.996733	0.0807666	-0.000274049
0.996733	0.0807666	-0.00055787
0.996744	0.0806351	0.000444186
0.996744	0.0806351	0.000154122
0.996741	0.0806718	-0.000125835
0.996741	0.0806718	-0.000119533
0.996738	0.0807058	-0.000378846
0.996738	0.0807058	1.45299e-005
0.996743	0.080648	0.00045537
0.996743	0.080648	-2.21698e-005
0.996738	0.0807058	-0.000463034
0.996738	0.0807058	0.000133674
0.996741	0.0806718	0.000392972
0.996744	0.0806351	0.000385976
0.996733	0.0807666	-0.000616175
-0.0800866	0.988208	-0.130503
-0.0798973	0.988171	-0.130899
-0.0744556	0.920869	-0.382698
-0.0746396	0.920996	-0.382354
-0.0490513	0.606668	-0.793441
-0.0491807	0.606852	-0.793292
-0.0640813	0.790714	-0.608823
-0.0309158	0.381478	-0.923861
-0.0308329	0.381342	-0.92392
-0.0105152	0.130078	-0.991448
-0.0105463	0.130133	-0.99144
0.0308256	-0.38133	-0.923925
0.0309158	-0.381478	-0.923861
0.0491807	-0.606852	-0.793292
0.0491921	-0.606868	-0.793279
0.0746434	-0.920853	-0.382697
0.0640943	-0.790713	-0.608823
0.0801029	-0.988207	-0.130503
0.0105152	-0.130078	-0.991448
0.0801029	-0.988207	0.130503
0.0746434	-0.920853	0.382697
0.0491821	-0.606869	0.793279
0.0491907	-0.606851	0.793292
0.0640943	-0.790713	0.608823
0.0308381	-0.381484	0.923861
0.0309033	-0.381324	0.923925
0.0105152	-0.130078	0.991448
-0.0309043	0.381336	0.92392
-0.0308444	0.381484	0.923861
-0.049067	0.606861	0.793292
-0.049165	0.606658	0.793441
-0.0800866	0.988208	0.130503
-0.0798973	0.988171	0.130899
-0.0640813	0.790714	0.608823
-0.0746281	0.920855	0.382697
-0.0744671	0.92101	0.382354
-0.0105152	0.130078	0.991448
-0.0105463	0.130133	0.99144

#	Mesh	0	End

