#	Mesh	0	Begin

#	Vertex	72
65.023	-13.9133	-6.54204
65.019	-13.9136	-6.54313
65.0151	-13.9139	-6.54492
65.0117	-13.9142	-6.54735
65.0087	-13.9144	-6.55035
65.0063	-13.9146	-6.55382
65.0045	-13.9148	-6.55766
65.0034	-13.9149	-6.56175
65.003	-13.9149	-6.56597
65.0034	-13.9149	-6.57019
65.0045	-13.9148	-6.57428
65.0063	-13.9146	-6.57812
65.0087	-13.9144	-6.58159
65.0117	-13.9142	-6.58458
65.0151	-13.9139	-6.58701
65.019	-13.9136	-6.5888
65.023	-13.9133	-6.5899
65.0272	-13.9129	-6.59027
65.0315	-13.9126	-6.5899
65.0355	-13.9123	-6.5888
65.0394	-13.9119	-6.58701
65.0428	-13.9117	-6.58458
65.0458	-13.9114	-6.58159
65.0482	-13.9112	-6.57812
65.05	-13.9111	-6.57428
65.0511	-13.911	-6.57019
65.0515	-13.911	-6.56597
65.0511	-13.911	-6.56175
65.05	-13.9111	-6.55766
65.0482	-13.9112	-6.55382
65.0458	-13.9114	-6.55035
65.0428	-13.9117	-6.54735
65.0394	-13.9119	-6.54492
65.0355	-13.9123	-6.54313
65.0315	-13.9126	-6.54204
65.0272	-13.9129	-6.54167
65.4613	-19.3264	-6.54204
65.4572	-19.3267	-6.54313
65.4534	-19.327	-6.54492
65.45	-19.3273	-6.54735
65.447	-19.3275	-6.55035
65.4446	-19.3277	-6.55382
65.4428	-19.3279	-6.55766
65.4417	-19.328	-6.56175
65.4413	-19.328	-6.56597
65.4417	-19.328	-6.57019
65.4428	-19.3279	-6.57428
65.4446	-19.3277	-6.57812
65.447	-19.3275	-6.58159
65.45	-19.3273	-6.58458
65.4534	-19.327	-6.58701
65.4572	-19.3267	-6.5888
65.4613	-19.3264	-6.5899
65.4655	-19.326	-6.59027
65.4697	-19.3257	-6.5899
65.4738	-19.3254	-6.5888
65.4776	-19.325	-6.58701
65.4811	-19.3248	-6.58458
65.4841	-19.3245	-6.58159
65.4865	-19.3243	-6.57812
65.4883	-19.3242	-6.57428
65.4894	-19.3241	-6.57019
65.4898	-19.3241	-6.56597
65.4894	-19.3241	-6.56175
65.4883	-19.3242	-6.55766
65.4865	-19.3243	-6.55382
65.4841	-19.3245	-6.55035
65.4811	-19.3248	-6.54735
65.4776	-19.325	-6.54492
65.4738	-19.3254	-6.54313
65.4697	-19.3257	-6.54204
65.4655	-19.326	-6.54167

#	Triangle	96
35	36	71
0	36	35
0	37	36	1	37	0
1	38	37
2	38	1
2	39	38
3	39	2
3	40	39
4	40	3
4	41	40
5	41	4
5	42	41
6	42	5
6	43	42	7	43	6
7	44	43
8	44	7
8	45	44
9	45	8
9	46	45	10	46	9
10	47	46
11	47	10
11	48	47
12	48	11
12	49	48
13	49	12
13	50	49
14	50	13
14	51	50
15	51	14
15	52	51	16	52	15
16	53	52
17	53	16
17	54	53
18	54	17
18	55	54	19	55	18
19	56	55
20	56	19
20	57	56
21	57	20
21	58	57	22	58	21
22	59	58
23	59	22
23	60	59
24	60	23
24	61	60
25	61	24
25	62	61
26	62	25
26	63	62
27	63	26
27	64	63
28	64	27
28	65	64
29	65	28
29	66	65
30	66	29
30	67	66	31	67	30
31	68	67
32	68	31
32	69	68
33	69	32
33	70	69	34	70	33
34	71	70
35	71	34
7	9	8	26	25	27
6	9	7	27	25	24
6	10	9	27	24	28
5	10	6	28	24	23
5	11	10
4	11	5	29	23	22
4	12	11	29	22	30
3	12	4	30	22	21
3	13	12	30	21	31
2	13	3	2	14	13	31	20	32	31	21	20
1	14	2	1	15	14	32	19	33	32	20	19
0	15	1	0	16	15	33	18	34	33	19	18
35	16	0	35	17	16
34	17	35	34	18	17
28	23	29
45	43	44	62	63	61
46	43	45	61	63	64
46	42	43	61	64	60
47	42	46	60	64	65
47	41	42	60	65	59
48	41	47	59	65	66
48	40	41	59	66	58
49	40	48	58	66	67
49	39	40
50	39	49	50	38	39
51	38	50	51	37	38
52	37	51	52	36	37	55	70	54	55	69	70
53	36	52	53	71	36
54	71	53	54	70	71
56	69	55	56	68	69
57	68	56	57	67	68
58	67	57

#	Normal	96
-0.0868389	-0.00703107	0.996198
-0.0869217	-0.00703771	0.99619
-0.25795	-0.0208852	0.965932
-0.421429	-0.0341215	0.906219
-0.421064	-0.0340922	0.90639
-0.571871	-0.0463026	0.819035
-0.571889	-0.046304	0.819023
-0.704452	-0.0570372	0.707456
-0.70491	-0.0570738	0.706997
-0.816457	-0.0661054	0.57361
-0.816448	-0.0661047	0.573622
-0.903621	-0.0731627	0.422038
-0.90327	-0.0731349	0.422794
-0.962716	-0.0779481	0.259042
-0.992962	-0.080397	0.0869627
-0.992961	-0.0803969	0.0869811
-0.992962	-0.080397	-0.0869627
-0.992961	-0.0803969	-0.0869811
-0.962716	-0.0779481	-0.259042
-0.903621	-0.0731633	-0.422038
-0.90327	-0.0731343	-0.422794
-0.816457	-0.0661054	-0.57361
-0.816448	-0.0661047	-0.573622
-0.704452	-0.0570367	-0.707456
-0.70491	-0.0570743	-0.706997
-0.571871	-0.0463026	-0.819035
-0.571889	-0.0463041	-0.819023
-0.421429	-0.0341218	-0.906219
-0.421064	-0.0340919	-0.90639
-0.25795	-0.0208852	-0.965932
-0.0868389	-0.00703101	-0.996198
-0.0869217	-0.00703777	-0.99619
0.0868421	0.00703133	-0.996197
0.0868405	0.0070312	-0.996197
0.25795	0.0208854	-0.965932
0.421415	0.0341207	-0.906226
0.421064	0.0340919	-0.90639
0.571459	0.0462688	-0.819326
0.571889	0.046304	-0.819023
0.70491	0.0570743	-0.706997
0.816457	0.066106	-0.57361
0.816448	0.0661052	-0.573622
0.90327	0.0731349	-0.422794
0.903277	0.0731355	-0.422778
0.962944	0.0779666	-0.258184
0.962711	0.077947	-0.259059
0.992879	0.0803896	-0.0879117
0.992961	0.0803969	-0.0869811
0.992879	0.0803903	0.0879117
0.992961	0.0803962	0.0869811
0.962945	0.0779659	0.258184
0.962711	0.0779477	0.259059
0.90327	0.0731349	0.422794
0.903277	0.0731355	0.422778
0.816457	0.0661059	0.57361
0.816448	0.0661053	0.573622
0.70491	0.0570743	0.706997
0.571459	0.0462692	0.819326
0.571889	0.0463036	0.819023
0.421415	0.0341204	0.906226
0.421064	0.0340922	0.90639
0.25795	0.0208854	0.965932
0.0868421	0.00703133	0.996197
0.0868405	0.0070312	0.996197
-2.55491e-007	3.09886e-006	-0
-7.41749e-007	9.23065e-006	-0
-1.46092e-006	1.81804e-005	-0
-2.40241e-006	2.9673e-005	-0
-3.51208e-006	4.33789e-005	-0
-4.76979e-006	5.88511e-005	-0
-6.13192e-006	7.56576e-005	-0
-7.56576e-006	9.32297e-005	-0
-0.0808859	0.996723	-0
-0.0805286	0.996752	-0
-0.0808568	0.996726	-0
-0.0806749	0.99674	-0
-0.080592	0.996747	-0
-0.0807475	0.996735	-0
-3.48835e-006	4.33789e-005	-0
2.4725e-007	-3.09886e-006	-0
7.41749e-007	-9.23065e-006	-0
1.46092e-006	-1.81804e-005	-0
2.40241e-006	-2.96081e-005	-0
3.51208e-006	-4.3284e-005	-0
4.74606e-006	-5.88511e-005	-0
6.10142e-006	-7.56576e-005	-0
7.56576e-006	-9.33517e-005	-0
0.0807809	-0.996732	-0
0.081088	-0.996707	-0
0.0804331	-0.99676	-0
0.0806749	-0.99674	-0
0.0809774	-0.996716	-0
0.0805177	-0.996753	-0
0.0809389	-0.996719	-0
0.0804383	-0.99676	-0
0.0808859	-0.996723	-0

#	Mesh	0	End

