#	Mesh	0	Begin

#	Vertex	72
77.2982	-10.3395	-2.84204
77.2941	-10.3398	-2.84313
77.2903	-10.3401	-2.84492
77.2869	-10.3404	-2.84735
77.2839	-10.3407	-2.85035
77.2815	-10.3408	-2.85382
77.2797	-10.341	-2.85766
77.2786	-10.3411	-2.86175
77.2782	-10.3411	-2.86597
77.2786	-10.3411	-2.87019
77.2797	-10.341	-2.87428
77.2815	-10.3408	-2.87812
77.2839	-10.3407	-2.88159
77.2869	-10.3404	-2.88458
77.2903	-10.3401	-2.88701
77.2941	-10.3398	-2.8888
77.2982	-10.3395	-2.8899
77.3024	-10.3391	-2.89027
77.3066	-10.3388	-2.8899
77.3107	-10.3385	-2.8888
77.3145	-10.3382	-2.88701
77.318	-10.3379	-2.88458
77.321	-10.3376	-2.88159
77.3234	-10.3375	-2.87812
77.3252	-10.3373	-2.87428
77.3263	-10.3372	-2.87019
77.3267	-10.3372	-2.86597
77.3263	-10.3372	-2.86175
77.3252	-10.3373	-2.85766
77.3234	-10.3375	-2.85382
77.321	-10.3376	-2.85035
77.318	-10.3379	-2.84735
77.3145	-10.3382	-2.84492
77.3107	-10.3385	-2.84313
77.3066	-10.3388	-2.84204
77.3024	-10.3391	-2.84167
77.5203	-13.0828	-2.84204
77.5163	-13.0831	-2.84313
77.5124	-13.0834	-2.84492
77.509	-13.0837	-2.84735
77.506	-13.0839	-2.85035
77.5036	-13.0841	-2.85382
77.5018	-13.0843	-2.85766
77.5007	-13.0844	-2.86175
77.5003	-13.0844	-2.86597
77.5007	-13.0844	-2.87019
77.5018	-13.0843	-2.87428
77.5036	-13.0841	-2.87812
77.506	-13.0839	-2.88159
77.509	-13.0837	-2.88458
77.5124	-13.0834	-2.88701
77.5163	-13.0831	-2.8888
77.5203	-13.0828	-2.8899
77.5245	-13.0824	-2.89027
77.5288	-13.0821	-2.8899
77.5328	-13.0818	-2.8888
77.5367	-13.0815	-2.88701
77.5401	-13.0812	-2.88458
77.5431	-13.0809	-2.88159
77.5455	-13.0807	-2.87812
77.5473	-13.0806	-2.87428
77.5484	-13.0805	-2.87019
77.5488	-13.0805	-2.86597
77.5484	-13.0805	-2.86175
77.5473	-13.0806	-2.85766
77.5455	-13.0807	-2.85382
77.5431	-13.0809	-2.85035
77.5401	-13.0812	-2.84735
77.5367	-13.0815	-2.84492
77.5328	-13.0818	-2.84313
77.5288	-13.0821	-2.84204
77.5245	-13.0824	-2.84167

#	Triangle	77
35	36	71	0	36	35
0	37	36	1	37	0
1	38	37	2	38	1
2	39	38
3	39	2
3	40	39	4	40	3
4	41	40	5	41	4
5	42	41
6	42	5
6	43	42	7	43	6
7	44	43	8	44	7
8	45	44	9	45	8
9	46	45	10	46	9
10	47	46
11	47	10
11	48	47	12	48	11
12	49	48	13	49	12
13	50	49
14	50	13
14	51	50	15	51	14
15	52	51	16	52	15
16	53	52	17	53	16
17	54	53	18	54	17
18	55	54	19	55	18
19	56	55
20	56	19
20	57	56
21	57	20
21	58	57	22	58	21
22	59	58	23	59	22
23	60	59	24	60	23
24	61	60
25	61	24
25	62	61
26	62	25
26	63	62
27	63	26
27	64	63
28	64	27
28	65	64	29	65	28
29	66	65	30	66	29
30	67	66	31	67	30
31	68	67
32	68	31
32	69	68
33	69	32
33	70	69	34	70	33
34	71	70	35	71	34
7	9	8	26	25	27
6	9	7	27	25	24
6	10	9	27	24	28
5	10	6	28	24	23
5	11	10	28	23	29
4	11	5	29	23	22
4	12	11	29	22	30
3	12	4	30	22	21
3	13	12	30	21	31
2	13	3	2	14	13	31	20	32	31	21	20
1	14	2	1	15	14	32	19	33	32	20	19
0	15	1	0	16	15	33	18	34	33	19	18
35	16	0	35	17	16
34	17	35	34	18	17
45	43	44	62	63	61
46	43	45	61	63	64
46	42	43	61	64	60
47	42	46	60	64	65
47	41	42	60	65	59
48	41	47	59	65	66
48	40	41	59	66	58
49	40	48	58	66	67
49	39	40	58	67	57
50	39	49	50	38	39	57	68	56	57	67	68
51	38	50	51	37	38
52	37	51	52	36	37	55	70	54	55	69	70
53	36	52	53	71	36
54	71	53	54	70	71
56	69	55	56	68	69

#	Normal	77
-0.08692	-0.00703767	0.99619
-0.258004	-0.0208898	0.965918
-0.421071	-0.034093	0.906387
-0.57145	-0.0462687	0.819332
-0.572311	-0.0463368	0.818726
-0.704919	-0.0570733	0.706988
-0.816448	-0.0661032	0.573622
-0.903621	-0.0731611	0.422038
-0.902919	-0.0731068	0.423548
-0.962711	-0.077948	0.259059
-0.992962	-0.0803974	0.0869627
-0.992962	-0.0803974	-0.0869627
-0.962711	-0.077948	-0.259059
-0.903621	-0.0731637	-0.422038
-0.902919	-0.0731043	-0.423548
-0.816467	-0.0661048	-0.573595
-0.704919	-0.0570733	-0.706988
-0.571411	-0.046264	-0.819359
-0.572273	-0.0463353	-0.818753
-0.421071	-0.034093	-0.906387
-0.258004	-0.0208898	-0.965918
-0.08692	-0.00703767	-0.99619
0.086761	0.0070248	-0.996204
0.258004	0.0208898	-0.965918
0.421774	0.0341498	-0.906058
0.421071	0.0340918	-0.906387
0.571411	0.046264	-0.819359
0.572273	0.0463353	-0.818753
0.704919	0.0570753	-0.706988
0.816467	0.0661071	-0.573595
0.902919	0.0731068	-0.423548
0.963173	0.0779854	-0.257326
0.962711	0.0779453	-0.259059
0.992961	0.0803944	-0.0869811
0.992962	0.0803946	-0.0869627
0.992961	0.0803944	0.0869811
0.992962	0.0803945	0.0869627
0.963173	0.0779827	0.257326
0.962711	0.077948	0.259059
0.902919	0.0731068	0.423548
0.816448	0.0661055	0.573622
0.704919	0.0570753	0.706988
0.57145	0.0462687	0.819332
0.572311	0.0463368	0.818726
0.421774	0.0341486	0.906058
0.421071	0.034093	0.906387
0.258004	0.0208898	0.965918
0.086761	0.0070248	0.996204
-2.4725e-007	3.09886e-006	-0
-7.4999e-007	9.23065e-006	-0
-1.47716e-006	1.81804e-005	-0
-2.40241e-006	2.97379e-005	-0
-3.51208e-006	4.34739e-005	-0
-4.76979e-006	5.88511e-005	-0
-6.13197e-006	7.56582e-005	-0
-7.53531e-006	9.32304e-005	-0
-0.0805619	0.99675	-0
-0.0808991	0.996722	-0
-0.0806042	0.996746	-0
-0.0806749	0.99674	-0
-0.0808221	0.996729	-0
-0.0806731	0.996741	-0
2.4725e-007	-3.09886e-006	-0
7.4999e-007	-9.23065e-006	-0
1.47716e-006	-1.81804e-005	-0
2.40241e-006	-2.96081e-005	-0
3.51208e-006	-4.3284e-005	-0
4.76979e-006	-5.88511e-005	-0
6.13197e-006	-7.56582e-005	-0
7.53531e-006	-9.32304e-005	-0
0.0805619	-0.99675	-0
0.0807177	-0.996737	-0
0.0806042	-0.996746	-0
0.0806749	-0.99674	-0
0.0808221	-0.996729	-0
0.0806731	-0.996741	-0
0.080768	-0.996733	-0

#	Mesh	0	End

