#	Mesh	0	Begin

#	Vertex	126
-3.25887	98.9817	-6.55886
-3.26574	98.9817	-6.55886
-3.27261	98.9817	-6.55886
-3.27816	98.9817	-6.5629
-3.28372	98.9817	-6.56694
-3.28584	98.9817	-6.57347
-3.28796	98.9817	-6.58
-3.28584	98.9817	-6.58653
-3.28478	98.9817	-6.5898
-3.28372	98.9817	-6.59306
-3.27816	98.9817	-6.5971
-3.27261	98.9817	-6.60114
-3.26574	98.9817	-6.60114
-3.25887	98.9817	-6.60114
-3.25331	98.9817	-6.5971
-3.24776	98.9817	-6.59306
-3.24564	98.9817	-6.58653
-3.24351	98.9817	-6.58
-3.24564	98.9817	-6.57347
-3.2467	98.9817	-6.5702
-3.24776	98.9817	-6.56694
-3.25331	98.9817	-6.5629
-3.25507	98.9965	-6.56934
-3.25397	98.9965	-6.572
-3.25287	98.9965	-6.57467
-3.25176	98.9965	-6.57733
-3.25066	98.9965	-6.58
-3.25176	98.9965	-6.58267
-3.25287	98.9965	-6.58533
-3.25397	98.9965	-6.588
-3.25507	98.9965	-6.59066
-3.25774	98.9965	-6.59177
-3.26041	98.9965	-6.59287
-3.26307	98.9965	-6.59398
-3.26574	98.9965	-6.59508
-3.2684	98.9965	-6.59398
-3.27107	98.9965	-6.59287
-3.27374	98.9965	-6.59177
-3.2764	98.9965	-6.59066
-3.27751	98.9965	-6.588
-3.27861	98.9965	-6.58533
-3.27972	98.9965	-6.58267
-3.28082	98.9965	-6.58
-3.27972	98.9965	-6.57733
-3.27861	98.9965	-6.57467
-3.27751	98.9965	-6.572
-3.2764	98.9965	-6.56934
-3.27374	98.9965	-6.56823
-3.27107	98.9965	-6.56713
-3.2684	98.9965	-6.56602
-3.26574	98.9965	-6.56492
-3.26307	98.9965	-6.56602
-3.26041	98.9965	-6.56713
-3.25774	98.9965	-6.56823
-3.26964	98.9743	-6.56543
-3.26574	98.9743	-6.56492
-3.26183	98.9743	-6.56543
-3.2582	98.9743	-6.56694
-3.25507	98.9743	-6.56934
-3.25268	98.9743	-6.57246
-3.25117	98.9743	-6.5761
-3.25066	98.9743	-6.58
-3.25117	98.9743	-6.5839
-3.25268	98.9743	-6.58754
-3.25507	98.9743	-6.59066
-3.2582	98.9743	-6.59306
-3.26183	98.9743	-6.59457
-3.26574	98.9743	-6.59508
-3.26964	98.9743	-6.59457
-3.27328	98.9743	-6.59306
-3.2764	98.9743	-6.59066
-3.2788	98.9743	-6.58754
-3.28031	98.9743	-6.5839
-3.28082	98.9743	-6.58
-3.28031	98.9743	-6.5761
-3.2788	98.9743	-6.57246
-3.2764	98.9743	-6.56934
-3.27328	98.9743	-6.56694
-3.27328	98.9677	-6.59306
-3.26964	98.9677	-6.59457
-3.26574	98.9677	-6.59508
-3.26183	98.9677	-6.59457
-3.2582	98.9677	-6.59306
-3.25507	98.9677	-6.59066
-3.25268	98.9677	-6.58754
-3.25117	98.9677	-6.5839
-3.25066	98.9677	-6.58
-3.25117	98.9677	-6.5761
-3.25268	98.9677	-6.57246
-3.25507	98.9677	-6.56934
-3.2582	98.9677	-6.56694
-3.26183	98.9677	-6.56543
-3.26574	98.9677	-6.56492
-3.26964	98.9677	-6.56543
-3.27328	98.9677	-6.56694
-3.2764	98.9677	-6.56934
-3.2788	98.9677	-6.57246
-3.28031	98.9677	-6.5761
-3.28082	98.9677	-6.58
-3.28031	98.9677	-6.5839
-3.2788	98.9677	-6.58754
-3.2764	98.9677	-6.59066
-3.26307	98.9743	-6.59398
-3.26041	98.9743	-6.59287
-3.25774	98.9743	-6.59177
-3.25397	98.9743	-6.588
-3.25287	98.9743	-6.58533
-3.25156	98.9743	-6.58217
-3.25176	98.9743	-6.57733
-3.25287	98.9743	-6.57467
-3.25397	98.9743	-6.572
-3.25774	98.9743	-6.56823
-3.26041	98.9743	-6.56713
-3.26307	98.9743	-6.56602
-3.2684	98.9743	-6.56602
-3.27107	98.9743	-6.56713
-3.27374	98.9743	-6.56823
-3.27751	98.9743	-6.572
-3.27861	98.9743	-6.57467
-3.27992	98.9743	-6.57783
-3.27972	98.9743	-6.58267
-3.27861	98.9743	-6.58533
-3.27751	98.9743	-6.588
-3.27374	98.9743	-6.59177
-3.27107	98.9743	-6.59287
-3.2684	98.9743	-6.59398

#	Triangle	155
7	5	6	9	4	8	17	18	16
8	5	7	16	19	20	16	18	19
8	4	5
10	4	9	10	3	4	11	3	10	11	2	3	12	2	11	12	1	2	13	1	12	13	0	1	14	0	13	14	21	0	15	21	14	15	20	21	79	93	94	80	93	79	80	92	93	81	92	80	81	91	92	82	91	81
16	20	15
43	41	42	44	41	43	25	27	28	26	27	25
44	40	41	45	40	44	24	28	29	25	28	24	57	54	56	66	68	69
45	39	40	46	39	45	23	29	30	24	29	23
46	38	39	23	30	22
47	38	46	22	30	31
47	37	38	48	37	47	53	31	32	22	31	53
48	36	37	49	36	48	52	32	33	53	32	52
49	35	36	50	35	49	51	33	34	52	33	51
50	34	35	51	34	50
20	23	22
48	3	2
24	19	18
3	47	46	48	47	3
46	44	4
45	44	46	53	52	22	29	28	30	37	36	38	76	118	117	110	109	58	116	115	76	64	106	105	122	121	70	104	103	64
3	46	4
1	50	49
22	21	20
6	5	43
51	50	1
17	26	25
1	0	51	2	1	49
22	52	21
25	18	17
44	5	4
2	49	48
51	0	52
43	42	6
24	18	25	23	19	24
20	19	23
52	0	21
43	5	44
9	39	38
32	14	13
40	8	7
14	31	30	32	31	14
30	28	15
14	30	15
12	34	33
38	10	9
17	16	27
35	34	12
6	42	41
12	11	35	13	12	33
38	36	10
41	7	6
28	16	15
13	33	32
35	11	36
27	26	17
40	7	41	39	8	40
9	8	39
36	11	10
27	16	28
56	54	55	67	68	66
57	77	54	66	69	65
58	77	57	65	69	70
58	76	77	65	70	64
59	76	58	64	70	71
59	75	76	64	71	63
60	75	59	63	71	72
60	74	75	61	74	60	61	73	74	62	73	61	62	72	73	63	72	62	3	9	4	3	10	9	2	10	3	2	11	10	1	11	2	1	12	11	0	12	1	0	13	12	21	13	0	21	14	13	20	14	21	20	15	14
99	97	98	86	87	85
100	97	99	85	87	88	115	112	113	116	112	115	124	103	104	125	103	124
100	96	97	85	88	84
101	96	100	84	88	89
101	95	96	84	89	83
78	95	101	83	89	90
78	94	95	83	90	82
79	94	78	82	90	91
87	61	60	86	61	87
88	60	59	87	60	88
57	89	58	90	89	57
59	89	88	58	89	59
56	90	57	91	90	56
92	56	55	91	56	92
93	55	54	92	55	93
94	54	77	93	54	94
75	95	76	96	95	75
77	95	94	76	95	77
74	96	75	97	96	74
98	74	73	97	74	98
99	73	72	98	73	99
100	72	71	99	72	100
69	101	70	78	101	69
71	101	100	70	101	71
68	78	69	79	78	68
80	68	67	79	68	80
81	67	66	80	67	81
82	66	65	81	66	82
63	83	64	84	83	63
65	83	82	64	83	65
62	84	63	85	84	62
86	62	61	85	62	86
5	7	6	4	7	5	18	16	15	17	16	18
4	9	7	18	15	20
114	113	55	115	113	114	125	102	103	67	102	125
116	111	112	76	111	116	123	104	64	124	104	123
76	58	111	123	64	70
117	58	76	70	64	105
117	110	58	118	110	117	122	105	106	70	105	122
118	109	110	121	106	120	122	106	121
119	109	118
119	108	109	119	61	108
73	61	119
120	61	73
120	107	61
120	106	107
17	18	108
4	118	76
21	111	58	112	111	21
112	21	0
58	109	20
1	55	113
1	2	114	0	1	113
109	18	20
5	6	119
76	3	4
76	115	3
119	118	5
0	113	112
108	61	17
114	55	1
114	2	115
21	58	20
5	118	4
119	6	73
115	2	3
108	18	109
6	7	120
15	106	64
10	123	70	124	123	10
124	10	11
70	121	9
12	67	125
12	13	102	11	12	125
121	7	9
16	17	107
64	14	15
64	103	14
107	106	16
11	125	124
120	73	6
102	67	12
102	13	103
10	70	9
16	106	15
107	17	61
103	13	14
120	7	121

#	Normal	155
-0	-2.77248e-005	0
-0	-1.3864e-005	0
-0	-4.15885e-005	0
-0	-1	0
-0	-5.54432e-005	0
-0	5.88789e-006	0
-0	1.17758e-005	0
-0	1.76676e-005	0
-0	2.35515e-005	0
-0	5.68611e-005	0
-0	6.27503e-005	0
-0	6.86369e-005	0
-0	7.45261e-005	0
-0	8.04127e-005	0
3.94904e-005	2.21552e-005	1.63567e-005
-0.523093	0.455984	0.720036
4.83793e-005	2.48869e-005	1.57166e-005
-1.63603e-005	1.91041e-005	3.94904e-005
-7.89807e-005	4.4311e-005	3.2717e-005
0	6.50883e-010	-0
-0.541687	0.38832	0.745508
-1.63531e-005	1.61458e-005	3.94904e-005
0.541673	0.388315	0.745521
-0.859414	0.428288	0.279244
1.63531e-005	1.61458e-005	3.94904e-005
3.94904e-005	1.90448e-005	1.63603e-005
-0	0.435207	0.90033
3.27133e-005	3.82067e-005	7.89807e-005
0.859414	0.428288	0.279244
-0.854295	0.439464	0.277581
-1.63603e-005	2.37301e-005	3.94904e-005
1.63603e-005	2.37301e-005	3.94904e-005
-3.94904e-005	1.90455e-005	1.63567e-005
3.94904e-005	2.06e-005	1.63567e-005
4.83721e-005	2.56612e-005	1.57166e-005
0.523109	0.45598	0.720027
-3.94904e-005	2.06e-005	1.63567e-005
-3.94904e-005	2.21552e-005	-1.63567e-005
0.523109	0.45598	-0.720027
-4.83793e-005	2.48872e-005	-1.57202e-005
1.63603e-005	1.91038e-005	-3.94904e-005
7.89807e-005	4.43104e-005	-3.27133e-005
0.541673	0.388315	-0.745521
1.63531e-005	1.61458e-005	-3.94904e-005
-0.541687	0.38832	-0.745508
0.859414	0.428288	-0.279244
-1.63531e-005	1.61458e-005	-3.94904e-005
-3.94904e-005	1.90455e-005	-1.63567e-005
-0	0.435207	-0.90033
-3.27133e-005	3.82073e-005	-7.89807e-005
-0.859414	0.428288	-0.279244
0.854304	0.439465	-0.277551
1.63603e-005	2.37301e-005	-3.94904e-005
-1.63603e-005	2.37301e-005	-3.94904e-005
3.94904e-005	1.90448e-005	-1.63603e-005
-3.94904e-005	2.06e-005	-1.63567e-005
-4.83721e-005	2.56612e-005	-1.57166e-005
-0.523093	0.455984	-0.720036
3.94904e-005	2.06e-005	-1.63567e-005
0	4.01005e-006	-0
0	2.2725e-005	-0
-0	3.61421e-005	-0
0	5.11125e-005	-0
-0	6.66191e-005	-0
0	8.15917e-005	-0
-0	9.50096e-005	-0
0	1	-0
-0	-4.01196e-006	0
-0	-1.17614e-005	0
-0	-2.2721e-005	0
-0	-3.61452e-005	0
-0	-5.11177e-005	0
-0	-6.66139e-005	0
-0	-8.15838e-005	0
-0	-9.50142e-005	0
2.5585e-005	-0	3.36856e-006
2.38408e-005	-0	9.87524e-006
1.57082e-005	0	2.04738e-005
2.04738e-005	0	1.57098e-005
9.87684e-006	0	2.38408e-005
3.36696e-006	-0	2.5585e-005
-3.36696e-006	-0	2.5585e-005
-9.87684e-006	-0	2.38424e-005
-2.04738e-005	-0	1.57098e-005
-1.57082e-005	-0	2.04722e-005
-2.38408e-005	-0	9.87524e-006
-2.5585e-005	-0	3.36856e-006
-2.5585e-005	0	-3.36856e-006
-2.38408e-005	0	-9.87524e-006
-1.57082e-005	-0	-2.04722e-005
-2.04738e-005	-0	-1.57098e-005
-9.87684e-006	-0	-2.38424e-005
-3.36696e-006	0	-2.5585e-005
3.36696e-006	-0	-2.5585e-005
9.87684e-006	-0	-2.38408e-005
2.04738e-005	-0	-1.57098e-005
1.57082e-005	-0	-2.04738e-005
2.38408e-005	-0	-9.87524e-006
2.5585e-005	-0	-3.36856e-006
-0	2.77248e-005	0
-0	5.54496e-005	0
0	-5.88658e-006	-0
0	-1.76597e-005	-0
0	-2.35567e-005	-0
-0	-5.68611e-005	-0
0	-6.2749e-005	-0
0	-6.86375e-005	-0
-0	-8.13971e-005	-0
0	-7.56201e-005	-0
0	-6.54652e-005	-0
-0	-8.0414e-005	0
0	-6.06713e-005	-0
0	-8.83796e-005	-0
4.84267e-005	-4.8216e-005	1.5735e-005
-3.9532e-005	-4.4311e-005	1.63757e-005
8.18877e-006	-1.91038e-005	1.9766e-005
2.99278e-005	-5.21194e-005	4.11937e-005
3.9532e-005	-4.43104e-005	1.63739e-005
8.18515e-006	-1.61458e-005	1.9766e-005
-0	-4.91754e-005	5.09192e-005
4.84267e-005	-4.97702e-005	1.57332e-005
-4.84267e-005	-4.79267e-005	1.5735e-005
-2.99314e-005	-4.28686e-005	4.11937e-005
-1.63739e-005	-3.82073e-005	3.9532e-005
-2.34405e-005	-2.44296e-005	9.70924e-006
8.18877e-006	-2.37301e-005	1.9766e-005
1.9766e-005	-1.90448e-005	8.18877e-006
-8.18515e-006	-1.61458e-005	1.9766e-005
-8.18877e-006	-2.37301e-005	1.9766e-005
2.99314e-005	-4.28692e-005	4.11955e-005
-4.84267e-005	-4.97705e-005	1.5735e-005
-1.60916e-005	-1.5505e-005	6.66469e-006
-2.99278e-005	-5.21215e-005	4.11955e-005
1.9766e-005	-2.06e-005	8.18696e-006
-4.84267e-005	-4.8216e-005	-1.5735e-005
3.9532e-005	-4.43104e-005	-1.63739e-005
-8.18877e-006	-1.91041e-005	-1.9766e-005
-2.99278e-005	-5.21215e-005	-4.11955e-005
-3.9532e-005	-4.4311e-005	-1.63757e-005
-8.18515e-006	-1.61458e-005	-1.9766e-005
-0	-4.91754e-005	-5.09192e-005
-4.84267e-005	-4.97705e-005	-1.5735e-005
4.84267e-005	-4.79267e-005	-1.5735e-005
2.99314e-005	-4.28692e-005	-4.11955e-005
1.63739e-005	-3.82067e-005	-3.9532e-005
2.34405e-005	-2.44296e-005	-9.70924e-006
-8.18877e-006	-2.37301e-005	-1.9766e-005
-1.9766e-005	-1.90455e-005	-8.18696e-006
8.18515e-006	-1.61458e-005	-1.9766e-005
8.18877e-006	-2.37301e-005	-1.9766e-005
-2.99314e-005	-4.28686e-005	-4.11937e-005
4.84267e-005	-4.97702e-005	-1.57332e-005
1.60916e-005	-1.55044e-005	-6.6665e-006
2.99278e-005	-5.21194e-005	-4.11937e-005
-1.9766e-005	-2.06e-005	-8.18696e-006

#	Mesh	0	End

