#	Mesh	0	Begin

#	Vertex	19
-289.118	113.565	6.142
-289.118	113.565	4.942
-289.118	113.965	4.942
-289.118	113.965	6.142
-296.134	113.565	6.142
-289.727	113.965	6.142
-290.327	113.965	6.142
-290.327	114.765	6.142
-296.018	114.765	6.142
-296.134	113.565	4.942
-296.096	113.965	4.942
-296.076	113.965	4.942
-296.076	114.165	4.942
-296.018	114.765	4.942
-290.327	114.765	4.942
-290.327	113.965	4.942
-296.076	114.165	6.03
-296.096	113.965	6.03
-296.076	113.965	6.03

#	Triangle	10
3	1	2	0	1	3	7	15	14	6	15	7
0	8	4	0	6	8	6	7	8	0	5	6	0	3	5
9	0	4	1	0	9
10	1	9	11	1	10	13	11	12	13	1	11	14	15	13	15	1	13	2	1	15	17	16	18
14	8	7	13	8	14	10	18	11	17	18	10	6	2	15	6	5	2	5	3	2
4	10	9	4	17	10
16	13	12	16	8	13
4	16	17
4	8	16
11	16	12	18	16	11

#	Normal	10
1	0	0
-0	-0	1
-0	-1	-0
0	-0	-1
-0	1	-0
-0.995393	0.0958824	-0
-0.995395	0.0958586	-0
-0.995385	0.0959651	0.000297812
-0.995392	0.0958843	-0.000138866
-1	-0	-0

#	Mesh	0	End

