#	Mesh	0	Begin

#	Vertex	24
87.9844	-21.759	0.823403
87.9814	-21.7592	0.823403
88.0871	-23.065	0.823403
88.0901	-23.0647	0.823403
87.9844	-21.759	1.3834
87.9814	-21.7592	1.3834
88.0871	-23.065	1.3834
88.0901	-23.0647	1.3834
87.1337	-23.1113	0.853403
88.0847	-23.035	0.853403
87.9838	-21.7891	0.853403
86.9884	-21.3171	0.853403
87.1337	-23.1113	1.3534
88.0847	-23.035	1.3534
87.9838	-21.7891	1.3534
86.9884	-21.3171	1.3534
86.9852	-21.2773	0.813403
86.9812	-21.2776	0.813403
87.133	-23.1515	0.813403
87.1369	-23.1511	0.813403
86.9852	-21.2773	1.3934
86.9812	-21.2776	1.3934
87.133	-23.1515	1.3934
87.1369	-23.1511	1.3934

#	Triangle	14
3	4	7	0	4	3
0	5	4	1	5	0
1	6	5	2	6	1
2	7	6	3	7	2
3	1	0	2	1	3	11	9	8	10	9	11	19	17	16	18	17	19
4	6	7	5	6	4	12	14	15	13	14	12	20	22	23	21	22	20
11	12	15	8	12	11
8	13	12	9	13	8
9	14	13	10	14	9
10	15	14	11	15	10
19	20	23	16	20	19
16	21	20	17	21	16
17	22	21	18	22	17
18	23	22	19	23	18

#	Normal	14
0.996736	0.0807312	-0
-0.0806761	0.99674	-0
-0.996735	-0.0807372	0
0.0808859	-0.996723	-0
-0	-0	-1
-0	0	1
-0.996735	-0.0807378	0
0.0798843	-0.996804	-0
0.996735	0.0807375	-0
0.428448	0.903567	-0
0.996736	0.0807347	-0
-0.0804623	0.996758	-0
-0.996735	-0.0807388	0
0.0806191	-0.996745	-0

#	Mesh	0	End

