#	Mesh	0	Begin

#	Vertex	32
-16.0185	63.3148	2.58
-16.0185	63.3148	2.38
-16.0185	64.1148	2.58
-29.8086	64.1148	2.58
-29.8086	63.3148	2.58
-29.8086	63.3148	2.38
-16.0185	61.9148	2.58
-16.0185	61.9148	1.38
-16.0185	63.3148	1.38
-29.8086	63.0188	2.58
-28.8266	63.0188	2.58
-28.8266	62.2188	2.58
-29.8086	62.2188	2.58
-29.8086	61.9148	2.58
-21.3266	63.0188	2.58
-20.3266	63.0188	2.58
-20.3266	62.2188	2.58
-21.3266	62.2188	2.58
-29.8086	63.3148	1.38
-29.8086	61.9148	1.38
-29.8086	62.2188	1.38
-28.8266	62.2188	1.38
-28.8266	63.0188	1.38
-29.8086	63.0188	1.38
-20.3266	63.0188	1.38
-21.3266	63.0188	1.38
-21.3266	62.2188	1.38
-20.3266	62.2188	1.38
-16.0185	61.9148	2.38
-29.8086	61.9148	2.38
-16.0185	61.0148	2.58
-29.8086	61.0148	2.58

#	Triangle	8
2	0	1	0	7	8	6	7	0	26	14	17	25	14	26	28	6	30
4	2	3	0	2	4	6	12	13	6	11	12	10	4	9	10	0	4	6	17	11	17	10	11	17	14	10	14	0	10	6	16	17	15	0	14	6	15	16	6	0	15	31	6	13	30	6	31
3	1	5	2	1	3
5	0	4	1	0	5	19	6	13	7	6	19	9	22	10	23	22	9	25	15	14	24	15	25
5	4	3	10	21	11	22	21	10	16	24	27	15	24	16	9	18	23	4	18	9	20	13	12	19	13	20	31	13	29
4	8	18	0	8	4	11	20	12	21	20	11	27	17	16	26	17	27	13	28	29	6	28	13
8	23	18	8	22	23	21	19	20	21	7	19	8	25	22	25	21	22	25	26	21	26	7	21	8	24	25	27	7	26	8	27	24	8	7	27
29	30	31	28	30	29

#	Normal	8
1	0	-0
-0	-0	1
-0	0.242536	-0.970143
-0	-1	-0
-1	-0	0
-0	1	-0
-0	-0	-1
0	-0.21693	-0.976187

#	Mesh	0	End

