#	Mesh	0	Begin

#	Vertex	18
-37.7761	63.3148	3.38
-28.7184	63.3148	3.38
-28.7184	61.9148	3.38
-39.0185	61.9148	3.38
-39.0185	63.0957	3.38
-28.8266	62.2188	3.38
-28.8266	63.0188	3.38
-29.8266	63.0188	3.38
-29.8266	62.2188	3.38
-28.7184	61.9148	1.38
-39.0185	61.9148	1.38
-39.0185	63.0957	1.38
-28.7184	63.3148	1.38
-37.7761	63.3148	1.38
-28.8266	63.0188	1.38
-28.8266	62.2188	1.38
-29.8266	62.2188	1.38
-29.8266	63.0188	1.38

#	Triangle	7
2	4	3	2	0	4	2	8	0	8	7	0	7	1	0	2	5	8	6	1	7	2	6	5	2	1	6
3	9	2	10	9	3	6	17	14	7	17	6
13	10	11	13	9	10	12	17	13	17	16	13	16	9	13	12	14	17	15	9	16	12	15	14	12	9	15
13	1	12	0	1	13	8	15	16	5	15	8
4	10	3	11	10	4	5	14	15	6	14	5
2	12	1	9	12	2	7	16	17	8	16	7
11	0	13	4	0	11

#	Normal	7
-0	-0	1
0	-1	-0
-0	-0	-1
-0	1	-0
-1	-0	-0
1	-0	-0
-0.173646	0.984808	-0

#	Mesh	0	End

