#	Mesh	0	Begin

#	Vertex	24
99.6586	-9.22674	0.672
99.6583	-9.22276	0.672
97.0867	-9.43112	0.672
97.087	-9.43511	0.672
99.6586	-9.22674	1.552
99.6583	-9.22276	1.552
97.0867	-9.43112	1.552
97.087	-9.43511	1.552
97.555	-8.52433	0.712
97.1266	-9.42789	0.712
99.6184	-9.22599	0.712
99.5485	-8.36281	0.712
97.555	-8.52433	1.512
97.1266	-9.42789	1.512
99.6184	-9.22599	1.512
99.5485	-8.36281	1.512
99.5883	-8.35958	0.672
99.588	-8.35559	0.672
97.5148	-8.52358	0.672
97.5151	-8.52756	0.672
99.5883	-8.35958	1.552
99.588	-8.35559	1.552
97.5148	-8.52358	1.552
97.5151	-8.52756	1.552

#	Triangle	12
3	4	7	0	4	3	19	20	23	16	20	19
0	5	4	1	5	0
1	6	5	2	6	1	11	12	15	8	12	11
2	7	6	3	7	2
3	1	0	2	1	3	11	9	8	10	9	11	19	17	16	18	17	19
4	6	7	5	6	4	12	14	15	13	14	12	20	22	23	21	22	20
8	13	12	9	13	8
9	14	13	10	14	9
10	15	14	11	15	10
16	21	20	17	21	16
17	22	21	18	22	17
18	23	22	19	23	18

#	Normal	12
0.080761	-0.996733	-0
0.996789	0.0800751	-0
-0.0807612	0.996733	-0
-0.996629	-0.0820352	0
-0	0	-1
0	-0	1
-0.903578	0.428424	-0
0.0807615	-0.996733	-0
0.996732	0.0807767	-0
0.996629	0.0820352	-0
-0.0807609	0.996734	-0
-0.996789	-0.0800751	0

#	Mesh	0	End

