#	Mesh	0	Begin

#	Vertex	16
4.08152	110.085	-3.72
4.08152	113.965	-3.72
20.4531	113.965	-3.72
29.4427	113.776	-3.72
46.3615	113.335	-3.72
46.3615	107.715	-3.72
24.5615	107.715	-3.72
24.5615	110.085	-3.72
4.08152	110.085	-3.9
4.08152	113.965	-3.9
20.4531	113.965	-3.9
29.4427	113.776	-3.9
46.3615	113.335	-3.9
46.3615	107.715	-3.9
24.5615	107.715	-3.9
24.5615	110.085	-3.9

#	Triangle	8
7	8	15	0	8	7	5	14	13	6	14	5
0	9	8	1	9	0	6	15	14	7	15	6
1	10	9	2	10	1
2	11	10	3	11	2
3	12	11	4	12	3
4	13	12	5	13	4
4	6	5	4	7	6	4	0	7	4	1	0	3	1	4	2	1	3
15	13	14	15	12	13	9	15	8	9	12	15	9	11	12	9	10	11

#	Normal	8
-0	-1	-0
-1	0	-0
-0	1	-0
0.0210483	0.999778	0
0.0260347	0.999661	0
1	0	0
0	0	1
0	-0	-1

#	Mesh	0	End

