#	Mesh	0	Begin

#	Vertex	24
90.7484	25.5846	-5.166
90.7484	25.5846	-5.726
92.054	25.6923	-5.726
92.054	25.6923	-5.166
90.7481	25.5876	-5.166
92.0537	25.6952	-5.166
92.0537	25.6952	-5.726
90.7481	25.5876	-5.726
90.778	25.5901	-5.196
90.778	25.5901	-5.696
92.0238	25.6928	-5.696
92.0238	25.6928	-5.196
91.2052	25.886	-5.296
92.0025	25.9517	-5.296
92.0025	25.9517	-5.696
91.2052	25.886	-5.696
91.1753	25.8835	-5.266
91.1753	25.8835	-5.726
92.0324	25.9542	-5.726
92.0324	25.9542	-5.266
91.175	25.8865	-5.266
92.0321	25.9572	-5.266
92.0321	25.9572	-5.726
91.175	25.8865	-5.726

#	Triangle	13
3	1	2	0	1	3
7	5	6	4	5	7
7	0	4	1	0	7
6	1	7	2	1	6	9	14	10	15	14	9	22	17	23	18	17	22
5	2	6	3	2	5	21	18	22	19	18	21
4	3	5	0	3	4	20	19	21	16	19	20
11	9	10	8	9	11	19	17	18	16	17	19
15	13	14	12	13	15
8	15	9	12	15	8
10	13	11	14	13	10
11	12	8	13	12	11
23	21	22	20	21	23
23	16	20	17	16	23

#	Normal	13
0.0821625	-0.996619	-0
-0.0821625	0.996619	-0
-0.996523	-0.0833148	0
-0	-0	-1
0.996523	0.0833148	0
-0	-0	1
0.0821625	-0.996619	-0
-0.0821629	0.996619	-0
-0.569464	0.822017	-0
0.99662	0.082152	-0
-0.0295137	0.357996	0.933257
-0.0821636	0.996619	-0
-0.996736	-0.0807285	0

#	Mesh	0	End

