#	Mesh	0	Begin

#	Vertex	24
62.4348	77.6414	-5.931
62.4346	77.6444	-5.931
61.5774	77.575	-5.931
61.5776	77.572	-5.931
62.4348	77.6414	-5.241
62.4346	77.6444	-5.241
61.5774	77.575	-5.241
61.5776	77.572	-5.241
61.3392	78.1006	-5.901
61.6073	77.5774	-5.901
62.4047	77.642	-5.901
62.5851	78.2016	-5.901
61.3392	78.1006	-5.271
61.6073	77.5774	-5.271
62.4047	77.642	-5.271
62.5851	78.2016	-5.271
62.615	78.204	-5.931
62.6147	78.207	-5.931
61.309	78.1012	-5.931
61.3093	78.0982	-5.931
62.615	78.204	-5.241
62.6147	78.207	-5.241
61.309	78.1012	-5.241
61.3093	78.0982	-5.241

#	Triangle	12
3	4	7	0	4	3
0	5	4	1	5	0	16	21	20	17	21	16
1	6	5	2	6	1
2	7	6	3	7	2	18	23	22	19	23	18
3	1	0	2	1	3	11	9	8	10	9	11	19	17	16	18	17	19
4	6	7	5	6	4	12	14	15	13	14	12	20	22	23	21	22	20
11	12	15	8	12	11
8	13	12	9	13	8
9	14	13	10	14	9
10	15	14	11	15	10
19	20	23	16	20	19
17	22	21	18	22	17

#	Normal	12
0.0807594	-0.996734	-0
0.99674	0.0806761	-0
-0.0807594	0.996734	-0
-0.99674	-0.0806761	0
-0	0	-1
0	-0	1
-0.0807627	0.996733	-0
-0.889956	-0.456047	0
0.0807617	-0.996733	-0
0.951768	-0.306819	-0
0.0807611	-0.996733	-0
-0.0807611	0.996733	-0

#	Mesh	0	End

