#	Mesh	0	Begin

#	Vertex	40
68.9424	79.2967	-5.42173
68.9424	79.2967	-4.73173
67.6366	79.1909	-4.73173
67.6366	79.1909	-5.42173
67.6663	79.1963	-5.39173
67.6663	79.1963	-4.76173
67.5775	80.2927	-4.76173
67.5775	80.2927	-5.39173
68.9122	79.2973	-5.39173
68.8234	80.3937	-5.39173
68.9122	79.2973	-4.76173
68.8234	80.3937	-4.76173
68.8274	80.3438	-4.82673
68.8274	80.3438	-5.32673
68.9082	79.3471	-5.32673
68.9082	79.3471	-4.82673
68.853	80.3991	-5.42173
67.5473	80.2933	-5.42173
67.5473	80.2933	-4.73173
68.853	80.3991	-4.73173
69.0243	80.3899	-5.35673
69.0243	80.3899	-4.79673
69.0938	79.5327	-4.79673
69.0938	79.5327	-5.35673
69.0238	80.3597	-4.82673
69.0238	80.3597	-5.32673
69.0886	79.5594	-5.32673
69.0886	79.5594	-4.82673
68.9421	79.2997	-5.42173
67.6364	79.1939	-5.42173
67.6364	79.1939	-4.73173
68.9421	79.2997	-4.73173
68.8533	80.3961	-5.42173
68.8533	80.3961	-4.73173
67.5476	80.2903	-4.73173
67.5476	80.2903	-5.42173
69.0214	80.3896	-5.35673
69.0908	79.5324	-5.35673
69.0908	79.5324	-4.79673
69.0214	80.3896	-4.79673

#	Triangle	30
3	1	2	0	1	3
7	5	6	4	5	7
9	4	7	8	4	9	26	13	25	14	13	26	28	3	29	0	3	28	16	35	17	32	35	16	36	23	37	20	23	36
11	13	9	14	10	8	11	12	13	15	10	14
13	8	9	11	10	15
13	14	8	11	15	12
6	10	11	5	10	6	24	15	27	12	15	24	30	1	31	2	1	30	18	33	19	34	33	18	38	21	39	22	21	38
19	17	18	16	17	19
23	21	22	20	21	23
25	12	24	13	12	25
27	14	26	15	14	27
30	4	29	8	31	28	30	5	4	10	31	8
4	28	29	30	31	10
4	8	28	30	10	5
31	0	28	1	0	31	19	32	16	33	32	19
29	2	30	3	2	29	17	34	18	35	34	17
33	9	32	33	11	9
9	35	32
9	7	35
7	34	35	6	34	7
33	6	11
33	34	6
38	26	37	38	27	26
26	36	37
26	25	36
25	39	36	24	39	25
38	24	27
38	39	24
39	20	36	21	20	39
37	22	38	23	22	37

#	Normal	30
0.0807611	-0.996733	-0
-0.996734	-0.08076	0
-0	-0	-1
0.996732	0.0807823	0
0.996733	0.080767	-1.17734e-005
0.996733	0.0807655	1.29507e-005
-0	-0	1
-0.0807611	0.996733	-0
0.996733	0.0807681	-0
-0.0807413	0.996735	-0
0.761905	-0.647689	-0
-0.0807389	0.996735	-0
-0.0807611	0.996733	2.22305e-005
-0.0807622	0.996733	-2.32974e-005
0.99674	0.0806761	0
-0.99674	-0.0806761	0
0.080718	-0.996737	-0
0.0807611	-0.996733	4.3262e-005
0.0807627	-0.996733	-2.38021e-005
0.0807389	-0.996735	-0
0.0807627	-0.996733	-4.48341e-005
0.0807611	-0.996733	2.22305e-005
-0.996737	-0.0807226	-0
-0.996734	-0.080759	3.28618e-005
-0.996733	-0.0807618	-4.39535e-005
-0.996737	-0.080718	0
-0.996733	-0.0807618	-3.53518e-005
-0.996734	-0.080759	4.11867e-005
-0.0808859	0.996723	-0
0.0806761	-0.99674	-0

#	Mesh	0	End

