#	Mesh	0	Begin

#	Vertex	16
75.2667	-38.4272	-11.7029
75.2739	-38.5169	-11.7031
75.2739	-38.5169	-16.9842
75.2667	-38.4272	-16.9842
78.0193	-38.2946	-11.7031
78.0193	-38.2946	-16.9842
76.4999	-38.4176	-14.585
75.3038	-38.5144	-14.585
75.3038	-38.5144	-16.685
76.4999	-38.4176	-16.685
78.0121	-38.2049	-11.7029
78.0121	-38.2049	-16.9842
75.2966	-38.4247	-14.585
76.4927	-38.3279	-14.585
76.4927	-38.3279	-16.685
75.2966	-38.4247	-16.685

#	Triangle	17
0	2	1	3	2	0	9	13	14	6	13	9
4	9	5	4	6	9
9	2	5
9	8	2
8	1	2	7	1	8
4	7	6
4	1	7
4	11	10	5	11	4	7	15	12	8	15	7
0	15	3	0	12	15
15	11	3
15	14	11
14	10	11	13	10	14
0	13	12
0	10	13
3	5	2	11	5	3	6	12	13	7	12	6
4	0	1	10	0	4
8	14	15	9	14	8

#	Normal	17
-0.996736	-0.0807285	-0
0.0807014	-0.996738	-0
0.0807024	-0.996738	4.64391e-006
0.0807031	-0.996738	1.49641e-006
0.080718	-0.996737	-0
0.0807031	-0.996738	-8.87046e-007
0.0807024	-0.996738	-1.63317e-007
0.996736	0.0807285	0
-0.080718	0.996737	-0
-0.0807024	0.996738	-1.57319e-006
-0.0807031	0.996738	-8.54469e-006
-0.0807014	0.996738	-0
-0.0807031	0.996738	1.55336e-007
-0.0807024	0.996738	4.82066e-007
0	-0	-1
0.000161123	-0.00198999	0.999998
-0	-0	1

#	Mesh	0	End

