#	Mesh	0	Begin

#	Vertex	92
98.2376	-34.8806	-5.901
98.2376	-34.8806	-5.904
98.2618	-35.1796	-5.904
98.2618	-35.1796	-5.901
97.9385	-34.9049	-5.901
97.9385	-34.9049	-5.904
97.9628	-35.2039	-5.904
97.9628	-35.2039	-5.901
98.2658	-35.2295	-5.851
98.2661	-35.2325	-5.851
98.2661	-35.2325	-5.551
98.2658	-35.2295	-5.551
97.9668	-35.2537	-5.851
97.967	-35.2567	-5.851
97.967	-35.2567	-5.551
97.9668	-35.2537	-5.551
98.2147	-34.9076	-5.901
98.2348	-35.1567	-5.901
98.2349	-35.157	-5.89446
98.2349	-35.1579	-5.88798
98.2351	-35.1593	-5.88159
98.2352	-35.1613	-5.87535
98.2354	-35.1638	-5.8693
98.2357	-35.1668	-5.8635
98.2359	-35.1703	-5.85798
98.2363	-35.1742	-5.85279
98.2366	-35.1786	-5.84797
98.237	-35.1834	-5.84355
98.2374	-35.1886	-5.83956
98.2379	-35.1941	-5.83605
98.2383	-35.1999	-5.83303
98.2388	-35.2059	-5.83052
98.2393	-35.2122	-5.82856
98.2399	-35.2185	-5.82714
98.2404	-35.225	-5.82628
98.2409	-35.2315	-5.826
98.2409	-35.2315	-5.576
98.2386	-35.2033	-5.57724
98.2363	-35.1752	-5.58094
98.2341	-35.1477	-5.58707
98.2319	-35.1207	-5.5956
98.2298	-35.0946	-5.60645
98.2278	-35.0695	-5.61954
98.2259	-35.0457	-5.63477
98.224	-35.0233	-5.65204
98.2223	-35.0024	-5.67119
98.2208	-34.9833	-5.69209
98.2194	-34.9661	-5.71459
98.2182	-34.951	-5.7385
98.2171	-34.9379	-5.76365
98.2162	-34.9271	-5.78984
98.2155	-34.9186	-5.81688
98.2151	-34.9125	-5.84456
98.2148	-34.9088	-5.87267
97.9655	-34.9278	-5.901
97.9857	-35.1769	-5.901
97.9857	-35.1772	-5.89446
97.9858	-35.1781	-5.88798
97.9859	-35.1795	-5.88159
97.986	-35.1814	-5.87535
97.9862	-35.1839	-5.8693
97.9865	-35.1869	-5.8635
97.9868	-35.1905	-5.85798
97.9871	-35.1944	-5.85279
97.9874	-35.1988	-5.84797
97.9878	-35.2036	-5.84355
97.9882	-35.2088	-5.83956
97.9887	-35.2143	-5.83605
97.9892	-35.2201	-5.83303
97.9896	-35.2261	-5.83052
97.9901	-35.2323	-5.82856
97.9907	-35.2387	-5.82714
97.9912	-35.2452	-5.82628
97.9917	-35.2517	-5.826
97.9917	-35.2517	-5.576
97.9894	-35.2235	-5.57724
97.9872	-35.1954	-5.58094
97.9849	-35.1678	-5.58707
97.9827	-35.1409	-5.5956
97.9806	-35.1148	-5.60645
97.9786	-35.0897	-5.61954
97.9767	-35.0659	-5.63477
97.9749	-35.0435	-5.65204
97.9732	-35.0226	-5.67119
97.9716	-35.0035	-5.69209
97.9702	-34.9863	-5.71459
97.969	-34.9712	-5.7385
97.9679	-34.9581	-5.76365
97.9671	-34.9473	-5.78984
97.9664	-34.9388	-5.81688
97.9659	-34.9327	-5.84456
97.9656	-34.929	-5.87267

#	Triangle	142
3	4	7	0	4	3	10	15	14	11	15	10
0	5	4	1	5	0
1	6	5	2	6	1	8	13	12	9	13	8	16	55	54	17	55	16
2	7	6	3	7	2
3	1	0	2	1	3
4	6	7	5	6	4
11	12	15	8	12	11
9	14	13	10	14	9
11	9	8	10	9	11
12	14	15	13	14	12
53	54	91	16	54	53
17	56	55
18	56	17
18	57	56	19	57	18
19	58	57
20	58	19
20	59	58
21	59	20
21	60	59
22	60	21
22	61	60
23	61	22
23	62	61	24	62	23
24	63	62
25	63	24
25	64	63
26	64	25
26	65	64	27	65	26
27	66	65
28	66	27
28	67	66	29	67	28
29	68	67	30	68	29
30	69	68
31	69	30
31	70	69
32	70	31
32	71	70	33	71	32
33	72	71
34	72	33
34	73	72
35	73	34
35	74	73	36	74	35
36	75	74	37	75	36
37	76	75
38	76	37
38	77	76	39	77	38
39	78	77
40	78	39
40	79	78
41	79	40
41	80	79	42	80	41
42	81	80	43	81	42
43	82	81
44	82	43
44	83	82
45	83	44
45	84	83	46	84	45
46	85	84
47	85	46
47	86	85	48	86	47
48	87	86
49	87	48
49	88	87
50	88	49
50	89	88
51	89	50
51	90	89
52	90	51
52	91	90
53	91	52
53	17	16
52	17	53
51	17	52
50	17	51
49	17	50
48	17	49
47	17	48
46	17	47
45	17	46
44	17	45
43	17	44
42	17	43
41	17	42
40	17	41
39	17	40
38	18	39
18	17	39
38	19	18
38	20	19
38	21	20
38	22	21
38	23	22
38	24	23
38	25	24
38	26	25
37	26	38
37	27	26
37	28	27
37	29	28
37	30	29
37	31	30
36	31	37
36	32	31
36	33	32
36	34	33
36	35	34
55	91	54
55	90	91
55	89	90
55	88	89
55	87	88
55	86	87
55	85	86
55	84	85
55	83	84
55	82	83
55	81	82
55	80	81
55	79	80
55	78	79
55	77	78
55	56	77
56	76	77
57	76	56
58	76	57
59	76	58
60	76	59
61	76	60
62	76	61
63	76	62
64	76	63
64	75	76
65	75	64
66	75	65
67	75	66
68	75	67
69	75	68
69	74	75
70	74	69
71	74	70
72	74	71
73	74	72

#	Normal	142
0	-0	1
-0.0807543	0.996734	-0
-0	-0	-1
0.0807694	-0.996733	-0
0.996734	0.0807554	0
-0.996732	-0.0807802	-0
-0.0807694	0.996733	-0
0.0807564	-0.996734	-0
0.99674	0.0806761	0
-0.996732	-0.0807809	0
-0.0806877	0.995788	0.0435464
0.0806916	-0.995805	-0.0431357
0.080674	-0.995781	-0.0437296
0.0800598	-0.988199	-0.130585
0.0788315	-0.973038	-0.216754
0.0788527	-0.973142	-0.216279
0.0770248	-0.950584	-0.300761
0.0770295	-0.950611	-0.300673
0.0746195	-0.920871	-0.382661
0.0746145	-0.920837	-0.382743
0.0716542	-0.884303	-0.461383
0.0716261	-0.8841	-0.461775
0.0681062	-0.840652	-0.537276
0.0640499	-0.790585	-0.608994
0.0640796	-0.790824	-0.60868
0.0595438	-0.734846	-0.675615
0.0595496	-0.734894	-0.675563
0.0545628	-0.673353	-0.737305
0.0491809	-0.606935	-0.793228
0.0491756	-0.606889	-0.793264
0.043397	-0.535574	-0.843373
0.0372886	-0.460188	-0.887038
0.0309135	-0.381512	-0.923847
0.0308943	-0.381336	-0.92392
0.0242708	-0.299581	-0.953762
0.0242862	-0.299723	-0.953717
0.0174843	-0.215778	-0.976286
0.0105421	-0.130103	-0.991444
0.0105435	-0.130116	-0.991443
0.00352006	-0.0434406	-0.99905
0.00351961	-0.0434364	-0.99905
0.0807643	-0.996733	-0
-0.00352298	0.043478	0.999048
-0.0105413	0.130093	0.991446
-0.0105408	0.130108	0.991444
-0.0174782	0.215739	0.976295
-0.0242834	0.299736	0.953713
-0.0242849	0.299697	0.953725
-0.0309075	0.381425	0.923883
-0.0309072	0.381433	0.923879
-0.0372934	0.460248	0.887007
-0.0433927	0.53552	0.843407
-0.0491701	0.606822	0.793316
-0.0491708	0.606811	0.793324
-0.0545638	0.673365	0.737294
-0.054563	0.673377	0.737283
-0.0595429	0.734835	0.675627
-0.0640756	0.790774	0.608745
-0.0640768	0.790763	0.608759
-0.0681192	0.840651	0.537276
-0.0716384	0.88408	0.461811
-0.0716277	0.884147	0.461686
-0.0746043	0.92089	0.382617
-0.0746147	0.92084	0.382734
-0.0770247	0.950582	0.300767
-0.0770149	0.950616	0.300662
-0.0788366	0.973101	0.216471
-0.0788345	0.973106	0.21645
-0.0800584	0.988213	0.130481
-0.0800724	0.988194	0.130616
0.996734	0.08075	-6.60349e-005
0.996736	0.080734	7.52743e-005
0.996736	0.0807245	0.00011653
0.996727	0.0808454	-0.000228041
0.996737	0.0807185	3.58595e-005
0.996738	0.0807002	6.51482e-005
0.996741	0.080674	9.85681e-005
0.996724	0.0808779	-0.000111285
0.996735	0.0807476	-2.38121e-006
0.996736	0.0807326	7.73021e-006
0.996724	0.0808783	-7.08576e-005
0.996739	0.0806965	5.44595e-006
0.996733	0.0807622	-1.50365e-005
0.996751	0.0805408	3.19863e-005
0.996723	0.0808904	-9.54697e-006
0.996737	0.0807203	-3.57321e-006
0.996683	0.081376	-2.36943e-005
0.996509	0.0834857	0.00015819
0.996504	0.0835434	0.000161481
0.996858	0.0792077	-7.01576e-005
0.996701	0.0811656	2.35281e-005
0.996785	0.0801211	-1.84019e-005
0.996797	0.0799745	-2.28334e-005
0.996597	0.082424	2.15289e-005
0.996831	0.0795461	1.07102e-005
0.996724	0.0808822	-6.36479e-006
0.996717	0.0809695	1.63181e-006
0.996688	0.0813224	2.80647e-005
0.996739	0.0806973	-7.0617e-006
0.996734	0.0807591	-4.86393e-006
0.996787	0.0800991	-1.35897e-005
0.99673	0.0808075	-2.11e-005
0.996682	0.0813996	3.87617e-005
0.996737	0.0807142	-1.40865e-005
0.996738	0.0807007	-1.47894e-005
0.996693	0.0812651	-0
-0.996732	-0.080781	6.46772e-005
-0.996733	-0.080766	-6.82796e-005
-0.996729	-0.0808148	0.000144687
-0.996734	-0.0807496	-4.12905e-005
-0.996734	-0.0807514	-3.74926e-005
-0.996725	-0.0808656	0.000145592
-0.996741	-0.080674	-9.85681e-005
-0.99674	-0.0806855	-8.67626e-005
-0.996733	-0.0807688	-1.71478e-005
-0.996716	-0.0809813	0.000126478
-0.996744	-0.080634	-6.09523e-005
-0.996738	-0.0807112	-2.85392e-005
-0.996732	-0.0807745	-8.77622e-006
-0.996728	-0.0808232	1.56364e-006
-0.996722	-0.0809017	1.08808e-005
-0.99663	-0.0820331	4.38589e-005
-0.996737	-0.0807203	3.57321e-006
-0.996509	-0.0834857	-0.00015819
-0.997117	-0.075885	0.000274514
-0.996478	-0.083851	-0.000150929
-0.99698	-0.0776591	0.000145274
-0.996553	-0.0829605	-6.74622e-005
-0.996797	-0.0799745	2.28334e-005
-0.996767	-0.0803476	1.60766e-005
-0.996692	-0.0812767	1.25953e-005
-0.996747	-0.0805952	3.87606e-006
-0.996714	-0.0809982	-3.30186e-005
-0.996814	-0.0797593	5.9768e-005
-0.996739	-0.0806973	7.0617e-006
-0.996734	-0.0807591	4.86393e-006
-0.996678	-0.0814424	-4.16844e-006
-0.99673	-0.0808089	-1.08752e-005
-0.996789	-0.0800735	6.34971e-005
-0.996737	-0.0807142	1.40865e-005
-0.99664	-0.0819055	-4.7891e-005
-0.996789	-0.0800777	-0

#	Mesh	0	End

