#	Mesh	0	Begin

#	Vertex	20
73.435	-16.6985	-4.39574
73.4477	-16.8555	-4.39574
74.2326	-16.7919	-4.39574
74.0629	-16.6476	-4.39574
73.435	-16.6985	-3.99574
73.4477	-16.8555	-3.99574
74.2326	-16.7919	-3.99574
74.0629	-16.6476	-3.99574
73.2917	-17.5002	-4.49574
74.3333	-17.4158	-4.49574
74.2824	-16.7879	-4.49574
73.2409	-16.8723	-4.49574
73.2917	-17.5002	-3.99574
74.3333	-17.4158	-3.99574
74.2824	-16.7879	-3.99574
73.2409	-16.8723	-3.99574
73.2159	-16.8743	-4.49574
73.2668	-17.5022	-4.49574
73.2159	-16.8743	-3.99574
73.2668	-17.5022	-3.99574

#	Triangle	13
3	4	7	0	4	3
0	5	4	1	5	0	11	12	15	8	12	11
1	6	5	2	6	1
2	7	6	3	7	2
3	1	0	2	1	3	11	9	8	10	9	11	8	16	11	17	16	8
4	6	7	5	6	4	12	14	15	13	14	12	15	19	12	18	19	15
8	13	12	9	13	8
9	14	13	10	14	9
10	15	14	11	15	10
8	15	12	11	15	8
11	18	15	16	18	11
16	19	18	17	19	16
17	12	19	8	12	17

#	Normal	13
-0.0807598	0.996734	-0
-0.996734	-0.0807536	0
0.0807612	-0.996733	-0
0.647695	0.7619	-0
-0	-0	-1
-0	-0	1
0.0807598	-0.996734	-0
0.996733	0.0807662	-0
-0.0807622	0.996733	-0
0.996734	0.0807541	-0
-0.0807697	0.996733	-0
-0.996733	-0.0807664	0
0.0807949	-0.996731	-0

#	Mesh	0	End

