#	Mesh	0	Begin

#	Vertex	12
93.6195	-14.6959	-2.829
93.4202	-14.712	-2.829
93.4364	-14.9114	-2.829
93.6357	-14.8952	-2.829
93.6195	-14.6959	-11.386
93.6357	-14.8952	-11.386
93.4371	-14.9113	-11.386
93.421	-14.712	-11.386
93.421	-14.712	-3.31444
93.4202	-14.712	-3.31444
93.4364	-14.9114	-3.31544
93.4371	-14.9113	-3.31544

#	Triangle	12
3	1	2	0	1	3
7	5	6	4	5	7
8	4	7	8	0	4
1	8	9
1	0	8
10	1	9	2	1	10
3	6	5	3	11	6	3	2	10
3	10	11
4	3	5	0	3	4
6	8	7	11	8	6
9	11	10
8	11	9

#	Normal	12
0	-0	1
0	-0	-1
-0.0807603	0.996734	-0
-0.081412	0.996681	-0
-0.0807629	0.996733	1.06214e-006
-0.996735	-0.0807423	0
0.0807603	-0.996734	-0
0.0806191	-0.996745	5.80302e-005
0.996732	0.0807811	-0
-0.996732	-0.0807811	0
-0.000403091	0.00498367	-0.999988
-0.000407054	0.00498333	-0.999988

#	Mesh	0	End

