#	Mesh	0	Begin

#	Vertex	15
88.3106	-12.8181	-2.829
88.1112	-12.8342	-2.829
88.1274	-13.0336	-2.829
88.3267	-13.0174	-2.829
88.1112	-12.8342	-11.386
88.3106	-12.8181	-11.386
88.3186	-12.9169	-11.386
88.1192	-12.933	-11.386
88.3106	-12.8181	-11.2493
88.1112	-12.8342	-11.2493
88.1192	-12.933	-3.30343
88.1274	-13.0336	-3.30394
88.3267	-13.0174	-3.30394
88.3186	-12.9169	-3.30343
88.3186	-12.9169	-3.30343

#	Triangle	12
3	1	2	0	1	3
7	5	6	4	5	7
9	5	4	9	8	5	1	8	9	1	0	8
10	4	7	10	9	4	10	1	9
2	10	11
2	1	10
12	2	11	3	2	12	6	10	7
8	6	5	8	13	6	0	13	8
13	3	12
0	3	13
14	10	6
11	13	12	10	13	11

#	Normal	12
0	-0	1
-0	0	-1
-0.0807629	0.996733	-0
-0.996731	-0.0807884	-0
-0.996732	-0.080774	-0
-0.996732	-0.0807811	-1.51572e-006
0.0807629	-0.996733	-0
0.996731	0.0807884	0
0.996732	0.080774	-0
0.996732	0.0807811	1.51572e-006
0.0807598	-0.996734	-7.80613e-008
-0.000402591	0.00498368	-0.999988

#	Mesh	0	End

