#	Mesh	0	Begin

#	Vertex	22
66.9866	-1.00187	-2.879
66.7873	-1.01803	-2.879
66.8034	-1.21737	-2.879
67.0028	-1.20122	-2.879
66.9866	-1.00187	-11.386
67.0028	-1.20122	-11.386
66.8034	-1.21737	-11.386
66.7873	-1.01803	-11.386
66.9866	-1.00187	-3.23545
66.7882	-1.01795	-3.23545
66.7882	-1.01795	-11.346
66.9866	-1.00187	-11.346
66.7873	-1.01803	-3.629
66.7873	-1.01803	-3.54915
66.8034	-1.21737	-3.629
66.8034	-1.21737	-3.55039
67.0028	-1.20122	-11.346
66.8043	-1.2173	-11.346
66.8043	-1.2173	-3.23645
67.0028	-1.20122	-3.23645
66.7882	-1.01796	-3.23545
66.7882	-1.01796	-11.346

#	Triangle	17
3	1	2	0	1	3	11	17	16	21	17	11
7	5	6	4	5	7
12	10	7	12	9	10	1	9	13
10	4	7
10	11	4
13	9	12
1	8	9
1	0	8
14	7	6	14	12	7	15	12	14	15	13	12	2	13	15	2	1	13
16	6	5	19	2	18	3	2	19
16	17	6
17	14	6	18	14	17	18	2	15
18	15	14
8	3	19	0	3	8	16	4	11	5	4	16
10	18	17
20	18	10
19	9	8	18	9	19

#	Normal	17
0	-0	1
0	-0	-1
-0.0812692	0.996692	-0
-0.0807623	0.996733	-1.1849e-005
-0.0807599	0.996734	-0
-6.05318e-006	7.42368e-005	-0
-0.0807599	0.996734	1.33699e-006
-0.0807623	0.996733	-0
-0.996735	-0.0807423	-0
0.0807623	-0.996733	-0
0.0807616	-0.996733	3.31075e-006
0.0809045	-0.996722	-0
5.88251e-006	-7.24709e-005	-0
0.996735	0.0807423	-0
0.996738	0.0807031	-0
0.996738	0.0807084	1.29976e-007
-0.000403795	0.00498361	-0.999988

#	Mesh	0	End

