#	Mesh	0	Begin

#	Vertex	12
68.9546	6.53168	-11.386
68.9544	6.53416	-11.386
68.9297	6.53216	-11.386
68.9138	6.72903	-11.386
68.7391	6.71488	-11.386
68.7552	6.51553	-11.386
68.9546	6.53168	-4.829
68.9544	6.53416	-4.829
68.9297	6.53216	-4.829
68.9138	6.72903	-4.829
68.7391	6.71488	-4.829
68.7552	6.51553	-4.829

#	Triangle	10
5	6	11	0	6	5
0	7	6	1	7	0
1	8	7	2	8	1
2	9	8	3	9	2
3	10	9	4	10	3
4	11	10	5	11	4
4	2	5	2	0	5	4	3	2
2	1	0
7	11	6	8	10	11	9	10	8
7	8	11

#	Normal	10
0.0807598	-0.996734	-0
0.996643	0.0818727	-0
-0.0806929	0.996739	-0
0.996736	0.0807285	-0
-0.0807637	0.996733	-0
-0.996735	-0.0807423	0
0	-0	-1
0	0	-6.13719e-005
-0	0	1
0	-0	6.17037e-005

#	Mesh	0	End

