#	Mesh	0	Begin

#	Vertex	20
68.0132	50.0921	-2.829
67.8138	50.0759	-2.829
67.83	49.8766	-2.829
68.0293	49.8927	-2.829
68.0132	50.0921	-11.386
68.0293	49.8927	-11.386
67.83	49.8766	-11.386
67.8138	50.0759	-11.386
68.0132	50.0921	-11.1187
67.8138	50.0759	-11.1187
67.8138	50.0759	-9.4528
68.0128	50.0921	-9.4528
68.0128	50.0921	-2.98122
67.8138	50.0759	-2.98122
67.83	49.8766	-2.98222
68.029	49.8927	-2.98222
68.029	49.8927	-9.4528
67.83	49.8766	-9.4528
67.83	49.8766	-11.1191
68.0293	49.8927	-11.1191

#	Triangle	17
3	1	2	0	1	3	17	11	10	16	11	17
7	5	6	4	5	7
9	4	7	9	8	4	10	8	9
10	11	8
11	0	8	12	0	11
1	12	13
1	0	12
14	1	13	2	1	14	18	7	6	18	9	7	17	9	18	17	10	9
19	6	5	19	18	6	19	17	18
3	16	19	3	15	16
16	17	19
15	2	14
3	2	15
8	5	4	8	19	5	8	3	19	0	3	8
12	16	15	11	16	12
13	15	14
12	15	13

#	Normal	17
0	-0	1
0	-0	-1
-0.0807629	0.996733	-0
-0.0807428	0.996735	2.41512e-006
-0.0926234	0.995701	-0
-0.0807428	0.996735	-0
-0.0807629	0.996733	-2.63865e-005
-0.996732	-0.0807807	0
0.0807629	-0.996733	-0
0.0885398	-0.996073	-0
0.0807491	-0.996734	-1.6561e-006
0.0807491	-0.996734	-0
0.0807629	-0.996733	1.79784e-005
0.996732	0.0807807	0
-0.996738	-0.0807031	-0
-0.000402519	0.00498368	-0.999988
-0.00040249	0.00498371	-0.999988

#	Mesh	0	End

