#	Mesh	0	Begin

#	Vertex	258
55.6218	105.5	-18.1377
56.8179	105.597	-18.1377
56.8169	105.61	-18.1377
55.6208	105.513	-18.1377
55.6218	105.5	-17.8914
56.8179	105.597	-17.8914
56.8169	105.61	-17.8914
55.6208	105.513	-17.8914
55.641	105.263	-17.8623
55.641	105.263	-17.8773
55.6212	105.508	-17.8773
55.6212	105.508	-17.8923
55.621	105.51	-17.892
55.6208	105.513	-17.8913
55.6206	105.515	-17.8902
55.6205	105.517	-17.8887
55.6203	105.519	-17.8869
55.6202	105.521	-17.8848
55.6201	105.522	-17.8824
55.62	105.522	-17.8799
55.62	105.523	-17.8773
55.62	105.522	-17.8746
55.6201	105.522	-17.8721
55.6202	105.521	-17.8698
55.6203	105.519	-17.8676
55.6205	105.517	-17.8658
55.6206	105.515	-17.8643
55.6208	105.513	-17.8632
55.621	105.51	-17.8625
55.6212	105.508	-17.8623
56.8371	105.36	-17.8623
56.8371	105.36	-17.8773
56.8173	105.605	-17.8773
56.8173	105.605	-17.8923
56.8171	105.607	-17.892
56.8169	105.61	-17.8913
56.8167	105.612	-17.8902
56.8165	105.614	-17.8887
56.8164	105.616	-17.8869
56.8163	105.618	-17.8848
56.8162	105.619	-17.8824
56.8161	105.619	-17.8799
56.8161	105.62	-17.8773
56.8161	105.619	-17.8746
56.8162	105.619	-17.8721
56.8163	105.618	-17.8698
56.8164	105.616	-17.8676
56.8165	105.614	-17.8658
56.8167	105.612	-17.8643
56.8169	105.61	-17.8632
56.8171	105.607	-17.8625
56.8173	105.605	-17.8623
55.642	105.251	-17.8773
56.8381	105.348	-17.8773
55.642	105.251	-17.6159
56.8381	105.348	-17.6159
56.8371	105.36	-17.6159
55.641	105.263	-17.6159
55.6612	105.014	-17.5868
55.6612	105.014	-17.6018
55.6414	105.259	-17.6018
55.6414	105.259	-17.6168
55.6412	105.261	-17.6166
55.641	105.264	-17.6159
55.6408	105.266	-17.6148
55.6407	105.268	-17.6133
55.6405	105.27	-17.6114
55.6404	105.271	-17.6093
55.6403	105.273	-17.6069
55.6402	105.273	-17.6044
55.6402	105.273	-17.6018
55.6402	105.273	-17.5992
55.6403	105.273	-17.5967
55.6404	105.271	-17.5943
55.6405	105.27	-17.5922
55.6407	105.268	-17.5903
55.6408	105.266	-17.5888
55.641	105.264	-17.5877
55.6412	105.261	-17.587
55.6414	105.259	-17.5868
56.8573	105.111	-17.5868
56.8573	105.111	-17.6018
56.8375	105.355	-17.6018
56.8375	105.355	-17.6168
56.8373	105.358	-17.6166
56.8371	105.361	-17.6159
56.8369	105.363	-17.6148
56.8367	105.365	-17.6133
56.8366	105.367	-17.6114
56.8365	105.368	-17.6093
56.8364	105.369	-17.6069
56.8363	105.37	-17.6044
56.8363	105.37	-17.6018
56.8363	105.37	-17.5992
56.8364	105.369	-17.5967
56.8365	105.368	-17.5943
56.8366	105.367	-17.5922
56.8367	105.365	-17.5903
56.8369	105.363	-17.5888
56.8371	105.361	-17.5877
56.8373	105.358	-17.587
56.8375	105.355	-17.5868
55.6622	105.002	-17.6018
56.8583	105.099	-17.6018
55.6622	105.002	-17.3405
56.8583	105.099	-17.3405
56.8573	105.111	-17.3405
55.6612	105.014	-17.3405
55.6814	104.765	-17.3113
55.6814	104.765	-17.3263
55.6616	105.009	-17.3263
55.6616	105.009	-17.3413
55.6614	105.012	-17.3411
55.6612	105.014	-17.3404
55.661	105.017	-17.3393
55.6608	105.019	-17.3378
55.6607	105.021	-17.336
55.6606	105.022	-17.3338
55.6605	105.023	-17.3315
55.6604	105.024	-17.329
55.6604	105.024	-17.3263
55.6604	105.024	-17.3237
55.6605	105.023	-17.3212
55.6606	105.022	-17.3188
55.6607	105.021	-17.3167
55.6608	105.019	-17.3149
55.661	105.017	-17.3134
55.6612	105.014	-17.3123
55.6614	105.012	-17.3116
55.6616	105.009	-17.3113
56.8775	104.862	-17.3113
56.8775	104.862	-17.3263
56.8577	105.106	-17.3263
56.8577	105.106	-17.3413
56.8575	105.109	-17.3411
56.8573	105.111	-17.3404
56.8571	105.114	-17.3393
56.8569	105.116	-17.3378
56.8568	105.118	-17.336
56.8567	105.119	-17.3338
56.8566	105.12	-17.3315
56.8565	105.121	-17.329
56.8565	105.121	-17.3263
56.8565	105.121	-17.3237
56.8566	105.12	-17.3212
56.8567	105.119	-17.3188
56.8568	105.118	-17.3167
56.8569	105.116	-17.3149
56.8571	105.114	-17.3134
56.8573	105.111	-17.3123
56.8575	105.109	-17.3116
56.8577	105.106	-17.3113
55.6824	104.753	-17.3263
56.8785	104.85	-17.3263
55.6824	104.753	-17.065
56.8785	104.85	-17.065
56.8775	104.862	-17.065
55.6814	104.765	-17.065
55.7016	104.516	-17.0359
55.7016	104.516	-17.0509
55.6818	104.76	-17.0509
55.6818	104.76	-17.0659
55.6816	104.763	-17.0657
55.6814	104.765	-17.065
55.6812	104.768	-17.0639
55.681	104.77	-17.0624
55.6809	104.772	-17.0605
55.6808	104.773	-17.0584
55.6807	104.774	-17.056
55.6806	104.775	-17.0535
55.6806	104.775	-17.0509
55.6806	104.775	-17.0483
55.6807	104.774	-17.0458
55.6808	104.773	-17.0434
55.6809	104.772	-17.0413
55.681	104.77	-17.0394
55.6812	104.768	-17.0379
55.6814	104.765	-17.0368
55.6816	104.763	-17.0361
55.6818	104.76	-17.0359
56.8977	104.613	-17.0359
56.8977	104.613	-17.0509
56.8779	104.857	-17.0509
56.8779	104.857	-17.0659
56.8777	104.86	-17.0657
56.8775	104.862	-17.065
56.8773	104.865	-17.0639
56.8771	104.867	-17.0624
56.877	104.869	-17.0605
56.8768	104.87	-17.0584
56.8768	104.871	-17.056
56.8767	104.872	-17.0535
56.8767	104.872	-17.0509
56.8767	104.872	-17.0483
56.8768	104.871	-17.0458
56.8768	104.87	-17.0434
56.877	104.869	-17.0413
56.8771	104.867	-17.0394
56.8773	104.865	-17.0379
56.8775	104.862	-17.0368
56.8777	104.86	-17.0361
56.8779	104.857	-17.0359
55.7228	104.254	-16.7754
56.9189	104.351	-16.7754
56.9179	104.364	-16.7754
55.7218	104.267	-16.7754
55.7228	104.254	-16.5141
56.9189	104.351	-16.5141
56.9179	104.364	-16.5141
55.7218	104.267	-16.5141
55.7026	104.503	-17.0509
56.8987	104.6	-17.0509
55.7026	104.503	-16.7896
56.8987	104.6	-16.7896
56.8977	104.613	-16.7896
55.7016	104.516	-16.7896
55.7218	104.267	-16.7604
55.702	104.511	-16.7754
55.702	104.511	-16.7904
55.7018	104.514	-16.7902
55.7016	104.516	-16.7895
55.7014	104.518	-16.7884
55.7012	104.521	-16.7869
55.7011	104.522	-16.7851
55.701	104.524	-16.7829
55.7009	104.525	-16.7806
55.7008	104.526	-16.7781
55.7008	104.526	-16.7754
55.7008	104.526	-16.7728
55.7009	104.525	-16.7703
55.701	104.524	-16.7679
55.7011	104.522	-16.7658
55.7012	104.521	-16.764
55.7014	104.518	-16.7625
55.7016	104.516	-16.7614
55.7018	104.514	-16.7607
55.702	104.511	-16.7604
56.9179	104.364	-16.7604
56.8981	104.608	-16.7754
56.8981	104.608	-16.7904
56.8979	104.61	-16.7902
56.8977	104.613	-16.7895
56.8975	104.615	-16.7884
56.8973	104.617	-16.7869
56.8972	104.619	-16.7851
56.897	104.621	-16.7829
56.8969	104.622	-16.7806
56.8969	104.623	-16.7781
56.8969	104.623	-16.7754
56.8969	104.623	-16.7728
56.8969	104.622	-16.7703
56.897	104.621	-16.7679
56.8972	104.619	-16.7658
56.8973	104.617	-16.764
56.8975	104.615	-16.7625
56.8977	104.613	-16.7614
56.8979	104.61	-16.7607
56.8981	104.608	-16.7604

#	Triangle	181
3	4	7	0	4	3	109	154	157	152	154	109
0	5	4	1	5	0	8	31	30	9	31	8	10	33	32	11	33	10	52	55	54	53	55	52	58	81	80	59	81	58	60	83	82	61	83	60	102	105	104	103	105	102	108	131	130	109	131	108	110	133	132	111	133	110	152	155	154	153	155	152	158	181	180	159	181	158	160	183	182	161	183	160	202	207	206	203	207	202	216	204	237	205	204	216	217	239	238	218	239	217
1	6	5	2	6	1	153	156	155	131	156	153	211	214	213	181	214	211
2	7	6	3	7	2	31	57	56	9	57	31	81	107	106	59	107	81	131	157	156	109	157	131	204	209	208	205	209	204	181	215	214	159	215	181
3	1	0	2	1	3	9	32	31	10	32	9	9	53	52	31	53	9	59	82	81	60	82	59	59	103	102	81	103	59	109	132	131	110	132	109	109	153	152	131	153	109	159	182	181	160	182	159	205	203	202	204	203	205	159	211	210	181	211	159	205	238	204	217	238	205
4	6	7	5	6	4	29	30	51	8	30	29	54	56	57	55	56	54	79	80	101	58	80	79	104	106	107	105	106	104	129	130	151	108	130	129	154	156	157	155	156	154	179	180	201	158	180	179	206	208	209	207	208	206	212	214	215	213	214	212	236	237	257	216	237	236
11	34	33	12	34	11
12	35	34	162	185	184	163	185	162
13	35	12
13	36	35	220	242	241	221	242	220
14	36	13
14	37	36	65	87	64	114	137	136	115	137	114	164	187	186
15	37	14	64	87	86	165	187	164
15	38	37	16	38	15	115	138	137
16	39	38	17	39	16	116	139	138	117	139	116	223	245	244	224	245	223
17	40	39	18	40	17	117	140	139	167	190	189	168	190	167	225	246	224
18	41	40	19	41	18	68	91	90	69	91	68	118	141	140	119	141	118	225	247	246	226	247	225
19	42	41	20	42	19	119	142	141	120	142	119	226	248	247	227	248	226
20	43	42	21	43	20
21	44	43	22	44	21	71	94	93	72	94	71	228	250	249	229	250	228
22	45	44	23	45	22	172	195	194	173	195	172
23	46	45	24	46	23
24	47	46	25	47	24	174	197	196	175	197	174
25	48	47	125	148	147	126	148	125	175	198	197
26	48	25	176	198	175
26	49	48	126	149	148	127	149	126
27	49	26
27	50	49	128	150	127
28	50	27	127	150	149
28	51	50	29	51	28	128	151	150	129	151	128	235	257	256
28	8	29	128	108	129
28	9	8	128	109	108	178	159	158	235	205	216
27	9	28
26	9	27
25	9	26
24	9	25
23	9	24	123	109	124	230	205	231
22	9	23	72	59	73	172	159	173	229	205	230
21	9	22	71	59	72	228	205	229
20	10	21	19	10	20	70	60	71	69	60	70	120	110	121	119	110	120	170	160	171	169	160	170	227	217	228	226	217	227
10	9	21
19	11	10	169	161	160
18	11	19	68	61	69	118	111	119	168	161	169	225	218	226
17	11	18	67	61	68	117	111	118	167	161	168	224	218	225
16	11	17	66	61	67	116	111	117	166	161	167	223	218	224
15	11	16	65	61	66	115	111	116	165	161	166	222	218	223
14	11	15	64	61	65	114	111	115	164	161	165	221	218	222
13	11	14	113	111	114	163	161	164	220	218	221
12	11	13	62	61	63	112	111	113	162	161	163	219	218	220
31	51	30	131	151	130	204	257	237
31	50	51	131	150	151	204	256	257
31	49	50
31	48	49
31	47	48	204	253	254
31	46	47
31	45	46
31	44	45
31	43	44	204	249	250
31	32	43
32	42	43	82	92	93	132	142	143	182	192	193	238	248	249
33	42	32	183	192	182	239	248	238
33	41	42	83	91	92	133	141	142	239	247	248
33	40	41	83	90	91	133	140	141	183	190	191	239	246	247
33	39	40	83	89	90	133	139	140	183	189	190	239	245	246
33	38	39	83	88	89	133	138	139	183	188	189	239	244	245
33	37	38	83	87	88	133	137	138	183	187	188	239	243	244
33	36	37	83	86	87	133	136	137	183	186	187	239	242	243
33	35	36	133	135	136	183	185	186	239	241	242
33	34	35	83	84	85	133	134	135	183	184	185	239	240	241
9	54	57	52	54	9	59	104	107	102	104	59	205	206	209	202	206	205
53	56	55	31	56	53	103	106	105	81	106	103	203	208	207	204	208	203
61	84	83	62	84	61	161	184	183	162	184	161
62	85	84	63	85	62	113	135	112	219	241	240
63	86	85	64	86	63
65	88	87	66	88	65
66	89	88	67	89	66	166	189	188	167	189	166
67	90	89	68	90	67
69	92	91	170	192	169
70	92	69	169	192	191
70	93	92	171	193	170
71	93	70	170	193	192
72	95	94	73	95	72	122	145	144
73	96	95	74	96	73	173	196	195	174	196	173
74	97	96	75	97	74
75	98	97
76	98	75
76	99	98	77	99	76
77	100	99	78	100	77	177	200	199	178	200	177	234	256	255
78	101	100	79	101	78	178	201	200	179	201	178
78	58	79	178	158	179
78	59	58
77	59	78
76	59	77
75	59	76
74	59	75	174	159	175
73	59	74	173	159	174
60	59	71
69	61	60
63	61	64
81	101	80
81	100	101	181	200	201
81	99	100	204	255	256
81	98	99
81	97	98
81	96	97	181	196	197
81	95	96	181	195	196
81	94	95	131	144	145	181	194	195
81	93	94	131	143	144	181	193	194
81	82	93
83	92	82
83	85	86
111	134	133	112	134	111	218	240	239
112	135	134	220	241	219
113	136	135	114	136	113
116	138	115
118	140	117	224	246	245
120	143	142	121	143	120
121	144	143	122	144	121
123	145	122
123	146	145	124	146	123	230	252	251	231	252	230
124	147	146
125	147	124	231	253	252
127	109	128
126	109	127
125	109	126
124	109	125
122	109	123
121	109	122
110	109	121
119	111	110	226	218	217
131	149	150
131	148	149
131	147	148
131	146	147
131	145	146	204	251	252
131	132	143
133	142	132
163	186	185	164	186	163
165	188	187	166	188	165
168	191	190
169	191	168
171	194	193
172	194	171
176	199	198	177	199	176
177	159	178
176	159	177
175	159	176
171	159	172
160	159	171
181	201	180
181	199	200
181	198	199
181	197	198
181	182	193
183	191	192
159	212	215	210	212	159
210	213	212	211	213	210
219	240	218
221	243	242
222	243	221
222	244	243
223	244	222
227	249	248	228	249	227
229	251	250
230	251	229
232	253	231
232	254	253
233	254	232
233	255	254	234	255	233
235	256	234
236	257	235
235	216	236
234	205	235
233	205	234
232	205	233
231	205	232
217	205	228
204	254	255
204	252	253
204	250	251
204	238	249

#	Normal	181
-0.99672	-0.0809249	0
0.0807619	-0.996733	-0
0.996745	0.0806145	-0
-0.0807616	0.996733	-0
0	-0	-1
-0	-0	1
-0.0070438	0.086932	-0.996189
-0.0208891	0.257806	-0.965971
-0.0208866	0.257775	-0.965979
-0.0341735	0.421758	-0.906064
-0.0341773	0.421804	-0.906043
-0.0463593	0.57215	-0.818838
-0.0463546	0.572093	-0.818878
-0.0570753	0.704404	-0.7075
-0.0660888	0.815647	-0.574763
-0.0731893	0.903278	-0.422766
-0.0780296	0.963016	-0.257898
-0.0804557	0.992959	-0.0869474
-0.0804557	0.992959	0.0869474
-0.0780296	0.963016	0.257898
-0.0731893	0.903278	0.422766
-0.0660888	0.815647	0.574763
-0.0570753	0.704404	0.7075
-0.0463592	0.57215	0.818838
-0.0463547	0.572093	0.818878
-0.0341736	0.421758	0.906064
-0.0341772	0.421804	0.906043
-0.020889	0.257806	0.965971
-0.0208867	0.257775	0.965979
-0.0070438	0.086932	0.996189
-5.58024e-005	-4.52122e-006	3.76282e-008
-0.996734	-0.0807578	-0
-0.996708	-0.0809874	0.00387067
-0.996742	-0.0806033	-0.00297106
-0.996725	-0.0808505	0.00184436
-0.996735	-0.0807452	-0.000498599
-0.996734	-0.0807563	-0.000203594
-0.996733	-0.0807693	0.000243892
-0.996733	-0.0807664	9.65942e-005
-3.89599e-005	-3.16524e-006	1.68152e-008
-0.996733	-0.0807572	-0.00081834
-0.996722	-0.0809011	-0
-2.88627e-005	-2.34081e-006	-2.2583e-009
-2.24261e-005	-1.81562e-006	-6.2561e-009
-1.65031e-005	-1.34318e-006	7.62939e-009
-1.12837e-005	-9.22501e-007	1.40381e-008
-6.92839e-006	-5.54924e-007	-2.28882e-008
-3.52332e-006	-2.92496e-007	2.66724e-008
-1.18323e-006	-9.52377e-008	-7.96509e-009
0.996734	0.0807572	-0
9.48259e-005	7.68528e-006	-3.76282e-008
0.996737	0.0807078	0.000840917
0.996733	0.0807664	-0.000201496
0.996736	0.0807266	0.000573809
0.996736	0.0807307	0.000483953
0.996735	0.0807416	0.000193206
0.996734	0.0807544	-0.000250838
0.996734	0.0807515	-0.000100584
0.996734	0.0807572	-0.000676014
3.89599e-005	3.15506e-006	-1.77002e-008
0.996737	0.080718	-0
3.55615e-005	2.86209e-006	1.77002e-008
2.88627e-005	2.33094e-006	4.88281e-009
2.24261e-005	1.80637e-006	1.05591e-008
1.65031e-005	1.33481e-006	-1.77002e-009
1.12837e-005	9.15283e-007	-6.83594e-009
6.92839e-006	5.62775e-007	-6.31714e-009
3.52332e-006	2.84645e-007	2.53296e-009
1.18323e-006	9.61304e-008	-2.19727e-009
-0.996745	-0.0806145	0
0.99672	0.0809249	-0
-0.00706469	0.0871901	-0.996167
-0.0209453	0.258501	-0.965784
-0.0340319	0.42001	-0.906881
-0.0571056	0.704777	-0.707127
-0.0661822	0.816797	-0.573117
-0.0732003	0.903411	-0.42248
-0.0804564	0.992963	-0.0868923
-0.0804276	0.992692	-0.089968
-0.0804501	0.99297	0.0868276
-0.0804348	0.992697	0.0899011
-0.0731895	0.903278	0.422766
-0.066202	0.817041	0.572766
-0.0571056	0.704777	0.707127
-0.0463142	0.571594	0.819229
-0.0463187	0.57165	0.819189
-0.0340814	0.420622	0.906596
-0.0209453	0.258501	0.965784
-0.00700477	0.0864506	0.996232
-5.53273e-005	-4.48346e-006	1.83716e-007
-0.996732	-0.0807735	-0
-0.996736	-0.0807207	-0.000886825
-0.996734	-0.0807516	-0.00033748
-0.996735	-0.0807386	-0.000591699
-0.996735	-0.0807429	-0.000495721
-0.996733	-0.0807647	8.50064e-005
-0.996733	-0.0807705	0.000509336
-0.99674	-0.0806809	-0
-3.49301e-006	-2.83463e-007	2.19727e-009
0.996734	0.0807547	-0
9.42335e-005	7.64664e-006	-1.93848e-007
0.996737	0.0807079	0.000838914
0.996735	0.0807378	0.00030765
0.996725	0.0808483	-0.00184993
0.996735	0.0807429	0.000495721
0.996733	0.0807647	-8.50064e-005
0.996733	0.0807693	-0.000243892
0.996733	0.0807664	-9.65942e-005
0.996733	0.0807546	0.00107509
0.996734	0.0807599	-0
3.49301e-006	2.83463e-007	-2.19727e-009
-0.00698402	0.0861946	-0.996254
-0.0209429	0.25847	-0.965792
-0.0341736	0.421758	-0.906064
-0.0570704	0.704344	-0.707561
-0.0731932	0.903324	-0.422667
-0.0804555	0.992953	0.0870121
-0.0780339	0.963066	0.257712
-0.073193	0.903324	0.422667
-0.0660689	0.815401	0.575114
-0.0571054	0.704777	0.707127
-0.0571007	0.704717	0.707187
-0.996737	-0.0807078	-0.000840917
-0.996733	-0.0807664	0.000201496
-0.996736	-0.0807266	-0.000573809
-0.996727	-0.0808212	0.00153067
-0.996736	-0.0807222	-0.00137754
-0.996734	-0.0807515	0.000100507
-0.996734	-0.0807572	0.000676521
-0.996743	-0.0806384	-0
0.996708	0.0809874	-0.00387067
0.996732	0.0807802	-0.000171754
0.996735	0.0807409	0.000594301
0.996735	0.0807453	0.000498095
0.996734	0.0807563	0.000203776
0.996733	0.0807572	0.000818954
0.996716	0.0809767	-0
-0.0340815	0.420621	-0.906596
-0.0571054	0.704777	-0.707127
-0.0780336	0.963066	-0.257712
-0.0779672	0.962324	-0.260488
-0.0780233	0.963017	0.257898
-0.0779694	0.962273	0.260676
-0.0340815	0.420621	0.906596
-0.996737	-0.0807079	-0.000838914
-0.996735	-0.0807378	-0.00030765
-0.996725	-0.0808482	0.00184769
-0.996733	-0.0807615	-0.000151934
-0.996734	-0.0807546	-0.000832943
0.996733	0.0807705	-0
0.996736	0.0807207	0.000886825
0.996734	0.0807516	0.00033748
0.996735	0.0807386	0.000590981
0.996733	0.0807705	-0.000509336
3.54151e-005	2.85973e-006	8.23975e-009
-0.996741	-0.0806648	0
0.0807551	-0.996734	-0
-0.00698489	0.0862049	-0.996253
-0.0463187	0.57165	-0.819189
-0.0462021	0.570257	-0.820166
-0.057096	0.704717	-0.707187
-0.057226	0.706262	-0.705634
-0.0804553	0.992953	0.0870121
-0.0732038	0.903457	0.422381
-0.0732003	0.903411	0.42248
-0.0572212	0.706262	0.705634
-0.0463555	0.57215	0.818838
-0.0462463	0.570756	0.819816
-0.0341239	0.421146	0.906351
-0.020943	0.25847	0.965792
-0.00704462	0.0869424	0.996188
-5.58024e-005	-4.52211e-006	-9.26422e-007
-0.996708	-0.0809868	0.00386154
-0.996732	-0.0807802	0.000172028
-0.996736	-0.0807208	-0.000985977
-0.996734	-0.0807576	-0.000169343
-0.996732	-0.080773	0.000766706
0.996733	0.0807664	-0.000201817
0.996727	0.0808212	-0.00153067
0.996736	0.0807222	0.00137642
0.996734	0.0807572	-0.000676521

#	Mesh	0	End

