#	Mesh	0	Begin

#	Vertex	476
17.0867	104.154	-3.87531
17.0867	104.139	-3.87088
17.0867	104.125	-3.86644
17.0867	104.11	-3.86201
17.0867	104.096	-3.85758
17.0867	104.082	-3.85038
17.0867	104.069	-3.84319
17.0867	104.055	-3.83599
17.0867	104.042	-3.8288
17.0867	104.03	-3.81911
17.0867	104.018	-3.80943
17.0867	104.006	-3.79974
17.0867	103.995	-3.79006
17.0867	103.985	-3.77826
17.0867	103.975	-3.76645
17.0867	103.965	-3.75465
17.0867	103.956	-3.74285
17.0867	103.949	-3.72939
17.0867	103.941	-3.71593
17.0867	103.934	-3.70246
17.0867	103.927	-3.689
17.0867	103.923	-3.67439
17.0867	103.918	-3.65978
17.0867	103.914	-3.64517
17.0867	103.909	-3.63056
17.0867	103.908	-3.61537
17.0867	103.906	-3.60018
17.0867	103.905	-3.58893
17.0867	103.903	-3.56979
17.0867	103.905	-3.55066
17.0867	103.907	-3.53152
17.0867	103.908	-3.52027
17.0867	103.909	-3.50902
17.0867	103.914	-3.49441
17.0867	103.918	-3.4798
17.0867	103.923	-3.4652
17.0867	103.927	-3.45059
17.0867	103.934	-3.43712
17.0867	103.941	-3.42366
17.0867	103.949	-3.4102
17.0867	103.956	-3.39673
17.0867	103.965	-3.38493
17.0867	103.975	-3.37313
17.0867	103.985	-3.36133
17.0867	103.995	-3.34953
17.0867	104.006	-3.33984
17.0867	104.018	-3.33016
17.0867	104.03	-3.32047
17.0867	104.042	-3.31079
17.0867	104.055	-3.30359
17.0867	104.069	-3.2964
17.0867	104.082	-3.2892
17.0867	104.096	-3.282
17.0867	104.11	-3.27757
17.0867	104.125	-3.27314
17.0867	104.139	-3.26871
17.0867	104.154	-3.26428
17.0867	104.169	-3.26278
17.0867	104.184	-3.26129
17.0867	104.2	-3.25979
17.0867	104.215	-3.25829
17.0867	104.23	-3.25979
17.0867	104.245	-3.26129
17.0867	104.26	-3.26278
17.0867	104.276	-3.26428
17.0867	104.29	-3.26871
17.0867	104.305	-3.27314
17.0867	104.319	-3.27757
17.0867	104.334	-3.282
17.0867	104.347	-3.2892
17.0867	104.361	-3.2964
17.0867	104.374	-3.30359
17.0867	104.388	-3.31079
17.0867	104.4	-3.32047
17.0867	104.411	-3.33016
17.0867	104.423	-3.33984
17.0867	104.435	-3.34953
17.0867	104.445	-3.36133
17.0867	104.454	-3.37313
17.0867	104.464	-3.38493
17.0867	104.474	-3.39673
17.0867	104.481	-3.4102
17.0867	104.488	-3.42366
17.0867	104.495	-3.43712
17.0867	104.503	-3.45059
17.0867	104.507	-3.4652
17.0867	104.511	-3.4798
17.0867	104.516	-3.49441
17.0867	104.52	-3.50902
17.0867	104.522	-3.52421
17.0867	104.523	-3.53941
17.0867	104.524	-3.55066
17.0867	104.526	-3.56979
17.0867	104.524	-3.58893
17.0867	104.523	-3.60806
17.0867	104.521	-3.61931
17.0867	104.52	-3.63056
17.0867	104.516	-3.64517
17.0867	104.511	-3.65978
17.0867	104.507	-3.67439
17.0867	104.503	-3.689
17.0867	104.495	-3.70246
17.0867	104.488	-3.71593
17.0867	104.481	-3.72939
17.0867	104.474	-3.74285
17.0867	104.464	-3.75465
17.0867	104.454	-3.76645
17.0867	104.445	-3.77826
17.0867	104.435	-3.79006
17.0867	104.423	-3.79974
17.0867	104.411	-3.80943
17.0867	104.4	-3.81911
17.0867	104.388	-3.8288
17.0867	104.374	-3.83599
17.0867	104.361	-3.84319
17.0867	104.347	-3.85038
17.0867	104.334	-3.85758
17.0867	104.319	-3.86201
17.0867	104.305	-3.86644
17.0867	104.29	-3.87088
17.0867	104.276	-3.87531
17.0867	104.26	-3.8768
17.0867	104.245	-3.8783
17.0867	104.23	-3.8798
17.0867	104.215	-3.88129
17.0867	104.2	-3.8798
17.0867	104.184	-3.8783
17.0867	104.169	-3.8768
17.0897	104.096	-3.282
17.0897	104.082	-3.2892
17.0897	104.069	-3.2964
17.0897	104.055	-3.30359
17.0897	104.042	-3.31079
17.0897	104.03	-3.32047
17.0897	104.018	-3.33016
17.0897	104.006	-3.33984
17.0897	103.995	-3.34953
17.0897	103.985	-3.36133
17.0897	103.975	-3.37313
17.0897	103.965	-3.38493
17.0897	103.956	-3.39673
17.0897	103.949	-3.4102
17.0897	103.941	-3.42366
17.0897	103.934	-3.43712
17.0897	103.927	-3.45059
17.0897	103.923	-3.4652
17.0897	103.918	-3.4798
17.0897	103.914	-3.49441
17.0897	103.909	-3.50902
17.0897	103.908	-3.52421
17.0897	103.906	-3.53941
17.0897	103.905	-3.5546
17.0897	103.903	-3.56979
17.0897	103.905	-3.58499
17.0897	103.906	-3.60018
17.0897	103.908	-3.61537
17.0897	103.909	-3.63056
17.0897	103.914	-3.64517
17.0897	103.918	-3.65978
17.0897	103.923	-3.67439
17.0897	103.927	-3.689
17.0897	103.934	-3.70246
17.0897	103.941	-3.71593
17.0897	103.949	-3.72939
17.0897	103.956	-3.74285
17.0897	103.965	-3.75465
17.0897	103.975	-3.76645
17.0897	103.985	-3.77826
17.0897	103.995	-3.79006
17.0897	104.006	-3.79974
17.0897	104.018	-3.80943
17.0897	104.03	-3.81911
17.0897	104.042	-3.8288
17.0897	104.055	-3.83599
17.0897	104.069	-3.84319
17.0897	104.082	-3.85038
17.0897	104.096	-3.85758
17.0897	104.11	-3.86201
17.0897	104.125	-3.86644
17.0897	104.139	-3.87088
17.0897	104.154	-3.87531
17.0897	104.169	-3.8768
17.0897	104.184	-3.8783
17.0897	104.2	-3.8798
17.0897	104.215	-3.88129
17.0897	104.23	-3.8798
17.0897	104.245	-3.8783
17.0897	104.26	-3.8768
17.0897	104.276	-3.87531
17.0897	104.29	-3.87088
17.0897	104.305	-3.86644
17.0897	104.319	-3.86201
17.0897	104.334	-3.85758
17.0897	104.347	-3.85038
17.0897	104.361	-3.84319
17.0897	104.374	-3.83599
17.0897	104.388	-3.8288
17.0897	104.4	-3.81911
17.0897	104.411	-3.80943
17.0897	104.423	-3.79974
17.0897	104.435	-3.79006
17.0897	104.445	-3.77826
17.0897	104.454	-3.76645
17.0897	104.464	-3.75465
17.0897	104.474	-3.74285
17.0897	104.481	-3.72939
17.0897	104.488	-3.71593
17.0897	104.495	-3.70246
17.0897	104.503	-3.689
17.0897	104.507	-3.67439
17.0897	104.511	-3.65978
17.0897	104.516	-3.64517
17.0897	104.52	-3.63056
17.0897	104.522	-3.61537
17.0897	104.523	-3.60018
17.0897	104.525	-3.58499
17.0897	104.526	-3.56979
17.0897	104.525	-3.5546
17.0897	104.523	-3.53941
17.0897	104.522	-3.52421
17.0897	104.52	-3.50902
17.0897	104.516	-3.49441
17.0897	104.511	-3.4798
17.0897	104.507	-3.4652
17.0897	104.503	-3.45059
17.0897	104.495	-3.43712
17.0897	104.488	-3.42366
17.0897	104.481	-3.4102
17.0897	104.474	-3.39673
17.0897	104.464	-3.38493
17.0897	104.454	-3.37313
17.0897	104.445	-3.36133
17.0897	104.435	-3.34953
17.0897	104.423	-3.33984
17.0897	104.411	-3.33016
17.0897	104.4	-3.32047
17.0897	104.388	-3.31079
17.0897	104.374	-3.30359
17.0897	104.361	-3.2964
17.0897	104.347	-3.2892
17.0897	104.334	-3.282
17.0897	104.319	-3.27757
17.0897	104.305	-3.27314
17.0897	104.29	-3.26871
17.0897	104.276	-3.26428
17.0897	104.26	-3.26278
17.0897	104.245	-3.26129
17.0897	104.23	-3.25979
17.0897	104.215	-3.25829
17.0897	104.2	-3.25979
17.0897	104.184	-3.26129
17.0897	104.169	-3.26278
17.0897	104.154	-3.26428
17.0897	104.139	-3.26871
17.0897	104.125	-3.27314
17.0897	104.11	-3.27757
17.0897	104.244	-3.28983
17.0897	104.302	-3.30207
17.0897	104.356	-3.32601
17.0897	104.403	-3.3606
17.0897	104.443	-3.40433
17.0897	104.472	-3.4553
17.0897	104.49	-3.51127
17.0897	104.496	-3.56979
17.0897	104.49	-3.62832
17.0897	104.472	-3.68429
17.0897	104.443	-3.73525
17.0897	104.403	-3.77899
17.0897	104.356	-3.81358
17.0897	104.302	-3.83751
17.0897	104.244	-3.84975
17.0897	104.185	-3.84975
17.0897	104.128	-3.83751
17.0897	104.074	-3.81358
17.0897	104.026	-3.77899
17.0897	103.987	-3.73525
17.0897	103.958	-3.68429
17.0897	103.939	-3.62832
17.0897	103.933	-3.56979
17.0897	103.939	-3.51127
17.0897	103.958	-3.4553
17.0897	103.987	-3.40433
17.0897	104.026	-3.3606
17.0897	104.074	-3.32601
17.0897	104.128	-3.30207
17.0897	104.185	-3.28983
17.6172	104.715	-3.76979
17.6172	104.715	-3.36979
17.6172	104.621	-3.36979
17.6172	104.543	-3.36979
17.6172	104.465	-3.36979
17.6172	104.34	-3.36979
17.6172	104.215	-3.36979
17.6172	104.152	-3.36979
17.6172	104.09	-3.36979
17.6172	104.027	-3.36979
17.6172	103.965	-3.36979
17.6172	103.887	-3.36979
17.6172	103.809	-3.36979
17.6172	103.715	-3.36979
17.6172	103.715	-3.76979
17.6172	103.809	-3.76979
17.6172	103.887	-3.76979
17.6172	103.965	-3.76979
17.6172	104.09	-3.76979
17.6172	104.215	-3.76979
17.6172	104.277	-3.76979
17.6172	104.34	-3.76979
17.6172	104.402	-3.76979
17.6172	104.465	-3.76979
17.6172	104.543	-3.76979
17.6172	104.621	-3.76979
17.1691	104.529	-3.53969
17.2485	104.562	-3.50958
17.3279	104.595	-3.47947
17.4073	104.628	-3.44936
17.5122	104.671	-3.40958
17.5122	104.671	-3.73001
17.4073	104.628	-3.69022
17.3279	104.595	-3.66011
17.2485	104.562	-3.63001
17.1691	104.529	-3.5999
17.1442	103.963	-3.71872
17.1405	104.384	-3.79486
17.1988	104.387	-3.79179
17.1551	104.332	-3.81986
17.1551	104.431	-3.7596
17.1574	104.499	-3.67129
17.1409	104.467	-3.71605
17.23	103.905	-3.67732
17.2044	103.952	-3.72343
17.2781	103.93	-3.72459
17.3242	104.377	-3.79108
17.2639	104.399	-3.78504
17.3083	104.448	-3.76298
17.241	104.022	-3.78077
17.5459	104.031	-3.77439
17.5542	104.14	-3.77858
17.1574	103.93	-3.67129
17.1691	103.9	-3.5999
17.2251	104.438	-3.76182
17.2781	104.5	-3.72459
17.1576	104.111	-3.8241
17.5341	104.497	-3.76517
17.5414	104.428	-3.77232
17.3227	104.112	-3.80583
17.2261	104.095	-3.81217
17.2494	104.184	-3.82554
17.3676	103.892	-3.72517
17.4073	103.802	-3.69022
17.3279	103.835	-3.66011
17.3676	104.537	-3.72517
17.1664	104.215	-3.83944
17.1686	104.275	-3.83372
17.23	104.525	-3.67732
17.1765	103.994	-3.75809
17.1666	104.044	-3.79349
17.3961	104.407	-3.77968
17.2044	104.478	-3.72343
17.4598	104.58	-3.7346
17.3978	104.475	-3.75884
17.2485	103.868	-3.63001
17.2257	104.275	-3.82571
17.2379	104.341	-3.80896
17.316	104.293	-3.81072
17.3527	104.215	-3.81066
17.4345	103.983	-3.76957
17.3749	103.952	-3.75579
17.3821	104.051	-3.78735
17.3015	104.046	-3.79031
17.3083	103.982	-3.76298
17.5385	103.824	-3.75143
17.5122	103.758	-3.73001
17.4598	103.85	-3.7346
17.4023	104.139	-3.79939
17.2986	104.549	-3.68826
17.4252	104.216	-3.79946
17.4893	104.186	-3.78925
17.5434	104.319	-3.779
17.548	104.232	-3.78043
17.4849	104.107	-3.78595
17.387	104.335	-3.79555
17.4738	104.35	-3.78456
17.5385	104.565	-3.75701
17.5147	104.615	-3.74277
17.2986	103.881	-3.68826
17.5257	103.92	-3.7628
17.4749	104.511	-3.75699
17.4359	103.915	-3.75025
17.447	104.05	-3.78286
17.4923	104.001	-3.77329
17.4836	104.266	-3.78947
17.4258	104.285	-3.79668
17.3698	104.275	-3.80532
17.4616	104.431	-3.77322
17.5122	103.758	-3.40958
17.4073	103.802	-3.44936
17.3279	103.835	-3.47947
17.2485	103.868	-3.50958
17.1691	103.9	-3.53969
17.1442	104.466	-3.42087
17.1405	104.046	-3.34473
17.1988	104.042	-3.34779
17.1551	104.098	-3.31972
17.1551	103.998	-3.37999
17.1574	103.93	-3.4683
17.1409	103.962	-3.42354
17.23	104.525	-3.46226
17.2044	104.478	-3.41615
17.2781	104.5	-3.41499
17.3242	104.052	-3.34851
17.2639	104.03	-3.35455
17.3083	103.982	-3.37661
17.241	104.408	-3.35881
17.5459	104.398	-3.36519
17.5542	104.289	-3.361
17.1574	104.499	-3.4683
17.2251	103.992	-3.37776
17.2781	103.93	-3.41499
17.1576	104.319	-3.31549
17.5341	103.933	-3.37441
17.5414	104.002	-3.36726
17.3227	104.318	-3.33375
17.2261	104.334	-3.32742
17.2494	104.245	-3.31404
17.3676	104.537	-3.41442
17.3676	103.892	-3.41442
17.1664	104.215	-3.30015
17.1686	104.154	-3.30586
17.23	103.905	-3.46226
17.1765	104.436	-3.3815
17.1666	104.385	-3.3461
17.3961	104.022	-3.3599
17.2044	103.952	-3.41615
17.4598	103.85	-3.40499
17.3978	103.954	-3.38074
17.2257	104.154	-3.31387
17.2379	104.089	-3.33063
17.316	104.137	-3.32886
17.3527	104.215	-3.32893
17.4345	104.447	-3.37002
17.3749	104.477	-3.3838
17.3821	104.379	-3.35223
17.3015	104.383	-3.34927
17.3083	104.448	-3.37661
17.5385	104.606	-3.38815
17.4598	104.58	-3.40499
17.4023	104.291	-3.3402
17.2986	103.881	-3.45132
17.4252	104.213	-3.34013
17.4893	104.243	-3.35033
17.5434	104.11	-3.36059
17.548	104.198	-3.35916
17.4849	104.322	-3.35363
17.387	104.095	-3.34403
17.4738	104.079	-3.35502
17.5385	103.864	-3.38258
17.5147	103.815	-3.39681
17.2986	104.549	-3.45132
17.5257	104.51	-3.37679
17.4749	103.919	-3.38259
17.4359	104.515	-3.38934
17.447	104.38	-3.35673
17.4923	104.429	-3.36629
17.4836	104.164	-3.35012
17.4258	104.145	-3.3429
17.3698	104.154	-3.33427
17.4616	103.998	-3.36636
17.6172	104.745	-3.33979
17.6172	104.745	-3.79979
17.6172	103.685	-3.79979
17.6172	103.685	-3.33979
17.6202	104.745	-3.33979
17.6202	103.685	-3.33979
17.6202	103.685	-3.79979
17.6202	104.745	-3.79979

#	Triangle	410
125	123	124	126	123	125	59	61	62	60	61	59
126	122	123	127	122	126	58	62	63	59	62	58
127	121	122	0	121	127	0	120	121	1	120	0	1	119	120	2	119	1	2	118	119	3	118	2	3	117	118	4	117	3	4	116	117	5	116	4	5	115	116	6	115	5	6	114	115	7	114	6	7	113	114	8	113	7	8	112	113	9	112	8	9	111	112	10	111	9	10	110	111	11	110	10	11	109	110	12	109	11	12	108	109	13	108	12	13	107	108	14	107	13	14	106	107	15	106	14	15	105	106	16	105	15	16	104	105	17	104	16	17	103	104	18	103	17	18	102	103	19	102	18	19	101	102	20	101	19	20	100	101	21	100	20	21	99	100	22	99	21	22	98	99	23	98	22	23	97	98	24	97	23	24	96	97	25	96	24	25	95	96	25	94	95	26	94	25	26	93	94	27	93	26	28	93	27	28	92	93	29	92	28	29	91	92	30	91	29	30	90	91	30	89	90	31	89	30	31	88	89	32	88	31	33	88	32	33	87	88	34	87	33	34	86	87	35	86	34	35	85	86	36	85	35	36	84	85	37	84	36	37	83	84	38	83	37	38	82	83	39	82	38	39	81	82	40	81	39	40	80	81	41	80	40	41	79	80	42	79	41	42	78	79	43	78	42	43	77	78	44	77	43	44	76	77	45	76	44	45	75	76	46	75	45	46	74	75	47	74	46	47	73	74	48	73	47	48	72	73	49	72	48	49	71	72	50	71	49	50	70	71	51	70	50	51	69	70	52	69	51	52	68	69	53	68	52	53	67	68	54	67	53	54	66	67	55	66	54	55	65	66	56	65	55	56	64	65	57	64	56	57	63	64	58	63	57	272	270	271	272	269	270	273	269	272	273	268	269	274	268	273	274	267	268	275	267	274	275	266	267	276	266	275	276	265	266	277	265	276	277	264	265	278	264	277	278	263	264	279	263	278	279	262	263	280	262	279	280	261	262	281	261	280	281	260	261	282	260	281	282	259	260	283	259	282	283	258	259	284	258	283	284	257	258	285	257	284	285	256	257	471	469	470	468	469	471
185	183	184	186	183	185	247	249	250	248	249	247
186	182	183	187	182	186	246	250	251	247	250	246
187	181	182	188	181	187	188	180	181	189	180	188	189	179	180	190	179	189	190	178	179	191	178	190	191	177	178	192	177	191	192	176	177	193	176	192	193	175	176	194	175	193	194	174	175	195	174	194	195	173	174	196	173	195	196	172	173	197	172	196	197	171	172	198	171	197	198	170	171	199	170	198	199	169	170	200	169	199	200	168	169	201	168	200	201	167	168	202	167	201	202	166	167	203	166	202	203	165	166	204	165	203	204	164	165	205	164	204	205	163	164	206	163	205	206	162	163	207	162	206	207	161	162	208	161	207	208	160	161	209	160	208	209	159	160	210	159	209	210	158	159	211	158	210	211	157	158	212	157	211	212	156	157	213	156	212	213	155	156	214	155	213	214	154	155	215	154	214	215	153	154	216	153	215	216	152	153	217	152	216	217	151	152	218	151	217	218	150	151	219	150	218	219	149	150	220	149	219	220	148	149	221	148	220	221	147	148	222	147	221	222	146	147	223	146	222	223	145	146	224	145	223	224	144	145	225	144	224	225	143	144	226	143	225	226	142	143	227	142	226	227	141	142	228	141	227	228	140	141	229	140	228	229	139	140	230	139	229	230	138	139	231	138	230	231	137	138	232	137	231	232	136	137	233	136	232	233	135	136	234	135	233	234	134	135	235	134	234	235	133	134	236	133	235	236	132	133	237	132	236	237	131	132	238	131	237	238	130	131	239	130	238	239	129	130	240	129	239	240	128	129	241	128	240	241	255	128	242	255	241	242	254	255	243	254	242	243	253	254	244	253	243	244	252	253	245	252	244	245	251	252	246	251	245	287	311	286	287	310	311	287	309	310	287	308	309	287	307	308	287	306	307	287	305	306	287	304	305	287	303	304	287	302	303	287	301	302	287	300	301	287	288	300	288	289	300	289	290	300	290	291	300	291	292	300	292	293	300	293	294	300	294	295	300	295	296	300	296	297	300	297	298	300	298	299	300	475	473	474	472	473	475
100	209	208	100	210	209	100	211	210	100	212	211	100	99	212	99	98	212	98	97	212	97	96	212
4	177	176	4	178	177	4	179	178	4	180	179	4	3	180	3	2	180	2	1	180	1	0	180
120	189	188	120	190	189	120	191	190	120	192	191	120	119	192	119	118	192	118	117	192	117	116	192
124	185	184	124	186	185	124	187	186	124	188	187	124	123	188	123	122	188	122	121	188	121	120	188
104	205	204	104	206	205	104	207	206	104	208	207	104	103	208	103	102	208	102	101	208	101	100	208
112	197	196	112	198	197	112	199	198	112	200	199	112	111	200	111	110	200	110	109	200	109	108	200
116	193	192	116	194	193	116	195	194	116	196	195	116	115	196	115	114	196	114	113	196	113	112	196
108	201	200	108	202	201	108	203	202	108	204	203	108	107	204	107	106	204	106	105	204	105	104	204
8	173	172	8	174	173	8	175	174	8	176	175	8	7	176	7	6	176	6	5	176	5	4	176
96	213	212	96	215	214
96	214	213	96	216	215
96	95	216	95	94	216
94	93	216	93	92	216
24	157	156	24	158	157	24	159	158	24	160	159	24	23	160	23	22	160	22	21	160	21	20	160
12	169	168	12	170	169	12	171	170	12	172	171	12	11	172	11	10	172	10	9	172	9	8	172
20	161	160	20	162	161	20	163	162	20	164	163	20	19	164	19	18	164	18	17	164	17	16	164
28	153	152	28	154	153	28	155	154	28	156	155	26	25	156	25	24	156
28	27	156
27	26	156
16	165	164	16	166	165	16	167	166	16	168	167	16	15	168	15	14	168	14	13	168	13	12	168
0	181	180	0	182	181	0	183	182	0	184	183	0	127	184	127	126	184	126	125	184	125	124	184
36	145	144	36	146	145	36	147	146	36	148	147	36	35	148	35	34	148	34	33	148	33	32	148
68	241	240	68	242	241	68	243	242	68	244	243	68	67	244	67	66	244	66	65	244	65	64	244
56	253	252	56	254	253	56	255	254	56	128	255	56	55	128	55	54	128	54	53	128	53	52	128
60	249	248	60	250	249	60	251	250	60	252	251	60	59	252	59	58	252	58	57	252	57	56	252
40	141	140	40	142	141	40	143	142	40	144	143	40	39	144	39	38	144	38	37	144	37	36	144
48	133	132	48	134	133	48	135	134	48	136	135	48	47	136	47	46	136	46	45	136	45	44	136
52	129	128	52	130	129	52	131	130	52	132	131	52	51	132	51	50	132	50	49	132	49	48	132
44	137	136	44	138	137	44	139	138	44	140	139	44	43	140	43	42	140	42	41	140	41	40	140
72	237	236	72	238	237	72	239	238	72	240	239	72	71	240	71	70	240	70	69	240	69	68	240
32	149	148	32	150	149	32	151	150	32	152	151
32	31	152	31	30	152
30	29	152	29	28	152
88	221	220	88	222	221	88	223	222	88	224	223	88	87	224	87	86	224	86	85	224	85	84	224
76	233	232	76	234	233	76	235	234	76	236	235	76	75	236	75	74	236	74	73	236	73	72	236
84	225	224	84	226	225	84	227	226	84	228	227	84	83	228	83	82	228	82	81	228	81	80	228
92	217	216	92	219	218	90	89	220
92	218	217	92	220	219	89	88	220
92	91	220
91	90	220
80	229	228	80	230	229	80	231	230	80	232	231	80	79	232	79	78	232	78	77	232	77	76	232
64	245	244	64	246	245	64	247	246	64	248	247	64	63	248	63	62	248	62	61	248	61	60	248
317	287	286
318	287	317
319	287	318	320	287	319
321	287	320
263	312	321
312	313	321
313	314	321	314	315	321
315	316	321
316	287	321
275	322	276
325	323	324
267	266	326
265	327	328
326	323	267
331	329	330
334	332	333
335	331	330
337	304	336
322	330	338
338	329	339
334	340	341
267	323	268
273	272	342
344	343	309
347	345	346
350	348	349
318	351	319
352	271	270
353	270	269
325	353	269
346	342	347
327	321	354
330	355	335
342	346	356
273	356	274
342	271	352
357	332	334
355	274	356
276	338	277
327	354	358
360	351	359
361	339	329
327	265	264
362	347	352
333	340	334
269	268	325
326	328	358
321	264	263
277	339	278
352	347	342
346	335	356
322	355	330
327	264	321
320	354	321
329	338	330
338	339	277
328	266	265
358	340	326
324	363	325
362	352	353
362	364	347
365	345	347
368	366	367
370	335	369
373	371	372
374	368	345
373	372	349
375	320	319
341	358	354
318	317	359
351	341	375
377	374	376
379	378	306
380	374	377
382	381	357
318	359	351
310	383	311
384	286	311
329	385	361
369	368	370
329	331	385
348	373	349
348	331	367
300	372	371
337	336	380
371	386	302
354	375	341
341	351	334
370	367	331
350	385	348
345	369	346
331	335	370
354	320	375
319	351	375
331	348	385
350	361	385
384	311	383
360	359	387
367	388	348
366	389	390
335	346	369
368	369	345
365	374	345
368	389	366
365	376	374
380	389	374
392	391	376
391	378	379
364	381	393
377	376	391
332	381	364
360	357	334
377	391	379
377	337	380
377	379	337
303	336	304
337	305	304
303	386	336
380	390	389
371	301	300	302	301	371
373	388	386
394	344	382
305	337	379
344	378	382
378	391	382
306	308	307	293	295	294
378	308	306
392	382	391
308	378	344
379	306	305
344	309	308
394	387	343
359	383	387
343	310	309
359	384	383
383	343	387
360	387	394
394	357	360
360	334	351
356	273	342
271	342	272
394	382	357
332	357	381
381	392	393
324	333	363
365	347	364
363	364	362
363	332	364
324	340	333
332	363	333
362	325	363
324	326	340
341	340	358
365	393	376
381	382	392
392	376	393
393	365	364
373	386	371
383	310	343
344	394	343
338	276	322
355	275	274
275	355	322
356	335	355
326	324	323
325	268	323
368	374	389
336	390	380
390	336	386
390	386	366
327	358	328
326	266	328
352	270	353
353	325	362
370	368	367
366	388	367
366	386	388
373	348	388
302	386	303
384	359	317
286	384	317
299	372	300
299	349	372
299	350	349	299	361	350	299	339	361
299	395	339
395	396	339
396	397	339	397	398	339	398	399	339	399	278	339
260	400	261
403	401	402
282	281	404
280	405	406
404	401	282
409	407	408
412	410	411
413	409	408
415	291	414
400	408	416
416	407	312
412	417	418
282	401	283
258	257	419
421	420	296
424	422	423
314	425	315
396	426	397
427	256	285
428	285	284
403	428	284
423	419	424
405	399	429
408	430	413
419	423	431
258	431	259
419	256	427
432	410	412
430	259	431
261	416	262
405	429	433
435	426	434
313	312	407
405	280	279
436	424	427
411	417	412
284	283	403
404	406	433
399	279	278
262	312	263
427	424	419
423	413	431
400	430	408
405	279	399
398	429	399
407	416	408
416	312	262
406	281	280
433	417	404
402	437	403
436	427	428
436	438	424
439	422	424
442	440	441
444	413	443
446	445	316
447	442	422
446	316	315
448	398	397
418	433	429
396	395	434
426	418	448
450	447	449
452	451	293
453	447	450
455	454	432
396	434	426
297	456	298
457	299	298
407	458	313
443	442	444
407	409	458
425	446	315
425	409	441
287	316	445
415	414	453
445	459	289
429	448	418
418	426	412
444	441	409
314	458	425
422	443	423
409	413	444
429	398	448
397	426	448
409	425	458
314	313	458
457	298	456
435	434	460
441	461	425
440	462	463
413	423	443
442	443	422
439	447	422
442	462	440
439	449	447
453	462	447
465	464	449
464	451	452
438	454	466
450	449	464
410	454	438
435	432	412
450	464	452
450	415	453
450	452	415
290	414	291
415	292	291
290	459	414
453	463	462
445	288	287	289	288	445
446	461	459
467	421	455
292	415	452
421	451	455
451	464	455
451	295	293
465	455	464
295	451	421
452	293	292
421	296	295
467	460	420
434	456	460
420	297	296
434	457	456
456	420	460
435	460	467
467	432	435
435	412	426
431	258	419
256	419	257
467	455	432
410	432	454
454	465	466
402	411	437
439	424	438
437	438	436
437	410	438
402	417	411
410	437	411
436	403	437
402	404	417
418	417	433
439	466	449
454	455	465
465	449	466
466	439	438
446	459	445
456	297	420
421	467	420
416	261	400
430	260	259
260	430	400
431	413	430
404	402	401
403	283	401
442	447	462
414	463	453
463	414	459
463	459	440
405	433	406
404	281	406
427	285	428
428	403	436
444	442	441
440	461	441
440	459	461
446	425	461
289	459	290
457	434	395
299	457	395
475	468	472	469	468	475
474	469	475	470	469	474
473	470	474	471	470	473
472	471	473	468	471	472

#	Normal	410
-4.5463e-005	0	-0
-9.09376e-005	0	-0
-1	0	-0
4.5463e-005	0	-0
9.09376e-005	0	-0
1	0	-0
-0	4.38267e-005	-1.32891e-005
0	-1.32949e-005	-4.38281e-005
-0	1.32949e-005	-4.38281e-005
-0	4.48901e-006	-4.55859e-005
-0	4.03909e-005	-2.15859e-005
-0	2.90544e-005	-3.53906e-005
-0	2.15889e-005	-4.03828e-005
-0	3.54023e-005	-2.90625e-005
0	-2.15896e-005	-4.03828e-005
-0	4.55779e-005	-4.5e-006
-1.18692e-007	4.55779e-005	-4.47656e-006
9.01413e-008	3.37515e-005	-3.32812e-006
-0	5.74043e-005	-5.64844e-006
0	-4.38267e-005	-1.33125e-005
0	-2.90544e-005	-3.53906e-005
0	-4.03909e-005	-2.15859e-005
0	-4.55779e-005	-4.5e-006
9.01413e-008	-5.74043e-005	-5.64844e-006
-4.50706e-008	-3.37515e-005	-3.32812e-006
0	-3.54031e-005	-2.90625e-005
0	-4.48901e-006	-4.55625e-005
-0	-4.38259e-005	1.32891e-005
-0	1.32942e-005	4.38281e-005
-0	-1.32949e-005	4.38281e-005
-0	-4.48901e-006	4.55625e-005
-0	-4.03901e-005	2.15859e-005
-0	-2.90544e-005	3.54141e-005
-0	-2.15896e-005	4.03828e-005
-0	-3.54031e-005	2.90625e-005
-0	2.15889e-005	4.03828e-005
-0	-4.55779e-005	4.47656e-006
-3.8582e-007	-3.37522e-005	3.30469e-006
1.4949e-007	-5.74043e-005	5.67188e-006
-0	4.38259e-005	1.32891e-005
-0	2.90537e-005	3.53906e-005
-0	4.03909e-005	2.15859e-005
-0	4.55779e-005	4.47656e-006
-1.18692e-007	4.55779e-005	4.5e-006
8.96816e-008	5.74043e-005	5.64844e-006
-4.53415e-008	3.37515e-005	3.32812e-006
-0	3.54031e-005	2.90625e-005
-0	4.48901e-006	4.55859e-005
-0.382641	0.923897	-0
-0.3827	0.923873	1.9913e-005
-0.382671	0.923885	-2.16986e-006
-0.382721	0.923864	8.16087e-005
-0.38267	0.923885	-0
-0.382748	0.923853	-0
-0.382631	0.923901	-0.000119872
-0.382721	0.923864	4.6645e-005
-0.382516	0.923949	-0.000385957
-0.22078	-0.844619	-0.487724
0.0186061	0.437837	-0.898862
-0.118479	0.737872	-0.664461
-0.240194	0.829031	-0.50499
-0.0190915	0.599447	-0.800187
-0.227404	-0.745435	-0.62659
0.0443928	0.379041	-0.924315
-0.177729	-0.565544	-0.80534
0.101758	-0.0459343	-0.993748
-0.202221	-0.828101	-0.522834
-0.333601	-0.888569	-0.314891
-0.0793916	0.563526	-0.822275
-0.0263186	0.587588	-0.808732
0.0774078	-0.405492	-0.910815
-0.0164018	0.101547	-0.994696
0.0940235	-0.172285	-0.98055
-0.479097	-0.49015	-0.728162
-0.479093	0.490116	-0.728187
0.133207	-0	-0.991088
0.115843	0.206513	-0.971562
0.135381	0.267393	-0.95403
0.129643	-0.180768	-0.974944
-0.333687	0.888545	-0.314868
0.00178342	-0.633448	-0.773783
0.0671803	-0.410477	-0.909393
-0.0160006	-0.587717	-0.808909
0.191056	-0.158742	-0.968658
-0.00582609	0.369633	-0.92916
-0.0201244	-0.576435	-0.816895
-0.311209	-0.903856	-0.293587
-0.308067	0.749489	-0.58597
-0.259355	0.361562	-0.895549
-0.478893	-0.769615	-0.42232
-0.311174	0.90383	-0.293704
0.181122	0.0452915	-0.982417
-0.0681548	0.463317	-0.883568
0.0607828	0.406009	-0.911845
-0.197546	0.720065	-0.665193
-0.411533	0.906407	-0.0952206
-0.411566	-0.906379	-0.0953387
0.107844	-0.153741	-0.982208
0.0407286	-0.384386	-0.922274
-0.189597	-0.694501	-0.694062
-0.324458	0.891051	-0.317421
-0.478949	0.769599	-0.422286
-0.308001	-0.749545	-0.585933
-0.324543	-0.891028	-0.317396
-0.227694	0.843298	-0.486831
-0.0866946	0.663604	-0.743044
0.075729	0.400341	-0.913232
0.138284	0.0880955	-0.986467
0.156253	0.0388156	-0.986954
0.169645	-0.0955991	-0.980857
-0.0670193	-0.299776	-0.951653
0.0130619	-0.388854	-0.921207
-0.2672	-0.200663	-0.942517
0.134615	-0.16494	-0.977074
-0.443631	-0.297029	-0.845556
-0.489469	0.659392	-0.570634
-0.22739	0.745375	-0.626666
-0.443624	0.297	-0.84557
-0.273991	0.641716	-0.716331
0.137877	-0.0416241	-0.989574
0.136958	0.0233243	-0.990302
0.141901	-0.0492213	-0.988656
0.0878201	0.203427	-0.975144
-0.296352	0.453441	-0.840575
-0.1604	0	-0.987052
-0.254857	0	-0.966979
-0.358934	-0.794944	-0.489112
0.0564517	-0.384403	-0.921438
-0.337399	-0.645331	-0.685354
-0.296366	-0.453477	-0.840551
-0.185664	-0.428726	-0.884151
-0.399945	-0.135889	-0.906409
0.128337	-0.0478224	-0.990577
-0.123321	-0.132815	-0.983439
-0.337388	0.64527	-0.685417
-0.214486	0.49806	-0.840197
-0.145029	-0.533444	-0.833309
-0.283226	-0.624388	-0.727958
0.107935	-0.261155	-0.959244
-0.107821	-0.55089	-0.827584
-0.358934	0.794944	-0.489112
-0.283175	0.624375	-0.727989
-0.274017	-0.641779	-0.716264
-0.489469	-0.659392	-0.570634
-0.2597	0.148809	-0.954155
-0.107273	0.284595	-0.952627
-0.184708	-0.428901	-0.884266
-0.00234661	-0.194377	-0.980924
0.0133088	-0.389374	-0.920984
0.0499739	-0.244645	-0.968324
0.106362	-0.077618	-0.991293
0.0635233	-0.205828	-0.976524
0.153445	-0.0462261	-0.987075
0.111662	-0.126812	-0.985622
0.136348	0.0389465	-0.989895
0.151267	0.024033	-0.988201
0.138201	0.121313	-0.982946
0.161138	0.00898291	-0.986891
0.0783602	0.218785	-0.972622
-0.0461504	0.293094	-0.954969
0.142952	0.00765937	-0.9897
0.128681	-0.0485581	-0.990496
0.155926	-0.00930332	-0.987725
0.0644311	-0	-0.997922
0.138235	-0	-0.9904
-0.0278652	-0.0983348	-0.994763
0.0885735	-0.111803	-0.989775
-0.227186	0	-0.973851
-0.117596	-0.272847	-0.954843
0.0171323	0.141335	-0.989814
0.149517	-0.00975817	-0.988711
0.107202	0.0631962	-0.992227
0.110238	0.0702102	-0.991422
-0	-0	-0
0.123863	-0	-0.992299
0.147502	0.0742273	-0.986273
0.0542536	0.0624604	-0.996572
0.151905	-0	-0.988395
0.0333485	-0	-0.999444
-0.084181	0.2128	-0.973463
-0.220676	0.256023	-0.941145
-0.0555497	0	-0.998456
-0.243381	0.157469	-0.957063
-0.10699	0.124025	-0.986494
-0.0731958	0.21121	-0.974696
-0.012614	0.292613	-0.956148
-0.0944431	0.440588	-0.892728
0.0794051	-0.408735	-0.909192
0.139217	-0.205888	-0.968622
0.0443633	0.14524	-0.988401
0.0694455	0.205937	-0.976098
0.131698	0.123295	-0.983592
0.0297581	0.36768	-0.929476
0.12558	0.0580645	-0.990383
0.116494	0.225882	-0.967164
0.10988	0.215201	-0.970368
-0.00392666	0.512821	-0.858487
0.0384212	0.364246	-0.93051
0.10203	0.228829	-0.968105
-0.0779313	0.539549	-0.83834
-0.1937	0.622824	-0.758004
0.151695	0.0439794	-0.987448
0.106928	0.104374	-0.988773
0.146262	0.0388021	-0.988485
0.117166	0.0541193	-0.991637
-0.252538	-0.146748	-0.956394
-0.124078	0.124862	-0.984385
0.0156527	0.104895	-0.99436
-0.237662	-0.825827	-0.511397
-0.117576	-0.738017	-0.66446
-0.118563	-0.735214	-0.667386
-0.0365298	-0.578317	-0.814994
0.00330257	0.595129	-0.803623
0.0791073	0.450248	-0.889392
0.0652944	-0.150266	-0.986487
0.0452067	-0.115117	-0.992323
0.0428222	-0.110948	-0.992903
-0.0209631	-0.136949	-0.990356
-0.199118	0.830097	-0.520856
-0.115123	0.743921	-0.658276
0.165307	0.0867377	-0.982421
0.133611	0.267054	-0.954374
-0.0305251	-0.302723	-0.95259
-0.0819729	-0.273509	-0.95837
-0.117561	-0.273211	-0.954743
-0.237427	-0.308665	-0.921062
-0.0762714	0	-0.997087
-0.269567	0.201956	-0.941567
-0.414265	0.184323	-0.891297
-0.3827	-0.923873	-0
-0.382706	-0.92387	1.86868e-006
-0.382677	-0.923882	-2.02144e-005
-0.382741	-0.923856	0.000125913
-0.38276	-0.923848	0.000166511
-0.38267	-0.923885	-1.95747e-013
-0.220715	0.844689	0.487632
0.0186061	-0.437837	0.898862
-0.118439	-0.737939	0.664393
-0.240195	-0.829029	0.504992
-0.0190094	-0.599431	0.8002
-0.227388	0.745376	0.626665
0.0443396	-0.379031	0.924321
-0.177729	0.565546	0.805339
0.101764	0.0459347	0.993748
-0.202221	0.828101	0.522834
-0.333686	0.888545	0.314868
-0.0794398	-0.563505	0.822284
-0.0262284	-0.58759	0.808734
0.0773912	0.405542	0.910794
-0.0164103	-0.101549	0.994695
0.0940376	0.172271	0.980551
-0.479093	0.490116	0.728187
-0.479095	-0.49015	0.728163
0.133207	-0	0.991088
0.115824	-0.206517	0.971563
0.135365	-0.267425	0.954023
0.129644	0.18075	0.974947
-0.333601	-0.888568	0.314892
0.00178114	0.633449	0.773782
0.0671646	0.410519	0.909375
-0.0160006	0.587717	0.808909
0.191069	0.158734	0.968657
-0.00582609	-0.369633	0.92916
-0.0201244	0.576435	0.816895
-0.311175	0.90383	0.293704
-0.308001	-0.749545	0.585933
-0.259343	-0.361534	0.895564
-0.478948	0.7696	0.422286
-0.311209	-0.903856	0.293587
0.181125	-0.0452923	0.982417
-0.0681918	-0.463283	0.883583
0.0608111	-0.40596	0.911866
-0.197546	-0.719998	0.665266
-0.411567	-0.906379	0.0953387
-0.411533	0.906407	0.0952206
0.107851	0.153732	0.982209
0.0407115	0.384424	0.922259
-0.189597	0.694501	0.694062
-0.324544	-0.891028	0.317397
-0.478892	-0.769615	0.422321
-0.308066	0.74949	0.585969
-0.324459	0.89105	0.317421
-0.227754	-0.84323	0.486919
-0.0866926	-0.663535	0.743105
0.075726	-0.400343	0.913231
0.138284	-0.0880994	0.986466
0.156253	-0.0388156	0.986954
0.169645	0.0955991	0.980857
-0.0670324	0.299753	0.951659
0.0130654	0.388854	0.921207
-0.267194	0.200643	0.942523
0.134603	0.164951	0.977074
-0.443624	0.297	0.84557
-0.48947	-0.65939	0.570634
-0.227404	-0.745435	0.62659
-0.443631	-0.297029	0.845556
-0.274017	-0.641779	0.716264
0.137874	0.0416191	0.989575
0.136957	-0.0233222	0.990302
0.141901	0.0492213	0.988656
0.0878201	-0.203427	0.975144
-0.296366	-0.453477	0.840551
-0.1604	-0	0.987052
-0.254857	-0	0.966979
-0.358934	0.794944	0.489112
0.0564517	0.384403	0.921438
-0.337388	0.64527	0.685417
-0.296352	0.453441	0.840575
-0.185681	0.428767	0.884127
-0.399934	0.13588	0.906416
0.128337	0.0478224	0.990577
-0.123333	0.132816	0.983437
-0.337399	-0.645331	0.685354
-0.214486	-0.49806	0.840197
-0.14508	0.533419	0.833316
-0.283175	0.624375	0.727989
0.107959	0.261162	0.959239
-0.107819	0.550891	0.827584
-0.358934	-0.794944	0.489112
-0.283228	-0.624386	0.727959
-0.273991	0.641716	0.716331
-0.489469	0.659392	0.570634
-0.259699	-0.148787	0.954159
-0.107258	-0.284569	0.952637
-0.184685	0.42895	0.884247
-0.00235859	0.194353	0.980929
0.0133275	0.389406	0.92097
0.0499739	0.244645	0.968324
0.106354	0.0776157	0.991294
0.0635241	0.205805	0.976529
0.153445	0.0462214	0.987076
0.111657	0.126826	0.985621
0.136348	-0.0389465	0.989895
0.151269	-0.0240309	0.988201
0.138212	-0.121294	0.982947
0.161138	-0.00898207	0.986891
0.0783602	-0.218785	0.972622
-0.0461362	-0.293122	0.954961
0.142953	-0.00765866	0.9897
0.128681	0.0485581	0.990496
0.155926	0.00930332	0.987725
0.0644311	0	0.997922
0.138235	0	0.9904
-0.0278615	0.0983423	0.994763
0.0885497	0.111802	0.989777
-0.227186	-0	0.973851
-0.117596	0.272847	0.954843
0.0171327	-0.141345	0.989812
0.149518	0.0097581	0.988711
0.107203	-0.0631985	0.992227
0.110238	-0.0702102	0.991422
0.123863	0	0.992299
0.147502	-0.0742273	0.986273
0.0542511	-0.0624626	0.996572
0.151905	0	0.988395
0.0333517	0	0.999444
-0.0841803	-0.212803	0.973462
-0.220658	-0.256002	0.941155
-0.0555497	-0	0.998456
-0.243371	-0.157451	0.957068
-0.10699	-0.124025	0.986494
-0.0731939	-0.211212	0.974696
-0.0125934	-0.29264	0.95614
-0.0943994	-0.440565	0.892744
0.079384	0.408778	0.909175
0.139216	0.205892	0.968621
0.0443723	-0.145252	0.988399
0.0694455	-0.205937	0.976098
0.131684	-0.123284	0.983596
0.0297573	-0.367684	0.929475
0.12558	-0.0580645	0.990383
0.116489	-0.225905	0.967159
0.109863	-0.215203	0.97037
-0.00392583	-0.512817	0.858489
0.0383815	-0.364265	0.930504
0.102024	-0.228852	0.9681
-0.0779341	-0.539547	0.838341
-0.193681	-0.622765	0.758058
0.151695	-0.0439851	0.987448
0.106928	-0.104374	0.988773
0.146257	-0.0388022	0.988485
0.117175	-0.0541236	0.991635
-0.252538	0.146748	0.956394
-0.124078	-0.124862	0.984385
0.0156528	-0.104899	0.99436
-0.237662	0.825827	0.511397
-0.117533	0.737953	0.664538
-0.118483	0.735256	0.667353
-0.0365327	0.578317	0.814994
0.00330257	-0.595129	0.803623
0.0791663	-0.45026	0.889381
0.0652941	0.150279	0.986485
0.0452098	0.115115	0.992323
0.0428321	0.110957	0.992902
-0.0209623	0.136964	0.990354
-0.19912	-0.830095	0.520858
-0.115164	-0.743843	0.658358
0.1653	-0.086742	0.982421
0.133609	-0.267088	0.954365
-0.0305495	0.302699	0.952596
-0.0819565	0.273538	0.958363
-0.117558	0.27324	0.954736
-0.237427	0.308665	0.921062
-0.0762714	-0	0.997087
-0.269581	-0.201981	0.941557
-0.414282	-0.184345	0.891284
-0	1	-0
-0	0	-1
-0	-1	-0
0	0	1

#	Mesh	0	End

