#	Mesh	0	Begin

#	Vertex	20
73.7499	-36.499	-5.216
73.6253	-36.5091	-5.216
73.6758	-37.132	-5.216
73.7903	-36.9974	-5.216
73.7499	-36.499	-4.816
73.6253	-36.5091	-4.816
73.6758	-37.132	-4.816
73.7903	-36.9974	-4.816
72.9832	-36.3855	-5.616
73.0519	-37.2327	-5.616
73.6798	-37.1819	-5.616
73.6112	-36.3346	-5.616
72.9832	-36.3855	-4.816
73.0519	-37.2327	-4.816
73.6798	-37.1819	-4.816
73.6112	-36.3346	-4.816
73.6092	-36.3097	-5.616
72.9812	-36.3606	-5.616
73.6092	-36.3097	-4.816
72.9812	-36.3606	-4.816

#	Triangle	13
3	4	7	0	4	3
0	5	4	1	5	0
1	6	5	2	6	1
2	7	6	3	7	2
3	1	0	2	1	3	11	9	8	10	9	11	8	16	11	17	16	8
4	6	7	5	6	4	12	14	15	13	14	12	15	19	12	18	19	15
11	12	15	8	12	11	16	19	18	17	19	16
8	13	12	9	13	8
9	14	13	10	14	9
10	15	14	11	15	10
8	15	12	11	15	8
11	18	15	16	18	11
17	12	19	8	12	17

#	Normal	13
0.996738	0.0807034	-0
-0.0806867	0.99674	-0
-0.996738	-0.0807001	0
0.761855	-0.647747	-0
-0	-0	-1
-0	0	1
-0.0807043	0.996738	-0
-0.996738	-0.0807078	0
0.0806982	-0.996739	-0
0.996738	0.0807074	-0
0.0807043	-0.996738	-0
0.996744	0.0806271	-0
-0.996744	-0.0806271	0

#	Mesh	0	End

