#	Mesh	0	Begin

#	Vertex	60
72.3674	95.6682	-10.5897
72.3892	95.3991	-10.5897
73.7846	95.5122	-10.5897
73.7628	95.7813	-10.5897
72.3674	95.6682	-10.749
72.3892	95.3991	-10.749
73.7846	95.5122	-10.749
73.7628	95.7813	-10.749
72.3456	95.9373	-10.4304
72.3674	95.6682	-10.4304
73.7628	95.7813	-10.4304
73.741	96.0504	-10.4304
72.3456	95.9373	-10.6046
72.3653	95.6933	-10.749
73.7608	95.8064	-10.749
73.741	96.0504	-10.6046
72.3238	96.2065	-10.2711
72.3456	95.9373	-10.2711
73.741	96.0504	-10.2711
73.7192	96.3195	-10.2711
72.3238	96.2065	-10.4453
73.7192	96.3195	-10.4453
72.302	96.4756	-10.1118
72.3238	96.2065	-10.1118
73.7192	96.3195	-10.1118
73.6974	96.5886	-10.1118
72.302	96.4756	-10.286
73.6974	96.5886	-10.286
72.2802	96.7447	-9.9525
72.302	96.4756	-9.9525
73.6974	96.5886	-9.9525
73.6756	96.8578	-9.9525
72.2802	96.7447	-10.1267
73.6756	96.8578	-10.1267
72.2584	97.0138	-9.7932
72.2802	96.7447	-9.7932
73.6756	96.8578	-9.7932
73.6538	97.1269	-9.7932
72.2584	97.0138	-9.96736
73.6538	97.1269	-9.96736
72.2365	97.2829	-9.6339
72.2584	97.0138	-9.6339
73.6538	97.1269	-9.6339
73.632	97.396	-9.6339
72.2365	97.2829	-9.80806
73.632	97.396	-9.80806
72.2147	97.552	-9.4746
72.2365	97.2829	-9.4746
73.632	97.396	-9.4746
73.6102	97.6651	-9.4746
72.2147	97.552	-9.64876
73.6102	97.6651	-9.64876
72.1929	97.8212	-9.3153
72.2147	97.552	-9.3153
73.6102	97.6651	-9.3153
73.5884	97.9342	-9.3153
72.2421	97.8251	-9.3153
72.1929	97.8212	-9.48946
73.5884	97.9342	-9.48946
72.2421	97.8251	-9.48946

#	Triangle	30
3	1	2	0	1	3	11	9	10	8	9	11	19	17	18	16	17	19	25	23	24	22	23	25	31	29	30	28	29	31	37	35	36	34	35	37	43	41	42	40	41	43	49	47	48	46	47	49	53	56	52	54	56	53	54	55	56
5	0	4	1	0	5
6	1	5	2	1	6	53	49	54	46	49	53
7	2	6	3	2	7	15	3	7	11	3	15	11	10	3	21	11	15	19	11	21	19	18	11	27	19	21	25	19	27	25	24	19	45	37	39	43	37	45	43	42	37	51	43	45	49	43	51	49	48	43	58	49	51	55	49	58	55	54	49
0	13	4
0	12	13
0	8	12	9	8	0	8	20	12	8	16	20	17	16	8	16	26	20	16	22	26	23	22	16	22	32	26	22	28	32	29	28	22	28	38	32	28	34	38	35	34	28	34	44	38	34	40	44	41	40	34	46	57	50	46	52	57	53	52	46
9	3	10	0	3	9	17	11	18	8	11	17	23	19	24	16	19	23	29	25	30	22	25	29	35	31	36	28	31	35
15	7	14
33	25	27	31	25	33	31	30	25
39	31	33	37	31	39	37	36	31
41	37	42	34	37	41	47	43	48	40	43	47
40	50	44	40	46	50	47	46	40
52	59	57
52	58	59
52	56	58
56	55	58
14	4	13	14	5	4	14	7	5	7	6	5
59	50	57
59	44	50
58	44	59
58	38	44	58	32	38
58	26	32
58	20	26	58	12	20
58	13	12
58	51	13	51	45	13	45	39	13
39	33	13
33	27	13
27	21	13	21	15	13
15	14	13

#	Normal	30
-0	0	1
-0.996734	-0.080756	0
0.0807643	-0.996733	-0
0.996734	0.0807584	-0
-0.996742	-0.0806576	-0
-0.996734	-0.0807593	-1.61232e-005
-0.996734	-0.0807584	0
0.0807588	-0.996734	-0
0.996719	0.0809408	-0.00034207
0.996731	0.0807871	-0
0.996734	0.080756	-0
0.0807648	-0.996733	-0
-0.996731	-0.0807871	-0
-0.0808031	0.99673	-0
-0.0807629	0.996733	1.1418e-005
-0.0808031	0.99673	-0.000312763
-0.0807629	0.996733	-0
-0	-0	-1
-0.0410601	0.506488	-0.861269
-0.0410535	0.506488	-0.861269
-0.0410395	0.506488	-0.86127
-0.0410406	0.50649	-0.861269
-0.0410432	0.506492	-0.861267
-0.04104	0.50649	-0.861269
-0.0410253	0.506483	-0.861273
-0.0410418	0.50649	-0.861269
-0.0410271	0.50648	-0.861275
-0.0410406	0.506491	-0.861268
-0.0410394	0.50649	-0.861269
-0.041041	0.506495	-0.861266

#	Mesh	0	End

