#	Mesh	0	Begin

#	Vertex	14
82.6507	113.923	-10.962
82.6507	113.923	-9.23688
71.1594	114.311	-9.115
71.1594	114.311	-10.8401
91.9271	113.628	-11.0604
91.9271	113.628	-9.33526
92.5113	106.413	-11.0691
92.5113	106.413	-9.34402
84.5455	106.744	-10.9846
84.5455	106.744	-9.25952
84.5058	107.234	-10.984
84.5058	107.234	-9.25892
71.6897	107.765	-10.8481
71.6897	107.765	-9.12296

#	Triangle	10
0	2	1	3	2	0
4	1	5	0	1	4
6	5	7	4	5	6
8	7	9	6	7	8
10	9	11	8	9	10
12	11	13	10	11	12
3	13	2	12	13	3
5	9	7	5	11	9	5	13	11	5	1	13	1	2	13	5	9	7	5	11	9	5	13	11	5	1	13	1	2	13
8	4	6	12	4	10	3	0	12	0	4	12
10	4	8

#	Normal	10
0.033704	0.999432	-0
0.0318154	0.999494	-0
0.996738	0.080703	-0
-0.0415992	-0.999134	0
-0.996737	-0.0807156	0
-0.0413713	-0.999144	0
-0.996733	-0.0807618	0
0.0105934	-0.000357348	0.999944
-0.0105934	0.000357212	-0.999944
-0.0105935	0.000357325	-0.999944

#	Mesh	0	End

