#	Mesh	0	Begin

#	Vertex	864
77.4302	-98.0928	-3.318
77.4302	-98.0928	-2.3148
77.4312	-98.1048	-2.32165
77.4312	-98.1048	-3.318
77.3803	-98.0969	-3.318
77.3813	-98.1088	-3.318
77.3813	-98.1088	-2.32165
77.3803	-98.0969	-2.3148
77.4686	-98.8984	-2.96367
77.4686	-98.8984	-3.60657
77.404	-98.101	-3.14943
77.404	-98.101	-2.50653
77.4637	-98.8988	-2.96367
77.399	-98.1014	-2.50653
77.399	-98.1014	-3.14943
77.4637	-98.8988	-3.60657
77.4948	-98.8902	-3.798
77.4948	-98.8902	-2.77194
77.4958	-98.9022	-2.7788
77.4958	-98.9022	-3.798
77.445	-98.8943	-3.798
77.4459	-98.9062	-3.798
77.4459	-98.9062	-2.7788
77.445	-98.8943	-2.77194
77.5332	-99.6958	-3.42082
77.5332	-99.6958	-4.08657
77.4686	-98.8984	-3.62943
77.5283	-99.6962	-3.42082
77.4637	-98.8988	-3.62943
77.5283	-99.6962	-4.08657
77.5594	-99.6876	-4.118
77.5594	-99.6876	-3.22908
77.5604	-99.6996	-3.23594
77.5604	-99.6996	-4.118
77.5096	-99.6917	-4.118
77.5105	-99.7036	-4.118
77.5105	-99.7036	-3.23594
77.5096	-99.6917	-3.22908
77.5979	-100.493	-3.87796
77.5979	-100.493	-4.56657
77.5332	-99.6958	-4.10943
77.5929	-100.494	-3.87796
77.5283	-99.6962	-4.10943
77.5929	-100.494	-4.56657
77.624	-100.485	-4.598
77.624	-100.485	-3.68623
77.625	-100.497	-3.69308
77.625	-100.497	-4.598
77.5742	-100.489	-4.598
77.5751	-100.501	-4.598
77.5751	-100.501	-3.69308
77.5742	-100.489	-3.68623
77.6625	-101.291	-4.3351
77.6625	-101.291	-5.04657
77.5979	-100.493	-4.58943
77.6575	-101.291	-4.3351
77.5929	-100.494	-4.58943
77.6575	-101.291	-5.04657
77.6886	-101.282	-5.078
77.6886	-101.282	-4.14337
77.6896	-101.294	-4.15023
77.6896	-101.294	-5.078
77.6388	-101.286	-5.078
77.6398	-101.298	-5.078
77.6398	-101.298	-4.15023
77.6388	-101.286	-4.14337
77.4658	-101.147	-5.238
77.4658	-101.147	-4.31479
77.4648	-101.135	-4.32165
77.4648	-101.135	-5.238
77.5156	-101.142	-5.238
77.5146	-101.131	-5.238
77.5146	-101.131	-4.32165
77.5156	-101.142	-4.31479
77.4274	-100.341	-4.96367
77.4274	-100.341	-5.68657
77.4919	-101.138	-5.22943
77.4919	-101.138	-4.50653
77.4323	-100.341	-4.96367
77.4969	-101.138	-4.50653
77.4969	-101.138	-5.22943
77.4323	-100.341	-5.68657
77.4012	-100.349	-5.718
77.4012	-100.349	-4.77194
77.4002	-100.337	-4.77879
77.4002	-100.337	-5.718
77.451	-100.345	-5.718
77.4501	-100.333	-5.718
77.4501	-100.333	-4.77879
77.451	-100.345	-4.77194
77.3628	-99.5436	-5.42081
77.3628	-99.5436	-6.00657
77.4274	-100.341	-5.54943
77.3678	-99.5432	-5.42081
77.4323	-100.341	-5.54943
77.3678	-99.5432	-6.00657
77.3366	-99.5517	-6.198
77.3366	-99.5517	-5.22908
77.3357	-99.5398	-5.23594
77.3357	-99.5398	-6.198
77.3865	-99.5477	-6.198
77.3855	-99.5357	-6.198
77.3855	-99.5357	-5.23594
77.3865	-99.5477	-5.22908
77.2982	-98.7462	-5.87796
77.2982	-98.7462	-6.48657
77.3628	-99.5436	-6.02943
77.3032	-98.7458	-5.87796
77.3678	-99.5432	-6.02943
77.3032	-98.7458	-6.48657
77.2721	-98.7543	-6.678
77.2721	-98.7543	-5.68622
77.2711	-98.7424	-5.69308
77.2711	-98.7424	-6.678
77.3219	-98.7503	-6.678
77.3209	-98.7384	-6.678
77.3209	-98.7384	-5.69308
77.3219	-98.7503	-5.68622
77.2337	-97.9488	-6.3351
77.2337	-97.9488	-6.96657
77.2982	-98.7462	-6.50943
77.2386	-97.9484	-6.3351
77.3032	-98.7458	-6.50943
77.2386	-97.9484	-6.96657
77.2075	-97.957	-7.158
77.2075	-97.957	-6.14337
77.2065	-97.945	-6.15022
77.2065	-97.945	-7.158
77.2573	-97.9529	-7.158
77.2564	-97.941	-7.158
77.2564	-97.941	-6.15022
77.2573	-97.9529	-6.14337
77.4191	-97.9532	-7.318
77.4191	-97.9532	-6.39479
77.42	-97.9652	-6.40165
77.42	-97.9652	-7.318
77.3692	-97.9573	-7.318
77.3702	-97.9692	-7.318
77.3702	-97.9692	-6.40165
77.3692	-97.9573	-6.39479
77.4575	-98.7588	-7.04367
77.4575	-98.7588	-7.76657
77.3929	-97.9614	-7.30943
77.3929	-97.9614	-6.58653
77.4525	-98.7592	-7.04367
77.3879	-97.9618	-6.58653
77.3879	-97.9618	-7.30943
77.4525	-98.7592	-7.76657
77.4836	-98.7506	-7.798
77.4836	-98.7506	-6.85194
77.4846	-98.7626	-6.85879
77.4846	-98.7626	-7.798
77.4338	-98.7547	-7.798
77.4348	-98.7666	-7.798
77.4348	-98.7666	-6.85879
77.4338	-98.7547	-6.85194
77.522	-99.5562	-7.50081
77.522	-99.5562	-8.08657
77.4575	-98.7588	-7.62943
77.517	-99.5566	-7.50081
77.4525	-98.7592	-7.62943
77.517	-99.5566	-8.08657
77.5482	-99.548	-8.278
77.5482	-99.548	-7.30908
77.5492	-99.56	-7.31594
77.5492	-99.56	-8.278
77.4984	-99.5521	-8.278
77.4993	-99.564	-8.278
77.4993	-99.564	-7.31594
77.4984	-99.5521	-7.30908
77.5866	-100.354	-7.95796
77.5866	-100.354	-8.56657
77.522	-99.5562	-8.10943
77.5816	-100.354	-7.95796
77.517	-99.5566	-8.10943
77.5816	-100.354	-8.56657
77.6128	-100.345	-8.758
77.6128	-100.345	-7.76622
77.6137	-100.357	-7.77308
77.6137	-100.357	-8.758
77.5629	-100.349	-8.758
77.5639	-100.361	-8.758
77.5639	-100.361	-7.77308
77.5629	-100.349	-7.76622
77.6512	-101.151	-8.4151
77.6512	-101.151	-9.04657
77.5866	-100.354	-8.58943
77.6462	-101.151	-8.4151
77.5816	-100.354	-8.58943
77.6462	-101.151	-9.04657
77.6773	-101.143	-9.238
77.6773	-101.143	-8.22337
77.6783	-101.155	-8.23022
77.6783	-101.155	-9.238
77.6275	-101.147	-9.238
77.6284	-101.159	-9.238
77.6284	-101.159	-8.23022
77.6275	-101.147	-8.22337
77.4744	-101.251	-9.398
77.4744	-101.251	-8.41501
77.4734	-101.239	-8.42187
77.4734	-101.239	-9.398
77.5242	-101.247	-9.398
77.5233	-101.235	-9.398
77.5233	-101.235	-8.42187
77.5242	-101.247	-8.41501
77.4359	-100.445	-9.06389
77.4359	-100.445	-9.68657
77.5005	-101.243	-9.22943
77.5005	-101.243	-8.60675
77.4409	-100.445	-9.06389
77.5055	-101.242	-8.60675
77.5055	-101.242	-9.22943
77.4409	-100.445	-9.68657
77.4098	-100.453	-9.878
77.4098	-100.453	-8.87216
77.4088	-100.441	-8.87901
77.4088	-100.441	-9.878
77.4596	-100.449	-9.878
77.4586	-100.437	-9.878
77.4586	-100.437	-8.87901
77.4596	-100.449	-8.87216
77.3713	-99.6479	-9.52104
77.3713	-99.6479	-10.1666
77.4359	-100.445	-9.70943
77.3763	-99.6474	-9.52104
77.4409	-100.445	-9.70943
77.3763	-99.6474	-10.1666
77.3452	-99.656	-10.198
77.3452	-99.656	-9.3293
77.3442	-99.644	-9.33616
77.3442	-99.644	-10.198
77.395	-99.652	-10.198
77.394	-99.64	-10.198
77.394	-99.64	-9.33616
77.395	-99.652	-9.3293
77.3067	-98.8505	-9.97818
77.3067	-98.8505	-10.6466
77.3713	-99.6479	-10.1894
77.3117	-98.8501	-9.97818
77.3763	-99.6474	-10.1894
77.3117	-98.8501	-10.6466
77.2806	-98.8586	-10.678
77.2806	-98.8586	-9.78644
77.2796	-98.8466	-9.7933
77.2796	-98.8466	-10.678
77.3304	-98.8546	-10.678
77.3294	-98.8426	-10.678
77.3294	-98.8426	-9.7933
77.3304	-98.8546	-9.78644
77.2421	-98.0531	-10.4353
77.2421	-98.0531	-11.1266
77.3067	-98.8505	-10.6694
77.2471	-98.0527	-10.4353
77.3117	-98.8501	-10.6694
77.2471	-98.0527	-11.1266
77.216	-98.0612	-11.158
77.216	-98.0612	-10.2436
77.215	-98.0493	-10.2504
77.215	-98.0493	-11.158
77.2658	-98.0572	-11.158
77.2648	-98.0452	-11.158
77.2648	-98.0452	-10.2504
77.2658	-98.0572	-10.2436
77.6922	-101.327	-5.078
77.6922	-101.327	-4.16886
77.6932	-101.339	-4.17572
77.6932	-101.339	-5.078
77.6424	-101.331	-5.078
77.6434	-101.343	-5.078
77.6434	-101.343	-4.17572
77.6424	-101.331	-4.16886
77.4827	-101.356	-5.078
77.4827	-101.356	-4.20815
77.4817	-101.344	-4.20815
77.4817	-101.344	-5.078
77.5325	-101.352	-5.078
77.5316	-101.34	-5.078
77.5316	-101.34	-4.20815
77.5325	-101.352	-4.20815
77.4807	-101.331	-5.078
77.4807	-101.331	-4.2093
77.4797	-101.319	-4.21616
77.4797	-101.319	-5.078
77.5305	-101.327	-5.078
77.5295	-101.315	-5.078
77.5295	-101.315	-4.21616
77.5305	-101.327	-4.2093
77.1926	-97.7729	-7.158
77.1926	-97.7729	-6.24886
77.1916	-97.761	-6.25572
77.1916	-97.761	-7.158
77.2424	-97.7689	-7.158
77.2415	-97.7569	-7.158
77.2415	-97.7569	-6.25572
77.2424	-97.7689	-6.24886
77.4021	-97.7439	-7.158
77.4021	-97.7439	-6.28815
77.4031	-97.7559	-6.28815
77.4031	-97.7559	-7.158
77.3523	-97.748	-7.158
77.3532	-97.7599	-7.158
77.3532	-97.7599	-6.28815
77.3523	-97.748	-6.28815
77.4042	-97.7692	-7.158
77.4042	-97.7692	-6.2893
77.4051	-97.7812	-6.29616
77.4051	-97.7812	-7.158
77.3543	-97.7733	-7.158
77.3553	-97.7852	-7.158
77.3553	-97.7852	-6.29616
77.3543	-97.7733	-6.2893
77.6922	-101.327	-9.238
77.6922	-101.327	-8.32886
77.6932	-101.339	-8.33572
77.6932	-101.339	-9.238
77.6424	-101.331	-9.238
77.6433	-101.343	-9.238
77.6433	-101.343	-8.33572
77.6424	-101.331	-8.32886
77.4829	-101.356	-9.238
77.4829	-101.356	-8.36815
77.4819	-101.344	-8.36815
77.4819	-101.344	-9.238
77.5327	-101.352	-9.238
77.5318	-101.34	-9.238
77.5318	-101.34	-8.36815
77.5327	-101.352	-8.36815
77.4809	-101.331	-9.238
77.4809	-101.331	-8.3693
77.4799	-101.319	-8.37616
77.4799	-101.319	-9.238
77.5307	-101.326	-9.238
77.5297	-101.315	-9.238
77.5297	-101.315	-8.37616
77.5307	-101.326	-8.3693
77.4267	-98.0504	-3.318
77.4267	-98.0504	-2.29044
77.4277	-98.0623	-2.2973
77.4277	-98.0623	-3.318
77.3769	-98.0544	-3.318
77.3779	-98.0664	-3.318
77.3779	-98.0664	-2.2973
77.3769	-98.0544	-2.29044
77.2097	-97.9835	-11.158
77.2097	-97.9835	-10.2882
77.2087	-97.9715	-10.295
77.2087	-97.9715	-11.158
77.2595	-97.9794	-11.158
77.2585	-97.9675	-11.158
77.2585	-97.9675	-10.295
77.2595	-97.9794	-10.2882
77.2439	-97.9727	-10.358
77.2439	-97.9727	-10.381
77.224	-97.9743	-10.381
77.224	-97.9743	-10.358
77.657	-101.326	-8.438
77.6586	-101.346	-8.438
77.6586	-101.346	-8.458
77.657	-101.326	-8.458
77.5152	-101.322	-8.438
77.5157	-101.327	-8.458
77.4958	-101.329	-8.458
77.4953	-101.323	-8.438
77.5165	-101.337	-8.438
77.5165	-101.337	-8.458
77.4982	-101.359	-8.458
77.4982	-101.359	-8.438
77.6586	-101.346	-8.40327
77.6586	-101.346	-8.42631
77.6785	-101.344	-8.42631
77.6785	-101.344	-8.40327
77.2278	-97.7741	-6.358
77.2262	-97.7541	-6.358
77.2262	-97.7541	-6.378
77.2278	-97.7741	-6.378
77.3698	-97.778	-6.358
77.3693	-97.7728	-6.378
77.3893	-97.7711	-6.378
77.3897	-97.7764	-6.358
77.3685	-97.7627	-6.358
77.3685	-97.7627	-6.378
77.3868	-97.7411	-6.378
77.3868	-97.7411	-6.358
77.2262	-97.7541	-6.3233
77.2262	-97.7541	-6.34633
77.2063	-97.7558	-6.34633
77.2063	-97.7558	-6.3233
77.657	-101.326	-4.278
77.6586	-101.346	-4.278
77.6586	-101.346	-4.298
77.657	-101.326	-4.298
77.5151	-101.322	-4.278
77.5155	-101.327	-4.298
77.4956	-101.329	-4.298
77.4951	-101.323	-4.278
77.5163	-101.337	-4.278
77.5163	-101.337	-4.298
77.498	-101.359	-4.298
77.498	-101.359	-4.278
77.6586	-101.346	-4.24328
77.6586	-101.346	-4.26631
77.6786	-101.344	-4.26631
77.6786	-101.344	-4.24328
77.3922	-98.0572	-2.358
77.4121	-98.0556	-2.358
77.4121	-98.0556	-2.38103
77.3922	-98.0572	-2.38103
77.2439	-97.9727	-10.458
77.2439	-97.9727	-10.481
77.224	-97.9743	-10.481
77.224	-97.9743	-10.458
77.657	-101.326	-8.538
77.6586	-101.346	-8.538
77.6586	-101.346	-8.558
77.657	-101.326	-8.558
77.5152	-101.322	-8.538
77.5157	-101.327	-8.558
77.4958	-101.329	-8.558
77.4953	-101.323	-8.538
77.5165	-101.337	-8.538
77.5165	-101.337	-8.558
77.4982	-101.359	-8.558
77.4982	-101.359	-8.538
77.6586	-101.346	-8.50327
77.6586	-101.346	-8.52631
77.6785	-101.344	-8.52631
77.6785	-101.344	-8.50327
77.2278	-97.7741	-6.458
77.2262	-97.7541	-6.458
77.2262	-97.7541	-6.478
77.2278	-97.7741	-6.478
77.3698	-97.778	-6.458
77.3693	-97.7728	-6.478
77.3893	-97.7711	-6.478
77.3897	-97.7764	-6.458
77.3685	-97.7627	-6.458
77.3685	-97.7627	-6.478
77.3868	-97.7411	-6.478
77.3868	-97.7411	-6.458
77.2262	-97.7541	-6.4233
77.2262	-97.7541	-6.44633
77.2063	-97.7558	-6.44633
77.2063	-97.7558	-6.4233
77.657	-101.326	-4.378
77.6586	-101.346	-4.378
77.6586	-101.346	-4.398
77.657	-101.326	-4.398
77.5151	-101.322	-4.378
77.5155	-101.327	-4.398
77.4956	-101.329	-4.398
77.4951	-101.323	-4.378
77.5163	-101.337	-4.378
77.5163	-101.337	-4.398
77.498	-101.359	-4.398
77.498	-101.359	-4.378
77.6586	-101.346	-4.34328
77.6586	-101.346	-4.36631
77.6786	-101.344	-4.36631
77.6786	-101.344	-4.34328
77.3922	-98.0572	-2.458
77.4121	-98.0556	-2.458
77.4121	-98.0556	-2.48103
77.3922	-98.0572	-2.48103
77.2079	-97.9756	-10.2323
77.2233	-97.9743	-10.228
77.2387	-97.9731	-10.2236
77.2528	-97.972	-10.2307
77.2668	-97.9708	-10.2377
77.2706	-97.9705	-10.2478
77.2744	-97.9702	-10.258
77.2678	-97.9707	-10.2708
77.2612	-97.9713	-10.2837
77.2458	-97.9725	-10.288
77.2381	-97.9731	-10.2902
77.2304	-97.9738	-10.2924
77.2163	-97.9749	-10.2853
77.2023	-97.976	-10.2783
77.1985	-97.9764	-10.2682
77.1947	-97.9767	-10.258
77.2013	-97.9761	-10.2452
77.4779	-101.309	-8.37272
77.4934	-101.308	-8.37706
77.5088	-101.306	-8.3814
77.5228	-101.305	-8.37438
77.5369	-101.304	-8.36735
77.5407	-101.304	-8.35719
77.5445	-101.303	-8.34704
77.5416	-101.304	-8.34134
77.5379	-101.304	-8.3342
77.5313	-101.305	-8.32136
77.5159	-101.306	-8.31702
77.5004	-101.307	-8.31268
77.4934	-101.308	-8.31619
77.4864	-101.308	-8.3197
77.4724	-101.309	-8.32673
77.4686	-101.31	-8.33688
77.4647	-101.31	-8.34704
77.4713	-101.309	-8.35988
77.3263	-99.5771	-9.32964
77.3235	-99.4844	-9.37427
77.3606	-99.8513	-9.15638
77.3533	-99.6409	-9.27123
77.3938	-99.4982	-9.36653
77.3904	-99.4157	-9.42131
77.3626	-99.5672	-9.30982
77.3704	-99.5272	-9.33331
77.3954	-99.5957	-9.30306
77.4469	-100.099	-9.03738
77.372	-99.1743	-9.56767
77.4111	-99.9033	-9.12081
77.2922	-99.1808	-9.56766
77.4071	-99.6416	-9.31241
77.3915	-99.7242	-9.28557
77.4025	-99.7405	-9.27096
77.3795	-99.3618	-9.48085
77.3608	-99.7991	-9.24144
77.3411	-99.4306	-9.45627
77.3696	-99.6406	-9.33676
77.3415	-99.6645	-9.31279
77.3249	-99.5352	-9.3793
77.4647	-101.317	-8.34915
77.4653	-101.324	-8.36029
77.4665	-101.339	-8.36407
77.4678	-101.355	-8.36784
77.4689	-101.369	-8.36173
77.47	-101.383	-8.35563
77.4703	-101.387	-8.34682
77.4706	-101.39	-8.338
77.4701	-101.384	-8.32685
77.4696	-101.377	-8.31571
77.4683	-101.362	-8.31193
77.4671	-101.346	-8.30816
77.4659	-101.332	-8.31427
77.4648	-101.318	-8.32037
77.4645	-101.314	-8.32918
77.4642	-101.311	-8.338
77.7046	-101.294	-8.33303
77.7049	-101.298	-8.32685
77.7054	-101.304	-8.31571
77.7067	-101.32	-8.31193
77.7079	-101.335	-8.30816
77.7085	-101.342	-8.31121
77.7091	-101.349	-8.31427
77.7102	-101.363	-8.32037
77.7105	-101.367	-8.32918
77.7108	-101.371	-8.338
77.7106	-101.368	-8.34297
77.7103	-101.364	-8.34915
77.7098	-101.358	-8.36029
77.7085	-101.342	-8.36407
77.7073	-101.327	-8.36784
77.7067	-101.32	-8.36479
77.7061	-101.313	-8.36173
77.705	-101.299	-8.35563
77.7047	-101.295	-8.34682
77.7044	-101.291	-8.338
77.5854	-101.379	-8.3288
77.5794	-101.375	-8.32153
77.6057	-101.319	-8.31202
77.6049	-101.365	-8.31524
77.5888	-101.357	-8.31059
77.5819	-101.312	-8.31754
77.5748	-101.306	-8.32438
77.5681	-101.303	-8.33103
77.5509	-101.304	-8.338
77.5813	-101.343	-8.30802
77.5795	-101.332	-8.30892
77.5574	-101.383	-8.338
77.5793	-101.303	-8.3472
77.574	-101.308	-8.35447
77.6089	-101.359	-8.36398
77.5862	-101.325	-8.36541
77.6006	-101.314	-8.36076
77.5866	-101.37	-8.35846
77.5805	-101.377	-8.35162
77.5743	-101.381	-8.34497
77.5811	-101.351	-8.36708
77.5811	-101.34	-8.36798
77.6372	-101.296	-8.29968
77.6526	-101.295	-8.30403
77.6603	-101.294	-8.3062
77.668	-101.293	-8.30837
77.6821	-101.292	-8.30134
77.6961	-101.291	-8.29432
77.6999	-101.291	-8.28416
77.7037	-101.291	-8.274
77.6971	-101.291	-8.26117
77.6905	-101.292	-8.24833
77.6751	-101.293	-8.24399
77.6597	-101.294	-8.23964
77.6456	-101.295	-8.24667
77.6316	-101.296	-8.2537
77.6278	-101.297	-8.26385
77.624	-101.297	-8.27401
77.6306	-101.296	-8.28685
77.3537	-97.7952	-6.24136
77.3691	-97.794	-6.23702
77.3846	-97.7927	-6.23268
77.3916	-97.7921	-6.23619
77.3986	-97.7916	-6.2397
77.4126	-97.7904	-6.24673
77.4159	-97.7902	-6.2553
77.4203	-97.7898	-6.26704
77.4137	-97.7904	-6.27988
77.4071	-97.7909	-6.29272
77.3916	-97.7921	-6.29706
77.3762	-97.7934	-6.3014
77.3622	-97.7945	-6.29438
77.3481	-97.7957	-6.28735
77.3443	-97.796	-6.27719
77.3405	-97.7963	-6.26704
77.3471	-97.7957	-6.2542
77.5688	-99.7066	-7.3466
77.5302	-99.3216	-7.11829
77.5384	-99.5426	-7.23923
77.4961	-99.7059	-7.35439
77.4984	-99.6921	-7.33847
77.5295	-99.6208	-7.28037
77.5217	-99.6613	-7.30417
77.4965	-99.59	-7.27237
77.5646	-99.597	-7.29233
77.4795	-99.2664	-7.08092
77.4241	-98.829	-6.85907
77.5404	-100.264	-7.68198
77.5039	-98.8225	-6.85907
77.4998	-99.4548	-7.25104
77.4888	-99.438	-7.23609
77.5133	-99.8354	-7.45673
77.4846	-99.5418	-7.28036
77.5303	-99.3768	-7.20512
77.5514	-99.7636	-7.43037
77.5221	-99.5429	-7.30476
77.5501	-99.5174	-7.27992
77.5672	-99.6535	-7.35029
77.4149	-97.716	-6.24685
77.4154	-97.7226	-6.23571
77.4167	-97.738	-6.23194
77.4179	-97.7535	-6.22816
77.4191	-97.7675	-6.23427
77.4202	-97.7816	-6.24037
77.4205	-97.7854	-6.24918
77.4208	-97.7892	-6.258
77.4203	-97.7826	-6.26915
77.4198	-97.776	-6.28029
77.4185	-97.7606	-6.28406
77.4173	-97.7451	-6.28784
77.4161	-97.7311	-6.28173
77.415	-97.717	-6.27563
77.4147	-97.7132	-6.26682
77.4144	-97.7094	-6.258
77.1742	-97.7318	-6.26297
77.1745	-97.7355	-6.26915
77.1751	-97.7421	-6.28029
77.1763	-97.7575	-6.28406
77.1776	-97.7729	-6.28784
77.1781	-97.7799	-6.28479
77.1787	-97.787	-6.28173
77.1798	-97.801	-6.27563
77.1801	-97.8048	-6.26682
77.1805	-97.8086	-6.258
77.1802	-97.8057	-6.25303
77.1799	-97.802	-6.24685
77.1794	-97.7954	-6.23571
77.1781	-97.78	-6.23194
77.1769	-97.7646	-6.22816
77.1763	-97.7576	-6.23121
77.1758	-97.7505	-6.23427
77.1746	-97.7365	-6.24037
77.1743	-97.7327	-6.24918
77.174	-97.7289	-6.258
77.2995	-97.7207	-6.2488
77.3055	-97.7248	-6.24153
77.2792	-97.7806	-6.23202
77.28	-97.7343	-6.23524
77.2961	-97.7428	-6.23059
77.3031	-97.7879	-6.23754
77.3101	-97.7938	-6.24438
77.3169	-97.7965	-6.25103
77.3341	-97.7962	-6.258
77.3036	-97.7572	-6.22802
77.3054	-97.7682	-6.22892
77.3276	-97.7165	-6.258
77.3056	-97.7966	-6.2672
77.3109	-97.7915	-6.27447
77.276	-97.7407	-6.28398
77.2843	-97.7862	-6.28076
77.2987	-97.7752	-6.28541
77.2983	-97.7296	-6.27846
77.3044	-97.7227	-6.27162
77.3106	-97.7189	-6.26497
77.3039	-97.7599	-6.28798
77.3038	-97.7487	-6.28708
77.1943	-97.8081	-6.16835
77.2097	-97.8069	-6.16401
77.2251	-97.8056	-6.15967
77.2392	-97.8045	-6.16669
77.2532	-97.8033	-6.17372
77.257	-97.803	-6.18388
77.2608	-97.8027	-6.19403
77.2542	-97.8033	-6.20687
77.2477	-97.8038	-6.21971
77.2322	-97.805	-6.22405
77.2245	-97.8057	-6.22622
77.2168	-97.8063	-6.22839
77.2028	-97.8074	-6.22137
77.1887	-97.8086	-6.21434
77.1849	-97.8089	-6.20419
77.1811	-97.8092	-6.19403
77.1877	-97.8086	-6.18119
77.4777	-101.309	-4.21272
77.4932	-101.308	-4.21706
77.5086	-101.306	-4.2214
77.5226	-101.305	-4.21438
77.5367	-101.304	-4.20735
77.5405	-101.304	-4.19719
77.5443	-101.304	-4.18704
77.5377	-101.304	-4.1742
77.5311	-101.305	-4.16136
77.5157	-101.306	-4.15702
77.5003	-101.307	-4.15268
77.4932	-101.308	-4.15619
77.4862	-101.308	-4.1597
77.4722	-101.309	-4.16673
77.469	-101.31	-4.1753
77.4646	-101.31	-4.18704
77.4711	-101.309	-4.19988
77.316	-99.3931	-5.26662
77.3546	-99.7782	-5.0383
77.3465	-99.5572	-5.15925
77.3887	-99.3939	-5.2744
77.3864	-99.4076	-5.25848
77.3553	-99.479	-5.20039
77.3631	-99.4385	-5.22418
77.3883	-99.5097	-5.19238
77.3202	-99.5028	-5.21234
77.4053	-99.8334	-5.00093
77.4607	-100.271	-4.77908
77.3445	-98.8354	-5.60198
77.3809	-100.277	-4.77909
77.385	-99.6449	-5.17105
77.3961	-99.6618	-5.1561
77.3715	-99.2644	-5.37674
77.4003	-99.558	-5.20037
77.3546	-99.7229	-5.12513
77.3334	-99.3362	-5.35038
77.3627	-99.5569	-5.22477
77.3348	-99.5823	-5.19993
77.3176	-99.4463	-5.2703
77.4645	-101.317	-4.18915
77.4651	-101.324	-4.20029
77.4663	-101.339	-4.20406
77.4676	-101.355	-4.20784
77.4687	-101.369	-4.20173
77.4698	-101.383	-4.19563
77.4701	-101.387	-4.18682
77.4705	-101.39	-4.178
77.4699	-101.384	-4.16685
77.4694	-101.377	-4.15571
77.4681	-101.362	-4.15194
77.4669	-101.346	-4.14816
77.4658	-101.332	-4.15427
77.4646	-101.318	-4.16037
77.4643	-101.314	-4.16918
77.464	-101.311	-4.178
77.7046	-101.294	-4.17303
77.7049	-101.298	-4.16685
77.7054	-101.304	-4.15571
77.7067	-101.32	-4.15194
77.7079	-101.335	-4.14816
77.7085	-101.342	-4.15121
77.7091	-101.349	-4.15427
77.7102	-101.363	-4.16037
77.7105	-101.367	-4.16918
77.7108	-101.371	-4.178
77.7106	-101.368	-4.18297
77.7103	-101.364	-4.18915
77.7098	-101.358	-4.20029
77.7085	-101.342	-4.20406
77.7073	-101.327	-4.20784
77.7067	-101.32	-4.20479
77.7061	-101.313	-4.20173
77.705	-101.299	-4.19563
77.7047	-101.295	-4.18682
77.7044	-101.291	-4.178
77.5853	-101.379	-4.1688
77.5793	-101.375	-4.16153
77.6056	-101.319	-4.15202
77.5887	-101.357	-4.15059
77.6048	-101.365	-4.15524
77.5818	-101.312	-4.15754
77.5747	-101.306	-4.16438
77.568	-101.303	-4.17103
77.5508	-101.304	-4.178
77.5794	-101.332	-4.14892
77.5812	-101.343	-4.14802
77.5572	-101.383	-4.178
77.5792	-101.303	-4.1872
77.5739	-101.308	-4.19447
77.6088	-101.359	-4.20398
77.6006	-101.314	-4.20076
77.5861	-101.325	-4.20541
77.5865	-101.37	-4.19846
77.5804	-101.377	-4.19162
77.5742	-101.381	-4.18497
77.581	-101.34	-4.20798
77.581	-101.351	-4.20708
77.6372	-101.296	-4.13969
77.6526	-101.295	-4.14403
77.6603	-101.294	-4.1462
77.668	-101.293	-4.14838
77.6821	-101.292	-4.14135
77.6961	-101.291	-4.13432
77.6999	-101.291	-4.12417
77.7037	-101.291	-4.11401
77.6971	-101.291	-4.10117
77.6905	-101.292	-4.08834
77.6751	-101.293	-4.08399
77.6597	-101.294	-4.07965
77.6456	-101.295	-4.08668
77.6316	-101.296	-4.0937
77.6278	-101.297	-4.10386
77.624	-101.297	-4.11401
77.6306	-101.297	-4.12685
77.3646	-98.0594	-2.25222
77.3683	-98.0591	-2.24516
77.3749	-98.0586	-2.23232
77.3903	-98.0573	-2.22798
77.4057	-98.0561	-2.22364
77.4127	-98.0555	-2.22715
77.4198	-98.0549	-2.23066
77.4338	-98.0538	-2.23769
77.4376	-98.0535	-2.24785
77.4414	-98.0532	-2.258
77.4348	-98.0537	-2.27084
77.4282	-98.0543	-2.28368
77.4128	-98.0555	-2.28802
77.3974	-98.0568	-2.29236
77.3833	-98.0579	-2.28534
77.3693	-98.059	-2.27831
77.3655	-98.0593	-2.26815
77.3617	-98.0596	-2.258
77.5758	-99.736	-3.21195
77.5785	-99.8265	-3.25528
77.5422	-99.47	-3.04336
77.5489	-99.6743	-3.15472
77.5081	-99.8131	-3.24776
77.5114	-99.8939	-3.3016
77.5395	-99.7455	-3.19185
77.5316	-99.7851	-3.21516
77.5068	-99.7181	-3.18579
77.4578	-99.2464	-2.93834
77.5278	-100.11	-3.43367
77.4918	-99.4198	-3.00882
77.6076	-100.104	-3.43367
77.4952	-99.6737	-3.19593
77.5109	-99.5935	-3.1705
77.5	-99.5776	-3.15608
77.5221	-99.9455	-3.35983
77.5418	-99.5204	-3.12741
77.5606	-99.8785	-3.33627
77.5327	-99.6746	-3.22024
77.5608	-99.6515	-3.19677
77.5771	-99.777	-3.26107

#	Triangle	777
3	1	2	0	1	3
7	5	6	4	5	7	23	21	22	20	21	23	37	35	36	34	35	37	51	49	50	48	49	51	65	63	64	62	63	65	69	67	68	66	67	69	85	83	84	82	83	85	99	97	98	96	97	99	113	111	112	110	111	113	127	125	126	124	125	127	139	137	138	136	137	139	155	153	154	152	153	155	183	181	182	180	181	183	197	195	196	194	195	197	201	199	200	198	199	201	217	215	216	214	215	217	231	229	230	228	229	231	245	243	244	242	243	245	259	257	258	256	257	259	271	269	270	268	269	271	283	281	282	280	281	283	291	289	290	288	289	291	303	301	302	300	301	303	311	309	310	308	309	311	319	317	318	316	317	319	323	321	322	320	321	323	343	341	342	340	341	343	347	345	346	344	345	347
0	5	4	3	5	0	16	21	20	19	21	16	30	35	34	33	35	30	44	49	48	47	49	44	58	63	62	61	63	58	66	71	70	69	71	66	82	87	86	85	87	82	96	101	100	99	101	96	110	115	114	113	115	110	124	129	128	127	129	124	132	137	136	135	137	132	148	153	152	151	153	148	162	167	166	165	167	162	176	181	180	179	181	176	190	195	194	193	195	190	198	203	202	201	203	198	214	219	218	217	219	214	228	233	232	231	233	228	242	247	246	245	247	242	256	261	260	259	261	256	264	269	268	267	269	264	272	277	276	275	277	272	280	285	284	283	285	280	288	293	292	291	293	288	296	301	300	299	301	296	304	309	308	307	309	304	312	317	316	315	317	312	320	325	324	323	325	320	328	333	332	331	333	328	336	341	340	339	341	336	344	349	348	347	349	344	366	361	365	362	361	366	358	365	359	366	365	358	382	377	381	378	377	382	374	381	375	382	381	374	398	393	397	394	393	398	390	397	391	398	397	390	422	417	421	418	417	422	414	421	415	422	421	414	438	433	437	434	433	438	430	437	431	438	437	430	454	449	453	450	449	454	446	453	447	454	453	446
3	6	5	2	6	3	267	270	269	266	270	267	315	318	317	314	318	315
2	7	6
1	7	2
1	4	7	0	4	1	17	20	23	16	20	17	31	34	37	30	34	31	45	48	51	44	48	45	59	62	65	58	62	59	201	204	203	200	204	201	231	234	233	230	234	231	259	262	261	258	262	259	283	286	285	282	286	283	291	294	293	290	294	291	305	308	311	304	308	305	323	326	325	322	326	323	331	334	333	330	334	331	337	340	343	336	340	337	347	350	349	346	350	347
11	9	10	8	9	11	24	39	40	38	39	24	213	211	212	210	211	213	241	225	240	239	225	241
15	13	14	12	13	15	43	27	42	41	27	43	206	223	224	222	223	206	236	251	252	250	251	236
8	13	12	8	12	24	38	27	41
11	13	8	24	12	27	24	27	38
11	14	13	10	14	11	24	42	27	40	42	24
10	15	14	25	29	26	40	43	42	53	57	54
9	15	10	26	29	28	39	43	40	54	57	56
9	12	15	8	12	9	39	41	43	38	41	39	77	80	79	76	80	77	104	122	107	120	122	104	141	144	147	140	144	141	157	159	161	156	159	157	171	173	175	170	173	171	185	187	189	184	187	185	209	212	211	208	212	209	206	226	210	224	226	206	222	240	225	238	240	222	236	254	239	252	254	236
19	17	18	16	17	19	33	31	32	30	31	33	47	45	46	44	45	47	61	59	60	58	59	61	73	71	72	70	71	73	89	87	88	86	87	89	103	101	102	100	101	103	117	115	116	114	115	117	131	129	130	128	129	131	135	133	134	132	133	135	151	149	150	148	149	151	165	163	164	162	163	165	179	177	178	176	177	179	205	203	204	202	203	205	221	219	220	218	219	221	235	233	234	232	233	235	249	247	248	246	247	249	263	261	262	260	261	263	267	265	266	264	265	267	279	277	278	276	277	279	287	285	286	284	285	287	295	293	294	292	293	295	299	297	298	296	297	299	307	305	306	304	305	307	315	313	314	312	313	315	327	325	326	324	325	327	335	333	334	332	333	335	339	337	338	336	337	339	351	349	350	348	349	351
19	22	21	18	22	19	33	36	35	32	36	33	47	50	49	46	50	47	61	64	63	60	64	61	199	202	205	198	202	199	229	232	235	228	232	229	257	260	263	256	260	257	281	284	287	280	284	281	289	292	295	288	292	289	307	310	309	306	310	307	321	324	327	320	324	321	339	342	341	338	342	339	345	348	351	344	348	345
18	23	22	17	23	18	46	51	50	45	51	46	338	343	342	337	343	338
8	25	26	24	25	8	38	53	54	52	53	38	227	210	226	225	210	227	255	239	254	253	239	255
29	12	28	27	12	29	57	41	56	55	41	57	209	207	208	206	207	209	222	237	238	236	237	222	355	354	363	407	400	404	401	400	407	411	410	419	463	456	460	457	456	463
8	28	12	26	28	8	38	56	41	54	56	38	105	107	109	104	107	105	119	121	123	118	121	119	143	146	145	142	146	143	140	160	144	158	160	140	156	174	159	172	174	156	170	188	173	186	188	170	207	210	213	206	210	207	223	225	227	222	225	223	237	239	241	236	239	237	251	253	255	250	253	251
25	27	29	24	27	25	53	55	57	52	55	53
32	37	36	31	37	32	60	65	64	59	65	60	306	311	310	305	311	306
52	41	55
38	41	52
69	72	71	68	72	69	85	88	87	84	88	85	99	102	101	98	102	99	113	116	115	112	116	113	127	130	129	126	130	127	133	136	139	132	136	133	149	152	155	148	152	149	163	166	169	162	166	163	217	220	219	216	220	217	245	248	247	244	248	245	275	278	277	274	278	275	297	300	303	296	300	297
68	73	72	67	73	68	98	103	102	97	103	98	126	131	130	125	131	126	244	249	248	243	249	244
67	70	73	66	70	67	83	86	89	82	86	83	97	100	103	96	100	97	111	114	117	110	114	111	125	128	131	124	128	125	135	138	137	134	138	135	151	154	153	150	154	151	193	196	195	192	196	193	215	218	221	214	218	215	243	246	249	242	246	243	299	302	301	298	302	299	329	332	335	328	332	329
77	75	76	74	75	77
81	79	80	78	79	81	95	78	94	93	78	95	123	107	122	121	107	123	143	141	142	140	141	143	140	157	158	156	157	140	156	171	172	170	171	156	170	185	186	184	185	170
74	79	78	90	78	93	74	78	90	90	93	104
77	79	74	104	93	107
76	81	80	105	109	106	120	123	122	119	123	120
75	81	76	92	95	94	91	95	92	106	109	108
75	78	81	74	78	75	91	93	95	90	93	91
84	89	88	83	89	84	112	117	116	111	117	112
74	91	92	90	91	74	90	105	106	104	105	90	104	119	120	118	119	104	147	145	146	144	145	147	161	144	160	159	144	161	175	159	174	173	159	175	189	173	188	187	173	189	369	368	377	387	386	395	425	424	433	443	442	451
74	94	78	92	94	74	90	108	93	106	108	90
109	93	108	107	93	109
118	107	121	104	107	118
134	139	138	133	139	134	163	169	164	192	197	196
140	145	144	143	145	140	156	144	159	140	144	156	170	159	173	156	159	170	184	173	187	170	173	184
142	147	146	141	147	142	158	161	160	157	161	158	172	175	174	171	175	172	186	189	188	185	189	186
150	155	154	149	155	150
169	167	168	166	167	169	275	273	274	272	273	275
165	168	167	164	168	165	179	182	181	178	182	179	273	276	279	272	276	273
164	169	168	191	197	192
178	183	182	177	183	178
177	180	183	176	180	177	191	194	197	190	194	191
193	191	192	190	191	193
200	205	204	199	205	200	230	235	234	229	235	230	330	335	334
206	211	210	209	211	206
208	213	212	207	213	208	238	241	240	237	241	238
216	221	220	215	221	216
222	210	225	206	210	222	250	239	253	236	239	250
224	227	226	223	227	224	252	255	254	251	255	252
236	225	239	222	225	236
258	263	262	257	263	258	346	351	350	345	351	346
266	271	270	265	271	266
265	268	271	264	268	265	313	316	319	312	316	313
274	279	278	273	279	274	298	303	302	297	303	298	322	327	326	321	327	322	364	363	367	360	363	364	356	367	357	364	367	356	380	379	383	376	379	380	372	383	373	380	383	372	396	395	399	392	395	396	388	399	389	396	399	388	420	419	423	416	419	420	412	423	413	420	423	412	436	435	439	432	435	436	428	439	429	436	439	428	452	451	455	448	451	452	444	455	445	452	455	444
282	287	286	281	287	282	290	295	294	289	295	290
314	319	318	313	319	314
331	329	330	328	329	331
329	335	330
355	353	354	352	353	355	387	385	386	384	385	387	407	405	406	404	405	407	411	409	410	408	409	411	443	441	442	440	441	443	463	461	462	460	461	463
359	357	358	356	357	359	415	413	414	412	413	415
361	352	360	417	408	416
353	352	361	405	402	406	403	402	405	409	408	417	461	458	462	459	458	461
362	353	361	418	409	417
354	353	362	410	409	418
363	354	362	419	410	418
360	355	363	416	411	419
352	355	360	408	411	416
365	360	364	421	416	420
361	360	365	417	416	421
367	362	366	423	418	422
363	362	367	419	418	423
359	364	356	365	364	359	415	420	412	421	420	415
357	366	358	367	366	357	413	422	414	423	422	413
371	369	370	368	369	371	427	425	426	424	425	427
375	373	374	372	373	375	431	429	430	428	429	431
377	368	376	433	424	432
378	369	377	406	401	407	434	425	433	462	457	463
370	369	378	426	425	434
379	370	378	435	426	434
371	370	379	385	384	393	427	426	435	441	440	449
376	371	379	432	427	435
368	371	376	424	427	432
381	376	380	437	432	436
377	376	381	433	432	437
383	378	382	439	434	438
379	378	383	435	434	439
375	380	372	381	380	375	431	436	428	437	436	431
373	382	374	383	382	373	429	438	430	439	438	429
391	389	390	388	389	391	447	445	446	444	445	447
393	384	392	449	440	448
394	385	393	450	441	449
386	385	394	442	441	450
395	386	394	451	442	450
392	387	395	448	443	451
384	387	392	440	443	448
397	392	396	453	448	452
393	392	397	449	448	453
399	394	398	455	450	454
395	394	399	451	450	455
391	396	388	397	396	391	447	452	444	453	452	447
389	398	390	399	398	389	445	454	446	455	454	445
403	401	402	400	401	403	459	457	458	456	457	459
402	401	406	458	457	462
404	403	405	460	459	461
400	403	404	456	459	460
476	474	475	476	473	474	597	599	600	598	599	597	705	703	704	705	702	703	827	829	830	828	829	827
476	472	473	465	467	464	465	466	467
477	472	476
477	471	472
478	471	477	825	831	832
478	470	471
479	470	478	611	603	610
480	470	479
480	469	470
480	468	469
464	468	480
464	467	468
484	482	483	484	481	482	490	494	495	589	591	588	589	590	591
485	481	484	588	591	592
485	498	481
486	498	485	815	820	821
486	497	498
487	497	486
488	497	487
488	496	497
489	496	488
489	495	496	585	595	584	815	821	822
490	495	489
491	494	490	811	807	808
491	493	494	492	493	491	583	581	582	583	580	581	719	721	722	720	721	719	811	809	810	811	808	809
500	480	499
501	464	500
502	501	494
502	494	493
469	503	504
506	466	505
489	507	490
468	507	503
503	489	504
479	499	480
503	507	489
503	469	468
509	487	508
488	487	509
467	510	507
506	510	467
501	502	464
510	490	507
470	504	509
491	506	505
467	507	468
490	510	491
506	491	510
469	504	470
505	492	491
467	466	506
505	493	492
465	505	466
502	465	464
493	505	502
505	465	502
494	501	495
500	495	501
499	496	500
464	480	500
479	497	499
511	497	479
500	496	495
497	496	499
509	504	488
489	488	504
470	512	471
474	472	513
473	472	474	580	579	581	609	611	610	682	670	650	679	660	642	702	701	703	714	716	715	796	774	756	808	807	809
515	485	514
472	514	513
514	484	513
508	470	509
512	470	508
482	516	517
512	515	471
518	482	517
481	519	516
478	477	520
514	472	515
516	519	476
471	515	472
517	475	518
497	520	498
485	512	486
518	475	474
486	508	487
485	484	514
483	513	484
518	513	483
474	513	518
482	518	483
475	517	476
516	476	517
519	477	476
482	481	516
478	511	479
498	519	481
519	498	520
485	515	512
497	511	520
508	486	512
477	519	520
511	478	520
525	523	524	525	522	523	531	533	530	657	653	654	664	667	663	753	751	752	753	750	751	759	761	758	759	760	761
526	522	525	530	533	534	658	653	657	663	667	668	754	750	753	758	761	762
526	521	522	530	534	529	658	652	653
527	521	526
527	536	521
528	536	527
529	536	528
529	535	536
529	534	535	659	652	658
531	532	533
552	550	551	553	550	552	540	542	543	541	542	540	780	778	779	781	778	780	768	770	771	769	770	768
553	549	550
554	549	553	647	644	645	637	639	636	637	638	639
554	548	549
555	548	554	538	544	545	635	641	642
555	547	548	538	545	537	783	775	776	766	773	765
556	547	555	537	545	546
556	546	547	537	546	556
539	544	538	648	643	644
539	543	544
540	543	539	768	771	767
558	529	557
559	540	539
528	557	529
561	560	543
561	543	542
560	530	558
538	562	539
534	562	563
563	538	564
536	564	565
563	562	538
563	535	534
567	532	566
539	562	559
535	563	564
565	537	556
533	567	559
560	561	530
540	567	566
533	562	534
567	540	559
533	559	562
535	564	536
566	541	540
533	532	567
566	542	541
531	566	532
561	531	530
542	566	561
566	531	561
543	560	544
558	544	560
557	545	558
530	529	558
528	546	557
568	546	528	793	784	764
558	545	544
546	545	557
565	564	537
538	537	564
570	521	569
571	550	549
573	553	572
572	553	552
573	522	570
573	572	522
548	574	549
526	574	575
575	548	576
528	576	568
575	574	548
575	527	526
536	569	521
574	571	549
527	575	576
568	547	546
577	571	525
577	524	578
550	577	578
525	574	526
577	550	571
525	571	574
527	576	528
578	551	550
525	524	577
578	552	551
523	578	524
572	578	523
552	578	572
522	572	523
553	573	554
570	554	573
569	555	570
522	521	570
536	556	569
565	556	536
570	555	554
556	555	569
568	576	547
548	547	576
583	579	580	713	711	712	713	710	711	719	722	718	817	819	816
584	579	583
584	595	579
585	594	595	813	822	823
586	594	585
586	593	594
587	593	586
587	592	593	813	823	812
588	592	587
608	606	607
608	605	606
609	605	608	706	701	705	693	696	697	839	835	838	826	830	831
609	604	605	706	700	701	693	697	709
610	604	609	707	700	706	709	697	698
610	603	604	707	699	700
612	603	611
612	602	603
612	601	602
596	601	612
596	600	601
597	600	596	705	701	702	694	696	693	694	695	696	838	836	837	838	835	836	827	830	826
613	602	601
614	588	613
615	614	600
615	600	599
612	616	617
619	590	618
612	620	596
592	620	617
611	616	612
586	621	587
617	620	612
617	593	592
616	593	617
591	622	620
619	622	591
614	615	588
622	596	620
616	624	594
616	623	624
611	623	616
597	619	618
591	620	592
596	622	597
619	597	622
618	598	597
591	590	619
618	599	598
589	618	590
615	589	588
599	618	615
618	589	615
600	614	601
613	601	614
594	593	616
621	602	613
588	587	613
625	603	602
621	613	587
602	621	625
586	625	621
624	595	594
581	579	626
628	609	627
579	627	626
627	608	626
624	629	595
606	630	631
629	628	595
632	606	631
605	633	630
585	584	634
627	579	628
630	633	583
595	628	579
631	582	632
625	604	603
629	611	609
632	582	581
611	624	623
629	624	611
609	608	627
607	626	608
632	626	607
581	626	632
606	632	607
582	631	583
630	583	631
633	584	583
606	605	630
585	625	586
604	633	605
633	604	634
609	628	629
625	634	604
584	633	634
625	585	634
647	645	646
648	644	647	636	639	640
649	643	648
649	642	643
650	642	649
635	642	650
635	640	641	783	776	782
636	640	635
656	654	655	657	654	656	664	666	667	665	666	664
659	651	652
660	651	659	661	669	670
660	670	651	661	670	660
662	669	661
662	668	669	755	749	754	757	762	763
663	668	662	754	749	750	758	762	757
672	635	671
673	664	663
675	674	667
675	667	666
674	636	672
650	671	635
662	676	663
640	676	677
677	662	678
642	678	679
677	676	662
677	641	640
681	638	680
663	676	673
641	677	678
679	661	660
639	681	673
674	675	636
664	681	680
639	676	640
681	664	673
639	673	676
641	678	642
680	665	664
639	638	681
680	666	665
637	680	638
675	637	636
666	680	675
680	637	675
667	674	668
672	668	674
671	669	672
636	635	672
650	670	671
672	669	668
670	669	671
679	678	661
662	661	678
684	643	683
685	654	653
687	686	657
687	657	656
686	644	684
642	683	643
652	688	653
648	688	689
689	652	690
650	690	682
689	688	652
689	649	648
692	646	691
653	688	685
649	689	690
682	651	670
647	692	685
686	687	644
654	692	691
647	688	648
692	654	685
647	685	688
649	690	650
691	655	654
647	646	692
691	656	655
645	691	646
687	645	644
656	691	687
691	645	687
657	686	658
684	658	686
683	659	684
644	643	684
642	660	683
684	659	658
660	659	683
682	690	651
652	651	690
708	699	707
709	699	708
709	698	699
714	710	713	718	722	723
714	726	710	718	723	717	812	823	807
715	726	714
715	725	726
716	725	715
717	725	716
717	724	725
717	723	724
727	724	723
728	693	727
729	728	722
729	722	721
717	730	731
733	695	732
717	734	718
697	734	731
716	730	717
708	735	709
731	734	717
731	698	697
730	698	731
696	736	734
733	736	696
728	729	693
736	718	734
730	738	699
730	737	738
716	737	730
719	733	732
696	734	697
718	736	719
733	719	736
732	720	719
696	695	733
732	721	720
694	732	695
729	694	693
721	732	729
732	694	729
722	728	723
727	723	728
699	698	730
735	724	727
693	709	727
739	725	724
735	727	709
724	735	739
708	739	735
738	700	699
703	701	740
742	714	741
701	741	740
741	713	740
738	743	700
711	744	745
743	742	700
746	711	745
710	747	744
707	706	748
741	701	742
744	747	705
700	742	701
745	704	746
739	726	725
743	716	714
746	704	703
716	738	737
743	738	716
714	713	741
712	740	713
746	740	712
703	740	746
711	746	712
704	745	705
744	705	745
747	706	705
711	710	744
707	739	708
726	747	710
747	726	748
714	742	743
739	748	726
706	747	748
739	707	748
755	764	749
756	764	755
757	764	756
757	763	764
781	777	778
782	777	781
782	776	777
784	775	783
784	774	775
765	774	784
765	773	774
766	772	773
767	772	766
767	771	772
786	757	785
787	768	767
789	771	788
788	771	770
789	758	786
789	788	758
766	790	767
762	790	791
791	766	792
764	792	793
791	790	766
791	763	762
756	785	757
790	787	767
763	791	792
793	765	784
794	787	761
794	760	795
768	794	795
761	790	762
794	768	787
761	787	790
763	792	764
795	769	768
761	760	794
795	770	769
759	795	760
788	795	759
770	795	788
758	788	759
771	789	772
786	772	789
785	773	786
758	757	786
756	774	785
786	773	772
774	773	785
793	792	765
766	765	792
798	749	797
799	778	777
764	797	749
801	800	781
801	781	780
800	750	798
776	802	777
754	802	803
803	776	804
756	804	796
803	802	776
803	755	754
806	752	805
777	802	799
755	803	804
796	775	774
753	806	799
800	801	750
778	806	805
753	802	754
806	778	799
753	799	802
755	804	756
805	779	778
753	752	806
805	780	779
751	805	752
801	751	750
780	805	801
805	751	801
781	800	782
798	782	800
797	783	798
750	749	798
764	784	797
798	783	782
784	783	797
796	804	775
776	775	804
812	807	811
814	822	813
815	822	814
816	820	815
816	819	820
817	818	819
839	834	835	826	831	825
840	834	839
840	833	834
841	833	840
824	833	841
824	832	833
825	832	824
843	815	842
844	816	843
845	844	830
845	830	829
821	846	847
849	818	848
825	850	826
820	850	846
846	825	847
814	842	815
846	850	825
846	821	820
852	841	851
824	841	852
819	853	850
849	853	819
844	845	816
853	826	850
822	847	852
827	849	848
819	850	820
826	853	827
849	827	853
821	847	822
848	828	827
819	818	849
848	829	828
817	848	818
845	817	816
829	848	845
848	817	845
830	844	831
843	831	844
842	832	843
816	815	843
814	833	842
854	833	814
843	832	831
833	832	842
852	847	824
825	824	847
822	855	823
809	807	856
858	839	857
807	857	856
857	838	856
851	822	852
855	822	851
836	859	860
855	858	823
861	836	860
835	862	859
813	812	863
857	807	858
859	862	811
823	858	807
860	810	861
854	834	833
839	855	840
861	810	809
840	851	841
839	838	857
837	856	838
861	856	837
809	856	861
836	861	837
810	860	811
859	811	860
862	812	811
836	835	859
813	854	814
834	862	835
862	834	863
839	858	855
854	863	834
851	840	855
812	862	863
854	813	863

#	Normal	777
0.996684	0.0813752	-0
-0.996736	-0.0807285	-0
-0	-0	-1
0.0807697	-0.996733	-0
0.0400729	-0.494517	0.868244
0.0400775	-0.494496	0.868255
-0.0807823	0.996732	-0
0.996733	0.0807621	0
-0.996733	-0.0807613	0
0.0403039	-0.494497	0.868244
0.0395341	-0.494563	0.868242
-0.0796831	0.99682	-0
-0.0395338	0.49456	-0.868244
-0.0403042	0.494501	-0.868242
0.0812353	-0.996695	-0
0.996736	0.0807285	-0
0.0807823	-0.996732	-0
0.0400791	-0.494516	0.868244
0.996733	0.0807613	0
-0.996733	-0.0807621	0
-0.0812353	0.996695	-0
0.0796831	-0.99682	-0
0.0400781	-0.494503	0.868252
0.0395341	-0.494564	0.868242
0.0403039	-0.494498	0.868244
-0.0806271	0.996744	-0
-0.0400032	0.494536	0.868236
0.0806271	-0.996744	-0
-0.996739	-0.0806934	-0
0.996738	0.0807031	-0
-0.0403669	0.494494	0.868243
-0.040304	0.4945	0.868243
0.040304	-0.494499	-0.868243
0.0403669	-0.494494	-0.868243
-0.081362	0.996685	-0
-0.040001	0.494509	0.868252
-0.996738	-0.0807031	-0
0.081362	-0.996685	-0
0.996739	0.0806934	-0
-0.040304	0.494499	0.868243
0.0400032	-0.494536	0.868236
0.040304	-0.494499	0.868243
-0.040304	0.494499	-0.868243
0.040001	-0.494509	0.868252
-0.996788	-0.0800816	-0
0.0806145	-0.996745	-0
0.0399985	-0.494556	0.868225
0.0399948	-0.49451	0.868252
-0.0806145	0.996745	-0
0.996788	0.0800816	-0
-0.0400802	0.494529	0.868236
-0.0403042	0.494502	0.868242
0.0403041	-0.494501	-0.868242
-0.0399989	0.494483	0.868267
-0.0403038	0.494497	0.868244
0.0403038	-0.494497	-0.868244
-0.0403041	0.494501	0.868242
-0.0400759	0.494476	0.868267
0.0400718	-0.494503	0.868252
-0.0807697	0.996733	-0
-0	-0	1
-0.0400781	0.494503	0.868252
0.040074	-0.49453	0.868236
-0.996732	-0.0807809	0
-0.0400228	0.494778	0.868098
-0.0808473	0.996726	-0
0.996755	0.0804906	-0
0.996733	0.0807721	2.2198e-005
0.996734	0.0807596	-0
0.0401271	-0.494513	-0.868243
0.0401115	-0.494515	-0.868243
-0.996732	-0.0807742	-2.16292e-005
-0.0401271	0.494514	0.868243
-0.0401115	0.494515	0.868243
0.996701	0.0811563	-0
0.996688	0.0813149	-0.000122517
-0.996733	-0.0807671	-0
-0.996732	-0.0807803	-2.0002e-005
-0.0807519	0.996734	-0
0.0807676	-0.996733	-0
0.0804593	-0.996758	-0
-0.996758	-0.0804593	0
-0.996735	-0.080738	6.28315e-005
-0.0401116	0.494515	-0.868243
-0.0398767	0.494533	-0.868243
0.996737	0.0807226	-3.53981e-005
0.996738	0.0807022	-0
0.039919	-0.49453	0.868243
0.0398767	-0.494534	0.868243
-0.996742	-0.0806524	0
-0.996756	-0.0804834	0.000130592
0.996735	0.0807462	0
0.996733	0.0807625	-2.47384e-005
0.080746	-0.996735	-0
-0.0807143	0.996737	-0
0.996726	0.0808473	-0
0.996735	0.080737	6.3075e-005
0.0401271	-0.494514	-0.868243
0.0401115	-0.494515	-0.868243
-0.996737	-0.0807237	-3.50998e-005
-0.0399346	0.49453	0.868243
-0.0401115	0.494515	0.868243
0.996698	0.0811974	-0
0.996688	0.0813149	-9.07532e-005
-0.996735	-0.0807462	-0
-0.996733	-0.0807625	-2.47384e-005
-0.0806866	0.99674	-0
0.0807065	-0.996738	-0
0.0808788	-0.996724	-0
-0.0401483	0.494512	-0.868243
0.0401115	-0.494515	0.868243
0.0401483	-0.494512	0.868243
-6.86938e-006	8.46955e-005	1.59912e-008
-0.0808414	0.996727	0.000188206
-0.0808445	0.996727	0.000271938
-0.0808398	0.996727	0.000323829
-0.0807631	0.996733	-0.000353138
-0.0807409	0.996735	0.000223537
-0.0807582	0.996734	0.000353418
-0.0807582	0.996734	-0.000374059
-0.0807655	0.996733	-0.000416226
-0.0807332	0.996736	0.000424941
-0.0807144	0.996737	0.000258928
-0.0808066	0.99673	-0.000760135
0.0808414	-0.996727	0.000188206
0.0808066	-0.99673	-0.000760135
0.0807186	-0.996737	0.000212008
0.0807356	-0.996735	0.00036195
0.0807619	-0.996733	-0.000322971
0.0807582	-0.996734	-0.00035128
0.0807582	-0.996734	0.000523978
0.0807711	-0.996733	0.000348529
0.0807497	-0.996734	-4.70005e-006
0.0807631	-0.996733	-0.000353138
0.0808339	-0.996728	0.000271579
0.0808475	-0.996726	0.000355606
6.86883e-006	-8.46612e-005	1.15356e-008
-0.86943	0.192323	0.455086
-0.67751	0.323687	0.66046
-0.436492	0.419422	0.795965
-0.433019	0.420466	0.79731
0.870933	0.296385	0.39196
0.044634	0.499447	0.865194
0.836958	0.321149	0.443131
0.703716	0.39527	0.590378
0.886452	0.280963	0.367781
-0.877369	0.184701	0.442842
0.716123	0.388583	0.579803
0.898487	0.271502	0.344974
-2.51512e-006	-2.61684e-006	-4.20905e-006
0.836621	0.321892	0.443227
0.440831	0.474116	0.762156
0.302121	0.493461	0.81561
-0.464095	0.412009	0.784133
0.473358	0.466805	0.747011
0.978636	0.156042	0.133875
0.0497573	0.498571	0.86542
0.359317	0.486502	0.796371
0.197201	0.498532	0.844143
0.205584	0.498143	0.842371
0.898175	0.272009	0.345388
0.19714	0.4992	0.843762
0.358918	0.486694	0.796434
-0.433164	0.422087	0.796374
-0.27489	0.462012	0.843196
-0.274859	0.462483	0.842948
-0.202717	0.473966	0.856891
-0.212702	0.473951	0.854475
-0.43297	0.420502	0.797317
-0.672953	0.326181	0.663882
-0.854061	0.20406	0.478476
-0.877078	0.184915	0.443329
-0.983283	0.0238209	0.180519
1.17247e-005	-7.62898e-006	-1.49642e-005
-0.930627	0.122109	0.344997
-0.930462	0.121651	0.345604
0.985346	0.136995	0.101612
0.837256	0.320463	0.443065
0.877856	-0.181127	-0.443352
0.274995	-0.460204	-0.844151
6.10352e-010	-7.53021e-009	-8.88199e-018
0.644557	-0.340287	-0.684654
0.435649	-0.420701	-0.795751
0.432897	-0.422878	-0.7961
-1.98541e-006	1.23327e-006	2.43176e-006
0.976858	-0.0411809	-0.209888
-0.239574	-0.498453	-0.833156
0.862822	-0.195476	-0.466183
-0.0944968	-0.501958	-0.859714
-0.501864	-0.460297	-0.732297
-0.899074	-0.26961	-0.344929
0.648695	-0.338387	-0.681681
-0.485107	-0.462955	-0.741852
0.877581	-0.181539	-0.443728
-0.071897	-0.50059	-0.862694
-0.835837	-0.323732	-0.443368
0.930237	-0.123775	-0.345455
0.275021	-0.460791	-0.843822
0.930599	-0.122371	-0.344979
0.43262	-0.42296	-0.796207
0.432661	-0.422949	-0.79619
0.186043	-0.477085	-0.85894
0.189445	-0.476079	-0.858754
-0.196931	-0.5001	-0.843278
-0.359481	-0.484909	-0.797269
-0.333493	-0.488005	-0.806618
-0.359449	-0.485384	-0.796993
-0.196859	-0.500407	-0.843113
-0.898393	-0.270957	-0.345647
-0.836482	-0.322638	-0.442948
-0.736414	-0.381716	-0.558559
0.829624	-0.225576	-0.510725
-0.941747	-0.22143	-0.253143
0.967868	-0.062239	-0.243635
-0.721125	-0.387763	-0.574124
-0.935365	-0.229382	-0.269213
-0.996743	-0.080643	-0.000599836
-0.99674	-0.0806809	0.000588725
-0.996733	-0.0807609	-0.000429237
-0.996726	-0.0808464	0.000440241
-0.996726	-0.0808503	0.000322586
-0.996733	-0.080766	-0.000408041
-0.996733	-0.080766	0.000272408
-0.996736	-0.0807332	0.000489475
-0.996733	-0.0807631	-0.000406721
-0.996744	-0.0806331	-0.000473605
7.35307e-005	5.96384e-006	1.59912e-008
0.996735	0.0807187	0.00177681
0.996743	0.080643	-0.000599897
0.996744	0.0806355	-0.000503908
0.996736	0.0807332	0.00048942
0.996734	0.0807531	-0.00010554
0.996735	0.0807378	-0.000395795
0.996741	0.080669	0.000675036
0.996738	0.0807085	0.000238152
0.99673	0.0808035	-0.000971821
0.996727	0.0808414	0.000216722
0.0430691	-0.850944	0.523488
0.000469343	0.23759	0.971366
0.0431685	-0.858998	0.510156
0.0535833	-0.398381	0.915654
0.0533696	-0.394192	0.917477
0.0533373	-0.648269	0.759541
-0.059752	0.857895	0.510339
-0.0561683	0.730514	0.680584
-0.0495849	0.90515	0.42219
-0.0798312	0.984585	0.155627
-0.0345658	0.74276	0.668665
-0.0868132	0.913608	0.39722
-0.00389553	0.0804455	0.996751
-0.0435343	0.505501	0.861727
-0.0872358	0.887276	0.452914
-0.0694379	0.857303	0.510108
-0.0464296	0.335061	0.941052
0.0338706	-0.428546	0.902885
0.0159077	0.0835661	0.996375
-0.0436413	0.394992	0.917647
0.000499272	0.242912	0.970048
-0.058205	0.471628	0.879874
-0.0910099	0.913165	0.397299
-0.0127284	0.236503	0.971547
-0.0456963	0.395075	0.917511
0.0243118	-0.39663	0.917657
0.00642677	-0.236886	0.971516
-0.00139384	-0.23766	0.971347
0.0253051	-0.163709	0.986184
-0.00387256	-0.17862	0.98391
0.0529148	-0.394204	0.917498
0.0506397	-0.643704	0.763597
0.0818873	-0.833759	0.546023
0.0443559	-0.858895	0.510228
0.0790506	-0.975581	0.20492
0	-0	7.96021e-007
0.0780427	-0.91436	0.397311
0.089086	-0.913379	0.397244
-0.0650352	0.990767	0.118956
-0.0503866	0.858453	0.51041
-0.0945318	0.847169	-0.522847
0.0387245	-0.234431	-0.971361
-0.0112331	0.401616	-0.915739
-0.010792	0.397648	-0.917474
-0.0517529	0.648365	-0.759568
-0.0355704	0.428223	-0.902973
0.0791438	-0.856302	-0.510376
0.0621369	-0.729696	-0.680943
0.0968499	-0.901736	-0.421299
0.0797415	-0.984572	-0.155752
0.0854749	-0.738335	-0.668996
0.0613648	-0.915646	-0.397275
-0.0956727	0.85475	-0.510146
0.0384379	-0.506098	-0.861619
0.0567883	-0.890181	-0.452054
0.0694848	-0.857299	-0.510108
0.00810304	-0.338039	-0.941097
0.0091017	-0.0800083	-0.996753
0.0291519	-0.0798942	-0.996377
0.0205246	-0.396869	-0.917646
0.0395936	-0.239576	-0.97007
0.0184861	-0.474999	-0.879792
0.057224	-0.915928	-0.397243
0.0255085	-0.235467	-0.971548
0.0184771	-0.397087	-0.917595
-0.0398524	0.395368	-0.917658
-0.0318006	0.234943	-0.971489
-0.0325847	0.17571	-0.983903
-0.00138354	0.16568	-0.986179
-0.0396381	0.234334	-0.971348
-0.0112212	0.397569	-0.917504
-0.0536366	0.643539	-0.763532
-0.0534607	0.836472	-0.545395
-0.0945413	0.854818	-0.510243
-0.0790436	0.975527	-0.205179
0	-0	-1.13525e-006
-0.0701511	0.915	-0.397308
-0.0591472	0.915801	-0.397254
0.0953072	-0.98829	-0.119165
0.088464	-0.855367	-0.510413
0.080643	-0.996743	-0.000520806
0.080684	-0.99674	0.000594638
0.0807668	-0.996733	-0.000320472
0.0807409	-0.996735	0.000223534
0.0807582	-0.996734	0.000353389
0.0807582	-0.996734	-0.000413454
0.0807638	-0.996733	-0.000371176
0.0807332	-0.996736	0.000424946
0.0807144	-0.996737	0.000258924
-0.0806591	0.996742	-0.000463451
-0.0806492	0.996742	-0.000353832
-0.0806809	0.99674	0.00051113
-0.0807085	0.996738	0.000206758
-0.0806499	0.996742	-0.000310459
-0.0806544	0.996742	-0.000427714
-0.0807582	0.996734	-0.000324917
-0.0806499	0.996742	0.000295751
-0.0806596	0.996742	-0.000309118
-0.0807186	0.996737	0.000212016
-0.080684	0.99674	0.000594652
-0.080643	0.996743	-0.000520785
0.930366	-0.122516	0.345555
0.677793	-0.323572	0.660226
0.436388	-0.419529	0.795965
0.432577	-0.420675	0.797439
-0.883404	-0.283712	0.372968
-0.0446452	-0.499451	0.865191
-0.836954	-0.321138	0.443146
-0.703934	-0.395151	0.590197
-0.836767	-0.320828	0.443724
0.877362	-0.184658	0.442874
-0.716293	-0.388537	0.579624
-0.898513	-0.271409	0.344981
-0.88061	-0.288009	0.376268
-0.440597	-0.474087	0.76231
-0.301852	-0.493422	0.815733
0.463984	-0.412062	0.784171
-0.473183	-0.466811	0.747118
-0.980675	-0.150833	0.124601
-0.980637	-0.150934	0.124777
-0.98074	-0.150668	0.124291
-0.0495957	-0.498618	0.865402
-0.35938	-0.486448	0.796376
-0.197312	-0.498566	0.844097
-0.205382	-0.498193	0.842391
-0.197138	-0.499208	0.843758
-0.358936	-0.486636	0.796461
0.432769	-0.422198	0.79653
0.274842	-0.462001	0.843218
0.274862	-0.462439	0.842972
0.202769	-0.473996	0.856862
0.212867	-0.473883	0.854472
0.43318	-0.420513	0.797198
0.6733	-0.326027	0.663606
-0.898227	-0.271821	0.345401
0.855109	-0.203324	0.476915
0.877083	-0.18488	0.443334
0.930563	-0.122469	0.345041
0.87129	-0.190514	0.452282
0.963779	-0.068576	0.257737
0.98367	-0.0227104	0.178541
-0.877579	0.182996	-0.443133
-0.27499	0.46027	-0.844116
-0.64398	0.340595	-0.685044
-0.435706	0.420712	-0.795715
-0.43301	0.422804	-0.796077
-0.942428	0.103912	-0.317855
0.239599	0.498391	-0.833186
-0.863336	0.195116	-0.465383
0.0945792	0.501903	-0.859737
0.502513	0.460131	-0.731956
0.899077	0.2696	-0.344929
-0.648092	0.338705	-0.682097
0.485806	0.462837	-0.741468
-0.877599	0.181627	-0.443657
0.0719412	0.50058	-0.862696
0.83666	0.321825	-0.443202
-0.930361	0.123608	-0.34518
-0.274585	0.460915	-0.843896
3.56097e-006	-3.1121e-006	5.93134e-006
-0.976779	0.0414238	-0.210209
-0.432644	0.422913	-0.796218
-0.432648	0.422914	-0.796216
-0.186192	0.47708	-0.858911
-0.189606	0.476094	-0.858711
0.196939	0.500066	-0.843297
0.359471	0.484939	-0.797255
0.33337	0.488055	-0.806639
0.359494	0.485386	-0.796972
0.196777	0.50036	-0.84316
0.898423	0.27089	-0.345622
0.83651	0.322549	-0.442959
0.735953	0.381845	-0.559078
-0.830174	0.225171	-0.510009
0.902346	0.268197	-0.337405
0.720604	0.387965	-0.574641
0.953061	0.204563	-0.223224
0.996744	0.0806331	-0.00047363
0.99674	0.0806809	0.000588739
0.996742	0.0806499	-0.000357568
0.996742	0.0806544	-0.000492633
0.996733	0.080766	0.00047517
0.996733	0.080766	0.00027242
0.996733	0.0807631	-0.000406742
0.996733	0.0807609	-0.000429199
-7.35175e-005	-5.93378e-006	-9.0332e-008
-0.996737	-0.0807117	0.00113001
-0.99674	-0.0806794	0.000512783
-0.996733	-0.080766	-0.000834668
-0.996743	-0.0806436	-0.000170678
-0.996742	-0.0806499	-0.000357568
-0.996738	-0.0807085	0.000238131
-0.043032	0.850943	0.523492
-0.000478006	-0.237532	0.97138
-0.0535428	0.398404	0.915646
-0.0533308	0.394246	0.917456
-0.0532983	0.648284	0.759531
-0.0431312	0.85899	0.510172
0.0597058	-0.857918	0.510306
0.0561203	-0.730533	0.680567
0.0495427	-0.905146	0.422204
0.0797123	-0.984743	0.154681
0.0345384	-0.74278	0.668644
0.0867367	-0.913607	0.397239
0.0038965	-0.0804043	0.996755
0.0435043	-0.505545	0.861703
0.0871583	-0.887272	0.452937
0.0694054	-0.857191	0.5103
0.0463888	-0.335002	0.941075
-0.0338474	0.428557	0.902881
-0.0159041	-0.0835106	0.99638
0.0436037	-0.394996	0.917648
-0.000507915	-0.242858	0.970062
0.0581637	-0.471679	0.87985
0.0909327	-0.913181	0.397281
0.0127174	-0.236504	0.971547
0.0456585	-0.394867	0.917603
-0.0242878	0.396578	0.91768
-0.00644137	0.236998	0.971489
0.00139904	0.237602	0.971361
-0.0252796	0.163677	0.98619
0.0038745	0.178591	0.983916
-0.0528679	0.394183	0.91751
-0.0505948	0.643706	0.763598
-0.0818201	0.833773	0.546012
-0.0443213	0.858916	0.510194
-0.0789837	0.975581	0.204948
-0.0779784	0.914382	0.397271
-0.089011	0.913365	0.397292
0.0649977	-0.99087	0.118121
0.0503432	-0.858492	0.51035
0.0944581	-0.847136	-0.522913
-0.0386912	0.234358	-0.97138
0.011224	-0.401619	-0.915738
0.0107829	-0.397649	-0.917474
0.051708	-0.648401	-0.759541
0.0955982	-0.854718	-0.510213
-0.0790747	0.856327	-0.510344
-0.0620874	0.7297	-0.680942
-0.0967699	0.901757	-0.421272
-0.0797112	0.984642	-0.155325
-0.0854028	0.738331	-0.669009
-0.0613143	0.915661	-0.397247
-0.00909408	0.0799652	-0.996756
-0.0384049	0.506139	-0.861596
-0.0567417	0.890192	-0.452038
-0.0694018	0.857191	-0.5103
-0.00809052	0.338006	-0.941109
0.0355368	-0.428229	-0.902971
-0.0291296	0.0798511	-0.996381
-0.0205083	0.39687	-0.917646
-0.0395621	0.239517	-0.970086
-0.0184704	0.475035	-0.879773
-0.0571762	0.91592	-0.397267
-0.0254911	0.235356	-0.971575
-0.0184897	0.397245	-0.917526
0.0398814	-0.39572	-0.917505
0.0317762	-0.234832	-0.971516
0.0396019	-0.234279	-0.971362
0.00138116	-0.16565	-0.986184
0.0325583	-0.175687	-0.983907
0.011212	-0.397564	-0.917506
0.0535988	-0.643552	-0.763523
0.0534141	-0.836443	-0.545445
0.0944676	-0.854874	-0.510162
0.0789798	-0.975532	-0.205181
0.0700993	-0.915019	-0.397274
0.0590966	-0.915793	-0.39728
-0.0952309	0.988348	-0.11874
-0.0884032	0.855457	-0.510272
-0.080766	0.996733	0.000412567
-0.080766	0.996733	-0.000369995
-0.08062	0.996745	0.000467663
0.0806809	-0.99674	0.00051113
0.0807085	-0.996738	0.000206758
0.0806499	-0.996742	-0.000310459
0.0806544	-0.996742	-0.000427714
0.080766	-0.996733	0.000412567
0.080766	-0.996733	-0.000369995
0.0806499	-0.996742	0.000295751
0.0806584	-0.996742	-0.000235184
-0.930689	0.12208	0.344841
-0.677402	0.323774	0.660528
-0.43654	0.419483	0.795906
-0.432962	0.42056	0.797291
0.883701	0.283447	0.372466
0.0445423	0.499446	0.865199
0.836954	0.32114	0.443145
0.703567	0.395308	0.590529
0.837041	0.320634	0.443347
-0.877378	0.184643	0.442849
0.715905	0.388712	0.579986
0.898601	0.271322	0.344819
0.880908	0.287745	0.37577
0.440946	0.474025	0.762146
0.301743	0.493435	0.815765
-0.464076	0.41203	0.784133
0.473632	0.466717	0.746892
0.980434	0.151464	0.125727
0.980473	0.151362	0.125548
0.980374	0.151618	0.126015
0.0494869	0.498614	0.865411
0.358956	0.486502	0.796534
0.197313	0.498564	0.844098
0.205125	0.498203	0.842447
0.197138	0.499209	0.843758
0.359143	0.48661	0.796384
-0.432383	0.422312	0.796679
-0.274892	0.46199	0.843208
-0.274862	0.462438	0.842972
-0.202825	0.473988	0.856853
-0.212915	0.473874	0.854465
-0.432982	0.420575	0.797273
-0.672797	0.326288	0.663988
0.898456	0.271597	0.344982
-0.855549	0.202932	0.476293
-0.877334	0.184636	0.442939
-0.930564	0.122465	0.345042
-0.871724	0.190101	0.451619
-0.963626	0.0688709	0.258226
-0.983592	0.0229516	0.178944
0.877633	-0.182939	-0.443051
0.274921	-0.460283	-0.844132
0.644378	-0.340402	-0.684765
0.435742	-0.4207	-0.795701
0.43304	-0.422796	-0.796065
0.942389	-0.103967	-0.317952
-0.239668	-0.498385	-0.833169
0.862952	-0.195468	-0.465947
-0.0947389	-0.501904	-0.859719
-0.502146	-0.460215	-0.732155
-0.899068	-0.269612	-0.344943
0.648538	-0.338488	-0.681781
-0.485441	-0.462916	-0.741657
0.877813	-0.181418	-0.443318
-0.0721743	-0.500587	-0.862672
-0.836659	-0.321831	-0.443201
0.930497	-0.123427	-0.344878
0.274969	-0.460837	-0.843813
-7.4384e-006	-4.67181e-006	-7.09851e-006
0.976838	-0.041281	-0.209962
0.432644	-0.422914	-0.796218
0.43245	-0.422975	-0.796291
0.185885	-0.477128	-0.858951
0.189304	-0.476141	-0.858751
-0.196939	-0.500065	-0.843297
-0.359847	-0.48489	-0.797115
-0.333455	-0.488044	-0.80661
-0.3593	-0.485411	-0.797044
-0.196871	-0.500356	-0.843141
-0.898733	-0.270585	-0.345055
-0.836509	-0.322552	-0.442959
-0.736532	-0.381563	-0.558508
0.829757	-0.225507	-0.51054
-0.902067	-0.268474	-0.337931
-0.721222	-0.387681	-0.574057
-0.952806	-0.204959	-0.223946
-0.996742	-0.0806544	-0.000492633
-0.996733	-0.080766	0.00047517
-0.996733	-0.080766	-0.000426153
-0.996745	-0.08062	0.000538626
0.996726	0.0808575	0.000283023
0.996726	0.0808544	0.00018662
0.996727	0.0808398	0.000372965
0.996736	0.0807342	-0.000465713
0.996733	0.0807582	-0.00083943
0.996733	0.0807582	0.000855405
0.996732	0.0807831	0.000467766
0.996733	0.0807655	-0.000479359
0.996727	0.080844	0.000318842
0.996727	0.0808445	0.000313202
0.0430291	-0.850945	0.52349
0.000496334	0.237534	0.971379
0.0535345	-0.398377	0.915658
0.0533214	-0.394197	0.917478
0.0532977	-0.648311	0.759508
0.0338438	-0.428538	0.90289
-0.0597078	0.857918	0.510306
-0.0561001	0.730053	0.681084
-0.0495316	0.905589	0.421254
-0.0797112	0.98473	0.154769
-0.0344553	0.742349	0.669127
-0.0868009	0.913601	0.397239
0.0431281	-0.858977	0.510195
-0.043528	0.505935	0.861472
-0.0872165	0.887725	0.452037
-0.0693959	0.856624	0.511253
-0.0463908	0.334811	0.941142
-0.00389615	0.0804016	0.996755
0.0159021	0.0835214	0.996379
-0.043597	0.394996	0.917648
0.00052562	0.242678	0.970107
-0.0582169	0.471997	0.879676
-0.0909259	0.913181	0.397281
-0.0127174	0.236504	0.971547
-0.0456585	0.394867	0.917603
0.0242878	-0.396578	0.91768
0.00644093	-0.236998	0.971489
-0.00387459	-0.178589	0.983916
0.0252796	-0.16369	0.986188
-0.00139904	-0.237602	0.971361
0.0528931	-0.394366	0.91743
0.0506367	-0.643804	0.763513
0.0818103	-0.833777	0.546006
0.0443203	-0.85893	0.510171
0.0789776	-0.975568	0.20501
0.0779911	-0.914085	0.397953
0.089	-0.913366	0.397292
-0.0649958	0.990862	0.11819
-0.050343	0.858509	0.510321
-0.0944595	0.846788	-0.523477
0.0387063	-0.234356	-0.97138
-0.0956514	0.854713	-0.510212
-0.011224	0.401626	-0.915735
-0.0108233	0.398019	-0.917313
-0.051701	0.648345	-0.759589
0.0790935	-0.856086	-0.510746
0.062083	-0.729699	-0.680945
0.0967699	-0.901757	-0.421272
0.0797124	-0.984656	-0.155237
0.0854028	-0.738331	-0.669009
0.06131	-0.915661	-0.397247
0.00908794	-0.0799652	-0.996756
0.0384406	-0.506194	-0.861562
0.0567375	-0.890191	-0.452041
0.0693931	-0.85717	-0.510338
0.00809015	-0.338007	-0.941109
-0.0355363	0.428249	-0.902962
0.0291327	-0.0798511	-0.996381
0.0205069	-0.39687	-0.917646
0.0395722	-0.239484	-0.970093
0.0184692	-0.475033	-0.879774
0.0571719	-0.915921	-0.397267
0.025501	-0.235468	-0.971548
0.0184559	-0.397062	-0.917606
-0.0398368	0.395316	-0.917681
-0.0317724	0.234945	-0.971489
-0.0396019	0.234279	-0.971362
-0.00139191	0.165653	-0.986183
-0.0325563	0.175671	-0.983911
-0.011212	0.397564	-0.917506
-0.0535894	0.643501	-0.763567
-0.0533317	0.836042	-0.546067
-0.0944699	0.854874	-0.510162
-0.0790133	0.975618	-0.20476
-0.0700937	0.915019	-0.397274
-0.0590181	0.915521	-0.397918
0.0952256	-0.988359	-0.11865
0.0883978	-0.855427	-0.510325
0.0808035	-0.99673	-0.000843664
0.080669	-0.996741	-0.00031767
0.080669	-0.996741	0.000186369
0.0806456	-0.996743	-0.000432236
0.0806461	-0.996743	-0.000437336
0.0805204	-0.996753	0.000834022
-0.0807609	0.996733	-0.000372663
-0.0808464	0.996726	0.00038226
-0.0808503	0.996726	0.00028009
-0.080766	0.996733	-0.000354262
-0.080766	0.996733	-0.00028046
-0.0807127	0.996737	0.0004327
-0.0807249	0.996736	0.000639079
0.869695	-0.192119	0.454665
0.677347	-0.32377	0.660586
0.436226	-0.41947	0.796085
0.432617	-0.420555	0.797481
-0.871076	-0.296288	0.391714
-0.0448029	-0.499451	0.865183
-0.836854	-0.321207	0.443284
-0.70326	-0.395465	0.59079
-0.886775	-0.280632	0.367254
0.877308	-0.184808	0.442918
-0.71574	-0.388715	0.580187
-0.898151	-0.27185	0.345575
5.69233e-007	-4.27539e-006	7.53796e-006
-0.836791	-0.32177	0.442996
-0.441066	-0.474105	0.762027
-0.302225	-0.493482	0.815558
0.463732	-0.412127	0.784286
-0.47362	-0.466754	0.746877
-0.978495	-0.156391	0.134493
-0.0500497	-0.498545	0.865418
-0.359312	-0.48652	0.796362
-0.197316	-0.498496	0.844137
-0.205661	-0.498107	0.842373
-0.89849	-0.271728	0.34479
-0.197143	-0.499187	0.84377
-0.358875	-0.486723	0.796435
0.432743	-0.422227	0.796529
0.274709	-0.462067	0.843225
0.274881	-0.462509	0.842927
0.202871	-0.473921	0.856879
0.212772	-0.473966	0.85445
0.432998	-0.420461	0.797324
0.672764	-0.326281	0.664025
0.85427	-0.203851	0.478192
0.877378	-0.184667	0.442839
0.983331	-0.0236776	0.180276
3.83499e-006	-9.32597e-006	1.68091e-005
0.930621	-0.12211	0.345012
0.930742	-0.121246	0.34499
-0.984912	-0.138295	0.104034
-0.837132	-0.320522	0.443257
-0.877865	0.18107	-0.443359
-0.27496	0.460178	-0.844176
-0.64458	0.340275	-0.684638
-0.435559	0.420724	-0.795788
-0.432779	0.422948	-0.796126
-4.14425e-006	-4.74018e-007	2.41089e-007
-0.976817	0.0412783	-0.21006
0.239234	0.498504	-0.833223
-0.862838	0.195415	-0.46618
0.0944679	0.501989	-0.859699
0.502157	0.460226	-0.732141
0.898972	0.26969	-0.345133
-0.648757	0.338361	-0.681636
0.485325	0.46287	-0.741762
-0.877839	0.181243	-0.443339
0.071927	0.500597	-0.862687
0.836749	0.321802	-0.443051
-0.930512	0.123433	-0.344836
-0.275022	0.460775	-0.84383
-0.930592	0.122387	-0.344992
-0.432633	0.422991	-0.796183
-0.432439	0.423051	-0.796256
-0.185948	0.477095	-0.858955
-0.18935	0.476075	-0.858778
0.196927	0.500115	-0.84327
0.359612	0.484865	-0.797236
0.333125	0.488016	-0.806764
0.359537	0.485358	-0.79697
0.196866	0.500432	-0.843097
0.898815	0.27054	-0.344876
0.836364	0.322738	-0.443097
0.735941	0.381983	-0.558999
-0.829581	0.225609	-0.510779
0.954442	0.203962	-0.217805
-0.968141	0.0617019	-0.242683
0.720696	0.387965	-0.574526
0.935685	0.228958	-0.268462

#	Mesh	0	End

