#	Mesh	0	Begin

#	Vertex	24
62.9382	80.0171	-5.371
62.9382	80.0171	-5.931
63.0235	78.9606	-5.931
63.0235	78.9606	-5.371
62.9412	80.0174	-5.371
63.0265	78.9608	-5.371
63.0265	78.9608	-5.931
62.9412	80.0174	-5.931
62.9436	79.9875	-5.401
62.9436	79.9875	-5.901
63.024	78.9907	-5.901
63.024	78.9907	-5.401
64.1468	80.0846	-5.501
64.187	79.5862	-5.501
64.187	79.5862	-5.901
64.1468	80.0846	-5.901
64.1448	80.1095	-5.476
64.1448	80.1095	-5.926
64.189	79.5613	-5.926
64.189	79.5613	-5.476
64.1478	80.1097	-5.476
64.192	79.5615	-5.476
64.192	79.5615	-5.926
64.1478	80.1097	-5.926

#	Triangle	14
3	1	2	0	1	3
7	5	6	4	5	7
7	0	4	1	0	7	23	16	20	17	16	23
6	1	7	2	1	6	9	14	10	15	14	9	22	17	23	18	17	22
5	2	6	3	2	5
4	3	5	0	3	4	20	19	21	16	19	20
11	9	10	8	9	11	19	17	18	16	17	19
15	13	14	12	13	15
8	15	9	12	15	8
10	13	11	14	13	10
11	12	8
13	12	11
23	21	22	20	21	23
21	18	22	19	18	21

#	Normal	14
-0.996759	-0.0804431	-0
0.996759	0.0804431	-0
-0.0807809	0.996732	-0
-0	-0	-1
0.0807809	-0.996732	-0
-0	0	1
-0.996759	-0.0804409	-0
0.99676	0.080437	-0
-0.0804415	0.996759	-0
0.455764	-0.890101	-0
0.0822923	0.00664119	0.996586
0.0822926	0.00664089	0.996586
0.996759	0.0804484	-0
0.0806761	-0.99674	-0

#	Mesh	0	End

