#	Mesh	0	Begin

#	Vertex	598
83.7848	5.1755	-2.98681
83.7839	5.18746	-2.98681
83.7839	5.18746	-2.00891
83.7848	5.1755	-2.00306
83.735	5.17146	-2.98681
83.735	5.17146	-2.00306
83.734	5.18342	-2.00891
83.734	5.18342	-2.98681
83.6932	5.97671	-2.58651
83.7577	5.17932	-2.19479
83.7577	5.17932	-2.83965
83.6932	5.97671	-3.23137
83.6882	5.97631	-2.58651
83.6882	5.97631	-3.23137
83.7527	5.17892	-2.83965
83.7527	5.17892	-2.19479
83.7203	5.97289	-3.28421
83.7193	5.98485	-3.28421
83.7193	5.98485	-2.40076
83.7203	5.97289	-2.39488
83.6704	5.96885	-3.28421
83.6704	5.96885	-2.39488
83.6695	5.98081	-2.40076
83.6695	5.98081	-3.28421
83.6286	6.7741	-2.97824
83.6932	5.97671	-3.28576
83.6286	6.7741	-3.67748
83.6236	6.7737	-2.97824
83.6236	6.7737	-3.67748
83.6882	5.97631	-3.28576
83.6557	6.77028	-3.73032
83.6548	6.78224	-3.73032
83.6548	6.78224	-2.79248
83.6557	6.77028	-2.7866
83.6059	6.76624	-3.73032
83.6059	6.76624	-2.7866
83.6049	6.7782	-2.79248
83.6049	6.7782	-3.73032
83.564	7.57149	-3.36932
83.6286	6.7741	-2.97904
83.6286	6.7741	-3.58388
83.564	7.57149	-3.97416
83.559	7.57109	-3.36932
83.559	7.57109	-3.97416
83.6236	6.7737	-3.58388
83.6236	6.7737	-2.97904
83.5912	7.56767	-4.17643
83.5902	7.57963	-4.17643
83.5902	7.57963	-3.1842
83.5912	7.56767	-3.17833
83.5413	7.56363	-4.17643
83.5413	7.56363	-3.17833
83.5404	7.57559	-3.1842
83.5404	7.57559	-4.17643
83.4995	8.36888	-3.76168
83.564	7.57149	-3.36996
83.564	7.57149	-4.02927
83.4995	8.36888	-4.42099
83.4945	8.36848	-3.76168
83.4945	8.36848	-4.42099
83.559	7.57109	-4.02927
83.559	7.57109	-3.36996
83.5266	8.36506	-4.47383
83.5256	8.37702	-4.47383
83.5256	8.37702	-3.57592
83.5266	8.36506	-3.57005
83.4768	8.36102	-4.47383
83.4768	8.36102	-3.57005
83.4758	8.37298	-3.57592
83.4758	8.37298	-4.47383
83.4804	8.93533	-4.62253
83.4795	8.94729	-4.62253
83.4795	8.94729	-3.75269
83.4804	8.93533	-3.75269
83.4306	8.93129	-4.62253
83.4306	8.93129	-3.75269
83.4296	8.94325	-3.75269
83.4296	8.94325	-4.62253
83.3887	9.73654	-3.94253
83.4533	8.93915	-3.94253
83.4533	8.93915	-4.52253
83.3887	9.73654	-4.52253
83.3838	9.73614	-3.94253
83.3838	9.73614	-4.52253
83.4483	8.93875	-4.52253
83.4483	8.93875	-3.94253
83.4159	9.73272	-4.62253
83.4149	9.74468	-4.62253
83.4149	9.74468	-3.75269
83.4159	9.73272	-3.75269
83.366	9.72868	-4.62253
83.366	9.72868	-3.75269
83.3651	9.74064	-3.75269
83.3651	9.74064	-4.62253
83.3676	10.3289	-4.91994
83.3666	10.3409	-4.91994
83.3666	10.3409	-3.95743
83.3676	10.3289	-3.95148
83.3178	10.3249	-4.91994
83.3178	10.3249	-3.95148
83.3168	10.3368	-3.95743
83.3168	10.3368	-4.91994
83.2759	11.1301	-4.53966
83.3405	10.3327	-4.14312
83.3405	10.3327	-4.77037
83.2759	11.1301	-5.16691
83.2709	11.1297	-4.53966
83.2709	11.1297	-5.16691
83.3355	10.3323	-4.77037
83.3355	10.3323	-4.14312
83.303	11.1263	-5.21734
83.3021	11.1383	-5.21734
83.3021	11.1383	-4.35397
83.303	11.1263	-4.34802
83.2532	11.1223	-5.21734
83.2532	11.1223	-4.34802
83.2522	11.1342	-4.35397
83.2522	11.1342	-5.21734
83.2113	11.9275	-4.9362
83.2759	11.1301	-5.21648
83.2113	11.9275	-5.61301
83.2064	11.9271	-4.9362
83.2064	11.9271	-5.61301
83.2709	11.1297	-5.21648
83.2385	11.9237	-5.66345
83.2375	11.9357	-5.66345
83.2375	11.9357	-4.75051
83.2385	11.9237	-4.74456
83.1886	11.9197	-5.66345
83.1886	11.9197	-4.74456
83.1877	11.9316	-4.75051
83.1877	11.9316	-5.66345
83.1468	12.7249	-5.332
83.2113	11.9275	-4.93691
83.2113	11.9275	-5.51461
83.1468	12.7249	-5.90969
83.1418	12.7245	-5.332
83.1418	12.7245	-5.90969
83.2064	11.9271	-5.51461
83.2064	11.9271	-4.93691
83.1739	12.7211	-6.10955
83.1729	12.7331	-6.10955
83.1729	12.7331	-5.14705
83.1739	12.7211	-5.1411
83.1241	12.7171	-6.10955
83.1241	12.7171	-5.1411
83.1231	12.729	-5.14705
83.1231	12.729	-6.10955
83.0822	13.5223	-5.72928
83.1468	12.7249	-5.33274
83.1468	12.7249	-5.95999
83.0822	13.5223	-6.35652
83.0772	13.5219	-5.72928
83.0772	13.5219	-6.35652
83.1418	12.7245	-5.95999
83.1418	12.7245	-5.33274
83.1093	13.5185	-6.40696
83.1084	13.5304	-6.40696
83.1084	13.5304	-5.54359
83.1093	13.5185	-5.53764
83.0595	13.5144	-6.40696
83.0595	13.5144	-5.53764
83.0585	13.5264	-5.54359
83.0585	13.5264	-6.40696
83.0177	14.3197	-6.12582
83.0822	13.5223	-6.40609
83.0177	14.3197	-6.80263
83.0127	14.3193	-6.12582
83.0127	14.3193	-6.80263
83.0772	13.5219	-6.40609
83.0448	14.3159	-6.85306
83.0438	14.3278	-6.85306
83.0438	14.3278	-5.94013
83.0448	14.3159	-5.93418
82.9949	14.3118	-6.85306
82.9949	14.3118	-5.93418
82.994	14.3238	-5.94013
82.994	14.3238	-6.85306
82.9964	14.9139	-7.00177
82.9954	14.9259	-7.00177
82.9954	14.9259	-6.13192
82.9964	14.9139	-6.13192
82.9465	14.9099	-7.00177
82.9465	14.9099	-6.13192
82.9455	14.9218	-6.13192
82.9455	14.9218	-7.00177
82.9047	15.7151	-6.32177
82.9692	14.9177	-6.32177
82.9692	14.9177	-6.90177
82.9047	15.7151	-6.90177
82.8997	15.7147	-6.32177
82.8997	15.7147	-6.90177
82.9643	14.9173	-6.90177
82.9643	14.9173	-6.32177
82.9318	15.7113	-7.00177
82.9308	15.7233	-7.00177
82.9308	15.7233	-6.13192
82.9318	15.7113	-6.13192
82.882	15.7073	-7.00177
82.882	15.7073	-6.13192
82.881	15.7192	-6.13192
82.881	15.7192	-7.00177
82.8955	16.1598	-7.15047
82.8945	16.1718	-7.15047
82.8945	16.1718	-6.26231
82.8955	16.1598	-6.25636
82.8456	16.1558	-7.15047
82.8456	16.1558	-6.25636
82.8447	16.1678	-6.26231
82.8447	16.1678	-7.15047
82.8038	16.9611	-6.84455
82.8684	16.1637	-6.44801
82.8684	16.1637	-7.1496
82.8038	16.9611	-7.54614
82.7988	16.9607	-6.84455
82.7988	16.9607	-7.54614
82.8634	16.1633	-7.1496
82.8634	16.1633	-6.44801
82.8309	16.9572	-7.59657
82.8299	16.9692	-7.59657
82.8299	16.9692	-6.65885
82.8309	16.9572	-6.6529
82.7811	16.9532	-7.59657
82.7811	16.9532	-6.6529
82.7801	16.9652	-6.65885
82.7801	16.9652	-7.59657
82.7392	17.7584	-7.24043
82.8038	16.9611	-6.84535
82.8038	16.9611	-7.44774
82.7392	17.7584	-7.84282
82.7343	17.758	-7.24043
82.7343	17.758	-7.84282
82.7988	16.9607	-7.44774
82.7988	16.9607	-6.84535
82.7664	17.7546	-8.04268
82.7654	17.7666	-8.04268
82.7654	17.7666	-7.05539
82.7664	17.7546	-7.04944
82.7165	17.7506	-8.04268
82.7165	17.7506	-7.04944
82.7155	17.7625	-7.05539
82.7155	17.7625	-8.04268
82.6747	18.5558	-7.63762
82.7392	17.7584	-7.24108
82.7392	17.7584	-7.89311
82.6747	18.5558	-8.28965
82.6697	18.5554	-7.63762
82.6697	18.5554	-8.28965
82.7343	17.758	-7.89311
82.7343	17.758	-7.24108
82.7018	18.552	-8.34008
82.7008	18.564	-8.34008
82.7008	18.564	-7.45193
82.7018	18.552	-7.44598
82.652	18.548	-8.34008
82.652	18.548	-7.44598
82.651	18.5599	-7.45193
82.651	18.5599	-8.34008
82.6101	19.3532	-8.03416
82.6747	18.5558	-8.33922
82.6101	19.3532	-8.73576
82.6051	19.3528	-8.03416
82.6051	19.3528	-8.73576
82.6697	18.5554	-8.33922
82.6372	19.3494	-8.78619
82.6363	19.3614	-8.78619
82.6363	19.3614	-7.84847
82.6372	19.3494	-7.84252
82.5874	19.3454	-8.78619
82.5874	19.3454	-7.84252
82.5864	19.3573	-7.84847
82.5864	19.3573	-8.78619
82.5455	20.1506	-8.43005
82.6101	19.3532	-8.03497
82.6101	19.3532	-8.63735
82.5455	20.1506	-9.03243
82.5406	20.1502	-8.43005
82.5406	20.1502	-9.03243
82.6051	19.3528	-8.63735
82.6051	19.3528	-8.03497
82.5727	20.1468	-9.2323
82.5717	20.1588	-9.2323
82.5717	20.1588	-8.24501
82.5727	20.1468	-8.23906
82.5228	20.1428	-9.2323
82.5228	20.1428	-8.23906
82.5219	20.1547	-8.24501
82.5219	20.1547	-9.2323
83.4964	8.73782	-4.62253
83.4954	8.74978	-4.62253
83.4954	8.74978	-3.75269
83.4964	8.73782	-3.75269
83.4466	8.73378	-4.62253
83.4466	8.73378	-3.75269
83.4456	8.74574	-3.75269
83.4456	8.74574	-4.62253
83.3999	9.93023	-4.62253
83.3989	9.94219	-4.62253
83.3989	9.94219	-3.75916
83.3999	9.93023	-3.75321
83.35	9.92619	-4.62253
83.35	9.92619	-3.75321
83.3491	9.93815	-3.75916
83.3491	9.93815	-4.62253
83.0125	14.7146	-7.00177
83.0115	14.7265	-7.00177
83.0115	14.7265	-6.13192
83.0125	14.7146	-6.13192
82.9627	14.7105	-7.00177
82.9627	14.7105	-6.13192
82.9617	14.7225	-6.13192
82.9617	14.7225	-7.00177
82.9156	15.9107	-7.00177
82.9147	15.9226	-7.00177
82.9147	15.9226	-6.13839
82.9156	15.9107	-6.13245
82.8658	15.9066	-7.00177
82.8658	15.9066	-6.13245
82.8648	15.9186	-6.13839
82.8648	15.9186	-7.00177
83.8149	4.80473	-2.83811
83.8139	4.81669	-2.83811
83.8139	4.81669	-1.8269
83.8149	4.80473	-1.82102
83.765	4.8007	-2.83811
83.765	4.8007	-1.82102
83.7641	4.81266	-1.8269
83.7641	4.81266	-2.83811
82.5526	20.394	-9.2323
82.5517	20.4059	-9.2323
82.5517	20.4059	-8.36793
82.5526	20.394	-8.36199
82.5028	20.3899	-9.2323
82.5028	20.3899	-8.36199
82.5018	20.4019	-8.36793
82.5018	20.4019	-9.2323
82.5171	20.3991	-8.4323
82.5371	20.4007	-8.4323
82.5371	20.4007	-8.45462
82.5171	20.3991	-8.45462
83.7796	4.80589	-1.8894
83.7796	4.80589	-1.91167
83.7996	4.80751	-1.91167
83.7996	4.80751	-1.8894
82.8803	15.9138	-6.20177
82.9002	15.9154	-6.20177
82.9006	15.9108	-6.22177
82.8807	15.9091	-6.22177
82.9771	14.7177	-6.20177
82.9971	14.7193	-6.20177
82.9974	14.7147	-6.22177
82.9775	14.7131	-6.22177
83.3645	9.93338	-3.82253
83.3844	9.935	-3.82253
83.3848	9.93033	-3.84253
83.3649	9.92871	-3.84253
83.461	8.74097	-3.82253
83.481	8.74259	-3.82253
83.4814	8.73797	-3.84253
83.4614	8.73635	-3.84253
82.5171	20.3991	-8.5323
82.5371	20.4007	-8.5323
82.5371	20.4007	-8.55462
82.5171	20.3991	-8.55462
83.7796	4.80589	-1.9894
83.7796	4.80589	-2.01167
83.7996	4.80751	-2.01167
83.7996	4.80751	-1.9894
82.8803	15.9138	-6.30177
82.9002	15.9154	-6.30177
82.9006	15.9108	-6.32177
82.8807	15.9091	-6.32177
82.9771	14.7177	-6.30177
82.9971	14.7193	-6.30177
82.9974	14.7147	-6.32177
82.9775	14.7131	-6.32177
83.3645	9.93338	-3.92253
83.3844	9.935	-3.92253
83.3848	9.93033	-3.94253
83.3649	9.92871	-3.94253
83.461	8.74097	-3.92253
83.481	8.74259	-3.92253
83.4814	8.73797	-3.94253
83.4614	8.73635	-3.94253
82.4998	20.3977	-8.30742
82.5152	20.399	-8.30321
82.5306	20.4002	-8.299
82.5447	20.4014	-8.30581
82.5587	20.4025	-8.31262
82.5624	20.4028	-8.32206
82.5664	20.4031	-8.3323
82.5598	20.4026	-8.34474
82.5532	20.4021	-8.35718
82.5377	20.4008	-8.36139
82.5223	20.3996	-8.3656
82.5083	20.3984	-8.35879
82.4942	20.3973	-8.35198
82.4904	20.397	-8.34214
82.4866	20.3967	-8.3323
82.4932	20.3972	-8.31986
82.6758	18.1552	-7.19762
82.6878	18.1598	-7.19014
82.6707	18.1553	-7.20563
82.8932	15.9219	-6.07193
82.7035	18.1616	-7.18608
82.8779	15.9197	-6.0757
82.8625	15.9176	-6.07947
82.7201	18.1611	-7.18663
82.9074	15.9216	-6.07803
82.7434	18.1604	-7.20183
82.9216	15.9213	-6.08413
82.9255	15.9195	-6.09295
82.7363	18.1631	-7.19541
82.7165	18.3144	-7.26592
82.7641	17.9478	-7.10371
82.6997	18.7557	-7.51305
82.7164	17.5587	-6.92101
82.8498	15.9113	-6.10177
82.9295	15.9178	-6.10177
82.8562	15.9145	-6.09062
82.7125	18.1541	-7.2486
82.6727	18.154	-7.23223
82.8577	15.9078	-6.1194
82.854	15.9095	-6.1111
82.8539	15.9095	-6.11092
82.7454	18.1591	-7.22844
82.6521	18.3662	-7.33013
82.9231	15.9147	-6.11291
82.7404	18.1593	-7.23645
82.9167	15.9115	-6.12406
82.7283	18.1546	-7.24392
82.6798	18.1514	-7.23866
82.9014	15.9094	-6.12783
82.696	18.1533	-7.24743
82.886	15.9073	-6.1316
82.8719	15.9076	-6.1255
82.6749	18.3057	-7.32014
82.9206	15.9134	-6.11734
82.9244	15.9153	-6.11062
82.9594	14.7215	-6.07947
82.9747	14.7237	-6.0757
82.9177	15.3201	-6.07579
82.9922	15.1437	-6.10177
82.9828	15.2456	-6.09466
83.0264	14.7217	-6.10177
82.9054	15.3191	-6.08412
82.9731	15.3235	-6.08792
82.8839	15.4894	-6.10177
82.9466	14.7153	-6.10177
82.8963	15.3553	-6.09364
82.9333	15.3232	-6.07193
83.0221	14.7236	-6.09243
83.0184	14.7252	-6.08413
82.9662	15.3229	-6.08074
82.9517	14.7177	-6.09291
82.9498	15.3245	-6.07323
82.9901	14.7258	-6.07193
83.0042	14.7255	-6.07803
82.9552	15.3658	-6.07625
83.0224	14.7235	-6.09289
82.9555	14.7196	-6.08619
82.9554	14.7196	-6.08641
82.9514	14.7176	-6.09335
82.9687	15.3138	-6.12134
83.02	14.7186	-6.11291
83.0136	14.7154	-6.12406
82.9798	15.2778	-6.10989
82.903	15.3095	-6.11561
82.9428	15.3099	-6.1316
82.9589	15.313	-6.12756
82.9982	14.7133	-6.12783
82.91	15.3101	-6.12279
82.9546	14.7118	-6.1194
82.9829	14.7112	-6.1316
82.9034	15.2619	-6.10862
82.9263	15.3086	-6.1303
82.9687	14.7115	-6.1255
82.9141	15.3513	-6.12728
82.9506	14.7135	-6.11058
83.1495	12.3278	-4.89236
83.3404	9.93405	-3.71138
83.3468	9.93718	-3.70024
83.1553	12.1571	-4.82039
83.1839	11.7843	-4.6442
83.334	9.93091	-3.72253
83.3621	9.93931	-3.69647
83.3775	9.94144	-3.6927
83.1754	12.3329	-4.88231
83.159	12.3314	-4.88681
83.2404	12.0654	-4.77326
83.1764	12.8684	-5.1801
83.2085	12.3341	-4.89172
83.4058	9.94087	-3.7049
83.2155	12.3315	-4.89809
83.192	12.3337	-4.88348
83.3916	9.94116	-3.6988
83.1903	12.4653	-4.95207
83.4098	9.93912	-3.71372
83.4137	9.93737	-3.72253
83.401	9.93109	-3.74483
83.3856	9.92897	-3.7486
83.2007	12.3211	-4.93775
83.338	9.92915	-3.73141
83.2127	12.3258	-4.93027
83.1449	12.3211	-4.92621
83.2051	12.4956	-5.00391
83.4089	9.935	-3.73095
83.4086	9.93487	-3.7314
83.4049	9.93305	-3.73789
83.1849	12.3197	-4.94198
83.3419	9.92741	-3.74017
83.3382	9.92905	-3.73189
83.12	12.5872	-5.05104
83.1684	12.3189	-4.94082
83.3702	9.92684	-3.75237
83.3561	9.92712	-3.74627
83.1518	12.3185	-4.93258
83.1489	12.4493	-5.00255
83.4048	9.93298	-3.73811
83.4433	8.74472	-3.70024
83.4587	8.74684	-3.69647
83.4018	9.3415	-3.69655
83.4763	9.16444	-3.72253
83.4668	9.26726	-3.71543
83.5103	8.74496	-3.72253
83.3895	9.3405	-3.70488
83.4572	9.34489	-3.70868
83.368	9.51143	-3.72253
83.4305	8.7385	-3.72253
83.3804	9.37646	-3.71441
83.4174	9.34453	-3.6927
83.5061	8.74679	-3.71318
83.5023	8.74841	-3.7049
83.4502	9.34433	-3.7015
83.4356	8.74098	-3.71366
83.4339	9.34586	-3.694
83.474	8.74896	-3.6927
83.4882	8.74869	-3.6988
83.4392	9.38759	-3.69702
83.5063	8.74669	-3.71372
83.4395	8.74285	-3.70695
83.4369	8.74161	-3.71138
83.4528	9.3352	-3.74211
83.5039	8.74185	-3.73368
83.4975	8.73874	-3.74483
83.4639	9.29943	-3.73066
83.3871	9.33098	-3.73639
83.4269	9.33134	-3.75237
83.4429	9.33441	-3.74833
83.4821	8.73662	-3.7486
83.394	9.33154	-3.74357
83.4385	8.73505	-3.74017
83.4745	8.73556	-3.75048
83.4668	8.7345	-3.75237
83.3874	9.28397	-3.72938
83.4104	9.33001	-3.75107
83.4526	8.73478	-3.74627
83.3982	9.37313	-3.74805
83.4345	8.73677	-3.73135
83.7557	4.80396	-1.80182
83.7623	4.80449	-1.81423
83.7778	4.80574	-1.81843
83.7932	4.80699	-1.82262
83.8072	4.80813	-1.81583
83.8213	4.80926	-1.80904
83.8251	4.80957	-1.79922
83.8289	4.80988	-1.7894
83.8223	4.80935	-1.77699
83.8157	4.80881	-1.76458
83.8003	4.80756	-1.76038
83.7848	4.80631	-1.75618
83.7778	4.80575	-1.75958
83.7708	4.80518	-1.76298
83.7568	4.80404	-1.76977
83.7534	4.80377	-1.77851
83.7491	4.80342	-1.7894
83.5815	6.95571	-2.82809
83.6237	6.52612	-2.60977
83.6132	6.77632	-2.72714
83.6526	6.9748	-2.84564
83.6519	6.94172	-2.82169
83.6203	6.8746	-2.77196
83.6292	6.90239	-2.78619
83.6545	6.83069	-2.7598
83.5857	6.84567	-2.78231
83.6753	6.45991	-2.57188
83.7258	6.08364	-2.41515
83.6134	7.4712	-3.09679
83.646	6.07718	-2.41514
83.6532	6.67108	-2.73565
83.6643	6.65358	-2.72198
83.6359	7.09877	-2.93377
83.6673	6.77213	-2.76551
83.6233	6.58651	-2.69276
83.5985	7.01788	-2.90815
83.63	6.77048	-2.78755
83.6023	6.74075	-2.76285
83.5837	6.8954	-2.83142

#	Triangle	482
3	1	2	0	1	3	19	17	18	16	17	19	33	31	32	30	31	33	49	47	48	46	47	49	65	63	64	62	63	65	73	71	72	70	71	73	89	87	88	86	87	89	97	95	96	94	95	97	113	111	112	110	111	113	127	125	126	124	125	127	143	141	142	140	141	143	159	157	158	156	157	159	173	171	172	170	171	173	181	179	180	178	179	181	197	195	196	194	195	197	205	203	204	202	203	205	221	219	220	218	219	221	237	235	236	234	235	237	253	251	252	250	251	253	267	265	266	264	265	267	283	281	282	280	281	283	291	289	290	288	289	291	299	297	298	296	297	299	307	305	306	304	305	307	315	313	314	312	313	315	323	321	322	320	321	323	331	329	330	328	329	331
7	5	6	4	5	7	23	21	22	20	21	23	37	35	36	34	35	37	53	51	52	50	51	53	77	75	76	74	75	77	93	91	92	90	91	93	101	99	100	98	99	101	117	115	116	114	115	117	131	129	130	128	129	131	147	145	146	144	145	147	163	161	162	160	161	163	177	175	176	174	175	177	185	183	184	182	183	185	201	199	200	198	199	201	209	207	208	206	207	209	225	223	224	222	223	225	241	239	240	238	239	241	257	255	256	254	255	257	271	269	270	268	269	271	287	285	286	284	285	287	295	293	294	292	293	295	303	301	302	300	301	303	311	309	310	308	309	311	319	317	318	316	317	319	327	325	326	324	325	327	335	333	334	332	333	335
7	0	4	1	0	7	23	16	20	17	16	23	37	30	34	31	30	37	53	46	50	47	46	53	69	62	66	63	62	69	77	70	74	71	70	77	83	80	84	81	80	83	93	86	90	87	86	93	101	94	98	95	94	101	117	110	114	111	110	117	131	124	128	125	124	131	147	140	144	141	140	147	163	156	160	157	156	163	177	170	174	171	170	177	185	178	182	179	178	185	191	188	192	189	188	191	201	194	198	195	194	201	209	202	206	203	202	209	225	218	222	219	218	225	241	234	238	235	234	241	257	250	254	251	250	257	271	264	268	265	264	271	287	280	284	281	280	287	295	288	292	289	288	295	303	296	300	297	296	303	311	304	308	305	304	311	319	312	316	313	312	319	327	320	324	321	320	327	335	328	332	329	328	335	351	346	350	347	346	351	359	354	358	355	354	359	375	370	374	371	370	375	383	378	382	379	378	383
6	1	7	2	1	6	22	17	23	18	17	22	36	31	37	32	31	36	52	47	53	48	47	52	68	63	69	64	63	68	76	71	77	72	71	76	92	87	93	88	87	92	100	95	101	96	95	100	116	111	117	112	111	116	130	125	131	126	125	130	146	141	147	142	141	146	162	157	163	158	157	162	176	171	177	172	171	176	184	179	185	180	179	184	200	195	201	196	195	200	208	203	209	204	203	208	224	219	225	220	219	224	240	235	241	236	235	240	256	251	257	252	251	256	270	265	271	266	265	270	286	281	287	282	281	286	294	289	295	290	289	294	302	297	303	298	297	302	310	305	311	306	305	310	318	313	319	314	313	318	326	321	327	322	321	326	334	329	335	330	329	334
5	2	6	3	2	5
4	3	5	0	3	4	20	19	21	16	19	20	34	33	35	30	33	34	50	49	51	46	49	50	74	73	75	70	73	74	90	89	91	86	89	90	98	97	99	94	97	98	114	113	115	110	113	114	128	127	129	124	127	128	144	143	145	140	143	144	160	159	161	156	159	160	174	173	175	170	173	174	182	181	183	178	181	182	198	197	199	194	197	198	206	205	207	202	205	206	222	221	223	218	221	222	238	237	239	234	237	238	254	253	255	250	253	254	268	267	269	264	267	268	284	283	285	280	283	284	292	291	293	288	291	292	300	299	301	296	299	300	308	307	309	304	307	308	316	315	317	312	315	316	324	323	325	320	323	324	332	331	333	328	331	332
11	9	10	8	9	11	26	8	25	24	8	26	41	39	40	38	39	41	57	55	56	54	55	57	81	79	80	78	79	81	105	103	104	102	103	105	120	102	119	118	102	120	151	149	150	148	149	151	166	148	165	164	148	166	189	187	188	186	187	189	213	211	212	210	211	213	229	227	228	226	227	229	245	243	244	242	243	245	275	273	274	272	273	275
15	13	14	12	13	15	12	28	29	27	28	12	45	43	44	42	43	45	61	59	60	58	59	61	85	83	84	82	83	85	106	122	123	121	122	106	139	137	138	136	137	139	155	153	154	152	153	155	152	168	169	167	168	152	193	191	192	190	191	193	217	215	216	214	215	217	249	247	248	246	247	249	246	262	263	261	262	246	279	277	278	276	277	279	336	339	344	360	363	368
15	8	12	9	8	15
14	9	15	10	9	14	29	8	12	25	8	29	44	39	45	40	39	44	60	55	61	56	55	60	108	103	109	104	103	108	154	149	155	150	149	154	169	148	152	165	148	169
13	10	14	11	10	13	28	25	29	26	25	28
12	11	13	8	11	12	27	26	28	24	26	27	42	41	43	38	41	42	58	57	59	54	57	58	82	81	83	78	81	82	136	135	137	132	135	136	152	151	153	148	151	152
21	18	22	19	18	21
12	24	27	8	24	12	61	54	58	55	54	61
35	32	36	33	32	35	51	48	52	49	48	51
45	38	42	39	38	45
43	40	44	41	40	43
59	56	60	57	56	59
69	67	68	66	67	69
67	64	68
65	64	67
66	65	67	62	65	66
75	72	76	73	72	75	85	78	82	79	78	85	91	88	92	89	88	91	183	180	184	181	180	183	193	186	190	187	186	193	199	196	200	197	196	199	293	290	294	291	290	293	309	306	310	307	306	309	349	344	348	345	344	349	357	352	356	353	352	357	373	368	372	369	368	373	381	376	380	377	376	381
84	79	85	80	79	84	192	187	193	188	187	192	216	211	217	212	211	216	232	227	233	228	227	232	278	273	279	274	273	278
99	96	100	97	96	99	301	298	302	299	298	301
109	107	108	106	107	109	233	231	232	230	231	233
109	102	106	106	118	121	102	118	106
103	102	109	155	148	152	149	148	155
107	104	108	153	150	154	151	150	153
105	104	107	122	119	123	120	119	122
106	105	107	102	105	106	121	120	122	118	120	121
115	112	116	113	112	115	129	126	130	127	126	129	255	252	256	253	252	255	269	266	270	267	266	269
123	102	106	119	102	123	138	133	139	134	133	138
135	133	134	132	133	135	260	242	259	258	242	260
139	132	136
133	132	139
137	134	138
135	134	137
145	142	146	143	142	145	161	158	162	159	158	161	175	172	176	173	172	175	207	204	208	205	204	207	223	220	224	221	220	223	239	236	240	237	236	239	285	282	286	283	282	285	317	314	318	315	314	317
152	164	167	217	210	214	211	210	217	246	258	261
148	164	152
168	165	169
166	165	168	260	259	262
167	166	168	164	166	167	190	189	191	186	189	190	214	213	215	210	213	214	261	260	262	258	260	261	276	275	277	272	275	276
215	212	216	213	212	215
233	226	230
227	226	233	279	272	276	273	272	279
231	228	232	277	274	278	275	274	277
229	228	231
230	229	231	226	229	230	246	245	247	242	245	246
249	242	246	243	242	249	242	258	246
248	243	249	244	243	248	263	242	246	259	242	263
247	244	248	245	244	247	262	259	263
325	322	326	323	322	325
333	330	334	331	330	333
339	337	338	336	337	339	363	361	362	360	361	363
343	341	342	340	341	343	367	365	366	364	365	367
345	336	344	349	348	353	369	360	368	373	372	377
337	336	345	361	360	369
346	337	345	350	349	354	370	361	369	374	373	378
338	337	346	342	357	343	362	361	370	366	381	367
347	338	346	355	350	354	351	350	355	371	362	370	379	374	378	375	374	379
339	338	347	363	362	371
344	339	347	352	351	355	348	351	352	368	363	371	376	375	379	372	375	376
350	345	349	346	345	350	374	369	373	370	369	374
348	347	351	344	347	348	372	371	375	368	371	372
353	348	352	377	372	376
354	349	353	378	373	377
358	353	357	382	377	381
354	353	358	378	377	382
356	355	359	380	379	383
352	355	356	376	379	380
343	356	340	357	356	343	367	380	364	381	380	367
358	357	342	382	381	366
341	358	342	359	358	341	365	382	366	383	382	365
340	359	341	364	383	365
356	359	340	380	383	364
395	393	394
395	392	393
396	392	395
396	391	392
397	391	396
397	390	391
398	390	397
399	390	398
399	389	390
399	388	389
384	388	399
384	387	388
385	387	384
385	386	387
399	400	384
401	385	384
402	400	399
405	403	404
406	405	401
408	407	403
386	385	404
411	409	410
409	412	410
407	408	413
412	409	388
415	389	414
409	389	388
417	398	416
402	398	417
411	418	414
387	407	413
390	389	415
400	419	406
408	410	412
387	412	388
414	409	411
389	409	414
418	415	414
401	404	385
400	406	401
404	407	386
401	405	404
404	403	407
387	386	407
419	400	402
401	384	400
402	399	398
387	413	412
408	412	413
417	419	402
420	394	393
424	422	423	429	427	437	427	418	438	444	451	459	454	448	462	423	417	424	452	459	451	461	439	460	502	510	511	499	508	518	524	531	539	511	484	502	553	549	552	528	541	534	532	539	531	541	519	540	549	544	552	564	566	565
421	422	424
390	425	391
398	426	416
425	427	428
428	429	430
393	430	420
396	421	397
398	397	426
431	396	395
432	420	430
435	433	434
422	421	431
428	392	391
433	395	394
421	396	431
397	421	426
432	430	429
422	431	435
435	436	433
424	417	416
426	421	424
424	416	426
430	392	428
428	427	429
425	428	391
418	390	415
425	390	418
393	392	430
433	394	420
432	434	420
433	436	395
420	434	433
425	418	427
395	436	431
435	431	436
441	439	440
444	418	443
442	418	444
445	406	419
410	446	411
449	447	448
417	447	449
450	405	441
440	450	441
452	451	446
446	443	411
453	410	408
454	445	449
457	455	456
452	446	453
450	403	405
455	408	403
446	410	453
419	417	449
452	453	457
457	458	455
443	451	444
443	446	451
418	411	443
455	403	450
440	456	450
445	439	441
405	406	441
441	406	445
461	445	454
460	445	461
439	445	460
455	458	408
450	456	455
445	419	449
449	448	454
408	458	453
457	453	458
465	463	464
444	464	466
467	423	422
468	434	432
463	465	469
469	465	470
437	466	463
447	417	423
467	471	472
468	470	473
471	467	422
447	423	474
418	444	466
442	444	418
476	475	473
437	427	466
427	438	466
438	418	466
435	475	477
478	448	474
475	476	477
478	467	472
476	472	471
435	471	422
474	467	478
423	467	474
448	447	474
429	437	463
469	429	463
463	466	464
429	469	432
469	468	432
468	469	470
475	434	468
468	473	475
435	434	475
435	477	471
476	471	477
481	479	480
484	448	483
482	448	484
487	485	486
487	456	440
479	481	488
461	454	482
454	462	482
462	448	482
461	482	479
459	489	490
493	491	492
491	493	452
459	490	444
495	494	486
494	495	496
493	459	452
457	494	496
489	493	497
488	481	485
497	493	492
495	492	491
457	491	452
489	497	498
459	493	489
498	490	489
479	439	461
488	439	479
479	482	480
439	488	440
488	487	440
484	480	482
487	488	485
494	456	487
487	486	494
457	456	494
457	496	491
495	491	496
501	499	500
483	502	484
503	465	464
472	504	478
505	507	508
505	506	507
505	498	506
509	470	501
500	509	501
504	510	502
502	512	504
513	476	473
503	505	508
515	513	514
510	504	516
509	473	470
498	444	490
505	444	498
504	472	516
516	472	476
464	444	505
504	512	478
510	516	515
515	517	513
448	512	483
448	478	512
502	483	512
513	473	509
500	514	509
503	499	501
470	465	501
501	465	503
503	464	505
513	517	476
509	514	513
503	508	499
476	517	516
515	516	517
521	519	520
524	498	523
522	498	524
525	481	480
492	526	497
529	527	528
484	527	529
530	485	521
520	530	521
532	531	526
526	523	497
533	492	495
534	525	529
537	535	536
532	526	533
530	486	485
535	495	486
526	492	533
480	484	529
532	533	537
537	538	535
523	531	524
523	526	531
498	497	523
535	486	530
520	536	530
525	519	521
485	481	521
521	481	525
541	525	534
540	525	541
519	525	540
535	538	495
530	536	535
525	480	529
528	534	529
495	538	533
537	533	538
544	542	543
524	543	545
546	511	510
547	514	500
542	544	548
548	544	549
518	545	542
527	484	511
546	550	551
547	549	553
550	546	510
527	511	554
498	524	545
522	524	498
556	555	553
518	508	545
508	507	545
507	506	545
506	498	545
515	555	557
558	528	554
555	556	557
558	546	551
556	551	550
515	550	510
554	546	558
511	546	554
528	527	554
499	518	542
548	499	542
542	545	543
499	548	500
548	547	500
547	548	549
555	514	547
547	553	555
515	514	555
515	557	550
556	550	557
563	561	562	563	560	561
564	560	563
564	559	560
565	559	564
565	575	559
566	575	565
567	575	566
567	574	575
567	573	574
568	573	567
568	572	573
569	572	568
569	571	572	570	571	569
576	574	573
577	519	576
578	577	572
578	572	571
567	579	580
582	536	581
567	583	568
532	583	580
566	579	567
584	541	528
580	583	567
580	539	532
579	539	580
537	585	583
582	585	537
577	578	519
585	568	583
579	587	524
579	586	587
566	586	579
569	582	581
537	583	532
568	585	569
582	569	585
581	570	569
537	536	582
581	571	570
520	581	536
578	520	519
571	581	578
581	520	578
572	577	573
576	573	577
524	539	579
584	574	576
576	519	541
588	575	574
584	576	541
574	584	588
528	588	584
587	543	524
552	544	589
591	564	590
544	590	589
590	563	589
587	592	543
561	593	594
592	591	543
595	561	594
560	596	593
558	551	597
590	544	591
593	596	556
543	591	544
594	553	595
588	559	575
592	566	564
595	553	552
566	587	586
592	587	566
564	563	590
562	589	563
595	589	562
552	589	595
561	595	562
553	594	556
593	556	594
596	551	556
561	560	593
558	588	528
559	596	560
596	559	597
564	591	592
588	597	559
551	596	597
588	558	597

#	Normal	482
0.996736	0.0807285	0
-0.996736	-0.0807285	0
0	-0	-1
-0.0807047	0.996738	-0
-0.0353682	0.436812	0.898857
0.0807047	-0.996738	-0
0.996738	0.0807031	-0
-0.996738	-0.0807031	-0
-0.0354684	0.438331	0.898114
0.0806533	-0.996742	-0
0.0354684	-0.438331	-0.898113
-0.0806533	0.996742	-0
-0.0354914	0.438335	0.898111
-0.0354684	0.438331	0.898113
-0.0354903	0.43832	0.898118
-0.0353631	0.43703	0.898751
0.0353631	-0.43703	-0.898751
0.0354684	-0.438331	-0.898114
-0.996736	-0.080735	0
-0.0354938	0.438364	0.898097
-0.0354829	0.438336	0.898111
0.0806853	-0.99674	-0
-0	-0	1
0.0808473	-0.996726	-0
-0.0358411	0.442653	0.895976
-0.996739	-0.0806934	-0
-0.0358748	0.442659	0.895972
-0.0358189	0.442663	0.895972
0.035819	-0.442663	-0.895972
0.0358748	-0.442659	-0.895972
-0.0807791	0.996732	-0
-0.0358399	0.442638	0.895984
0.0807791	-0.996732	-0
0.996739	0.0806934	-0
-0.0357131	0.441356	0.896621
-0.0357689	0.441351	0.896621
0.0357688	-0.441351	-0.896622
0.0357131	-0.441355	-0.896621
-0.0358423	0.442668	0.895969
-0.0359051	0.442656	0.895972
-0.0358189	0.442663	0.895973
0.035819	-0.442664	-0.895972
0.0359051	-0.442656	-0.895972
-0.0808473	0.996726	-0
0.0359051	-0.442656	-0.895973
-0.0358549	0.441344	0.896621
-0.035799	0.441349	0.896621
0.0357991	-0.441349	-0.896621
0.0358549	-0.441344	-0.896621
-0.0809734	0.996716	-0
-0.0359611	0.442652	0.895972
0.0809734	-0.996716	-0
0.0359611	-0.442652	-0.895972
-0.0354909	0.438327	0.898114
-0.0358375	0.442609	0.895998
-0.0807503	0.996734	-0
0.0807018	-0.996738	-0
-0.0358405	0.442661	0.895972
-0.035862	0.44266	0.895972
0.996744	0.0806345	-0.000138895
0.996738	0.0807024	-0
0.0358405	-0.442661	-0.895972
0.035862	-0.44266	-0.895972
-0.996744	-0.0806339	0.000138754
0.996738	0.0807031	-0.000155022
-0.996738	-0.0807031	0.000155022
-0.0358544	0.44266	0.895972
0.99673	0.0808054	0.000210289
0.996738	0.0807038	5.36706e-005
0.996738	0.0807008	0.000234876
-0.996738	-0.0807008	-5.43697e-005
-0.996739	-0.0806973	0.000153657
-0.0354897	0.438329	0.898113
0.996736	0.0807258	4.85571e-005
0.0354897	-0.438329	-0.898113
-0.996738	-0.0807021	-0
-0.996736	-0.080726	-4.85001e-005
-0.0807422	0.996735	-0.000171619
-0.0807116	0.996737	0.000177889
-0.0807052	0.996738	-2.085e-006
-0.0807135	0.996737	-9.69055e-005
-0.0807223	0.996737	-1.69657e-005
-0.0807174	0.996737	0.000112364
-0.0807097	0.996738	5.20192e-005
-0.0807097	0.996738	-9.89401e-005
-0.0806992	0.996739	-3.67966e-005
-0.0806951	0.996739	9.16082e-005
-0.0806961	0.996739	0.000100983
-0.0807151	0.996737	-0.000115291
-0.0807087	0.996738	-0.000295323
-0.080678	0.99674	5.42166e-005
-0.875069	0.157775	0.45756
-0.270801	0.411686	0.870162
-0.828672	0.195122	0.524624
-0.270807	0.410253	0.870836
-0.270781	0.410259	0.870842
0.36319	0.437555	0.82258
-0.270803	0.411686	0.870161
0.900332	0.249583	0.356526
0.693728	0.365087	0.620848
0.311391	0.442363	0.841042
0.693751	0.364811	0.620985
0.954182	0.192207	0.22933
0.900128	0.250669	0.356279
1.23264e-006	-6.67495e-006	-1.36232e-005
-0.976444	0.0273757	0.214029
0.900693	0.249082	0.355963
0.274623	0.446857	0.851411
0.900303	0.250062	0.356264
-0.875481	0.155558	0.457531
0.363331	0.437714	0.822434
0.362965	0.438856	0.821987
0.868482	0.27475	0.412616
0.886797	0.261853	0.38082
0.979654	0.147174	0.13645
-0.270902	0.411667	0.870139
-0.587457	0.321977	0.742445
0.0425313	0.447396	0.893324
-0.270916	0.410233	0.870812
0.0425367	0.447867	0.893088
0.363086	0.439015	0.821848
-0.829125	0.192552	0.524857
-0.587415	0.321457	0.742704
-0.875292	0.157871	0.4571
0.505048	0.41788	0.755184
0.465611	0.423038	0.777332
-0.875496	0.155252	0.457606
0.270864	-0.410244	-0.870823
1.76144e-009	-2.90604e-008	6.56128e-009
-0.900293	-0.250526	-0.355963
0.875364	-0.155369	-0.45782
-0.979739	-0.146981	-0.136042
0.828481	-0.195262	-0.524874
0.587545	-0.321407	-0.742622
0.270817	-0.410253	-0.870833
-0.900271	-0.249636	-0.356644
-0.90066	-0.249112	-0.356027
-0.363454	-0.437702	-0.822386
0.270676	-0.411708	-0.87019
-0.362931	-0.43903	-0.821909
-0.693426	-0.36493	-0.621278
0.875587	-0.155466	-0.45736
-0.363332	-0.437542	-0.822525
-0.693403	-0.365206	-0.621141
-0.868571	-0.274685	-0.412471
0.270861	-0.411673	-0.870149
-0.363159	-0.438832	-0.821913
-0.311017	-0.444127	-0.84025
-0.900406	-0.249972	-0.356066
-0.886853	-0.261809	-0.380721
-0.954398	-0.191905	-0.228685
0.587587	-0.321924	-0.742365
0.875429	-0.157456	-0.456981
0.828935	-0.192691	-0.525107
-3.73369e-007	1.16119e-006	2.3958e-006
0.976409	-0.0274533	-0.214176
0.270867	-0.410243	-0.870822
-0.0425353	-0.447865	-0.893089
0.270811	-0.411682	-0.870161
-0.275198	-0.44489	-0.852255
-0.042573	-0.447399	-0.89332
0.875427	-0.157752	-0.456883
-0.506097	-0.415419	-0.755839
-0.464941	-0.425075	-0.776621
-0.235534	-0.0223816	0.971608
0.984301	0.0796961	0.157478
0	0	1.88141e-006
-0.857898	-0.0654017	0.509641
0.914506	0.0763169	0.397309
-0.980225	-0.079368	0.181275
-0.980208	-0.0793611	0.181365
-0.236495	-0.0158407	0.971504
-0.235272	-0.0223565	0.971673
0.914452	0.0717771	0.398277
0.902014	0.0755544	0.425044
0.396143	0.0347333	0.917532
-0.844126	-0.0727321	0.531189
0.395931	0.0286328	0.917834
0.716218	0.0586436	0.695409
-0.236449	-0.0158364	0.971515
0.395961	0.0354931	0.917581
0.716323	0.0573452	0.695409
-0.858099	-0.0643495	0.509437
0.39612	0.02941	0.917728
0.344454	0.0237881	0.938502
0.914788	0.0706593	0.397706
0.877389	0.0681705	0.474912
0.914804	0.0767134	0.396546
0.0783825	0.00525081	0.99691
-0.235564	-0.0223762	0.971601
-0.55797	-0.0439577	0.828696
-0.23642	-0.0158357	0.971522
-0.557774	-0.046381	0.828696
-0.856235	-0.0733739	0.51135
-0.855357	-0.0733063	0.512827
-0.856643	-0.0734063	0.510661
0.307678	0.0294932	0.951033
0.0782062	0.00742774	0.99691
-0.829092	-0.0625167	0.555607
-0.856339	-0.0738162	0.51111
0.534627	0.0486619	0.843686
0.493187	0.0353765	0.869204
0.857668	0.0666664	-0.509864
0.858091	0.0643487	-0.509449
-0.914757	-0.0717954	-0.397573
0.235534	0.0223773	-0.971608
0.530874	0.0436781	-0.846324
0.23643	0.0159745	-0.971517
0.815164	0.0692242	-0.575079
-0.914527	-0.0740433	-0.39769
-0.716323	-0.0573457	-0.695409
0.236421	0.0158306	-0.971522
-0.716218	-0.0586431	-0.695409
-0.961831	-0.0744293	-0.263329
0.980253	0.0793683	-0.181123
-0	-0	-1.88141e-006
-0.395963	-0.035494	-0.91758
0.856689	0.0738502	-0.51052
0.856314	0.0738138	-0.511153
0.856343	0.0738164	-0.511104
-0.307101	-0.0202882	-0.951461
-0.914794	-0.0772648	-0.396462
-0.345007	-0.0320404	-0.938053
-0.914506	-0.0763172	-0.397309
-0.396143	-0.034734	-0.917532
-0.396121	-0.0294094	-0.917727
-0.885446	-0.0745172	-0.45873
-0.900238	-0.0703671	-0.429675
-0.985096	-0.0797625	-0.152392
0.856428	0.0721084	-0.511206
0.530986	0.0422978	-0.846324
0.804526	0.0609428	-0.590783
0.23558	0.0222469	-0.9716
0.240191	0.0226917	-0.97046
0.241373	0.0162985	-0.970296
-0.0781691	-0.00742444	-0.996912
-0.0783454	-0.00524811	-0.996912
-0.395931	-0.028632	-0.917834
-0.53387	-0.0378577	-0.844718
-0.493653	-0.044528	-0.868518
-0.875477	0.155882	0.457428
-7.21566e-007	-8.03286e-006	-1.60356e-005
-0.98657	0.00134733	0.163334
-0.270806	0.410298	0.870815
-0.270836	0.411634	0.870176
-0.56529	0.330297	0.755877
-0.875248	0.15765	0.45726
-0.874796	0.158048	0.457988
-0.875474	0.157451	0.456897
-0.83717	0.188392	0.513473
0.956993	0.188136	0.220837
0.699052	0.363103	0.616022
0.699072	0.362852	0.616147
0.900435	0.249949	0.35601
0.36338	0.437581	0.822483
0.30974	0.442548	0.841554
0.900287	0.250512	0.355987
0.280861	0.446377	0.849626
0.868162	0.275009	0.413116
-0.270796	0.410344	0.870797
0.900638	0.249334	0.355926
0.363148	0.437795	0.822471
0.363144	0.438775	0.821951
0.900362	0.249401	0.356576
0.89015	0.259105	0.37483
0.979773	0.146902	0.135881
-0.875621	0.156968	0.456781
-0.565268	0.330022	0.756014
-0.824672	0.196013	0.530561
-0.27081	0.411596	0.870202
-0.278017	0.41023	0.868572
-0.875232	0.155601	0.457993
-0.278057	0.408921	0.869177
0.0426043	0.447415	0.893311
0.0425689	0.447853	0.893093
0.362939	0.438986	0.821929
0.505713	0.417669	0.754856
0.474226	0.421583	0.772902
0.270823	-0.411637	-0.870178
-0.900123	-0.250217	-0.356609
0.87548	-0.155617	-0.457514
-0.900328	-0.249604	-0.356521
0.875225	-0.15767	-0.457298
0.875042	-0.157832	-0.457593
0.875468	-0.157456	-0.456905
0.270757	-0.410308	-0.870826
0.27071	-0.411658	-0.870203
-0.900283	-0.250518	-0.355994
-0.890578	-0.258756	-0.374055
-0.363208	-0.437599	-0.822549
0.863614	-0.167565	-0.475492
-0.36311	-0.438967	-0.821863
-0.698697	-0.362993	-0.616489
0.270782	-0.410304	-0.87082
-3.83316e-007	-2.50322e-006	-4.97125e-006
0.986642	-0.00112513	-0.162903
-0.698677	-0.363242	-0.616365
-0.36332	-0.437777	-0.822405
0.87548	-0.155381	-0.457594
-0.86863	-0.274671	-0.412357
-0.363144	-0.438775	-0.821951
-0.30951	-0.444201	-0.840767
-0.979764	-0.146923	-0.135925
-0.900668	-0.249136	-0.355989
-0.956976	-0.188161	-0.220891
-0.0425689	-0.447853	-0.893093
0.270823	-0.411636	-0.870178
0.587492	-0.321445	-0.742648
0.270832	-0.410294	-0.870809
0.587531	-0.32193	-0.742407
0.847012	-0.179145	-0.500477
-0.281444	-0.44456	-0.850386
-0.0426043	-0.447415	-0.893311
0.875216	-0.157589	-0.457344
-0.506287	-0.415458	-0.755691
-0.473851	-0.423495	-0.772087
-0.235559	-0.0223922	0.971602
0.984235	0.0796914	0.157895
0	0	-4.93237e-006
-0.857908	-0.0653761	0.509628
0.914796	0.0763558	0.396633
-0.980243	-0.0793631	0.181176
-0.980285	-0.0793811	0.180941
-0.23652	-0.0158324	0.971498
-0.235297	-0.0223671	0.971666
0.914751	0.0717815	0.39759
0.902243	0.0755909	0.424551
0.395959	0.0347347	0.917611
-0.844373	-0.0727706	0.53079
0.396089	0.0286359	0.917766
0.71565	0.0585961	0.695997
-0.236421	-0.015823	0.971522
0.396148	0.0355199	0.9175
0.715755	0.0572973	0.695997
-0.857836	-0.0643135	0.509883
0.396094	0.0293911	0.917739
0.344787	0.0238058	0.938379
0.914392	0.0706084	0.398626
0.877554	0.068161	0.474609
0.914507	0.0767026	0.397233
0.0783827	0.00524757	0.99691
-0.235435	-0.0223764	0.971633
-0.557717	-0.0439353	0.828867
-0.236436	-0.0158268	0.971518
-0.557521	-0.0463589	0.828867
-0.85652	-0.0734138	0.510865
-0.856503	-0.0734127	0.510895
-0.856505	-0.0734129	0.510891
0.307477	0.0294964	0.951098
0.0782059	0.0074313	0.99691
-0.829373	-0.0625168	0.555186
-0.856086	-0.0738111	0.511536
0.534275	0.0486509	0.84391
0.492345	0.035305	0.869684
0.857743	0.0666642	-0.509738
0.857905	0.0643197	-0.509767
-0.914496	-0.0717713	-0.398177
0.235547	0.0223899	-0.971605
0.530694	0.0436655	-0.846438
0.236427	0.0159606	-0.971518
0.815153	0.0692339	-0.575093
-0.914487	-0.074053	-0.39778
-0.716131	-0.0573271	-0.695608
0.236333	0.015813	-0.971543
-0.716026	-0.0586266	-0.695608
-0.961774	-0.0744151	-0.263541
0.980192	0.0793641	-0.181452
-0	-0	4.93237e-006
-0.396115	-0.035516	-0.917514
0.862276	0.0745002	-0.50093
0.856126	0.0738078	-0.511469
0.855806	0.0737793	-0.512009
0.856373	0.0738288	-0.511052
-0.306869	-0.0202504	-0.951536
-0.914435	-0.077247	-0.397292
-0.345285	-0.0320729	-0.93795
-0.91473	-0.0763428	-0.396789
-0.396111	-0.0347479	-0.917545
-0.39612	-0.0293908	-0.917728
-0.885427	-0.0745306	-0.458764
-0.900069	-0.0703519	-0.430031
-0.985075	-0.0797543	-0.152532
0.856215	0.0721032	-0.511563
0.530806	0.0422859	-0.846438
0.804555	0.0609306	-0.590744
0.235565	0.0222617	-0.971604
0.240022	0.0226919	-0.970502
0.241206	0.0162737	-0.970338
-0.0781692	-0.00742875	-0.996912
-0.0783461	-0.00524374	-0.996912
-0.396115	-0.0286361	-0.917754
-0.533602	-0.037818	-0.84489
-0.492892	-0.0444715	-0.868953
0.0806944	-0.996739	-9.28854e-007
0.0806975	-0.996739	8.54931e-005
0.0807069	-0.996738	-2.22184e-005
0.0807029	-0.996738	-5.90146e-005
0.0806998	-0.996738	2.47575e-005
0.0806975	-0.996739	7.30017e-006
0.0806975	-0.996739	1.19744e-005
0.0806981	-0.996739	8.55145e-006
0.0806986	-0.996739	-1.13814e-005
0.0807027	-0.996738	2.63091e-005
0.0807074	-0.996738	-2.79748e-005
0.0807105	-0.996738	5.84611e-005
6.62869e-006	-8.18636e-005	6.92749e-009
-0.928704	0.0999883	0.357086
-0.674586	0.280727	0.682734
-0.432373	0.368069	0.823152
-0.429061	0.368981	0.824475
0.886268	0.258956	0.38402
0.0465569	0.443352	0.895138
0.838933	0.292719	0.45881
0.706007	0.357352	0.611436
0.839365	0.29202	0.458465
-0.875072	0.155855	0.458213
0.717814	0.35173	0.600857
0.900503	0.248873	0.35659
0.88112	0.264733	0.391847
0.443642	0.424807	0.789127
0.304111	0.4407	0.844571
-0.460131	0.361229	0.811044
0.476495	0.418552	0.773154
0.980678	0.144295	0.132095
0.980714	0.144211	0.131922
0.980765	0.144094	0.131671
0.0495959	0.442508	0.895392
0.36345	0.434871	0.823888
0.201719	0.444013	0.873019
0.208089	0.443811	0.871625
0.201581	0.444648	0.872728
0.363404	0.434986	0.823847
-0.428502	0.370613	0.824034
-0.270351	0.407404	0.872315
-0.270523	0.407774	0.872088
-0.199039	0.418477	0.886149
-0.210521	0.418163	0.883641
-0.428676	0.369107	0.824619
-0.670037	0.282975	0.686277
0.900165	0.249303	0.357142
-0.853553	0.171739	0.491888
-0.87532	0.155582	0.457831
-0.928637	0.100277	0.357181
-0.86844	0.161534	0.468741
-0.965534	0.0466159	0.256067
-0.9827	0.0112486	0.184861
0.875105	-0.154447	-0.458625
0.270408	-0.405758	-0.873063
0.640669	-0.296139	-0.70841
0.431479	-0.369242	-0.823096
0.429024	-0.371138	-0.823526
0.94614	-0.0761692	-0.31467
-0.244413	-0.444364	-0.86186
0.860619	-0.165344	-0.481659
-0.0989826	-0.446174	-0.889456
-0.506842	-0.412675	-0.756843
-0.900745	-0.247453	-0.356968
0.644852	-0.294406	-0.705331
-0.490511	-0.414795	-0.766383
0.875383	-0.152933	-0.458602
-0.0764625	-0.444738	-0.892391
-0.838772	-0.293276	-0.458749
0.92858	-0.101164	-0.357078
0.2704	-0.406296	-0.872816
3.63415e-007	1.91812e-006	3.84463e-006
0.975746	-0.0276735	-0.217149
0.428634	-0.371244	-0.823681
0.428438	-0.371301	-0.823758
0.181336	-0.421561	-0.888484
0.184767	-0.420623	-0.888221
-0.20143	-0.445444	-0.872356
-0.363704	-0.433413	-0.824544
-0.337317	-0.435962	-0.834358
-0.363602	-0.433858	-0.824355
-0.201366	-0.445721	-0.87223
-0.900315	-0.248449	-0.357359
-0.838835	-0.293834	-0.458278
-0.740029	-0.34507	-0.577307
0.82763	-0.192072	-0.527387
-0.909421	-0.241481	-0.338585
-0.724523	-0.3504	-0.593537
-0.953146	-0.191636	-0.23407

#	Mesh	0	End

