#	Mesh	0	Begin

#	Vertex	379
102.867	-44.3839	2.71567
102.868	-44.3959	2.71567
102.868	-44.3959	3.69713
102.867	-44.3839	3.70484
102.917	-44.3799	2.71567
102.917	-44.3799	3.70484
102.918	-44.3919	3.69713
102.918	-44.3919	2.71567
102.959	-45.1852	2.99932
102.894	-44.3878	3.51305
102.894	-44.3878	2.90636
102.959	-45.1852	2.39264
102.964	-45.1848	2.99932
102.964	-45.1848	2.39264
102.899	-44.3874	2.90636
102.899	-44.3874	3.51305
102.932	-45.1813	2.21717
102.933	-45.1933	2.21717
102.933	-45.1933	3.18341
102.932	-45.1813	3.19111
102.982	-45.1773	2.21717
102.982	-45.1773	3.19111
102.983	-45.1893	3.18341
102.983	-45.1893	2.21717
103.024	-45.9825	2.4856
102.959	-45.1852	2.40786
103.024	-45.9825	1.89414
103.029	-45.9821	2.4856
103.029	-45.9821	1.89414
102.964	-45.1848	2.40786
102.996	-45.9787	1.71867
102.997	-45.9907	1.71867
102.997	-45.9907	2.66968
102.996	-45.9787	2.67738
103.046	-45.9747	1.71867
103.046	-45.9747	2.67738
103.047	-45.9866	2.66968
103.047	-45.9866	1.71867
103.088	-46.7799	1.97187
103.024	-45.9825	1.90936
103.088	-46.7799	1.39564
103.093	-46.7795	1.97187
103.093	-46.7795	1.39564
103.029	-45.9821	1.90936
103.061	-46.7761	1.22017
103.062	-46.7881	1.22017
103.062	-46.7881	2.15595
103.061	-46.7761	2.16365
103.111	-46.7721	1.22017
103.111	-46.7721	2.16365
103.112	-46.784	2.15595
103.112	-46.784	1.22017
103.153	-47.5773	1.45814
103.088	-46.7799	1.2447
103.153	-47.5773	0.730969
103.158	-47.5769	1.45814
103.158	-47.5769	0.730969
103.093	-46.7795	1.2447
103.126	-47.5735	0.721667
103.127	-47.5855	0.721667
103.127	-47.5855	1.64222
103.126	-47.5735	1.64992
103.175	-47.5695	0.721667
103.175	-47.5695	1.64992
103.176	-47.5814	1.64222
103.176	-47.5814	0.721667
103.217	-48.3747	0.944409
103.153	-47.5773	0.746198
103.217	-48.3747	0.232469
103.222	-48.3743	0.944409
103.222	-48.3743	0.232469
103.158	-47.5769	0.746198
103.19	-48.3709	0.223167
103.191	-48.3829	0.223167
103.191	-48.3829	1.12849
103.19	-48.3709	1.1362
103.24	-48.3669	0.223167
103.24	-48.3669	1.1362
103.241	-48.3788	1.12849
103.241	-48.3788	0.223167
103.222	-48.7634	0.057
103.223	-48.7753	0.057
103.223	-48.7753	0.926847
103.222	-48.7634	0.926847
103.272	-48.7593	0.057
103.272	-48.7593	0.926847
103.273	-48.7713	0.926847
103.273	-48.7713	0.057
103.314	-49.5646	0.737
103.249	-48.7672	0.737
103.249	-48.7672	0.157
103.314	-49.5646	0.157
103.319	-49.5642	0.737
103.319	-49.5642	0.157
103.254	-48.7668	0.157
103.254	-48.7668	0.737
103.286	-49.5607	0.057
103.287	-49.5727	0.057
103.287	-49.5727	0.926847
103.286	-49.5607	0.926847
103.336	-49.5567	0.057
103.336	-49.5567	0.926847
103.337	-49.5687	0.926847
103.337	-49.5687	0.057
103.307	-49.8201	-0.109167
103.308	-49.8321	-0.109167
103.308	-49.8321	0.791546
103.307	-49.8201	0.79927
103.357	-49.8161	-0.109167
103.357	-49.8161	0.79927
103.358	-49.8281	0.791546
103.358	-49.8281	-0.109167
103.399	-50.6213	0.0925734
103.335	-49.824	0.607483
103.335	-49.824	-0.0840453
103.399	-50.6213	-0.598955
103.404	-50.6209	0.0925734
103.404	-50.6209	-0.598955
103.34	-49.8236	-0.0840453
103.34	-49.8236	0.607483
103.372	-50.6175	-0.607667
103.373	-50.6295	-0.607667
103.373	-50.6295	0.276637
103.372	-50.6175	0.28436
103.422	-50.6135	-0.607667
103.422	-50.6135	0.28436
103.423	-50.6254	0.276637
103.423	-50.6254	-0.607667
103.464	-51.4187	-0.422336
103.399	-50.6213	-0.582545
103.464	-51.4187	-1.09745
103.469	-51.4183	-0.422336
103.469	-51.4183	-1.09745
103.404	-50.6209	-0.582545
103.437	-51.4149	-1.09855
103.438	-51.4269	-1.09855
103.438	-51.4269	-0.238164
103.437	-51.4149	-0.230441
103.486	-51.4109	-1.09855
103.486	-51.4109	-0.230441
103.487	-51.4228	-0.238164
103.487	-51.4228	-1.09855
103.528	-52.2161	-0.937245
103.464	-51.4187	-1.08105
103.528	-52.2161	-1.59595
103.533	-52.2157	-0.937245
103.533	-52.2157	-1.59595
103.469	-51.4183	-1.08105
103.501	-52.2123	-1.77083
103.502	-52.2243	-1.77083
103.502	-52.2243	-0.753182
103.501	-52.2123	-0.745458
103.551	-52.2083	-1.77083
103.551	-52.2083	-0.745458
103.552	-52.2202	-0.753182
103.552	-52.2202	-1.77083
103.593	-53.0135	-1.45215
103.528	-52.2161	-1.57955
103.593	-53.0135	-2.09445
103.598	-53.0131	-1.45215
103.598	-53.0131	-2.09445
103.533	-52.2157	-1.57955
103.566	-53.0097	-2.26933
103.567	-53.0217	-2.26933
103.567	-53.0217	-1.26809
103.566	-53.0097	-1.26037
103.616	-53.0057	-2.26933
103.616	-53.0057	-1.26037
103.617	-53.0176	-1.26809
103.617	-53.0176	-2.26933
103.657	-53.8109	-1.96706
103.593	-53.0135	-2.07805
103.657	-53.8109	-2.59295
103.662	-53.8105	-1.96706
103.662	-53.8105	-2.59295
103.598	-53.0131	-2.07805
103.63	-53.8071	-2.76783
103.631	-53.819	-2.76783
103.631	-53.819	-1.783
103.63	-53.8071	-1.77528
103.68	-53.8031	-2.76783
103.68	-53.8031	-1.77528
103.681	-53.815	-1.783
103.681	-53.815	-2.76783
103.217	-48.6987	0.057
103.218	-48.7106	0.057
103.218	-48.7106	0.917387
103.217	-48.6987	0.925111
103.267	-48.6946	0.057
103.267	-48.6946	0.925111
103.268	-48.7066	0.917387
103.268	-48.7066	0.057
103.292	-49.6254	0.057
103.293	-49.6374	0.057
103.293	-49.6374	0.917387
103.292	-49.6254	0.925111
103.342	-49.6214	0.057
103.342	-49.6214	0.925111
103.343	-49.6333	0.917387
103.343	-49.6333	0.057
102.841	-44.0582	2.88183
102.842	-44.0701	2.88183
102.842	-44.0701	3.90703
102.841	-44.0582	3.91473
102.891	-44.0541	2.88183
102.891	-44.0541	3.91473
102.892	-44.0661	3.90703
102.892	-44.0661	2.88183
103.646	-53.9998	-2.76783
103.647	-54.0118	-2.76783
103.647	-54.0118	-1.90745
103.646	-53.9998	-1.89972
103.696	-53.9958	-2.76783
103.696	-53.9958	-1.89972
103.697	-54.0077	-1.90745
103.697	-54.0077	-2.76783
103.681	-54.005	-1.96901
103.662	-54.0066	-1.96901
103.662	-54.0066	-1.9928
103.681	-54.005	-1.9928
102.876	-44.0593	3.848
102.876	-44.0593	3.82423
102.856	-44.0609	3.82423
102.856	-44.0609	3.848
103.327	-49.6286	0.857
103.307	-49.6302	0.857
103.307	-49.6243	0.837
103.327	-49.6227	0.837
103.252	-48.7018	0.857
103.232	-48.7034	0.857
103.232	-48.6976	0.837
103.252	-48.696	0.837
103.681	-54.005	-2.06901
103.662	-54.0066	-2.06901
103.662	-54.0066	-2.0928
103.681	-54.005	-2.0928
102.876	-44.0593	3.748
102.876	-44.0593	3.72423
102.856	-44.0609	3.72423
102.856	-44.0609	3.748
103.327	-49.6286	0.757
103.307	-49.6302	0.757
103.307	-49.6243	0.737
103.327	-49.6227	0.737
103.252	-48.7018	0.757
103.232	-48.7034	0.757
103.232	-48.6976	0.737
103.252	-48.696	0.737
103.645	-54.0079	-1.89553
103.661	-54.0066	-1.90001
103.676	-54.0054	-1.90449
103.69	-54.0042	-1.89724
103.704	-54.0031	-1.88998
103.708	-54.0028	-1.8795
103.712	-54.0025	-1.86901
103.705	-54.003	-1.85576
103.699	-54.0036	-1.8425
103.683	-54.0048	-1.83801
103.668	-54.006	-1.83353
103.654	-54.0072	-1.84079
103.64	-54.0083	-1.84804
103.636	-54.0086	-1.85832
103.632	-54.0089	-1.86901
103.639	-54.0084	-1.88227
103.527	-51.8157	-0.435517
103.351	-49.6299	0.968147
103.345	-49.6337	0.979294
103.532	-51.8159	-0.444173
103.499	-51.8216	-0.423347
103.515	-51.8197	-0.427545
103.33	-49.6361	0.983065
103.492	-51.2868	-0.115376
103.358	-49.6261	0.957
103.459	-51.8209	-0.44002
103.286	-49.6371	0.974634
103.282	-49.6348	0.965817
103.467	-51.8241	-0.434038
103.314	-49.6384	0.986836
103.438	-51.592	-0.300264
103.498	-52.3482	-0.796629
103.483	-51.8222	-0.424443
103.3	-49.6378	0.980735
103.278	-49.6326	0.957
103.484	-51.9479	-0.508874
103.49	-51.8135	-0.488665
103.53	-51.8142	-0.471991
103.35	-49.6216	0.939366
103.353	-49.6234	0.946429
103.354	-49.6238	0.948027
103.458	-51.8191	-0.46785
103.552	-52.0424	-0.611377
103.284	-49.6288	0.945853
103.463	-51.8194	-0.4765
103.291	-49.625	0.934706
103.475	-51.8139	-0.483509
103.523	-51.8109	-0.477975
103.306	-49.6226	0.930935
103.507	-51.8129	-0.48757
103.321	-49.6203	0.927164
103.335	-49.6209	0.933265
103.526	-51.9379	-0.565103
103.284	-49.6291	0.946976
103.27	-48.7069	0.979294
103.255	-48.7093	0.983065
103.301	-49.1709	0.982975
103.237	-49.1141	0.964194
103.25	-49.2919	0.957
103.313	-49.1699	0.97466
103.246	-49.174	0.971418
103.32	-49.1844	0.965121
103.283	-48.6994	0.957
103.277	-48.7028	0.967023
103.285	-49.1744	0.986837
103.208	-48.7085	0.967571
103.211	-48.7104	0.974634
103.254	-49.1733	0.978998
103.269	-49.1757	0.985537
103.239	-48.7117	0.986836
103.225	-48.711	0.980735
103.31	-49.0401	0.957
103.207	-48.7081	0.965817
103.203	-48.7058	0.957
103.276	-48.7032	0.968147
103.209	-48.702	0.945853
103.216	-48.6982	0.934706
103.25	-49.1966	0.939908
103.24	-49.1475	0.948879
103.315	-49.158	0.942582
103.275	-49.1576	0.927163
103.26	-49.1599	0.931014
103.231	-48.6959	0.930935
103.323	-49.2178	0.949806
103.307	-49.1586	0.935002
103.275	-48.6948	0.939366
103.239	-48.6947	0.92905
103.246	-48.6935	0.927164
103.292	-49.1562	0.928463
103.26	-48.6942	0.933265
103.279	-48.6971	0.948183
102.829	-44.0631	3.95291
102.834	-44.0628	3.96125
102.84	-44.0622	3.9745
102.856	-44.061	3.97898
102.871	-44.0597	3.98346
102.878	-44.0592	3.97983
102.885	-44.0586	3.97621
102.899	-44.0575	3.96896
102.903	-44.0572	3.95848
102.907	-44.0568	3.948
102.9	-44.0574	3.93475
102.893	-44.0579	3.9215
102.878	-44.0592	3.91702
102.863	-44.0604	3.91254
102.849	-44.0616	3.91979
102.835	-44.0627	3.92704
102.831	-44.063	3.93752
102.827	-44.0633	3.948
103.101	-46.4751	2.40116
103.106	-46.5963	2.33189
103.057	-46.0893	2.66637
103.071	-46.3844	2.48228
102.976	-45.9078	2.75963
102.992	-46.0845	2.6542
103.066	-46.5	2.41163
103.057	-46.5329	2.38991
103.031	-46.4477	2.43555
103.035	-46.5787	2.3434
103.053	-46.8613	2.14536
103.005	-46.0106	2.72323
103.056	-45.9014	2.75964
103.017	-46.3782	2.44361
103.03	-46.2593	2.49886
103.018	-46.2383	2.5179
103.053	-46.7637	2.18691
103.058	-46.1597	2.56413
103.089	-46.6686	2.23267
103.054	-46.3766	2.41986
103.082	-46.3424	2.45239
103.103	-46.5248	2.34271

#	Triangle	289
3	1	2	0	1	3	19	17	18	16	17	19	33	31	32	30	31	33	47	45	46	44	45	47	61	59	60	58	59	61	75	73	74	72	73	75	83	81	82	80	81	83	99	97	98	96	97	99	107	105	106	104	105	107	123	121	122	120	121	123	137	135	136	134	135	137	151	149	150	148	149	151	165	163	164	162	163	165	179	177	178	176	177	179	187	185	186	184	185	187	195	193	194	192	193	195	203	201	202	200	201	203	211	209	210	208	209	211
7	5	6	4	5	7	23	21	22	20	21	23	37	35	36	34	35	37	51	49	50	48	49	51	65	63	64	62	63	65	79	77	78	76	77	79	87	85	86	84	85	87	103	101	102	100	101	103	111	109	110	108	109	111	127	125	126	124	125	127	141	139	140	138	139	141	155	153	154	152	153	155	169	167	168	166	167	169	183	181	182	180	181	183	191	189	190	188	189	191	199	197	198	196	197	199	207	205	206	204	205	207	215	213	214	212	213	215
7	0	4	1	0	7	23	16	20	17	16	23	37	30	34	31	30	37	51	44	48	45	44	51	65	58	62	59	58	65	79	72	76	73	72	79	87	80	84	81	80	87	93	90	94	91	90	93	103	96	100	97	96	103	111	104	108	105	104	111	127	120	124	121	120	127	141	134	138	135	134	141	155	148	152	149	148	155	169	162	166	163	162	169	183	176	180	177	176	183	191	184	188	185	184	191	199	192	196	193	192	199	207	200	204	201	200	207	215	208	212	209	208	215	231	226	230	227	226	231	247	242	246	243	242	247
6	1	7	2	1	6	22	17	23	18	17	22	36	31	37	32	31	36	50	45	51	46	45	50	64	59	65	60	59	64	78	73	79	74	73	78	86	81	87	82	81	86	102	97	103	98	97	102	110	105	111	106	105	110	126	121	127	122	121	126	140	135	141	136	135	140	154	149	155	150	149	154	168	163	169	164	163	168	182	177	183	178	177	182	190	185	191	186	185	190	198	193	199	194	193	198	214	209	215	210	209	214
5	2	6	3	2	5	21	18	22	19	18	21	35	32	36	33	32	35	49	46	50	47	46	49
4	3	5	0	3	4	20	19	21	16	19	20	34	33	35	30	33	34	48	47	49	44	47	48	62	61	63	58	61	62	76	75	77	72	75	76	84	83	85	80	83	84	100	99	101	96	99	100	108	107	109	104	107	108	124	123	125	120	123	124	138	137	139	134	137	138	152	151	153	148	151	152	166	165	167	162	165	166	180	179	181	176	179	180	188	187	189	184	187	188	196	195	197	192	195	196	212	211	213	208	211	212
11	9	10	8	9	11	26	8	25	24	8	26	40	24	39	38	24	40	54	38	53	52	38	54	68	52	67	66	52	68	115	113	114	112	113	115	130	112	129	128	112	130	158	142	157	156	142	158	172	156	171	170	156	172
15	13	14	12	13	15	12	28	29	27	28	12	27	42	43	41	42	27	41	56	57	55	56	41	55	70	71	69	70	55	95	93	94	92	93	95	119	117	118	116	117	119	131	146	147	145	146	131	145	160	161	159	160	145	159	174	175	173	174	159
15	8	12	9	8	15	12	24	27	8	24	12	27	38	41	24	38	27	41	52	55	38	52	41	55	66	69	52	66	55
14	9	15	10	9	14	29	8	12	25	8	29	43	24	27	39	24	43	57	38	41	53	38	57	71	52	55	67	52	71	118	113	119	114	113	118	133	112	116	129	112	133	161	142	145	157	142	161	175	156	159	171	156	175
13	10	14	11	10	13	28	25	29	26	25	28	42	39	43	40	39	42	56	53	57	54	53	56	70	67	71	68	67	70
12	11	13	8	11	12	27	26	28	24	26	27	41	40	42	38	40	41	55	54	56	52	54	55	69	68	70	66	68	69	116	115	117	112	115	116	145	144	146	142	144	145	159	158	160	156	158	159	173	172	174	170	172	173
63	60	64	61	60	63	77	74	78	75	74	77
85	82	86	83	82	85	95	88	92	89	88	95	101	98	102	99	98	101	229	224	228	225	224	229	245	240	244	241	240	245
91	89	90	88	89	91	144	128	143	142	128	144
94	89	95	90	89	94
92	91	93	88	91	92
109	106	110	107	106	109	125	122	126	123	122	125	153	150	154	151	150	153	167	164	168	165	164	167	181	178	182	179	178	181	189	186	190	187	186	189	197	194	198	195	194	197	213	210	214	211	210	213
119	112	116	113	112	119	112	128	116	131	142	145	145	156	159	142	156	145	159	170	173	156	170	159
117	114	118	115	114	117	132	129	133	144	143	146	160	157	161	158	157	160
116	132	133	131	132	116
116	128	131	128	142	131
130	129	132	146	143	147
131	130	132	128	130	131
139	136	140	137	136	139
147	128	131	143	128	147
174	171	175	172	171	174
206	201	207	202	201	206
205	202	206	203	202	205
204	203	205	200	203	204
219	217	218	216	217	219	235	233	234	232	233	235
223	221	222	220	221	223	239	237	238	236	237	239
225	216	224	217	216	225	241	232	240	233	232	241
226	217	225	242	233	241
218	217	226	234	233	242
227	218	226	219	218	227	243	234	242	235	234	243
224	219	227	240	235	243
216	219	224	220	231	221	232	235	240	236	247	237
230	225	229	246	241	245
226	225	230	242	241	246
228	227	231	244	243	247
224	227	228	240	243	244
223	228	220	239	244	236
229	228	223	245	244	239
222	229	223	238	245	239
230	229	222	246	245	238
221	230	222	231	230	221	237	246	238	247	246	237
228	231	220	244	247	236
251	249	250	251	248	249	252	248	251	257	258	259
252	263	248
253	263	252
253	262	263
254	262	253
255	262	254
255	261	262
255	260	261
256	260	255
256	259	260
257	259	256
255	264	256
264	265	266
267	264	255
268	258	257
256	269	257
266	270	269
272	254	271
267	254	272
275	273	274
273	276	274
268	270	277
276	273	260
279	261	278
273	261	260
281	280	277
275	282	278
259	280	283
262	261	279
280	281	283
281	274	276
259	276	260
278	273	275
261	273	278
282	279	278
265	264	267
269	256	264
267	255	254
268	269	270
280	258	268
269	264	266
268	257	269
268	277	280
259	258	280
272	265	267
259	283	276
281	276	283
284	250	249	249	248	294
288	286	287	291	282	301	321	313	320	302	311	322	301	293	291	335	330	334	287	272	288	310	322	311	314	320	313	330	324	334
285	286	288
262	289	263
254	290	271
289	291	292
292	293	294
249	294	284
252	285	253
254	253	290
295	252	251
296	284	294
299	297	298
286	285	295
292	248	263
297	251	250
285	252	295
253	285	290
296	294	293
286	295	299
299	300	297
288	272	271
290	285	288
288	271	290
294	248	292
291	293	292
289	292	263
282	262	279
289	262	282
297	250	284
296	298	284
297	300	251
284	298	297
289	282	291
251	300	295
299	295	300
304	302	303
306	275	305
307	266	265
274	308	275
311	309	310
312	270	304
303	312	304
314	313	308
275	308	305
315	274	281
311	307	309
318	316	317
314	308	315
312	277	270
316	281	277
308	274	315
310	272	319
309	272	310
265	272	309
275	306	282
314	315	318
315	316	318
305	313	321
308	313	305
321	306	305
316	277	312
303	317	312
307	302	304
270	266	304
304	266	307
307	311	302
316	315	281
312	317	316
307	265	309
325	323	324
321	282	306
326	282	321
327	287	286
328	298	296
293	329	296
324	330	329
325	293	301
319	272	331
327	332	333
328	330	335
332	327	286
287	327	331
337	336	335
282	326	301
299	336	332
310	319	338
337	332	336
338	327	333
337	333	332
299	332	286
338	331	327
331	272	287
338	319	331
325	329	293
326	323	325
328	329	330
336	298	328
329	325	324
328	296	329
328	335	336
299	298	336
325	301	326
321	323	326
353	351	352	341	345	346
353	350	351	354	350	353
354	349	350	341	346	340
355	349	354
355	348	349
356	348	355
339	348	356
339	347	348
340	347	339
340	346	347
342	345	341
342	344	345	343	344	342
358	322	357
359	302	358
360	359	345
360	345	344
362	339	361
364	317	363
340	365	341
314	365	366
366	340	362
357	322	310
366	365	340
366	320	314
321	361	367
362	361	321
318	368	365
364	368	318
359	360	302
368	341	365
361	339	356
342	364	363
318	365	314
341	368	342
364	342	368
363	343	342
318	317	364
363	344	343
303	363	317
360	303	302
344	363	360
363	303	360
345	359	346
358	346	359
357	347	358
302	322	358
369	348	347
358	347	346
347	357	369
310	369	357
320	362	321
340	339	362
320	366	362
321	370	323
334	324	371
373	354	372
324	372	371
372	353	371
321	367	370
351	374	375
370	373	323
376	351	375
350	377	374
338	333	378
372	324	373
374	377	337
323	373	324
375	335	376
369	349	348
354	370	355
376	335	334
356	367	361
355	367	356
354	353	372
352	371	353
376	371	352
334	371	376
351	376	352
335	375	337
374	337	375
377	333	337
351	350	374
338	369	310
349	377	350
377	349	378
354	373	370
369	378	349
367	355	370
333	377	378
369	338	378

#	Normal	289
-0.996736	-0.0807285	-0
0.996736	0.0807285	-0
-0	-0	-1
0.0807047	-0.996738	-0
0.0436075	-0.538571	0.841451
-0.0807047	0.996738	-0
-0.996738	-0.0807031	0
0.996738	0.0807031	0
0.0434756	-0.538591	0.841445
-0.0804593	0.996758	-0
-0.0434756	0.538591	-0.841445
0.0804593	-0.996758	-0
0.043608	-0.538577	0.841447
-0	0	1
-0.996739	-0.0806934	0
-0.081362	0.996685	-0
0.0812353	-0.996695	-0
0.0436788	-0.539452	0.840883
0.0435463	-0.539467	0.84088
-0.0435463	0.539467	-0.84088
0.996739	0.0806934	0
0.0436142	-0.539461	0.84088
-0.0436142	0.539461	-0.84088
0.0805848	-0.996748	-0
0.0436789	-0.539453	0.840882
-0.0805848	0.996748	-0
-0.0435463	0.539466	-0.84088
0.0806921	-0.996739	-0
0.0436016	-0.538584	0.841443
-0.0806921	0.996739	-0
0.0806533	-0.996742	-0
-0.0806847	0.99674	-0
0.0436513	-0.539458	0.84088
-0.996734	-0.0807595	9.02933e-005
-0.996738	-0.080702	-0
-0.0436513	0.539458	-0.84088
0.996734	0.0807599	-9.01725e-005
0.996738	0.0807015	-0
-0.996738	-0.0807063	-0.0002361
-0.996739	-0.080699	0.000108125
0.996738	0.0807073	-0.000152953
0.996738	0.0807063	-0.000105962
0.0435974	-0.538582	0.841445
0.0435805	-0.538583	0.841445
-0.996738	-0.0807012	0
-0.996748	-0.0805757	-0.000197667
-0.0435974	0.538581	-0.841445
0.996731	0.080786	-0.000129805
0.0807422	-0.996735	-0.000161064
0.0807085	-0.996738	0.000200243
0.0806915	-0.996739	5.54483e-005
0.0806977	-0.996739	-9.88699e-005
0.0807175	-0.996737	4.59526e-005
0.0807175	-0.996737	-8.89225e-005
0.0807352	-0.996736	-0.000187034
0.080718	-0.996737	0.000281442
0.080672	-0.996741	-0.000111727
0.080662	-0.996742	-4.69617e-006
0.0806809	-0.99674	0.00049501
0.879281	-0.206941	0.428999
0.87954	-0.204966	0.429417
0.832946	-0.252028	0.492628
0.278416	-0.50566	0.816573
0.278303	-0.505685	0.816597
0.278313	-0.504386	0.817396
4.72018e-006	-6.77397e-006	1.1082e-005
0.978335	-0.0504471	0.20079
-0.897391	-0.287924	0.33435
-0.691784	-0.430535	0.579719
0.278563	-0.504333	0.817344
-0.691804	-0.430291	0.579877
-0.953942	-0.213947	0.210289
-0.897257	-0.288886	0.333878
-0.356023	-0.526448	0.772075
-0.897379	-0.287773	0.334511
-0.271753	-0.538347	0.797705
-0.897239	-0.288496	0.334265
-0.302317	-0.533456	0.789955
-0.356033	-0.526622	0.771952
-0.355754	-0.527618	0.7714
-0.865019	-0.319215	0.387095
-0.885757	-0.300717	0.353559
-0.97859	-0.161569	0.127503
0.833556	-0.249444	0.492912
0.594008	-0.40166	0.697011
0.879225	-0.20727	0.428954
0.278435	-0.50436	0.817371
-0.0348661	-0.543921	0.838412
0.593992	-0.402155	0.696738
0.27838	-0.505668	0.816581
-0.0348319	-0.544343	0.838139
-0.355684	-0.527803	0.771306
0.879304	-0.20495	0.429907
-0.498618	-0.499365	0.70853
-0.465903	-0.50543	0.726275
-0.278534	0.504342	-0.817348
1.52445e-008	5.50709e-008	7.26318e-009
0.897126	0.289025	-0.334111
-0.879699	0.204527	-0.4293
0.978633	0.161451	-0.12732
-0.832693	0.252252	-0.492941
-0.593789	0.401763	-0.697138
-0.278558	0.504337	-0.817343
0.897507	0.2878	-0.334145
0.897578	0.287561	-0.33416
0.356106	0.526613	-0.771925
-0.278346	0.505673	-0.816589
0.355789	0.527785	-0.771269
0.691492	0.430436	-0.580141
-0.879613	0.20489	-0.429303
0.356165	0.526429	-0.772023
0.691473	0.43068	-0.579983
0.864954	0.319272	-0.387194
-0.278434	0.505655	-0.816571
0.355786	0.527612	-0.77139
0.302254	0.535032	-0.788913
0.897305	0.288425	-0.334147
0.885654	0.300818	-0.35373
0.954006	0.213836	-0.210113
-0.593827	0.40223	-0.696836
-0.879444	0.206765	-0.42875
-0.833304	0.249668	-0.493225
-4.51e-007	-3.93973e-006	6.04453e-006
-0.978312	0.0505074	-0.200883
0.0346805	0.544337	-0.83815
-0.278446	0.505652	-0.816569
0.272685	0.536542	-0.798602
0.0347145	0.543917	-0.838421
-0.879178	0.207321	-0.429027
0.499499	0.497126	-0.709483
0.464739	0.507457	-0.725607
0.235431	0.0233335	0.971611
-0.962483	-0.0820336	0.258643
0.858283	0.0642428	0.50914
-0.914699	-0.0766886	0.396794
0.855781	0.0752177	0.511842
0.236876	0.0149108	0.971425
0.23507	0.0232974	0.971699
-0.914455	-0.0714162	0.398337
-0.894996	-0.0756609	0.439611
-0.396191	-0.0362831	0.917451
0.840399	0.0737303	0.536929
-0.395958	-0.0276464	0.917853
-0.690718	-0.0568566	0.720886
0.236688	0.0148923	0.971472
-0.396018	-0.0364934	0.917517
-0.690868	-0.054998	0.720886
-0	-0	-8.8327e-007
0.980282	0.0793739	0.180963
0.858263	0.0630431	0.509324
-0.914621	-0.0740548	0.397472
-0.395973	-0.0278376	0.91784
-0.40092	-0.0281342	0.915681
-0.914542	-0.0696485	0.398449
-0.873274	-0.0673558	0.482551
-0.983817	-0.0796486	0.160502
-0.0783794	-0.00493506	0.996911
0.235321	0.0233133	0.971638
0.557682	0.0435879	0.828909
0.236578	0.0148923	0.971498
0.55743	0.0467018	0.828909
0.856038	0.0745235	0.511513
-0.401962	-0.036871	0.914914
-0.0781522	-0.0077391	0.996911
0.833057	0.0615678	0.549751
-0.858037	-0.0642359	-0.509555
-0	-0	-1.77847e-006
-0.98037	-0.0793727	-0.180485
0.914818	0.0714542	-0.397495
-0.235432	-0.0233252	-0.971611
-0.235313	-0.023326	-0.97164
-0.236693	-0.0148802	-0.97147
-0.85584	-0.0753216	-0.511727
0.983933	0.0796711	-0.159776
0.691222	0.0550326	-0.720544
-0.236579	-0.0148821	-0.971498
0.691072	0.0568933	-0.720544
0.872871	0.067318	-0.483286
0.396193	0.0365122	-0.917441
-0.855759	-0.0752167	-0.511878
0.40091	0.0281274	-0.915686
0.914609	0.0740538	-0.397499
0.401951	0.036878	-0.914918
0.914686	0.0766893	-0.396822
0.396183	0.0362902	-0.917454
0.395795	0.0278208	-0.917917
0.894669	0.0756446	-0.440279
0.914327	0.0696217	-0.398947
0.962638	0.0820637	-0.258059
-0.569762	-0.0443158	-0.820614
-0.829741	-0.0613721	-0.554764
-0.236332	-0.0148577	-0.971559
0.078112	0.00773556	-0.996915
-0.562946	-0.0472682	-0.825141
-0.235084	-0.0233031	-0.971696
0.078339	0.00493124	-0.996915
0.395964	0.0276413	-0.91785
-0.857937	-0.0754279	-0.508188
-0.858536	-0.0630594	-0.508861
-0.0806809	0.99674	0.000495345
-0.0807422	0.996735	-0.000161169
-0.0807347	0.996736	-8.03885e-005
-0.0807481	0.996735	3.47945e-005
-0.0807409	0.996735	0.000216642
-0.080669	0.996741	-0.000307873
-0.080669	0.996741	0.000526328
-0.0806989	0.996739	5.27889e-005
-0.0806942	0.996739	-1.0475e-005
-0.0807065	0.996738	-0.000321563
-0.080643	0.996743	-0.000504745
-7.0696e-006	8.73798e-005	-4.42505e-008
0.871953	-0.214332	0.440181
0.680708	-0.356974	0.639692
0.439889	-0.460144	0.77121
0.436028	-0.461384	0.77266
-0.972757	-0.175467	0.15151
-0.0383149	-0.543292	0.838669
-0.835048	-0.343823	0.429512
-0.700706	-0.425524	0.572661
-0.829963	-0.347202	0.436591
0.879401	-0.206524	0.428954
-0.712601	-0.418935	0.562755
-0.897163	-0.288685	0.334305
-2.76563e-006	-6.07343e-006	9.07938e-006
-0.977328	-0.164785	0.132947
-0.43647	-0.512707	0.739341
-0.296772	-0.534754	0.791179
0.467533	-0.451728	0.759838
-0.469393	-0.504858	0.724423
-0.834936	-0.344243	0.429394
-0.041368	-0.542673	0.838925
-0.356012	-0.526724	0.771892
-0.193775	-0.541658	0.817959
-0.200375	-0.541294	0.81661
-0.19369	-0.542131	0.817666
-0.355866	-0.526829	0.771888
0.436452	-0.462353	0.771841
0.278314	-0.504632	0.817244
0.278445	-0.504906	0.81703
0.20688	-0.517541	0.830272
0.218303	-0.516653	0.827897
0.436247	-0.461329	0.77257
0.676253	-0.359558	0.642962
0.8577	-0.227018	0.461317
0.879155	-0.206741	0.429354
0.932021	-0.139916	0.334306
0.932027	-0.13975	0.334358
0.975181	-0.0579277	0.213695
0.984128	-0.0326944	0.174423
-0.897161	-0.288696	0.334301
-0.835352	-0.343059	0.429531
-0.895304	-0.290648	0.337572
-0.879548	0.204267	-0.429734
-0.278355	0.503406	-0.817986
-0.647324	0.375082	-0.66354
-0.438583	0.461255	-0.771291
-0.436074	0.462973	-0.771683
-0.977738	0.0518291	-0.203328
0.236536	0.540386	-0.807486
-0.864773	0.219586	-0.451607
0.090925	0.545264	-0.833318
0.499996	0.497185	-0.709092
0.897427	0.287521	-0.334598
-0.651424	0.373012	-0.660688
0.483488	0.500588	-0.718088
-0.879265	0.204665	-0.430123
0.0683348	0.544324	-0.836087
0.834942	0.344241	-0.429383
-0.931929	0.140676	-0.334243
-0.278443	0.503787	-0.817721
-4.00125e-006	-1.18021e-006	1.32904e-006
-0.932	0.13995	-0.33435
-0.435844	0.463046	-0.771769
-0.43595	0.463013	-0.77173
-0.189454	0.52076	-0.832416
-0.19288	0.519881	-0.832179
0.193631	0.542722	-0.817288
0.356235	0.525629	-0.772535
0.329763	0.529295	-0.781731
0.356045	0.525979	-0.772385
0.193447	0.542936	-0.817189
0.897267	0.288147	-0.334491
0.834685	0.344876	-0.429374
0.735097	0.409119	-0.540605
-0.832183	0.251127	-0.494374
0.919519	0.263572	-0.291573
-0.983026	0.0368598	-0.179726
0.719485	0.416463	-0.555788
0.947739	0.223169	-0.228006

#	Mesh	0	End

