#	Mesh	0	Begin

#	Vertex	544
96.9498	-51.375	-8.0491
96.9498	-51.375	-7.13289
96.9488	-51.3631	-7.14005
96.9488	-51.3631	-8.0491
96.9996	-51.371	-8.0491
96.9986	-51.359	-8.0491
96.9986	-51.359	-7.14005
96.9996	-51.371	-7.13289
96.9114	-50.5695	-7.80208
96.9114	-50.5695	-8.52201
96.9759	-51.3669	-8.04459
96.9759	-51.3669	-7.32465
96.9163	-50.5691	-7.80208
96.9809	-51.3665	-7.32465
96.9809	-51.3665	-8.04459
96.9163	-50.5691	-8.52201
96.8852	-50.5776	-8.5504
96.8852	-50.5776	-7.61032
96.8842	-50.5657	-7.61748
96.8842	-50.5657	-8.5504
96.935	-50.5736	-8.5504
96.9341	-50.5616	-8.5504
96.9341	-50.5616	-7.61748
96.935	-50.5736	-7.61032
96.8468	-49.7721	-8.2795
96.8468	-49.7721	-8.85621
96.9114	-50.5695	-8.37879
96.8518	-49.7717	-8.2795
96.9163	-50.5691	-8.37879
96.8518	-49.7717	-8.85621
96.8206	-49.7802	-9.0517
96.8206	-49.7802	-8.08775
96.8197	-49.7683	-8.09491
96.8197	-49.7683	-9.0517
96.8705	-49.7762	-9.0517
96.8695	-49.7643	-9.0517
96.8695	-49.7643	-8.09491
96.8705	-49.7762	-8.08775
96.7822	-48.9747	-8.75693
96.7822	-48.9747	-9.35751
96.8468	-49.7721	-8.88009
96.7872	-48.9743	-8.75693
96.8518	-49.7717	-8.88009
96.7872	-48.9743	-9.35751
96.7561	-48.9829	-9.553
96.7561	-48.9829	-8.56518
96.7551	-48.9709	-8.57234
96.7551	-48.9709	-9.553
96.8059	-48.9788	-9.553
96.805	-48.9669	-9.553
96.805	-48.9669	-8.57234
96.8059	-48.9788	-8.56518
96.7332	-48.7	-9.553
96.7332	-48.7	-8.68315
96.7322	-48.688	-8.68315
96.7322	-48.688	-9.553
96.783	-48.6959	-9.553
96.782	-48.684	-9.553
96.782	-48.684	-8.68315
96.783	-48.6959	-8.68315
96.6948	-47.8944	-8.873
96.6948	-47.8944	-9.453
96.7593	-48.6918	-9.453
96.7593	-48.6918	-8.873
96.6998	-47.894	-8.873
96.7643	-48.6914	-8.873
96.7643	-48.6914	-9.453
96.6998	-47.894	-9.453
96.6686	-47.9026	-9.553
96.6686	-47.9026	-8.68315
96.6676	-47.8906	-8.68315
96.6676	-47.8906	-9.553
96.7185	-47.8985	-9.553
96.7175	-47.8866	-9.553
96.7175	-47.8866	-8.68315
96.7185	-47.8985	-8.68315
96.6302	-47.097	-8.873
96.6302	-47.097	-9.453
96.6352	-47.0966	-8.873
96.6352	-47.0966	-9.453
96.6041	-47.1052	-9.553
96.6041	-47.1052	-8.68315
96.6031	-47.0932	-8.68315
96.6031	-47.0932	-9.553
96.6539	-47.1011	-9.553
96.6529	-47.0892	-9.553
96.6529	-47.0892	-8.68315
96.6539	-47.1011	-8.68315
96.5528	-47.0443	-9.553
96.5528	-47.0443	-8.68315
96.5408	-47.0453	-8.68315
96.5408	-47.0453	-9.553
96.5488	-46.9944	-9.553
96.5368	-46.9954	-9.553
96.5368	-46.9954	-8.68315
96.5488	-46.9944	-8.68315
95.7473	-47.0827	-8.873
95.7473	-47.0827	-9.453
96.5447	-47.0181	-9.453
96.5447	-47.0181	-8.873
95.7469	-47.0777	-8.873
96.5443	-47.0131	-8.873
96.5443	-47.0131	-9.453
95.7469	-47.0777	-9.453
95.7554	-47.1088	-9.553
95.7554	-47.1088	-8.68315
95.7434	-47.1098	-8.68315
95.7434	-47.1098	-9.553
95.7514	-47.059	-9.553
95.7394	-47.06	-9.553
95.7394	-47.06	-8.68315
95.7514	-47.059	-8.68315
94.9499	-47.1473	-8.873
94.9499	-47.1473	-9.453
94.9495	-47.1423	-8.873
94.9495	-47.1423	-9.453
94.958	-47.1734	-9.553
94.958	-47.1734	-8.68315
94.946	-47.1744	-8.68315
94.946	-47.1744	-9.553
94.954	-47.1236	-9.553
94.942	-47.1245	-9.553
94.942	-47.1245	-8.68315
94.954	-47.1236	-8.68315
94.1525	-47.2118	-8.873
94.1525	-47.2118	-9.453
94.1521	-47.2068	-8.873
94.1521	-47.2068	-9.453
94.1606	-47.238	-9.553
94.1606	-47.238	-8.68315
94.1487	-47.2389	-8.68315
94.1487	-47.2389	-9.553
94.1566	-47.1881	-9.553
94.1446	-47.1891	-9.553
94.1446	-47.1891	-8.68315
94.1566	-47.1881	-8.68315
94.1182	-47.4349	-9.553
94.1182	-47.4349	-8.68315
94.1192	-47.4469	-8.68315
94.1192	-47.4469	-9.553
94.0684	-47.439	-9.553
94.0693	-47.4509	-9.553
94.0693	-47.4509	-8.68315
94.0684	-47.439	-8.68315
94.1567	-48.2404	-8.873
94.1567	-48.2404	-9.453
94.0921	-47.4431	-9.453
94.0921	-47.4431	-8.873
94.1517	-48.2408	-8.873
94.0871	-47.4435	-8.873
94.0871	-47.4435	-9.453
94.1517	-48.2408	-9.453
94.1828	-48.2323	-9.553
94.1828	-48.2323	-8.68315
94.1838	-48.2443	-8.68315
94.1838	-48.2443	-9.553
94.133	-48.2363	-9.553
94.134	-48.2483	-9.553
94.134	-48.2483	-8.68315
94.133	-48.2363	-8.68315
94.2213	-49.0378	-8.873
94.2213	-49.0378	-9.453
94.2163	-49.0382	-8.873
94.2163	-49.0382	-9.453
94.2474	-49.0297	-9.553
94.2474	-49.0297	-8.68315
94.2484	-49.0417	-8.68315
94.2484	-49.0417	-9.553
94.1976	-49.0337	-9.553
94.1986	-49.0457	-9.553
94.1986	-49.0457	-8.68315
94.1976	-49.0337	-8.68315
94.275	-49.3696	-9.7201
94.275	-49.3696	-8.75076
94.2759	-49.3815	-8.75758
94.2759	-49.3815	-9.7201
94.2251	-49.3736	-9.7201
94.2261	-49.3856	-9.7201
94.2261	-49.3856	-8.75758
94.2251	-49.3736	-8.75076
94.3134	-50.1751	-9.39676
94.3134	-50.1751	-10.0143
94.2488	-49.3777	-9.56007
94.2488	-49.3777	-8.94249
94.3084	-50.1755	-9.39676
94.2438	-49.3781	-8.94249
94.2438	-49.3781	-9.56007
94.3084	-50.1755	-10.0143
94.3396	-50.167	-10.0738
94.3396	-50.167	-9.20503
94.3405	-50.1789	-9.21185
94.3405	-50.1789	-10.0738
94.2897	-50.171	-10.0738
94.2907	-50.1829	-10.0738
94.2907	-50.1829	-9.21185
94.2897	-50.171	-9.20503
94.378	-50.9725	-9.85103
94.378	-50.9725	-10.5156
94.3134	-50.1751	-10.0614
94.373	-50.9729	-9.85103
94.3084	-50.1755	-10.0614
94.373	-50.9729	-10.5156
94.4042	-50.9643	-10.5556
94.4042	-50.9643	-9.6593
94.4052	-50.9763	-9.66611
94.4052	-50.9763	-10.5556
94.3543	-50.9684	-10.5556
94.3553	-50.9803	-10.5556
94.3553	-50.9803	-9.66611
94.3543	-50.9684	-9.6593
94.4426	-51.7699	-10.3053
94.4426	-51.7699	-11.0169
94.378	-50.9725	-10.5627
94.4377	-51.7703	-10.3053
94.373	-50.9729	-10.5627
94.4377	-51.7703	-11.0169
94.4688	-51.7617	-11.0569
94.4688	-51.7617	-10.1136
94.4698	-51.7737	-10.1204
94.4698	-51.7737	-11.0569
94.419	-51.7658	-11.0569
94.4199	-51.7777	-11.0569
94.4199	-51.7777	-10.1204
94.419	-51.7658	-10.1136
96.7399	-48.7835	-9.553
96.7399	-48.7835	-8.68315
96.739	-48.7715	-8.68315
96.739	-48.7715	-9.553
96.7898	-48.7795	-9.553
96.7888	-48.7675	-9.553
96.7888	-48.7675	-8.68315
96.7898	-48.7795	-8.68315
96.6297	-47.0381	-9.553
96.6297	-47.0381	-8.68315
96.6178	-47.039	-8.68315
96.6178	-47.039	-9.553
96.6257	-46.9882	-9.553
96.6137	-46.9892	-9.553
96.6137	-46.9892	-8.68315
96.6257	-46.9882	-8.68315
94.1001	-47.2118	-9.553
94.1001	-47.2118	-8.68315
94.1011	-47.2237	-8.68315
94.1011	-47.2237	-9.553
94.0503	-47.2158	-9.553
94.0513	-47.2278	-9.553
94.0513	-47.2278	-8.68315
94.0503	-47.2158	-8.68315
94.2655	-49.2528	-9.553
94.2655	-49.2528	-8.68427
94.2665	-49.2648	-8.69108
94.2665	-49.2648	-9.553
94.2157	-49.2569	-9.553
94.2166	-49.2688	-9.553
94.2166	-49.2688	-8.69108
94.2157	-49.2569	-8.68427
96.9658	-51.5724	-8.0491
96.9658	-51.5724	-7.01473
96.9648	-51.5604	-7.02189
96.9648	-51.5604	-8.0491
97.0156	-51.5683	-8.0491
97.0146	-51.5564	-8.0491
97.0146	-51.5564	-7.02189
97.0156	-51.5683	-7.01473
94.4781	-51.8765	-11.0569
94.4781	-51.8765	-10.1789
94.4791	-51.8884	-10.1857
94.4791	-51.8884	-11.0569
94.4283	-51.8805	-11.0569
94.4292	-51.8925	-11.0569
94.4292	-51.8925	-10.1857
94.4283	-51.8805	-10.1789
94.4439	-51.8873	-10.2488
94.4439	-51.8873	-10.2718
94.4638	-51.8856	-10.2718
94.4638	-51.8856	-10.2488
94.2311	-49.2617	-8.753
94.2307	-49.2564	-8.773
94.2506	-49.2548	-8.773
94.251	-49.26	-8.753
94.0649	-47.2106	-8.753
94.0649	-47.2106	-8.773
94.0865	-47.2289	-8.773
94.0865	-47.2289	-8.753
96.6309	-47.0028	-8.753
96.6309	-47.0028	-8.773
96.6126	-47.0244	-8.773
96.6126	-47.0244	-8.753
96.7743	-48.7747	-8.753
96.7748	-48.7802	-8.773
96.7549	-48.7818	-8.773
96.7544	-48.7763	-8.753
97.0003	-51.5656	-7.082
96.9804	-51.5672	-7.082
96.9804	-51.5672	-7.10529
97.0003	-51.5656	-7.10529
94.4439	-51.8873	-10.3488
94.4439	-51.8873	-10.3718
94.4638	-51.8856	-10.3718
94.4638	-51.8856	-10.3488
94.2311	-49.2617	-8.853
94.2307	-49.2564	-8.873
94.2506	-49.2548	-8.873
94.251	-49.26	-8.853
94.0649	-47.2106	-8.853
94.0649	-47.2106	-8.873
94.0865	-47.2289	-8.873
94.0865	-47.2289	-8.853
96.6309	-47.0028	-8.853
96.6309	-47.0028	-8.873
96.6126	-47.0244	-8.873
96.6126	-47.0244	-8.853
96.7743	-48.7747	-8.853
96.7748	-48.7802	-8.873
96.7549	-48.7818	-8.873
96.7544	-48.7763	-8.853
97.0003	-51.5656	-7.182
96.9804	-51.5672	-7.182
96.9804	-51.5672	-7.20529
97.0003	-51.5656	-7.20529
94.4265	-51.8887	-10.1744
94.442	-51.8874	-10.1788
94.4574	-51.8862	-10.1831
94.4714	-51.885	-10.1761
94.4855	-51.8839	-10.1691
94.4893	-51.8836	-10.1589
94.4931	-51.8833	-10.1488
94.4865	-51.8838	-10.136
94.4799	-51.8843	-10.1232
94.4645	-51.8856	-10.1188
94.449	-51.8868	-10.1145
94.435	-51.888	-10.1215
94.421	-51.8891	-10.1285
94.4184	-51.8893	-10.1352
94.4133	-51.8897	-10.1488
94.4199	-51.8892	-10.1616
94.2133	-49.2572	-8.67529
94.2287	-49.2549	-8.67907
94.3265	-50.5706	-9.42807
94.275	-49.255	-8.66476
94.3813	-50.5699	-9.41756
94.2723	-49.2536	-8.67063
94.3145	-50.5757	-9.42082
94.4064	-50.8137	-9.53948
94.3086	-50.5766	-9.41049
94.2006	-49.2641	-8.653
94.207	-49.2607	-8.66415
94.3424	-50.5701	-9.43297
94.3683	-50.3598	-9.28953
94.364	-50.4543	-9.35973
94.3646	-50.5676	-9.42902
94.2582	-49.2532	-8.67673
94.3543	-50.5693	-9.43261
94.2771	-49.256	-8.66012
94.2803	-49.2577	-8.653
94.244	-49.2527	-8.68284
94.2873	-50.3337	-9.26231
94.3791	-50.5717	-9.38098
94.274	-49.2611	-8.64185
94.2728	-49.2618	-8.63981
94.2676	-49.2646	-8.63071
94.3842	-50.5719	-9.38928
94.3513	-50.5773	-9.36882
94.367	-50.5755	-9.37295
94.2523	-49.2668	-8.62693
94.3124	-50.5775	-9.38423
94.2086	-49.2681	-8.63537
94.2046	-49.2661	-8.64418
94.3114	-50.4679	-9.31374
94.2228	-49.2686	-8.62927
94.2369	-49.2691	-8.62316
94.3256	-50.7905	-9.5139
94.3393	-50.5781	-9.36919
94.3291	-50.5798	-9.37278
94.2766	-49.2597	-8.6464
94.1333	-48.2256	-8.67744
94.1252	-48.2263	-8.67167
94.0795	-47.223	-8.68284
94.0947	-47.2359	-8.67673
94.1698	-48.2372	-8.68155
94.0406	-47.1899	-8.6665
94.0462	-47.1947	-8.67529
94.1534	-48.2385	-8.68283
94.1164	-48.1846	-8.66479
94.1424	-48.2253	-8.68106
94.0629	-47.2089	-8.67907
94.1099	-47.2488	-8.67063
94.114	-47.2523	-8.66182
94.1944	-48.251	-8.66664
94.1881	-48.2515	-8.67342
94.1797	-48.2443	-8.67829
94.1897	-48.1532	-8.66002
94.1163	-48.2233	-8.653
94.0363	-47.1862	-8.65975
94.1131	-48.184	-8.653
94.0319	-47.1826	-8.653
94.0396	-47.1891	-8.66502
94.1976	-48.2364	-8.653
94.1181	-47.2558	-8.653
94.1992	-48.2562	-8.653
94.0872	-47.2296	-8.62693
94.0705	-47.2154	-8.62316
94.162	-48.2416	-8.62316
94.1039	-47.2437	-8.63071
94.1904	-48.2538	-8.63444
94.111	-47.2498	-8.64185
94.1981	-48.2843	-8.64101
94.1827	-48.2544	-8.62885
94.1731	-48.2479	-8.62509
94.1281	-48.3561	-8.64602
94.1211	-48.2291	-8.63937
94.0554	-47.2025	-8.62927
94.1449	-48.2351	-8.62449
94.1278	-48.2286	-8.63231
94.0352	-47.1853	-8.64604
94.0402	-47.1896	-8.63537
94.0377	-47.1874	-8.64071
94.0348	-47.185	-8.64686
94.1399	-48.2837	-8.62763
95.3281	-47.0805	-8.66414
95.3474	-47.1007	-8.68069
95.3461	-47.0842	-8.67101
96.6468	-46.9841	-8.67529
95.3467	-47.0916	-8.67668
96.6184	-47.0175	-8.68284
95.3483	-47.1118	-8.68283
96.6326	-47.0008	-8.67907
96.5926	-47.0478	-8.67063
96.5891	-47.0519	-8.66182
95.3515	-47.1516	-8.66664
95.351	-47.1455	-8.67325
96.6055	-47.0326	-8.67673
95.3496	-47.1283	-8.68155
96.6529	-46.977	-8.66415
96.6511	-46.9791	-8.66745
95.3504	-47.1378	-8.67814
95.2528	-47.1629	-8.65998
96.5856	-47.0561	-8.653
95.4738	-47.1461	-8.653
95.4384	-47.1489	-8.653
95.3454	-47.0762	-8.653
95.5471	-47.0599	-8.653
96.6589	-46.9699	-8.653
96.655	-46.9745	-8.66022
95.349	-47.1202	-8.62316
95.3503	-47.136	-8.62699
96.6119	-47.0251	-8.62693
95.3517	-47.1531	-8.64181
95.3513	-47.1483	-8.63535
95.3459	-47.0817	-8.63777
96.6519	-46.9781	-8.63537
96.6554	-46.974	-8.64418
96.5978	-47.0418	-8.63071
95.5145	-47.0758	-8.63074
96.639	-46.9933	-8.62927
95.3515	-47.0771	-8.6453
96.656	-46.9734	-8.64552
95.348	-47.1079	-8.62364
96.5917	-47.0489	-8.64185
95.3472	-47.0977	-8.62637
96.6261	-47.0085	-8.62316
96.7236	-47.8814	-8.67208
96.7149	-47.8822	-8.67799
96.6626	-47.9928	-8.65996
96.7251	-48.7787	-8.653
96.6499	-47.8497	-8.653
96.6482	-47.8284	-8.653
96.6977	-47.8918	-8.68283
96.7768	-48.7817	-8.67907
96.7691	-48.7829	-8.68095
96.7615	-48.784	-8.68284
96.7922	-48.7794	-8.67529
96.6659	-47.9151	-8.67338
96.7117	-47.9488	-8.68121
96.7331	-48.7829	-8.67063
96.7291	-48.7808	-8.66182
96.6596	-47.9156	-8.66664
96.7473	-48.7835	-8.67673
96.6823	-47.9076	-8.68153
96.7246	-47.8238	-8.66517
96.7985	-48.7758	-8.66415
96.6731	-47.9083	-8.67826
96.7319	-47.8711	-8.653
96.7341	-47.8989	-8.653
96.8049	-48.7722	-8.653
96.6636	-47.907	-8.63402
96.7378	-48.7715	-8.63071
96.6717	-47.9063	-8.62838
96.7332	-48.7741	-8.63881
96.7531	-48.7692	-8.62693
96.6618	-47.952	-8.6406
96.6891	-47.8884	-8.62316
96.6801	-47.8993	-8.62487
96.7827	-48.7675	-8.62927
96.7115	-47.8499	-8.62763
96.7055	-47.887	-8.62447
96.7277	-47.8728	-8.6394
96.7211	-47.8733	-8.63236
96.7968	-48.768	-8.63537
96.8009	-48.7701	-8.64418
96.7685	-48.7669	-8.62316
96.7243	-47.7915	-8.64602
96.7292	-48.7764	-8.64591
96.7315	-48.7751	-8.64185
96.9577	-51.569	-6.99498
96.9643	-51.5685	-7.00796
96.9797	-51.5672	-7.01235
96.9951	-51.566	-7.01674
97.0092	-51.5649	-7.00964
97.0232	-51.5637	-7.00254
97.027	-51.5634	-6.99227
97.0308	-51.5631	-6.982
97.0276	-51.5634	-6.97574
97.0242	-51.5636	-6.96902
97.0176	-51.5642	-6.95604
97.0022	-51.5654	-6.95165
96.9868	-51.5667	-6.94726
96.9798	-51.5672	-6.95081
96.9727	-51.5678	-6.95436
96.9587	-51.5689	-6.96146
96.9549	-51.5692	-6.97173
96.9511	-51.5696	-6.982
96.9155	-50.1728	-7.82717
96.899	-50.2439	-7.80539
96.9099	-50.2582	-7.79148
96.8918	-49.9404	-7.97451
96.8936	-49.868	-7.99692
96.9421	-50.4673	-7.63808
96.8675	-50.3084	-7.76562
96.8528	-50.0008	-7.95337
96.8783	-50.1753	-7.8498
96.8497	-50.1932	-7.82874
96.8349	-50.0852	-7.88572
96.8138	-49.8745	-7.99692
96.8354	-50.1167	-7.84094
96.8339	-50.0399	-7.87833
96.866	-50.3456	-7.68759
96.8614	-50.1681	-7.78802
96.9039	-50.0497	-7.87248
96.9014	-49.9785	-7.92268
96.8711	-50.1013	-7.82428
96.8801	-50.075	-7.84058
96.904	-50.1299	-7.81684
96.9159	-50.3899	-7.65521

#	Triangle	487
3	1	2	0	1	3	19	17	18	16	17	19	33	31	32	30	31	33	47	45	46	44	45	47	55	53	54	52	53	55	71	69	70	68	69	71	83	81	82	80	81	83	143	141	142	140	141	143	159	157	158	156	157	159	171	169	170	168	169	171	179	177	178	176	177	179	223	221	222	220	221	223	247	245	246	244	245	247	255	253	254	252	253	255	259	257	258	256	257	259	271	269	270	268	269	271
7	5	6	4	5	7	23	21	22	20	21	23	37	35	36	34	35	37	51	49	50	48	49	51	59	57	58	56	57	59	75	73	74	72	73	75	87	85	86	84	85	87	139	137	138	136	137	139	155	153	154	152	153	155	167	165	166	164	165	167	175	173	174	172	173	175	191	189	190	188	189	191	205	203	204	202	203	205	219	217	218	216	217	219	231	229	230	228	229	231	251	249	250	248	249	251	263	261	262	260	261	263	267	265	266	264	265	267
0	5	4	3	5	0	16	21	20	19	21	16	30	35	34	33	35	30	44	49	48	47	49	44	52	57	56	55	57	52	62	67	66	61	67	62	68	73	72	71	73	68	61	79	67	77	79	61	80	85	84	83	85	80	88	93	92	91	93	88	98	103	102	97	103	98	104	109	108	107	109	104	97	115	103	113	115	97	116	121	120	119	121	116	113	127	115	125	127	113	128	133	132	131	133	128	136	141	140	139	141	136	146	151	150	145	151	146	152	157	156	155	157	152	145	163	151	161	163	145	164	169	168	167	169	164	172	177	176	175	177	172	188	193	192	191	193	188	202	207	206	205	207	202	216	221	220	219	221	216	224	229	228	227	229	224	232	237	236	235	237	232	240	245	244	243	245	240	248	253	252	251	253	248	256	261	260	259	261	256	264	269	268	267	269	264	282	277	281	278	277	282	286	281	285	282	281	286	290	285	289	286	285	290	306	301	305	302	301	306	310	305	309	306	305	310	314	309	313	310	309	314
3	6	5	2	6	3	19	22	21	18	22	19	55	58	57	54	58	55	71	74	73	70	74	71	83	86	85	82	86	83	173	176	179	172	176	173	227	230	229	226	230	227	241	244	247	240	244	241	259	262	261	258	262	259
2	7	6	1	7	2	18	23	22	17	23	18	258	263	262	257	263	258
1	4	7	0	4	1	17	20	23	16	20	17	53	56	59	52	56	53	69	72	75	68	72	69	81	84	87	80	84	81	175	178	177	174	178	175	191	194	193	190	194	191	205	208	207	204	208	205	257	260	263	256	260	257
11	9	10	8	9	11	8	25	26	24	25	8	24	39	40	38	39	24	63	61	62	60	61	63	60	77	61	76	77	60	293	290	294	317	314	318
15	13	14	12	13	15	29	12	28	27	12	29	43	27	42	41	27	43	67	65	66	64	65	67	79	64	67	78	64	79	285	284	289	295	288	292	309	308	313	319	312	316
8	13	12	11	13	8	24	12	27	8	12	24	38	27	41	24	27	38
11	14	13	10	14	11	8	28	12	26	28	8	24	42	27	40	42	24	63	66	65	62	66	63	60	67	64	61	67	60	145	148	151	144	148	145	161	162	163	160	162	161
10	15	14	9	15	10	40	43	42	39	43	40
9	12	15	8	12	9	25	27	29	24	27	25	39	41	43	38	41	39	61	64	67	60	64	61	77	78	79	76	78	77	144	151	148	145	151	144
26	29	28	25	29	26
33	36	35	32	36	33	47	50	49	46	50	47
32	37	36	31	37	32
31	34	37	30	34	31	45	48	51	44	48	45	225	228	231	224	228	225	243	246	245	242	246	243
46	51	50	45	51	46
54	59	58	53	59	54	60	65	64	63	65	60	70	75	74	69	75	70	76	64	78	60	64	76	82	87	86	81	87	82	90	95	94	89	95	90	96	101	100	99	101	96	106	111	110	105	111	106	112	100	114	96	100	112	118	123	122	117	123	118	124	114	126	112	114	124	130	135	134	129	135	130	138	143	142	137	143	138	144	149	148	147	149	144	154	159	158	153	159	154	160	148	162	144	148	160	166	171	170	165	171	166	226	231	230	225	231	226	234	239	238	233	239	234	242	247	246	241	247	242	280	279	283	276	279	280	284	283	287	280	283	284	288	287	291	284	287	288	304	303	307	300	303	304	308	307	311	304	307	308	312	311	315	308	311	312
91	89	90	88	89	91
95	93	94	92	93	95	111	109	110	108	109	111	123	121	122	120	121	123	135	133	134	132	133	135	239	237	238	236	237	239
91	94	93	90	94	91	107	110	109	106	110	107	119	122	121	118	122	119	131	134	133	130	134	131	235	238	237	234	238	235
89	92	95	88	92	89
99	97	98	96	97	99	96	113	97	112	113	96	112	125	113	124	125	112	287	282	286	283	282	287	311	306	310	307	306	311
103	101	102	100	101	103	115	100	103	114	100	115	127	114	115	126	114	127	285	280	284	281	280	285	309	304	308	305	304	309
99	102	101	98	102	99	96	103	100	97	103	96	112	115	114	113	115	112
97	100	103	96	100	97	113	114	115	112	114	113	125	126	127	124	126	125
107	105	106	104	105	107	119	117	118	116	117	119	131	129	130	128	129	131	235	233	234	232	233	235
105	108	111	104	108	105	117	120	123	116	120	117	129	132	135	128	132	129	233	236	239	232	236	233
139	142	141	138	142	139	155	158	157	154	158	155	167	170	169	166	170	167	251	254	253	250	254	251	267	270	269	266	270	267
137	140	143	136	140	137	153	156	159	152	156	153	165	168	171	164	168	165	189	192	195	188	192	189	249	252	255	248	252	249	265	268	271	264	268	265
147	145	146	144	145	147	275	274	279	299	298	303
151	149	150	148	149	151	163	148	151	162	148	163	187	185	186	184	185	187	201	184	200	199	184	201	215	199	214	213	199	215
147	150	149	146	150	147	183	186	185	182	186	183	180	200	184	198	200	180	196	214	199	212	214	196
144	161	145	160	161	144	183	181	182	180	181	183	180	197	198	196	197	180	196	211	212	210	211	196	283	278	282	307	302	306
174	179	178	173	179	174
180	185	184	183	185	180
182	187	186	181	187	182	198	201	200	197	201	198	212	215	214	211	215	212
181	184	187	180	184	181	197	199	201	196	199	197	211	213	215	210	213	211
195	193	194	192	193	195
190	195	194
189	195	190	250	255	254	249	255	250	266	271	270	265	271	266
196	184	199	180	184	196	210	199	213	196	199	210
209	207	208	206	207	209
204	209	208
203	209	204	218	223	222	217	223	218
203	206	209	202	206	203	217	220	223	216	220	217
219	222	221	218	222	219
227	225	226	224	225	227
243	241	242	240	241	243
275	273	274	272	273	275	299	297	298	296	297	299
277	272	276	301	296	300
273	272	277	297	296	301
278	273	277	302	297	301
274	273	278	298	297	302
279	274	278	303	298	302
276	275	279	272	275	276	300	299	303	296	299	300
281	276	280	305	300	304
277	276	281	301	300	305
279	278	283	303	302	307
289	284	288	313	308	312
291	286	290	315	310	314
287	286	291	311	310	315
295	293	294	292	293	295	319	317	318	316	317	319
289	288	295	313	312	319
294	289	295	290	289	294	318	313	319	314	313	318
291	290	293	315	314	317
292	291	293	288	291	292	316	315	317	312	315	316
323	321	322	323	320	321
324	320	323
324	335	320
325	335	324
325	334	335
326	334	325
327	334	326
327	333	334
328	333	327
328	332	333
328	331	332
329	331	328
329	330	331
338	336	337
341	339	340
342	320	335
325	343	326
346	344	345
347	321	338
337	347	338
324	340	325
325	340	348
349	340	324
346	342	344
349	323	350
351	341	349
347	322	321
323	352	350
349	341	340
343	325	348
335	334	344
350	351	349
324	323	349
354	339	353	360	358	359	358	354	374	380	393	396	341	353	339	374	359	358	414	415	416	395	414	417	395	396	393	396	381	380	422	433	434	433	442	443	442	451	456	416	417	414	470	468	469	443	434	433	488	502	503	450	456	451	468	471	469	464	503	502	503	486	488
348	339	354
340	339	348
354	343	348
355	351	352
350	352	351
352	322	347
337	355	347
342	336	338
321	320	338
345	334	356
344	334	345
338	320	342
346	336	342
347	355	352
323	322	352
342	335	344
327	357	328
357	358	360
361	357	327
362	330	329
328	363	329
360	364	363
354	326	343
361	326	354
367	365	366
369	366	368
362	364	370
332	368	365
333	365	371
365	333	332
330	372	331
345	356	367
373	368	331
356	334	371
366	365	368
373	369	368
332	331	368
367	371	365
334	333	371
367	356	371
372	370	369
331	372	373
358	357	361
363	328	357
361	327	326
362	363	364
372	330	362
363	357	360
362	329	363
369	373	372
362	370	372
361	354	358
376	375	336
379	377	378
376	380	381
382	355	337
355	382	379
383	346	345
382	337	384
385	375	381
388	386	387
346	383	376
390	389	351
351	379	390
388	387	391
376	381	375
346	376	336
389	388	341
337	336	375
383	380	376
392	383	345
395	392	394	345	394	392
393	392	395
383	393	380
397	353	391
387	398	391
354	397	399	398	399	397
353	397	354
389	386	388
388	353	341
378	386	389
351	389	341
353	388	391
398	397	391
382	377	379
351	355	379
377	382	385
384	385	382
393	383	392
389	390	378
379	378	390
385	384	375
337	375	384
402	400	401
405	403	404
359	406	404
408	364	407
404	360	359
405	404	406
370	364	402
360	407	364
410	409	367
401	411	412
369	370	412
410	367	366
407	404	403
406	374	399
410	366	413
366	369	413
407	360	404
407	403	400
406	398	405
374	354	399
406	399	398
406	359	374
414	409	410
410	415	414
409	394	345
394	414	395
413	415	410
415	413	411
411	418	412
402	408	400
412	370	402
412	402	401
418	369	412
402	364	408
400	408	407
345	367	409
414	394	409
369	418	413
411	413	418
419	396	395
385	381	420
396	419	421
423	422	420
421	422	423
421	381	396
426	424	425
423	420	381
429	427	428
430	386	378
432	424	431
429	386	430
429	387	386
377	385	425
421	433	422
432	435	378
419	433	421
421	423	381
436	439	398
437	438	436
438	439	436
428	436	429
387	429	436
430	427	429
427	430	431
435	431	430
436	428	437
440	419	395
440	441	419
441	442	419
398	387	436
425	424	432
377	432	378
425	432	377
420	426	425
425	385	420
422	426	420
432	431	435
378	435	430
419	442	433
444	401	400
444	445	446
448	405	447
451	449	450
447	405	398
452	446	445
448	452	445
403	405	448
454	450	453
455	451	442
457	411	401
455	417	416
453	449	415
447	458	448
449	416	415
459	453	411
417	455	441
450	449	453
459	454	453
415	411	453
455	416	449
395	441	440
417	441	395
457	460	454
411	457	459
403	445	400
444	400	445
457	401	444
446	460	444
445	403	448
458	452	448
439	447	398
439	438	447
438	437	447
442	441	455
449	451	455
454	459	457
444	460	457
437	458	447
422	461	462
422	462	426
465	463	464
465	466	463
466	437	463
467	468	470
471	468	462
461	471	462
472	427	431
426	473	467
476	474	475
478	470	477
476	427	472
476	428	427
422	434	461
434	479	461
471	461	480
478	481	431
479	480	461
424	426	467
478	477	481
480	479	482
482	479	443
479	434	443
463	476	475
463	437	428
472	474	476
474	472	477
481	477	472
463	475	464
428	476	463
467	470	478
424	478	431
467	478	424
473	468	467
484	482	483
480	482	484
442	482	443
431	481	472
468	473	462
426	462	473
487	485	486
485	488	486
485	487	452
489	487	486
458	490	485
492	491	446
489	491	492
495	493	494
498	496	497
458	485	452
498	499	496
500	495	491
501	496	499
491	460	446
490	488	485
500	493	495
446	452	487
496	450	497
465	437	466
458	437	465
502	465	464
490	465	502
490	502	488
458	465	490
499	484	501
483	501	484
482	501	483
442	501	482
496	456	450
501	456	496
493	498	497
454	497	450
495	460	491
489	500	491
460	495	454
494	454	495
442	456	501
489	492	487
446	487	492
454	494	497
493	497	494
508	506	507
508	505	506
509	505	508
509	504	505
510	504	509
510	521	504
511	521	510
512	521	511
512	520	521
513	520	512
513	519	520
514	519	513
514	518	519
515	518	514
515	517	518	516	517	515
484	522	480
469	471	523
525	509	524
471	524	523
524	508	523
527	484	526
522	484	527
506	528	529
522	525	480
530	506	529
505	531	528
475	474	532
524	471	525
528	531	477
480	525	471
529	470	530
533	504	521
509	522	510
530	470	469
510	527	511
509	508	524
507	523	508
530	523	507
469	523	530
506	530	507
470	529	477
528	477	529
531	474	477
506	505	528
475	533	464
504	531	505
531	504	532
509	525	522
533	532	504
527	510	522
474	531	532
533	475	532
535	503	534
536	486	535
537	536	518
537	518	517
499	538	539
541	500	540
513	542	514
498	542	538
538	513	539
534	503	464
538	542	513
538	499	498
526	511	527
512	511	526
493	543	542
541	543	493
536	537	486
543	514	542
484	539	526
515	541	540
493	542	498
514	543	515
541	515	543
499	539	484
540	516	515
493	500	541
540	517	516
489	540	500
537	489	486
517	540	537
540	489	537
518	536	519
535	519	536
534	520	535
535	486	503
464	521	534
533	521	464
535	520	519
521	520	534
526	539	512
513	512	539

#	Normal	487
-0.996736	-0.0807285	0
0.996736	0.0807285	0
-0	0	-1
-0.0807047	0.996738	-0
-0.0413589	0.5108	0.858704
0.0807047	-0.996738	-0
-0.996738	-0.0807031	-0
0.996738	0.0807031	-0
-0.0412326	0.510803	0.858708
0.0804593	-0.996758	-0
0.0412326	-0.510803	-0.858708
-0.0804593	0.996758	-0
0.0412325	-0.510803	-0.858709
-0.0806921	0.996739	-0
-0.0413524	0.510801	0.858704
0.0806921	-0.996739	-0
-0.0413545	0.510826	0.858689
-0	-0	1
0.0804051	-0.996762	-0
-0.0807285	0.996736	-0
-0.996744	-0.0806271	0
0.996745	0.0806208	0
0.0807031	-0.996738	-0
-0.0807031	0.996738	-0
0.996695	0.0812353	0
-0.996695	-0.0812353	0
0.0807285	-0.996736	-0
0.996744	0.0806271	0
0.0807823	-0.996732	-0
-0.0807823	0.996732	-0
0.996733	0.0807613	0
-0.996733	-0.0807617	0
-0.0812353	0.996695	-0
0.996733	0.0807617	0
0.0398521	-0.492191	0.869574
0.0401125	-0.49215	0.869586
-0.0401125	0.492149	-0.869586
0.0812353	-0.996695	-0
-0.996734	-0.0807547	-0
0.0398619	-0.492312	0.869506
0.0398905	-0.492188	0.869574
0.0401125	-0.492149	0.869586
-0.996681	-0.0814016	-0
0.039856	-0.492239	0.869547
0.0398799	-0.492135	0.869605
-0.0807697	0.996733	-0
0.0807697	-0.996733	-0
-0.996788	-0.0800816	0
0.996684	0.0813752	-0
0.0808788	-0.996724	-0
-0.996727	-0.0808358	0.000131507
-0.996733	-0.0807625	-0
-0.0398251	0.492172	-0.869586
-0.0399365	0.492164	-0.869586
0.996742	0.0806505	0.000192976
0.0399364	-0.492164	0.869586
-0.996733	-0.080761	0
-0.996734	-0.0807596	0.000151722
0.996734	0.0807602	0.000222018
0.996738	0.0807024	1.56e-005
-0.996738	-0.0807008	-1.60552e-005
-0.996738	-0.0807006	-0
0.0806533	-0.996742	-0
0.996738	0.0807109	1.32535e-005
0.041332	-0.510795	-0.858708
-0.996738	-0.080711	-1.32274e-005
-0.041332	0.510795	0.858708
0.0807422	-0.996735	-0.00016657
0.0807453	-0.996735	-8.28383e-005
0.0807448	-0.996735	-7.78164e-005
0.0807506	-0.996734	-2.71767e-005
0.0807524	-0.996734	-7.39271e-005
0.080766	-0.996733	2.91987e-005
0.080766	-0.996733	-6.68386e-005
0.0807269	-0.996736	0.000157719
0.0807276	-0.996736	0.000216987
0.0808125	-0.996729	-0.000218061
0.0807612	-0.996733	0.000350227
0.0807484	-0.996735	8.99239e-007
0.0807583	-0.996734	-0.00010902
-0.27476	0.460197	-0.844231
0.89858	0.270463	-0.345549
-0.877778	0.179962	-0.443981
0.898836	0.26966	-0.345509
-0.877362	0.18367	-0.443285
-0.27486	0.45788	-0.845457
-0.274562	0.460236	-0.844274
0.898739	0.269204	-0.346118
0.869196	0.295278	-0.396622
0.650581	0.415242	-0.63586
-0.85509	0.204257	-0.47655
0.442156	0.469318	-0.764355
0.359255	0.485033	-0.797295
-0.27482	0.457887	-0.845466
0.213052	0.494981	-0.842379
0.645998	0.416483	-0.639709
0.95534	0.199962	-0.217577
-0.877814	0.179621	-0.444048
0.399404	0.479516	-0.781371
0.359932	0.482606	-0.798461
-1.05667e-009	4.42505e-010	5.79834e-010
0.898482	0.271149	-0.345266
0.840857	0.31851	-0.43762
0.975579	0.162956	-0.147281
0.359319	0.484358	-0.797676
0.21191	0.4983	-0.840709
-0.00527206	0.49484	-0.868968
-0.27471	0.460205	-0.844242
-0.590577	0.362371	-0.721045
-0.27482	0.457888	-0.845466
-5.11589e-008	5.95678e-006	-1.04633e-005
-0.986396	0.0134142	-0.163838
-0.590645	0.363202	-0.720571
-0.877546	0.183184	-0.443121
-0.00524524	0.49451	-0.869156
0.359611	0.483113	-0.798299
-0.855629	0.200468	-0.477191
0.877218	-0.18351	0.443635
0.877698	-0.180033	0.44411
0.830789	-0.224975	0.509093
0.274667	-0.460222	0.844248
0.274588	-0.460237	0.844265
0.274733	-0.457898	0.845489
4.04486e-006	-6.58005e-006	1.21254e-005
0.977271	-0.0394756	0.208287
-0.898986	-0.268965	0.345662
-0.359583	-0.482445	0.798716
0.274684	-0.457908	0.845499
-0.650275	-0.414942	0.636369
-0.840543	-0.318734	0.43806
-0.89848	-0.27056	0.345733
-0.359431	-0.484352	0.797629
-0.89885	-0.269647	0.345484
-0.441155	-0.472409	0.763028
-0.975743	-0.162582	0.146602
-0.645589	-0.417068	0.639741
-0.400218	-0.476399	0.78286
-0.358947	-0.484878	0.797527
-0.869271	-0.295214	0.396505
-0.898494	-0.271143	0.345238
-0.95538	-0.199898	0.217464
-0.359671	-0.483097	0.798282
-0.212389	-0.498286	0.840596
0.83169	-0.220619	0.509528
0.590715	-0.362309	0.720963
0.877178	-0.184024	0.443503
0.274709	-0.457903	0.845494
0.00502065	-0.494522	0.86915
0.590701	-0.363182	0.720535
0.274651	-0.460225	0.844251
-0.213539	-0.49495	0.842274
0.00504774	-0.494856	0.86896
0.877482	-0.179772	0.444644
-0.577957	-0.0465182	-0.81474
0.397665	0.034244	-0.916891
-0.856987	-0.0674493	-0.510904
-0.235682	-0.0210468	-0.971602
0.0774401	0.0069168	-0.996973
-0.856492	-0.0724216	-0.511055
-0.177949	-0.0168194	-0.983896
-0.234899	-0.0178257	-0.971856
0.914657	0.0755199	-0.397113
-0.788081	-0.0667216	-0.611945
0.526531	0.0396539	-0.849231
0.330075	0.0242235	-0.943644
0.883658	0.0733405	-0.462353
-0.577907	-0.0471374	-0.81474
-0.856861	-0.0714199	-0.510577
0.729032	0.0594018	-0.681897
-0.235845	-0.0203125	-0.971578
-0.772119	-0.059911	-0.632648
-0.961516	-0.077913	-0.26347
-0	-0	5.8027e-006
-0.85699	-0.0694369	-0.510633
-0.856387	-0.0661234	-0.512083
0.981155	0.0777532	-0.176886
0.914683	0.0760783	-0.396947
-0	-0	-1.38745e-006
0.914586	0.0741025	-0.397543
0.729085	0.0587417	-0.681898
0.914532	0.0726941	-0.397928
0.397091	0.0335077	-0.917167
0.396064	0.0307522	-0.917708
0.903309	0.0716078	-0.422973
0.984417	0.0797626	-0.156719
0.0775433	0.00564067	-0.996973
0.3961	0.0300867	-0.917714
-0.234322	-0.0170489	-0.97201
-0.171753	-0.0114985	-0.985073
-0.96337	-0.0759936	-0.257182
0.530379	0.0459918	-0.846512
0.333462	0.0295496	-0.9423
-0.370447	-0.0271464	-0.928457
-0.370168	-0.032823	-0.928385
0.23764	0.021183	0.971122
0.857359	0.0715535	0.50972
0.773008	0.0598428	0.631567
0.380319	0.0278786	0.924435
0.857648	0.0674126	0.509799
0.785773	0.0666704	0.614911
0.236226	0.0172269	0.971545
0.236166	0.0180632	0.971545
-0.88116	-0.0730998	0.467133
-0.394612	-0.0299598	0.918359
-0.396168	-0.0341004	0.917545
-0.914736	-0.0754767	0.396939
0.585593	0.0471695	0.809231
0.961614	0.0758846	0.263705
-0.724263	-0.0583245	0.687053
-0.395921	-0.0334793	0.917674
0.585548	0.047727	0.809231
0.236958	0.0202703	0.971308
0.857565	0.0726303	0.509222
0.857334	0.0694626	0.510052
0.960248	0.0778056	0.268085
0.857552	0.0661529	0.510127
-0.905579	-0.0718774	0.418043
-0.914491	-0.0727392	0.398013
-0.984694	-0.0797858	0.154959
-0.914445	-0.0740972	0.397869
-0.724205	-0.0590352	0.687053
-0.395019	-0.0306002	0.918163
-0.343223	-0.0254098	0.93891
0.180521	0.0170086	0.983424
-0.0797567	-0.00582512	0.996797
-0.0802534	-0.00714488	0.996749
-0.319086	-0.0284283	0.947299
0.177778	0.0120331	0.983997
0.383834	0.0340496	0.922774
-0.914728	-0.0760619	0.396846
-0.978003	-0.077632	0.193605
-0.537879	-0.0466671	0.841729
-0.507428	-0.038364	0.86084
-0.0718305	0.856272	-0.511506
-0.0209237	0.233986	-0.972015
-0.0665757	0.79468	-0.603367
-0.0320557	0.399578	-0.916138
-0.0491366	0.604621	-0.794996
-0.07112	0.856539	-0.511158
-0.0174392	0.234643	-0.971925
-0.0326456	0.399531	-0.916138
0.0752041	-0.91478	-0.39689
0.0311232	-0.396986	-0.917297
0.0337904	-0.397342	-0.917048
0.0595071	-0.731838	-0.678875
0.072933	-0.914833	-0.397192
-0.0205396	0.234421	-0.971918
-0.0676035	0.856795	-0.511207
0.0251762	-0.335748	-0.941615
-0.062543	0.800537	-0.596011
-0.0487743	0.60465	-0.794996
0.0797236	-0.984632	-0.155381
0.0797216	-0.984637	-0.155352
0.0797176	-0.98467	-0.155147
0.0742541	-0.901562	-0.426229
0.0703659	-0.886205	-0.457918
0.0590038	-0.731879	-0.678875
0.0331419	-0.396744	-0.917331
0.0457644	-0.534782	-0.84375
0.0753766	-0.914607	-0.397257
-0.0781673	0.965403	-0.248772
-0.078162	0.965401	-0.248779
-0.0781657	0.965413	-0.248731
0.0725236	-0.914915	-0.397077
0.00572225	-0.077074	-0.997009
0.0305727	-0.397589	-0.917054
0.00675187	-0.0769906	-0.997009
-0.0134052	0.188329	-0.982014
-0.017068	0.188033	-0.982014
-0.0169949	0.234332	-0.972008
0.0291665	-0.335423	-0.941616
0.0408669	-0.535177	-0.843751
-0.0669295	0.856694	-0.511464
0.017683	-0.23753	0.971219
0.0205511	-0.23446	0.971908
0.0624999	-0.802053	0.593973
-0.0732989	0.914489	0.397916
0.0668594	-0.857946	0.509371
0.0208094	-0.2374	0.971189
0.0445018	-0.556897	0.829388
0.0674948	-0.857706	0.509692
-0.0301509	0.394699	0.918316
-0.0726452	0.914569	0.397852
-0.0329135	0.395271	0.917975
-0.0754194	0.914277	0.398007
-0.0546126	0.677668	0.733337
0.0673462	-0.801662	0.593972
-0.074789	0.914498	0.397617
-0.0417514	0.490889	0.870221
-0.0810363	0.986483	0.142426
-0.0546304	0.671306	0.739164
-0.0325156	0.427199	0.903573
-0.0333566	0.394774	0.918173
-0.0714555	0.87077	0.486471
-0	-0	1.39999e-006
-0.0740539	0.914608	0.397502
-0.0310989	0.395338	0.918009
-0.0230344	0.257378	0.966036
0.0176568	-0.237684	0.971182
0.0174366	-0.234712	0.971909
-0.00289711	0.0388565	0.999241
0.0207669	-0.237355	0.971201
0.045671	-0.556802	0.829389
0.0713633	-0.857305	0.509839
0.0781472	-0.965163	0.249706
0.0781397	-0.96518	0.249642
0.0781448	-0.965163	0.249709
-0.07951	0.982017	0.171233
-0.0692152	0.870209	0.487797
-0.0186723	0.25773	0.966037
-0.00339172	0.0388163	0.999241
0.0720408	-0.857593	0.509259
0.558707	0.0448324	-0.828153
0.234329	0.0206793	-0.971937
-0.984699	-0.0797276	-0.154955
-0.984354	-0.0795876	-0.157204
-0.984735	-0.0797259	-0.154727
0.23623	0.0168872	-0.97155
0.236326	0.0174381	-0.971517
0.558641	0.0456353	-0.828153
-0.397435	-0.030662	-0.917118
0.185973	0.017737	-0.982395
-0.914762	-0.0756894	-0.39684
-0.396132	-0.034415	-0.917548
-0.729457	-0.0594462	-0.681439
-0.914959	-0.0724582	-0.396988
0.856495	0.0714474	-0.511187
0.757367	0.0641934	-0.649827
0.857371	0.0673125	-0.510279
-0.333637	-0.0241091	-0.942393
0.782755	0.0600932	-0.619421
0.233596	0.0211735	-0.972103
-0.333171	-0.0298804	-0.942393
0.955849	0.0738896	-0.284417
0.961512	0.0803437	-0.262753
0.855668	0.0731223	-0.512334
-0.884876	-0.073641	-0.45997
-0.915286	-0.0722267	-0.396275
-0.729519	-0.0586824	-0.681439
-0.396064	-0.0335905	-0.917609
-0.527781	-0.0462102	-0.848122
-0.914474	-0.0762877	-0.397387
-0.902424	-0.0712791	-0.424912
-0.0779431	-0.00555888	-0.996942
-0.398236	-0.0299185	-0.916795
-0.0765294	-0.00694996	-0.997043
0.152544	0.00937931	-0.988252
-0	-0	-4.12009e-006
0.857232	0.06941	-0.510231
0.856998	0.0693836	-0.510628
-0.532302	-0.039611	-0.845627
0.375414	0.0269646	-0.926465
0.331924	0.0298209	-0.942835
-0.568566	-0.045667	0.821369
-0.856635	-0.0715912	0.510931
-0.568507	-0.0464026	0.821369
-0.235857	-0.0206422	0.971569
-0.779669	-0.0596271	0.623347
-0.17427	-0.011262	0.984633
-0.168152	-0.01646	0.985624
0.341358	0.0248157	0.939606
0.7256	0.0591577	0.68557
-0.858065	-0.0672372	0.509121
0.914405	0.0724549	0.398264
0.0793599	0.00716452	0.99682
0.90305	0.0713938	0.42356
-0.238306	-0.0170433	0.971041
-0.757404	-0.0643925	0.649764
0.396041	0.0297298	0.917751
-0.237519	-0.0176947	0.971222
0.725665	0.0583456	0.685569
-0	-0	-1.79163e-006
-0.857078	-0.069388	0.510493
-0.856706	-0.0693644	0.51112
-0.962528	-0.0803455	0.259008
-0.856287	-0.0732847	0.511274
-0.949497	-0.0732446	0.305108
0.914691	0.0722553	0.397643
0.984609	0.0797185	0.155534
0.984986	0.079916	0.153025
0.984705	0.0797229	0.154922
0.914162	0.0755974	0.398236
0.884517	0.0736588	0.460656
0.396003	0.0304608	0.917744
0.394576	0.0335555	0.91825
0.0794789	0.00569594	0.99682
-0.235701	-0.0213137	0.971592
0.393969	0.0342169	0.918486
0.320098	0.0288777	0.946944
0.914076	0.0761677	0.398325
-0.361543	-0.0325743	0.931786
-0.366121	-0.0263474	0.930194
0.530682	0.0464978	0.846295
0.515834	0.038502	0.855823
0.0805817	-0.996748	0.000154893
0.080643	-0.996743	-0.000515166
0.080684	-0.99674	0.000588123
0.0807448	-0.996735	-7.68443e-005
0.0807089	-0.996738	-0.000390476
0.0806844	-0.99674	0.000240728
0.0806612	-0.996742	6.79501e-005
0.0806612	-0.996742	-7.91219e-005
0.080654	-0.996742	9.25809e-006
0.080677	-0.99674	0.000429861
0.0807065	-0.996738	-0.000328162
0.0807406	-0.996735	-3.04246e-005
0.0806939	-0.996739	0.000479652
0.0806591	-0.996742	-0.000458411
6.92746e-006	-8.56165e-005	-3.00598e-008
0.878421	-0.189305	-0.438793
0.276142	-0.47586	-0.835047
0.645442	-0.353224	-0.677227
0.437241	-0.435488	-0.786874
0.434297	-0.437971	-0.787126
-2.85489e-006	4.21327e-006	7.42297e-006
0.977166	-0.0451878	-0.207616
-0.23794	-0.514271	-0.82396
0.863615	-0.203898	-0.461079
-0.0928693	-0.518258	-0.850167
-0.500899	-0.473939	-0.724211
-0.898467	-0.275999	-0.34144
0.649594	-0.35128	-0.674262
-0.483763	-0.476665	-0.734006
0.878148	-0.189747	-0.439149
-0.0703512	-0.516774	-0.853227
-0.83582	-0.330256	-0.438562
0.930695	-0.130551	-0.341706
0.276019	-0.476579	-0.834677
0.931129	-0.128876	-0.34116
0.434002	-0.438061	-0.787239
0.433681	-0.438163	-0.787359
0.187473	-0.493132	-0.849514
0.190824	-0.492045	-0.849398
-0.195756	-0.515983	-0.833931
-0.358345	-0.499651	-0.78863
-0.331962	-0.502949	-0.798025
-0.358187	-0.500222	-0.78834
-0.195519	-0.516353	-0.833758
-0.898003	-0.277263	-0.341637
-0.835713	-0.331088	-0.438138
-0.734639	-0.392855	-0.553146
0.830632	-0.234992	-0.504805
-0.951069	-0.213047	-0.223783
0.970427	-0.0622413	-0.233233
-0.71946	-0.398897	-0.568558
-0.937115	-0.231428	-0.26126
-0.870038	0.201241	0.45004
-0.678896	0.335882	0.652904
-0.437593	0.434183	0.787399
-0.434433	0.435156	0.788611
0.869753	0.304333	0.388472
0.0418443	0.515579	0.85582
0.836018	0.329528	0.438732
0.702412	0.406459	0.584302
0.885986	0.287523	0.363813
-0.878003	0.193355	0.437864
0.714686	0.399443	0.574168
0.8978	0.278206	0.341404
-3.73282e-006	4.14218e-006	7.42297e-006
0.835962	0.330154	0.438367
0.439273	0.488646	0.753833
0.299632	0.509045	0.806904
-0.465217	0.426757	0.775534
0.472128	0.480827	0.738851
0.978236	0.159015	0.133301
0.0458941	0.514475	0.856276
0.357927	0.501546	0.787617
0.196051	0.514144	0.834997
0.203327	0.513773	0.833484
0.898096	0.27815	0.34067
0.196006	0.514943	0.834515
0.357942	0.501697	0.787514
-0.433921	0.437235	0.787742
-0.276223	0.477944	0.833829
-0.276276	0.478463	0.833513
-0.20443	0.489848	0.847501
-0.215244	0.489936	0.844768
-0.434253	0.435235	0.788666
-0.674407	0.33843	0.656232
-0.855016	0.212709	0.472973
-0.877964	0.193308	0.437962
-0.983579	0.0271886	0.178419
-6.41438e-006	-8.60112e-006	-1.3498e-005
-0.931146	0.128585	0.341224
-0.930999	0.127994	0.341846
0.982592	0.146508	0.114228
0.836707	0.328466	0.438213

#	Mesh	0	End

