#	Mesh	0	Begin

#	Vertex	33
86.8001	30.9023	2.453
86.8971	29.7062	2.453
87.7941	29.7789	2.453
87.7096	30.8221	2.453
87.4519	30.8013	2.453
87.4395	30.9541	2.453
87.7941	29.7789	-19.223
86.8971	29.7062	-19.223
86.8001	30.9023	-19.223
87.6972	30.975	-19.223
87.6972	30.975	-18.2236
87.6972	30.975	-16.885
87.7096	30.8221	-16.885
87.7941	29.7789	-3.07749
87.7941	29.7789	-3.17705
87.7941	29.7789	-3.67848
87.7941	29.7789	-11.556
87.7941	29.7789	-12.156
87.7941	29.7789	-18.226
86.8001	30.9023	-18.2236
86.8001	30.9023	-12.1536
86.8001	30.9023	-11.5536
86.8001	30.9023	-3.67258
86.8001	30.9023	-3.07258
87.4395	30.9541	-16.885
86.8971	29.7062	-18.226
86.8971	29.7062	-12.156
86.8971	29.7062	-11.556
86.8971	29.7062	-3.67848
86.8971	29.7062	-3.6775
86.8971	29.7062	-3.07749
87.7011	30.8214	-16.885
87.4519	30.8013	-16.885

#	Triangle	16
1	5	0	2	4	1	4	5	1	2	3	4	32	11	24	31	11	32	31	12	11
9	7	8	6	7	9
10	6	9	10	18	6	10	17	18
11	12	10
12	17	10
3	17	12	3	16	17	3	15	16	3	14	15	3	13	14	3	2	13
19	9	8	19	10	9
20	24	19	20	5	24	21	5	20	22	5	21	23	5	22	0	5	23
24	10	19
24	11	10
25	8	7	25	19	8	26	19	25	26	20	19	27	20	26	27	21	20	28	21	27	28	22	21	29	22	28	30	22	29	30	23	22	1	23	30	1	0	23
18	7	6	18	25	7	17	25	18	17	26	25	16	26	17	16	27	26	15	27	16	15	28	27	14	28	15	14	29	28	14	30	29	13	30	14	2	30	13	2	1	30
4	31	32
4	12	31
4	3	12
4	24	5	32	24	4

#	Normal	16
-0	-0	1
-0	-0	-1
0.996733	0.0807617	0
0.996731	0.0807909	0
0.996737	0.0807215	-7.97483e-006
0.996734	0.0807574	0
-0.0807622	0.996733	-0
-0.0807634	0.996733	-0
-0.0807622	0.996733	-5.68292e-007
-0.0807593	0.996734	-0
-0.996733	-0.0807617	-0
0.0807622	-0.996733	-0
-0.0806944	0.996739	-0
-0.0807666	0.996733	-9.36058e-007
-0.0806968	0.996739	-0
0.996735	0.0807485	0

#	Mesh	0	End

