#	Mesh	0	Begin

#	Vertex	72
63.1459	36.3934	0.87896
63.1461	36.3905	0.878193
63.1463	36.3878	0.87694
63.1465	36.3854	0.875241
63.1467	36.3833	0.873145
63.1468	36.3816	0.870718
63.1469	36.3804	0.868032
63.147	36.3796	0.86517
63.147	36.3794	0.862218
63.147	36.3796	0.859266
63.1469	36.3804	0.856404
63.1468	36.3816	0.853718
63.1467	36.3833	0.851291
63.1465	36.3854	0.849195
63.1463	36.3878	0.847496
63.1461	36.3905	0.846243
63.1459	36.3934	0.845476
63.1456	36.3963	0.845218
63.1454	36.3993	0.845476
63.1452	36.4021	0.846243
63.145	36.4048	0.847496
63.1448	36.4072	0.849195
63.1446	36.4093	0.851291
63.1445	36.411	0.853718
63.1444	36.4122	0.856404
63.1443	36.413	0.859266
63.1443	36.4133	0.862218
63.1443	36.413	0.86517
63.1444	36.4122	0.868032
63.1445	36.411	0.870718
63.1446	36.4093	0.873145
63.1448	36.4072	0.875241
63.145	36.4048	0.87694
63.1452	36.4021	0.878193
63.1454	36.3993	0.87896
63.1456	36.3963	0.879218
64.724	36.5212	0.87896
64.7243	36.5184	0.878193
64.7245	36.5157	0.87694
64.7247	36.5133	0.875241
64.7249	36.5112	0.873145
64.725	36.5095	0.870718
64.7251	36.5083	0.868032
64.7252	36.5075	0.86517
64.7252	36.5072	0.862218
64.7252	36.5075	0.859266
64.7251	36.5083	0.856404
64.725	36.5095	0.853718
64.7249	36.5112	0.851291
64.7247	36.5133	0.849195
64.7245	36.5157	0.847496
64.7243	36.5184	0.846243
64.724	36.5212	0.845476
64.7238	36.5242	0.845218
64.7236	36.5271	0.845476
64.7233	36.53	0.846243
64.7231	36.5327	0.847496
64.7229	36.5351	0.849195
64.7228	36.5372	0.851291
64.7226	36.5389	0.853718
64.7225	36.5401	0.856404
64.7225	36.5409	0.859266
64.7224	36.5411	0.862218
64.7225	36.5409	0.86517
64.7225	36.5401	0.868032
64.7226	36.5389	0.870718
64.7228	36.5372	0.873145
64.7229	36.5351	0.875241
64.7231	36.5327	0.87694
64.7233	36.53	0.878193
64.7236	36.5271	0.87896
64.7238	36.5242	0.879218

#	Triangle	89
35	36	71	0	36	35
0	37	36	1	37	0
1	38	37	2	38	1
2	39	38	3	39	2
3	40	39	4	40	3
4	41	40
5	41	4
5	42	41	6	42	5
6	43	42
7	43	6
7	44	43
8	44	7
8	45	44
9	45	8
9	46	45
10	46	9
10	47	46	11	47	10
11	48	47
12	48	11
12	49	48	13	49	12
13	50	49	14	50	13
14	51	50	15	51	14
15	52	51	16	52	15
16	53	52	17	53	16
17	54	53	18	54	17
18	55	54	19	55	18
19	56	55	20	56	19
20	57	56	21	57	20
21	58	57	22	58	21
22	59	58	23	59	22
23	60	59
24	60	23
24	61	60
25	61	24
25	62	61	26	62	25
26	63	62	27	63	26
27	64	63
28	64	27
28	65	64
29	65	28
29	66	65	30	66	29
30	67	66	31	67	30
31	68	67	32	68	31
32	69	68	33	69	32
33	70	69	34	70	33
34	71	70	35	71	34
7	9	8	26	25	27
6	9	7	27	25	24
6	10	9	27	24	28
5	10	6
5	11	10	28	23	29
4	11	5	29	23	22
4	12	11	29	22	30
3	12	4	30	22	21
3	13	12	30	21	31
2	13	3	31	21	20
2	14	13	31	20	32
1	14	2	32	20	19
1	15	14
0	15	1	33	19	18
0	16	15	33	18	34
35	16	0
35	17	16
34	17	35
34	18	17
32	19	33
28	24	23
45	43	44
46	43	45
46	42	43	61	64	60
47	42	46	60	64	65
47	41	42	60	65	59
48	41	47	59	65	66
48	40	41	59	66	58
49	40	48	58	66	67
49	39	40	58	67	57
50	39	49	57	67	68
50	38	39	57	68	56
51	38	50	56	68	69
51	37	38
52	37	51	55	69	70
52	36	37	55	70	54
53	36	52
53	71	36
54	71	53
54	70	71
56	69	55
61	63	64
62	63	61

#	Normal	89
0.00704032	-0.0868901	0.996193
0.0209127	-0.2581	0.965892
0.0341012	-0.420869	0.90648
0.0463418	-0.57194	0.818985
0.0570905	-0.704598	0.707307
0.0661865	-0.816859	0.573027
0.0661904	-0.816909	0.572956
0.0731756	-0.903119	0.423109
0.0780027	-0.962695	0.259104
0.0780008	-0.962668	0.259203
0.0804614	-0.993036	0.0860507
0.0804547	-0.992923	0.0873548
0.0804638	-0.993036	-0.0860507
0.0804522	-0.992923	-0.0873548
0.0780029	-0.962695	-0.259104
0.0780006	-0.962668	-0.259203
0.0731756	-0.903119	-0.423109
0.0661864	-0.816859	-0.573027
0.0661906	-0.816909	-0.572956
0.0570905	-0.704598	-0.707307
0.0463418	-0.57194	-0.818985
0.0341012	-0.420869	-0.90648
0.0209112	-0.258081	-0.965897
0.00704198	-0.0869105	-0.996191
-0.00703277	0.0867968	-0.996201
-0.0209112	0.258081	-0.965897
-0.0341418	0.421371	-0.906246
-0.046292	0.571325	-0.819417
-0.0571435	0.705253	-0.706649
-0.0661407	0.816294	-0.573838
-0.0731758	0.903119	-0.423109
-0.0732186	0.90362	-0.42203
-0.0780297	0.962995	-0.257977
-0.0780008	0.962668	-0.259203
-0.080453	0.992932	-0.0872491
-0.080453	0.992932	0.0872491
-0.0780273	0.962995	0.257977
-0.0780031	0.962668	0.259203
-0.073178	0.903119	0.423109
-0.0732164	0.903621	0.42203
-0.0661407	0.816294	0.573838
-0.0571435	0.705253	0.706649
-0.046292	0.571325	0.819417
-0.0341418	0.421371	0.906246
-0.0209127	0.2581	0.965892
-0.00703112	0.0867765	0.996203
-1.52214e-006	-1.38376e-007	-0
-4.52029e-006	-3.69003e-007	-0
-8.90319e-006	-7.26791e-007	-0
-1.45358e-005	-1.18104e-006	-0
-2.125e-005	-1.72656e-006	-0
-2.87539e-005	-2.32422e-006	-0
-3.69652e-005	-2.98795e-006	-0
-4.5673e-005	-3.67091e-006	-0
-5.44311e-005	-4.37484e-006	-0
-6.29773e-005	-5.08702e-006	-0
-7.11967e-005	-5.75094e-006	-0
-7.89029e-005	-6.44106e-006	-0
-8.56149e-005	-6.98897e-006	-0
-9.11062e-005	-7.36338e-006	-0
-9.54802e-005	-7.71689e-006	-0
-9.84885e-005	-7.97848e-006	-0
-0.996735	-0.0807448	-0
-0.996743	-0.0806384	-0
-9.86193e-005	-7.97848e-006	-0
-8.54901e-005	-6.98897e-006	-0
-1.44904e-005	-1.18104e-006	-0
1.49908e-006	1.38376e-007	-0
4.52029e-006	3.45941e-007	-0
8.90319e-006	6.81367e-007	-0
1.45358e-005	1.18104e-006	-0
2.125e-005	1.72656e-006	-0
2.87539e-005	2.39063e-006	-0
3.69652e-005	3.07332e-006	-0
4.5673e-005	3.67091e-006	-0
5.44311e-005	4.37484e-006	-0
6.29773e-005	5.08702e-006	-0
7.11967e-005	5.75094e-006	-0
7.89029e-005	6.44106e-006	-0
8.56149e-005	6.98897e-006	-0
9.11062e-005	7.36338e-006	-0
9.54802e-005	7.71689e-006	-0
9.84885e-005	7.97848e-006	-0
0.996735	0.0807448	-0
0.996743	0.0806384	-0
9.86193e-005	7.97848e-006	-0
8.54901e-005	6.98897e-006	-0
4.49723e-006	3.69003e-007	-0
1.52214e-006	1.15314e-007	-0

#	Mesh	0	End

