#	Mesh	0	Begin

#	Vertex	72
92.7812	-22.927	0.678742
92.7814	-22.9299	0.677975
92.7816	-22.9326	0.676723
92.7818	-22.935	0.675023
92.782	-22.9371	0.672928
92.7821	-22.9388	0.670501
92.7822	-22.94	0.667815
92.7823	-22.9408	0.664953
92.7823	-22.941	0.662001
92.7823	-22.9408	0.659049
92.7822	-22.94	0.656186
92.7821	-22.9388	0.653501
92.782	-22.9371	0.651073
92.7818	-22.935	0.648978
92.7816	-22.9326	0.647278
92.7814	-22.9299	0.646026
92.7812	-22.927	0.645259
92.7809	-22.9241	0.645001
92.7807	-22.9211	0.645259
92.7805	-22.9183	0.646026
92.7802	-22.9156	0.647278
92.78	-22.9132	0.648978
92.7799	-22.9111	0.651073
92.7797	-22.9094	0.653501
92.7796	-22.9082	0.656186
92.7796	-22.9074	0.659049
92.7796	-22.9071	0.662001
92.7796	-22.9074	0.664953
92.7796	-22.9082	0.667815
92.7797	-22.9094	0.670501
92.7799	-22.9111	0.672928
92.78	-22.9132	0.675023
92.7802	-22.9156	0.676723
92.7805	-22.9183	0.677975
92.7807	-22.9211	0.678742
92.7809	-22.9241	0.679001
93.4147	-22.8757	0.678742
93.415	-22.8785	0.677975
93.4152	-22.8812	0.676723
93.4154	-22.8836	0.675023
93.4155	-22.8857	0.672928
93.4157	-22.8874	0.670501
93.4158	-22.8887	0.667815
93.4158	-22.8894	0.664953
93.4159	-22.8897	0.662001
93.4158	-22.8894	0.659049
93.4158	-22.8887	0.656186
93.4157	-22.8874	0.653501
93.4155	-22.8857	0.651073
93.4154	-22.8836	0.648978
93.4152	-22.8812	0.647278
93.415	-22.8785	0.646026
93.4147	-22.8757	0.645259
93.4145	-22.8727	0.645001
93.4142	-22.8698	0.645259
93.414	-22.867	0.646026
93.4138	-22.8643	0.647278
93.4136	-22.8619	0.648978
93.4134	-22.8598	0.651073
93.4133	-22.8581	0.653501
93.4132	-22.8568	0.656186
93.4131	-22.8561	0.659049
93.4131	-22.8558	0.662001
93.4131	-22.8561	0.664953
93.4132	-22.8568	0.667815
93.4133	-22.8581	0.670501
93.4134	-22.8598	0.672928
93.4136	-22.8619	0.675023
93.4138	-22.8643	0.676723
93.414	-22.867	0.677975
93.4142	-22.8698	0.678742
93.4145	-22.8727	0.679001

#	Triangle	94
35	36	71
0	36	35
0	37	36
1	37	0
1	38	37	2	38	1
2	39	38	3	39	2
3	40	39
4	40	3
4	41	40
5	41	4
5	42	41	6	42	5
6	43	42	7	43	6
7	44	43
8	44	7
8	45	44
9	45	8
9	46	45	10	46	9
10	47	46	11	47	10
11	48	47
12	48	11
12	49	48
13	49	12
13	50	49	14	50	13
14	51	50	15	51	14
15	52	51
16	52	15
16	53	52
17	53	16
17	54	53
18	54	17
18	55	54
19	55	18
19	56	55	20	56	19
20	57	56	21	57	20
21	58	57
22	58	21
22	59	58
23	59	22
23	60	59	24	60	23
24	61	60	25	61	24
25	62	61
26	62	25
26	63	62
27	63	26
27	64	63	28	64	27
28	65	64	29	65	28
29	66	65
30	66	29
30	67	66
31	67	30
31	68	67	32	68	31
32	69	68	33	69	32
33	70	69
34	70	33
34	71	70
35	71	34
7	9	8	26	25	27
6	9	7	27	25	24
6	10	9	27	24	28
5	10	6	28	24	23
5	11	10	28	23	29
4	11	5	29	23	22
4	12	11	29	22	30
3	12	4	30	22	21
3	13	12	30	21	31
2	13	3	31	21	20
2	14	13	31	20	32
1	14	2	32	20	19
1	15	14	32	19	33
0	15	1	33	19	18
0	16	15	33	18	34
35	16	0
35	17	16
34	17	35
34	18	17
45	43	44	62	63	61
46	43	45	61	63	64
46	42	43	61	64	60
47	42	46	60	64	65
47	41	42	60	65	59
48	41	47	59	65	66
48	40	41	59	66	58
49	40	48	58	66	67
49	39	40	58	67	57
50	39	49	57	67	68
50	38	39	57	68	56
51	38	50	56	68	69
51	37	38	56	69	55
52	37	51	55	69	70
52	36	37	55	70	54
53	36	52
53	71	36
54	71	53
54	70	71

#	Normal	94
0.00703686	-0.0868444	0.996197
0.00704261	-0.0869197	0.99619
0.0208997	-0.257944	0.965934
0.0208957	-0.257891	0.965948
0.0341417	-0.421371	0.906246
0.0463167	-0.571633	0.819201
0.0571125	-0.704872	0.707031
0.057096	-0.704651	0.707253
0.0661462	-0.816344	0.573766
0.0661614	-0.816552	0.573469
0.0731959	-0.90337	0.42257
0.0780138	-0.962832	0.25859
0.0804519	-0.992923	0.0873548
0.0804525	-0.992942	0.0871435
0.080451	-0.992923	-0.0873548
0.0804534	-0.992942	-0.0871435
0.0780138	-0.962832	-0.25859
0.0731959	-0.90337	-0.42257
0.0661445	-0.816344	-0.573766
0.0661631	-0.816551	-0.573469
0.057114	-0.704872	-0.707031
0.0570946	-0.704651	-0.707253
0.0463167	-0.571633	-0.819201
0.0341417	-0.421371	-0.906246
0.0209015	-0.257963	-0.965929
0.020897	-0.25791	-0.965943
0.00703486	-0.086824	-0.996199
0.00704131	-0.0868993	-0.996192
-0.00704131	0.0868993	-0.996192
-0.00703486	0.086824	-0.996199
-0.020897	0.25791	-0.965943
-0.0209015	0.257963	-0.965929
-0.0341417	0.421371	-0.906246
-0.0463167	0.571633	-0.819201
-0.0570946	0.704651	-0.707253
-0.057114	0.704872	-0.707031
-0.0661631	0.816551	-0.573469
-0.0661445	0.816344	-0.573766
-0.0731959	0.90337	-0.42257
-0.0780138	0.962832	-0.25859
-0.0804534	0.992942	-0.0871435
-0.080451	0.992923	-0.0873548
-0.0804525	0.992942	0.0871435
-0.0804519	0.992923	0.0873548
-0.0780138	0.962832	0.25859
-0.0731959	0.90337	0.42257
-0.0661614	0.816552	0.573469
-0.0661462	0.816344	0.573766
-0.057096	0.704651	0.707253
-0.0571125	0.704872	0.707031
-0.0463167	0.571633	0.819201
-0.0341417	0.421371	0.906246
-0.0208957	0.257891	0.965948
-0.0208997	0.257944	0.965934
-0.00704261	0.0869197	0.99619
-0.00703686	0.0868444	0.996197
-1.52214e-006	-9.22508e-008	-0
-4.50876e-006	-3.69003e-007	-0
-8.88048e-006	-7.26791e-007	-0
-1.45131e-005	-1.18104e-006	-0
-2.12168e-005	-1.72656e-006	-0
-2.87871e-005	-2.39063e-006	-0
-3.70079e-005	-3.07332e-006	-0
-4.5673e-005	-3.58554e-006	-0
-5.44311e-005	-4.2731e-006	-0
-6.30282e-005	-5.08702e-006	-0
-7.12542e-005	-5.75094e-006	-0
-7.87879e-005	-6.44106e-006	-0
-8.54901e-005	-6.98897e-006	-0
-9.11686e-005	-7.48818e-006	-0
-9.55456e-005	-7.84769e-006	-0
-9.84885e-005	-7.84769e-006	-0
-0.99684	-0.0794295	-0
-0.996632	-0.0820055	-0
-9.85539e-005	-8.10928e-006	-0
1.52214e-006	1.38376e-007	-0
4.50876e-006	3.69003e-007	-0
8.88048e-006	7.26791e-007	-0
1.45131e-005	1.18104e-006	-0
2.12168e-005	1.72656e-006	-0
2.88203e-005	2.25781e-006	-0
3.70506e-005	2.90258e-006	-0
4.56303e-005	3.75628e-006	-0
5.43802e-005	4.47658e-006	-0
6.30282e-005	5.08702e-006	-0
7.12542e-005	5.75094e-006	-0
7.87879e-005	6.44106e-006	-0
8.54901e-005	6.98897e-006	-0
9.11686e-005	7.23858e-006	-0
9.55456e-005	7.5861e-006	-0
9.85539e-005	8.10928e-006	-0
0.996632	0.0820055	-0
0.99684	0.0794295	-0
9.84885e-005	7.84769e-006	-0

#	Mesh	0	End

