#	Mesh	0	Begin

#	Vertex	72
80.2002	-21.3249	0.583708
80.2135	-21.3238	0.587294
80.226	-21.3228	0.593151
80.2374	-21.3219	0.601099
80.2471	-21.3211	0.610898
80.255	-21.3205	0.62225
80.2609	-21.32	0.634809
80.2645	-21.3197	0.648195
80.2657	-21.3196	0.662
80.2645	-21.3197	0.675805
80.2609	-21.32	0.689191
80.255	-21.3205	0.70175
80.2471	-21.3211	0.713102
80.2374	-21.3219	0.722901
80.226	-21.3228	0.730849
80.2135	-21.3238	0.736706
80.2002	-21.3249	0.740292
80.1864	-21.326	0.7415
80.1727	-21.3271	0.740292
80.1593	-21.3282	0.736706
80.1468	-21.3292	0.730849
80.1355	-21.3301	0.722901
80.1257	-21.3309	0.713102
80.1178	-21.3316	0.70175
80.112	-21.332	0.689191
80.1084	-21.3323	0.675805
80.1072	-21.3324	0.662
80.1084	-21.3323	0.648195
80.112	-21.332	0.634809
80.1178	-21.3316	0.62225
80.1257	-21.3309	0.610898
80.1355	-21.3301	0.601099
80.1468	-21.3292	0.593151
80.1593	-21.3282	0.587294
80.1727	-21.3271	0.583708
80.1864	-21.326	0.5825
80.5038	-25.0726	0.583708
80.5172	-25.0715	0.587294
80.5297	-25.0705	0.593151
80.541	-25.0696	0.601099
80.5508	-25.0688	0.610898
80.5587	-25.0682	0.62225
80.5645	-25.0677	0.634809
80.5681	-25.0674	0.648195
80.5693	-25.0673	0.662
80.5681	-25.0674	0.675805
80.5645	-25.0677	0.689191
80.5587	-25.0682	0.70175
80.5508	-25.0688	0.713102
80.541	-25.0696	0.722901
80.5297	-25.0705	0.730849
80.5172	-25.0715	0.736706
80.5038	-25.0726	0.740292
80.4901	-25.0737	0.7415
80.4763	-25.0748	0.740292
80.463	-25.0759	0.736706
80.4505	-25.0769	0.730849
80.4391	-25.0779	0.722901
80.4294	-25.0786	0.713102
80.4215	-25.0793	0.70175
80.4156	-25.0798	0.689191
80.412	-25.08	0.675805
80.4108	-25.0801	0.662
80.412	-25.08	0.648195
80.4156	-25.0798	0.634809
80.4215	-25.0793	0.62225
80.4294	-25.0786	0.610898
80.4391	-25.0779	0.601099
80.4505	-25.0769	0.593151
80.463	-25.0759	0.587294
80.4763	-25.0748	0.583708
80.4901	-25.0737	0.5825

#	Triangle	71
35	36	71
0	36	35
0	37	36	1	37	0
1	38	37	2	38	1
2	39	38
3	39	2
3	40	39	4	40	3
4	41	40	5	41	4
5	42	41
6	42	5
6	43	42
7	43	6
7	44	43	8	44	7
8	45	44	9	45	8
9	46	45
10	46	9
10	47	46
11	47	10
11	48	47	12	48	11
12	49	48	13	49	12
13	50	49
14	50	13
14	51	50	15	51	14
15	52	51	16	52	15
16	53	52
17	53	16
17	54	53	18	54	17
18	55	54	19	55	18
19	56	55	20	56	19
20	57	56
21	57	20
21	58	57	22	58	21
22	59	58	23	59	22
23	60	59
24	60	23
24	61	60
25	61	24
25	62	61	26	62	25
26	63	62	27	63	26
27	64	63
28	64	27
28	65	64
29	65	28
29	66	65	30	66	29
30	67	66	31	67	30
31	68	67
32	68	31
32	69	68	33	69	32
33	70	69	34	70	33
34	71	70	35	71	34
7	9	8	26	25	27
6	9	7	27	25	24
6	10	9	27	24	28
5	10	6	5	11	10	28	23	29	28	24	23
4	11	5	4	12	11	29	22	30	29	23	22
3	12	4	3	13	12	30	21	31	30	22	21
2	13	3	2	14	13	31	20	32	31	21	20
1	14	2	1	15	14	32	19	33	32	20	19
0	15	1	0	16	15	33	18	34	33	19	18
35	16	0	35	17	16	34	17	35	34	18	17
45	43	44	62	63	61
46	43	45	61	63	64
46	42	43	61	64	60
47	42	46	47	41	42	60	65	59	60	64	65
48	41	47	48	40	41	59	66	58	59	65	66
49	40	48	49	39	40	58	67	57	58	66	67
50	39	49	50	38	39	57	68	56	57	67	68
51	38	50	51	37	38	56	69	55	56	68	69
52	37	51	52	36	37	55	70	54	55	69	70
53	36	52	53	71	36
54	71	53	54	70	71

#	Normal	71
0.0868341	0.00703568	-0.996198
0.0868827	0.0070398	-0.996194
0.257942	0.0209001	-0.965934
0.421312	0.0341374	-0.906273
0.571773	0.0463288	-0.819102
0.57151	0.0463063	-0.819287
0.704843	0.0571095	-0.707061
0.816497	0.0661561	-0.573547
0.903174	0.0731791	-0.422991
0.903388	0.0731984	-0.42253
0.962854	0.0780167	-0.258506
0.962714	0.0780033	-0.25903
0.992945	0.0804528	-0.0871053
0.992945	0.0804528	0.0871053
0.962854	0.0780147	0.258506
0.962714	0.0780053	0.25903
0.903174	0.073181	0.422991
0.903389	0.0731965	0.42253
0.816497	0.0661561	0.573547
0.704843	0.0571095	0.707061
0.571774	0.0463276	0.819102
0.57151	0.0463075	0.819287
0.421312	0.0341374	0.906273
0.257942	0.0209001	0.965934
0.0868341	0.00703586	0.996198
0.0868827	0.00703962	0.996194
-0.0868827	-0.00703962	0.996194
-0.257942	-0.0208996	0.965934
-0.421312	-0.0341365	0.906273
-0.571774	-0.0463276	0.819102
-0.57151	-0.0463075	0.819287
-0.704843	-0.0571109	0.707061
-0.816496	-0.0661578	0.573547
-0.903174	-0.073181	0.422991
-0.903389	-0.0731965	0.42253
-0.962854	-0.0780147	0.258506
-0.962714	-0.0780053	0.25903
-0.992945	-0.0804548	0.0871053
-0.992945	-0.0804548	-0.0871053
-0.962854	-0.0780167	-0.258506
-0.962714	-0.0780033	-0.25903
-0.903174	-0.0731791	-0.422991
-0.903388	-0.0731984	-0.42253
-0.816496	-0.0661578	-0.573547
-0.704843	-0.0571109	-0.707061
-0.571773	-0.0463288	-0.819102
-0.57151	-0.0463063	-0.819287
-0.421312	-0.0341365	-0.906273
-0.257942	-0.0208996	-0.965934
-0.0868827	-0.00703962	-0.996194
-2.6963e-006	3.32184e-005	-0
-7.98105e-006	9.87924e-005	-0
-0.0805237	0.996753	-0
-0.0807263	0.996736	-0
-0.0808489	0.996726	-0
-0.0807356	0.996736	-0
-0.0806543	0.996742	-0
-0.0808827	0.996724	-0
-0.0806788	0.99674	-0
-0.0807969	0.996731	-0
2.6963e-006	-3.32184e-005	-0
7.98105e-006	-9.85767e-005	-0
0.0806987	-0.996739	-0
0.0806191	-0.996745	-0
0.0808489	-0.996726	-0
0.0807356	-0.996736	-0
0.0807096	-0.996738	-0
0.0808827	-0.996724	-0
0.0806788	-0.99674	-0
0.0807513	-0.996734	-0
0.0807969	-0.996731	-0

#	Mesh	0	End

