#	Mesh	0	Begin

#	Vertex	34
-320.61	116.64	0.66
-320.61	116.64	-2.51
-320.61	116.526	-2.51
-320.61	116.526	-2.42
-320.61	116.236	-2.42
-320.61	116.236	0.66
-314.568	116.519	0.66
-313.568	116.519	0.66
-313.568	115.84	0.66
-306.118	115.84	0.66
-306.118	116.519	0.66
-305.178	116.519	0.66
-305.178	116.64	0.66
-319.922	116.236	0.66
-319.922	115.84	0.66
-314.568	115.84	0.66
-313.568	115.84	-2.42
-312.827	115.84	-2.42
-306.118	115.84	-2.42
-305.178	116.64	-2.51
-305.178	116.526	-2.51
-305.937	116.526	-2.51
-312.827	116.526	-2.51
-313.568	116.519	-2.42
-314.568	116.519	-2.42
-314.568	115.84	-2.42
-319.922	115.84	-2.42
-319.922	116.236	-2.42
-312.827	116.526	-2.42
-305.937	116.526	-2.42
-305.178	116.526	-2.42
-305.178	116.519	-2.42
-305.937	116.519	-2.42
-306.118	116.519	-2.42

#	Triangle	6
3	1	2	3	0	1	5	3	4	5	0	3	8	23	16	7	23	8	14	27	26	13	27	14
13	0	5	13	6	0	6	12	0	15	13	14	15	6	13	7	12	6	9	7	8	9	10	7	10	12	7	11	12	10
9	17	18	9	16	17	9	8	16	30	21	20	30	22	21	30	2	22	30	29	2	29	28	2	28	3	2	24	7	6	23	7	24	26	15	14	25	15	26	11	32	31	11	33	32	11	10	33	4	13	5	27	13	4
19	2	1	19	22	2	19	21	22	19	20	21	28	24	3	24	4	3	24	27	4	24	26	27	24	25	26	28	23	24	28	16	23	28	17	16	29	33	28	33	17	28	33	18	17	29	32	33	30	32	29	30	31	32
19	0	12	1	0	19
25	6	15	24	6	25	18	10	9	33	10	18	12	20	19	12	30	20	12	31	30	12	11	31

#	Normal	6
-1	0	-0
-0	-0	1
-0	-1	-0
-0	-0	-1
-0	1	-0
1	-0	-0

#	Mesh	0	End

