#	Mesh	0	Begin

#	Vertex	16
-295.94	99.6258	-7.47
-295.94	99.6258	-2.42
-295.94	99.8258	-2.42
-295.94	99.8258	-7.47
-313.637	99.8258	-2.42
-296.827	99.8258	-2.74653
-297.027	99.8258	-2.74653
-297.027	99.8258	-2.42
-313.637	99.8258	-7.47
-313.637	99.6258	-2.42
-313.637	99.6258	-7.47
-297.027	99.6258	-2.74653
-296.827	99.6258	-2.74653
-296.827	99.6258	-2.42
-297.027	99.6258	-2.42
-296.827	99.8258	-2.42

#	Triangle	6
0	2	1	3	2	0	6	14	11	7	14	6
4	3	8	4	6	3	6	5	3	5	2	3	4	7	6	15	2	5
8	9	4	10	9	8	12	15	5	13	15	12
1	12	0	12	10	0	12	11	10	11	9	10	1	13	12	14	9	11
0	8	3	10	8	0
7	9	14	4	9	7	13	2	15	1	2	13	12	6	11	5	6	12

#	Normal	6
1	-0	-0
-0	1	-0
-1	-0	0
-0	-1	-0
-0	0	-1
0	0	1

#	Mesh	0	End

