#	Mesh	0	Begin

#	Vertex	72
94.686	-45.6683	-7.74926
94.6862	-45.6711	-7.75003
94.6865	-45.6738	-7.75128
94.6866	-45.6762	-7.75298
94.6868	-45.6783	-7.75507
94.687	-45.68	-7.7575
94.6871	-45.6813	-7.76019
94.6871	-45.682	-7.76305
94.6871	-45.6823	-7.766
94.6871	-45.682	-7.76895
94.6871	-45.6813	-7.77181
94.687	-45.68	-7.7745
94.6868	-45.6783	-7.77693
94.6866	-45.6762	-7.77902
94.6865	-45.6738	-7.78072
94.6862	-45.6711	-7.78197
94.686	-45.6683	-7.78274
94.6858	-45.6654	-7.783
94.6855	-45.6624	-7.78274
94.6853	-45.6596	-7.78197
94.6851	-45.6569	-7.78072
94.6849	-45.6545	-7.77902
94.6847	-45.6524	-7.77693
94.6846	-45.6507	-7.7745
94.6845	-45.6494	-7.77181
94.6844	-45.6487	-7.76895
94.6844	-45.6484	-7.766
94.6844	-45.6487	-7.76305
94.6845	-45.6494	-7.76019
94.6846	-45.6507	-7.7575
94.6847	-45.6524	-7.75507
94.6849	-45.6545	-7.75298
94.6851	-45.6569	-7.75128
94.6853	-45.6596	-7.75003
94.6855	-45.6624	-7.74926
94.6858	-45.6654	-7.749
96.3158	-45.5362	-7.74926
96.316	-45.5391	-7.75003
96.3163	-45.5418	-7.75128
96.3165	-45.5442	-7.75298
96.3166	-45.5463	-7.75507
96.3168	-45.548	-7.7575
96.3169	-45.5492	-7.76019
96.3169	-45.55	-7.76305
96.3169	-45.5502	-7.766
96.3169	-45.55	-7.76895
96.3169	-45.5492	-7.77181
96.3168	-45.548	-7.7745
96.3166	-45.5463	-7.77693
96.3165	-45.5442	-7.77902
96.3163	-45.5418	-7.78072
96.316	-45.5391	-7.78197
96.3158	-45.5362	-7.78274
96.3156	-45.5333	-7.783
96.3153	-45.5304	-7.78274
96.3151	-45.5275	-7.78197
96.3149	-45.5248	-7.78072
96.3147	-45.5224	-7.77902
96.3145	-45.5203	-7.77693
96.3144	-45.5186	-7.7745
96.3143	-45.5174	-7.77181
96.3142	-45.5166	-7.76895
96.3142	-45.5164	-7.766
96.3142	-45.5166	-7.76305
96.3143	-45.5174	-7.76019
96.3144	-45.5186	-7.7575
96.3145	-45.5203	-7.75507
96.3147	-45.5224	-7.75298
96.3149	-45.5248	-7.75128
96.3151	-45.5275	-7.75003
96.3153	-45.5304	-7.74926
96.3156	-45.5333	-7.749

#	Triangle	100
35	36	71	0	36	35
0	37	36
1	37	0
1	38	37
2	38	1
2	39	38
3	39	2
3	40	39
4	40	3
4	41	40
5	41	4
5	42	41
6	42	5
6	43	42	7	43	6
7	44	43
8	44	7
8	45	44
9	45	8
9	46	45	10	46	9
10	47	46
11	47	10
11	48	47
12	48	11
12	49	48
13	49	12
13	50	49
14	50	13
14	51	50
15	51	14
15	52	51
16	52	15
16	53	52	17	53	16
17	54	53	18	54	17
18	55	54
19	55	18
19	56	55
20	56	19
20	57	56	21	57	20
21	58	57	22	58	21
22	59	58
23	59	22
23	60	59
24	60	23
24	61	60	25	61	24
25	62	61	26	62	25
26	63	62	27	63	26
27	64	63	28	64	27
28	65	64
29	65	28
29	66	65
30	66	29
30	67	66	31	67	30
31	68	67	32	68	31
32	69	68
33	69	32
33	70	69
34	70	33
34	71	70	35	71	34
7	9	8	26	25	27
6	9	7	27	25	24
6	10	9	27	24	28
5	10	6
5	11	10	28	23	29
4	11	5	29	23	22
4	12	11	29	22	30
3	12	4	30	22	21
3	13	12	30	21	31
2	13	3	31	21	20
2	14	13	31	20	32
1	14	2	32	20	19
1	15	14
0	15	1	33	19	18
0	16	15
35	16	0	34	18	17
35	17	16
34	17	35
33	18	34
32	19	33
28	24	23
45	43	44	62	63	61
46	43	45	61	63	64
46	42	43	61	64	60
47	42	46
47	41	42	60	65	59
48	41	47	59	65	66
48	40	41	59	66	58
49	40	48	58	66	67
49	39	40	58	67	57
50	39	49	57	67	68
50	38	39	57	68	56
51	38	50	56	68	69
51	37	38
52	37	51	55	69	70
52	36	37
53	36	52	54	70	71
53	71	36
54	71	53
55	70	54
56	69	55
60	64	65

#	Normal	100
0.00704283	-0.0869197	0.99619
0.0208875	-0.257784	0.965977
0.0209134	-0.258112	0.965889
0.0341318	-0.421253	0.906301
0.0340922	-0.420751	0.906535
0.0462938	-0.571339	0.819408
0.0463423	-0.571954	0.818976
0.0571512	-0.705357	0.706544
0.0570915	-0.704596	0.707308
0.0661369	-0.81623	0.573929
0.0661926	-0.816946	0.572904
0.0732148	-0.903613	0.422045
0.0731763	-0.903112	0.423125
0.078002	-0.962668	0.259203
0.080455	-0.992942	0.0871399
0.0804539	-0.992923	0.0873512
0.0804554	-0.992942	-0.0871399
0.0804535	-0.992923	-0.0873512
0.078002	-0.962668	-0.259203
0.0732169	-0.903613	-0.422045
0.0731742	-0.903112	-0.423125
0.0661346	-0.81623	-0.573929
0.0661948	-0.816945	-0.572904
0.0571531	-0.705357	-0.706544
0.0570895	-0.704596	-0.707308
0.0462924	-0.571339	-0.819408
0.0463436	-0.571954	-0.818976
0.0341328	-0.421253	-0.906301
0.0340912	-0.420751	-0.906535
0.0208868	-0.257784	-0.965977
0.020914	-0.258112	-0.965889
0.00704283	-0.0869197	-0.99619
-0.00704134	0.0869012	-0.996192
-0.0209183	0.258165	-0.965874
-0.0208911	0.257837	-0.965962
-0.0340912	0.420751	-0.906535
-0.0341328	0.421253	-0.906301
-0.0463436	0.571954	-0.818976
-0.0570912	0.704596	-0.707308
-0.0661864	0.816846	-0.573047
-0.066143	0.81633	-0.573786
-0.0731811	0.903193	-0.42295
-0.0732169	0.903613	-0.422045
-0.078002	0.962668	-0.259203
-0.0804535	0.992923	-0.0873512
-0.0804535	0.992923	0.0873512
-0.078002	0.962668	0.259203
-0.0731829	0.903193	0.42295
-0.0732151	0.903613	0.422045
-0.0661848	0.816846	0.573047
-0.0661447	0.81633	0.573786
-0.0570912	0.704596	0.707308
-0.0463436	0.571954	0.818976
-0.0340922	0.420751	0.906535
-0.0341318	0.421253	0.906301
-0.0209177	0.258165	0.965874
-0.0208918	0.257837	0.965962
-0.00704134	0.0869012	0.996192
-1.5222e-006	-1.38382e-007	-0
-4.52048e-006	-3.69019e-007	-0
-8.90338e-006	-7.26807e-007	-0
-1.45361e-005	-1.18106e-006	-0
-2.125e-005	-1.72656e-006	-0
-2.87539e-005	-2.25781e-006	-0
-3.69648e-005	-2.90255e-006	-0
-4.56725e-005	-3.75624e-006	-0
-5.44319e-005	-4.47664e-006	-0
-6.29782e-005	-5.08709e-006	-0
-7.11978e-005	-5.75104e-006	-0
-7.89042e-005	-6.44116e-006	-0
-8.56139e-005	-6.98889e-006	-0
-9.11052e-005	-7.4881e-006	-0
-9.548e-005	-7.84767e-006	-0
-9.84883e-005	-7.84767e-006	-0
-0.99684	-0.0794295	-0
-0.996627	-0.0820596	-0
-9.56108e-005	-7.58608e-006	-0
-8.54891e-005	-6.98889e-006	-0
-1.44907e-005	-1.18106e-006	-0
1.5222e-006	9.22546e-008	-0
4.52048e-006	3.69019e-007	-0
8.90338e-006	7.26807e-007	-0
1.44907e-005	1.18106e-006	-0
2.11836e-005	1.72656e-006	-0
2.88203e-005	2.39063e-006	-0
3.70502e-005	3.07329e-006	-0
4.55871e-005	3.5855e-006	-0
5.43301e-005	4.27316e-006	-0
6.30799e-005	5.08709e-006	-0
7.13129e-005	5.75104e-006	-0
7.87892e-005	6.44116e-006	-0
8.54891e-005	6.98889e-006	-0
9.123e-005	7.4881e-006	-0
9.56108e-005	7.84767e-006	-0
9.84883e-005	7.84767e-006	-0
0.99684	0.0794295	-0
0.996627	0.0820596	-0
9.548e-005	7.58608e-006	-0
8.56139e-005	6.98889e-006	-0
1.45361e-005	1.09021e-006	-0

#	Mesh	0	End

