#	Mesh	0	Begin

#	Vertex	45
71.9266	-25.6853	2.185
71.879	-25.0966	2.185
71.8298	-24.4892	2.185
70.9327	-24.5618	2.185
70.9819	-25.1693	2.185
71.0296	-25.7579	2.185
71.9266	-25.6853	-19.373
71.0296	-25.7579	-19.373
70.9327	-24.5618	-19.373
71.8298	-24.4892	-19.373
71.9266	-25.6853	2.18243
71.9266	-25.6853	-3.34661
71.9266	-25.6853	-3.94662
71.9266	-25.6853	-11.6661
71.9266	-25.6853	-12.2661
71.9266	-25.6853	-18.3361
71.8298	-24.4892	-18.3337
71.8298	-24.4892	-12.2638
71.8298	-24.4892	-11.6638
71.8298	-24.4892	-11.386
71.8458	-24.687	-11.386
71.8458	-24.687	-3.35545
71.8298	-24.4892	-3.35445
71.8298	-24.4892	-3.34053
71.8118	-24.4906	-3.35445
71.8118	-24.4906	-11.386
70.9327	-24.5618	-18.3337
70.9327	-24.5618	-12.2638
70.9327	-24.5618	-11.6638
70.9327	-24.5618	-11.2544
71.1216	-24.5465	-11.2544
71.1216	-24.5465	-3.35445
70.9327	-24.5618	-3.35445
70.9327	-24.5618	-3.34053
71.0296	-25.7579	-3.36045
71.0296	-25.7579	-3.34661
71.0296	-25.7579	2.18243
71.2185	-25.7426	-3.36045
71.2185	-25.7426	-11.2544
71.0296	-25.7579	-11.2544
71.0296	-25.7579	-11.6661
71.0296	-25.7579	-12.2661
71.0296	-25.7579	-18.3361
71.8278	-24.6885	-11.386
71.8278	-24.6885	-3.35545

#	Triangle	27
4	2	3	5	2	4	0	1	5	1	2	5	39	30	29	38	30	39	25	20	19	43	20	25
9	7	8	6	7	9
16	6	9	16	15	6	16	14	15	17	14	16	17	13	14	18	13	17	23	11	22	23	10	11	2	10	23
18	20	13
20	12	13	21	12	20	21	11	12
19	20	18
22	11	21
2	1	10
1	0	10
26	9	8	26	16	9	26	17	16	27	17	26	27	18	17	28	18	27	28	19	18	33	23	32	33	2	23	3	2	33
29	25	28	31	23	22
25	19	28
29	30	25
30	24	25	31	24	30
31	22	24
32	23	31
35	32	34	35	33	32	36	33	35	36	3	33	42	8	7	42	26	8	41	26	42	41	27	26	40	27	41	40	28	27	39	28	40	39	29	28
5	4	36
4	3	36
15	7	6	15	42	7	14	42	15	14	41	42	13	41	14	13	40	41	12	38	13	38	40	13	38	39	40	12	37	38	11	37	12	11	35	34	10	35	11	10	36	35	0	36	10	0	5	36
11	34	37
31	38	37	30	38	31
32	37	34	31	37	32
20	44	21	43	44	20
24	43	25	44	43	24
22	44	24
21	44	22

#	Normal	27
-0	-0	1
-0	-0	-1
0.996738	0.0807031	0
0.996738	0.0807032	-2.15112e-005
0.996739	0.0806972	-0
0.996736	0.0807332	0
0.996733	0.0807199	0.00261389
0.996731	0.0807102	-0.00356341
0.996739	0.0806953	-0
-0.080699	0.996739	-0
-0.0807	0.996738	-0
-0.0806475	0.996743	-0.000167323
-0.0806944	0.996739	3.80544e-005
-0.0807016	0.996738	-0
-3.55721e-010	4.39644e-009	6.78665e-007
-0.0806944	0.996739	-0.000298707
-0.996738	-0.0807031	-0
-0.996738	-0.080709	-0
-0.996735	-0.0806972	-0.00265294
0.080699	-0.996739	-0
0.0806986	-0.996739	2.70796e-005
-0.996734	-0.0807553	-0
-0.000403488	0.00498363	-0.999988
-0.0807549	0.996734	-0
0.996736	0.0807324	0
-0.000403154	0.00498268	-0.999988
-0.000403695	0.00498269	-0.999988

#	Mesh	0	End

