#	Mesh	0	Begin

#	Vertex	372
-182.037	110.315	1.26421
-182.042	110.315	1.25743
-182.048	110.315	1.25191
-182.048	110.315	1.26551
-182.045	110.315	1.26998
-182.044	110.315	1.27488
-182.043	110.315	1.28
-182.044	110.315	1.28512
-182.045	110.315	1.29002
-182.048	110.315	1.29449
-182.048	110.315	1.30809
-182.042	110.315	1.30257
-182.037	110.315	1.29579
-182.034	110.315	1.28812
-182.033	110.315	1.28
-182.034	110.315	1.27188
-182.102	110.315	1.27188
-182.103	110.315	1.28
-182.102	110.315	1.28812
-182.099	110.315	1.29579
-182.094	110.315	1.30257
-182.088	110.315	1.30809
-182.088	110.315	1.29449
-182.091	110.315	1.29002
-182.092	110.315	1.28512
-182.093	110.315	1.28
-182.092	110.315	1.27488
-182.091	110.315	1.26998
-182.088	110.315	1.26551
-182.088	110.315	1.25191
-182.094	110.315	1.25743
-182.099	110.315	1.26421
-182.059	110.297	1.31339
-182.055	110.299	1.31216
-182.058	110.297	1.32396
-182.063	110.295	1.31424
-182.063	110.295	1.32396
-182.049	110.31	1.32396
-182.048	110.31	1.30846
-182.048	110.315	1.32396
-182.051	110.305	1.32396
-182.052	110.302	1.31077
-182.05	110.306	1.30944
-182.054	110.301	1.32396
-182.068	110.295	1.31454
-182.068	110.295	1.32396
-182.063	110.295	1.24576
-182.068	110.295	1.24546
-182.068	110.295	1.23604
-182.049	110.32	1.32396
-182.048	110.319	1.29523
-182.05	110.324	1.29699
-182.052	110.327	1.29913
-182.051	110.325	1.32396
-182.055	110.33	1.30125
-182.059	110.333	1.30307
-182.058	110.332	1.32396
-182.063	110.334	1.30433
-182.068	110.335	1.30478
-182.068	110.335	1.32396
-182.063	110.334	1.32396
-182.054	110.329	1.32396
-182.048	110.315	1.23604
-182.048	110.31	1.25154
-182.049	110.32	1.23604
-182.078	110.332	1.32396
-182.077	110.333	1.30307
-182.081	110.33	1.30125
-182.073	110.334	1.30433
-182.073	110.334	1.32396
-182.086	110.324	1.29699
-182.088	110.319	1.29523
-182.087	110.32	1.32396
-182.085	110.325	1.32396
-182.084	110.327	1.29913
-182.082	110.329	1.32396
-182.088	110.315	1.32396
-182.088	110.31	1.30846
-182.088	110.315	1.23604
-182.088	110.31	1.25154
-182.086	110.306	1.30944
-182.087	110.31	1.32396
-182.085	110.305	1.32396
-182.084	110.302	1.31077
-182.077	110.297	1.31339
-182.073	110.295	1.31424
-182.073	110.295	1.32396
-182.082	110.301	1.32396
-182.081	110.299	1.31216
-182.078	110.297	1.32396
-182.073	110.295	1.24576
-182.087	110.32	1.23604
-182.068	110.335	1.25522
-182.068	110.35	1.25522
-182.063	110.334	1.25567
-182.056	110.35	1.25854
-182.059	110.333	1.25693
-182.062	110.35	1.25606
-182.047	110.35	1.26761
-182.044	110.35	1.27359
-182.052	110.327	1.26088
-182.05	110.35	1.26248
-182.05	110.324	1.26301
-182.043	110.35	1.28
-182.055	110.33	1.25876
-182.048	110.319	1.26477
-182.05	110.35	1.29752
-182.047	110.35	1.29239
-182.044	110.35	1.28641
-182.056	110.35	1.30146
-182.062	110.35	1.30394
-182.068	110.35	1.30478
-182.074	110.35	1.30394
-182.08	110.35	1.30146
-182.086	110.35	1.29752
-182.089	110.35	1.29239
-182.092	110.35	1.28641
-182.093	110.35	1.28
-182.089	110.35	1.26761
-182.092	110.35	1.27359
-182.086	110.324	1.26301
-182.086	110.35	1.26248
-182.073	110.334	1.25567
-182.074	110.35	1.25606
-182.08	110.35	1.25854
-182.084	110.327	1.26088
-182.077	110.333	1.25693
-182.088	110.319	1.26477
-182.081	110.33	1.25876
-182.087	110.35	1.29934
-182.092	110.35	1.29368
-182.082	110.35	1.30369
-182.075	110.35	1.30642
-182.068	110.35	1.30735
-182.061	110.35	1.30642
-182.054	110.35	1.30369
-182.049	110.35	1.29934
-182.044	110.35	1.29368
-182.042	110.35	1.28708
-182.041	110.35	1.28
-182.042	110.35	1.27292
-182.044	110.35	1.26632
-182.049	110.35	1.26066
-182.054	110.35	1.25631
-182.061	110.35	1.25358
-182.068	110.35	1.25265
-182.075	110.35	1.25358
-182.082	110.35	1.25631
-182.087	110.35	1.26066
-182.092	110.35	1.26632
-182.094	110.35	1.27292
-182.095	110.35	1.28
-182.094	110.35	1.28708
-182.095	110.359	1.28
-182.094	110.359	1.28708
-182.092	110.359	1.29368
-182.087	110.359	1.29934
-182.082	110.359	1.30369
-182.075	110.359	1.30642
-182.068	110.359	1.30735
-182.061	110.359	1.30642
-182.054	110.359	1.30369
-182.049	110.359	1.29934
-182.044	110.359	1.29368
-182.042	110.359	1.28708
-182.041	110.359	1.28
-182.042	110.359	1.27292
-182.044	110.359	1.26632
-182.049	110.359	1.26066
-182.054	110.359	1.25631
-182.061	110.359	1.25358
-182.068	110.359	1.25265
-182.075	110.359	1.25358
-182.082	110.359	1.25631
-182.087	110.359	1.26066
-182.092	110.359	1.26632
-182.094	110.359	1.27292
-182.068	110.282	1.31454
-182.059	110.282	1.31336
-182.051	110.282	1.30991
-182.044	110.282	1.30442
-182.038	110.282	1.29727
-182.035	110.282	1.28894
-182.033	110.282	1.28
-182.035	110.282	1.27106
-182.038	110.282	1.26273
-182.044	110.282	1.25558
-182.059	110.282	1.24664
-182.068	110.282	1.24546
-182.051	110.282	1.25009
-182.055	110.299	1.24784
-182.05	110.306	1.25056
-182.059	110.297	1.24661
-182.052	110.302	1.24923
-182.077	110.282	1.24664
-182.077	110.297	1.24661
-182.085	110.282	1.25009
-182.092	110.282	1.25558
-182.086	110.306	1.25056
-182.098	110.282	1.26273
-182.101	110.282	1.27106
-182.081	110.299	1.24784
-182.103	110.282	1.28
-182.084	110.302	1.24923
-182.092	110.282	1.30442
-182.098	110.282	1.29727
-182.101	110.282	1.28894
-182.085	110.282	1.30991
-182.077	110.282	1.31336
-182.095	110.282	1.25338
-182.101	110.282	1.26118
-182.087	110.282	1.24739
-182.078	110.282	1.24363
-182.068	110.282	1.24235
-182.058	110.282	1.24363
-182.049	110.282	1.24739
-182.041	110.282	1.25338
-182.035	110.282	1.26118
-182.032	110.282	1.27026
-182.03	110.282	1.28
-182.032	110.282	1.28974
-182.035	110.282	1.29882
-182.041	110.282	1.30662
-182.049	110.282	1.31261
-182.058	110.282	1.31637
-182.068	110.282	1.31765
-182.078	110.282	1.31637
-182.087	110.282	1.31261
-182.095	110.282	1.30662
-182.101	110.282	1.29882
-182.104	110.282	1.28974
-182.106	110.282	1.28
-182.104	110.282	1.27026
-182.106	110.271	1.28
-182.104	110.271	1.27026
-182.101	110.271	1.26118
-182.095	110.271	1.25338
-182.087	110.271	1.24739
-182.078	110.271	1.24363
-182.068	110.271	1.24235
-182.058	110.271	1.24363
-182.049	110.271	1.24739
-182.041	110.271	1.25338
-182.035	110.271	1.26118
-182.032	110.271	1.27026
-182.03	110.271	1.28
-182.032	110.271	1.28974
-182.035	110.271	1.29882
-182.041	110.271	1.30662
-182.049	110.271	1.31261
-182.058	110.271	1.31637
-182.068	110.271	1.31765
-182.078	110.271	1.31637
-182.087	110.271	1.31261
-182.095	110.271	1.30662
-182.101	110.271	1.29882
-182.104	110.271	1.28974
-182.073	110.334	1.23604
-182.068	110.335	1.23604
-182.078	110.332	1.23604
-182.085	110.325	1.23604
-182.082	110.329	1.23604
-182.085	110.305	1.23604
-182.087	110.31	1.23604
-182.082	110.301	1.23604
-182.073	110.295	1.23604
-182.078	110.297	1.23604
-182.063	110.295	1.23604
-182.058	110.297	1.23604
-182.051	110.305	1.23604
-182.049	110.31	1.23604
-182.054	110.301	1.23604
-182.051	110.325	1.23604
-182.058	110.332	1.23604
-182.063	110.334	1.23604
-182.054	110.329	1.23604
-182.087	110.304	1.22834
-182.09	110.309	1.22834
-182.09	110.315	1.22834
-182.09	110.321	1.22834
-182.087	110.326	1.22834
-182.084	110.331	1.22834
-182.079	110.334	1.22834
-182.074	110.337	1.22834
-182.068	110.337	1.22834
-182.062	110.337	1.22834
-182.057	110.334	1.22834
-182.052	110.331	1.22834
-182.049	110.326	1.22834
-182.046	110.321	1.22834
-182.046	110.315	1.22834
-182.046	110.309	1.22834
-182.049	110.304	1.22834
-182.052	110.299	1.22834
-182.057	110.295	1.22834
-182.062	110.293	1.22834
-182.068	110.292	1.22834
-182.074	110.293	1.22834
-182.079	110.295	1.22834
-182.084	110.299	1.22834
-182.087	110.304	1.23604
-182.084	110.299	1.23604
-182.09	110.309	1.23604
-182.079	110.295	1.23604
-182.074	110.293	1.23604
-182.068	110.292	1.23604
-182.062	110.293	1.23604
-182.057	110.295	1.23604
-182.052	110.299	1.23604
-182.049	110.304	1.23604
-182.046	110.309	1.23604
-182.046	110.315	1.23604
-182.046	110.321	1.23604
-182.049	110.326	1.23604
-182.052	110.331	1.23604
-182.057	110.334	1.23604
-182.062	110.337	1.23604
-182.068	110.337	1.23604
-182.074	110.337	1.23604
-182.079	110.334	1.23604
-182.084	110.331	1.23604
-182.087	110.326	1.23604
-182.09	110.321	1.23604
-182.09	110.315	1.23604
-182.062	110.337	1.33166
-182.062	110.337	1.32396
-182.068	110.337	1.32396
-182.068	110.337	1.33166
-182.057	110.334	1.33166
-182.057	110.334	1.32396
-182.052	110.331	1.32396
-182.052	110.331	1.33166
-182.049	110.326	1.33166
-182.049	110.326	1.32396
-182.046	110.321	1.33166
-182.046	110.321	1.32396
-182.046	110.315	1.33166
-182.046	110.315	1.32396
-182.049	110.304	1.33166
-182.049	110.304	1.32396
-182.046	110.309	1.32396
-182.046	110.309	1.33166
-182.052	110.299	1.33166
-182.052	110.299	1.32396
-182.057	110.295	1.32396
-182.057	110.295	1.33166
-182.062	110.293	1.33166
-182.062	110.293	1.32396
-182.068	110.292	1.33166
-182.068	110.292	1.32396
-182.074	110.293	1.33166
-182.074	110.293	1.32396
-182.079	110.295	1.33166
-182.079	110.295	1.32396
-182.084	110.299	1.32396
-182.084	110.299	1.33166
-182.087	110.304	1.33166
-182.087	110.304	1.32396
-182.09	110.309	1.33166
-182.09	110.309	1.32396
-182.09	110.315	1.33166
-182.09	110.315	1.32396
-182.087	110.326	1.33166
-182.087	110.326	1.32396
-182.09	110.321	1.32396
-182.09	110.321	1.33166
-182.084	110.331	1.33166
-182.084	110.331	1.32396
-182.079	110.334	1.32396
-182.079	110.334	1.33166
-182.074	110.337	1.33166
-182.074	110.337	1.32396

#	Triangle	331
11	9	10
11	8	9
4	2	3	28	29	27	21	22	23
4	1	2
11	7	8	5	1	4
11	6	7	6	1	5	25	26	30	24	25	20
11	1	6
12	1	11	12	0	1	19	30	31	20	30	19	26	29	30	21	24	20	156	175	155	156	174	175	157	174	156	157	173	174	158	173	157	158	172	173	159	172	158	159	171	172	160	171	159	160	170	171	161	170	160	161	169	170	162	169	161	162	168	169	163	168	162	163	167	168
13	0	12	19	31	18
13	15	0	18	31	16
14	15	13	18	16	17	27	29	26	21	23	24
20	25	30
34	32	33	190	192	268
36	35	32	267	192	46
39	37	38	63	270	62
42	40	41	269	191	193
33	41	43
42	38	37	270	63	191
45	44	35	48	46	47
45	35	36	48	267	46
40	43	41
34	36	32
43	34	33
40	42	37
51	49	50
51	52	53
56	54	55	104	273	96
59	57	58	258	92	94
60	55	57	274	94	96
54	61	52
38	10	39	63	62	2
49	39	10	62	64	2
50	49	10
51	53	49
53	52	61
61	54	56
55	60	56
60	57	59
9	50	10	105	3	2
67	65	66	128	126	259
69	68	66	257	126	122
72	70	71
70	73	74
67	74	75
71	21	72
59	58	68
59	68	69
73	75	74
65	69	66
75	65	67
73	70	72
21	71	22	127	29	28
77	76	21	79	29	78
77	80	81	79	263	198
83	82	80	203	198	262
86	84	85	265	90	195
88	87	83
84	89	88
80	82	81
83	87	82
81	76	77	263	79	78
89	84	86
88	89	87
45	86	85	48	90	265
44	45	85	48	47	90
72	21	76	29	91	78
94	92	93
97	95	96
94	93	97
4	98	99
101	100	95
101	98	102
103	5	99
97	96	94
100	104	95
104	96	95
105	102	98
3	105	4
105	98	4
102	100	101
5	4	99
5	103	6
107	106	51
108	107	8
109	52	106
57	110	111
111	58	57
55	109	110
57	55	110
8	7	108
8	50	9
7	6	103
109	55	54
107	50	8
107	51	50
52	51	106
52	109	54
108	7	103
68	111	112
111	68	58
66	68	112
114	74	113
70	114	115
112	113	66
116	23	115
113	67	66
70	74	114
67	113	74
70	115	71
115	23	71
71	23	22
116	24	23
117	25	24
117	24	116
119	118	27
117	119	26
121	120	118
93	122	123
125	121	124
124	123	126
122	93	92
27	118	127
119	27	26
127	28	27
123	122	126
127	118	120
125	120	121
124	126	128
125	124	128
25	117	26
130	115	129	131	129	114	132	131	112	111	133	132	133	110	134	135	134	109	106	136	135	136	107	137	138	137	108	103	139	138	99	140	139	141	140	98	101	142	141	143	142	95	95	144	143	145	144	97	146	145	93	123	147	146	124	148	147	148	121	149	118	150	149	151	150	119	152	151	117	116	130	152
130	116	115	115	114	129	113	112	131	132	112	111	110	133	111	109	106	135	107	136	106	108	103	138	103	99	139	99	98	140	142	101	95	145	97	93	146	93	123	147	123	124	124	121	148	121	118	149	150	118	119	152	117	116
114	113	131	110	109	134	107	108	137	141	98	101	144	95	97	151	119	117
154	176	153	165	166	164
155	176	154
155	175	176
164	167	163
164	166	167
171	144	145	170	144	171
170	143	144	169	143	170
141	168	167	142	168	141
143	168	142	169	168	143
140	167	166	141	167	140
139	166	165	140	166	139
164	137	138	163	137	164
163	136	137	162	136	163
134	161	160	135	161	134
136	161	135	162	161	136
133	160	159	134	160	133
164	139	165	138	139	164
159	132	133	158	132	159
158	131	132	157	131	158
130	156	155	129	156	130
131	156	129	157	156	131
152	155	154	130	155	152
151	154	153	152	154	151
176	149	150	175	149	176
175	148	149	174	148	175
146	173	172	147	173	146
148	173	147	174	173	148
145	172	171	146	172	145
176	151	153	150	151	176
35	44	177
35	178	32
178	35	177
33	178	179
181	11	180
179	180	42
32	178	33
182	12	181
41	33	179
38	42	180
41	179	42
11	181	12
38	11	10
180	11	38
12	182	13
14	13	183
183	13	182
185	0	184
1	185	186
184	15	183
46	187	188
190	189	187
47	46	188
191	186	189
187	46	192
0	15	184
1	63	2
1	0	185
190	193	189
186	63	1
63	186	191
191	189	193
190	187	192
14	183	15
90	188	194
188	90	47
195	90	194
198	196	197
200	31	199
197	199	30
201	194	196
202	16	200
201	195	194
198	203	196
201	196	203
30	79	197
199	31	30
29	79	30
79	198	197
16	31	200
16	202	17
205	204	20
206	205	19
207	80	204
85	208	177
208	85	84
177	44	85
88	207	208
84	88	208
17	202	18
205	20	19
19	18	206
80	207	83
20	77	21
204	77	20
77	204	80
207	88	83
206	18	202
210	199	209	211	209	197	212	211	194	188	213	212	213	187	214	215	214	189	186	216	215	216	185	217	218	217	184	183	219	218	182	220	219	221	220	181	180	222	221	223	222	179	179	224	223	225	224	178	226	225	177	208	227	226	207	228	227	228	204	229	205	230	229	231	230	206	232	231	202	200	210	232
210	200	199	199	197	209	197	196	211	196	194	211	212	194	188	187	213	188	187	189	214	189	186	215	185	216	186	185	184	217	184	183	218	183	182	219	182	181	220	221	181	180	222	180	179	224	179	178	225	178	177	226	177	208	227	208	207	207	204	228	204	205	229	230	205	206	231	206	202	232	202	200
234	256	233	245	246	244
235	256	234	244	246	247
235	255	256	236	255	235	236	254	255	237	254	236	237	253	254	238	253	237	238	252	253	239	252	238	239	251	252	240	251	239	240	250	251	241	250	240	241	249	250	242	249	241	242	248	249	243	248	242	243	247	248	244	247	243
251	224	225	250	224	251
250	223	224	249	223	250
221	248	247	222	248	221
223	248	222	249	248	223
220	247	246	221	247	220
219	246	245	220	246	219
244	217	218	243	217	244
243	216	217	242	216	243
214	241	240	215	241	214
216	241	215	242	241	216
213	240	239	214	240	213
244	219	245	218	219	244
239	212	213	238	212	239
238	211	212	237	211	238
210	236	235	209	236	210
211	236	209	237	236	211
232	235	234	210	235	232
231	234	233	232	234	231
256	229	230	255	229	256
255	228	229	254	228	255
226	253	252	227	253	226
228	253	227	254	253	228
225	252	251	226	252	225
256	231	233	230	231	256
258	257	122
257	259	126
91	120	260
29	127	91
128	259	261
125	261	260
258	122	92
125	128	261
260	120	125
91	127	120
263	262	198
262	264	203
201	264	266
266	265	195
201	203	264
201	266	195
267	268	192
270	191	269
190	268	271
193	271	269
193	190	271
64	105	2
64	272	102
96	273	274
273	104	275
275	100	272
258	94	274
102	105	64
102	272	100
104	100	275
279	277	278	290	291	289
280	277	279	289	291	292
280	276	277	289	292	288
281	276	280
281	299	276	282	299	281	282	298	299	283	298	282	283	297	298	284	297	283	284	296	297	285	296	284	285	295	296	286	295	285	286	294	295	287	294	286	287	293	294	288	293	287
288	292	293
262	300	301	300	263	302	301	303	264	304	265	303	305	48	304	306	267	305	307	268	306	271	307	308	269	308	309	309	310	270	311	62	310	312	64	311	312	313	272	314	275	313	314	315	273	315	316	273	317	274	316	317	318	258	319	257	318	320	259	319	261	320	321	322	260	321	322	323	91	323	302	78
263	300	262	264	262	301	303	266	264	303	265	266	305	267	48	306	268	267	307	271	268	270	269	309	272	313	275	316	274	273	317	258	274	319	259	257	260	261	321	260	322	91	91	323	78	78	302	263
48	265	304	271	308	269	62	270	310	64	62	311	272	64	312	314	273	275	258	318	257	261	259	320
317	285	284	316	285	317	327	325	326	324	325	327
316	286	285	315	286	316	324	329	325	328	329	324
288	314	313	287	314	288	333	331	332	330	331	333
286	314	287	315	314	286	329	331	330	328	331	329
289	313	312	288	313	289	335	332	334	333	332	335
290	312	311	289	312	290	337	334	336	335	334	337
310	292	291	309	292	310	341	339	340	338	339	341
309	293	292	308	293	309	338	343	339	342	343	338
295	307	306	294	307	295	347	345	346	344	345	347
293	307	294	308	307	293	343	345	344	342	345	343
296	306	305	295	306	296	349	346	348	347	346	349
310	290	311	291	290	310	341	337	336	340	337	341
305	297	296	304	297	305	348	351	349	350	351	348
304	298	297	303	298	304	350	353	351	352	353	350
276	301	300	299	301	276	357	355	356	354	355	357
298	301	299	303	301	298	353	355	354	352	355	353
277	300	302	276	300	277	359	356	358	357	356	359
278	302	323	277	302	278	361	358	360	359	358	361
322	280	279	321	280	322	365	363	364	362	363	365
321	281	280	320	281	321	362	367	363	366	367	362
283	319	318	282	319	283	371	369	370	368	369	371
281	319	282	320	319	281	367	369	368	366	369	367
284	318	317	283	318	284	326	370	327	371	370	326
322	278	323	279	278	322	365	361	360	364	361	365
357	82	354	353	354	87	86	351	353	45	349	351	36	347	349	34	344	347	344	43	343	343	40	339	340	339	37	39	337	340	49	335	337	333	335	53	61	330	333	329	330	56	325	329	56	60	326	325	371	326	59	69	368	371	65	367	368	367	75	363	73	364	363	361	364	72	359	361	76	81	357	359
82	87	354	357	81	82	89	353	87	86	353	89	36	349	45	34	347	36	43	344	34	40	37	339	333	53	61	60	325	56	59	326	60	65	368	69	75	73	363	364	73	72	361	72	76	359	76	81
86	45	351	343	43	40	37	39	340	39	49	337	49	53	335	56	330	61	371	59	69	65	75	367
358	365	360	336	334	341
356	365	358	341	334	332
356	362	365	341	332	338
355	362	356
355	366	362	352	366	355	352	369	366	350	369	352	350	370	369	348	370	350	348	327	370	346	327	348	346	324	327	345	324	346	345	328	324	342	328	345	342	331	328	338	331	342
338	332	331

#	Normal	331
0	8.22159e-005	0
-0	4.77574e-005	0
-0	3.48409e-005	0
-0	9.51292e-005	0
-0	3.68845e-005	0
-0	1.93053e-005	0
-0	6.1371e-005	0
0	1	0
0	8.98135e-005	0
-0	4.62023e-005	0
0	1.57392e-005	0
-0	6.17237e-005	0
2.59665e-005	-4.12889e-005	-4.91699e-007
1.4941e-005	-4.20069e-005	-3.09448e-007
8.06402e-005	-1.06552e-005	3.7793e-007
5.24696e-005	-3.3606e-005	-4.67529e-007
3.8795e-005	-3.87367e-005	-5.21118e-007
6.52466e-005	-2.30941e-005	-2.85156e-007
5.00278e-006	-4.2965e-005	-0
6.6829e-006	-5.05774e-005	3.72559e-007
5.49273e-005	-4.22518e-005	8.5083e-007
2.12176e-005	-5.11864e-005	6.56006e-007
3.76877e-005	-4.90216e-005	8.97095e-007
7.03124e-005	-2.90322e-005	7.25586e-007
0.939893	0.341464	-0.0015281
0.844765	0.535122	-0.00398574
5.14192e-005	7.91696e-005	-3.88916e-007
1.07871e-005	9.04915e-005	0
3.12896e-005	8.55715e-005	-2.27173e-007
0.7119	0.702266	-0.00448206
7.25214e-005	-8.42983e-006	-0
8.25628e-005	1.09092e-005	-0
0.992397	0.123047	0.00264958
0.924514	0.38112	0.00464442
0.792051	0.610416	0.00689848
0.609478	0.792769	0.00736487
0.382915	0.923765	0.00585375
0.130993	0.991379	0.00308056
6.37333e-005	7.43555e-006	-0
-5.14192e-005	7.91981e-005	-4.26636e-007
-3.12896e-005	8.55715e-005	-2.27173e-007
-0.940956	0.338523	-0.00198193
-0.844901	0.534911	-0.00348374
-0.709989	0.704197	-0.00473537
-0.992185	0.124762	0.00207806
-1.07871e-005	9.04915e-005	-0
-0.130993	0.991379	0.00308056
-0.79349	0.608541	0.00711845
-0.381864	0.924201	0.00562983
-0.60948	0.792771	0.00694554
-0.923461	0.38366	0.00504324
-6.37333e-005	7.64799e-006	-0
-7.25214e-005	-8.42983e-006	0
-6.52466e-005	-2.33363e-005	-2.95044e-007
-5.24696e-005	-3.33792e-005	-4.48364e-007
-1.4941e-005	-4.19937e-005	-2.85645e-007
-3.8795e-005	-3.89428e-005	-5.47119e-007
-2.59665e-005	-4.11238e-005	-5.01709e-007
-7.03124e-005	-2.9259e-005	7.06421e-007
-5.49273e-005	-4.20457e-005	8.76831e-007
-8.06402e-005	-1.06552e-005	3.7793e-007
-2.12176e-005	-5.13515e-005	6.66016e-007
-3.76877e-005	-4.90216e-005	8.47168e-007
-6.6829e-006	-5.05774e-005	3.83301e-007
-5.00278e-006	-4.31122e-005	-0
-8.25628e-005	1.09092e-005	-0
6.86857e-006	-0	-7.12974e-005
0.382231	0.0119785	-0.923989
0.130665	0.0105864	-0.99137
0.92338	0.00570575	-0.383844
0.609268	0.008562	-0.792918
0.793385	0.00317178	-0.608711
0.991451	0.00356562	-0.130432
2.03411e-005	-4.36407e-007	-7.05193e-005
4.10544e-005	1.16053e-007	-5.7915e-005
3.53316e-005	-1.42481e-007	-7.19827e-005
6.55553e-005	9.53171e-007	-5.42563e-005
2.09346e-005	5.58046e-007	-1.19917e-005
0.856532	-0.00548116	-0.516065
5.43654e-005	-1.18118e-007	-5.82356e-005
0.95184	-0.003242	-0.306577
0.994343	-7.36441e-007	-0.106213
0.793385	0.00325922	0.608711
0.92338	0.00571107	0.383844
0.609268	0.00868844	0.792917
0.130665	0.0106637	0.991369
6.85012e-006	-0	7.12974e-005
0.38223	0.0121277	0.923987
2.03171e-005	-4.28652e-007	7.05061e-005
0.951836	-0.00323617	0.306591
2.09673e-005	5.52149e-007	1.20117e-005
0.994344	7.36407e-007	0.106207
3.53238e-005	-1.30087e-007	7.19799e-005
0.856611	-0.00546251	0.515934
6.5577e-005	9.53476e-007	5.42296e-005
5.43684e-005	-1.09612e-007	5.82316e-005
4.10642e-005	1.26263e-007	5.79178e-005
0.991451	0.00356834	0.130432
-0.130353	0.0105684	0.991411
-6.85012e-006	-0	7.12974e-005
-2.03171e-005	-4.4829e-007	7.05309e-005
-0.608101	0.00884227	0.793811
-0.793385	0.00325922	0.608711
-0.383085	0.0119293	0.923636
-0.924233	0.00587901	0.381783
-3.53238e-005	-1.30087e-007	7.19799e-005
-5.43684e-005	-1.09612e-007	5.82316e-005
-4.10642e-005	1.22952e-007	5.82252e-005
-6.5577e-005	8.81584e-007	5.3818e-005
-0.855401	-0.00563855	0.517935
-2.09673e-005	6.2204e-007	1.20117e-005
-0.951837	-0.00281379	0.306591
-0.99466	7.15594e-007	0.103206
-0.991449	0.00400829	0.130432
-0.924233	0.00587372	-0.381783
-0.991449	0.00400558	-0.130432
-0.793385	0.00317178	-0.608711
-0.130353	0.0106211	-0.991411
-0.608101	0.00871564	-0.793812
-0.383084	0.0121269	-0.923634
-6.86857e-006	0	-7.15334e-005
-0.855322	-0.00565724	-0.518066
-0.951842	-0.00281962	-0.306577
-2.09346e-005	6.27945e-007	-1.19917e-005
-2.03411e-005	-4.36407e-007	-7.05193e-005
-6.55553e-005	8.81338e-007	-5.38447e-005
-5.43654e-005	-1.18118e-007	-5.82356e-005
-3.53316e-005	-1.14006e-007	-7.19451e-005
-4.10544e-005	1.49185e-007	-5.78672e-005
-0.99466	-7.15627e-007	-0.103211
0	-1.81495e-005	-0
-0	-1.64327e-005	-0
0	-1.65486e-005	-0
-0	1.32726e-005	0
-0	3.87118e-005	0
-0	7.47854e-005	0
0	7.43581e-005	0
-0	3.84906e-005	0
8.10303e-006	-0	-6.15465e-005
2.37582e-005	-0	-5.73347e-005
4.92529e-005	-0	-3.79061e-005
3.77936e-005	-0	-4.91829e-005
5.7357e-005	-0	-2.36404e-005
6.15518e-005	-0	-8.15186e-006
5.7357e-005	0	2.36404e-005
4.92529e-005	0	3.79061e-005
2.37582e-005	-0	5.73347e-005
3.77936e-005	-0	4.91829e-005
8.10303e-006	-0	6.15465e-005
6.15518e-005	0	8.15186e-006
-8.10303e-006	-0	6.15465e-005
-2.37582e-005	-0	5.74706e-005
-4.92529e-005	-0	3.77703e-005
-3.77936e-005	-0	4.91829e-005
-5.7357e-005	-0	2.37762e-005
-6.15518e-005	-0	8.15186e-006
-5.7357e-005	-0	-2.37762e-005
-4.92529e-005	-0	-3.77703e-005
-2.37582e-005	0	-5.74706e-005
-3.77936e-005	0	-4.91829e-005
-8.10303e-006	0	-6.15465e-005
-6.15518e-005	-0	-8.15186e-006
3.97749e-006	-0	5.97759e-005
1.28765e-005	-2.03609e-008	6.48175e-005
0.130535	-0.0216129	0.991208
0.38272	-0.0165476	0.923716
0.793582	-0.00719812	0.608421
0.608604	-0.00454494	0.793461
1.86625e-005	3.44734e-008	5.73334e-005
0.923766	-0.00556382	0.382918
3.14999e-005	-4.3807e-007	6.88246e-005
4.52754e-005	-1.27937e-006	6.36016e-005
3.05577e-005	6.38371e-008	5.49396e-005
0.828828	0.00461718	0.559484
2.52037e-005	-6.95295e-007	2.76361e-005
0.663866	0.00727914	0.747816
0.937599	0.00280339	0.347708
0.992965	-1.74135e-006	0.118412
0.991513	-0.00287367	0.129976
0.923766	-0.0055413	-0.382918
0.793582	-0.00715339	-0.608421
0.991513	-0.00286842	-0.129976
0.130535	-0.0216129	-0.991208
0.38272	-0.0165476	-0.923716
3.97749e-006	-0	-5.97759e-005
0.608604	-0.00454494	-0.793461
1.28765e-005	-2.03609e-008	-6.48175e-005
0.93759	0.00281811	-0.347732
2.52148e-005	-6.96592e-007	-2.76361e-005
0.828809	0.00465178	-0.559512
3.14999e-005	-4.3807e-007	-6.88246e-005
0.664005	0.00732007	-0.747692
4.52754e-005	-1.27937e-006	-6.36016e-005
3.05577e-005	6.38371e-008	-5.49396e-005
1.86625e-005	3.44734e-008	-5.73334e-005
0.992964	1.74142e-006	-0.118417
-0.130534	-0.0217625	-0.991205
-3.97749e-006	0	-5.99806e-005
-1.28765e-005	-3.35941e-008	-6.47937e-005
-0.609442	-0.00419421	-0.79282
-0.923768	-0.0051066	-0.382919
-0.792744	-0.00742233	-0.60951
-0.382109	-0.0164027	-0.923972
-0.991513	-0.00286842	-0.129976
-1.86625e-005	1.57127e-008	-5.70593e-005
-3.05577e-005	7.7177e-008	-5.46168e-005
-3.14999e-005	-4.5141e-007	-6.91473e-005
-0.664132	0.0069948	-0.747582
-0.829694	0.004962	-0.558197
-2.52148e-005	-6.96592e-007	-2.76361e-005
-4.52754e-005	-1.35777e-006	-6.39825e-005
-0.936966	0.0028632	-0.34941
-0.992964	1.74142e-006	-0.118417
-0.792746	-0.00709411	0.609511
-0.923768	-0.00512912	0.382919
-0.609442	-0.00419421	0.79282
-0.130534	-0.0217625	0.991205
-1.28765e-005	-3.35941e-008	6.47937e-005
-3.97749e-006	-0	5.99806e-005
-0.382109	-0.0164027	0.923972
-1.86625e-005	1.57127e-008	5.70593e-005
-0.992965	-1.74135e-006	0.118412
-0.828827	0.00500721	0.559483
-0.936975	0.00284842	0.349385
-3.05577e-005	7.7177e-008	5.46168e-005
-2.52037e-005	-7.01069e-007	2.75647e-005
-0.664782	0.00718644	0.747002
-4.52754e-005	-1.35777e-006	6.39825e-005
-3.14999e-005	-4.5141e-007	6.91473e-005
-0.991513	-0.00287367	0.129976
-0	3.02614e-005	-0
-0	2.77574e-005	-0
-0	-2.49703e-005	0
-0	-7.33883e-005	0
-0	-1	0
0.130667	-0	0.991426
0.382766	-0	0.923845
0.793301	0	0.608829
0.608795	0	0.793328
0.923722	0	0.383064
0.991466	0	0.130362
0.923722	-0	-0.383064
0.793301	-0	-0.608829
0.382766	-0	-0.923845
0.608795	-0	-0.793328
0.130667	-0	-0.991426
0.991466	-0	-0.130362
-0.130461	0	-0.991453
-0.382766	0	-0.923845
-0.793301	-0	-0.608829
-0.608795	-0	-0.793328
-0.923722	-0	-0.383064
-0.991466	-0	-0.130362
-0.923722	-0	0.383064
-0.793301	-0	0.608829
-0.382766	-0	0.923845
-0.608795	-0	0.793328
-0.130461	-0	0.991453
-0.991466	-0	0.130362
-0.130993	0.991378	-0.00318463
-0.381865	0.924201	-0.00556909
-0.923461	0.38366	-0.00504253
-0.992171	0.12487	-0.00204194
-0.609478	0.792769	-0.00736377
-0.793491	0.608542	-0.00692599
-1.07871e-005	9.07911e-005	-0
-0.712761	0.701392	0.00458763
-0.844364	0.535759	0.00353335
-0.941146	0.337993	0.00206336
-7.03124e-005	-2.9259e-005	-7.06421e-007
-5.49273e-005	-4.20457e-005	-8.76831e-007
-3.76877e-005	-4.90216e-005	-8.47168e-007
-2.12176e-005	-5.13515e-005	-6.66016e-007
-3.8795e-005	-3.89428e-005	5.47119e-007
-2.59665e-005	-4.11238e-005	5.01709e-007
2.12176e-005	-5.11864e-005	-6.56006e-007
7.03124e-005	-2.90322e-005	-7.25586e-007
3.76877e-005	-4.90216e-005	-8.97095e-007
5.49273e-005	-4.22518e-005	-8.5083e-007
3.8795e-005	-3.87367e-005	5.21118e-007
0.992384	0.123154	-0.0026139
0.924514	0.38112	-0.00464377
0.382916	0.923767	-0.00550753
0.609478	0.792769	-0.00736377
0.792052	0.610416	-0.00670547
0.130993	0.991379	-0.00308037
0.940087	0.340931	0.00161018
0.844227	0.53597	0.00403497
0.712761	0.701392	0.00458763
-0	-0	-8.91833e-006
-0	-0	-2.6209e-005
-0	-0	-5.0625e-005
-0	-0	-8.01562e-005
-0	-0	-1
0	-0	-8.05078e-005
0	0	1.39624e-005
-0	0	1.2491e-005
0	-0	1.25026e-005
5.89528e-006	4.4756e-005	0
1.73249e-005	4.18685e-005	0
3.59131e-005	2.75514e-005	-0
2.74912e-005	3.58529e-005	-0
4.17482e-005	1.73249e-005	-0
4.48763e-005	5.89528e-006	-0
4.18083e-005	-1.73249e-005	-0
3.58529e-005	-2.75514e-005	-0
1.73249e-005	-4.18685e-005	-0
2.75514e-005	-3.58529e-005	-0
5.89528e-006	-4.4756e-005	-0
4.48161e-005	-5.89528e-006	-0
-5.89528e-006	-4.48763e-005	-0
-1.73249e-005	-4.17482e-005	-0
-3.58529e-005	-2.74311e-005	0
-2.75514e-005	-3.59732e-005	0
-4.18083e-005	-1.73249e-005	0
-4.48161e-005	-5.89528e-006	0
-4.17482e-005	1.73249e-005	-0
-3.59131e-005	2.74311e-005	-0
-1.73249e-005	4.17482e-005	-0
-2.74912e-005	3.59732e-005	-0
-5.89528e-006	4.48763e-005	-0
-4.48763e-005	5.89528e-006	-0
0	0	-1.39624e-005
0	-0	-1.24957e-005
0	-0	-1.25026e-005
-0	-0	8.91833e-006
-0	-0	2.6209e-005
-0	-0	5.0625e-005
-0	-0	8.01562e-005
-0	-0	1
-0	-0	8.05078e-005

#	Mesh	0	End

