#	Mesh	0	Begin

#	Vertex	92
-203.145	106.675	1.19752
-203.148	106.675	1.20051
-202.491	106.675	1.78636
-202.488	106.675	1.78337
-203.145	109.255	1.19752
-203.148	109.255	1.20051
-202.491	109.255	1.78636
-202.488	109.255	1.78337
-202.459	106.675	1.77
-202.455	106.675	1.77
-202.455	106.675	0.89
-202.459	106.675	0.89
-202.459	109.255	1.77
-202.455	109.255	1.77
-202.455	109.255	0.89
-202.459	109.255	0.89
-203.115	106.715	1.22415
-202.518	106.715	1.75674
-202.516	106.715	1.75401
-202.513	106.715	1.7514
-202.51	106.715	1.74891
-202.507	106.715	1.74656
-202.504	106.715	1.74435
-202.501	106.715	1.74229
-202.498	106.715	1.74037
-202.495	106.715	1.7386
-202.491	106.715	1.73699
-202.488	106.715	1.73554
-202.484	106.715	1.73425
-202.481	106.715	1.73313
-202.477	106.715	1.73218
-202.473	106.715	1.7314
-202.47	106.715	1.73079
-202.466	106.715	1.73035
-202.462	106.715	1.73009
-202.459	106.715	1.73
-202.459	106.715	0.93
-202.5	106.715	0.930963
-202.541	106.715	0.933851
-202.582	106.715	0.938657
-202.622	106.715	0.945371
-202.663	106.715	0.953978
-202.702	106.715	0.964459
-202.742	106.715	0.976792
-202.78	106.715	0.990948
-202.818	106.715	1.0069
-202.856	106.715	1.02461
-202.892	106.715	1.04403
-202.927	106.715	1.06514
-202.962	106.715	1.08787
-202.995	106.715	1.11219
-203.027	106.715	1.13803
-203.058	106.715	1.16535
-203.087	106.715	1.19408
-203.115	109.215	1.22415
-202.518	109.215	1.75674
-202.516	109.215	1.75401
-202.513	109.215	1.7514
-202.51	109.215	1.74891
-202.507	109.215	1.74656
-202.504	109.215	1.74435
-202.501	109.215	1.74229
-202.498	109.215	1.74037
-202.495	109.215	1.7386
-202.491	109.215	1.73699
-202.488	109.215	1.73554
-202.484	109.215	1.73425
-202.481	109.215	1.73313
-202.477	109.215	1.73218
-202.473	109.215	1.7314
-202.47	109.215	1.73079
-202.466	109.215	1.73035
-202.462	109.215	1.73009
-202.459	109.215	1.73
-202.459	109.215	0.93
-202.5	109.215	0.930963
-202.541	109.215	0.933851
-202.582	109.215	0.938657
-202.622	109.215	0.945371
-202.663	109.215	0.953978
-202.702	109.215	0.964459
-202.742	109.215	0.976792
-202.78	109.215	0.990948
-202.818	109.215	1.0069
-202.856	109.215	1.02461
-202.892	109.215	1.04403
-202.927	109.215	1.06514
-202.962	109.215	1.08787
-202.995	109.215	1.11219
-203.027	109.215	1.13803
-203.058	109.215	1.16535
-203.087	109.215	1.19408

#	Triangle	47
3	4	7	0	4	3
0	5	4	1	5	0
1	6	5	2	6	1
2	7	6	3	7	2
3	1	0	2	1	3	11	9	8	10	9	11	53	17	16	52	17	53	51	17	52	50	17	51	49	17	50	48	17	49	47	17	48	46	17	47	45	17	46	44	17	45	43	17	44	42	17	43	41	17	42	40	17	41	39	17	40	38	17	39	37	17	38	36	17	37	35	34	36	34	33	36	33	32	36	32	31	36	31	30	36	30	29	36	29	28	36	28	27	36	27	26	36	26	25	36	25	24	36	24	23	36	23	22	36	22	21	36	21	20	36	20	19	36	19	18	36	18	17	36
4	6	7	5	6	4	12	14	15	13	14	12	55	91	54	55	90	91	55	89	90	55	88	89	55	87	88	55	86	87	55	85	86	55	84	85	55	83	84	55	82	83	55	81	82	55	80	81	55	79	80	55	78	79	55	77	78	55	76	77	55	75	76	55	74	75	55	56	74	56	57	74	57	58	74	58	59	74	59	60	74	60	61	74	61	62	74	62	63	74	63	64	74	64	65	74	65	66	74	66	67	74	67	68	74	68	69	74	69	70	74	70	71	74	71	72	74	72	73	74
11	12	15	8	12	11
8	13	12	9	13	8
9	14	13	10	14	9	35	74	73	36	74	35
10	15	14	11	15	10
53	54	91	16	54	53
16	55	54	17	55	16
17	56	55	18	56	17
18	57	56	19	57	18
19	58	57	20	58	19
20	59	58	21	59	20
21	60	59	22	60	21
22	61	60	23	61	22
23	62	61	24	62	23
24	63	62	25	63	24
25	64	63	26	64	25
26	65	64	27	65	26
27	66	65	28	66	27
28	67	66	29	67	28
29	68	67	30	68	29
30	69	68	31	69	30
31	70	69	32	70	31
32	71	70	33	71	32
33	72	71	34	72	33
34	73	72	35	73	34
36	75	74	37	75	36
37	76	75	38	76	37
38	77	76	39	77	38
39	78	77	40	78	39
40	79	78	41	79	40
41	80	79	42	80	41
42	81	80	43	81	42
43	82	81	44	82	43
44	83	82	45	83	44
45	84	83	46	84	45
46	85	84	47	85	46
47	86	85	48	86	47
48	87	86	49	87	48
49	88	87	50	88	49
50	89	88	51	89	50
51	90	89	52	90	51
52	91	90	53	91	52

#	Normal	47
0.665739	-0	-0.746185
-0.745078	0	-0.666977
-0.66573	-0	0.746193
0.747018	-0	0.664804
-0	-1	-0
-0	1	-0
-1	-0	-0
-0	-0	1
1	-0	-0
-0	0	-1
-0.730392	0	-0.683028
-0.665734	-0	0.746189
0.73172	-0	0.681606
0.696903	-0	0.717165
0.663922	-0	0.747802
0.626643	-0	0.779307
0.591209	-0	0.806518
0.551659	-0	0.83407
0.512007	-0	0.858981
0.472207	-0	0.881488
0.430527	-0	0.902578
0.38715	-0	0.922017
0.343766	-0	0.939055
0.298987	-0	0.954257
0.255256	-0	0.966873
0.208419	-0	0.97804
0.163297	-0	0.986577
0.11668	-0	0.99317
0.0701393	-0	0.997537
0.0234311	-0	0.999725
-0.0233999	0	-0.999726
-0.0701305	0	-0.997538
-0.116733	0	-0.993163
-0.163051	0	-0.986618
-0.209032	0	-0.977909
-0.254492	0	-0.967075
-0.299535	0	-0.954085
-0.343758	0	-0.939058
-0.387428	0	-0.9219
-0.430076	0	-0.902793
-0.47174	0	-0.881738
-0.512512	0	-0.85868
-0.552174	0	-0.833729
-0.590489	0	-0.807045
-0.627752	0	-0.778413
-0.663367	0	-0.748294
-0.697656	0	-0.716433

#	Mesh	0	End

