#	Mesh	0	Begin

#	Vertex	28
-200.362	110.906	1.98
-200.362	110.906	1.88
-200.162	110.906	1.88
-200.162	110.906	1.98
-200.164	110.906	1.98
-200.164	110.906	1.88254
-200.359	110.906	1.88254
-200.359	110.906	1.98
-200.362	111.166	1.86521
-200.359	111.166	1.86521
-200.359	111.093	1.79971
-200.164	111.093	1.79971
-200.164	111.166	1.86521
-200.162	111.166	1.86521
-200.162	111.091	1.798
-200.362	111.091	1.798
-200.362	111.061	1.98
-200.362	111.056	1.83717
-200.362	110.959	1.88
-200.162	110.959	1.88
-200.162	111.056	1.83717
-200.162	111.061	1.98
-200.164	111.061	1.98
-200.164	111.057	1.83927
-200.164	110.96	1.88254
-200.359	110.96	1.88254
-200.359	111.057	1.83927
-200.359	111.061	1.98

#	Triangle	15
4	2	3	4	5	2	5	1	2	6	1	5	0	6	7	0	1	6
15	11	14	15	10	11
11	13	14
11	12	13
15	9	10
15	8	9
16	1	0	16	18	1	16	17	18	16	15	17	8	15	16	22	5	4	22	24	5	22	23	24	22	11	23	12	11	22
19	1	18	2	1	19
19	3	2	19	21	3	20	21	19	14	21	20	14	13	21	6	27	7	6	25	27	25	9	27	26	9	25	26	10	9
22	3	21	4	3	22	25	5	24	6	5	25	27	0	7	16	0	27
19	17	20	18	17	19
25	23	26	24	23	25
17	14	20	15	14	17
21	12	22	13	12	21	16	9	8	27	9	16
23	10	26	11	10	23

#	Normal	15
0	-1	-0
-0	0.673183	-0.739476
-0.00157558	0.672011	-0.740539
-0	0.671981	-0.740568
0.00162655	0.671981	-0.740567
-0	0.672012	-0.74054
-1	-0	-0
-0	-0	-1
1	-0	-0
-0	-0	1
-0	-0.404952	-0.914338
-0	0.404973	0.914329
0	-0.740541	-0.672011
0	0.740512	0.672043
0	0.740557	0.671994

#	Mesh	0	End

