#	Mesh	0	Begin

#	Vertex	28
3.39083	95.4532	0.63
3.39083	95.4532	0.83
4.19083	95.4532	0.83
4.19083	95.4532	0.63
4.18829	95.4532	0.63
4.18829	95.4532	0.82746
3.39337	95.4532	0.82746
3.39337	95.4532	0.63
3.39083	95.0033	0.793769
3.39337	95.0033	0.793769
3.39337	95.1302	0.945032
4.18829	95.1302	0.945032
4.18829	95.0033	0.793769
4.19083	95.0033	0.793769
4.19083	95.1318	0.946978
3.39083	95.1318	0.946978
3.39083	95.1984	0.63
3.39083	95.1994	0.890307
3.39083	95.365	0.83
4.19083	95.365	0.83
4.19083	95.1994	0.890307
4.19083	95.1984	0.63
4.18829	95.1984	0.63
4.18829	95.1981	0.888074
4.18829	95.3646	0.82746
3.39337	95.3646	0.82746
3.39337	95.1981	0.888074
3.39337	95.1984	0.63

#	Triangle	14
4	2	3	4	5	2	5	1	2	6	1	5	0	6	7	0	1	6
15	11	14	15	10	11
11	13	14
11	12	13	15	8	9
15	9	10
16	1	0	16	18	1	16	17	18	16	15	17	8	15	16	22	5	4	22	24	5	22	23	24	12	23	22	12	11	23
19	1	18	2	1	19
19	3	2	19	21	3	20	21	19	14	21	20	14	13	21	25	7	6	25	27	7	26	27	25	26	9	27	10	9	26
22	3	21	4	3	22	25	5	24	6	5	25	27	0	7	16	0	27
19	17	20	18	17	19
25	23	26	24	23	25
17	14	20	15	14	17
21	12	22	13	12	21	16	9	8	27	9	16
23	10	26	11	10	23

#	Normal	14
-0	1	-0
-0	-0.766017	0.642821
2.41706e-005	-0.766032	0.642802
-0	-0.766032	0.642802
-2.44815e-005	-0.766032	0.642802
-1	-0	-0
-0	-0	1
1	-0	-0
-0	-0	-1
0	0.342016	0.939694
0	-0.342012	-0.939695
-0	0.642821	0.766017
-0	-0.642788	-0.766044
-0	-0.642817	-0.76602

#	Mesh	0	End

