#	Mesh	0	Begin

#	Vertex	72
71.7919	-115.102	2.41882
71.8009	-115.102	2.42126
71.8095	-115.101	2.42523
71.8171	-115.1	2.43063
71.8238	-115.1	2.43729
71.8291	-115.099	2.445
71.8331	-115.099	2.45353
71.8355	-115.099	2.46262
71.8364	-115.099	2.472
71.8355	-115.099	2.48138
71.8331	-115.099	2.49047
71.8291	-115.099	2.499
71.8238	-115.1	2.50671
71.8171	-115.1	2.51337
71.8095	-115.101	2.51877
71.8009	-115.102	2.52274
71.7919	-115.102	2.52518
71.7825	-115.103	2.526
71.7732	-115.104	2.52518
71.7641	-115.105	2.52274
71.7556	-115.105	2.51877
71.7479	-115.106	2.51337
71.7413	-115.107	2.50671
71.7359	-115.107	2.499
71.732	-115.107	2.49047
71.7295	-115.107	2.48138
71.7287	-115.108	2.472
71.7295	-115.107	2.46262
71.732	-115.107	2.45353
71.7359	-115.107	2.445
71.7413	-115.107	2.43729
71.7479	-115.106	2.43063
71.7556	-115.105	2.42523
71.7641	-115.105	2.42126
71.7732	-115.104	2.41882
71.7825	-115.103	2.418
72.1953	-120.081	2.41882
72.2043	-120.08	2.42126
72.2128	-120.08	2.42523
72.2205	-120.079	2.43063
72.2272	-120.078	2.43729
72.2325	-120.078	2.445
72.2365	-120.078	2.45353
72.2389	-120.077	2.46262
72.2398	-120.077	2.472
72.2389	-120.077	2.48138
72.2365	-120.078	2.49047
72.2325	-120.078	2.499
72.2272	-120.078	2.50671
72.2205	-120.079	2.51337
72.2128	-120.08	2.51877
72.2043	-120.08	2.52274
72.1953	-120.081	2.52518
72.1859	-120.082	2.526
72.1766	-120.083	2.52518
72.1675	-120.083	2.52274
72.159	-120.084	2.51877
72.1513	-120.085	2.51337
72.1447	-120.085	2.50671
72.1393	-120.086	2.499
72.1354	-120.086	2.49047
72.1329	-120.086	2.48138
72.1321	-120.086	2.472
72.1329	-120.086	2.46262
72.1354	-120.086	2.45353
72.1393	-120.086	2.445
72.1447	-120.085	2.43729
72.1513	-120.085	2.43063
72.159	-120.084	2.42523
72.1675	-120.083	2.42126
72.1766	-120.083	2.41882
72.1859	-120.082	2.418

#	Triangle	88
35	36	71	0	36	35
0	37	36	1	37	0
1	38	37
2	38	1
2	39	38
3	39	2
3	40	39
4	40	3
4	41	40
5	41	4
5	42	41	6	42	5
6	43	42
7	43	6
7	44	43
8	44	7
8	45	44
9	45	8
9	46	45
10	46	9
10	47	46	11	47	10
11	48	47
12	48	11
12	49	48
13	49	12
13	50	49
14	50	13
14	51	50
15	51	14
15	52	51	16	52	15
16	53	52	17	53	16
17	54	53
18	54	17
18	55	54	19	55	18
19	56	55
20	56	19
20	57	56
21	57	20
21	58	57
22	58	21
22	59	58
23	59	22
23	60	59
24	60	23
24	61	60	25	61	24
25	62	61
26	62	25
26	63	62
27	63	26
27	64	63	28	64	27
28	65	64
29	65	28
29	66	65
30	66	29
30	67	66
31	67	30
31	68	67
32	68	31
32	69	68
33	69	32
33	70	69	34	70	33
34	71	70
35	71	34
7	9	8	26	25	27
6	9	7	27	25	24
6	10	9	27	24	28
5	10	6	5	11	10	28	23	29	28	24	23
4	11	5	4	12	11	29	22	30	29	23	22
3	12	4	3	13	12	30	21	31	30	22	21
2	13	3	2	14	13
1	14	2	1	15	14	32	19	33	32	20	19
0	15	1	0	16	15	33	18	34	33	19	18
35	16	0	35	17	16	34	17	35	34	18	17
31	20	32	31	21	20
45	43	44	62	63	61
46	43	45
46	42	43
47	42	46	47	41	42
48	41	47	48	40	41	59	66	58	59	65	66
49	40	48	49	39	40	58	67	57	58	66	67
50	39	49	50	38	39
51	38	50	51	37	38	56	69	55	56	68	69
52	37	51	52	36	37	55	70	54	55	69	70
53	36	52	53	71	36
54	71	53	54	70	71
57	68	56	57	67	68
60	65	59	60	64	65
61	64	60
61	63	64

#	Normal	88
0.0868875	0.00704017	-0.996193
0.257977	0.0209029	-0.965925
0.421366	0.0341417	-0.906248
0.42105	0.0341155	-0.906396
0.571584	0.0463124	-0.819236
0.572002	0.0463473	-0.818942
0.704867	0.0571129	-0.707036
0.704455	0.0570784	-0.70745
0.816394	0.0661483	-0.573694
0.816782	0.0661809	-0.573139
0.903202	0.0731833	-0.422931
0.962942	0.0780237	-0.258178
0.962736	0.0780056	-0.25895
0.992914	0.0804507	-0.0874651
0.992985	0.0804581	-0.0866441
0.992914	0.0804523	0.0874651
0.992985	0.0804565	0.0866441
0.962942	0.0780222	0.258178
0.962736	0.0780071	0.25895
0.903202	0.0731833	0.422931
0.816394	0.0661495	0.573694
0.816782	0.0661797	0.573139
0.704867	0.0571118	0.707036
0.704455	0.0570795	0.70745
0.571583	0.0463134	0.819236
0.572002	0.0463464	0.818942
0.421366	0.034141	0.906248
0.42105	0.0341161	0.906396
0.257977	0.0209029	0.965925
0.0868875	0.00704017	0.996193
-0.0868159	-0.00703437	0.9962
-0.0868875	-0.00704004	0.996193
-0.257977	-0.0209025	0.965925
-0.421366	-0.034141	0.906248
-0.42105	-0.0341161	0.906396
-0.571615	-0.0463159	0.819214
-0.571971	-0.0463439	0.818964
-0.704867	-0.0571118	0.707036
-0.704455	-0.0570795	0.70745
-0.816394	-0.0661495	0.573694
-0.816782	-0.0661797	0.573139
-0.903518	-0.0732074	0.422251
-0.903202	-0.0731833	0.422931
-0.962736	-0.0780071	0.25895
-0.992914	-0.0804523	0.0874651
-0.992985	-0.0804565	0.0866441
-0.992914	-0.0804507	-0.0874651
-0.992985	-0.0804581	-0.0866441
-0.962736	-0.0780071	-0.25895
-0.903518	-0.0732088	-0.422251
-0.903202	-0.0731818	-0.422931
-0.816394	-0.0661483	-0.573694
-0.816782	-0.0661809	-0.573139
-0.704867	-0.0571129	-0.707036
-0.704455	-0.0570784	-0.70745
-0.571615	-0.046315	-0.819214
-0.571971	-0.0463447	-0.818964
-0.421366	-0.0341417	-0.906248
-0.42105	-0.0341155	-0.906396
-0.257977	-0.0209025	-0.965925
-0.0868159	-0.00703424	-0.9962
-0.0868875	-0.00704017	-0.996193
-1.31863e-006	1.52375e-005	-0
-3.66287e-006	4.55661e-005	-0
-7.21445e-006	8.97478e-005	-0
-0.0804471	0.996759	-0
-0.0811271	0.996704	-0
-0.0809103	0.996721	-0
-0.0801079	0.996786	-0
-0.0805455	0.996751	-0
-0.0807697	0.996733	-0
-0.0808382	0.996727	-0
-0.0811153	0.996705	-0
1.31863e-006	-1.53841e-005	-0
3.66287e-006	-4.54196e-005	-0
7.21445e-006	-8.94592e-005	-0
0.0804471	-0.996759	-0
0.0810101	-0.996713	-0
0.081005	-0.996714	-0
0.0810334	-0.996711	-0
0.0806191	-0.996745	-0
0.0807697	-0.996733	-0
0.0808382	-0.996727	-0
0.0807712	-0.996733	-0
0.0800271	-0.996793	-0
0.0806047	-0.996746	-0
7.21445e-006	-8.97478e-005	-0
3.66287e-006	-4.55661e-005	-0

#	Mesh	0	End

