#	Mesh	0	Begin

#	Vertex	12
-99.2101	80.3148	-2.42
-38.2185	80.3148	-2.42
-38.2185	78.9148	-2.42
-99.2101	78.9148	-2.42
-38.2185	78.9148	-4.82
-99.2101	78.9148	-4.82
-99.2101	80.3148	-4.82
-38.2185	80.3148	-4.82
-99.2101	79.6146	-4.82
-91.8517	80.3148	-4.82
-91.8517	80.3148	-2.42
-99.2101	79.6146	-2.42

#	Triangle	7
2	11	3	2	10	11	2	1	10
3	4	2	5	4	3
9	5	8	9	4	5	7	4	9
9	1	7	10	1	9
11	5	3	8	5	11
2	7	1	4	7	2
8	10	9	11	10	8

#	Normal	7
-0	-0	1
0	-1	-0
-0	-0	-1
-0	1	-0
-1	-0	-0
1	-0	-0
-0.0947312	0.995503	-0

#	Mesh	0	End

