#	Mesh	0	Begin

#	Vertex	12
-76.4468	72.8148	-2.42
-76.4468	71.4148	-2.42
-93.0764	71.4148	-2.42
-93.0764	72.8148	-2.42
-93.0764	72.8148	-4.82
-76.4468	72.8148	-4.82
-93.0764	71.4148	-4.82
-76.4468	71.4148	-4.82
-82.6791	72.8148	-4.82
-76.4468	72.1145	-4.82
-76.4468	72.1145	-2.42
-82.6791	72.8148	-2.42

#	Triangle	7
11	1	10	11	2	1	3	2	11
11	4	3	8	4	11
6	9	7	6	8	9	6	4	8
7	2	6	1	2	7
9	1	7	10	1	9
3	6	2	4	6	3
8	10	9	11	10	8

#	Normal	7
-0	-0	1
0	1	0
-0	-0	-1
-0	-1	0
1	-0	-0
-1	-0	-0
0.111658	0.993747	-0

#	Mesh	0	End

