#	Mesh	0	Begin

#	Vertex	18
87.6224	56.8398	-2.95551
87.8218	56.856	-2.95551
87.8218	56.856	-9.59517
87.6224	56.8398	-9.59517
87.8207	56.8696	-2.95544
87.8045	57.0689	-2.95444
87.5253	60.5181	-2.93714
87.5253	60.5181	-9.59517
87.7025	58.3288	-7.186
87.7913	57.2324	-7.186
87.7913	57.2324	-9.286
87.7025	58.3288	-9.286
87.3259	60.502	-2.93714
87.3259	60.502	-9.59517
87.592	57.2162	-7.186
87.5032	58.3127	-7.186
87.5032	58.3127	-9.286
87.592	57.2162	-9.286

#	Triangle	18
0	2	1	3	2	0
6	11	7	6	8	11
11	2	7
11	10	2	6	9	8	6	5	9	5	4	9
10	1	2	9	1	10
4	1	9
7	12	6	13	12	7
0	17	3	0	14	17	0	15	14
17	13	3
17	16	13
16	12	13	15	12	16	0	12	15
3	7	2	13	7	3	14	8	9	15	8	14
1	12	0	4	5	12
1	4	12
5	6	12
16	10	11	17	10	16
15	11	8	16	11	15
17	9	10	14	9	17

#	Normal	18
0.0806853	-0.99674	-0
0.996738	0.0807007	0
0.996738	0.0807015	6.02859e-006
0.996738	0.080703	-8.57951e-007
0.996738	0.0807023	-0
0.996773	0.0802695	-3.8755e-005
-0.0807015	0.996738	-0
-0.996738	-0.0807031	-0
-0.996738	-0.0807037	7.71907e-007
-0.996738	-0.080703	8.92158e-006
-0.996738	-0.0807042	0
-0	0	-1
0.000403421	-0.00498363	0.999988
0.000422908	-0.00498098	0.999988
0.000403502	-0.00498362	0.999988
-0	-0	1
0.0807047	-0.996738	-0
-0.0807047	0.996738	-0

#	Mesh	0	End

