#	Mesh	0	Begin

#	Vertex	72
53.3979	62.1411	-4.84514
53.3838	62.14	-4.84894
53.3706	62.1389	-4.85513
53.3586	62.1379	-4.86355
53.3483	62.1371	-4.87392
53.3399	62.1364	-4.88593
53.3337	62.1359	-4.89922
53.3299	62.1356	-4.91339
53.3286	62.1355	-4.928
53.3299	62.1356	-4.94261
53.3337	62.1359	-4.95678
53.3399	62.1364	-4.97007
53.3483	62.1371	-4.98208
53.3586	62.1379	-4.99245
53.3706	62.1389	-5.00087
53.3838	62.14	-5.00706
53.3979	62.1411	-5.01086
53.4125	62.1423	-5.01214
53.4271	62.1435	-5.01086
53.4412	62.1446	-5.00706
53.4544	62.1457	-5.00087
53.4664	62.1467	-4.99245
53.4767	62.1475	-4.98208
53.4851	62.1482	-4.97007
53.4913	62.1487	-4.95678
53.4951	62.149	-4.94261
53.4964	62.1491	-4.928
53.4951	62.149	-4.91339
53.4913	62.1487	-4.89922
53.4851	62.1482	-4.88593
53.4767	62.1475	-4.87392
53.4664	62.1467	-4.86355
53.4544	62.1457	-4.85513
53.4412	62.1446	-4.84894
53.4271	62.1435	-4.84514
53.4125	62.1423	-4.84386
58.0004	5.34957	-4.84514
57.9863	5.34843	-4.84894
57.973	5.34735	-4.85513
57.961	5.34638	-4.86355
57.9507	5.34554	-4.87392
57.9423	5.34486	-4.88593
57.9361	5.34436	-4.89922
57.9323	5.34406	-4.91339
57.9311	5.34395	-4.928
57.9323	5.34406	-4.94261
57.9361	5.34436	-4.95678
57.9423	5.34486	-4.97007
57.9507	5.34554	-4.98208
57.961	5.34638	-4.99245
57.973	5.34735	-5.00087
57.9863	5.34843	-5.00706
58.0004	5.34957	-5.01086
58.0149	5.35075	-5.01214
58.0295	5.35193	-5.01086
58.0436	5.35307	-5.00706
58.0569	5.35415	-5.00087
58.0688	5.35512	-4.99245
58.0792	5.35596	-4.98208
58.0876	5.35664	-4.97007
58.0937	5.35714	-4.95678
58.0975	5.35744	-4.94261
58.0988	5.35755	-4.928
58.0975	5.35744	-4.91339
58.0937	5.35714	-4.89922
58.0876	5.35664	-4.88593
58.0792	5.35596	-4.87392
58.0688	5.35512	-4.86355
58.0569	5.35415	-4.85513
58.0436	5.35307	-4.84894
58.0295	5.35193	-4.84514
58.0149	5.35075	-4.84386

#	Triangle	95
35	36	71	0	36	35
0	37	36
1	37	0
1	38	37
2	38	1
2	39	38
3	39	2
3	40	39
4	40	3
4	41	40
5	41	4
5	42	41
6	42	5
6	43	42
7	43	6
7	44	43
8	44	7
8	45	44
9	45	8
9	46	45
10	46	9
10	47	46
11	47	10
11	48	47
12	48	11
12	49	48
13	49	12
13	50	49
14	50	13
14	51	50
15	51	14
15	52	51
16	52	15
16	53	52	17	53	16
17	54	53	18	54	17
18	55	54
19	55	18
19	56	55
20	56	19
20	57	56
21	57	20
21	58	57
22	58	21
22	59	58
23	59	22
23	60	59
24	60	23
24	61	60
25	61	24
25	62	61
26	62	25
26	63	62
27	63	26
27	64	63
28	64	27
28	65	64
29	65	28
29	66	65
30	66	29
30	67	66
31	67	30
31	68	67
32	68	31
32	69	68
33	69	32
33	70	69
34	70	33
34	71	70	35	71	34
7	9	8	26	25	27
6	9	7	6	10	9
5	10	6	5	11	10
4	11	5	4	12	11
3	12	4	3	13	12
2	13	3	2	14	13
1	14	2	1	15	14	0	15	1	0	16	15	32	19	33	32	20	19
35	16	0	35	17	16	34	17	35	34	18	17
33	18	34	33	19	18
31	20	32	31	21	20
30	21	31	30	22	21
29	22	30	29	23	22
28	23	29	28	24	23
27	24	28	27	25	24
45	43	44	62	63	61
46	43	45	46	42	43
47	42	46	47	41	42
48	41	47	48	40	41
49	40	48	49	39	40	58	67	57	58	66	67
50	39	49	50	38	39	51	38	50	51	37	38	56	69	55	56	68	69
52	37	51	52	36	37
53	36	52	53	71	36	54	71	53	54	70	71
55	70	54	55	69	70
57	68	56	57	67	68
59	66	58	59	65	66
60	65	59	60	64	65
61	64	60	61	63	64

#	Normal	95
-0.086877	-0.00704058	0.996194
-0.257958	-0.0209051	0.96593
-0.258024	-0.0209105	0.965912
-0.421204	-0.0341347	0.906323
-0.421203	-0.0341346	0.906324
-0.571761	-0.0463359	0.819111
-0.57164	-0.0463262	0.819196
-0.704822	-0.0571194	0.707081
-0.704817	-0.0571189	0.707086
-0.816408	-0.0661624	0.573673
-0.816531	-0.0661723	0.573497
-0.903401	-0.0732123	0.422501
-0.903301	-0.0732043	0.422715
-0.962741	-0.0780214	0.258924
-0.96281	-0.0780269	0.258666
-0.992943	-0.0804689	0.0871123
-0.992942	-0.0804688	0.0871257
-0.992943	-0.0804689	-0.0871123
-0.992942	-0.0804688	-0.0871257
-0.962741	-0.0780213	-0.258924
-0.96281	-0.0780269	-0.258666
-0.903401	-0.0732123	-0.422501
-0.903301	-0.0732042	-0.422715
-0.816408	-0.0661623	-0.573673
-0.816531	-0.0661723	-0.573497
-0.704822	-0.0571194	-0.707081
-0.704817	-0.0571189	-0.707086
-0.571761	-0.046336	-0.819111
-0.57164	-0.0463262	-0.819196
-0.421204	-0.0341347	-0.906323
-0.421203	-0.0341346	-0.906324
-0.257958	-0.0209051	-0.96593
-0.258024	-0.0209105	-0.965912
-0.086877	-0.00704058	-0.996194
0.086877	0.00704058	-0.996194
0.258025	0.0209105	-0.965912
0.257958	0.0209051	-0.96593
0.421204	0.0341347	-0.906323
0.421203	0.0341346	-0.906324
0.571636	0.0463259	-0.819198
0.571754	0.0463355	-0.819115
0.704822	0.0571194	-0.707081
0.704827	0.0571198	-0.707075
0.816531	0.0661723	-0.573497
0.816407	0.0661622	-0.573675
0.9033	0.0732041	-0.422717
0.903403	0.0732125	-0.422497
0.962808	0.0780267	-0.258677
0.962739	0.0780211	-0.258934
0.99292	0.080467	-0.0873758
0.992944	0.080469	-0.0871043
0.99292	0.0804671	0.0873758
0.992944	0.0804689	0.0871043
0.962808	0.0780267	0.258677
0.962739	0.0780211	0.258934
0.9033	0.0732042	0.422717
0.903403	0.0732124	0.422497
0.816531	0.0661723	0.573497
0.816407	0.0661623	0.573675
0.704822	0.0571194	0.707081
0.704827	0.0571198	0.707075
0.571636	0.0463259	0.819198
0.571754	0.0463354	0.819115
0.421204	0.0341347	0.906323
0.421203	0.0341346	0.906324
0.258025	0.0209105	0.965912
0.257958	0.0209051	0.96593
0.086877	0.00704058	0.996194
-3.08187e-006	3.72107e-005	-0
-0.0803182	0.996769	-0
-0.0806467	0.996743	-0
-0.0808159	0.996729	-0
-0.0809878	0.996715	-0
-0.0806238	0.996745	-0
-0.080808	0.99673	-0
-0.0807441	0.996735	-0
-0.0807863	0.996731	-0
-0.080973	0.996716	-0
-0.0806136	0.996745	-0
-0.0807785	0.996732	-0
-0.0806974	0.996739	-0
-0.0812577	0.996693	-0
3.01053e-006	-3.72107e-005	-0
0.0807468	-0.996735	-0
0.080854	-0.996726	-0
0.0807208	-0.996737	-0
0.0808007	-0.99673	-0
0.0807711	-0.996733	-0
0.0807863	-0.996731	-0
0.0807773	-0.996732	-0
0.0807742	-0.996732	-0
0.0807449	-0.996735	-0
0.0808159	-0.996729	-0
0.0807249	-0.996736	-0
0.0808297	-0.996728	-0

#	Mesh	0	End

