#	Mesh	0	Begin

#	Vertex	12
66.2468	4.10492	-3.337
66.2468	4.10492	-11.386
66.4461	4.12107	-11.386
66.4461	4.12107	-3.337
66.5011	0.965318	-3.337
66.5011	0.965318	-11.386
66.7005	0.98147	-3.337
66.7005	0.98147	-11.386
66.7005	0.98147	-7.26784
66.5011	0.965318	-7.26784
66.2468	4.10492	-5.44326
66.4461	4.12107	-5.44326

#	Triangle	6
10	2	1	11	2	10
9	1	5	10	1	9
8	5	7	9	5	8
11	7	2	8	7	11
2	5	1	7	5	2
8	10	9	11	10	8

#	Normal	6
-0.0807629	0.996733	-0
-0.996733	-0.0807617	-0
0.0807626	-0.996733	-0
0.996733	0.0807617	0
-0	-0	-1
0.040481	-0.499597	0.865312

#	Mesh	0	End

