#	Mesh	0	Begin

#	Vertex	10
73.6713	4.90801	-3.2097
73.6875	4.70732	-3.2097
73.9256	1.76928	-3.22443
73.9256	1.76928	-11.386
73.6713	4.90801	-11.386
74.125	1.78543	-3.22443
74.125	1.78543	-11.386
73.8869	4.72348	-3.2097
73.8706	4.92415	-3.2097
73.8706	4.92415	-11.386

#	Triangle	9
2	4	3	2	0	4
1	0	2
2	6	5	3	6	2
8	6	9	8	5	6
8	7	5
9	0	8	4	0	9
4	6	3	9	6	4
7	0	1	8	0	7
7	2	5	1	2	7

#	Normal	9
-0.996734	-0.0807593	-0
-0.996731	-0.0807468	-0.00262709
0.0807592	-0.996734	-0
0.996733	0.0807621	0
0.996732	0.0807529	0.00194058
-0.0806877	0.996739	-0
0	-0	-1
0	-0	1
0.000403788	-0.00498357	0.999988

#	Mesh	0	End

