#	Mesh	0	Begin

#	Vertex	72
74.5992	-82.3293	-3.44514
74.6003	-82.3434	-3.44894
74.6014	-82.3566	-3.45513
74.6024	-82.3686	-3.46355
74.6032	-82.3789	-3.47392
74.6039	-82.3873	-3.48593
74.6044	-82.3935	-3.49922
74.6047	-82.3973	-3.51339
74.6048	-82.3986	-3.528
74.6047	-82.3973	-3.54261
74.6044	-82.3935	-3.55678
74.6039	-82.3873	-3.57007
74.6032	-82.3789	-3.58208
74.6024	-82.3686	-3.59245
74.6014	-82.3566	-3.60087
74.6003	-82.3434	-3.60706
74.5992	-82.3293	-3.61086
74.598	-82.3147	-3.61214
74.5968	-82.3001	-3.61086
74.5957	-82.286	-3.60706
74.5946	-82.2728	-3.60087
74.5936	-82.2608	-3.59245
74.5928	-82.2505	-3.58208
74.5921	-82.2421	-3.57007
74.5916	-82.2359	-3.55678
74.5913	-82.2321	-3.54261
74.5912	-82.2308	-3.528
74.5913	-82.2321	-3.51339
74.5916	-82.2359	-3.49922
74.5921	-82.2421	-3.48593
74.5928	-82.2505	-3.47392
74.5936	-82.2608	-3.46355
74.5946	-82.2728	-3.45513
74.5957	-82.286	-3.44894
74.5968	-82.3001	-3.44514
74.598	-82.3147	-3.44386
88.2996	-81.2167	-3.44514
88.3008	-81.2308	-3.44894
88.3019	-81.244	-3.45513
88.3028	-81.256	-3.46355
88.3037	-81.2663	-3.47392
88.3043	-81.2747	-3.48593
88.3048	-81.2809	-3.49922
88.3051	-81.2847	-3.51339
88.3053	-81.286	-3.528
88.3051	-81.2847	-3.54261
88.3048	-81.2809	-3.55678
88.3043	-81.2747	-3.57007
88.3037	-81.2663	-3.58208
88.3028	-81.256	-3.59245
88.3019	-81.244	-3.60087
88.3008	-81.2308	-3.60706
88.2996	-81.2167	-3.61086
88.2984	-81.2021	-3.61214
88.2973	-81.1875	-3.61086
88.2961	-81.1734	-3.60706
88.295	-81.1602	-3.60087
88.2941	-81.1482	-3.59245
88.2932	-81.1379	-3.58208
88.2925	-81.1295	-3.57007
88.292	-81.1233	-3.55678
88.2917	-81.1195	-3.54261
88.2916	-81.1182	-3.528
88.2917	-81.1195	-3.51339
88.292	-81.1233	-3.49922
88.2925	-81.1295	-3.48593
88.2932	-81.1379	-3.47392
88.2941	-81.1482	-3.46355
88.295	-81.1602	-3.45513
88.2961	-81.1734	-3.44894
88.2973	-81.1875	-3.44514
88.2984	-81.2021	-3.44386

#	Triangle	79
35	36	71	0	36	35
0	37	36
1	37	0
1	38	37
2	38	1
2	39	38
3	39	2
3	40	39
4	40	3
4	41	40	5	41	4
5	42	41	6	42	5
6	43	42	7	43	6
7	44	43	8	44	7
8	45	44	9	45	8
9	46	45	10	46	9
10	47	46	11	47	10
11	48	47	12	48	11
12	49	48
13	49	12
13	50	49
14	50	13
14	51	50
15	51	14
15	52	51
16	52	15
16	53	52	17	53	16
17	54	53	18	54	17
18	55	54
19	55	18
19	56	55	20	56	19
20	57	56
21	57	20
21	58	57	22	58	21
22	59	58
23	59	22
23	60	59
24	60	23
24	61	60
25	61	24
25	62	61	26	62	25
26	63	62	27	63	26
27	64	63
28	64	27
28	65	64
29	65	28
29	66	65
30	66	29
30	67	66	31	67	30
31	68	67
32	68	31
32	69	68	33	69	32
33	70	69
34	70	33
34	71	70	35	71	34
7	9	8	26	25	27
6	9	7	6	10	9
5	10	6	5	11	10
4	11	5	4	12	11
3	12	4	3	13	12
2	13	3	2	14	13	31	20	32	31	21	20
1	14	2	1	15	14	32	19	33	32	20	19
0	15	1	0	16	15
35	16	0	35	17	16	34	17	35	34	18	17
33	18	34	33	19	18
30	21	31	30	22	21
29	22	30	29	23	22
28	23	29	28	24	23
27	24	28	27	25	24
45	43	44	62	63	61
46	43	45	46	42	43	61	64	60	61	63	64
47	42	46	47	41	42	60	65	59	60	64	65
48	41	47	48	40	41	59	66	58	59	65	66
49	40	48	49	39	40	58	67	57	58	66	67
50	39	49	50	38	39	57	68	56	57	67	68
51	38	50	51	37	38
52	37	51	52	36	37
53	36	52	53	71	36	54	71	53	54	70	71
55	70	54	55	69	70
56	69	55	56	68	69

#	Normal	79
0.00705375	-0.0868596	0.996196
0.0209423	-0.257883	0.965949
0.0209529	-0.258015	0.965914
0.0342204	-0.421392	0.906233
0.0342042	-0.421189	0.906327
0.0464215	-0.571632	0.819196
0.0464414	-0.571881	0.819021
0.0572351	-0.704796	0.707097
0.0572141	-0.704532	0.707362
0.0663085	-0.81652	0.573497
0.0733551	-0.903292	0.422708
0.0781873	-0.962796	0.258671
0.0806342	-0.992927	0.0871471
0.0806342	-0.992927	-0.0871471
0.0781873	-0.962796	-0.258671
0.0733551	-0.903292	-0.422708
0.0663085	-0.81652	-0.573497
0.0572355	-0.704796	-0.707097
0.0572137	-0.704532	-0.707362
0.0464212	-0.571632	-0.819196
0.0464417	-0.571881	-0.819021
0.0342207	-0.421392	-0.906233
0.034204	-0.42119	-0.906327
0.0209422	-0.257883	-0.965949
0.020953	-0.258015	-0.965914
0.00705375	-0.0868596	-0.996196
-0.00705375	0.0868596	-0.996196
-0.020953	0.258015	-0.965914
-0.0209422	0.257883	-0.965949
-0.034204	0.42119	-0.906327
-0.0464212	0.571632	-0.819196
-0.0464417	0.571881	-0.819021
-0.0572355	0.704796	-0.707097
-0.0663085	0.81652	-0.573497
-0.0662878	0.816271	-0.573853
-0.0733546	0.903292	-0.422708
-0.0733716	0.903495	-0.422272
-0.0781873	0.962796	-0.258671
-0.0781761	0.962664	-0.259166
-0.0806337	0.992927	-0.0871471
-0.0806337	0.992927	0.0871471
-0.0781868	0.962796	0.258671
-0.0781766	0.962664	0.259166
-0.0733551	0.903292	0.422708
-0.0733711	0.903495	0.422272
-0.066308	0.81652	0.573497
-0.0662883	0.816271	0.573853
-0.0572355	0.704796	0.707097
-0.0464215	0.571632	0.819196
-0.0464414	0.571881	0.819021
-0.034204	0.42119	0.906327
-0.0209529	0.258015	0.965914
-0.0209423	0.257883	0.965949
-0.00705375	0.0868596	0.996196
-3.72107e-005	-3.19601e-006	-0
-0.996769	-0.0803182	-0
-0.996743	-0.0806467	-0
-0.996729	-0.0808159	-0
-0.99669	-0.081301	-0
-0.99674	-0.0806761	-0
-0.996706	-0.0810999	-0
-0.996707	-0.0810825	-0
-0.996735	-0.0807441	-0
-0.996711	-0.0810379	-0
-0.996685	-0.081362	-0
-0.996735	-0.0807411	-0
-0.996735	-0.0807481	-0
-0.996783	-0.0801536	-0
3.72107e-005	3.19601e-006	-0
0.996769	0.0803182	-0
0.996743	0.0806467	-0
0.996729	0.0808159	-0
0.996685	0.081362	-0
0.996745	0.0806238	-0
0.996702	0.0811474	-0
0.996711	0.0810379	-0
0.996735	0.0807441	-0
0.996707	0.0810825	-0
0.996706	0.0810999	-0

#	Mesh	0	End

