#	Mesh	0	Begin

#	Vertex	72
-40.2655	110.354	1.29407
-40.2631	110.354	1.29343
-40.2609	110.354	1.29238
-40.2588	110.354	1.29095
-40.2571	110.354	1.28919
-40.2556	110.354	1.28715
-40.2546	110.354	1.28489
-40.2539	110.354	1.28248
-40.2537	110.354	1.28
-40.2539	110.354	1.27752
-40.2546	110.354	1.27511
-40.2556	110.354	1.27285
-40.2571	110.354	1.27081
-40.2588	110.354	1.26905
-40.2609	110.354	1.26762
-40.2631	110.354	1.26657
-40.2655	110.354	1.26593
-40.268	110.354	1.26571
-40.2705	110.354	1.26593
-40.2729	110.354	1.26657
-40.2752	110.354	1.26762
-40.2772	110.354	1.26905
-40.279	110.354	1.27081
-40.2804	110.354	1.27285
-40.2814	110.354	1.27511
-40.2821	110.354	1.27752
-40.2823	110.354	1.28
-40.2821	110.354	1.28248
-40.2814	110.354	1.28489
-40.2804	110.354	1.28715
-40.279	110.354	1.28919
-40.2772	110.354	1.29095
-40.2752	110.354	1.29238
-40.2729	110.354	1.29343
-40.2705	110.354	1.29407
-40.268	110.354	1.29429
-40.2655	113.274	1.29407
-40.2631	113.274	1.29343
-40.2609	113.274	1.29238
-40.2588	113.274	1.29095
-40.2571	113.274	1.28919
-40.2556	113.274	1.28715
-40.2546	113.274	1.28489
-40.2539	113.274	1.28248
-40.2537	113.274	1.28
-40.2539	113.274	1.27752
-40.2546	113.274	1.27511
-40.2556	113.274	1.27285
-40.2571	113.274	1.27081
-40.2588	113.274	1.26905
-40.2609	113.274	1.26762
-40.2631	113.274	1.26657
-40.2655	113.274	1.26593
-40.268	113.274	1.26571
-40.2705	113.274	1.26593
-40.2729	113.274	1.26657
-40.2752	113.274	1.26762
-40.2772	113.274	1.26905
-40.279	113.274	1.27081
-40.2804	113.274	1.27285
-40.2814	113.274	1.27511
-40.2821	113.274	1.27752
-40.2823	113.274	1.28
-40.2821	113.274	1.28248
-40.2814	113.274	1.28489
-40.2804	113.274	1.28715
-40.279	113.274	1.28919
-40.2772	113.274	1.29095
-40.2752	113.274	1.29238
-40.2729	113.274	1.29343
-40.2705	113.274	1.29407
-40.268	113.274	1.29429

#	Triangle	70
35	36	71	0	36	35
0	37	36	1	37	0
1	38	37	2	38	1
2	39	38	3	39	2
3	40	39	4	40	3
4	41	40	5	41	4
5	42	41	6	42	5
6	43	42	7	43	6
7	44	43	8	44	7
8	45	44	9	45	8
9	46	45	10	46	9
10	47	46	11	47	10
11	48	47	12	48	11
12	49	48	13	49	12
13	50	49	14	50	13
14	51	50	15	51	14
15	52	51	16	52	15
16	53	52	17	53	16
17	54	53	18	54	17
18	55	54	19	55	18
19	56	55	20	56	19
20	57	56	21	57	20
21	58	57	22	58	21
22	59	58	23	59	22
23	60	59	24	60	23
24	61	60	25	61	24
25	62	61	26	62	25
26	63	62	27	63	26
27	64	63	28	64	27
28	65	64	29	65	28
29	66	65	30	66	29
30	67	66	31	67	30
31	68	67	32	68	31
32	69	68	33	69	32
33	70	69	34	70	33
34	71	70	35	71	34
7	9	8	26	25	27
6	9	7	27	25	24
6	10	9	27	24	28
5	10	6	28	24	23
5	11	10	28	23	29
4	11	5	29	23	22
4	12	11	29	22	30
3	12	4	30	22	21
3	13	12	30	21	31
2	13	3	31	21	20
2	14	13	31	20	32
1	14	2	32	20	19
1	15	14	32	19	33
0	15	1	33	19	18
0	16	15	33	18	34
35	16	0	34	18	17
35	17	16	34	17	35
45	43	44	62	63	61
46	43	45	61	63	64
46	42	43	61	64	60
47	42	46	60	64	65
47	41	42	60	65	59
48	41	47	59	65	66
48	40	41	59	66	58
49	40	48	58	66	67
49	39	40	58	67	57
50	39	49	57	67	68
50	38	39	57	68	56
51	38	50	56	68	69
51	37	38	56	69	55
52	37	51	55	69	70
52	36	37	55	70	54
53	36	52	54	70	71
53	71	36	54	71	53

#	Normal	70
0.0872156	-0	0.996189
0.258782	-0	0.965936
0.422585	-0	0.906323
0.573831	-0	0.818974
0.707033	-0	0.70718
0.818967	-0	0.57384
0.906606	-0	0.421978
0.965941	-0	0.258761
0.996137	-0	0.0878137
0.996137	-0	-0.0878137
0.965941	-0	-0.258761
0.906606	-0	-0.421978
0.818967	-0	-0.57384
0.707033	-0	-0.70718
0.573831	-0	-0.818974
0.422585	-0	-0.906323
0.258782	-0	-0.965936
0.0872156	-0	-0.996189
-0.0870795	0	-0.996201
-0.258782	0	-0.965936
-0.422585	0	-0.906323
-0.573831	0	-0.818974
-0.707033	0	-0.70718
-0.818967	0	-0.57384
-0.906606	0	-0.421978
-0.965941	0	-0.258761
-0.996137	0	-0.0878137
-0.996137	-0	0.0878137
-0.965941	-0	0.258761
-0.906606	-0	0.421978
-0.818967	-0	0.57384
-0.707033	-0	0.70718
-0.573831	-0	0.818974
-0.422585	-0	0.906323
-0.258782	-0	0.965936
-0.0870795	-0	0.996201
-0	-1.08563e-006	-0
-0	-3.19874e-006	-0
-0	-6.30023e-006	-0
-0	-1.02713e-005	-0
-0	-1.50157e-005	-0
-0	-2.04303e-005	-0
-0	-2.62646e-005	-0
-0	-3.23643e-005	-0
-0	-3.85703e-005	-0
-0	-4.46423e-005	-0
-0	-5.04688e-005	-0
-0	-5.58831e-005	-0
-0	-6.06368e-005	-0
-0	-6.46233e-005	-0
-0	-6.77257e-005	-0
-0	-6.98147e-005	-0
-0	-7.0892e-005	-0
-0	1.08563e-006	-0
-0	3.19874e-006	-0
-0	6.30023e-006	-0
-0	1.02713e-005	-0
-0	1.50157e-005	-0
-0	2.04303e-005	-0
-0	2.62646e-005	-0
-0	3.23643e-005	-0
-0	3.85703e-005	-0
-0	4.46423e-005	-0
-0	5.04688e-005	-0
-0	5.58831e-005	-0
-0	6.06368e-005	-0
-0	6.46233e-005	-0
-0	6.77257e-005	-0
-0	6.98147e-005	-0
-0	7.0892e-005	-0

#	Mesh	0	End

