#	Mesh	0	Begin

#	Vertex	34
-33.0385	100.515	3.38
-34.0385	100.515	3.38
-34.0385	99.7148	3.38
-33.0385	99.7148	3.38
-33.0385	100.515	-9.07
-33.0385	99.7148	-9.07
-33.3836	99.7148	-9.07
-34.0385	99.7148	-9.07
-34.0385	100.515	-9.07
-33.3137	100.515	-9.07
-34.0385	100.515	-7.67
-34.0385	100.515	-7.47
-33.8571	100.515	-7.47
-33.8571	100.515	-2.82
-34.0385	100.515	-2.82
-34.0385	100.515	1.38
-34.0385	100.515	2.58
-34.0385	99.7148	-2.82
-34.0385	99.7148	1.38
-34.0385	99.7148	2.58
-33.8571	99.7148	-2.82
-33.8571	99.7148	-7.47
-34.0385	99.7148	-7.47
-34.0385	99.7148	-7.67
-33.0385	99.7148	-3.42
-33.0385	99.7148	-2.82
-33.0385	99.7258	-7.47
-33.0385	99.7258	-2.82
-33.0385	99.9258	-2.82
-33.0385	99.9258	-7.47
-33.8571	99.7258	-7.47
-33.8571	99.7258	-2.82
-33.8571	99.9258	-2.82
-33.8571	99.9258	-7.47

#	Triangle	6
3	1	2	0	1	3	21	11	22	21	30	11	30	33	11	33	12	11	26	33	30	26	29	33
9	7	8	9	6	7	9	5	6	4	5	9	13	17	14	13	32	17	32	31	17	31	20	17	28	31	32	28	27	31
10	9	8	10	4	9	10	12	4	12	0	4	11	12	10	13	0	12	15	13	14	15	0	13	16	0	15	1	0	16	31	26	30	27	26	31
18	14	17	18	15	14	19	15	18	19	16	15	2	16	19	2	1	16	21	31	30	20	31	21	33	13	12	32	13	33	23	8	7	23	10	8	22	10	23	22	11	10
24	6	5	24	7	6	24	21	7	21	23	7	21	22	23	24	20	21	25	20	24	3	20	25	3	17	20	3	18	17	3	19	18	3	2	19	33	28	32	29	28	33
0	29	4	29	5	4	29	26	5	26	24	5	0	28	29	27	24	26	27	25	24	0	27	28	0	25	27	0	3	25

#	Normal	6
-0	-0	1
-0	-0	-1
-0	1	-0
-1	0	-0
-0	-1	-0
1	0	0

#	Mesh	0	End

