#	Mesh	0	Begin

#	Vertex	72
98.8467	-126.2	0.726165
98.8559	-126.199	0.723684
98.8646	-126.199	0.719632
98.8724	-126.198	0.714133
98.8792	-126.198	0.707354
98.8847	-126.197	0.699501
98.8887	-126.197	0.690812
98.8912	-126.197	0.681551
98.892	-126.197	0.672001
98.8912	-126.197	0.66245
98.8887	-126.197	0.65319
98.8847	-126.197	0.644501
98.8792	-126.198	0.636647
98.8724	-126.198	0.629868
98.8646	-126.199	0.624369
98.8559	-126.199	0.620318
98.8467	-126.2	0.617836
98.8372	-126.201	0.617001
98.8277	-126.202	0.617836
98.8184	-126.203	0.620318
98.8098	-126.203	0.624369
98.8019	-126.204	0.629868
98.7952	-126.204	0.636647
98.7897	-126.205	0.644501
98.7857	-126.205	0.65319
98.7832	-126.205	0.66245
98.7824	-126.205	0.672001
98.7832	-126.205	0.681551
98.7857	-126.205	0.690812
98.7897	-126.205	0.699501
98.7952	-126.204	0.707354
98.8019	-126.204	0.714133
98.8098	-126.203	0.719632
98.8184	-126.203	0.723684
98.8277	-126.202	0.726165
98.8372	-126.201	0.727001
98.3744	-120.371	0.726181
98.3836	-120.371	0.7237
98.3923	-120.37	0.719648
98.4001	-120.369	0.714149
98.4069	-120.369	0.70737
98.4124	-120.368	0.699517
98.4164	-120.368	0.690828
98.4189	-120.368	0.681567
98.4197	-120.368	0.672017
98.4189	-120.368	0.662466
98.4164	-120.368	0.653206
98.4124	-120.368	0.644517
98.4069	-120.369	0.636663
98.4001	-120.369	0.629884
98.3923	-120.37	0.624385
98.3836	-120.371	0.620334
98.3744	-120.371	0.617852
98.3649	-120.372	0.617017
98.3554	-120.373	0.617852
98.3461	-120.374	0.620334
98.3375	-120.374	0.624385
98.3297	-120.375	0.629884
98.3229	-120.376	0.636663
98.3174	-120.376	0.644517
98.3134	-120.376	0.653206
98.3109	-120.376	0.662466
98.3101	-120.377	0.672017
98.3109	-120.376	0.681567
98.3134	-120.376	0.690828
98.3174	-120.376	0.699517
98.3229	-120.376	0.70737
98.3297	-120.375	0.714149
98.3375	-120.374	0.719648
98.3461	-120.374	0.7237
98.3554	-120.373	0.726181
98.3649	-120.372	0.727017

#	Triangle	97
35	36	71
0	36	35
0	37	36
1	37	0
1	38	37
2	38	1
2	39	38	3	39	2
3	40	39	4	40	3
4	41	40
5	41	4
5	42	41	6	42	5
6	43	42
7	43	6
7	44	43
8	44	7
8	45	44
9	45	8
9	46	45
10	46	9
10	47	46	11	47	10
11	48	47
12	48	11
12	49	48	13	49	12
13	50	49	14	50	13
14	51	50
15	51	14
15	52	51
16	52	15
16	53	52
17	53	16
17	54	53
18	54	17
18	55	54
19	55	18
19	56	55
20	56	19
20	57	56
21	57	20
21	58	57	22	58	21
22	59	58
23	59	22
23	60	59
24	60	23
24	61	60
25	61	24
25	62	61
26	62	25
26	63	62
27	63	26
27	64	63
28	64	27
28	65	64
29	65	28
29	66	65
30	66	29
30	67	66	31	67	30
31	68	67	32	68	31
32	69	68
33	69	32
33	70	69
34	70	33
34	71	70
35	71	34
7	9	8	26	25	27
6	9	7	27	25	24
6	10	9	27	24	28
5	10	6	5	11	10
4	11	5	4	12	11
3	12	4	3	13	12	30	21	31	30	22	21
2	13	3	2	14	13
1	14	2	1	15	14
0	15	1	0	16	15
35	16	0	35	17	16
34	17	35	34	18	17
33	18	34	33	19	18
32	19	33
32	20	19
31	20	32
31	21	20
29	22	30	29	23	22
28	23	29	28	24	23
45	43	44	62	63	61
46	43	45	61	63	64
46	42	43
47	42	46	47	41	42
48	41	47	48	40	41
49	40	48	49	39	40	58	67	57	58	66	67
50	39	49	50	38	39	57	68	56	57	67	68
51	38	50	51	37	38
52	37	51	52	36	37
53	36	52	53	71	36
54	71	53	54	70	71
55	70	54	55	69	70
56	69	55	56	68	69
59	66	58	59	65	66
60	65	59	60	64	65
61	64	60

#	Normal	97
0.0868393	0.00703359	0.996198
0.0869039	0.00703871	0.996192
0.258063	0.0209071	0.965902
0.257877	0.0208923	0.965952
0.421092	0.0341174	0.906376
0.421403	0.0341419	0.906231
0.571687	0.0463191	0.819163
0.704756	0.0571014	0.707148
0.816688	0.0661711	0.573274
0.816307	0.0661413	0.573819
0.903321	0.0731922	0.422675
0.962678	0.0780022	0.259165
0.962881	0.0780173	0.258407
0.992987	0.0804572	0.0866271
0.992916	0.0804528	0.0874332
0.992986	0.080459	-0.0866271
0.992916	0.0804519	-0.0874332
0.962678	0.0780023	-0.259165
0.96288	0.07802	-0.258407
0.903321	0.0731945	-0.422675
0.816687	0.0661753	-0.573274
0.816307	0.0661434	-0.573819
0.704756	0.0571052	-0.707148
0.571687	0.0463235	-0.819163
0.421092	0.0341218	-0.906376
0.421402	0.0341474	-0.906231
0.258063	0.0209127	-0.965902
0.257877	0.0208973	-0.965952
0.0868389	0.00703893	-0.996197
0.0869035	0.00704427	-0.996192
-0.0869039	-0.00703882	-0.996192
-0.0868337	-0.00703301	-0.996198
-0.257861	-0.0208907	-0.965956
-0.258063	-0.0209074	-0.965902
-0.421403	-0.0341425	-0.906231
-0.421118	-0.0341189	-0.906364
-0.571687	-0.0463191	-0.819163
-0.571656	-0.0463166	-0.819185
-0.704756	-0.0571014	-0.707148
-0.816307	-0.0661403	-0.573819
-0.816688	-0.0661722	-0.573274
-0.903631	-0.0732173	-0.422008
-0.903346	-0.0731931	-0.422621
-0.962695	-0.0780024	-0.259103
-0.962678	-0.0780009	-0.259165
-0.992911	-0.080451	-0.0874985
-0.992981	-0.080458	-0.0866924
-0.992911	-0.0804528	0.0874985
-0.992981	-0.0804572	0.0866924
-0.962695	-0.0780037	0.259103
-0.962678	-0.0780025	0.259165
-0.903631	-0.0732185	0.422008
-0.903346	-0.0731966	0.422621
-0.816307	-0.0661445	0.573819
-0.816687	-0.0661742	0.573274
-0.704756	-0.0571052	0.707148
-0.571687	-0.0463235	0.819163
-0.421402	-0.0341469	0.906231
-0.421092	-0.0341223	0.906376
-0.25786	-0.0208963	0.965956
-0.258063	-0.0209123	0.965902
-0.0869035	-0.00704416	0.996192
-0.0868332	-0.00703858	0.996198
1.19383e-006	-1.59675e-005	-0
3.87996e-006	-4.71564e-005	-0
7.64201e-006	-9.28798e-005	-0
0.0809712	-0.996716	-0
0.0809302	-0.99672	-0
0.0806612	-0.996742	-0
0.0805755	-0.996749	-0
0.0809608	-0.996717	-0
0.0801139	-0.996786	-0
0.0810136	-0.996713	-0
0.0809476	-0.996718	-0
0.0810198	-0.996712	-0
0.0808883	-0.996723	-0
0.0799573	-0.996798	-8.17474e-005
0.0806325	-0.996744	-8.17429e-005
0.0815637	-0.996668	-0
0.0810449	-0.99671	-0
0.0790555	-0.99687	-0
-1.19383e-006	1.58183e-005	-0
-3.87996e-006	4.73056e-005	-0
-7.64201e-006	9.31737e-005	-0
-0.0809712	0.996716	-0
-0.0810449	0.99671	-0
-0.0806612	0.996742	-0
-0.0805755	0.996749	-0
-0.0808883	0.996723	-0
-0.0810198	0.996712	-0
-0.0801352	0.996784	-0
-0.0810136	0.996713	-0
-0.0809517	0.996718	-0
-0.0809608	0.996717	-0
-0.0809302	0.99672	-0
-0.0811271	0.996704	-0
-7.34808e-006	9.31737e-005	-0

#	Mesh	0	End

