#	Mesh	0	Begin

#	Vertex	11
80.1986	-70.0092	-11.386
80.1986	-70.0092	-3.337
79.9992	-70.0254	-3.58469
79.9992	-70.0254	-11.386
80.4345	-75.3972	-3.61163
80.4345	-75.3972	-11.386
80.6338	-75.381	-3.61163
80.6338	-75.381	-11.386
80.6338	-75.381	-3.337
80.1986	-70.0092	-3.58469
80.2147	-70.2086	-3.58569

#	Triangle	8
9	3	2	0	3	9
2	5	4	3	5	2
4	7	6
5	7	4
7	1	8	0	1	7
0	5	3	7	5	0
2	10	9
2	6	10	2	4	6

#	Normal	8
-0.0807435	0.996735	-0
-0.996734	-0.0807608	1.62314e-007
0.0807015	-0.996738	-0
0.0807792	-0.996732	2.00324e-006
0.996733	0.0807622	-0
-0	-0	-1
0.000402584	-0.0049848	0.999987
0.000403599	-0.0049836	0.999988

#	Mesh	0	End

