#	Mesh	0	Begin

#	Vertex	72
85.4717	-185.256	-15.6619
85.4705	-185.242	-15.6581
85.4695	-185.229	-15.6519
85.4685	-185.217	-15.6435
85.4676	-185.207	-15.6331
85.467	-185.198	-15.6211
85.4665	-185.192	-15.6078
85.4662	-185.188	-15.5936
85.4661	-185.187	-15.579
85.4662	-185.188	-15.5644
85.4665	-185.192	-15.5502
85.467	-185.198	-15.5369
85.4676	-185.207	-15.5249
85.4685	-185.217	-15.5146
85.4695	-185.229	-15.5062
85.4705	-185.242	-15.5
85.4717	-185.256	-15.4962
85.4729	-185.271	-15.4949
85.474	-185.286	-15.4962
85.4752	-185.3	-15.5
85.4763	-185.313	-15.5062
85.4772	-185.325	-15.5146
85.4781	-185.335	-15.5249
85.4787	-185.344	-15.5369
85.4792	-185.35	-15.5502
85.4795	-185.354	-15.5644
85.4796	-185.355	-15.579
85.4795	-185.354	-15.5936
85.4792	-185.35	-15.6078
85.4787	-185.344	-15.6211
85.4781	-185.335	-15.6331
85.4772	-185.325	-15.6435
85.4763	-185.313	-15.6519
85.4752	-185.3	-15.6581
85.474	-185.286	-15.6619
85.4729	-185.271	-15.6632
89.5436	-184.927	-15.6619
89.5424	-184.912	-15.6581
89.5413	-184.899	-15.6519
89.5404	-184.887	-15.6435
89.5395	-184.877	-15.6331
89.5389	-184.868	-15.6211
89.5384	-184.862	-15.6078
89.5381	-184.858	-15.5936
89.5379	-184.857	-15.579
89.5381	-184.858	-15.5644
89.5384	-184.862	-15.5502
89.5389	-184.868	-15.5369
89.5395	-184.877	-15.5249
89.5404	-184.887	-15.5146
89.5413	-184.899	-15.5062
89.5424	-184.912	-15.5
89.5436	-184.927	-15.4962
89.5447	-184.941	-15.4949
89.5459	-184.956	-15.4962
89.5471	-184.97	-15.5
89.5481	-184.983	-15.5062
89.5491	-184.995	-15.5146
89.55	-185.005	-15.5249
89.5506	-185.014	-15.5369
89.5511	-185.02	-15.5502
89.5514	-185.024	-15.5644
89.5515	-185.025	-15.579
89.5514	-185.024	-15.5936
89.5511	-185.02	-15.6078
89.5506	-185.014	-15.6211
89.55	-185.005	-15.6331
89.5491	-184.995	-15.6435
89.5481	-184.983	-15.6519
89.5471	-184.97	-15.6581
89.5459	-184.956	-15.6619
89.5447	-184.941	-15.6632

#	Triangle	90
35	36	71	0	36	35
0	37	36
1	37	0
1	38	37	2	38	1
2	39	38
3	39	2
3	40	39
4	40	3
4	41	40
5	41	4
5	42	41
6	42	5
6	43	42	7	43	6
7	44	43
8	44	7
8	45	44
9	45	8
9	46	45	10	46	9
10	47	46
11	47	10
11	48	47
12	48	11
12	49	48
13	49	12
13	50	49
14	50	13
14	51	50	15	51	14
15	52	51
16	52	15
16	53	52	17	53	16
17	54	53	18	54	17
18	55	54
19	55	18
19	56	55	20	56	19
20	57	56
21	57	20
21	58	57
22	58	21
22	59	58
23	59	22
23	60	59
24	60	23
24	61	60	25	61	24
25	62	61
26	62	25
26	63	62
27	63	26
27	64	63	28	64	27
28	65	64
29	65	28
29	66	65
30	66	29
30	67	66
31	67	30
31	68	67
32	68	31
32	69	68	33	69	32
33	70	69
34	70	33
34	71	70	35	71	34
7	9	8	26	25	27
6	9	7	6	10	9	27	24	28	27	25	24
5	10	6	5	11	10
4	11	5	4	12	11
3	12	4	3	13	12
2	13	3	2	14	13
1	14	2	1	15	14
0	15	1	0	16	15
35	16	0	35	17	16	34	17	35	34	18	17
33	18	34	33	19	18
32	19	33	32	20	19
31	20	32	31	21	20
30	21	31	30	22	21
29	22	30	29	23	22
28	23	29	28	24	23
45	43	44	62	63	61
46	43	45	46	42	43	61	64	60	61	63	64
47	42	46	47	41	42
48	41	47	48	40	41
49	40	48	49	39	40
50	39	49	50	38	39
51	38	50	51	37	38
52	37	51	52	36	37
53	36	52	53	71	36	54	71	53	54	70	71
55	70	54	55	69	70
56	69	55	56	68	69
57	68	56	57	67	68
58	67	57	58	66	67
59	66	58	59	65	66
60	65	59	60	64	65

#	Normal	90
-0.00703917	0.0868773	-0.996194
-0.0208959	0.257897	-0.965946
-0.0209184	0.258162	-0.965875
-0.0341287	0.421196	-0.906327
-0.0463391	0.571889	-0.819021
-0.0462966	0.571392	-0.81937
-0.0570854	0.704547	-0.707357
-0.057131	0.705076	-0.706826
-0.0661821	0.81678	-0.57314
-0.0661387	0.816283	-0.573853
-0.073173	0.9031	-0.423151
-0.0732093	0.903505	-0.422279
-0.0780149	0.962813	-0.258658
-0.0804598	0.992987	-0.0866201
-0.0804491	0.992899	-0.0876312
-0.0804562	0.992987	0.0866201
-0.0804527	0.992899	0.0876312
-0.0780146	0.962809	0.258675
-0.0731764	0.903099	0.423151
-0.0732058	0.903505	0.422279
-0.066179	0.816781	0.57314
-0.0661419	0.816283	0.573853
-0.0570908	0.70458	0.707324
-0.057131	0.70511	0.706793
-0.0463369	0.57189	0.819021
-0.0462988	0.571392	0.81937
-0.0341243	0.421141	0.906353
-0.0208969	0.257897	0.965946
-0.0209174	0.258162	0.965875
-0.00703917	0.0868773	0.996194
0.00703917	-0.0868773	0.996194
0.0209165	-0.258151	0.965878
0.0208961	-0.257887	0.965949
0.0341256	-0.421158	0.906345
0.0462988	-0.571392	0.81937
0.0463369	-0.57189	0.819021
0.0571292	-0.705088	0.706815
0.057089	-0.704559	0.707346
0.0661435	-0.816303	0.573824
0.0661792	-0.816781	0.57314
0.0732046	-0.903489	0.422314
0.0731764	-0.903099	0.423151
0.0780146	-0.962809	0.258675
0.0804527	-0.992899	0.0876312
0.0804563	-0.992991	0.0865774
0.0804489	-0.992899	-0.0876312
0.0804601	-0.992991	-0.0865774
0.0780149	-0.962813	-0.258658
0.0732079	-0.903489	-0.422314
0.0731731	-0.9031	-0.423151
0.0661405	-0.816303	-0.573824
0.0661821	-0.81678	-0.57314
0.0571292	-0.705055	-0.706848
0.0570837	-0.704526	-0.707379
0.0462966	-0.571392	-0.81937
0.0463391	-0.571889	-0.819021
0.03413	-0.421212	-0.90632
0.0209175	-0.258151	-0.965878
0.0208951	-0.257887	-0.965949
0.00703917	-0.0868773	-0.996194
-3.7439e-005	-2.96773e-006	-0
-0.996769	-0.0803182	0
-0.996735	-0.0807481	0
-0.996735	-0.0807411	0
-0.996741	-0.0806742	0
-0.996749	-0.0805716	0
-0.996706	-0.0810999	0
-0.996748	-0.0805788	0
-0.996735	-0.0807441	0
-0.996711	-0.0810379	0
-0.996753	-0.080516	0
-0.99674	-0.0806761	0
-0.99669	-0.081301	0
-0.996723	-0.0808908	0
-0.996751	-0.0805455	0
3.69825e-005	3.19601e-006	-0
0.996769	0.0803182	0
0.996751	0.0805455	0
0.996723	0.0808908	0
0.99675	0.0805531	0
0.99674	0.0806761	0
0.996706	0.0810999	0
0.996755	0.0804902	0
0.996735	0.0807441	0
0.996704	0.0811271	0
0.996753	0.080516	0
0.996749	0.0805716	0
0.99668	0.0814231	0
0.996809	0.079819	0
0.996632	0.0820014	0

#	Mesh	0	End

