#	Mesh	0	Begin

#	Vertex	72
-98.4705	113.729	1.32176
-98.4729	113.728	1.32176
-98.4751	113.727	1.32176
-98.4772	113.726	1.32176
-98.479	113.724	1.32176
-98.4804	113.722	1.32176
-98.4814	113.72	1.32176
-98.4821	113.717	1.32176
-98.4823	113.715	1.32176
-98.4821	113.712	1.32176
-98.4814	113.71	1.32176
-98.4804	113.708	1.32176
-98.479	113.706	1.32176
-98.4772	113.704	1.32176
-98.4751	113.702	1.32176
-98.4729	113.701	1.32176
-98.4705	113.701	1.32176
-98.468	113.7	1.32176
-98.4655	113.701	1.32176
-98.4631	113.701	1.32176
-98.4609	113.702	1.32176
-98.4588	113.704	1.32176
-98.4571	113.706	1.32176
-98.4556	113.708	1.32176
-98.4546	113.71	1.32176
-98.4539	113.712	1.32176
-98.4537	113.715	1.32176
-98.4539	113.717	1.32176
-98.4546	113.72	1.32176
-98.4556	113.722	1.32176
-98.4571	113.724	1.32176
-98.4588	113.726	1.32176
-98.4609	113.727	1.32176
-98.4631	113.728	1.32176
-98.4655	113.729	1.32176
-98.468	113.729	1.32176
-98.4705	113.729	2.38
-98.4729	113.728	2.38
-98.4751	113.727	2.38
-98.4772	113.726	2.38
-98.479	113.724	2.38
-98.4804	113.722	2.38
-98.4814	113.72	2.38
-98.4821	113.717	2.38
-98.4823	113.715	2.38
-98.4821	113.712	2.38
-98.4814	113.71	2.38
-98.4804	113.708	2.38
-98.479	113.706	2.38
-98.4772	113.704	2.38
-98.4751	113.702	2.38
-98.4729	113.701	2.38
-98.4705	113.701	2.38
-98.468	113.7	2.38
-98.4655	113.701	2.38
-98.4631	113.701	2.38
-98.4609	113.702	2.38
-98.4588	113.704	2.38
-98.4571	113.706	2.38
-98.4556	113.708	2.38
-98.4546	113.71	2.38
-98.4539	113.712	2.38
-98.4537	113.715	2.38
-98.4539	113.717	2.38
-98.4546	113.72	2.38
-98.4556	113.722	2.38
-98.4571	113.724	2.38
-98.4588	113.726	2.38
-98.4609	113.727	2.38
-98.4631	113.728	2.38
-98.4655	113.729	2.38
-98.468	113.729	2.38

#	Triangle	72
35	36	71	0	36	35
0	37	36	1	37	0
1	38	37	2	38	1
2	39	38	3	39	2
3	40	39	4	40	3
4	41	40	5	41	4
5	42	41	6	42	5
6	43	42	7	43	6
7	44	43	8	44	7
8	45	44	9	45	8
9	46	45	10	46	9
10	47	46	11	47	10
11	48	47	12	48	11
12	49	48	13	49	12
13	50	49	14	50	13
14	51	50	15	51	14
15	52	51	16	52	15
16	53	52	17	53	16
17	54	53	18	54	17
18	55	54	19	55	18
19	56	55	20	56	19
20	57	56	21	57	20
21	58	57	22	58	21
22	59	58	23	59	22
23	60	59	24	60	23
24	61	60	25	61	24
25	62	61	26	62	25
26	63	62	27	63	26
27	64	63	28	64	27
28	65	64	29	65	28
29	66	65	30	66	29
30	67	66	31	67	30
31	68	67	32	68	31
32	69	68	33	69	32
33	70	69	34	70	33
34	71	70	35	71	34
7	9	8	26	25	27
6	9	7	27	25	24
6	10	9	27	24	28
5	10	6	28	24	23
5	11	10	28	23	29
4	11	5	29	23	22
4	12	11	29	22	30
3	12	4	30	22	21
3	13	12
2	13	3	31	21	20
2	14	13	31	20	32
1	14	2	32	20	19
1	15	14	32	19	33
0	15	1	33	19	18
0	16	15	33	18	34
35	16	0	34	18	17
35	17	16	34	17	35
30	21	31
45	43	44	62	63	61
46	43	45	61	63	64
46	42	43	61	64	60
47	42	46	60	64	65
47	41	42	60	65	59
48	41	47	59	65	66
48	40	41	59	66	58
49	40	48	58	66	67
49	39	40
50	39	49	57	67	68
50	38	39	57	68	56
51	38	50	56	68	69
51	37	38	56	69	55
52	37	51	55	69	70
52	36	37	55	70	54
53	36	52	54	70	71
53	71	36	54	71	53
58	67	57

#	Normal	72
-0.0848662	0.996392	-0
-0.260198	0.965555	-0
-0.423229	0.906023	-0
-0.574094	0.81879	-0
-0.705537	0.708673	-0
-0.81879	0.574094	-0
-0.906023	0.423229	-0
-0.966339	0.257272	-0
-0.996146	0.087711	-0
-0.996122	-0.0879855	0
-0.966339	-0.257272	0
-0.906023	-0.423229	0
-0.81982	-0.572622	0
-0.705537	-0.708673	0
-0.574094	-0.81879	0
-0.423229	-0.906023	0
-0.257272	-0.966339	0
-0.0879855	-0.996122	0
0.087711	-0.996146	-0
0.257272	-0.966339	-0
0.423229	-0.906023	-0
0.574094	-0.81879	-0
0.707107	-0.707107	-0
0.81982	-0.572622	-0
0.906023	-0.423229	-0
0.965555	-0.260198	-0
0.996392	-0.0848662	-0
0.996415	0.0846013	-0
0.965555	0.260198	-0
0.906023	0.423229	-0
0.81879	0.574094	-0
0.707107	0.707107	-0
0.574094	0.81879	-0
0.423229	0.906023	-0
0.260198	0.965555	-0
0.0846013	0.996415	-0
-0	-0	-1.08521e-006
-0	-0	-3.1781e-006
-0	-0	-6.26111e-006
-0	-0	-1.03079e-005
-0	-0	-1.50705e-005
-0	-0	-2.04289e-005
-0	-0	-2.62705e-005
-0	-0	-3.24434e-005
-0	-0	-3.86506e-005
-0	-0	-4.46364e-005
-0	-0	-5.04668e-005
-0	-0	-5.58809e-005
-0	-0	-6.06434e-005
-0	-0	-6.46304e-005
-0	-0	-6.77322e-005
-0	-0	-6.97114e-005
-0	-0	-7.07755e-005
-0	-0	-3.84796e-005
-0	-0	1.08521e-006
-0	-0	3.1781e-006
-0	-0	6.26111e-006
-0	-0	1.03079e-005
-0	-0	1.50705e-005
-0	-0	2.04289e-005
-0	-0	2.62705e-005
-0	-0	3.24434e-005
-0	-0	3.86506e-005
-0	-0	4.46364e-005
-0	-0	5.04668e-005
-0	-0	5.58809e-005
-0	-0	6.06434e-005
-0	-0	6.46304e-005
-0	-0	6.77322e-005
-0	-0	6.97114e-005
-0	-0	7.07755e-005
0	-0	3.84796e-005

#	Mesh	0	End

