#	Mesh	0	Begin

#	Vertex	34
95.5723	-128.544	-3.337
95.5723	-128.544	-3.88261
85.007	-129.4	-3.88261
85.007	-129.4	-3.337
84.9933	-129.401	-3.337
84.9933	-129.401	-11.386
95.5883	-128.543	-11.386
95.5883	-128.543	-3.337
85.2105	-129.383	-9.236
86.2072	-129.303	-9.236
86.2072	-129.303	-11.336
85.2105	-129.383	-11.336
91.0191	-128.913	-9.236
92.0158	-128.832	-9.236
92.0158	-128.832	-11.336
91.0191	-128.913	-11.336
85.0094	-129.6	-3.337
85.0094	-129.6	-11.386
85.0232	-129.599	-3.337
85.0232	-129.599	-3.88361
89.8854	-129.206	-3.88361
90.1844	-129.181	-3.88361
95.597	-128.743	-3.88361
95.597	-128.743	-3.337
95.6129	-128.742	-3.337
95.6129	-128.742	-11.386
86.2234	-129.502	-9.236
85.2266	-129.583	-9.236
85.2266	-129.583	-11.336
86.2234	-129.502	-11.336
92.032	-129.032	-9.236
91.0352	-129.112	-9.236
91.0352	-129.112	-11.336
92.032	-129.032	-11.336

#	Triangle	34
4	2	5	4	3	2
2	11	5
11	6	5
11	10	6
10	15	6
15	14	6
14	1	6	13	1	14
1	7	6	0	7	1
2	8	11
9	15	10	9	12	15	2	12	9	2	1	13
2	9	8	2	13	12
5	16	4	17	16	5
24	22	25	24	23	22
22	33	25	22	30	33
33	17	25
33	32	17
32	29	17
29	28	17
28	19	17
19	16	17	18	16	19
31	29	32	31	26	29
27	19	28
22	31	30	21	20	27	20	19	27
22	26	31
22	27	26	22	21	27
25	7	24	6	7	25
6	17	5	25	17	6	8	26	27	9	26	8	30	12	13	31	12	30
3	16	18	4	16	3	23	7	0	24	7	23	10	28	29	11	28	10	32	14	15	33	14	32
1	21	22
2	21	1	2	20	21	2	19	20
22	0	1	23	0	22
2	18	19	3	18	2	31	15	12	32	15	31
9	29	26	10	29	9	33	13	14	30	13	33
11	27	28	8	27	11

#	Normal	34
-0.0810747	0.996708	-0
-0.0807098	0.996738	-6.72227e-007
-0.0807023	0.996738	-3.34537e-005
-0.0807034	0.996738	-0.000266378
-0.0807025	0.996738	-8.27209e-005
-0.0807028	0.996738	-0.000114368
-0.0807012	0.996738	-9.15725e-008
-0.0806584	0.996742	-0
-0.0806853	0.99674	-0
-0.0807025	0.996738	-0
-0.0807034	0.996738	-6.9176e-007
-0.996738	-0.0807047	0
0.0806977	-0.996739	-0
0.0807037	-0.996738	1.28649e-008
0.0807024	-0.996738	-9.1979e-005
0.0807028	-0.996738	-0.000145132
0.0807025	-0.996738	-0.000103396
0.0807028	-0.996738	-0.000111804
0.0806773	-0.99674	-3.05709e-007
0.0805114	-0.996754	-0
0.0807025	-0.996738	-0
0.0806884	-0.996739	-0
0.0807028	-0.996738	6.21378e-007
0.0807025	-0.996738	9.16536e-007
0.0807028	-0.996738	3.10033e-007
0.992409	0.122978	-0
-0	-0	-1
-0	0	1
0.000403518	-0.00498374	0.999987
0.000403504	-0.00498362	0.999988
-0.992405	-0.123016	0
0.996738	0.0807015	-0
-0.996738	-0.0807015	-0
0.996741	0.0806627	-0

#	Mesh	0	End

