#	Mesh	0	Begin

#	Vertex	72
94.5986	-41.1817	-17.934
94.5953	-41.1826	-17.934
94.5921	-41.1841	-17.934
94.5893	-41.1861	-17.934
94.5868	-41.1885	-17.934
94.5848	-41.1914	-17.934
94.5833	-41.1945	-17.934
94.5824	-41.1979	-17.934
94.5821	-41.2014	-17.934
94.5824	-41.2049	-17.934
94.5833	-41.2082	-17.934
94.5848	-41.2114	-17.934
94.5868	-41.2142	-17.934
94.5893	-41.2167	-17.934
94.5921	-41.2187	-17.934
94.5953	-41.2202	-17.934
94.5986	-41.2211	-17.934
94.6021	-41.2214	-17.934
94.6056	-41.2211	-17.934
94.609	-41.2202	-17.934
94.6121	-41.2187	-17.934
94.615	-41.2167	-17.934
94.6174	-41.2142	-17.934
94.6194	-41.2114	-17.934
94.6209	-41.2082	-17.934
94.6218	-41.2049	-17.934
94.6221	-41.2014	-17.934
94.6218	-41.1979	-17.934
94.6209	-41.1945	-17.934
94.6194	-41.1914	-17.934
94.6174	-41.1885	-17.934
94.615	-41.1861	-17.934
94.6121	-41.1841	-17.934
94.609	-41.1826	-17.934
94.6056	-41.1817	-17.934
94.6021	-41.1814	-17.934
94.5986	-41.1817	-12.769
94.5953	-41.1826	-12.769
94.5921	-41.1841	-12.769
94.5893	-41.1861	-12.769
94.5868	-41.1885	-12.769
94.5848	-41.1914	-12.769
94.5833	-41.1945	-12.769
94.5824	-41.1979	-12.769
94.5821	-41.2014	-12.769
94.5824	-41.2049	-12.769
94.5833	-41.2082	-12.769
94.5848	-41.2114	-12.769
94.5868	-41.2142	-12.769
94.5893	-41.2167	-12.769
94.5921	-41.2187	-12.769
94.5953	-41.2202	-12.769
94.5986	-41.2211	-12.769
94.6021	-41.2214	-12.769
94.6056	-41.2211	-12.769
94.609	-41.2202	-12.769
94.6121	-41.2187	-12.769
94.615	-41.2167	-12.769
94.6174	-41.2142	-12.769
94.6194	-41.2114	-12.769
94.6209	-41.2082	-12.769
94.6218	-41.2049	-12.769
94.6221	-41.2014	-12.769
94.6218	-41.1979	-12.769
94.6209	-41.1945	-12.769
94.6194	-41.1914	-12.769
94.6174	-41.1885	-12.769
94.615	-41.1861	-12.769
94.6121	-41.1841	-12.769
94.609	-41.1826	-12.769
94.6056	-41.1817	-12.769
94.6021	-41.1814	-12.769

#	Triangle	66
35	36	71	0	36	35
0	37	36	1	37	0
1	38	37	2	38	1
2	39	38	3	39	2
3	40	39	4	40	3
4	41	40	5	41	4
5	42	41	6	42	5
6	43	42	7	43	6
7	44	43	8	44	7
8	45	44	9	45	8
9	46	45	10	46	9
10	47	46	11	47	10
11	48	47	12	48	11
12	49	48	13	49	12
13	50	49	14	50	13
14	51	50	15	51	14
15	52	51	16	52	15
16	53	52	17	53	16
17	54	53	18	54	17
18	55	54	19	55	18
19	56	55	20	56	19
20	57	56	21	57	20
21	58	57	22	58	21
22	59	58	23	59	22
23	60	59	24	60	23
24	61	60	25	61	24
25	62	61	26	62	25
26	63	62	27	63	26
27	64	63	28	64	27
28	65	64	29	65	28
29	66	65	30	66	29
30	67	66	31	67	30
31	68	67	32	68	31
32	69	68	33	69	32
33	70	69	34	70	33
34	71	70	35	71	34
7	9	8	26	25	27
6	9	7	27	25	24
6	10	9	27	24	28
5	10	6	28	24	23
5	11	10
4	11	5	29	23	22
4	12	11	29	22	30
3	12	4	30	22	21
3	13	12
2	13	3
2	14	13	31	20	32
1	14	2	1	15	14	0	15	1	0	16	15	35	16	0	35	17	16	34	17	35	34	18	17	33	18	34	33	19	18	32	19	33	32	20	19
31	21	20
30	21	31
28	23	29
45	43	44	62	63	61
46	43	45	61	63	64
46	42	43	61	64	60
47	42	46	60	64	65
47	41	42
48	41	47	59	65	66
48	40	41	59	66	58
49	40	48	58	66	67
49	39	40
50	39	49
50	38	39	57	68	56
51	38	50	51	37	38	52	37	51	52	36	37	53	36	52	53	71	36	54	71	53	54	70	71	55	70	54	55	69	70	56	69	55	56	68	69
57	67	68
58	67	57
60	65	59

#	Normal	66
-0.0863875	0.996262	-0
-0.258848	0.965918	-0
-0.422885	0.906183	-0
-0.573462	0.819232	-0
-0.707107	0.707107	-0
-0.819074	0.573688	-0
-0.906841	0.421474	-0
-0.965637	0.259893	-0
-0.996173	0.0874033	-0
-0.996173	-0.0874033	0
-0.965637	-0.259893	0
-0.906841	-0.421474	0
-0.819074	-0.573688	0
-0.706547	-0.707666	0
-0.574215	-0.818705	0
-0.421966	-0.906612	0
-0.258848	-0.965918	0
-0.0875009	-0.996164	0
0.0873058	-0.996182	-0
0.258848	-0.965918	-0
0.422824	-0.906212	-0
0.573162	-0.819442	-0
0.707667	-0.706546	-0
0.819074	-0.573688	-0
0.905983	-0.423315	-0
0.966198	-0.257802	-0
0.996173	-0.0874033	-0
0.996173	0.0874033	-0
0.966198	0.257802	-0
0.905983	0.423315	-0
0.819074	0.573688	-0
0.708227	0.705985	-0
0.572409	0.819968	-0
0.423744	0.905782	-0
0.258848	0.965918	-0
0.0861949	0.996278	-0
-0	-0	-2.11615e-006
-0	-0	-6.29419e-006
-0	-0	-1.23972e-005
-0	-0	-2.0092e-005
-0	-0	-2.9375e-005
-0	-0	-4e-005
-0	-0	-5.14219e-005
-0	-0	-6.34739e-005
-0	-0	-7.56537e-005
-0	-0	-8.73848e-005
-0	-0	-9.87799e-005
-0	-0	-1
0	-0	-8.76242e-005
-0	-0	-7.54143e-005
-0	-0	-2.95313e-005
-0	-0	2.11615e-006
-0	-0	6.29419e-006
-0	-0	1.23972e-005
-0	-0	2.0092e-005
-0	-0	2.9375e-005
-0	-0	4e-005
-0	-0	5.14219e-005
-0	-0	6.34739e-005
-0	-0	7.56537e-005
-0	-0	8.73848e-005
-0	-0	9.87799e-005
-0	-0	1
-0	-0	8.76242e-005
0	-0	7.54143e-005
0	-0	2.95313e-005

#	Mesh	0	End

