#	Mesh	0	Begin

#	Vertex	72
65.1582	36.2229	-17.8773
65.1723	36.2241	-17.8811
65.1856	36.2252	-17.8873
65.1976	36.2261	-17.8957
65.2079	36.227	-17.9061
65.2163	36.2276	-17.9181
65.2225	36.2282	-17.9314
65.2262	36.2285	-17.9455
65.2275	36.2286	-17.9602
65.2262	36.2285	-17.9748
65.2225	36.2282	-17.9889
65.2163	36.2276	-18.0022
65.2079	36.227	-18.0142
65.1976	36.2261	-18.0246
65.1856	36.2252	-18.033
65.1723	36.2241	-18.0392
65.1582	36.2229	-18.043
65.1437	36.2218	-18.0443
65.1291	36.2206	-18.043
65.115	36.2194	-18.0392
65.1017	36.2184	-18.033
65.0897	36.2174	-18.0246
65.0794	36.2166	-18.0142
65.071	36.2159	-18.0022
65.0648	36.2154	-17.9889
65.0611	36.2151	-17.9748
65.0598	36.215	-17.9602
65.0611	36.2151	-17.9455
65.0648	36.2154	-17.9314
65.071	36.2159	-17.9181
65.0794	36.2166	-17.9061
65.0897	36.2174	-17.8957
65.1017	36.2184	-17.8873
65.115	36.2194	-17.8811
65.1291	36.2206	-17.8773
65.1437	36.2218	-17.876
64.4131	45.419	-17.8773
64.4272	45.4201	-17.8811
64.4405	45.4212	-17.8873
64.4524	45.4222	-17.8957
64.4628	45.423	-17.9061
64.4712	45.4237	-17.9181
64.4773	45.4242	-17.9314
64.4811	45.4245	-17.9455
64.4824	45.4246	-17.9602
64.4811	45.4245	-17.9748
64.4773	45.4242	-17.9889
64.4712	45.4237	-18.0022
64.4628	45.423	-18.0142
64.4524	45.4222	-18.0246
64.4405	45.4212	-18.033
64.4272	45.4201	-18.0392
64.4131	45.419	-18.043
64.3985	45.4178	-18.0443
64.384	45.4166	-18.043
64.3699	45.4155	-18.0392
64.3566	45.4144	-18.033
64.3446	45.4134	-18.0246
64.3343	45.4126	-18.0142
64.3259	45.4119	-18.0022
64.3197	45.4114	-17.9889
64.3159	45.4111	-17.9748
64.3147	45.411	-17.9602
64.3159	45.4111	-17.9455
64.3197	45.4114	-17.9314
64.3259	45.4119	-17.9181
64.3343	45.4126	-17.9061
64.3446	45.4134	-17.8957
64.3566	45.4144	-17.8873
64.3699	45.4155	-17.8811
64.384	45.4166	-17.8773
64.3985	45.4178	-17.876

#	Triangle	84
35	36	71	0	36	35
0	37	36	1	37	0
1	38	37	2	38	1
2	39	38	3	39	2
3	40	39
4	40	3
4	41	40
5	41	4
5	42	41
6	42	5
6	43	42
7	43	6
7	44	43
8	44	7
8	45	44
9	45	8
9	46	45
10	46	9
10	47	46
11	47	10
11	48	47
12	48	11
12	49	48
13	49	12
13	50	49	14	50	13
14	51	50	15	51	14
15	52	51	16	52	15
16	53	52	17	53	16
17	54	53	18	54	17
18	55	54	19	55	18
19	56	55
20	56	19
20	57	56
21	57	20
21	58	57
22	58	21
22	59	58	23	59	22
23	60	59	24	60	23
24	61	60
25	61	24
25	62	61
26	62	25
26	63	62
27	63	26
27	64	63
28	64	27
28	65	64	29	65	28
29	66	65	30	66	29
30	67	66
31	67	30
31	68	67
32	68	31
32	69	68
33	69	32
33	70	69	34	70	33
34	71	70	35	71	34
7	9	8	26	25	27
6	9	7	6	10	9
5	10	6	5	11	10
4	11	5	4	12	11
3	12	4	3	13	12
2	13	3	2	14	13
1	14	2	1	15	14
0	15	1	0	16	15	33	18	34	33	19	18
35	16	0	35	17	16	34	17	35	34	18	17
32	19	33	32	20	19
31	20	32	31	21	20
30	21	31	30	22	21
29	22	30	29	23	22
28	23	29	28	24	23
27	24	28	27	25	24
45	43	44	62	63	61
46	43	45	46	42	43
47	42	46	47	41	42	60	65	59	60	64	65
48	41	47	48	40	41	59	66	58	59	65	66
49	40	48	49	39	40
50	39	49	50	38	39
51	38	50	51	37	38
52	37	51	52	36	37	55	70	54	55	69	70
53	36	52	53	71	36	54	71	53	54	70	71
56	69	55	56	68	69
57	68	56	57	67	68
58	67	57	58	66	67
61	64	60	61	63	64

#	Normal	84
0.0868115	0.00703399	0.9962
0.25802	0.0209063	0.965913
0.421251	0.0341323	0.906302
0.571641	0.0463178	0.819196
0.704834	0.0571099	0.70707
0.704845	0.0571107	0.707059
0.816408	0.0661502	0.573675
0.816532	0.06616	0.573497
0.903416	0.0731998	0.422471
0.903306	0.0731913	0.422707
0.962743	0.0780072	0.258923
0.962809	0.0780122	0.258675
0.992943	0.0804538	0.0871314
0.992922	0.0804525	0.0873736
0.992944	0.0804542	-0.0871199
0.992923	0.0804521	-0.087362
0.962743	0.0780068	-0.258923
0.962809	0.0780126	-0.258675
0.903392	0.0731983	-0.422522
0.903282	0.073189	-0.422758
0.816408	0.0661499	-0.573675
0.816532	0.0661603	-0.573497
0.704834	0.0571099	-0.70707
0.704845	0.0571108	-0.707059
0.571641	0.0463178	-0.819196
0.42136	0.0341411	-0.906251
0.257896	0.0208963	-0.965947
0.0869432	0.00704466	-0.996188
-0.0869432	-0.00704466	-0.996188
-0.257896	-0.0208963	-0.965947
-0.421368	-0.0341418	-0.906247
-0.421258	-0.0341327	-0.906298
-0.571631	-0.0463167	-0.819203
-0.571765	-0.0463279	-0.819108
-0.704845	-0.0571108	-0.707059
-0.704834	-0.0571099	-0.70707
-0.816408	-0.0661502	-0.573675
-0.903392	-0.0731982	-0.422522
-0.962738	-0.0780068	-0.258943
-0.962743	-0.0780072	-0.258923
-0.992946	-0.0804544	-0.0870985
-0.992944	-0.0804542	-0.0871199
-0.992945	-0.0804543	0.0871101
-0.992943	-0.0804542	0.0871314
-0.962738	-0.0780068	0.258943
-0.962743	-0.0780072	0.258923
-0.903416	-0.0732001	0.422471
-0.816408	-0.0661502	0.573675
-0.704845	-0.0571107	0.707059
-0.704834	-0.0571099	0.70707
-0.571631	-0.046317	0.819203
-0.571765	-0.0463276	0.819108
-0.421259	-0.0341327	0.906298
-0.421149	-0.0341241	0.906349
-0.25802	-0.0209063	0.965913
-0.0868115	-0.00703399	0.9962
2.96773e-006	-3.73249e-005	-0
0.0803182	-0.996769	-0
0.0812726	-0.996692	-0
0.0808159	-0.996729	-0
0.0806136	-0.996745	-0
0.0806238	-0.996745	-0
0.0808317	-0.996728	-0
0.0807863	-0.996731	-0
0.0807441	-0.996735	-0
0.080808	-0.99673	-0
0.08065	-0.996742	-0
0.0809878	-0.996715	-0
0.0807785	-0.996732	-0
0.0806974	-0.996739	-0
0.0802358	-0.996776	-0
-3.08187e-006	3.72107e-005	-0
-0.0802358	0.996776	-0
-0.0806974	0.996739	-0
-0.0807785	0.996732	-0
-0.0809878	0.996715	-0
-0.0806238	0.996745	-0
-0.0808317	0.996728	-0
-0.0807863	0.996731	-0
-0.0807441	0.996735	-0
-0.0805396	0.996751	-0
-0.0809468	0.996718	-0
-0.0806136	0.996745	-0
-0.0812577	0.996693	-0

#	Mesh	0	End

