#	Mesh	0	Begin

#	Vertex	11
79.0431	-102.51	-11.386
79.2425	-102.494	-3.7462
79.2425	-102.494	-11.386
79.2274	-102.309	-3.74527
79.199	-101.957	-3.7435
78.7579	-96.5132	-3.71619
78.7579	-96.5132	-11.386
78.6582	-96.5213	-3.71619
78.5585	-96.5294	-3.71619
78.5585	-96.5294	-11.386
79.0431	-102.51	-3.7462

#	Triangle	14
10	2	1	0	2	10
5	2	6
5	4	2
4	3	2
3	1	2
8	6	9
8	7	6
7	5	6
8	0	10	9	0	8
0	6	2	9	6	0
1	8	10
1	7	8	4	5	7
1	3	7
3	4	7

#	Normal	14
0.0807435	-0.996735	-0
0.996734	0.0807606	0
0.996733	0.0807612	-4.59625e-007
0.996734	0.0807552	-3.34627e-008
0.996734	0.0807538	-0
-0.0807792	0.996732	-0
-0.0807823	0.996732	-8.22852e-008
-0.080776	0.996732	-0
-0.996733	-0.080762	-0
-0	0	-1
0.000402498	-0.00498373	0.999988
0.000403905	-0.00498357	0.999988
0.000411647	-0.00498282	0.999988
0.000395819	-0.00498437	0.999987

#	Mesh	0	End

