#	Mesh	0	Begin

#	Vertex	72
79.9327	105.678	-17.5097
79.9231	105.677	-17.5123
79.9141	105.676	-17.5165
79.9059	105.676	-17.5222
79.8989	105.675	-17.5293
79.8932	105.675	-17.5374
79.889	105.674	-17.5465
79.8865	105.674	-17.5561
79.8856	105.674	-17.566
79.8865	105.674	-17.5759
79.889	105.674	-17.5855
79.8932	105.675	-17.5946
79.8989	105.675	-17.6027
79.9059	105.676	-17.6098
79.9141	105.676	-17.6155
79.9231	105.677	-17.6197
79.9327	105.678	-17.6223
79.9426	105.679	-17.6232
79.9525	105.679	-17.6223
79.962	105.68	-17.6197
79.971	105.681	-17.6155
79.9792	105.682	-17.6098
79.9862	105.682	-17.6027
79.9919	105.683	-17.5946
79.9961	105.683	-17.5855
79.9987	105.683	-17.5759
79.9995	105.683	-17.566
79.9987	105.683	-17.5561
79.9961	105.683	-17.5465
79.9919	105.683	-17.5374
79.9862	105.682	-17.5293
79.9792	105.682	-17.5222
79.971	105.681	-17.5165
79.962	105.68	-17.5123
79.9525	105.679	-17.5097
79.9426	105.679	-17.5088
80.7915	95.078	-17.5097
80.7819	95.0772	-17.5123
80.773	95.0765	-17.5165
80.7648	95.0758	-17.5222
80.7578	95.0753	-17.5293
80.7521	95.0748	-17.5374
80.7479	95.0745	-17.5465
80.7453	95.0743	-17.5561
80.7445	95.0742	-17.566
80.7453	95.0743	-17.5759
80.7479	95.0745	-17.5855
80.7521	95.0748	-17.5946
80.7578	95.0753	-17.6027
80.7648	95.0758	-17.6098
80.773	95.0765	-17.6155
80.7819	95.0772	-17.6197
80.7915	95.078	-17.6223
80.8014	95.0788	-17.6232
80.8113	95.0796	-17.6223
80.8209	95.0804	-17.6197
80.8299	95.0811	-17.6155
80.838	95.0818	-17.6098
80.8451	95.0823	-17.6027
80.8508	95.0828	-17.5946
80.855	95.0831	-17.5855
80.8575	95.0834	-17.5759
80.8584	95.0834	-17.566
80.8575	95.0834	-17.5561
80.855	95.0831	-17.5465
80.8508	95.0828	-17.5374
80.8451	95.0823	-17.5293
80.838	95.0818	-17.5222
80.8299	95.0811	-17.5165
80.8209	95.0804	-17.5123
80.8113	95.0796	-17.5097
80.8014	95.0788	-17.5088

#	Triangle	86
35	36	71
0	36	35
0	37	36
1	37	0
1	38	37
2	38	1
2	39	38
3	39	2
3	40	39	4	40	3
4	41	40	5	41	4
5	42	41
6	42	5
6	43	42
7	43	6
7	44	43
8	44	7
8	45	44
9	45	8
9	46	45
10	46	9
10	47	46
11	47	10
11	48	47	12	48	11
12	49	48	13	49	12
13	50	49
14	50	13
14	51	50
15	51	14
15	52	51
16	52	15
16	53	52
17	53	16
17	54	53	18	54	17
18	55	54
19	55	18
19	56	55	20	56	19
20	57	56
21	57	20
21	58	57
22	58	21
22	59	58	23	59	22
23	60	59
24	60	23
24	61	60
25	61	24
25	62	61
26	62	25
26	63	62
27	63	26
27	64	63
28	64	27
28	65	64
29	65	28
29	66	65	30	66	29
30	67	66
31	67	30
31	68	67
32	68	31
32	69	68	33	69	32
33	70	69
34	70	33
34	71	70	35	71	34
7	9	8	26	25	27
6	9	7	27	25	24
6	10	9	27	24	28
5	10	6	5	11	10	28	23	29	28	24	23
4	11	5	4	12	11	29	22	30	29	23	22
3	12	4	3	13	12	30	21	31	30	22	21
2	13	3	2	14	13	31	20	32	31	21	20
1	14	2	1	15	14	32	19	33	32	20	19
0	15	1	0	16	15	33	18	34	33	19	18
35	16	0	35	17	16	34	17	35	34	18	17
45	43	44	62	63	61
46	43	45	61	63	64
46	42	43	61	64	60
47	42	46	47	41	42	60	65	59	60	64	65
48	41	47	48	40	41	59	66	58	59	65	66
49	40	48	49	39	40
50	39	49	50	38	39
51	38	50	51	37	38
52	37	51	52	36	37	55	70	54	55	69	70
53	36	52	53	71	36
54	71	53	54	70	71
56	69	55	56	68	69
57	68	56	57	67	68
58	67	57	58	66	67

#	Normal	86
-0.0869723	-0.00704703	0.996186
-0.0869668	-0.00704659	0.996186
-0.257878	-0.0208949	0.965951
-0.257894	-0.0208962	0.965947
-0.421418	-0.0341459	0.906223
-0.42112	-0.034122	0.906363
-0.57145	-0.0463028	0.81933
-0.571786	-0.0463297	0.819094
-0.705105	-0.057132	0.706798
-0.81647	-0.0661555	0.573585
-0.903353	-0.0731953	0.422606
-0.903079	-0.0731737	0.423196
-0.962775	-0.0780107	0.258803
-0.962759	-0.0780095	0.258863
-0.992925	-0.0804537	0.0873361
-0.992992	-0.0804585	0.0865603
-0.992925	-0.080453	-0.0873361
-0.992992	-0.0804592	-0.0865603
-0.962775	-0.0780108	-0.258803
-0.962759	-0.0780094	-0.258863
-0.903353	-0.0731959	-0.422606
-0.903079	-0.0731731	-0.423196
-0.81647	-0.0661555	-0.573585
-0.705105	-0.057132	-0.706798
-0.57145	-0.0463024	-0.81933
-0.571786	-0.0463301	-0.819094
-0.421418	-0.0341462	-0.906223
-0.42112	-0.0341217	-0.906363
-0.257878	-0.0208949	-0.965951
-0.257894	-0.0208962	-0.965947
-0.0869723	-0.00704704	-0.996186
-0.0869668	-0.00704659	-0.996186
0.0869668	0.00704659	-0.996186
0.257878	0.0208949	-0.965951
0.257894	0.0208962	-0.965947
0.42112	0.0341218	-0.906363
0.571815	0.0463321	-0.819073
0.571786	0.0463296	-0.819094
0.704715	0.0571004	-0.707189
0.705105	0.0571325	-0.706798
0.81647	0.0661561	-0.573585
0.903353	0.0731959	-0.422606
0.903079	0.0731731	-0.423196
0.962775	0.0780101	-0.258803
0.962759	0.0780087	-0.258863
0.992925	0.0804529	-0.0873361
0.992992	0.0804591	-0.0865603
0.992925	0.0804537	0.0873361
0.992992	0.0804584	0.0865603
0.962775	0.07801	0.258803
0.962759	0.0780088	0.258863
0.903353	0.0731953	0.422606
0.903079	0.0731737	0.423196
0.81647	0.0661561	0.573585
0.704715	0.0571009	0.707189
0.705105	0.057132	0.706798
0.571815	0.046332	0.819073
0.571786	0.0463297	0.819094
0.42112	0.0341218	0.906363
0.257878	0.0208949	0.965951
0.257894	0.0208962	0.965947
0.0869668	0.00704659	0.996186
-1.39554e-006	1.70566e-005	-0
-4.18661e-006	5.10147e-005	-0
-0.0817919	0.996649	-0
-0.0796716	0.996821	-0
-0.080669	0.996741	-0
-0.0810245	0.996712	-0
-0.0813814	0.996683	-0
-0.0804674	0.996757	-0
-0.0803582	0.996766	-0
-0.0810907	0.996707	-0
1.39554e-006	-1.72116e-005	-0
4.03156e-006	-5.10147e-005	-0
0.0787817	-0.996892	-0
0.081663	-0.99666	-0
0.080669	-0.996741	-0
0.0810245	-0.996712	-0
0.0803535	-0.996766	-0
0.0805368	-0.996752	-0
0.0811646	-0.996701	-0
0.0803085	-0.99677	-0
0.0810907	-0.996707	-0
0.0804674	-0.996757	-0
0.0804302	-0.99676	-0
0.0809349	-0.996719	-0

#	Mesh	0	End

