#	Mesh	0	Begin

#	Vertex	12
70.1019	-10.2252	-11.386
70.1181	-10.4245	-11.386
70.3174	-10.4084	-11.386
70.3013	-10.209	-11.386
70.3013	-10.209	-16.885
70.3174	-10.4084	-16.885
70.1508	-10.4219	-16.885
70.1347	-10.2225	-16.885
70.1019	-10.2252	-13.4699
70.1181	-10.4245	-13.4699
70.1508	-10.4219	-13.4699
70.1347	-10.2225	-13.4699

#	Triangle	8
3	1	2	0	1	3
7	5	6	4	5	7	8	10	9	11	10	8
9	0	8	1	0	9	6	11	7	10	11	6
2	6	5	2	10	6	2	1	9
2	9	10
4	2	5	3	2	4
11	4	7	11	3	4	0	3	11
0	11	8

#	Normal	8
-0	0	1
0	-0	-1
-0.996738	-0.0807031	0
0.0806973	-0.996739	-0
0.0806938	-0.996739	2.81799e-007
0.996738	0.0807031	-0
-0.0806973	0.996739	-0
-0.0806938	0.996739	-0

#	Mesh	0	End

