#	Mesh	0	Begin

#	Vertex	582
-201.118	68.7308	-2.16451
-201.118	68.7308	-2.27
-201.131	68.7308	-2.27
-201.131	68.7308	-2.16451
-201.118	66.8898	-2.16451
-201.131	66.8898	-2.16451
-201.131	66.8898	-2.27
-201.118	66.8898	-2.27
-201.418	68.7308	-2.13537
-201.418	66.8898	-2.13537
-201.123	66.8898	-2.13537
-201.123	68.7308	-2.13537
-201.123	68.7308	-2.18537
-201.123	66.8898	-2.18537
-201.418	66.8898	-2.18537
-201.418	68.7308	-2.18537
-201.114	66.8898	-2.14099
-201.117	66.8898	-2.13912
-201.12	66.8898	-2.13724
-201.123	66.8898	-2.16537
-201.121	66.8898	-2.1639
-201.117	66.8898	-2.16162
-201.114	66.8898	-2.15974
-201.11	66.8898	-2.15787
-201.11	66.8898	-2.15412
-201.11	66.8898	-2.15037
-201.11	66.8898	-2.14662
-201.11	66.8898	-2.14287
-201.123	68.7308	-2.16537
-201.121	68.7308	-2.13684
-201.118	68.7308	-2.13831
-201.114	68.7308	-2.14059
-201.11	68.7308	-2.14287
-201.11	68.7308	-2.14662
-201.11	68.7308	-2.15037
-201.11	68.7308	-2.15412
-201.11	68.7308	-2.15787
-201.114	68.7308	-2.15974
-201.117	68.7308	-2.16162
-201.12	68.7308	-2.16349
-201.418	68.7308	-2.02988
-201.431	68.7308	-2.18537
-201.431	68.7308	-2.02988
-201.418	66.8898	-2.02988
-201.431	66.8898	-2.02988
-201.431	66.8898	-2.18537
-201.718	68.7308	-2.00074
-201.718	66.8898	-2.00074
-201.423	66.8898	-2.00074
-201.423	68.7308	-2.00074
-201.423	68.7308	-2.05074
-201.423	66.8898	-2.05074
-201.718	66.8898	-2.05074
-201.718	68.7308	-2.05074
-201.414	66.8898	-2.00636
-201.417	66.8898	-2.00449
-201.42	66.8898	-2.00261
-201.423	66.8898	-2.03074
-201.421	66.8898	-2.02927
-201.417	66.8898	-2.02699
-201.414	66.8898	-2.02511
-201.41	66.8898	-2.02324
-201.41	66.8898	-2.01949
-201.41	66.8898	-2.01574
-201.41	66.8898	-2.01199
-201.41	66.8898	-2.00824
-201.423	68.7308	-2.03074
-201.421	68.7308	-2.00221
-201.418	68.7308	-2.00368
-201.414	68.7308	-2.00596
-201.41	68.7308	-2.00824
-201.41	68.7308	-2.01199
-201.41	68.7308	-2.01574
-201.41	68.7308	-2.01949
-201.41	68.7308	-2.02324
-201.414	68.7308	-2.02511
-201.417	68.7308	-2.02699
-201.42	68.7308	-2.02886
-201.718	68.7308	-1.89525
-201.731	68.7308	-2.05074
-201.731	68.7308	-1.89525
-201.718	66.8898	-1.89525
-201.731	66.8898	-1.89525
-201.731	66.8898	-2.05074
-202.018	68.7308	-1.86611
-202.018	66.8898	-1.86611
-201.723	66.8898	-1.86611
-201.723	68.7308	-1.86611
-201.723	68.7308	-1.91611
-201.723	66.8898	-1.91611
-202.018	66.8898	-1.91611
-202.018	68.7308	-1.91611
-201.714	66.8898	-1.87173
-201.717	66.8898	-1.86986
-201.72	66.8898	-1.86798
-201.723	66.8898	-1.89611
-201.721	66.8898	-1.89464
-201.717	66.8898	-1.89236
-201.714	66.8898	-1.89048
-201.71	66.8898	-1.88861
-201.71	66.8898	-1.88486
-201.71	66.8898	-1.88111
-201.71	66.8898	-1.87736
-201.71	66.8898	-1.87361
-201.723	68.7308	-1.89611
-201.721	68.7308	-1.86757
-201.718	68.7308	-1.86904
-201.714	68.7308	-1.87132
-201.71	68.7308	-1.87361
-201.71	68.7308	-1.87736
-201.71	68.7308	-1.88111
-201.71	68.7308	-1.88486
-201.71	68.7308	-1.88861
-201.714	68.7308	-1.89048
-201.717	68.7308	-1.89236
-201.72	68.7308	-1.89423
-202.018	68.7308	-1.76062
-202.031	68.7308	-1.91611
-202.031	68.7308	-1.76062
-202.018	66.8898	-1.76062
-202.031	66.8898	-1.76062
-202.031	66.8898	-1.91611
-202.318	68.7308	-1.73147
-202.318	66.8898	-1.73147
-202.023	66.8898	-1.73147
-202.023	68.7308	-1.73147
-202.023	68.7308	-1.78147
-202.023	66.8898	-1.78147
-202.318	66.8898	-1.78147
-202.318	68.7308	-1.78147
-202.014	66.8898	-1.7371
-202.017	66.8898	-1.73522
-202.02	66.8898	-1.73335
-202.023	66.8898	-1.76147
-202.021	66.8898	-1.76001
-202.017	66.8898	-1.75772
-202.014	66.8898	-1.75585
-202.01	66.8898	-1.75397
-202.01	66.8898	-1.75022
-202.01	66.8898	-1.74647
-202.01	66.8898	-1.74272
-202.01	66.8898	-1.73897
-202.023	68.7308	-1.76147
-202.021	68.7308	-1.73294
-202.018	68.7308	-1.73441
-202.014	68.7308	-1.73669
-202.01	68.7308	-1.73897
-202.01	68.7308	-1.74272
-202.01	68.7308	-1.74647
-202.01	68.7308	-1.75022
-202.01	68.7308	-1.75397
-202.014	68.7308	-1.75585
-202.017	68.7308	-1.75772
-202.02	68.7308	-1.7596
-202.318	68.7308	-1.62599
-202.331	68.7308	-1.78147
-202.331	68.7308	-1.62599
-202.318	66.8898	-1.62599
-202.331	66.8898	-1.62599
-202.331	66.8898	-1.78147
-202.618	68.7308	-1.59684
-202.618	66.8898	-1.59684
-202.323	66.8898	-1.59684
-202.323	68.7308	-1.59684
-202.323	68.7308	-1.64684
-202.323	66.8898	-1.64684
-202.618	66.8898	-1.64684
-202.618	68.7308	-1.64684
-202.314	66.8898	-1.60247
-202.317	66.8898	-1.60059
-202.32	66.8898	-1.59872
-202.323	66.8898	-1.62684
-202.321	66.8898	-1.62537
-202.317	66.8898	-1.62309
-202.314	66.8898	-1.62122
-202.31	66.8898	-1.61934
-202.31	66.8898	-1.61559
-202.31	66.8898	-1.61184
-202.31	66.8898	-1.60809
-202.31	66.8898	-1.60434
-202.323	68.7308	-1.62684
-202.321	68.7308	-1.59831
-202.318	68.7308	-1.59978
-202.314	68.7308	-1.60206
-202.31	68.7308	-1.60434
-202.31	68.7308	-1.60809
-202.31	68.7308	-1.61184
-202.31	68.7308	-1.61559
-202.31	68.7308	-1.61934
-202.314	68.7308	-1.62122
-202.317	68.7308	-1.62309
-202.32	68.7308	-1.62497
-202.618	68.7308	-1.49135
-202.631	68.7308	-1.64684
-202.631	68.7308	-1.49135
-202.618	66.8898	-1.49135
-202.631	66.8898	-1.49135
-202.631	66.8898	-1.64684
-202.918	68.7308	-1.46221
-202.918	66.8898	-1.46221
-202.623	66.8898	-1.46221
-202.623	68.7308	-1.46221
-202.623	68.7308	-1.51221
-202.623	66.8898	-1.51221
-202.918	66.8898	-1.51221
-202.918	68.7308	-1.51221
-202.614	66.8898	-1.46784
-202.617	66.8898	-1.46596
-202.62	66.8898	-1.46409
-202.623	66.8898	-1.49221
-202.621	66.8898	-1.49074
-202.617	66.8898	-1.48846
-202.614	66.8898	-1.48659
-202.61	66.8898	-1.48471
-202.61	66.8898	-1.48096
-202.61	66.8898	-1.47721
-202.61	66.8898	-1.47346
-202.61	66.8898	-1.46971
-202.623	68.7308	-1.49221
-202.621	68.7308	-1.46368
-202.618	68.7308	-1.46515
-202.614	68.7308	-1.46743
-202.61	68.7308	-1.46971
-202.61	68.7308	-1.47346
-202.61	68.7308	-1.47721
-202.61	68.7308	-1.48096
-202.61	68.7308	-1.48471
-202.614	68.7308	-1.48659
-202.617	68.7308	-1.48846
-202.62	68.7308	-1.49034
-202.918	68.7308	-1.35672
-202.931	68.7308	-1.51221
-202.931	68.7308	-1.35672
-202.918	66.8898	-1.35672
-202.931	66.8898	-1.35672
-202.931	66.8898	-1.51221
-203.218	68.7308	-1.32758
-203.218	66.8898	-1.32758
-202.923	66.8898	-1.32758
-202.923	68.7308	-1.32758
-202.923	68.7308	-1.37758
-202.923	66.8898	-1.37758
-203.218	66.8898	-1.37758
-203.218	68.7308	-1.37758
-202.914	66.8898	-1.33321
-202.917	66.8898	-1.33133
-202.92	66.8898	-1.32946
-202.923	66.8898	-1.35758
-202.921	66.8898	-1.35611
-202.917	66.8898	-1.35383
-202.914	66.8898	-1.35196
-202.91	66.8898	-1.35008
-202.91	66.8898	-1.34633
-202.91	66.8898	-1.34258
-202.91	66.8898	-1.33883
-202.91	66.8898	-1.33508
-202.923	68.7308	-1.35758
-202.921	68.7308	-1.32905
-202.918	68.7308	-1.33052
-202.914	68.7308	-1.3328
-202.91	68.7308	-1.33508
-202.91	68.7308	-1.33883
-202.91	68.7308	-1.34258
-202.91	68.7308	-1.34633
-202.91	68.7308	-1.35008
-202.914	68.7308	-1.35196
-202.917	68.7308	-1.35383
-202.92	68.7308	-1.35571
-203.218	68.7308	-1.22209
-203.231	68.7308	-1.37758
-203.231	68.7308	-1.22209
-203.218	66.8898	-1.22209
-203.231	66.8898	-1.22209
-203.231	66.8898	-1.37758
-203.518	68.7308	-1.19295
-203.518	66.8898	-1.19295
-203.223	66.8898	-1.19295
-203.223	68.7308	-1.19295
-203.223	68.7308	-1.24295
-203.223	66.8898	-1.24295
-203.518	66.8898	-1.24295
-203.518	68.7308	-1.24295
-203.214	66.8898	-1.19857
-203.217	66.8898	-1.1967
-203.22	66.8898	-1.19482
-203.223	66.8898	-1.22295
-203.221	66.8898	-1.22148
-203.217	66.8898	-1.2192
-203.214	66.8898	-1.21732
-203.21	66.8898	-1.21545
-203.21	66.8898	-1.2117
-203.21	66.8898	-1.20795
-203.21	66.8898	-1.2042
-203.21	66.8898	-1.20045
-203.223	68.7308	-1.22295
-203.221	68.7308	-1.19442
-203.218	68.7308	-1.19589
-203.214	68.7308	-1.19817
-203.21	68.7308	-1.20045
-203.21	68.7308	-1.2042
-203.21	68.7308	-1.20795
-203.21	68.7308	-1.2117
-203.21	68.7308	-1.21545
-203.214	68.7308	-1.21732
-203.217	68.7308	-1.2192
-203.22	68.7308	-1.22107
-203.518	68.7308	-1.08746
-203.531	68.7308	-1.24295
-203.531	68.7308	-1.08746
-203.518	66.8898	-1.08746
-203.531	66.8898	-1.08746
-203.531	66.8898	-1.24295
-203.818	68.7308	-1.05832
-203.818	66.8898	-1.05832
-203.523	66.8898	-1.05832
-203.523	68.7308	-1.05832
-203.523	68.7308	-1.10832
-203.523	66.8898	-1.10832
-203.818	66.8898	-1.10832
-203.818	68.7308	-1.10832
-203.514	66.8898	-1.06394
-203.517	66.8898	-1.06207
-203.52	66.8898	-1.06019
-203.523	66.8898	-1.08832
-203.521	66.8898	-1.08685
-203.517	66.8898	-1.08457
-203.514	66.8898	-1.08269
-203.51	66.8898	-1.08082
-203.51	66.8898	-1.07707
-203.51	66.8898	-1.07332
-203.51	66.8898	-1.06957
-203.51	66.8898	-1.06582
-203.523	68.7308	-1.08832
-203.521	68.7308	-1.05979
-203.518	68.7308	-1.06126
-203.514	68.7308	-1.06354
-203.51	68.7308	-1.06582
-203.51	68.7308	-1.06957
-203.51	68.7308	-1.07332
-203.51	68.7308	-1.07707
-203.51	68.7308	-1.08082
-203.514	68.7308	-1.08269
-203.517	68.7308	-1.08457
-203.52	68.7308	-1.08644
-203.818	68.7308	-0.952828
-203.831	68.7308	-1.10832
-203.831	68.7308	-0.952828
-203.818	66.8898	-0.952828
-203.831	66.8898	-0.952828
-203.831	66.8898	-1.10832
-204.118	68.7308	-0.923686
-204.118	66.8898	-0.923686
-203.823	66.8898	-0.923686
-203.823	68.7308	-0.923686
-203.823	68.7308	-0.973686
-203.823	66.8898	-0.973686
-204.118	66.8898	-0.973686
-204.118	68.7308	-0.973686
-203.814	66.8898	-0.929311
-203.817	66.8898	-0.927436
-203.82	66.8898	-0.925561
-203.823	66.8898	-0.953686
-203.821	66.8898	-0.952217
-203.817	66.8898	-0.949936
-203.814	66.8898	-0.948061
-203.81	66.8898	-0.946186
-203.81	66.8898	-0.942436
-203.81	66.8898	-0.938686
-203.81	66.8898	-0.934936
-203.81	66.8898	-0.931186
-203.823	68.7308	-0.953686
-203.821	68.7308	-0.925155
-203.818	68.7308	-0.926625
-203.814	68.7308	-0.928905
-203.81	68.7308	-0.931186
-203.81	68.7308	-0.934936
-203.81	68.7308	-0.938686
-203.81	68.7308	-0.942436
-203.81	68.7308	-0.946186
-203.814	68.7308	-0.948061
-203.817	68.7308	-0.949936
-203.82	68.7308	-0.951811
-204.118	68.7308	-0.818197
-204.131	68.7308	-0.973686
-204.131	68.7308	-0.818197
-204.118	66.8898	-0.818197
-204.131	66.8898	-0.818197
-204.131	66.8898	-0.973686
-204.418	68.7308	-0.789055
-204.418	66.8898	-0.789055
-204.123	66.8898	-0.789055
-204.123	68.7308	-0.789055
-204.123	68.7308	-0.839055
-204.123	66.8898	-0.839055
-204.418	66.8898	-0.839055
-204.418	68.7308	-0.839055
-204.114	66.8898	-0.79468
-204.117	66.8898	-0.792805
-204.12	66.8898	-0.79093
-204.123	66.8898	-0.819055
-204.121	66.8898	-0.817586
-204.117	66.8898	-0.815305
-204.114	66.8898	-0.81343
-204.11	66.8898	-0.811555
-204.11	66.8898	-0.807805
-204.11	66.8898	-0.804055
-204.11	66.8898	-0.800305
-204.11	66.8898	-0.796555
-204.123	68.7308	-0.819055
-204.121	68.7308	-0.790524
-204.118	68.7308	-0.791993
-204.114	68.7308	-0.794274
-204.11	68.7308	-0.796555
-204.11	68.7308	-0.800305
-204.11	68.7308	-0.804055
-204.11	68.7308	-0.807805
-204.11	68.7308	-0.811555
-204.114	68.7308	-0.81343
-204.117	68.7308	-0.815305
-204.12	68.7308	-0.81718
-204.418	68.7308	-0.683566
-204.431	68.7308	-0.839055
-204.431	68.7308	-0.683566
-204.418	66.8898	-0.683566
-204.431	66.8898	-0.683566
-204.431	66.8898	-0.839055
-204.718	68.7308	-0.654424
-204.718	66.8898	-0.654424
-204.423	66.8898	-0.654424
-204.423	68.7308	-0.654424
-204.423	68.7308	-0.704424
-204.423	66.8898	-0.704424
-204.718	66.8898	-0.704424
-204.718	68.7308	-0.704424
-204.414	66.8898	-0.660049
-204.417	66.8898	-0.658174
-204.42	66.8898	-0.656299
-204.423	66.8898	-0.684424
-204.421	66.8898	-0.682954
-204.417	66.8898	-0.680674
-204.414	66.8898	-0.678799
-204.41	66.8898	-0.676924
-204.41	66.8898	-0.673174
-204.41	66.8898	-0.669424
-204.41	66.8898	-0.665674
-204.41	66.8898	-0.661924
-204.423	68.7308	-0.684424
-204.421	68.7308	-0.655893
-204.418	68.7308	-0.657362
-204.414	68.7308	-0.659643
-204.41	68.7308	-0.661924
-204.41	68.7308	-0.665674
-204.41	68.7308	-0.669424
-204.41	68.7308	-0.673174
-204.41	68.7308	-0.676924
-204.414	68.7308	-0.678799
-204.417	68.7308	-0.680674
-204.42	68.7308	-0.682549
-204.718	68.7308	-0.548934
-204.731	68.7308	-0.704424
-204.731	68.7308	-0.548934
-204.718	66.8898	-0.548934
-204.731	66.8898	-0.548934
-204.731	66.8898	-0.704424
-205.018	68.7308	-0.519792
-205.018	66.8898	-0.519792
-204.723	66.8898	-0.519792
-204.723	68.7308	-0.519792
-204.723	68.7308	-0.569792
-204.723	66.8898	-0.569792
-205.018	66.8898	-0.569792
-205.018	68.7308	-0.569792
-204.714	66.8898	-0.525417
-204.717	66.8898	-0.523542
-204.72	66.8898	-0.521667
-204.723	66.8898	-0.549792
-204.721	66.8898	-0.548323
-204.717	66.8898	-0.546042
-204.714	66.8898	-0.544167
-204.71	66.8898	-0.542292
-204.71	66.8898	-0.538542
-204.71	66.8898	-0.534792
-204.71	66.8898	-0.531042
-204.71	66.8898	-0.527292
-204.723	68.7308	-0.549792
-204.721	68.7308	-0.521261
-204.718	68.7308	-0.52273
-204.714	68.7308	-0.525011
-204.71	68.7308	-0.527292
-204.71	68.7308	-0.531042
-204.71	68.7308	-0.534792
-204.71	68.7308	-0.538542
-204.71	68.7308	-0.542292
-204.714	68.7308	-0.544167
-204.717	68.7308	-0.546042
-204.72	68.7308	-0.547917
-205.018	68.7308	-0.414303
-205.031	68.7308	-0.569792
-205.031	68.7308	-0.414303
-205.018	66.8898	-0.414303
-205.031	66.8898	-0.414303
-205.031	66.8898	-0.569792
-205.318	68.7308	-0.385161
-205.318	66.8898	-0.385161
-205.023	66.8898	-0.385161
-205.023	68.7308	-0.385161
-205.023	68.7308	-0.435161
-205.023	66.8898	-0.435161
-205.318	66.8898	-0.435161
-205.318	68.7308	-0.435161
-205.014	66.8898	-0.390786
-205.017	66.8898	-0.388911
-205.02	66.8898	-0.387036
-205.023	66.8898	-0.415161
-205.021	66.8898	-0.413692
-205.017	66.8898	-0.411411
-205.014	66.8898	-0.409536
-205.01	66.8898	-0.407661
-205.01	66.8898	-0.403911
-205.01	66.8898	-0.400161
-205.01	66.8898	-0.396411
-205.01	66.8898	-0.392661
-205.023	68.7308	-0.415161
-205.021	68.7308	-0.38663
-205.018	68.7308	-0.388099
-205.014	68.7308	-0.39038
-205.01	68.7308	-0.392661
-205.01	68.7308	-0.396411
-205.01	68.7308	-0.400161
-205.01	68.7308	-0.403911
-205.01	68.7308	-0.407661
-205.014	68.7308	-0.409536
-205.017	68.7308	-0.411411
-205.02	68.7308	-0.413286
-205.318	68.7308	-0.279672
-205.331	68.7308	-0.435161
-205.331	68.7308	-0.279672
-205.318	66.8898	-0.279672
-205.331	66.8898	-0.279672
-205.331	66.8898	-0.435161
-205.61	68.7308	-0.250529
-205.62	68.7308	-0.250529
-205.62	66.8898	-0.250529
-205.61	66.8898	-0.250529
-205.323	66.8898	-0.250529
-205.323	68.7308	-0.250529
-205.323	68.7308	-0.300529
-205.323	66.8898	-0.300529
-205.61	66.8898	-0.300529
-205.62	66.8898	-0.300529
-205.62	68.7308	-0.300529
-205.61	68.7308	-0.300529
-205.314	66.8898	-0.256154
-205.317	66.8898	-0.254279
-205.32	66.8898	-0.252404
-205.323	66.8898	-0.280529
-205.321	66.8898	-0.27906
-205.317	66.8898	-0.276779
-205.314	66.8898	-0.274904
-205.31	66.8898	-0.273029
-205.31	66.8898	-0.269279
-205.31	66.8898	-0.265529
-205.31	66.8898	-0.261779
-205.31	66.8898	-0.258029
-205.323	68.7308	-0.280529
-205.321	68.7308	-0.251999
-205.318	68.7308	-0.253468
-205.314	68.7308	-0.255749
-205.31	68.7308	-0.258029
-205.31	68.7308	-0.261779
-205.31	68.7308	-0.265529
-205.31	68.7308	-0.269279
-205.31	68.7308	-0.273029
-205.314	68.7308	-0.274904
-205.317	68.7308	-0.276779
-205.32	68.7308	-0.278654
-205.62	68.7308	-0.14504
-205.633	68.7308	-0.300529
-205.633	68.7308	-0.14504
-205.62	66.8898	-0.14504
-205.633	66.8898	-0.14504
-205.633	66.8898	-0.300529

#	Triangle	28
3	1	2	0	1	3	8	12	15	8	28	12	8	39	28	8	38	39	8	37	38	8	36	37	8	35	36	8	34	35	8	33	34	8	32	33	8	31	32	8	30	31	8	29	30	8	11	29	42	15	41	40	15	42	46	50	53	46	66	50	46	77	66	46	76	77	46	75	76	46	74	75	46	73	74	46	72	73	46	71	72	46	70	71	46	69	70	46	68	69	46	67	68	46	49	67	80	53	79	78	53	80	84	88	91	84	104	88	84	115	104	84	114	115	84	113	114	84	112	113	84	111	112	84	110	111	84	109	110	84	108	109	84	107	108	84	106	107	84	105	106	84	87	105	118	91	117	116	91	118	122	126	129	122	142	126	122	153	142	122	152	153	122	151	152	122	150	151	122	149	150	122	148	149	122	147	148	122	146	147	122	145	146	122	144	145	122	143	144	122	125	143	156	129	155	154	129	156	160	164	167	160	180	164	160	191	180	160	190	191	160	189	190	160	188	189	160	187	188	160	186	187	160	185	186	160	184	185	160	183	184	160	182	183	160	181	182	160	163	181	194	167	193	192	167	194	198	202	205	198	218	202	198	229	218	198	228	229	198	227	228	198	226	227	198	225	226	198	224	225	198	223	224	198	222	223	198	221	222	198	220	221	198	219	220	198	201	219	232	205	231	230	205	232	236	240	243	236	256	240	236	267	256	236	266	267	236	265	266	236	264	265	236	263	264	236	262	263	236	261	262	236	260	261	236	259	260	236	258	259	236	257	258	236	239	257	270	243	269	268	243	270	274	278	281	274	294	278	274	305	294	274	304	305	274	303	304	274	302	303	274	301	302	274	300	301	274	299	300	274	298	299	274	297	298	274	296	297	274	295	296	274	277	295	308	281	307	306	281	308	312	316	319	312	332	316	312	343	332	312	342	343	312	341	342	312	340	341	312	339	340	312	338	339	312	337	338	312	336	337	312	335	336	312	334	335	312	333	334	312	315	333	346	319	345	344	319	346	350	354	357	350	370	354	350	381	370	350	380	381	350	379	380	350	378	379	350	377	378	350	376	377	350	375	376	350	374	375	350	373	374	350	372	373	350	371	372	350	353	371	384	357	383	382	357	384	388	392	395	388	408	392	388	419	408	388	418	419	388	417	418	388	416	417	388	415	416	388	414	415	388	413	414	388	412	413	388	411	412	388	410	411	388	409	410	388	391	409	422	395	421	420	395	422	426	430	433	426	446	430	426	457	446	426	456	457	426	455	456	426	454	455	426	453	454	426	452	453	426	451	452	426	450	451	426	449	450	426	448	449	426	447	448	426	429	447	460	433	459	458	433	460	464	468	471	464	484	468	464	495	484	464	494	495	464	493	494	464	492	493	464	491	492	464	490	491	464	489	490	464	488	489	464	487	488	464	486	487	464	485	486	464	467	485	498	471	497	496	471	498	502	506	509	502	522	506	502	533	522	502	532	533	502	531	532	502	530	531	502	529	530	502	528	529	502	527	528	502	526	527	502	525	526	502	524	525	502	523	524	502	505	523	536	509	535	534	509	536	541	551	550	541	546	551	541	564	546	541	575	564	541	574	575	541	573	574	541	572	573	541	571	572	541	570	571	541	569	570	541	568	569	541	567	568	541	566	567	541	565	566	540	545	565	578	550	577	576	550	578
7	5	6	4	5	7	19	14	13	19	9	14	20	9	19	21	9	20	22	9	21	23	9	22	24	9	23	25	9	24	26	9	25	27	9	26	16	9	27	17	9	16	18	9	17	10	9	18	14	44	45	43	44	14	57	52	51	57	47	52	58	47	57	59	47	58	60	47	59	61	47	60	62	47	61	63	47	62	64	47	63	65	47	64	54	47	65	55	47	54	56	47	55	48	47	56	52	82	83	81	82	52	95	90	89	95	85	90	96	85	95	97	85	96	98	85	97	99	85	98	100	85	99	101	85	100	102	85	101	103	85	102	92	85	103	93	85	92	94	85	93	86	85	94	90	120	121	119	120	90	133	128	127	133	123	128	134	123	133	135	123	134	136	123	135	137	123	136	138	123	137	139	123	138	140	123	139	141	123	140	130	123	141	131	123	130	132	123	131	124	123	132	128	158	159	157	158	128	171	166	165	171	161	166	172	161	171	173	161	172	174	161	173	175	161	174	176	161	175	177	161	176	178	161	177	179	161	178	168	161	179	169	161	168	170	161	169	162	161	170	166	196	197	195	196	166	209	204	203	209	199	204	210	199	209	211	199	210	212	199	211	213	199	212	214	199	213	215	199	214	216	199	215	217	199	216	206	199	217	207	199	206	208	199	207	200	199	208	204	234	235	233	234	204	247	242	241	247	237	242	248	237	247	249	237	248	250	237	249	251	237	250	252	237	251	253	237	252	254	237	253	255	237	254	244	237	255	245	237	244	246	237	245	238	237	246	242	272	273	271	272	242	285	280	279	285	275	280	286	275	285	287	275	286	288	275	287	289	275	288	290	275	289	291	275	290	292	275	291	293	275	292	282	275	293	283	275	282	284	275	283	276	275	284	280	310	311	309	310	280	323	318	317	323	313	318	324	313	323	325	313	324	326	313	325	327	313	326	328	313	327	329	313	328	330	313	329	331	313	330	320	313	331	321	313	320	322	313	321	314	313	322	318	348	349	347	348	318	361	356	355	361	351	356	362	351	361	363	351	362	364	351	363	365	351	364	366	351	365	367	351	366	368	351	367	369	351	368	358	351	369	359	351	358	360	351	359	352	351	360	356	386	387	385	386	356	399	394	393	399	389	394	400	389	399	401	389	400	402	389	401	403	389	402	404	389	403	405	389	404	406	389	405	407	389	406	396	389	407	397	389	396	398	389	397	390	389	398	394	424	425	423	424	394	437	432	431	437	427	432	438	427	437	439	427	438	440	427	439	441	427	440	442	427	441	443	427	442	444	427	443	445	427	444	434	427	445	435	427	434	436	427	435	428	427	436	432	462	463	461	462	432	475	470	469	475	465	470	476	465	475	477	465	476	478	465	477	479	465	478	480	465	479	481	465	480	482	465	481	483	465	482	472	465	483	473	465	472	474	465	473	466	465	474	470	500	501	499	500	470	513	508	507	513	503	508	514	503	513	515	503	514	516	503	515	517	503	516	518	503	517	519	503	518	520	503	519	521	503	520	510	503	521	511	503	510	512	503	511	504	503	512	508	538	539	537	538	508	555	548	547	555	549	548	555	542	549	556	542	555	557	542	556	558	542	557	559	542	558	560	542	559	561	542	560	562	542	561	563	542	562	552	542	563	553	542	552	554	542	553	544	543	554	549	580	581	579	580	549
7	0	4	1	0	7	12	19	13	28	19	12	35	23	36	35	24	23	34	24	35	34	25	24	33	25	34	33	26	25	32	26	33	32	27	26	14	40	43	15	40	14	50	57	51	66	57	50	73	61	74	73	62	61	72	62	73	72	63	62	71	63	72	71	64	63	70	64	71	70	65	64	52	78	81	53	78	52	88	95	89	104	95	88	111	99	112	111	100	99	110	100	111	110	101	100	109	101	110	109	102	101	108	102	109	108	103	102	90	116	119	91	116	90	126	133	127	142	133	126	149	137	150	149	138	137	148	138	149	148	139	138	147	139	148	147	140	139	146	140	147	146	141	140	128	154	157	129	154	128	164	171	165	180	171	164	187	175	188	187	176	175	186	176	187	186	177	176	185	177	186	185	178	177	184	178	185	184	179	178	166	192	195	167	192	166	202	209	203	218	209	202	225	213	226	225	214	213	224	214	225	224	215	214	223	215	224	223	216	215	222	216	223	222	217	216	204	230	233	205	230	204	240	247	241	256	247	240	263	251	264	263	252	251	262	252	263	262	253	252	261	253	262	261	254	253	260	254	261	260	255	254	242	268	271	243	268	242	278	285	279	294	285	278	301	289	302	301	290	289	300	290	301	300	291	290	299	291	300	299	292	291	298	292	299	298	293	292	280	306	309	281	306	280	316	323	317	332	323	316	339	327	340	339	328	327	338	328	339	338	329	328	337	329	338	337	330	329	336	330	337	336	331	330	318	344	347	319	344	318	354	361	355	370	361	354	377	365	378	377	366	365	376	366	377	376	367	366	375	367	376	375	368	367	374	368	375	374	369	368	356	382	385	357	382	356	392	399	393	408	399	392	415	403	416	415	404	403	414	404	415	414	405	404	413	405	414	413	406	405	412	406	413	412	407	406	394	420	423	395	420	394	430	437	431	446	437	430	453	441	454	453	442	441	452	442	453	452	443	442	451	443	452	451	444	443	450	444	451	450	445	444	432	458	461	433	458	432	468	475	469	484	475	468	491	479	492	491	480	479	490	480	491	490	481	480	489	481	490	489	482	481	488	482	489	488	483	482	470	496	499	471	496	470	506	513	507	522	513	506	529	517	530	529	518	517	528	518	529	528	519	518	527	519	528	527	520	519	526	520	527	526	521	520	508	534	537	509	534	508	546	555	547	564	555	546	571	559	572	571	560	559	570	560	571	570	561	560	569	561	570	569	562	561	568	562	569	568	563	562	549	576	579	550	576	549
6	1	7	2	1	6	15	13	14	12	13	15	45	15	14	41	15	45	53	51	52	50	51	53	83	53	52	79	53	83	91	89	90	88	89	91	121	91	90	117	91	121	129	127	128	126	127	129	159	129	128	155	129	159	167	165	166	164	165	167	197	167	166	193	167	197	205	203	204	202	203	205	235	205	204	231	205	235	243	241	242	240	241	243	273	243	242	269	243	273	281	279	280	278	279	281	311	281	280	307	281	311	319	317	318	316	317	319	349	319	318	345	319	349	357	355	356	354	355	357	387	357	356	383	357	387	395	393	394	392	393	395	425	395	394	421	395	425	433	431	432	430	431	433	463	433	432	459	433	463	471	469	470	468	469	471	501	471	470	497	471	501	509	507	508	506	507	509	539	509	508	535	509	539	551	549	550	551	548	549	546	548	551	546	547	548	581	550	549	577	550	581
5	2	6	3	2	5	14	8	15	9	8	14	44	41	45	42	41	44	52	46	53	47	46	52	82	79	83	80	79	82	90	84	91	85	84	90	120	117	121	118	117	120	128	122	129	123	122	128	158	155	159	156	155	158	166	160	167	161	160	166	196	193	197	194	193	196	204	198	205	199	198	204	234	231	235	232	231	234	242	236	243	237	236	242	272	269	273	270	269	272	280	274	281	275	274	280	310	307	311	308	307	310	318	312	319	313	312	318	348	345	349	346	345	348	356	350	357	351	350	356	386	383	387	384	383	386	394	388	395	389	388	394	424	421	425	422	421	424	432	426	433	427	426	432	462	459	463	460	459	462	470	464	471	465	464	470	500	497	501	498	497	500	508	502	509	503	502	508	538	535	539	536	535	538	549	541	550	542	541	549	580	577	581	578	577	580
4	3	5	0	3	4	11	9	10	8	9	11	43	42	44	40	42	43	49	47	48	46	47	49	81	80	82	78	80	81	87	85	86	84	85	87	119	118	120	116	118	119	125	123	124	122	123	125	157	156	158	154	156	157	163	161	162	160	161	163	195	194	196	192	194	195	201	199	200	198	199	201	233	232	234	230	232	233	239	237	238	236	237	239	271	270	272	268	270	271	277	275	276	274	275	277	309	308	310	306	308	309	315	313	314	312	313	315	347	346	348	344	346	347	353	351	352	350	351	353	385	384	386	382	384	385	391	389	390	388	389	391	423	422	424	420	422	423	429	427	428	426	427	429	461	460	462	458	460	461	467	465	466	464	465	467	499	498	500	496	498	499	505	503	504	502	503	505	537	536	538	534	536	537	543	541	542	543	540	541	544	540	543	544	545	540	579	578	580	576	578	579
32	16	27	32	17	16	32	18	17	32	10	18	70	54	65	70	55	54	70	56	55	70	48	56	108	92	103	108	93	92	108	94	93	108	86	94	146	130	141	146	131	130	146	132	131	146	124	132	184	168	179	184	169	168	184	170	169	184	162	170	222	206	217	222	207	206	222	208	207	222	200	208	260	244	255	260	245	244	260	246	245	260	238	246	298	282	293	298	283	282	298	284	283	298	276	284	336	320	331	336	321	320	336	322	321	336	314	322	374	358	369	374	359	358	374	360	359	374	352	360	412	396	407	412	397	396	412	398	397	412	390	398	450	434	445	450	435	434	450	436	435	450	428	436	488	472	483	488	473	472	488	474	473	488	466	474	526	510	521	526	511	510	526	512	511	526	504	512	568	552	563	568	554	553	568	544	554
32	31	10
31	30	10	260	259	238
30	29	10	257	239	238
29	11	10
28	20	19	66	58	57
28	21	20	66	59	58
28	22	21	28	23	22	28	39	23	39	38	23	38	37	23	37	36	23	66	60	59	66	61	60	66	77	61	77	76	61	76	75	61	75	74	61	104	98	97	104	99	98	104	115	99	115	114	99	114	113	99	113	112	99	142	136	135	142	137	136	142	153	137	153	152	137	152	151	137	151	150	137	180	174	173	180	175	174	180	191	175	191	190	175	190	189	175	189	188	175	218	212	211	218	213	212	218	229	213	229	228	213	228	227	213	227	226	213	256	250	249	256	251	250	256	267	251	267	266	251	266	265	251	265	264	251	294	288	287	294	289	288	294	305	289	305	304	289	304	303	289	303	302	289	332	326	325	332	327	326	332	343	327	343	342	327	342	341	327	341	340	327	370	364	363	370	365	364	370	381	365	381	380	365	380	379	365	379	378	365	408	402	401	408	403	402	408	419	403	419	418	403	418	417	403	417	416	403	446	440	439	446	441	440	446	457	441	457	456	441	456	455	441	455	454	441	484	478	477	484	479	478	484	495	479	495	494	479	494	493	479	493	492	479	522	516	515	522	517	516	522	533	517	533	532	517	532	531	517	531	530	517	564	558	557	564	559	558	564	575	559	575	574	559	574	573	559	573	572	559
70	69	48	69	68	48	108	107	86	107	106	86	146	145	124	145	144	124	184	183	162	183	182	162	222	221	200	221	220	200	259	258	238	298	297	276	297	296	276	336	335	314	335	334	314	373	372	352	412	411	390	411	410	390	450	449	428	449	448	428	488	487	466	487	486	466	525	524	504	567	566	544
68	67	48	67	49	48	106	105	86	105	87	86	144	143	124	143	125	124	182	181	162	181	163	162	220	219	200	219	201	200	258	257	238	296	295	276	295	277	276	334	333	314	333	315	314	372	371	352	410	409	390	409	391	390	448	447	428	447	429	428	486	485	466	485	467	466	524	523	504	566	565	544
104	96	95	142	134	133	180	172	171	218	210	209	256	248	247	294	286	285	332	324	323	370	362	361	408	400	399	484	476	475	522	514	513	564	556	555
104	97	96	142	135	134	180	173	172	218	211	210	256	249	248	294	287	286	332	325	324	370	363	362	408	401	400	484	477	476	522	515	514	564	557	556
374	373	352
371	353	352
446	438	437
446	439	438
526	525	504	568	567	544
523	505	504
543	542	554
541	540	565
568	553	552
565	545	544

#	Normal	28
-0	1	-0
-0	-1	0
1	-0	-0
-0	-0	-1
-1	0	-0
-0	-0	1
0.499722	0	0.866186
0.499781	-5.52069e-007	0.866152
0.499741	-2.89208e-007	0.866175
0.499694	-1.1487e-007	0.866202
0.499631	-0	0.866238
0.499694	-0	-0.866202
0.499741	8.71711e-008	-0.866175
0.499722	1.54295e-014	-0.866186
0.499761	-3.63208e-007	0.866163
0.499663	-0	0.86622
0.499663	-0	-0.86622
0.499761	1.81604e-007	-0.866163
0.499751	-2.68776e-007	0.866169
0.499678	-0	0.866211
0.499678	-0	-0.866211
0.499751	1.34388e-007	-0.866169
0.499756	-3.15992e-007	0.866166
0.49967	-0	0.866216
-0	-1.875e-005	-0
-0	1.46913e-005	-0
0.499719	7.17923e-009	0.866187
0.499666	-0	0.866218

#	Mesh	0	End

