#	Mesh	0	Begin

#	Vertex	36
-207.12	68.7308	-0.115898
-207.12	66.8898	-0.115898
-207.11	66.8898	-0.115898
-205.625	66.8898	-0.115898
-205.625	68.7308	-0.115898
-207.11	68.7308	-0.115898
-205.625	68.7308	-0.165898
-205.625	66.8898	-0.165898
-207.11	66.8898	-0.165898
-207.12	66.8898	-0.165898
-207.12	68.7308	-0.165898
-207.11	68.7308	-0.165898
-205.616	66.8898	-0.121523
-205.619	66.8898	-0.119648
-205.622	66.8898	-0.117773
-205.625	66.8898	-0.145898
-205.623	66.8898	-0.144429
-205.619	66.8898	-0.142148
-205.616	66.8898	-0.140273
-205.612	66.8898	-0.138398
-205.612	66.8898	-0.134648
-205.612	66.8898	-0.130898
-205.612	66.8898	-0.127148
-205.612	66.8898	-0.123398
-205.625	68.7308	-0.145898
-205.623	68.7308	-0.117367
-205.62	68.7308	-0.118836
-205.616	68.7308	-0.121117
-205.612	68.7308	-0.123398
-205.612	68.7308	-0.127148
-205.612	68.7308	-0.130898
-205.612	68.7308	-0.134648
-205.612	68.7308	-0.138398
-205.616	68.7308	-0.140273
-205.619	68.7308	-0.142148
-205.622	68.7308	-0.144023

#	Triangle	16
2	0	1	2	5	0	3	5	2	3	4	5
11	9	10	11	8	9	6	8	11	6	7	8
15	8	7	15	9	8	15	1	9	16	1	15	17	1	16	18	1	17	19	1	18	20	1	19	21	1	20	22	1	21	23	1	22	12	1	23	13	1	12	14	1	13	3	2	14
2	1	14
6	15	7	24	15	6	31	19	32	31	20	19	30	20	31	30	21	20	29	21	30	29	22	21	28	22	29	28	23	22
0	11	10	0	6	11	0	24	6	0	35	24	0	34	35	0	33	34	0	32	33	0	31	32	0	30	31	0	29	30	0	28	29	0	27	28	0	26	27	0	25	26	5	4	25
0	5	25
9	0	10	1	0	9
28	12	23	28	13	12	28	14	13	28	3	14
28	27	3
27	26	3
26	25	3
25	4	3
24	16	15
24	17	16
24	18	17	24	19	18	24	35	19	35	34	19	34	33	19	33	32	19

#	Normal	16
-0	-0	1
-0	-0	-1
-0	-1	-0
-0	-1.875e-005	-0
1	-0	-0
-0	1	-0
-0	1.46913e-005	-0
-1	-0	-0
0.499722	0	0.866186
0.499759	-3.396e-007	0.866165
0.49976	-3.47815e-007	0.866164
0.499664	3.58975e-009	0.866219
0.499666	-0	0.866218
0.499666	-0	-0.866218
0.499759	1.698e-007	-0.866165
0.499722	-1.29981e-017	-0.866186

#	Mesh	0	End

