#	Mesh	0	Begin

#	Vertex	144
-200.23	104.979	1.27049
-200.23	104.983	1.26163
-200.173	104.969	1.25332
-200.173	104.963	1.26619
-200.23	104.978	1.28
-200.173	104.961	1.28
-200.23	104.996	1.24817
-200.23	105.005	1.2445
-200.173	105.001	1.22847
-200.173	104.988	1.2338
-200.23	104.989	1.25401
-200.173	104.977	1.24228
-200.23	105.015	1.24325
-200.173	105.015	1.22665
-200.23	105.024	1.2445
-200.173	105.029	1.22847
-200.23	105.033	1.24817
-200.173	105.041	1.2338
-200.173	105.053	1.24228
-200.23	105.041	1.25401
-200.23	105.047	1.26163
-200.173	105.061	1.25332
-200.23	105.05	1.27049
-200.173	105.066	1.26619
-200.173	105.068	1.28
-200.23	105.052	1.28
-200.23	105.05	1.28951
-200.23	105.047	1.29838
-200.173	105.061	1.30668
-200.173	105.066	1.29381
-200.23	105.033	1.31183
-200.23	105.024	1.3155
-200.173	105.029	1.33153
-200.173	105.041	1.3262
-200.23	105.041	1.30599
-200.173	105.053	1.31772
-200.23	105.015	1.31675
-200.173	105.015	1.33335
-200.23	105.005	1.3155
-200.173	105.001	1.33153
-200.23	104.996	1.31183
-200.173	104.988	1.3262
-200.173	104.977	1.31772
-200.23	104.989	1.30599
-200.23	104.983	1.29838
-200.173	104.969	1.30668
-200.23	104.979	1.28951
-200.173	104.963	1.29381
-200.251	105.004	1.23977
-200.251	104.994	1.24393
-200.251	104.985	1.25055
-200.251	104.979	1.25918
-200.251	104.975	1.26922
-200.251	104.973	1.28
-200.251	104.975	1.29078
-200.251	104.979	1.30082
-200.251	104.985	1.30945
-200.251	104.994	1.31607
-200.251	105.004	1.32023
-200.251	105.015	1.32165
-200.251	105.026	1.32023
-200.251	105.036	1.31607
-200.251	105.044	1.30945
-200.251	105.051	1.30082
-200.251	105.055	1.29078
-200.251	105.056	1.28
-200.251	105.055	1.26922
-200.251	105.051	1.25918
-200.251	105.044	1.25055
-200.251	105.036	1.24393
-200.251	105.026	1.23977
-200.251	105.015	1.23835
-200.23	104.994	1.31607
-200.23	104.985	1.30945
-200.23	105.004	1.32023
-200.23	104.979	1.30082
-200.23	104.975	1.29078
-200.23	104.973	1.28
-200.23	104.975	1.26922
-200.23	104.979	1.25918
-200.23	104.985	1.25055
-200.23	104.994	1.24393
-200.23	105.004	1.23977
-200.23	105.015	1.23835
-200.23	105.026	1.23977
-200.23	105.036	1.24393
-200.23	105.044	1.25055
-200.23	105.051	1.25918
-200.23	105.055	1.26922
-200.23	105.056	1.28
-200.23	105.055	1.29078
-200.23	105.051	1.30082
-200.23	105.044	1.30945
-200.23	105.036	1.31607
-200.23	105.026	1.32023
-200.23	105.015	1.32165
-200.173	104.985	1.22921
-200.173	104.973	1.23853
-200.173	105	1.22335
-200.173	104.964	1.25068
-200.173	104.958	1.26482
-200.173	104.956	1.28
-200.173	104.958	1.29518
-200.173	104.964	1.30932
-200.173	104.973	1.32147
-200.173	104.985	1.33079
-200.173	105	1.33665
-200.173	105.015	1.33865
-200.173	105.03	1.33665
-200.173	105.044	1.33079
-200.173	105.056	1.32147
-200.173	105.066	1.30932
-200.173	105.071	1.29518
-200.173	105.073	1.28
-200.173	105.071	1.26482
-200.173	105.066	1.25068
-200.173	105.056	1.23853
-200.173	105.044	1.22921
-200.173	105.03	1.22335
-200.173	105.015	1.22135
-200.148	105	1.33665
-200.148	104.985	1.33079
-200.148	104.973	1.32147
-200.148	104.964	1.30932
-200.148	104.958	1.29518
-200.148	104.956	1.28
-200.148	104.958	1.26482
-200.148	104.964	1.25068
-200.148	104.973	1.23853
-200.148	104.985	1.22921
-200.148	105	1.22335
-200.148	105.015	1.22135
-200.148	105.03	1.22335
-200.148	105.044	1.22921
-200.148	105.056	1.23853
-200.148	105.066	1.25068
-200.148	105.071	1.26482
-200.148	105.073	1.28
-200.148	105.071	1.29518
-200.148	105.066	1.30932
-200.148	105.056	1.32147
-200.148	105.044	1.33079
-200.148	105.03	1.33665
-200.148	105.015	1.33865

#	Triangle	106
3	1	2
0	1	3
5	0	3
4	0	5
9	7	8
6	7	9
11	6	9
10	6	11
2	10	11
1	10	2
13	7	12
8	7	13
12	15	13
14	15	12
14	17	15
16	17	14
21	19	20
18	19	21
16	18	17
19	18	16
23	20	22
21	20	23
25	23	22
24	23	25
29	27	28
26	27	29
24	26	29
25	26	24
33	31	32
30	31	33
35	30	33
34	30	35
28	34	35
27	34	28
37	31	36
32	31	37
36	39	37
38	39	36
38	41	39
40	41	38
45	43	44
42	43	45
40	42	41
43	42	40
47	44	46
45	44	47
4	47	46
5	47	4
48	70	71	59	60	58
49	70	48	58	60	61
49	69	70	50	69	49	50	68	69	51	68	50	51	67	68	52	67	51	52	66	67	53	66	52	53	65	66	54	65	53	54	64	65	55	64	54	55	63	64	56	63	55	56	62	63	57	62	56	57	61	62	58	61	57
40	72	73	72	38	74	73	75	43	76	46	75	77	4	76	78	0	77	79	1	78	10	79	80	6	80	81	81	82	7	83	12	82	84	14	83	84	85	16	86	19	85	86	87	20	87	88	20	89	22	88	89	90	25	91	26	90	92	27	91	34	92	93	94	30	93	94	95	31	95	74	36
38	72	40	43	40	73	75	44	43	75	46	44	4	46	76	77	0	4	78	1	0	79	10	1	10	80	6	7	6	81	12	7	82	14	12	83	16	14	84	16	85	19	86	20	19	88	22	20	89	25	22	25	90	26	91	27	26	34	27	92	30	34	93	30	94	31	31	95	36	36	74	38
89	66	65	88	66	89
88	67	66	87	67	88
85	68	86	69	68	85
67	86	68	87	86	67
84	69	85	70	69	84
83	70	84	71	70	83
83	48	71	82	48	83
82	49	48	81	49	82
79	50	80	51	50	79
49	80	50	81	80	49
78	51	79	52	51	78
77	52	78	53	52	77
77	54	53	76	54	77
76	55	54	75	55	76
72	56	73	57	56	72
55	73	56	75	73	55
74	57	72	58	57	74
95	58	74	59	58	95
95	60	59	94	60	95
94	61	60	93	61	94
61	92	62	93	92	61
62	91	63	92	91	62
65	90	89	64	90	65
91	64	63	90	64	91
9	96	97	96	8	98	97	99	11	99	100	3	101	5	100	47	101	102	102	103	45	104	42	103	41	104	105	105	106	39	107	37	106	108	32	107	108	109	33	110	35	109	110	111	28	113	114	24	116	21	115	18	116	117	118	17	117	118	119	15	119	98	13
8	96	9	11	9	97	2	11	99	3	2	99	3	100	5	101	47	5	45	47	102	42	45	103	104	41	42	39	41	105	37	39	106	32	37	107	33	32	108	33	109	35	35	110	28	28	112	29	29	113	24	24	114	23	23	115	21	18	21	116	17	18	117	17	118	15	15	119	13	13	98	8
112	28	111	112	113	29	115	23	114
132	130	131	143	120	142
133	130	132	133	129	130	134	129	133	134	128	129	135	128	134	135	127	128	136	127	135	136	126	127	137	126	136	137	125	126	138	125	137	138	124	125	139	124	138	139	123	124	140	123	139	140	122	123	141	122	140	141	121	122	142	121	141	142	120	121
137	114	113	136	114	137
136	115	114	135	115	136
133	116	134	117	116	133
115	134	116	135	134	115
132	117	133	118	117	132
131	118	132	119	118	131
131	98	119	130	98	131
130	96	98	129	96	130
127	97	128	99	97	127
96	128	97	129	128	96
126	99	127	100	99	126
125	100	126	101	100	125
125	102	101	124	102	125
124	103	102	123	103	124
121	104	122	105	104	121
103	122	104	123	122	103
120	105	121	106	105	120
143	106	120	107	106	143
143	108	107	142	108	143
142	109	108	141	109	142
109	140	110	141	140	109
110	139	111	140	139	110
113	138	137	112	138	113
139	112	111	138	112	139

#	Normal	106
-0.280079	-0.886942	-0.367274
-0.28005	-0.886892	-0.367416
-0.280054	-0.951749	-0.12547
-0.280129	-0.951779	-0.125081
-0.280099	-0.367355	-0.886902
-0.280074	-0.367238	-0.886958
-0.280064	-0.584479	-0.761543
-0.280065	-0.584483	-0.76154
-0.280063	-0.761401	-0.584665
-0.280075	-0.761434	-0.584616
-0.280095	-0.125348	-0.951754
-0.280098	-0.125332	-0.951755
-0.280098	0.125262	-0.951764
-0.280095	0.125247	-0.951767
-0.280099	0.367355	-0.886902
-0.280132	0.367508	-0.886828
-0.280075	0.761434	-0.584616
-0.280145	0.761642	-0.584312
-0.280139	0.584466	-0.761526
-0.28014	0.58447	-0.761522
-0.28005	0.886892	-0.367416
-0.280079	0.886942	-0.367274
-0.28004	0.951804	-0.125085
-0.280115	0.951732	-0.125467
-0.280079	0.886942	0.367274
-0.28005	0.886892	0.367416
-0.280054	0.951749	0.12547
-0.280129	0.951779	0.125081
-0.280099	0.367355	0.886902
-0.280132	0.367508	0.886828
-0.280139	0.584466	0.761526
-0.28014	0.58447	0.761522
-0.280145	0.761642	0.584312
-0.280075	0.761434	0.584616
-0.280098	0.125246	0.951766
-0.280095	0.125262	0.951765
-0.280095	-0.125332	0.951756
-0.280098	-0.125348	0.951753
-0.280099	-0.367355	0.886902
-0.280074	-0.367238	0.886958
-0.280075	-0.761434	0.584616
-0.280063	-0.761401	0.584665
-0.280064	-0.584479	0.761543
-0.280065	-0.584483	0.76154
-0.28005	-0.886892	0.367416
-0.280079	-0.886942	0.367274
-0.28004	-0.951804	0.125085
-0.280115	-0.951732	0.125467
-3.06013e-005	0	-0
-8.97192e-005	0	-0
-1	0	-0
5.28189e-005	0	-0
4.66059e-005	0	-0
-0	0.991506	-0.130063
-0	0.923775	-0.382936
-0	0.608802	-0.793322
-0	0.793436	-0.608654
-0	0.382631	-0.923901
-0	0.130509	-0.991447
-0	-0.130509	-0.991447
-0	-0.382886	-0.923796
-0	-0.793436	-0.608654
0	-0.608455	-0.793588
-0	-0.924029	-0.382323
-0	-0.991413	-0.130769
-0	-0.991413	0.130769
-0	-0.924029	0.382323
-0	-0.608455	0.793588
-0	-0.793436	0.608654
-0	-0.382886	0.923796
-0	-0.130509	0.991447
0	0.130509	0.991447
0	0.382631	0.923901
-0	0.608802	0.793322
-0	0.793436	0.608654
-0	0.991506	0.130063
0	0.923775	0.382936
-8.04443e-005	-0	-0
-7.31735e-005	-0	-0
-8.05066e-005	-0	-0
6.06743e-005	0	-0
1	0	-0
-0	0.991498	-0.130125
-0	0.923875	-0.382695
-0	0.608709	-0.793393
-0	0.793363	-0.608749
-0	0.382609	-0.923911
-0	0.130532	-0.991444
-0	-0.130532	-0.991444
-0	-0.382789	-0.923836
-0	-0.793363	-0.608749
0	-0.608709	-0.793393
-0	-0.923875	-0.382695
-0	-0.991432	-0.130626
-0	-0.991432	0.130626
-0	-0.923875	0.382695
-0	-0.608709	0.793393
-0	-0.793363	0.608749
-0	-0.382789	0.923836
-0	-0.130532	0.991444
0	0.130532	0.991444
0	0.382609	0.923911
-0	0.608709	0.793393
-0	0.793363	0.608749
-0	0.991498	0.130125
0	0.923875	0.382695

#	Mesh	0	End

