#	Mesh	0	Begin

#	Vertex	56
90.6578	-36.6288	-17.966
90.6576	-36.6267	-17.9722
90.6574	-36.6247	-17.9784
90.6572	-36.6221	-17.9803
90.657	-36.6195	-17.9822
90.6566	-36.6142	-17.9861
90.6561	-36.6077	-17.9861
90.6555	-36.6012	-17.9861
90.6551	-36.596	-17.9822
90.6547	-36.5907	-17.9784
90.6546	-36.5897	-17.9753
90.6545	-36.5887	-17.9722
90.6544	-36.5867	-17.966
90.6545	-36.5887	-17.9598
90.6547	-36.5907	-17.9536
90.6549	-36.5933	-17.9517
90.6551	-36.596	-17.9498
90.6555	-36.6012	-17.9459
90.6561	-36.6077	-17.9459
90.6566	-36.6142	-17.9459
90.657	-36.6195	-17.9498
90.6574	-36.6247	-17.9536
90.6575	-36.6257	-17.9567
90.6576	-36.6267	-17.9598
90.6062	-36.6236	-17.9778
90.6063	-36.6248	-17.9749
90.6064	-36.626	-17.9719
90.6065	-36.6273	-17.969
90.6066	-36.6285	-17.966
90.6065	-36.6273	-17.963
90.6064	-36.626	-17.9601
90.6063	-36.6248	-17.9571
90.6062	-36.6236	-17.9542
90.6059	-36.6207	-17.953
90.6057	-36.6177	-17.9517
90.6055	-36.6148	-17.9505
90.6052	-36.6118	-17.9493
90.605	-36.6089	-17.9505
90.6048	-36.606	-17.9517
90.6045	-36.603	-17.953
90.6043	-36.6001	-17.9542
90.6042	-36.5989	-17.9571
90.6041	-36.5976	-17.9601
90.604	-36.5964	-17.963
90.6039	-36.5952	-17.966
90.604	-36.5964	-17.969
90.6041	-36.5976	-17.9719
90.6042	-36.5989	-17.9749
90.6043	-36.6001	-17.9778
90.6045	-36.603	-17.979
90.6048	-36.606	-17.9803
90.605	-36.6089	-17.9815
90.6052	-36.6118	-17.9827
90.6055	-36.6148	-17.9815
90.6057	-36.6177	-17.9803
90.6059	-36.6207	-17.979

#	Triangle	72
8	6	7	8	5	6	17	18	20	18	19	20
8	4	5	9	4	8	17	20	16
9	3	4	9	2	3	15	21	14
10	2	9
10	1	2
11	1	10	13	23	0
12	1	11
12	0	1
13	0	12
14	23	13
14	22	23
14	21	22
15	20	21
16	20	15
53	51	52	54	51	53	35	37	38	36	37	35
54	50	51	55	50	54	34	38	39	35	38	34
55	49	50	24	49	55	33	39	40	34	39	33
24	48	49	33	40	32
25	48	24	32	40	41
25	47	48	26	47	25	31	41	42	32	41	31
26	46	47	27	46	26	30	42	43	31	42	30
27	45	46	28	45	27	29	43	44	30	43	29
28	44	45	29	44	28
47	9	48
1	26	2
2	4	3	55	54	24	24	26	25	48	50	49	14	16	15	39	38	40	40	42	41	32	34	33
24	4	2
10	46	11
54	5	4
7	6	51
6	5	53
52	6	53
24	54	4
2	26	24
44	12	45
8	48	9
8	50	48
45	12	11
1	0	27
7	51	50
52	51	6
53	5	54
28	27	0
11	46	45
10	9	47
10	47	46
7	50	8
1	27	26
31	21	32
13	42	14
40	16	14
22	30	23
38	17	16
19	18	35
18	17	37
36	18	37
40	38	16
14	42	40
28	0	29
20	32	21
20	34	32
29	0	23
13	12	43
19	35	34
36	35	18
37	17	38
44	43	12
23	30	29
22	21	31
22	31	30
19	34	20
13	43	42

#	Normal	72
2.48932e-005	2.00583e-006	3.91541e-008
9.00976e-005	7.30481e-006	1.03699e-007
6.51969e-005	5.29898e-006	-1.72913e-007
0.996731	0.080782	0.00146991
0.99672	0.0809261	-0.000167699
0.996726	0.0808515	-0.00106407
0.996726	0.0808516	0.000141057
0.996737	0.0807164	0.0010197
0.996737	0.0807165	-0.000185188
0.996726	0.0808516	-0.000191987
0.996749	0.0805545	0.00154501
0.996731	0.080782	-0.00104075
0.99673	0.080794	0.000908844
4.50488e-005	3.6524e-006	5.18494e-008
-7.19266e-006	-5.82672e-007	-2.29797e-008
-1.43901e-005	-1.16534e-006	4.87671e-008
-2.15875e-005	-1.74802e-006	-7.08313e-008
-2.87802e-005	-2.33069e-006	9.00879e-008
-6.94678e-005	-5.62567e-006	-1.16455e-007
-7.66613e-005	-6.20207e-006	-7.69653e-008
-8.39103e-005	-6.80603e-006	-7.69653e-008
-9.10483e-005	-7.37793e-006	1.54541e-007
-9.83068e-005	-7.95959e-006	-9.60083e-008
-0.173192	0.9082	-0.381021
-0.0146964	-0.951386	-0.30765
-0	-1.49689e-008	-2.05383e-008
-0.0222988	-0.590036	-0.807069
-0.167682	0.93663	-0.307583
-0.0512796	-0.590901	-0.805112
-0.089345	-0.00719917	-0.995975
-0.0893352	-0.00730143	-0.995975
-0.0298181	-0.385686	-0.922148
-0.0487658	-0.386522	-0.92099
-0.024698	-0.924335	-0.380781
-0.153637	0.911525	-0.381469
-0.117021	0.578796	-0.807032
-0.110382	0.373848	-0.920898
-0.162885	0.937223	-0.308353
-0.00981398	-0.951401	-0.307797
-0.139605	0.370146	-0.918424
-0.0915589	0.375782	-0.922174
-0.0781699	-0.388138	-0.91828
-0.00479704	-0.924417	-0.381353
-0.163402	0.91002	-0.381003
-0.172483	0.935734	-0.307655
-0.168301	0.909134	-0.380986
-0.145712	0.574902	-0.805144
-0.014756	-0.924363	-0.381228
-0.0246984	-0.924279	0.380917
-0.167677	0.936597	0.307687
-0.117021	0.578796	0.807032
-0.0146965	-0.951363	0.307721
-0.145712	0.574902	0.805144
-0.0893352	-0.00730143	0.995975
-0.089345	-0.00719917	0.995975
-0.0915589	0.375782	0.922174
-0.110382	0.373848	0.920898
-0.173199	0.908244	0.380913
-0.00479704	-0.924417	0.381353
-0.0222988	-0.590036	0.807069
-0.0487658	-0.386522	0.92099
-0.00981398	-0.951401	0.307797
-0.162885	0.937223	0.308353
-0.0781699	-0.388138	0.91828
-0.0298181	-0.385686	0.922148
-0.139605	0.370146	0.918424
-0.153637	0.911525	0.381469
-0.014756	-0.924363	0.381228
-0.0195581	-0.951365	0.307443
-0.0197147	-0.924433	0.380834
-0.0512796	-0.590901	0.805112
-0.163402	0.91002	0.381003

#	Mesh	0	End

