#	Mesh	0	Begin

#	Vertex	24
60.7025	101.795	-9.586
60.9018	101.811	-9.586
60.9014	101.816	-9.586
60.7021	101.8	-9.586
60.7025	101.795	-9.956
60.7025	101.795	-9.811
60.7021	101.8	-9.63094
60.6864	101.994	-9.63094
60.6864	101.994	-9.811
60.6864	101.994	-9.956
60.9018	101.811	-9.956
60.9018	101.811	-9.811
60.8857	102.01	-9.956
60.8857	102.01	-9.811
60.8857	102.01	-9.63094
60.9014	101.816	-9.63094
60.6864	101.994	-16.695
60.8857	102.01	-16.695
60.9018	101.811	-16.695
60.7025	101.795	-16.695
60.8857	102.01	-16.6235
60.6864	101.994	-16.6235
60.7025	101.795	-16.6235
60.9018	101.811	-16.6235

#	Triangle	11
3	1	2	0	1	3	7	15	14	6	15	7	23	21	22	20	21	23
5	9	4	5	8	9	21	19	22	16	19	21
0	6	5	0	3	6
6	8	5
6	7	8
11	4	10	11	5	4	1	5	11	1	0	5	22	18	23	19	18	22
13	10	12	13	11	10	14	11	13	23	17	20	18	17	23
14	15	11
15	1	11	2	1	15
8	12	9	8	13	12	7	13	8	7	14	13	2	6	3	15	6	2	20	16	21	17	16	20
4	12	10	9	12	4	19	17	18	16	17	19

#	Normal	11
-0	-0	1
-0.99674	-0.0806821	-0
-0.996764	-0.0803842	-0
-0.99674	-0.0806821	8.87432e-006
-0.996739	-0.0806903	0
0.0807031	-0.996738	-0
0.99674	0.0806821	0
0.996739	0.0806903	-9.11801e-006
0.996764	0.0803842	-0
-0.0807031	0.996738	-0
-0	0	-1

#	Mesh	0	End

