#	Mesh	0	Begin

#	Vertex	72
-306.321	102.921	-4.58674
-306.324	102.921	-4.58597
-306.327	102.921	-4.58472
-306.329	102.921	-4.58302
-306.331	102.921	-4.58093
-306.333	102.921	-4.5785
-306.334	102.921	-4.57581
-306.335	102.921	-4.57295
-306.335	102.921	-4.57
-306.335	102.921	-4.56705
-306.334	102.921	-4.56419
-306.333	102.921	-4.5615
-306.331	102.921	-4.55907
-306.329	102.921	-4.55698
-306.327	102.921	-4.55528
-306.324	102.921	-4.55403
-306.321	102.921	-4.55326
-306.318	102.921	-4.553
-306.315	102.921	-4.55326
-306.313	102.921	-4.55403
-306.31	102.921	-4.55528
-306.308	102.921	-4.55698
-306.305	102.921	-4.55907
-306.304	102.921	-4.5615
-306.302	102.921	-4.56419
-306.302	102.921	-4.56705
-306.301	102.921	-4.57
-306.302	102.921	-4.57295
-306.302	102.921	-4.57581
-306.304	102.921	-4.5785
-306.305	102.921	-4.58093
-306.308	102.921	-4.58302
-306.31	102.921	-4.58472
-306.313	102.921	-4.58597
-306.315	102.921	-4.58674
-306.318	102.921	-4.587
-306.321	104.344	-4.58674
-306.324	104.344	-4.58597
-306.327	104.344	-4.58472
-306.329	104.344	-4.58302
-306.331	104.344	-4.58093
-306.333	104.344	-4.5785
-306.334	104.344	-4.57581
-306.335	104.344	-4.57295
-306.335	104.344	-4.57
-306.335	104.344	-4.56705
-306.334	104.344	-4.56419
-306.333	104.344	-4.5615
-306.331	104.344	-4.55907
-306.329	104.344	-4.55698
-306.327	104.344	-4.55528
-306.324	104.344	-4.55403
-306.321	104.344	-4.55326
-306.318	104.344	-4.553
-306.315	104.344	-4.55326
-306.313	104.344	-4.55403
-306.31	104.344	-4.55528
-306.308	104.344	-4.55698
-306.305	104.344	-4.55907
-306.304	104.344	-4.5615
-306.302	104.344	-4.56419
-306.302	104.344	-4.56705
-306.301	104.344	-4.57
-306.302	104.344	-4.57295
-306.302	104.344	-4.57581
-306.304	104.344	-4.5785
-306.305	104.344	-4.58093
-306.308	104.344	-4.58302
-306.31	104.344	-4.58472
-306.313	104.344	-4.58597
-306.315	104.344	-4.58674
-306.318	104.344	-4.587

#	Triangle	86
35	36	71	0	36	35
0	37	36	1	37	0
1	38	37	2	38	1
2	39	38	3	39	2
3	40	39	4	40	3
4	41	40	5	41	4
5	42	41	6	42	5
6	43	42	7	43	6
7	44	43	8	44	7
8	45	44	9	45	8
9	46	45	10	46	9
10	47	46	11	47	10
11	48	47	12	48	11
12	49	48	13	49	12
13	50	49	14	50	13
14	51	50	15	51	14
15	52	51	16	52	15
16	53	52	17	53	16
17	54	53	18	54	17
18	55	54	19	55	18
19	56	55	20	56	19
20	57	56	21	57	20
21	58	57	22	58	21
22	59	58	23	59	22
23	60	59	24	60	23
24	61	60	25	61	24
25	62	61	26	62	25
26	63	62	27	63	26
27	64	63	28	64	27
28	65	64	29	65	28
29	66	65	30	66	29
30	67	66	31	67	30
31	68	67	32	68	31
32	69	68	33	69	32
33	70	69	34	70	33
34	71	70	35	71	34
7	9	8
6	9	7
6	10	9	27	24	28
5	10	6	28	24	23
5	11	10	28	23	29
4	11	5	29	23	22
4	12	11
3	12	4	30	22	21
3	13	12	30	21	31
2	13	3	31	21	20
2	14	13
1	14	2	32	20	19
1	15	14	32	19	33
0	15	1
0	16	15
35	16	0
35	17	16
34	17	35
34	18	17
33	18	34
33	19	18
31	20	32
29	22	30
27	25	24
26	25	27
45	43	44
46	43	45
46	42	43	61	64	60
47	42	46	60	64	65
47	41	42	60	65	59
48	41	47	59	65	66
48	40	41
49	40	48	58	66	67
49	39	40	58	67	57
50	39	49	57	67	68
50	38	39
51	38	50	56	68	69
51	37	38	56	69	55
52	37	51
52	36	37
53	36	52
53	71	36
54	71	53
54	70	71
55	70	54
55	69	70
57	68	56
59	66	58
61	63	64
62	63	61

#	Normal	86
-0.0866791	0	-0.996236
-0.260437	0	-0.965491
-0.422272	0	-0.906469
-0.571984	0	-0.820265
-0.707436	0	-0.706777
-0.821067	0	-0.570832
-0.906604	0	-0.421983
-0.964711	0	-0.263312
-0.996433	0	-0.0843821
-0.996433	-0	0.0843821
-0.964711	-0	0.263312
-0.906604	-0	0.421983
-0.821067	-0	0.570832
-0.707436	-0	0.706777
-0.571984	-0	0.820265
-0.422272	-0	0.906469
-0.260437	-0	0.965491
-0.0866791	-0	0.996236
0.0875942	-0	0.996156
0.257795	-0	0.9662
0.422272	-0	0.906469
0.57695	-0	0.816779
0.707436	-0	0.706777
0.816112	-0	0.577894
0.906604	-0	0.421983
0.967343	-0	0.25347
0.995493	-0	0.0948402
0.995493	-0	-0.0948402
0.967343	-0	-0.25347
0.906604	-0	-0.421983
0.816112	-0	-0.577894
0.707436	-0	-0.706777
0.57695	-0	-0.816779
0.422272	-0	-0.906469
0.257795	-0	-0.9662
0.0875942	-0	-0.996156
-0	-1.47607e-006	0
-0	-4.61273e-006	0
-0	-9.08508e-006	0
-0	-1.45361e-005	0
-0	-2.125e-005	0
-0	-2.86875e-005	0
-0	-3.68795e-005	0
-0	-4.57578e-005	0
-0	-5.45336e-005	0
-0	-6.34869e-005	0
-0	-7.17729e-005	0
-0	-7.91343e-005	0
-0	-8.58635e-005	0
-0	-9.08556e-005	0
-0	-9.52184e-005	0
-0	-9.94038e-005	0
-0	-1	0
-0	-9.9875e-005	0
0	-9.83575e-005	0
-0	-9.62648e-005	0
0	-9.1854e-005	0
-0	-7.08528e-005	0
-0	-3.75624e-005	0
0	-4.42822e-006	0
-0	-1.66058e-006	0
-0	1.47607e-006	0
-0	4.61273e-006	0
-0	9.08508e-006	0
-0	1.45361e-005	0
-0	2.125e-005	0
-0	2.86875e-005	0
-0	3.68795e-005	0
-0	4.57578e-005	0
-0	5.45336e-005	0
-0	6.34869e-005	0
-0	7.17729e-005	0
-0	7.91343e-005	0
-0	8.58635e-005	0
-0	9.08556e-005	0
-0	9.52184e-005	0
-0	9.94038e-005	0
-0	1	0
0	9.9875e-005	0
-0	9.83575e-005	0
0	9.62648e-005	0
-0	9.1854e-005	0
0	7.08528e-005	0
0	3.75624e-005	0
-0	4.42822e-006	0
0	1.66058e-006	0

#	Mesh	0	End

