#	Mesh	0	Begin

#	Vertex	16
63.1512	95.8237	-16.7018
63.1512	95.8237	-9.956
63.135	96.0231	-9.956
63.135	96.0231	-16.7018
58.8491	95.676	-9.956
58.8491	95.676	-16.7018
61.9398	95.9263	-14.305
62.9366	96.007	-14.305
62.9366	96.007	-16.405
61.9398	95.9263	-16.405
58.8652	95.4767	-9.956
58.8652	95.4767	-16.7018
62.9527	95.8076	-14.305
61.956	95.7269	-14.305
61.956	95.7269	-16.405
62.9527	95.8076	-16.405

#	Triangle	15
0	2	1	3	2	0
4	9	5	4	6	9
9	3	5	9	8	3
8	2	3	7	2	8
4	7	6	4	2	7
5	10	4	11	10	5	15	7	8	12	7	15
1	15	0	1	12	15
15	11	0
15	14	11
14	10	11	13	10	14
1	13	12
1	10	13
0	5	3	11	5	0	12	6	7	13	6	12
2	10	1	4	10	2	14	8	9	15	8	14
13	9	6	14	9	13

#	Normal	15
0.996738	0.0807015	-0
-0.0807023	0.996738	-0
-0.0807032	0.996738	9.08114e-006
-0.0807168	0.996737	-0
-0.0807031	0.996738	-5.9351e-007
-0.996738	-0.0807047	0
0.0806778	-0.99674	-0
0.0807013	-0.996738	1.58212e-005
0.0807031	-0.996738	-8.69809e-006
0.0807023	-0.996738	-0
0.0807031	-0.996738	-1.16078e-006
0.0807013	-0.996738	-6.71577e-007
-0	-0	-1
-0	0	1
0.996738	0.0807047	0

#	Mesh	0	End

