#	Mesh	0	Begin

#	Vertex	14
85.0446	92.0136	-11.549
84.8453	91.9974	-11.549
84.8614	91.7981	-11.549
85.0542	91.8137	-11.549
85.0388	92.0034	-11.549
85.0454	92.0039	-11.549
85.0608	91.8142	-16.695
84.8614	91.7981	-16.695
84.8453	91.9974	-16.695
85.0446	92.0136	-16.695
85.0454	92.0039	-12.91
85.0608	91.8142	-12.91
85.0542	91.8137	-12.91
85.0388	92.0034	-12.91

#	Triangle	12
2	0	1	3	4	2	4	0	2	11	13	12	10	13	11
5	0	4
9	7	8	6	7	9
0	10	9	0	5	10
10	6	9
10	11	6	12	4	3	13	4	12
8	0	9	1	0	8
7	1	8	2	1	7
11	7	6
11	12	7
12	2	7	3	2	12
4	10	5	13	10	4

#	Normal	12
-0	-0	1
0	-0	6.39865e-005
-0	-0	-1
0.996748	0.0805779	0
0.996738	0.0807015	3.17828e-007
0.996738	0.0807078	-0
-0.0807015	0.996738	-0
-0.996738	-0.0807015	0
0.0807015	-0.996738	-0
0.080498	-0.996755	1.07902e-005
0.0807085	-0.996738	-0
0.080498	-0.996755	-0

#	Mesh	0	End

