#	Mesh	0	Begin

#	Vertex	16
84.7557	95.5002	-16.7111
84.7557	95.5002	-11.549
84.5564	95.484	-11.549
84.5564	95.484	-16.7111
84.8395	91.9871	-11.549
84.8395	91.9871	-16.7111
84.829	92.1169	-14.335
84.7402	93.2133	-14.335
84.7402	93.2133	-16.435
84.829	92.1169	-16.435
85.0388	92.0033	-11.549
85.0388	92.0033	-16.7111
84.9396	93.2294	-14.335
85.0283	92.133	-14.335
85.0283	92.133	-16.435
84.9396	93.2294	-16.435

#	Triangle	18
0	2	1	3	2	0
4	9	5	4	6	9
9	3	5
9	8	3
8	2	3	7	2	8
4	7	6
4	2	7
5	10	4	11	10	5
1	15	0	1	12	15
15	11	0
15	14	11
14	10	11	13	10	14
1	13	12
1	10	13
0	5	3	11	5	0	6	12	13	7	12	6
2	10	1	4	10	2	8	14	15	9	14	8
7	15	12	8	15	7
9	13	14	6	13	9

#	Normal	18
-0.0807047	0.996738	-0
-0.996736	-0.0807256	-0
-0.996738	-0.0807024	-1.09914e-005
-0.996738	-0.080703	-1.82352e-005
-0.996738	-0.0807008	0
-0.996738	-0.080703	1.06161e-006
-0.996738	-0.0807024	1.32303e-006
0.0807047	-0.996738	-0
0.996738	0.0807042	0
0.996738	0.0807024	-1.48536e-005
0.996738	0.080703	-1.74914e-005
0.996741	0.080666	-0
0.996738	0.080703	9.87901e-007
0.996738	0.0807024	1.70578e-006
-0	-0	-1
-0	-0	1
0.0807015	-0.996738	-0
-0.0807015	0.996738	-0

#	Mesh	0	End

