#	Mesh	0	Begin

#	Vertex	24
-234.673	117.19	0.705
-234.676	117.19	0.705
-234.676	116.64	0.705
-234.673	116.64	0.705
-234.673	117.19	1.155
-234.676	117.19	1.155
-234.676	116.64	1.155
-234.673	116.64	1.155
-234.797	116.615	0.73
-234.676	116.665	0.73
-234.676	117.165	0.73
-234.797	117.215	0.73
-234.797	116.615	1.13
-234.676	116.665	1.13
-234.676	117.165	1.13
-234.797	117.215	1.13
-234.797	117.24	0.705
-234.8	117.24	0.705
-234.8	116.59	0.705
-234.797	116.59	0.705
-234.797	117.24	1.155
-234.8	117.24	1.155
-234.8	116.59	1.155
-234.797	116.59	1.155

#	Triangle	8
3	4	7	0	4	3	9	14	13	10	14	9	19	20	23	16	20	19
0	5	4	1	5	0	16	21	20	17	21	16
1	6	5	2	6	1	11	12	15	8	12	11	17	22	21	18	22	17
2	7	6	3	7	2	18	23	22	19	23	18
3	1	0	2	1	3	11	9	8	10	9	11	19	17	16	18	17	19
4	6	7	5	6	4	12	14	15	13	14	12	20	22	23	21	22	20
8	13	12	9	13	8
10	15	14	11	15	10

#	Normal	8
1	-0	-0
-0	1	-0
-1	-0	0
-0	-1	-0
-0	0	-1
0	0	1
0.382704	-0.923871	-0
0.382704	0.923871	-0

#	Mesh	0	End

