#	Mesh	0	Begin

#	Vertex	40
-298.315	100.047	-4.4
-298.312	100.048	-4.4
-298.581	100.864	-4.4
-298.584	100.863	-4.4
-298.315	100.047	-3.54
-298.312	100.048	-3.54
-298.581	100.864	-3.54
-298.584	100.863	-3.54
-298.7	100.845	-4.4
-298.703	100.845	-4.4
-298.703	99.9848	-4.4
-298.7	99.9848	-4.4
-298.7	100.845	-3.54
-298.703	100.845	-3.54
-298.703	99.9848	-3.54
-298.7	99.9848	-3.54
-298.324	100.075	-4.37
-298.574	100.835	-4.37
-298.599	100.828	-4.37
-298.624	100.822	-4.37
-298.649	100.818	-4.37
-298.674	100.816	-4.37
-298.7	100.815	-4.37
-298.7	100.015	-4.37
-298.623	100.017	-4.37
-298.547	100.025	-4.37
-298.472	100.037	-4.37
-298.397	100.053	-4.37
-298.324	100.075	-3.57
-298.574	100.835	-3.57
-298.599	100.828	-3.57
-298.624	100.822	-3.57
-298.649	100.818	-3.57
-298.674	100.816	-3.57
-298.7	100.815	-3.57
-298.7	100.015	-3.57
-298.623	100.017	-3.57
-298.547	100.025	-3.57
-298.472	100.037	-3.57
-298.397	100.053	-3.57

#	Triangle	21
3	4	7	0	4	3
0	5	4	1	5	0
1	6	5	2	6	1
2	7	6	3	7	2
3	1	0	2	1	3	11	9	8	10	9	11	27	17	16	26	17	27	25	17	26	24	17	25	23	17	24	22	21	23	21	20	23	20	19	23	19	18	23	18	17	23
4	6	7	5	6	4	12	14	15	13	14	12	29	39	28	29	38	39	29	37	38	29	36	37	29	35	36	29	30	35	30	31	35	31	32	35	32	33	35	33	34	35
11	12	15	8	12	11
8	13	12	9	13	8
9	14	13	10	14	9	22	35	34	23	35	22
10	15	14	11	15	10
27	28	39	16	28	27
16	29	28	17	29	16
17	30	29	18	30	17
18	31	30	19	31	18
19	32	31	20	32	19
20	33	32	21	33	20
21	34	33	22	34	21
23	36	35	24	36	23
24	37	36	25	37	24
25	38	37	26	38	25
26	39	38	27	39	26

#	Normal	21
-0.949751	-0.313007	0
0.315446	-0.948944	-0
0.94975	0.31301	-0
-0.313095	0.949722	-0
0	-0	-1
-0	-0	1
1	-0	-0
-0	1	-0
-1	-0	0
-0	-1	-0
0.28267	-0.959217	-0
0.949751	0.313006	-0
-0.282781	0.959184	-0
-0.221117	0.975247	-0
-0.158422	0.987372	-0
-0.0953153	0.995447	-0
-0.0319248	0.99949	-0
0.0318095	-0.999494	-0
0.0953929	-0.99544	-0
0.158557	-0.98735	-0
0.220923	-0.975291	-0

#	Mesh	0	End

