#	Mesh	0	Begin

#	Vertex	16
98.5394	-40.5924	-3.337
98.5394	-40.5924	2.563
98.5233	-40.393	2.563
98.5233	-40.393	-3.337
96.0912	-40.5899	2.563
96.0912	-40.5899	-3.337
96.8886	-40.5254	-0.787
98.0847	-40.4285	-0.787
98.0847	-40.4285	-2.887
96.8886	-40.5254	-2.887
96.1074	-40.7893	2.563
96.1074	-40.7893	-3.337
98.1008	-40.6279	-0.787
96.9048	-40.7247	-0.787
96.9048	-40.7247	-2.887
98.1008	-40.6279	-2.887

#	Triangle	14
0	2	1	3	2	0	9	13	14	6	13	9
4	9	5	4	6	9	4	7	6
9	3	5
9	8	3
8	2	3	7	2	8
4	2	7
5	10	4	11	10	5	7	15	12	8	15	7
1	15	0	1	12	15
15	11	0
15	14	11	14	10	11	13	10	14
1	13	12
1	10	13
0	5	3	11	5	0	6	12	13	7	12	6
2	10	1	4	10	2	8	14	15	9	14	8

#	Normal	14
0.996738	0.0807031	-0
-0.0807031	0.996738	-0
-0.0807023	0.996738	-1.45628e-006
-0.0807031	0.996738	-4.44166e-006
-0.0806986	0.996739	-0
-0.0807023	0.996738	4.89049e-007
-0.996738	-0.0807031	0
0.0806986	-0.996739	-0
0.0807023	-0.996738	3.6407e-006
0.0807031	-0.996738	4.36893e-015
0.0807031	-0.996738	-5.96641e-007
0.0807023	-0.996738	-1.9562e-007
-0	-0	-1
-0	0	1

#	Mesh	0	End

