#	Mesh	0	Begin

#	Vertex	24
-298.28	101.705	-3.67
-298.28	101.805	-3.67
-298.68	101.805	-3.67
-298.68	101.705	-3.67
-298.28	101.705	-3.47
-298.28	101.805	-3.47
-298.68	101.805	-3.47
-298.68	101.705	-3.47
-298.13	101.805	-3.67
-298.105	101.805	-3.67
-298.105	102.205	-3.67
-298.13	102.205	-3.67
-298.13	101.805	-3.35
-298.105	101.805	-3.35
-298.105	102.205	-3.35
-298.13	102.205	-3.35
-298.83	102.205	-3.67
-298.83	101.805	-3.67
-298.83	102.205	-3.35
-298.83	101.805	-3.35
-298.855	101.805	-3.67
-298.855	101.805	-3.47
-298.855	102.205	-3.67
-298.855	102.205	-3.47

#	Triangle	7
3	4	7	0	4	3	8	13	12	9	13	8	17	12	19	8	12	17	19	20	17	21	20	19
0	5	4	1	5	0	9	14	13	10	14	9	8	15	12	11	15	8	19	16	18	17	16	19
1	6	5	2	6	1	10	15	14	11	15	10	11	18	15	16	18	11	16	23	18	22	23	16
2	7	6	3	7	2	11	12	15	8	12	11	16	19	18	17	19	16	20	23	22	21	23	20
3	1	0	2	1	3	11	9	8	10	9	11	8	16	11	17	16	8	17	22	16	20	22	17
4	6	7	5	6	4	12	14	15	13	14	12	15	19	12	18	19	15
21	18	23	19	18	21

#	Normal	7
-0	-1	-0
1	-0	-0
-0	1	-0
-1	-0	0
-0	-0	-1
-0	-0	1
-0.97898	-0	0.203954

#	Mesh	0	End

