#	Mesh	0	Begin

#	Vertex	24
-202.543	114.686	1.98
-202.543	114.682	1.98
-200.463	114.682	1.98
-200.463	114.686	1.98
-202.543	114.686	2.38
-202.543	114.682	2.38
-200.463	114.682	2.38
-200.463	114.686	2.38
-200.503	114.465	2.43
-200.503	114.682	2.34
-200.503	114.682	2.02
-200.503	114.465	1.93
-202.503	114.465	2.43
-202.503	114.682	2.34
-202.503	114.682	2.02
-202.503	114.465	1.93
-202.543	114.465	1.89
-202.543	114.461	1.89
-200.463	114.461	1.89
-200.463	114.465	1.89
-202.543	114.465	2.47
-202.543	114.461	2.47
-200.463	114.461	2.47
-200.463	114.465	2.47

#	Triangle	8
3	4	7	0	4	3	9	14	13	10	14	9	19	20	23	16	20	19
0	5	4	1	5	0	12	14	15	13	14	12	16	21	20	17	21	16
1	6	5	2	6	1	11	12	15	8	12	11	17	22	21	18	22	17
2	7	6	3	7	2	11	9	8	10	9	11	18	23	22	19	23	18
3	1	0	2	1	3	19	17	16	18	17	19
4	6	7	5	6	4	20	22	23	21	22	20
8	13	12	9	13	8
10	15	14	11	15	10

#	Normal	8
-0	1	-0
-1	-0	0
-0	-1	-0
1	-0	-0
-0	-0	-1
-0	-0	1
0	0.38268	0.923881
-0	0.38268	-0.923881

#	Mesh	0	End

