#	Mesh	0	Begin

#	Vertex	72
65.8814	-64.5344	0.583708
65.8803	-64.521	0.587294
65.8793	-64.5085	0.593151
65.8784	-64.4972	0.601099
65.8776	-64.4874	0.610898
65.8769	-64.4795	0.62225
65.8764	-64.4737	0.634809
65.8762	-64.4701	0.648195
65.8761	-64.4689	0.662
65.8762	-64.4701	0.675805
65.8764	-64.4737	0.689191
65.8769	-64.4795	0.70175
65.8776	-64.4874	0.713102
65.8784	-64.4972	0.722901
65.8793	-64.5085	0.730849
65.8803	-64.521	0.736706
65.8814	-64.5344	0.740292
65.8825	-64.5481	0.7415
65.8836	-64.5619	0.740292
65.8847	-64.5752	0.736706
65.8857	-64.5877	0.730849
65.8866	-64.599	0.722901
65.8874	-64.6088	0.713102
65.888	-64.6167	0.70175
65.8885	-64.6226	0.689191
65.8888	-64.6261	0.675805
65.8889	-64.6274	0.662
65.8888	-64.6261	0.648195
65.8885	-64.6226	0.634809
65.888	-64.6167	0.62225
65.8874	-64.6088	0.610898
65.8866	-64.599	0.601099
65.8857	-64.5877	0.593151
65.8847	-64.5752	0.587294
65.8836	-64.5619	0.583708
65.8825	-64.5481	0.5825
76.2324	-63.6957	0.583708
76.2313	-63.6823	0.587294
76.2303	-63.6698	0.593151
76.2294	-63.6585	0.601099
76.2286	-63.6487	0.610898
76.2279	-63.6408	0.62225
76.2275	-63.6349	0.634809
76.2272	-63.6314	0.648195
76.2271	-63.6302	0.662
76.2272	-63.6314	0.675805
76.2275	-63.6349	0.689191
76.2279	-63.6408	0.70175
76.2286	-63.6487	0.713102
76.2294	-63.6585	0.722901
76.2303	-63.6698	0.730849
76.2313	-63.6823	0.736706
76.2324	-63.6957	0.740292
76.2335	-63.7094	0.7415
76.2346	-63.7232	0.740292
76.2357	-63.7365	0.736706
76.2367	-63.749	0.730849
76.2376	-63.7603	0.722901
76.2384	-63.7701	0.713102
76.2391	-63.778	0.70175
76.2395	-63.7839	0.689191
76.2398	-63.7874	0.675805
76.2399	-63.7887	0.662
76.2398	-63.7874	0.648195
76.2395	-63.7839	0.634809
76.2391	-63.778	0.62225
76.2384	-63.7701	0.610898
76.2376	-63.7603	0.601099
76.2367	-63.749	0.593151
76.2357	-63.7365	0.587294
76.2346	-63.7232	0.583708
76.2335	-63.7094	0.5825

#	Triangle	84
35	36	71	0	36	35
0	37	36
1	37	0
1	38	37
2	38	1
2	39	38	3	39	2
3	40	39	4	40	3
4	41	40	5	41	4
5	42	41
6	42	5
6	43	42
7	43	6
7	44	43
8	44	7
8	45	44
9	45	8
9	46	45
10	46	9
10	47	46
11	47	10
11	48	47	12	48	11
12	49	48	13	49	12
13	50	49	14	50	13
14	51	50
15	51	14
15	52	51
16	52	15
16	53	52	17	53	16
17	54	53	18	54	17
18	55	54	19	55	18
19	56	55
20	56	19
20	57	56
21	57	20
21	58	57	22	58	21
22	59	58
23	59	22
23	60	59
24	60	23
24	61	60	25	61	24
25	62	61	26	62	25
26	63	62	27	63	26
27	64	63	28	64	27
28	65	64
29	65	28
29	66	65
30	66	29
30	67	66	31	67	30
31	68	67
32	68	31
32	69	68
33	69	32
33	70	69	34	70	33
34	71	70	35	71	34
7	9	8	26	25	27
6	9	7	27	25	24
6	10	9
5	10	6	5	11	10	28	23	29	28	24	23
4	11	5	4	12	11
3	12	4	3	13	12
2	13	3	2	14	13
1	14	2	1	15	14	32	19	33	32	20	19
0	15	1	0	16	15
35	16	0	35	17	16
34	17	35	34	18	17
33	18	34	33	19	18
31	20	32	31	21	20
30	21	31	30	22	21
29	22	30	29	23	22
27	24	28
45	43	44	62	63	61
46	43	45	61	63	64
46	42	43
47	42	46	47	41	42	60	65	59	60	64	65
48	41	47	48	40	41
49	40	48	49	39	40
50	39	49	50	38	39	57	68	56	57	67	68
51	38	50	51	37	38	56	69	55	56	68	69
52	37	51	52	36	37	55	70	54	55	69	70
53	36	52	53	71	36
54	71	53	54	70	71
58	67	57	58	66	67
59	66	58	59	65	66
61	64	60

#	Normal	84
-0.00703769	0.0868574	-0.996196
-0.0209002	0.257945	-0.965934
-0.020906	0.258015	-0.965915
-0.0341373	0.421312	-0.906273
-0.0341284	0.421204	-0.906323
-0.0463182	0.571647	-0.819191
-0.0571091	0.704826	-0.707078
-0.0661577	0.816502	-0.57354
-0.0731898	0.90329	-0.422742
-0.0731988	0.903397	-0.422511
-0.0780098	0.962773	-0.25881
-0.0780047	0.962714	-0.25903
-0.0804544	0.992947	-0.0870827
-0.080454	0.992943	-0.0871279
-0.0804543	0.992947	0.0870827
-0.0804541	0.992943	0.0871279
-0.0780095	0.962773	0.25881
-0.078005	0.962714	0.25903
-0.0731901	0.90329	0.422742
-0.0731985	0.903397	0.422511
-0.0661577	0.816502	0.57354
-0.0571091	0.704826	0.707078
-0.0463182	0.571647	0.819191
-0.0341371	0.421312	0.906273
-0.0341286	0.421204	0.906323
-0.0209003	0.257945	0.965934
-0.0209059	0.258015	0.965915
-0.00703769	0.0868574	0.996196
0.00703966	-0.0868817	0.996194
0.0209002	-0.257945	0.965934
0.0341371	-0.421312	0.906273
0.0341286	-0.421204	0.906323
0.0463184	-0.571647	0.819191
0.0463288	-0.571779	0.819099
0.0571109	-0.704849	0.707055
0.066156	-0.816481	0.57357
0.0661456	-0.816349	0.573759
0.0731901	-0.90329	0.422742
0.0731985	-0.903397	0.422511
0.0780104	-0.962784	0.258768
0.080454	-0.992943	0.0871279
0.080454	-0.992943	-0.0871279
0.0780104	-0.962784	-0.258768
0.0731898	-0.90329	-0.422742
0.0731988	-0.903397	-0.422511
0.0661563	-0.81648	-0.57357
0.0661453	-0.816349	-0.573759
0.0571109	-0.704849	-0.707055
0.0463182	-0.571647	-0.819191
0.046329	-0.571779	-0.819099
0.0341373	-0.421312	-0.906273
0.0341284	-0.421204	-0.906323
0.0209002	-0.257945	-0.965934
0.00703966	-0.0868817	-0.996194
-3.32184e-005	-2.80415e-006	-0
-9.87924e-005	-7.98105e-006	0
-0.996753	-0.0805237	-0
-0.99679	-0.0800634	0
-0.996746	-0.0806047	0
-0.996687	-0.0813297	0
-0.996754	-0.080511	0
-0.996726	-0.0808576	0
-0.99675	-0.0805572	0
-0.996721	-0.0809146	0
-0.996719	-0.0809374	0
-0.996752	-0.0805338	0
-0.996751	-0.0805386	0
-0.996752	-0.0805375	0
-0.99667	-0.0815413	0
-0.996746	-0.0806111	0
3.32184e-005	2.58845e-006	-0
9.86846e-005	8.19675e-006	0
0.996568	0.0827751	-0
0.996794	0.0800102	0
0.996746	0.0806047	0
0.996687	0.0813297	0
0.996754	0.080511	0
0.996724	0.0808827	0
0.996752	0.0805338	0
0.996721	0.0809146	0
0.996719	0.0809374	0
0.996752	0.0805375	0
0.996667	0.0815812	0
0.996746	0.0806111	0

#	Mesh	0	End

