#	Mesh	0	Begin

#	Vertex	408
-283.372	101.419	-0.27
-283.372	101.417	-0.288761
-283.372	101.409	-0.306244
-283.372	101.398	-0.321256
-283.372	101.383	-0.332776
-283.372	101.365	-0.340017
-283.372	101.347	-0.342487
-283.372	101.328	-0.340017
-283.372	101.31	-0.332776
-283.372	101.295	-0.321256
-283.372	101.284	-0.306244
-283.372	101.277	-0.288761
-283.372	101.274	-0.27
-283.372	101.277	-0.251239
-283.372	101.284	-0.233756
-283.372	101.295	-0.218744
-283.372	101.31	-0.207224
-283.372	101.328	-0.199983
-283.372	101.347	-0.197513
-283.372	101.365	-0.199983
-283.372	101.383	-0.207224
-283.372	101.398	-0.218744
-283.372	101.409	-0.233756
-283.372	101.417	-0.251239
-283.34	101.409	-0.233756
-283.34	101.398	-0.218744
-283.34	101.403	-0.2373
-283.34	101.41	-0.253073
-283.34	101.417	-0.251239
-283.34	101.393	-0.223755
-283.34	101.383	-0.207224
-283.34	101.379	-0.213362
-283.34	101.363	-0.206829
-283.34	101.365	-0.199983
-283.34	101.347	-0.2046
-283.34	101.347	-0.197513
-283.34	101.33	-0.206829
-283.34	101.328	-0.199983
-283.34	101.314	-0.213362
-283.34	101.31	-0.207224
-283.34	101.3	-0.223755
-283.34	101.295	-0.218744
-283.34	101.29	-0.2373
-283.34	101.284	-0.233756
-283.34	101.283	-0.253073
-283.34	101.277	-0.251239
-283.34	101.281	-0.27
-283.34	101.274	-0.27
-283.34	101.283	-0.286927
-283.34	101.277	-0.288761
-283.34	101.287	-0.294813
-283.34	101.29	-0.3027
-283.34	101.284	-0.306244
-283.34	101.295	-0.309472
-283.34	101.3	-0.316245
-283.34	101.295	-0.321256
-283.34	101.304	-0.318843
-283.34	101.307	-0.321441
-283.34	101.31	-0.324039
-283.34	101.314	-0.326638
-283.34	101.31	-0.332776
-283.34	101.328	-0.340017
-283.34	101.318	-0.328271
-283.34	101.32	-0.329088
-283.34	101.322	-0.329904
-283.34	101.324	-0.330721
-283.34	101.326	-0.331538
-283.34	101.328	-0.332354
-283.34	101.33	-0.333171
-283.34	101.347	-0.342487
-283.34	101.332	-0.33345
-283.34	101.334	-0.333728
-283.34	101.336	-0.334007
-283.34	101.338	-0.334285
-283.34	101.34	-0.334564
-283.34	101.342	-0.334842
-283.34	101.344	-0.335121
-283.34	101.347	-0.3354
-283.34	101.365	-0.340017
-283.34	101.349	-0.335121
-283.34	101.351	-0.334842
-283.34	101.353	-0.334564
-283.34	101.355	-0.334285
-283.34	101.357	-0.334007
-283.34	101.359	-0.333728
-283.34	101.361	-0.33345
-283.34	101.363	-0.333171
-283.34	101.383	-0.332776
-283.34	101.365	-0.332354
-283.34	101.367	-0.331538
-283.34	101.369	-0.330721
-283.34	101.371	-0.329904
-283.34	101.373	-0.329088
-283.34	101.375	-0.328271
-283.34	101.379	-0.326638
-283.34	101.398	-0.321256
-283.34	101.383	-0.324039
-283.34	101.386	-0.321441
-283.34	101.389	-0.318843
-283.34	101.393	-0.316245
-283.34	101.409	-0.306244
-283.34	101.398	-0.309472
-283.34	101.403	-0.3027
-283.34	101.417	-0.288761
-283.34	101.406	-0.294813
-283.34	101.41	-0.286927
-283.34	101.419	-0.27
-283.34	101.412	-0.27
-283.341	101.347	-0.342487
-283.164	101.328	-0.340017
-283.195	101.328	-0.340017
-283.195	101.347	-0.342487
-283.164	101.347	-0.342487
-283.164	101.31	-0.332776
-283.195	101.31	-0.332776
-283.195	101.295	-0.321256
-283.164	101.295	-0.321256
-283.164	101.284	-0.306244
-283.195	101.284	-0.306244
-283.164	101.277	-0.288761
-283.195	101.277	-0.288761
-283.164	101.274	-0.27
-283.195	101.274	-0.27
-283.195	101.277	-0.251239
-283.164	101.277	-0.251239
-283.164	101.284	-0.233756
-283.195	101.284	-0.233756
-283.164	101.295	-0.218744
-283.164	101.31	-0.207224
-283.195	101.31	-0.207224
-283.195	101.295	-0.218744
-283.164	101.328	-0.199983
-283.195	101.328	-0.199983
-283.164	101.347	-0.197513
-283.195	101.347	-0.197513
-283.164	101.365	-0.199983
-283.195	101.365	-0.199983
-283.164	101.383	-0.207224
-283.195	101.383	-0.207224
-283.195	101.398	-0.218744
-283.164	101.398	-0.218744
-283.164	101.409	-0.233756
-283.195	101.409	-0.233756
-283.164	101.417	-0.251239
-283.195	101.417	-0.251239
-283.164	101.419	-0.27
-283.195	101.419	-0.27
-283.164	101.409	-0.306244
-283.195	101.409	-0.306244
-283.195	101.417	-0.288761
-283.164	101.417	-0.288761
-283.164	101.398	-0.321256
-283.195	101.398	-0.321256
-283.195	101.383	-0.332776
-283.164	101.383	-0.332776
-283.164	101.365	-0.340017
-283.195	101.365	-0.340017
-283.195	101.403	-0.2373
-283.195	101.41	-0.253073
-283.195	101.393	-0.223755
-283.195	101.379	-0.213362
-283.195	101.363	-0.206829
-283.195	101.347	-0.2046
-283.195	101.33	-0.206829
-283.195	101.314	-0.213362
-283.195	101.3	-0.223755
-283.195	101.29	-0.2373
-283.195	101.283	-0.253073
-283.195	101.281	-0.27
-283.195	101.283	-0.286927
-283.195	101.287	-0.294813
-283.195	101.29	-0.3027
-283.195	101.295	-0.309472
-283.195	101.3	-0.316245
-283.195	101.304	-0.318843
-283.195	101.307	-0.321441
-283.195	101.31	-0.324039
-283.195	101.314	-0.326638
-283.195	101.318	-0.328271
-283.195	101.322	-0.329904
-283.195	101.324	-0.330721
-283.195	101.326	-0.331538
-283.195	101.328	-0.332354
-283.195	101.33	-0.333171
-283.195	101.332	-0.33345
-283.195	101.334	-0.333728
-283.195	101.336	-0.334007
-283.195	101.338	-0.334285
-283.195	101.34	-0.334564
-283.195	101.342	-0.334842
-283.195	101.344	-0.335121
-283.195	101.347	-0.3354
-283.195	101.349	-0.335121
-283.195	101.351	-0.334842
-283.195	101.353	-0.334564
-283.195	101.355	-0.334285
-283.195	101.357	-0.334007
-283.195	101.359	-0.333728
-283.195	101.361	-0.33345
-283.195	101.363	-0.333171
-283.195	101.365	-0.332354
-283.195	101.367	-0.331538
-283.195	101.369	-0.330721
-283.195	101.371	-0.329904
-283.195	101.375	-0.328271
-283.195	101.379	-0.326638
-283.195	101.383	-0.324039
-283.195	101.386	-0.321441
-283.195	101.389	-0.318843
-283.195	101.393	-0.316245
-283.195	101.398	-0.309472
-283.195	101.403	-0.3027
-283.195	101.406	-0.294813
-283.195	101.41	-0.286927
-283.195	101.412	-0.27
-283.332	101.362	-0.333385
-283.33	101.368	-0.331712
-283.216	101.385	-0.322628
-283.213	101.381	-0.3258
-283.333	101.354	-0.334663
-283.333	101.359	-0.334221
-283.294	101.407	-0.296096
-283.325	101.378	-0.327069
-283.333	101.356	-0.334516
-283.318	101.389	-0.319457
-283.203	101.348	-0.335252
-283.203	101.35	-0.335105
-283.207	101.368	-0.331712
-283.303	101.402	-0.304373
-283.331	101.365	-0.332548
-283.321	101.385	-0.322628
-283.314	101.393	-0.315841
-283.311	101.396	-0.312224
-283.328	101.373	-0.329607
-283.329	101.37	-0.330876
-283.205	101.362	-0.333385
-283.219	101.389	-0.319457
-283.207	101.37	-0.330876
-283.209	101.373	-0.329607
-283.204	101.359	-0.334221
-283.204	101.353	-0.33481
-283.204	101.354	-0.334663
-283.203	101.351	-0.334958
-283.206	101.365	-0.332548
-283.211	101.378	-0.327069
-283.222	101.393	-0.315841
-283.226	101.396	-0.312224
-283.327	101.376	-0.328338
-283.333	101.35	-0.335105
-283.234	101.402	-0.304373
-283.324	101.381	-0.3258
-283.286	101.41	-0.287538
-283.277	101.411	-0.278809
-283.268	101.412	-0.27
-283.26	101.411	-0.278809
-283.204	101.356	-0.334516
-283.251	101.41	-0.287538
-283.242	101.407	-0.296096
-283.331	101.363	-0.332967
-283.333	101.357	-0.334369
-283.333	101.353	-0.33481
-283.333	101.351	-0.334958
-283.21	101.376	-0.328338
-283.334	101.348	-0.335252
-283.204	101.357	-0.334369
-283.203	101.347	-0.3354
-283.334	101.347	-0.3354
-283.334	101.345	-0.335252
-283.333	101.343	-0.335105
-283.207	101.326	-0.331712
-283.332	101.331	-0.333385
-283.327	101.318	-0.328338
-283.328	101.32	-0.329607
-283.268	101.281	-0.27
-283.321	101.308	-0.322628
-283.219	101.304	-0.319457
-283.216	101.308	-0.322628
-283.277	101.282	-0.278809
-283.303	101.291	-0.304373
-283.311	101.297	-0.312224
-283.286	101.284	-0.287538
-283.294	101.287	-0.296096
-283.33	101.326	-0.331712
-283.26	101.282	-0.278809
-283.213	101.312	-0.3258
-283.325	101.315	-0.327069
-283.206	101.328	-0.332548
-283.205	101.331	-0.333385
-283.211	101.315	-0.327069
-283.318	101.304	-0.319457
-283.251	101.284	-0.287538
-283.242	101.287	-0.296096
-283.209	101.32	-0.329607
-283.21	101.318	-0.328338
-283.333	101.337	-0.334516
-283.204	101.334	-0.334221
-283.204	101.336	-0.334369
-283.204	101.337	-0.334516
-283.331	101.33	-0.332967
-283.331	101.328	-0.332548
-283.333	101.334	-0.334221
-283.204	101.339	-0.334663
-283.204	101.34	-0.33481
-283.203	101.342	-0.334958
-283.324	101.312	-0.3258
-283.314	101.3	-0.315841
-283.203	101.343	-0.335105
-283.207	101.323	-0.330876
-283.333	101.34	-0.33481
-283.333	101.339	-0.334663
-283.333	101.342	-0.334958
-283.333	101.336	-0.334369
-283.329	101.323	-0.330876
-283.222	101.3	-0.315841
-283.226	101.297	-0.312224
-283.234	101.291	-0.304373
-283.203	101.345	-0.335252
-283.332	101.334	-0.342487
-283.331	101.33	-0.342487
-283.334	101.347	-0.342487
-283.333	101.342	-0.342487
-283.333	101.338	-0.342487
-283.315	101.3	-0.342487
-283.301	101.29	-0.342487
-283.32	101.307	-0.342487
-283.328	101.322	-0.342487
-283.325	101.314	-0.342487
-283.285	101.283	-0.342487
-283.212	101.314	-0.342487
-283.208	101.322	-0.342487
-283.205	101.33	-0.342487
-283.203	101.347	-0.342487
-283.203	101.342	-0.342487
-283.268	101.281	-0.342487
-283.204	101.338	-0.342487
-283.236	101.29	-0.342487
-283.251	101.283	-0.342487
-283.222	101.3	-0.342487
-283.217	101.307	-0.342487
-283.205	101.334	-0.342487
-283.205	101.359	-0.342487
-283.205	101.363	-0.342487
-283.333	101.351	-0.342487
-283.203	101.351	-0.342487
-283.204	101.355	-0.342487
-283.217	101.386	-0.342487
-283.222	101.393	-0.342487
-283.208	101.371	-0.342487
-283.236	101.403	-0.342487
-283.331	101.363	-0.342487
-283.212	101.379	-0.342487
-283.251	101.41	-0.342487
-283.333	101.355	-0.342487
-283.268	101.412	-0.342487
-283.315	101.393	-0.342487
-283.32	101.386	-0.342487
-283.301	101.403	-0.342487
-283.285	101.41	-0.342487
-283.332	101.359	-0.342487
-283.325	101.379	-0.342487
-283.328	101.371	-0.342487
-283.217	101.398	-0.342487
-283.232	101.409	-0.342487
-283.206	101.383	-0.342487
-283.198	101.365	-0.342487
-283.196	101.347	-0.342487
-283.198	101.328	-0.342487
-283.206	101.31	-0.342487
-283.217	101.295	-0.342487
-283.232	101.284	-0.342487
-283.25	101.277	-0.342487
-283.268	101.274	-0.342487
-283.287	101.277	-0.342487
-283.305	101.284	-0.342487
-283.32	101.295	-0.342487
-283.331	101.31	-0.342487
-283.338	101.328	-0.342487
-283.338	101.365	-0.342487
-283.331	101.383	-0.342487
-283.32	101.398	-0.342487
-283.305	101.409	-0.342487
-283.287	101.417	-0.342487
-283.268	101.419	-0.342487
-283.25	101.417	-0.342487
-283.25	101.417	-0.374111
-283.232	101.409	-0.374111
-283.217	101.398	-0.374111
-283.206	101.383	-0.374111
-283.198	101.365	-0.374111
-283.196	101.347	-0.374111
-283.198	101.328	-0.374111
-283.206	101.31	-0.374111
-283.217	101.295	-0.374111
-283.232	101.284	-0.374111
-283.25	101.277	-0.374111
-283.268	101.274	-0.374111
-283.287	101.277	-0.374111
-283.305	101.284	-0.374111
-283.32	101.295	-0.374111
-283.331	101.31	-0.374111
-283.338	101.328	-0.374111
-283.341	101.347	-0.374111
-283.338	101.365	-0.374111
-283.331	101.383	-0.374111
-283.32	101.398	-0.374111
-283.305	101.409	-0.374111
-283.287	101.417	-0.374111
-283.268	101.419	-0.374111

#	Triangle	322
1	23	0	12	13	11
2	23	1	2	22	23	3	22	2	3	21	22	4	21	3	4	20	21	5	20	4	5	19	20	6	19	5	6	18	19	7	18	6	7	17	18	8	17	7	8	16	17	9	16	8	9	15	16	10	15	9	10	14	15	11	14	10	11	13	14	142	157	139	142	158	157	157	159	139	138	139	159	159	160	138	160	161	138	136	138	161	136	161	162	162	134	136	163	134	162	134	163	132	163	164	132	129	132	164	164	165	129	165	130	129	166	130	165	130	166	126	166	167	126	123	126	167	167	168	123	168	122	123	168	169	122	169	120	122	118	120	171	173	115	118	114	115	177	177	110	114	111	110	183	156	111	191	199	153	156	205	152	153	152	209	148	211	149	148	146	149	213	146	213	214	144	214	158	144	146	214	158	142	144
26	24	25	27	24	26	24	27	28	29	26	25	25	30	29	31	29	30	32	31	30	30	33	32	32	33	34	35	34	33	35	36	34	36	35	37	38	36	37	37	39	38	40	38	39	41	40	39	41	42	40	42	41	43	44	42	43	43	45	44	46	44	45	47	46	45	48	46	47	49	48	47	49	52	51	55	54	52	55	60	59	61	59	60	61	69	68	69	78	77	87	86	78	95	94	87	99	95	100	103	102	100	103	106	105	106	28	107	105	106	107	107	28	27	141	150	143	141	147	150	140	147	141	140	151	147	137	151	140	137	154	151	135	154	137	135	155	154	133	155	135	133	112	155	131	112	133	131	109	112	128	109	131	128	113	109	127	113	128	127	116	113	125	116	127	125	117	116	124	117	125	124	119	117
48	49	50	50	49	51	51	52	53	53	52	54	99	100	101	101	100	102	102	103	104	104	103	105
54	55	56	56	55	57	57	55	58	58	55	59	59	61	62	93	87	94	94	95	96	96	95	97	97	95	98	98	95	99
62	61	63	63	61	64	64	61	65	65	61	66	66	61	67	67	61	68	68	69	70	70	69	71	71	69	72	72	69	73	73	69	74	74	69	75	75	69	76	76	69	77	77	78	79	79	78	80	80	78	81	81	78	82	82	78	83	83	78	84	84	78	85	85	78	86	86	87	88	88	87	89	89	87	90	90	87	91	91	87	92	92	87	93
108	7	6	108	61	7	112	110	111	109	110	112
69	61	108
61	8	7	60	8	61	109	114	110	113	114	109
10	55	52	9	55	10	118	116	117	115	116	118
8	55	9	60	55	8	114	116	115	113	116	114
11	52	49	10	52	11	120	117	119	118	117	120
11	47	12	49	47	11	122	119	121	120	119	122
47	13	12	45	13	47	124	122	121	123	122	124
45	14	13	43	14	45	124	126	123	125	126	124
16	41	39	15	41	16	130	128	129	127	128	130
16	37	17	39	37	16	132	128	131	129	128	132
14	41	15	43	41	14	125	130	126	127	130	125
37	18	17	35	18	37	134	131	133	132	131	134
35	19	18	33	19	35	133	136	134	135	136	133
33	20	19	30	20	33	135	138	136	137	138	135
22	25	24	21	25	22	142	140	141	139	140	142
20	25	21	30	25	20	138	140	139	137	140	138
23	24	28	22	24	23	144	141	143	142	141	144
0	28	106	23	28	0	146	143	145	144	143	146
103	2	1	100	2	103	150	148	149	147	148	150
100	3	2	95	3	100	147	152	148	151	152	147
5	87	78	4	87	5	156	154	155	153	154	156
78	6	5	78	108	6	111	155	112	156	155	111
78	69	108
3	87	4	95	87	3	152	154	153	151	154	152
103	0	106	1	0	103	150	146	145	149	146	150
170	120	169	171	120	170	172	118	171	173	118	172	210	148	209	211	148	210	212	149	211	213	149	212
174	115	173	175	115	174	176	115	175	177	115	176	178	110	177	179	110	178	204	153	203	205	153	204	206	152	205	207	152	206	208	152	207	209	152	208
180	110	179	181	110	180	182	110	181	183	110	182	184	111	183	185	111	184	186	111	185	187	111	186	188	111	187	189	111	188	190	111	189	191	111	190	192	156	191	193	156	192	194	156	193	195	156	194	196	156	195	197	156	196	198	156	197	199	156	198	200	153	199	201	153	200	202	153	201	203	153	202
143	150	145	121	119	124
85	86	215
89	216	88	90	216	89	199	243	200
218	217	206
81	82	219	82	83	223
83	85	220
84	85	83	99	97	98	231	224	232	207	209	208	240	241	242	246	236	245	215	229	258	57	54	56	297	295	296	299	270	298	72	70	71	305	279	289	308	309	310	184	186	185	300	294	311	313	275	314	174	173	175	286	295	287	289	279	305	294	300	311	308	294	309	306	265	316	304	289	274	302	306	303	295	297	296	297	302	301	299	312	282	307	286	269	314	275	313	275	284	276	266	268	267	268	308	310	239	243	235	218	236	217	240	255	241	255	239	264	248	266	263	236	246	245	226	240	242	223	260	219	260	248	261	220	223	259	265	226	225	243	237	227	234	229	216	232	224	231	224	250	230
104	221	102
94	222	93
224	97	99
226	192	225	219	82	223	265	225	191	242	193	226
201	227	202	200	227	201
228	101	102
88	216	229	235	198	239
230	96	97
232	224	99
101	232	99
101	228	232
91	233	234
198	235	199
91	234	90
236	209	207
238	203	237
197	239	198	196	239	197
242	241	194
205	204	244
205	244	218
209	236	246
93	222	247
203	238	204
210	209	246
218	206	205
80	248	79	79	263	77	80	81	261
236	207	217
210	249	211
250	96	230
96	250	94
221	228	102
237	202	227
251	221	104
105	251	104
230	97	224
107	252	105
105	252	251
107	253	252	254	253	214
255	196	195	195	194	241
158	107	27	158	253	107	158	214	253
257	256	212
160	29	31	159	29	160
86	229	215
259	83	220	223	83	259
161	31	32	160	31	161
157	27	26	158	27	157
81	260	261	219	260	81	248	80	261	263	79	248
262	204	238	244	204	262
159	26	29	157	26	159
215	220	85
93	247	92
162	32	34	161	32	162
246	249	210
213	256	254
212	256	213
211	257	212
214	213	254
222	94	250
257	211	249
233	92	247
88	229	86
243	227	200
202	237	203
234	216	90
243	199	235
207	206	217
255	195	241
242	194	193	192	226	193
92	233	91
264	196	255	239	196	264
266	77	263
192	191	225
38	165	164	40	165	38
268	76	267	310	75	268
34	163	162	36	163	34
181	269	182	180	269	181
70	270	68
163	38	164	36	38	163
166	40	42	165	40	166
272	271	63
273	44	46	273	167	44	168	167	273
57	58	274
276	175	275
48	277	46
279	278	53
48	280	277
50	280	48
62	63	271
281	50	51
166	44	167	42	44	166
66	282	65	67	282	66	182	286	183
273	46	277	168	273	283
176	284	177
59	62	285
287	183	286
288	177	284
289	54	57
281	280	50
169	283	290
168	283	169
170	290	291
169	290	170
293	178	288	292	178	293
294	72	73	73	74	309
186	295	297
68	270	299
300	70	72
54	279	53
188	302	303	301	302	188	301	187	297
59	304	58
274	289	57
53	278	51
289	279	54
189	306	190	189	188	303
64	272	63
299	67	68
287	295	184	299	282	67
307	269	180
310	309	74
295	186	184
72	294	300
284	176	276
312	65	282
304	59	285
271	285	62
182	269	286
179	307	180
314	275	173
315	314	172
315	172	171
175	173	275
175	276	176
65	312	64
315	171	291
170	291	171
172	314	173
188	187	301	186	297	187
272	64	312
178	177	288
183	287	184
270	70	300
307	179	292
304	274	58
278	281	51
179	178	292
294	73	309	306	189	303	265	191	316	316	190	306
310	74	75	76	268	75	76	77	267
190	316	191
266	267	77
300	317	318
320	268	319
308	320	321
299	298	318	298	270	318
270	300	318
279	322	323
322	289	324
326	312	325
327	281	323
329	307	328
304	285	326	285	271	326	271	272	326	272	312	326
330	295	286
322	279	289
304	326	324
317	300	294
321	294	308
323	281	278
332	331	306
327	277	280
277	333	273
332	302	334
280	281	327
331	265	306
278	279	323
324	289	304
333	277	327
336	335	291
333	336	283
337	314	335
332	306	302
338	328	284
330	286	329
339	297	295
334	302	297
335	315	291
321	317	294
336	290	283
339	295	330
336	291	290
325	312	299
329	286	307
338	275	337
337	275	314
338	284	275
297	339	334
318	325	299
307	292	328	292	293	328	293	288	328	288	284	328
314	315	335
319	268	266
320	308	268
273	333	283
239	340	341
342	319	248
343	226	331
240	343	344
341	243	239
346	236	345
341	347	243
348	246	346
220	215	349
215	258	349	258	229	349
345	236	218
237	347	350
344	255	240
351	257	348
340	239	255
218	244	350	244	262	350	262	238	350	238	237	350
319	266	248
346	246	236
218	350	345
342	260	352
348	257	249
351	254	256
254	353	253
256	257	351
343	240	226
249	246	348
355	224	354
353	254	351
357	356	221
353	357	252
223	358	352
354	232	356
352	260	223
342	248	260
355	359	250
349	229	360
358	223	220
356	228	221
357	251	252
331	226	265
357	221	251
347	237	243
360	229	234
360	234	359
354	224	232
355	250	224
358	220	349
344	340	255
234	233	359	233	247	359	247	222	359	222	250	359
232	228	356
253	353	252
362	348	361	362	351	348	348	346	361	363	361	346	364	363	341	331	365	364	365	330	366	367	366	328	337	368	367	335	368	337	368	335	369	335	336	369	370	369	336	336	333	370	333	371	370	333	327	371	327	372	371	327	323	372	373	372	323	373	323	322	322	374	373	375	374	326	326	376	375	108	376	318	377	108	319	349	378	377	359	379	378	379	354	380	354	356	380	356	381	380	381	356	357	382	381	357	382	357	353	383	353	351	383	382	353	351	362	383
345	363	346	350	363	345	347	363	350	341	363	347	329	366	330	328	366	329	338	367	328	337	367	338	324	374	322	326	374	324	325	376	326	318	376	325	360	378	349	359	378	360	355	379	359	354	379	355
340	364	341	344	364	340	343	364	344	331	364	343	332	365	331	334	365	332	339	365	334	330	365	339	317	108	318	321	108	317	320	108	321	319	108	320	342	377	319	352	377	342	358	377	352	349	377	358
384	406	407	395	396	394
385	406	384	385	405	406	386	405	385	386	404	405	387	404	386	387	403	404	388	403	387	388	402	403	389	402	388	389	401	402	390	401	389	390	400	401	391	400	390	391	399	400	392	399	391	392	398	399	393	398	392	393	397	398	394	397	393	394	396	397
401	376	108	400	376	401
400	375	376	399	375	400
373	398	397	374	398	373
375	398	374	399	398	375
372	397	396	373	397	372
371	396	395	372	396	371
394	369	370	393	369	394
393	368	369	392	368	393
366	391	390	367	391	366
368	391	367	392	391	368
365	390	389	366	390	365
394	371	395	370	371	394
389	364	365	388	364	389
388	363	364	387	363	388
362	386	385	361	386	362
363	386	361	387	386	363
383	385	384	362	385	383
382	384	407	383	384	382
380	406	405	381	406	380
405	379	380	404	379	405
402	378	403	377	378	402
401	377	402	108	377	401
403	379	404	378	379	403
406	382	407	381	382	406

#	Normal	322
-9.26327e-005	-0	0
-1	-0	-0
1	-0	-0
6.00257e-005	0	0
3.00043e-005	-0	0
1.49647e-005	-0	-0
-0	-0.130548	-0.991442
-0	-8.49042e-007	-6.448e-006
-0	-0.38265	-0.923894
0	-0.793254	-0.608891
0	-0.608882	-0.793261
0	-0.923867	-0.382715
0	-0.991453	-0.130464
-0	-0.991453	0.130464
-0	-0.923867	0.382715
-0	-0.608883	0.79326
-0	-0.382648	0.923894
-0	-0.793254	0.608891
-0	-0.130548	0.991442
0	0.130495	0.991449
0	0.382648	0.923894
-0	0.793254	0.608891
-0	0.608883	0.79326
-0	0.923867	0.382715
-0	0.991453	0.130464
-0	0.923867	-0.382715
-0	0.793254	-0.608891
-0	0.38265	-0.923894
-0	0.130495	-0.991449
-0	8.49042e-007	-6.45068e-006
-0	0.608882	-0.793261
-0	0.991453	-0.130464
-6.00257e-005	-0	-0
-3.00043e-005	-0	-0
-1.50437e-005	-0	-0
9.26327e-005	-0	0
1.54274e-008	2.44614e-006	-1.85916e-005
-4.59272e-007	8.52411e-006	-2.06304e-005
0.013769	0.596859	-0.802228
-5.93101e-007	2.089e-006	-1.58789e-005
-1.89435e-006	4.42197e-006	-3.35483e-005
-2.24066e-009	0	-0
-0.0119092	0.923859	-0.382547
1.62745e-007	2.46536e-005	-5.95496e-005
-0.0197031	0.608581	-0.793247
1.19042e-007	1.16651e-006	-1.21257e-005
4.57911e-007	9.2387e-006	-2.22715e-005
-0.00595232	0.793413	-0.608654
8.11868e-008	8.2079e-006	-2.83691e-005
-1.36673e-006	5.07486e-005	-6.62231e-005
0.00758747	0.707415	-0.706758
-0.0161993	0.793322	-0.608587
-0.0123801	0.815242	-0.578989
-1.32116e-006	1.556e-005	-2.99912e-005
-1.54274e-008	2.68989e-006	-2.04441e-005
-1.17312e-006	9.21318e-006	-2.22981e-005
0.0189717	0.608589	-0.793258
1.32116e-006	1.66704e-005	-3.22266e-005
9.50228e-007	2.45458e-006	-1.86577e-005
7.11272e-007	2.49792e-006	-2.5415e-005
-1.62745e-007	2.60827e-005	-6.30017e-005
-3.46441e-007	2.08028e-005	-4.22209e-005
-0.00734089	0.70754	-0.706635
-4.8736e-007	1.76131e-005	-3.49663e-005
1.50718e-006	2.19483e-005	-5.29102e-005
0.0157394	0.793328	-0.608591
8.39315e-007	4.47394e-005	-5.82478e-005
-2.38115e-007	1.96736e-006	-1.49526e-005
0.0166871	0.597443	-0.801738
0.00581759	0.793414	-0.608655
-1.38912e-006	5.74408e-005	-7.71409e-005
-8.39315e-007	4.24659e-005	-5.52878e-005
0.00280616	0.884989	-0.465603
1.33533e-006	1.02982e-005	-3.42427e-005
-0.0103472	0.945515	-0.325415
-0.00150914	0.923924	-0.382573
-0.0174016	0.597772	-0.801477
-0.00878458	0.991362	-0.130863
0.000676308	0.979329	-0.202271
-0	0.997677	-0.0681283
7.12103e-007	2.3678e-006	-1.79961e-005
0	0.9914	0.130868
0.0101589	0.945459	-0.325584
0	0.6087	0.7934
7.88835e-007	7.52519e-006	-2.67319e-005
-5.9129e-007	1.20277e-006	-1.19392e-005
0	0.382677	0.923882
0	0.923925	0.382574
-3.54098e-007	1.12009e-006	-1.13293e-005
4.8684e-007	1.87214e-005	-3.70947e-005
0	0.793427	0.608666
-1.78466e-007	7.28988e-006	-2.50142e-005
-3.35268e-007	1.12804e-005	-2.71934e-005
0	0.130503	0.991448
0.0120551	0.815093	-0.579205
-0.000665763	0.979331	-0.202261
0.00148534	0.923924	-0.382573
0.0116872	0.923862	-0.382548
0.0086649	0.991363	-0.130863
3.46441e-007	1.96924e-005	-3.99856e-005
-0.00274535	0.885015	-0.465555
-9.05164e-007	1.65902e-005	-3.24053e-005
2.43393e-007	7.86055e-006	-1.89492e-005
-8.11868e-008	8.91967e-006	-3.08254e-005
1.17312e-006	9.92778e-006	-2.40276e-005
-1.33533e-006	9.5663e-006	-3.17134e-005
-7.88835e-007	8.25038e-006	-2.92019e-005
1.36673e-006	5.30221e-005	-6.91899e-005
4.75044e-007	1.28093e-006	-1.30479e-005
3.5714e-007	2.24593e-006	-1.70698e-005
-7.53592e-007	1.02596e-005	-2.47324e-005
5.94109e-007	1.3314e-006	-1.33535e-005
-0	9.94125e-007	-1.04414e-005
1.19042e-007	2.16734e-006	-1.64744e-005
-0	-0.6087	0.7934
-1.19042e-007	-1.03765e-006	-1.07722e-005
-0	-0.130563	0.99144
4.59272e-007	-9.2387e-006	-2.23599e-005
1.54274e-008	-2.44614e-006	-1.85916e-005
-0	-0.382677	0.923882
-0	-0.793427	0.608666
-9.05164e-007	-1.65902e-005	-3.24053e-005
-0	-0.9914	0.130868
-1.35745e-006	-5.07486e-005	-6.60706e-005
0.0166871	-0.597443	-0.801738
-0.00878458	-0.991362	-0.130863
-0.0123801	-0.815242	-0.578989
0.000676308	-0.979329	-0.202271
-0.00150914	-0.923924	-0.382573
-3.35268e-007	-1.12804e-005	-2.71934e-005
-0.0119092	-0.923859	-0.382547
-0	-0.923925	0.382574
-4.57911e-007	-8.52411e-006	-2.05488e-005
-0	-0.997677	-0.0681283
8.32768e-007	-4.47394e-005	-5.83823e-005
1.62745e-007	-2.46536e-005	-5.95496e-005
-7.88835e-007	-8.25038e-006	-2.92019e-005
-3.46441e-007	-2.08028e-005	-4.22209e-005
-0.0197031	-0.608581	-0.793247
-0.0103472	-0.945515	-0.325415
-0.000665763	-0.979331	-0.202261
0.0086649	-0.991363	-0.130863
0.0101589	-0.945459	-0.325584
0.00148534	-0.923924	-0.382573
4.8736e-007	-1.87235e-005	-3.72017e-005
-7.12103e-007	-2.13276e-006	-1.62097e-005
1.1842e-006	-2.66306e-006	-2.66406e-005
7.88835e-007	-7.52519e-006	-2.67319e-005
-1.89435e-006	-4.42197e-006	-3.35483e-005
-0.0161993	-0.793322	-0.608587
3.54098e-007	-1.24896e-006	-1.2676e-005
-8.32768e-007	-4.24659e-005	-5.54155e-005
-0.0174016	-0.597772	-0.801477
-0.00595232	-0.793413	-0.608654
0.00758747	-0.707415	-0.706758
2.38115e-007	-2.21111e-006	-1.68052e-005
-7.53592e-007	-1.02596e-005	-2.47324e-005
2.43393e-007	-7.86055e-006	-1.89492e-005
1.78466e-007	-8.02172e-006	-2.75435e-005
1.33533e-006	-1.02982e-005	-3.42427e-005
-7.11272e-007	-2.24018e-006	-2.27148e-005
1.89435e-006	-4.90943e-006	-3.72466e-005
-1.1842e-006	-2.39859e-006	-2.39958e-005
0.0135208	-0.596743	-0.802319
-1.33533e-006	-9.5663e-006	-3.17134e-005
3.46441e-007	-1.96924e-005	-3.99856e-005
-4.8736e-007	-1.76131e-005	-3.49663e-005
-8.11868e-008	-8.91967e-006	-3.08254e-005
1.17312e-006	-9.92778e-006	-2.40276e-005
-0.00734089	-0.70754	-0.706635
0.0120551	-0.815093	-0.579205
0.00581759	-0.793414	-0.608655
0.0189717	-0.608589	-0.793258
1.35745e-006	-5.30221e-005	-6.90305e-005
-1.17312e-006	-9.21318e-006	-2.22981e-005
-0.00274535	-0.885015	-0.465555
0.0116872	-0.923862	-0.382548
0.0157394	-0.793328	-0.608591
5.93101e-007	-2.33272e-006	-1.77314e-005
-1.32116e-006	-1.556e-005	-2.99912e-005
-1.62745e-007	-2.60827e-005	-6.30017e-005
-1.54274e-008	-2.68989e-006	-2.04441e-005
-1.78466e-007	-7.28988e-006	-2.50142e-005
1.32116e-006	-1.66704e-005	-3.22266e-005
-1.36434e-006	-5.74408e-005	-7.71658e-005
0.00280616	-0.884989	-0.465603
1.50718e-006	-2.19483e-005	-5.29102e-005
-4.75044e-007	-1.16384e-006	-1.17175e-005
-3.5714e-007	-2.00218e-006	-1.52173e-005
1.18017e-007	-2.16734e-006	-1.64136e-005
-0	-9.94125e-007	-1.03887e-005
-3.50007e-005	-4.64953e-006	-1.92822e-006
-3.12008e-005	-4.15242e-006	-4.15039e-007
-3.25059e-005	-4.31812e-006	-9.61914e-007
-1.38613e-005	-4.08678e-006	3.76953e-007
-2.7716e-005	-7.86297e-006	7.84912e-007
-0.608086	-0.793712	-0.0159162
-0.79376	-0.607909	-0.0197887
-9.15311e-005	-3.81002e-005	-4.63721e-006
-0.383026	-0.923662	-0.0118231
9.15311e-005	-3.81002e-005	-4.63721e-006
-4.08367e-005	-1.98282e-005	3.08105e-007
5.53676e-005	-1.54154e-005	1.61572e-006
-0.705887	-0.708284	0.00754318
-0.79385	-0.607977	-0.0128669
-2.56068e-005	-2.47206e-006	-1.44849e-006
-2.4424e-005	-2.55546e-006	-9.28223e-007
-0.465253	-0.885174	0.00262527
3.12008e-005	-4.15242e-006	-4.15039e-007
-0.202557	-0.97927	0.00073511
-0.0681039	-0.997678	-0
3.25059e-005	-4.31812e-006	-9.61914e-007
-0.33378	-0.942651	-0.000792165
2.18717e-005	-2.21485e-006	-0
-0.584528	-0.81136	-0.00459227
-0.800981	-0.598425	-0.0178042
-0.130781	-0.991373	-0.00873354
0.383026	-0.923662	-0.0118231
0.130781	-0.991373	-0.00873354
0.608086	-0.793712	-0.0159162
2.31167e-005	-2.14986e-006	-4.50684e-007
0.79385	-0.607977	-0.0128669
7.84222e-005	-3.26112e-005	9.83887e-007
2.56068e-005	-2.73037e-006	-1.43799e-006
2.4424e-005	-2.31556e-006	-9.99756e-007
0.465253	-0.885174	0.00262527
-3.3691e-005	-4.48383e-006	-1.3772e-006
0.202557	-0.97927	0.00073511
3.50007e-005	-4.39123e-006	-1.93872e-006
0.33378	-0.942651	-0.000792165
-6.85672e-005	-2.08521e-005	-4.0791e-006
6.85672e-005	-2.12149e-005	-4.05054e-006
0.79376	-0.607909	-0.0197887
0.705887	-0.708284	0.00754318
0.800981	-0.598425	-0.0178042
3.3691e-005	-4.48383e-006	-1.50928e-006
-7.84222e-005	-3.23006e-005	1.02148e-006
4.08268e-005	-2.02704e-005	4.13574e-007
0.584528	-0.81136	-0.00459227
-2.18717e-005	-2.21485e-006	0
-2.31167e-005	-2.14986e-006	-4.50684e-007
0.0681039	-0.997678	-0
3.50007e-005	4.39123e-006	-1.93872e-006
-3.12585e-005	4.15242e-006	-4.16992e-007
3.12585e-005	4.15242e-006	-4.16992e-007
3.25059e-005	4.31812e-006	-9.61914e-007
5.53676e-005	1.54154e-005	1.61572e-006
0.79376	0.607909	-0.0197887
7.84222e-005	3.26112e-005	9.83887e-007
0.608086	0.793712	-0.0159162
-2.7716e-005	7.86297e-006	7.84912e-007
-1.37869e-005	3.78927e-006	3.6792e-007
0.800981	0.598425	-0.0178042
9.15311e-005	3.81002e-005	-4.63721e-006
2.4424e-005	2.31556e-006	-9.99756e-007
0.383026	0.923662	-0.0118231
2.56068e-005	2.73037e-006	-1.43799e-006
4.08367e-005	1.98282e-005	3.08105e-007
-2.1927e-005	2.21485e-006	-0
0.705887	0.708284	0.00754318
0.79385	0.607977	-0.0128669
-3.25059e-005	4.31812e-006	-9.61914e-007
0.465253	0.885174	0.00262527
0.202557	0.97927	0.00073511
0.0681039	0.997678	0
0.33378	0.942651	-0.000792165
2.31167e-005	2.14986e-006	-4.50684e-007
0.584528	0.81136	-0.00459227
-0.79376	0.607909	-0.0197887
0.130781	0.991373	-0.00873354
-0.383026	0.923662	-0.0118231
-0.130781	0.991373	-0.00873354
-3.3691e-005	4.48383e-006	-1.3772e-006
-0.608086	0.793712	-0.0159162
-2.4424e-005	2.55546e-006	-9.28223e-007
-2.31167e-005	2.14986e-006	-4.50684e-007
-0.79385	0.607977	-0.0128669
-7.84222e-005	3.23006e-005	1.02148e-006
-2.56068e-005	2.47206e-006	-1.44849e-006
-0.465253	0.885174	0.00262527
-0.202557	0.97927	0.00073511
2.1927e-005	2.21485e-006	-0
-0.33378	0.942651	-0.000792165
6.85672e-005	2.12149e-005	-4.05054e-006
-6.85672e-005	2.08521e-005	-4.0791e-006
-9.15311e-005	3.81002e-005	-4.63721e-006
-0.705887	0.708284	0.00754318
-0.800981	0.598425	-0.0178042
-3.50007e-005	4.64953e-006	-1.92822e-006
3.3691e-005	4.48383e-006	-1.50928e-006
-4.08268e-005	2.02704e-005	4.13574e-007
-0.584528	0.81136	-0.00459227
-0.0681039	0.997678	-0
0	0	1
-0	-0	6.00984e-005
-0	-0	2.99543e-005
-0	-0	-9.25781e-005
-0	-0	-1
-0.991235	-0.13211	0
-0.924318	-0.381622	0
-0.609212	-0.793008	-0
-0.792961	-0.609272	-0
-0.382388	-0.924002	-0
-0.13054	-0.991443	-0
0.382388	-0.924002	-0
0.609212	-0.793008	-0
0.923735	-0.383032	-0
0.792961	-0.609272	-0
0.99145	-0.130487	-0
0.13054	-0.991443	-0
0.991457	0.130433	-0
0.923735	0.383032	-0
0.609212	0.793008	0
0.792961	0.609272	0
0.382388	0.924002	0
0.13054	0.991443	0
-0.382388	0.924002	-0
-0.609212	0.793008	-0
-0.924318	0.381622	-0
-0.991242	0.132056	-0
-0.792961	0.609272	-0
-0.13054	0.991443	-0

#	Mesh	0	End

