#	Mesh	0	Begin

#	Vertex	24
-270.372	95.8048	1.89
-270.376	95.8048	1.89
-270.376	93.2248	1.89
-270.372	93.2248	1.89
-270.372	95.8048	2.47
-270.376	95.8048	2.47
-270.376	93.2248	2.47
-270.372	93.2248	2.47
-271.536	93.2648	2.44954
-270.376	93.2648	2.43
-270.376	93.2648	1.93
-271.536	93.2648	1.44954
-271.536	95.7648	2.44954
-270.376	95.7648	2.43
-270.376	95.7648	1.93
-271.536	95.7648	1.44954
-271.536	95.8048	1.40954
-271.54	95.8048	1.40954
-271.54	93.2248	1.40954
-271.536	93.2248	1.40954
-271.536	95.8048	2.48954
-271.54	95.8048	2.48954
-271.54	93.2248	2.48954
-271.536	93.2248	2.48954

#	Triangle	8
3	4	7	0	4	3	9	14	13	10	14	9	19	20	23	16	20	19
0	5	4	1	5	0	12	14	15	13	14	12	16	21	20	17	21	16
1	6	5	2	6	1	11	12	15	8	12	11	17	22	21	18	22	17
2	7	6	3	7	2	11	9	8	10	9	11	18	23	22	19	23	18
3	1	0	2	1	3	19	17	16	18	17	19
4	6	7	5	6	4	20	22	23	21	22	20
8	13	12	9	13	8
10	15	14	11	15	10

#	Normal	8
1	-0	-0
-0	1	-0
-1	-0	0
-0	-1	-0
-0	0	-1
0	0	1
0.0168404	-0	0.999858
0.382684	-0	-0.923879

#	Mesh	0	End

