#	Mesh	0	Begin

#	Vertex	72
-271.209	129.887	-2.27
-271.2	129.889	-2.27
-271.191	129.893	-2.27
-271.184	129.899	-2.27
-271.177	129.905	-2.27
-271.172	129.913	-2.27
-271.168	129.922	-2.27
-271.165	129.931	-2.27
-271.164	129.94	-2.27
-271.165	129.95	-2.27
-271.168	129.959	-2.27
-271.172	129.967	-2.27
-271.177	129.975	-2.27
-271.184	129.982	-2.27
-271.191	129.987	-2.27
-271.2	129.991	-2.27
-271.209	129.993	-2.27
-271.218	129.994	-2.27
-271.228	129.993	-2.27
-271.237	129.991	-2.27
-271.245	129.987	-2.27
-271.253	129.982	-2.27
-271.26	129.975	-2.27
-271.265	129.967	-2.27
-271.269	129.959	-2.27
-271.272	129.95	-2.27
-271.272	129.94	-2.27
-271.272	129.931	-2.27
-271.269	129.922	-2.27
-271.265	129.913	-2.27
-271.26	129.905	-2.27
-271.253	129.899	-2.27
-271.245	129.893	-2.27
-271.237	129.889	-2.27
-271.228	129.887	-2.27
-271.218	129.886	-2.27
-271.209	129.887	4.948
-271.2	129.889	4.948
-271.191	129.893	4.948
-271.184	129.899	4.948
-271.177	129.905	4.948
-271.172	129.913	4.948
-271.168	129.922	4.948
-271.165	129.931	4.948
-271.164	129.94	4.948
-271.165	129.95	4.948
-271.168	129.959	4.948
-271.172	129.967	4.948
-271.177	129.975	4.948
-271.184	129.982	4.948
-271.191	129.987	4.948
-271.2	129.991	4.948
-271.209	129.993	4.948
-271.218	129.994	4.948
-271.228	129.993	4.948
-271.237	129.991	4.948
-271.245	129.987	4.948
-271.253	129.982	4.948
-271.26	129.975	4.948
-271.265	129.967	4.948
-271.269	129.959	4.948
-271.272	129.95	4.948
-271.272	129.94	4.948
-271.272	129.931	4.948
-271.269	129.922	4.948
-271.265	129.913	4.948
-271.26	129.905	4.948
-271.253	129.899	4.948
-271.245	129.893	4.948
-271.237	129.889	4.948
-271.228	129.887	4.948
-271.218	129.886	4.948

#	Triangle	50
35	36	71	0	36	35
0	37	36	1	37	0
1	38	37	2	38	1
2	39	38	3	39	2
3	40	39	4	40	3
4	41	40	5	41	4
5	42	41	6	42	5
6	43	42	7	43	6
7	44	43	8	44	7
8	45	44	9	45	8
9	46	45	10	46	9
10	47	46	11	47	10
11	48	47	12	48	11
12	49	48	13	49	12
13	50	49	14	50	13
14	51	50	15	51	14
15	52	51	16	52	15
16	53	52	17	53	16
17	54	53	18	54	17
18	55	54	19	55	18
19	56	55	20	56	19
20	57	56	21	57	20
21	58	57	22	58	21
22	59	58	23	59	22
23	60	59	24	60	23
24	61	60	25	61	24
25	62	61	26	62	25
26	63	62	27	63	26
27	64	63	28	64	27
28	65	64	29	65	28
29	66	65	30	66	29
30	67	66	31	67	30
31	68	67	32	68	31
32	69	68	33	69	32
33	70	69	34	70	33
34	71	70	35	71	34
7	9	8
6	9	7
6	10	9
5	10	6	5	11	10	4	11	5	4	12	11	3	12	4	3	13	12	2	13	3	2	14	13	1	14	2	1	15	14	0	15	1	0	16	15	35	16	0	35	17	16	34	17	35	34	18	17	33	18	34	33	19	18	32	19	33	32	20	19	31	20	32	31	21	20	30	21	31	30	22	21	29	22	30	29	23	22	28	23	29	28	24	23
27	24	28
27	25	24
26	25	27
45	43	44
46	43	45
46	42	43
47	42	46	47	41	42	48	41	47	48	40	41	49	40	48	49	39	40	50	39	49	50	38	39	51	38	50	51	37	38	52	37	51	52	36	37	53	36	52	53	71	36	54	71	53	54	70	71	55	70	54	55	69	70	56	69	55	56	68	69	57	68	56	57	67	68	58	67	57	58	66	67	59	66	58	59	65	66	60	65	59	60	64	65
61	64	60
61	63	64
62	63	61

#	Normal	50
0.087167	-0.996194	-0
0.258902	-0.965904	-0
0.422476	-0.906374	-0
0.573128	-0.819466	-0
0.707107	-0.707107	-0
0.818803	-0.574075	-0
0.906692	-0.421794	-0
0.965848	-0.25911	-0
0.996272	-0.0862717	-0
0.996265	0.086343	-0
0.965904	0.258902	-0
0.906692	0.421794	-0
0.818803	0.574075	-0
0.707107	0.707107	-0
0.573128	0.819466	-0
0.422476	0.906374	-0
0.258902	0.965904	-0
0.087167	0.996194	-0
-0.087167	0.996194	-0
-0.258902	0.965904	-0
-0.422476	0.906374	-0
-0.57469	0.818371	-0
-0.707107	0.707107	-0
-0.818803	0.574075	-0
-0.905419	0.424519	-0
-0.966729	0.255801	-0
-0.995974	0.0896377	-0
-0.995981	-0.0895637	0
-0.966675	-0.256007	0
-0.905419	-0.424519	0
-0.818803	-0.574075	0
-0.707107	-0.707107	0
-0.57469	-0.818371	0
-0.422476	-0.906374	0
-0.258902	-0.965904	0
-0.087167	-0.996194	0
-0	0	-1.52407e-005
-0	-0	-4.57222e-005
-0	0	-9.00352e-005
-0	-0	-1
0	-0	-8.88809e-005
-0	0	-4.5136e-005
0	-0	-1.58269e-005
-0	0	1.52407e-005
-0	-0	4.57222e-005
-0	0	9.00352e-005
-0	-0	1
-0	-0	8.88809e-005
0	0	4.5136e-005
-0	-0	1.58269e-005

#	Mesh	0	End

