#	Mesh	0	Begin

#	Vertex	72
30.3173	63.3717	1.14674
30.3173	63.3688	1.14597
30.3173	63.3662	1.14472
30.3173	63.3637	1.14302
30.3173	63.3616	1.14093
30.3173	63.3599	1.1385
30.3173	63.3587	1.13581
30.3173	63.3579	1.13295
30.3173	63.3577	1.13
30.3173	63.3579	1.12705
30.3173	63.3587	1.12419
30.3173	63.3599	1.1215
30.3173	63.3616	1.11907
30.3173	63.3637	1.11698
30.3173	63.3662	1.11528
30.3173	63.3688	1.11403
30.3173	63.3717	1.11326
30.3173	63.3747	1.113
30.3173	63.3776	1.11326
30.3173	63.3805	1.11403
30.3173	63.3832	1.11528
30.3173	63.3856	1.11698
30.3173	63.3877	1.11907
30.3173	63.3894	1.1215
30.3173	63.3906	1.12419
30.3173	63.3914	1.12705
30.3173	63.3917	1.13
30.3173	63.3914	1.13295
30.3173	63.3906	1.13581
30.3173	63.3894	1.1385
30.3173	63.3877	1.14093
30.3173	63.3856	1.14302
30.3173	63.3832	1.14472
30.3173	63.3805	1.14597
30.3173	63.3776	1.14674
30.3173	63.3747	1.147
31.0258	63.3717	1.14674
31.0258	63.3688	1.14597
31.0258	63.3662	1.14472
31.0258	63.3637	1.14302
31.0258	63.3616	1.14093
31.0258	63.3599	1.1385
31.0258	63.3587	1.13581
31.0258	63.3579	1.13295
31.0258	63.3577	1.13
31.0258	63.3579	1.12705
31.0258	63.3587	1.12419
31.0258	63.3599	1.1215
31.0258	63.3616	1.11907
31.0258	63.3637	1.11698
31.0258	63.3662	1.11528
31.0258	63.3688	1.11403
31.0258	63.3717	1.11326
31.0258	63.3747	1.113
31.0258	63.3776	1.11326
31.0258	63.3805	1.11403
31.0258	63.3832	1.11528
31.0258	63.3856	1.11698
31.0258	63.3877	1.11907
31.0258	63.3894	1.1215
31.0258	63.3906	1.12419
31.0258	63.3914	1.12705
31.0258	63.3917	1.13
31.0258	63.3914	1.13295
31.0258	63.3906	1.13581
31.0258	63.3894	1.1385
31.0258	63.3877	1.14093
31.0258	63.3856	1.14302
31.0258	63.3832	1.14472
31.0258	63.3805	1.14597
31.0258	63.3776	1.14674
31.0258	63.3747	1.147

#	Triangle	72
35	36	71	0	36	35
0	37	36	1	37	0
1	38	37	2	38	1
2	39	38	3	39	2
3	40	39	4	40	3
4	41	40	5	41	4
5	42	41	6	42	5
6	43	42	7	43	6
7	44	43	8	44	7
8	45	44	9	45	8
9	46	45	10	46	9
10	47	46	11	47	10
11	48	47	12	48	11
12	49	48	13	49	12
13	50	49	14	50	13
14	51	50	15	51	14
15	52	51	16	52	15
16	53	52	17	53	16
17	54	53	18	54	17
18	55	54	19	55	18
19	56	55	20	56	19
20	57	56	21	57	20
21	58	57	22	58	21
22	59	58	23	59	22
23	60	59	24	60	23
24	61	60	25	61	24
25	62	61	26	62	25
26	63	62	27	63	26
27	64	63	28	64	27
28	65	64	29	65	28
29	66	65	30	66	29
30	67	66	31	67	30
31	68	67	32	68	31
32	69	68	33	69	32
33	70	69	34	70	33
34	71	70	35	71	34
7	9	8	26	25	27
6	9	7	27	25	24
6	10	9	27	24	28
5	10	6	28	24	23
5	11	10	28	23	29
4	11	5	29	23	22
4	12	11	29	22	30
3	12	4	30	22	21
3	13	12	30	21	31
2	13	3	31	21	20
2	14	13
1	14	2	32	20	19
1	15	14	32	19	33
0	15	1	33	19	18
0	16	15	33	18	34
35	16	0	34	18	17
35	17	16	34	17	35
31	20	32
45	43	44	62	63	61
46	43	45	61	63	64
46	42	43	61	64	60
47	42	46	60	64	65
47	41	42	60	65	59
48	41	47	59	65	66
48	40	41	59	66	58
49	40	48	58	66	67
49	39	40	58	67	57
50	39	49	57	67	68
50	38	39
51	38	50	56	68	69
51	37	38	56	69	55
52	37	51	55	69	70
52	36	37	55	70	54
53	36	52	54	70	71
53	71	36	54	71	53
57	68	56

#	Normal	72
-0	-0.0871343	0.996197
-0	-0.259071	0.965858
-0	-0.422374	0.906422
-0	-0.573838	0.818969
-0	-0.706716	0.707498
-0	-0.819222	0.573476
-0	-0.906611	0.421967
-0	-0.965708	0.259631
-0	-0.996208	0.0870029
0	-0.996208	-0.0870029
0	-0.965708	-0.259631
0	-0.906611	-0.421967
0	-0.819222	-0.573476
0	-0.706716	-0.707498
0	-0.573838	-0.818969
0	-0.422374	-0.906422
0	-0.259071	-0.965858
0	-0.0871343	-0.996197
-0	0.0871343	-0.996197
-0	0.258742	-0.965947
-0	0.422879	-0.906186
-0	0.573219	-0.819402
-0	0.707375	-0.706839
-0	0.819222	-0.573476
-0	0.906106	-0.42305
-0	0.966038	-0.258401
-0	0.996208	-0.0870029
-0	0.996208	0.0870029
-0	0.966038	0.258401
-0	0.906106	0.42305
-0	0.819222	0.573476
-0	0.707375	0.706839
-0	0.573219	0.819402
-0	0.422879	0.906186
-0	0.258742	0.965947
-0	0.0871343	0.996197
-1.52214e-006	-0	-0
-4.54335e-006	-0	-0
-8.94862e-006	-0	-0
-1.45358e-005	-0	-0
-2.125e-005	-0	-0
-2.88867e-005	-0	-0
-3.7136e-005	-0	-0
-4.58437e-005	-0	-0
-5.46343e-005	-0	-0
-6.31805e-005	-0	-0
-7.14267e-005	-0	-0
-7.9133e-005	-0	-0
-8.58642e-005	-0	-0
-9.13555e-005	-0	-0
-9.57416e-005	-0	-0
-9.88807e-005	-0	-0
-1	-0	-0
-7.15417e-005	-0	-0
1.52214e-006	-0	-0
4.54335e-006	-0	-0
8.94862e-006	-0	-0
1.45358e-005	-0	-0
2.125e-005	-0	-0
2.88867e-005	-0	-0
3.7136e-005	-0	-0
4.58437e-005	-0	-0
5.46343e-005	-0	-0
6.31805e-005	-0	-0
7.14267e-005	-0	-0
7.9133e-005	-0	-0
8.58642e-005	-0	-0
9.13555e-005	-0	-0
9.57416e-005	-0	-0
9.88807e-005	-0	-0
1	-0	-0
7.15417e-005	0	-0

#	Mesh	0	End

