#	Mesh	0	Begin

#	Vertex	354
-12.9332	89.4942	1.15433
-12.9375	89.4926	1.15307
-12.9336	89.4941	1.1647
-12.9284	89.4948	1.15478
-12.9284	89.4948	1.1647
-12.9332	89.4942	1.10567
-12.9284	89.4948	1.10522
-12.9284	89.4948	1.0953
-12.9442	89.4871	1.14913
-12.9465	89.4835	1.14699
-12.9459	89.4847	1.1647
-12.9427	89.4889	1.1647
-12.9412	89.4902	1.15125
-12.9479	89.4799	1.1647
-12.948	89.4794	1.14523
-12.9385	89.4921	1.1647
-12.9485	89.4747	1.1647
-12.9485	89.4747	1.14449
-12.948	89.4794	1.11477
-12.9485	89.4747	1.0953
-12.9485	89.4747	1.11551
-12.948	89.47	1.14523
-12.9479	89.4695	1.1647
-12.9465	89.4658	1.14699
-12.9459	89.4646	1.1647
-12.9442	89.4622	1.14913
-12.9375	89.4567	1.15307
-12.9332	89.4551	1.15433
-12.9336	89.4552	1.1647
-12.9427	89.4604	1.1647
-12.9412	89.4591	1.15125
-12.9385	89.4573	1.1647
-12.9284	89.4546	1.1647
-12.9284	89.4546	1.15478
-12.9237	89.4551	1.15433
-12.9194	89.4567	1.15307
-12.9232	89.4552	1.1647
-12.9127	89.4622	1.14913
-12.9104	89.4658	1.14699
-12.911	89.4646	1.1647
-12.9142	89.4604	1.1647
-12.9157	89.4591	1.15125
-12.909	89.4695	1.1647
-12.9089	89.47	1.14523
-12.9184	89.4573	1.1647
-12.9083	89.4747	1.1647
-12.9083	89.4747	1.14449
-12.9089	89.4794	1.14523
-12.909	89.4799	1.1647
-12.9104	89.4835	1.14699
-12.911	89.4847	1.1647
-12.9127	89.4871	1.14913
-12.9194	89.4926	1.15307
-12.9237	89.4942	1.15433
-12.9232	89.4941	1.1647
-12.9142	89.4889	1.1647
-12.9157	89.4902	1.15125
-12.9184	89.4921	1.1647
-12.9237	89.4942	1.10567
-12.9083	89.4747	1.0953
-12.9089	89.4794	1.11477
-12.9083	89.4747	1.11551
-12.9284	89.4433	1.10522
-12.9349	89.4433	1.10606
-12.9332	89.4551	1.10567
-12.9284	89.4546	1.10522
-12.9375	89.4567	1.10693
-12.9408	89.4433	1.10854
-12.946	89.4433	1.11248
-12.9442	89.4622	1.11088
-12.9499	89.4433	1.11761
-12.9465	89.4658	1.11301
-12.9511	89.4747	1.11998
-12.9524	89.4433	1.12359
-12.9412	89.4591	1.10876
-12.948	89.47	1.11477
-12.9527	89.4747	1.12488
-12.9532	89.4747	1.13
-12.9532	89.5061	1.13
-12.9532	89.4433	1.13
-12.9499	89.4433	1.14239
-12.9511	89.4747	1.14002
-12.9524	89.4433	1.13641
-12.9527	89.4747	1.13512
-12.946	89.4433	1.14752
-12.9349	89.4433	1.15394
-12.9284	89.4433	1.15478
-12.9408	89.4433	1.15146
-12.9284	89.5061	1.15478
-12.922	89.4433	1.15394
-12.9161	89.4433	1.15146
-12.9109	89.4433	1.14752
-12.907	89.4433	1.14239
-12.9058	89.4747	1.14002
-12.9045	89.4433	1.13641
-12.9042	89.4747	1.13512
-12.9037	89.4747	1.13
-12.9037	89.5061	1.13
-12.9037	89.4433	1.13
-12.9058	89.4747	1.11998
-12.9045	89.4433	1.12359
-12.907	89.4433	1.11761
-12.9042	89.4747	1.12488
-12.9109	89.4433	1.11248
-12.9104	89.4658	1.11301
-12.9237	89.4551	1.10567
-12.922	89.4433	1.10606
-12.9161	89.4433	1.10854
-12.9127	89.4622	1.11088
-12.9194	89.4567	1.10693
-12.9089	89.47	1.11477
-12.9157	89.4591	1.10876
-12.9091	89.4433	1.14934
-12.9048	89.4433	1.14368
-12.9148	89.4433	1.15369
-12.9214	89.4433	1.15642
-12.9284	89.4433	1.15735
-12.9355	89.4433	1.15642
-12.9421	89.4433	1.15369
-12.9478	89.4433	1.14934
-12.9521	89.4433	1.14368
-12.9549	89.4433	1.13708
-12.9558	89.4433	1.13
-12.9549	89.4433	1.12292
-12.9521	89.4433	1.11632
-12.9478	89.4433	1.11066
-12.9421	89.4433	1.10631
-12.9355	89.4433	1.10358
-12.9284	89.4433	1.10265
-12.9214	89.4433	1.10358
-12.9148	89.4433	1.10631
-12.9091	89.4433	1.11066
-12.9048	89.4433	1.11632
-12.902	89.4433	1.12292
-12.9011	89.4433	1.13
-12.902	89.4433	1.13708
-12.9011	89.4346	1.13
-12.902	89.4346	1.13708
-12.9048	89.4346	1.14368
-12.9091	89.4346	1.14934
-12.9148	89.4346	1.15369
-12.9214	89.4346	1.15642
-12.9284	89.4346	1.15735
-12.9355	89.4346	1.15642
-12.9421	89.4346	1.15369
-12.9478	89.4346	1.14934
-12.9521	89.4346	1.14368
-12.9549	89.4346	1.13708
-12.9558	89.4346	1.13
-12.9549	89.4346	1.12292
-12.9521	89.4346	1.11632
-12.9478	89.4346	1.11066
-12.9421	89.4346	1.10631
-12.9355	89.4346	1.10358
-12.9284	89.4346	1.10265
-12.9214	89.4346	1.10358
-12.9148	89.4346	1.10631
-12.9091	89.4346	1.11066
-12.9048	89.4346	1.11632
-12.902	89.4346	1.12292
-12.9355	89.5061	1.10358
-12.9355	89.5148	1.10358
-12.9284	89.5148	1.10265
-12.9284	89.5061	1.10265
-12.9421	89.5061	1.10631
-12.9421	89.5148	1.10631
-12.9478	89.5148	1.11066
-12.9478	89.5061	1.11066
-12.9521	89.5061	1.11632
-12.9521	89.5148	1.11632
-12.9549	89.5061	1.12292
-12.9549	89.5148	1.12292
-12.9558	89.5061	1.13
-12.9558	89.5148	1.13
-12.9521	89.5061	1.14368
-12.9521	89.5148	1.14368
-12.9549	89.5148	1.13708
-12.9549	89.5061	1.13708
-12.9478	89.5061	1.14934
-12.9478	89.5148	1.14934
-12.9421	89.5148	1.15369
-12.9421	89.5061	1.15369
-12.9355	89.5061	1.15642
-12.9355	89.5148	1.15642
-12.9284	89.5061	1.15735
-12.9284	89.5148	1.15735
-12.9214	89.5061	1.15642
-12.9214	89.5148	1.15642
-12.9148	89.5061	1.15369
-12.9148	89.5148	1.15369
-12.9091	89.5148	1.14934
-12.9091	89.5061	1.14934
-12.9048	89.5061	1.14368
-12.9048	89.5148	1.14368
-12.902	89.5061	1.13708
-12.902	89.5148	1.13708
-12.9011	89.5061	1.13
-12.9011	89.5148	1.13
-12.9048	89.5061	1.11632
-12.9048	89.5148	1.11632
-12.902	89.5148	1.12292
-12.902	89.5061	1.12292
-12.9091	89.5061	1.11066
-12.9091	89.5148	1.11066
-12.9148	89.5148	1.10631
-12.9148	89.5061	1.10631
-12.9214	89.5061	1.10358
-12.9214	89.5148	1.10358
-12.9349	89.5061	1.15394
-12.9408	89.5061	1.15146
-12.946	89.5061	1.14752
-12.9499	89.5061	1.14239
-12.9524	89.5061	1.13641
-12.9499	89.5061	1.11761
-12.9524	89.5061	1.12359
-12.9465	89.4835	1.11301
-12.946	89.5061	1.11248
-12.9349	89.5061	1.10606
-12.9284	89.5061	1.10522
-12.9408	89.5061	1.10854
-12.9442	89.4871	1.11087
-12.9375	89.4926	1.10693
-12.9412	89.4902	1.10875
-12.922	89.5061	1.10606
-12.9194	89.4926	1.10693
-12.9161	89.5061	1.10854
-12.9109	89.5061	1.11248
-12.9127	89.4871	1.11087
-12.907	89.5061	1.11761
-12.9104	89.4835	1.11301
-12.9045	89.5061	1.12359
-12.9157	89.4902	1.10875
-12.9045	89.5061	1.13641
-12.907	89.5061	1.14239
-12.9109	89.5061	1.14752
-12.922	89.5061	1.15394
-12.9161	89.5061	1.15146
-12.9284	89.4546	1.0953
-12.9232	89.4552	1.0953
-12.9184	89.4573	1.0953
-12.9142	89.4604	1.0953
-12.911	89.4646	1.0953
-12.909	89.4695	1.0953
-12.909	89.4799	1.0953
-12.911	89.4847	1.0953
-12.9142	89.4889	1.0953
-12.9184	89.4921	1.0953
-12.9232	89.4941	1.0953
-12.9336	89.4941	1.0953
-12.9385	89.4921	1.0953
-12.9427	89.4889	1.0953
-12.9459	89.4847	1.0953
-12.9479	89.4799	1.0953
-12.9479	89.4695	1.0953
-12.9459	89.4646	1.0953
-12.9427	89.4604	1.0953
-12.9385	89.4573	1.0953
-12.9336	89.4552	1.0953
-12.909	89.4859	1.0876
-12.9067	89.4805	1.0876
-12.9059	89.4747	1.0876
-12.9067	89.4688	1.0876
-12.909	89.4634	1.0876
-12.9125	89.4587	1.0876
-12.9172	89.4552	1.0876
-12.9226	89.4529	1.0876
-12.9284	89.4522	1.0876
-12.9343	89.4529	1.0876
-12.9397	89.4552	1.0876
-12.9444	89.4587	1.0876
-12.9479	89.4634	1.0876
-12.9502	89.4688	1.0876
-12.9509	89.4747	1.0876
-12.9502	89.4805	1.0876
-12.9479	89.4859	1.0876
-12.9444	89.4906	1.0876
-12.9397	89.4941	1.0876
-12.9343	89.4964	1.0876
-12.9284	89.4972	1.0876
-12.9226	89.4964	1.0876
-12.9172	89.4941	1.0876
-12.9125	89.4906	1.0876
-12.909	89.4859	1.0953
-12.9125	89.4906	1.0953
-12.9067	89.4805	1.0953
-12.9172	89.4941	1.0953
-12.9226	89.4964	1.0953
-12.9284	89.4972	1.0953
-12.9343	89.4964	1.0953
-12.9397	89.4941	1.0953
-12.9444	89.4906	1.0953
-12.9479	89.4859	1.0953
-12.9502	89.4805	1.0953
-12.9509	89.4747	1.0953
-12.9502	89.4688	1.0953
-12.9479	89.4634	1.0953
-12.9444	89.4587	1.0953
-12.9397	89.4552	1.0953
-12.9343	89.4529	1.0953
-12.9284	89.4522	1.0953
-12.9226	89.4529	1.0953
-12.9172	89.4552	1.0953
-12.9125	89.4587	1.0953
-12.909	89.4634	1.0953
-12.9067	89.4688	1.0953
-12.9059	89.4747	1.0953
-12.9343	89.4529	1.1724
-12.9343	89.4529	1.1647
-12.9284	89.4522	1.1647
-12.9284	89.4522	1.1724
-12.9397	89.4552	1.1724
-12.9397	89.4552	1.1647
-12.9444	89.4587	1.1647
-12.9444	89.4587	1.1724
-12.9479	89.4634	1.1724
-12.9479	89.4634	1.1647
-12.9502	89.4688	1.1724
-12.9502	89.4688	1.1647
-12.9509	89.4747	1.1724
-12.9509	89.4747	1.1647
-12.9479	89.4859	1.1724
-12.9479	89.4859	1.1647
-12.9502	89.4805	1.1647
-12.9502	89.4805	1.1724
-12.9444	89.4906	1.1724
-12.9444	89.4906	1.1647
-12.9397	89.4941	1.1647
-12.9397	89.4941	1.1724
-12.9343	89.4964	1.1724
-12.9343	89.4964	1.1647
-12.9284	89.4972	1.1724
-12.9284	89.4972	1.1647
-12.9226	89.4964	1.1724
-12.9226	89.4964	1.1647
-12.9172	89.4941	1.1724
-12.9172	89.4941	1.1647
-12.9125	89.4906	1.1647
-12.9125	89.4906	1.1724
-12.909	89.4859	1.1724
-12.909	89.4859	1.1647
-12.9067	89.4805	1.1724
-12.9067	89.4805	1.1647
-12.9059	89.4747	1.1724
-12.9059	89.4747	1.1647
-12.909	89.4634	1.1724
-12.909	89.4634	1.1647
-12.9067	89.4688	1.1647
-12.9067	89.4688	1.1724
-12.9125	89.4587	1.1724
-12.9125	89.4587	1.1647
-12.9172	89.4552	1.1647
-12.9172	89.4552	1.1724
-12.9226	89.4529	1.1724
-12.9226	89.4529	1.1647

#	Triangle	258
2	0	1	248	221	5
4	3	0	7	5	6
10	8	9	215	220	251
8	11	12	220	222	250
14	13	9	252	18	215
15	1	12	222	221	249
2	1	15
0	2	4	7	248	5
9	13	10
10	11	8
12	11	15
14	16	13
16	14	17	20	18	19
22	16	21
21	23	22	75	253	71
25	24	23
28	26	27
30	29	25
26	31	30	256	66	74
24	25	29
23	24	22
27	32	28	257	237	64
28	31	26
30	31	29
27	33	32	237	65	64
17	21	16	20	19	75
36	34	35	238	109	105
32	33	34	237	105	65
39	37	38
37	40	41
43	42	38	242	110	104
44	35	41	111	109	239
36	35	44
34	36	32	237	238	105
38	42	39
39	40	37
41	40	44
43	45	42
45	43	46	61	110	59
48	45	47
47	49	48	60	243	229
51	50	49	229	244	227
54	52	53	247	58	224
56	55	51	227	245	231
52	57	56	246	224	231
50	51	55
49	50	48
53	4	54	247	7	58
54	57	52
56	57	55
53	3	4	7	6	58
46	47	45	61	59	60
64	62	63
62	64	65	5	218	6
66	64	63	217	5	221
69	67	68
71	68	70
66	63	67
73	72	70
67	74	66	219	221	222
71	69	68	220	215	216
74	67	69	220	219	222
71	70	75
70	72	75
75	72	20
73	76	72
79	78	76
77	78	79	96	97	98
79	76	73
82	80	81
79	82	83
84	23	80
86	27	85
25	84	87
87	85	26
27	86	33	88	0	3
81	80	21
82	81	83
21	17	81
85	27	26	1	0	208
21	80	23
25	23	84	9	8	210
87	26	30	209	12	1
25	87	30	12	209	8
77	83	78	79	83	77
34	86	89
86	34	33	53	88	3
35	34	89	235	53	52
37	90	91
38	91	92
35	89	90
94	93	92
90	41	35	236	52	56
38	37	91	51	49	234
41	90	37	51	236	56
93	43	92
93	94	95
46	43	93
43	38	92
98	97	95
98	95	94
101	99	100
98	100	102
101	103	104
62	105	106
108	103	107
107	106	109
105	62	65	218	58	6
99	101	110
100	99	102
110	61	99
106	105	109	224	58	223
110	101	104
108	104	103	229	227	226
107	109	111	225	231	224
108	107	111	231	225	227
96	102	97	98	102	96
113	92	112	114	112	91	115	114	89	86	116	115	116	85	117	118	117	87	84	119	118	119	80	120	121	120	82	79	122	121	73	123	122	124	123	70	68	125	124	126	125	67	67	127	126	128	127	63	129	128	62	106	130	129	107	131	130	131	103	132	101	133	132	134	133	100	135	134	98	94	113	135
113	94	92	92	91	112	91	90	114	90	89	114	115	89	86	85	116	86	85	87	117	87	84	118	80	119	84	80	82	120	82	79	121	79	73	122	73	70	123	124	70	68	125	68	67	127	67	63	128	63	62	129	62	106	130	106	107	107	103	131	103	101	132	133	101	100	134	100	98	135	98	94
137	159	136	148	149	147
138	159	137	147	149	150
138	158	159	147	150	146
139	158	138	139	157	158	140	157	139	140	156	157	141	156	140	141	155	156	142	155	141	142	154	155	143	154	142	143	153	154	144	153	143	144	152	153	145	152	144	145	151	152	146	151	145	146	150	151
154	127	128	153	127	154	163	161	162	160	161	163
153	126	127	152	126	153	160	165	161	164	165	160
124	151	150	125	151	124	169	167	168	166	167	169
126	151	125	152	151	126	167	165	164	166	165	167
123	150	149	124	150	123	171	168	170	169	168	171
122	149	148	123	149	122	171	172	173	170	172	171
147	120	121	146	120	147	177	175	176	174	175	177
146	119	120	145	119	146	174	179	175	178	179	174
117	144	143	118	144	117	183	181	182	180	181	183
119	144	118	145	144	119	181	179	178	180	179	181
116	143	142	117	143	116	185	182	184	183	182	185
147	122	148	121	122	147	172	176	173	177	176	172
142	115	116	141	115	142	184	187	185	186	187	184
141	114	115	140	114	141	186	189	187	188	189	186
113	139	138	112	139	113	193	191	192	190	191	193
114	139	112	140	139	114	191	189	188	190	189	191
135	138	137	113	138	135	195	192	194	193	192	195
134	137	136	135	137	134	195	196	197	194	196	195
159	132	133	158	132	159	201	199	200	198	199	201
158	131	132	157	131	158	198	203	199	202	203	198
129	156	155	130	156	129	207	205	206	204	205	207
131	156	130	157	156	131	205	203	202	204	203	205
128	155	154	129	155	128	162	206	163	207	206	162
159	134	136	133	134	159	196	200	197	201	200	196
0	88	208
8	209	210
9	210	211
1	208	209
212	81	211
9	211	14
211	81	14
14	81	17
212	83	81
78	83	212
214	213	72
78	214	76
216	215	213
218	5	217
220	216	219
219	217	221
72	213	18
214	72	76
18	20	72
18	213	215
58	218	223
227	225	226
229	226	228
224	223	225
230	99	228
99	60	228
99	230	102
61	60	99
60	229	228
97	102	230
233	93	232
97	232	95
233	234	49
88	53	235
51	234	236
236	235	52
93	233	47
232	93	95
47	46	93
47	233	49
198	228	202	205	202	226	206	205	223	218	163	206	163	217	160	164	160	219	216	167	164	167	213	168	170	168	214	78	172	170	212	177	172	174	177	211	210	178	174	181	178	209	209	182	181	184	182	208	186	184	88	235	188	186	236	191	188	191	234	192	233	194	192	196	194	232	201	196	97	230	198	201
198	230	228	228	226	202	226	225	205	225	223	205	206	223	218	217	163	218	217	219	160	219	216	164	213	167	216	213	214	168	214	78	170	78	212	172	212	211	177	174	211	210	178	210	209	182	209	208	184	208	88	186	88	235	188	235	236	236	234	191	234	233	192	194	233	232	196	232	97	201	97	230
200	195	197	173	176	171
199	195	200	171	176	175
199	193	195	171	175	169
203	193	199	203	190	193	204	190	203	204	189	190	207	189	204	207	187	189	162	187	207	162	185	187	161	185	162	161	183	185	165	183	161	165	180	183	166	180	165	166	179	180	169	179	166	169	175	179
111	239	240
108	240	241
109	238	239
242	104	241
104	108	241
108	111	240
59	110	242
59	243	60
243	244	229
246	231	245
224	246	247
227	244	245
222	249	250
220	250	251
221	248	249
252	215	251
19	18	252
19	253	75
253	254	71
256	74	255
66	256	257
69	254	255
71	254	69
257	64	66
69	255	74
261	259	260	272	273	271
262	259	261	271	273	274
262	258	259	271	274	270
263	258	262	270	274	275
263	281	258	264	281	263	264	280	281	265	280	264	265	279	280	266	279	265	266	278	279	267	278	266	267	277	278	268	277	267	268	276	277	269	276	268	269	275	276	270	275	269
244	282	283	282	243	284	283	285	245	286	247	285	287	7	286	288	248	287	289	249	288	250	289	290	251	290	291	291	292	252	293	19	292	294	253	293	294	295	254	296	255	295	296	297	256	297	298	256	299	257	298	299	300	237	301	238	300	302	239	301	240	302	303	304	241	303	304	305	242	305	284	59
243	282	244	245	244	283	285	246	245	285	247	246	7	247	286	288	249	248	289	250	249	250	290	251	252	251	291	19	252	292	253	19	293	254	295	255	296	256	255	298	257	256	299	237	257	237	300	238	301	239	238	240	239	302	241	240	303	242	305	59	59	284	243
287	248	7	254	253	294	241	304	242
299	267	266	298	267	299	309	307	308	306	307	309
298	268	267	297	268	298	306	311	307	310	311	306
270	296	295	269	296	270	315	313	314	312	313	315
268	296	269	297	296	268	311	313	312	310	313	311
271	295	294	270	295	271	317	314	316	315	314	317
272	294	293	271	294	272	319	316	318	317	316	319
292	274	273	291	274	292	323	321	322	320	321	323
291	275	274	290	275	291	320	325	321	324	325	320
277	289	288	276	289	277	329	327	328	326	327	329
275	289	276	290	289	275	325	327	326	324	327	325
278	288	287	277	288	278	331	328	330	329	328	331
292	272	293	273	272	292	323	319	318	322	319	323
287	279	278	286	279	287	330	333	331	332	333	330
286	280	279	285	280	286	332	335	333	334	335	332
258	283	282	281	283	258	339	337	338	336	337	339
280	283	281	285	283	280	335	337	336	334	337	335
259	282	284	258	282	259	341	338	340	339	338	341
260	284	305	259	284	260	343	340	342	341	340	343
304	262	261	303	262	304	347	345	346	344	345	347
303	263	262	302	263	303	344	349	345	348	349	344
265	301	300	264	301	265	353	351	352	350	351	353
263	301	264	302	301	263	349	351	350	348	351	349
266	300	299	265	300	266	308	352	309	353	352	308
304	260	305	261	260	304	347	343	342	346	343	347
339	50	336	335	336	55	54	333	335	4	331	333	2	329	331	15	326	329	326	11	325	325	10	321	322	321	13	16	319	322	22	317	319	315	317	24	29	312	315	311	312	31	307	311	31	28	308	307	353	308	32	36	350	353	44	349	350	349	40	345	39	346	345	343	346	42	341	343	45	48	339	341
50	55	336	339	48	50	57	335	55	54	335	57	54	4	333	15	329	2	11	326	15	325	11	10	10	13	321	13	16	322	16	22	319	315	24	29	31	312	29	28	307	31	32	308	28	353	32	36	44	350	36	44	40	349	40	39	345	343	42	45	341	45	48
2	331	4	22	24	317	346	39	42
340	347	342	318	316	323
338	347	340	323	316	314
338	344	347	323	314	320
337	344	338	320	314	313
337	348	344	334	348	337	334	351	348	332	351	334	332	352	351	330	352	332	330	309	352	328	309	330	328	306	309	327	306	328	327	310	306	324	310	327	324	313	310	320	313	324

#	Normal	258
-1.66895e-005	4.54943e-005	-2.29523e-007
-5.50246e-006	4.68096e-005	-0
-6.13973e-005	3.91023e-005	-4.1761e-007
-4.40122e-005	4.35097e-005	-4.9054e-007
-8.04774e-005	2.91241e-005	-2.18735e-007
-2.8967e-005	4.49079e-005	-4.18907e-007
-2.33511e-005	5.63789e-005	5.97534e-007
-7.0506e-006	5.39634e-005	3.21709e-007
-8.59157e-005	3.55561e-005	6.92062e-007
-6.48434e-005	4.97427e-005	8.76709e-007
-4.29826e-005	5.60009e-005	8.54706e-007
-0.991401	0.13082	0.00325157
-9.47216e-005	1.12087e-005	-0
-0.991426	-0.130627	0.00320435
-8.06157e-005	-2.91241e-005	-2.29492e-007
-6.13973e-005	-3.91023e-005	-4.1761e-007
-1.65987e-005	-4.54943e-005	-2.59552e-007
-4.38905e-005	-4.35097e-005	-5.02579e-007
-2.90578e-005	-4.49079e-005	-4.2675e-007
-6.48434e-005	-4.97427e-005	8.76709e-007
-8.59157e-005	-3.55561e-005	6.92062e-007
-7.0506e-006	-5.39634e-005	2.81067e-007
-2.33511e-005	-5.63789e-005	5.97534e-007
-4.29826e-005	-5.60009e-005	8.22182e-007
-5.57996e-006	-4.68096e-005	-0
-9.47216e-005	-1.12087e-005	0
1.65987e-005	-4.55057e-005	-2.60986e-007
5.57996e-006	-4.67999e-005	-0
6.13973e-005	-3.9087e-005	-4.19983e-007
4.38905e-005	-4.35097e-005	-5.02579e-007
8.06157e-005	-2.91431e-005	-2.29996e-007
2.90578e-005	-4.49079e-005	-4.2675e-007
2.33511e-005	-5.63789e-005	5.97534e-007
7.0506e-006	-5.39634e-005	2.80403e-007
8.59157e-005	-3.55561e-005	6.87325e-007
6.48434e-005	-4.97427e-005	8.76709e-007
4.29826e-005	-5.60009e-005	8.22182e-007
0.99145	-0.130444	0.00320936
9.47216e-005	-1.1189e-005	-0
0.991425	0.130637	0.00325651
8.04774e-005	2.91431e-005	-2.19231e-007
6.13973e-005	3.9087e-005	-4.19983e-007
1.66895e-005	4.55057e-005	-2.30957e-007
4.40122e-005	4.35097e-005	-4.9054e-007
2.8967e-005	4.49079e-005	-4.18907e-007
6.48434e-005	4.97427e-005	8.76709e-007
8.59157e-005	3.55561e-005	6.87325e-007
7.0506e-006	5.39634e-005	3.21045e-007
2.33511e-005	5.63789e-005	5.97534e-007
4.29826e-005	5.60009e-005	8.54706e-007
5.50246e-006	4.67999e-005	0
9.47216e-005	1.1189e-005	-0
-1.00202e-005	-1.07351e-006	-7.61169e-005
-5.139e-006	0	-5.34102e-005
-1.55537e-005	4.38865e-007	-5.40552e-005
-0.608747	-0.0103992	-0.793296
-0.793384	-0.00381031	-0.60871
-3.33237e-005	-1.34143e-006	-8.04501e-005
-0.923856	-0.00653657	-0.382684
-2.8398e-005	1.31803e-007	-5.78793e-005
-4.62307e-005	1.12902e-007	-4.95855e-005
-3.29883e-005	-1.28057e-007	-4.65169e-005
-5.88678e-005	-9.17914e-007	-4.82795e-005
-0.855647	0.00623116	-0.517522
-2.09106e-005	-5.82144e-007	-1.19871e-005
-0.951597	0.00325125	-0.307332
-0.994588	-0	-0.1039
0	-0	-0
-0.991428	-0.00440573	-0.13058
-0.923856	-0.00653657	0.382684
-0.991428	-0.00440573	0.13058
-0.793384	-0.0038107	0.60871
-1.00202e-005	-1.07639e-006	7.61169e-005
-0.608747	-0.010422	0.793296
-3.33044e-005	-1.34056e-006	8.04034e-005
-5.1252e-006	-0	5.3344e-005
-0.855594	0.00623981	0.517609
-0.951597	0.00325125	0.307332
-2.09455e-005	-5.85243e-007	1.20071e-005
-1.55352e-005	4.38853e-007	5.40397e-005
-5.89057e-005	-9.1753e-007	4.8302e-005
-4.62263e-005	1.11167e-007	4.96043e-005
-2.8393e-005	1.30294e-007	5.79061e-005
-3.29968e-005	-1.25435e-007	4.65658e-005
-0.994588	-0	0.1039
1.00202e-005	-1.07601e-006	7.61053e-005
5.1252e-006	-0	5.3333e-005
1.55352e-005	4.38471e-007	5.40513e-005
0.608747	-0.0104534	0.793296
0.793311	-0.0038068	0.608805
3.33044e-005	-1.34298e-006	8.04034e-005
0.923856	-0.00653657	0.382684
2.8393e-005	1.28515e-007	5.79038e-005
4.62263e-005	1.10649e-007	4.95823e-005
3.29968e-005	-1.27506e-007	4.65628e-005
0.855594	0.00623981	0.517609
0.951652	0.00327323	0.30716
2.09455e-005	-5.80158e-007	1.20117e-005
5.89057e-005	-9.20305e-007	4.83281e-005
0.994568	-0	0.104088
0.991428	-0.0043749	0.13058
0.923856	-0.00653657	-0.382684
0.991428	-0.0043749	-0.13058
0.793311	-0.00384075	-0.608805
1.00202e-005	-1.07395e-006	-7.61053e-005
0.608747	-0.0104306	-0.793296
3.33237e-005	-1.34385e-006	-8.04501e-005
5.139e-006	-0	-5.34102e-005
0.855647	0.00623116	-0.517522
0.951652	0.00327323	-0.30716
2.09106e-005	-5.77061e-007	-1.19917e-005
1.55537e-005	4.37636e-007	-5.40537e-005
5.88678e-005	-9.17914e-007	-4.82795e-005
4.62307e-005	1.10815e-007	-4.9582e-005
2.8398e-005	1.30023e-007	-5.7877e-005
3.29883e-005	-1.30128e-007	-4.65139e-005
0.994568	-0	-0.104088
0	1.8192e-005	0
-0	1.64823e-005	0
-0	-1.31897e-005	-0
-0	-3.86842e-005	-0
-0	-7.4732e-005	-0
-0	-1	-0
-8.10303e-006	0	-6.1555e-005
-2.37582e-005	0	-5.73517e-005
-4.92529e-005	-0	-3.77872e-005
-3.77936e-005	-0	-4.92593e-005
-5.7357e-005	-0	-2.37593e-005
-6.15518e-005	-0	-8.1094e-006
-5.7357e-005	-0	2.37593e-005
-4.92529e-005	-0	3.77872e-005
-2.37582e-005	-0	5.73517e-005
-3.77936e-005	-0	4.92593e-005
-8.10303e-006	-0	6.1555e-005
-6.15518e-005	-0	8.1094e-006
8.10303e-006	-0	6.15465e-005
2.37582e-005	-0	5.73602e-005
4.92529e-005	0	3.77957e-005
3.77936e-005	0	4.92508e-005
5.7357e-005	0	2.37593e-005
6.15518e-005	0	8.10091e-006
5.7357e-005	-0	-2.37593e-005
4.92529e-005	-0	-3.77957e-005
2.37582e-005	-0	-5.73602e-005
3.77936e-005	-0	-4.92508e-005
8.10303e-006	-0	-6.15465e-005
6.15518e-005	-0	-8.10091e-006
-1.00136e-005	1.07639e-006	7.60668e-005
-0.608747	0.010422	0.793296
-0.793384	0.0038107	0.60871
-3.33044e-005	1.34056e-006	8.04034e-005
-0.923856	0.0065382	0.382684
-5.88698e-005	9.1753e-007	4.82753e-005
-0.855594	-0.00624147	0.517611
-2.09455e-005	5.85243e-007	1.20071e-005
-0.951597	-0.00325205	0.307332
-0.991428	0.00440683	0.13058
-0.923856	0.0065382	-0.382684
-0.991428	0.00440683	-0.13058
-0.793384	0.0038107	-0.60871
-1.00136e-005	1.07639e-006	-7.60668e-005
-0.608747	0.010422	-0.793296
-3.33044e-005	1.34056e-006	-8.04034e-005
-0.855594	-0.00624147	-0.517611
-0.951597	-0.00325205	-0.307332
-2.09455e-005	5.85243e-007	-1.20071e-005
-5.88698e-005	9.1753e-007	-4.82753e-005
1.00136e-005	1.07601e-006	-7.60552e-005
0.608747	0.0104534	-0.793296
0.793311	0.0038068	-0.608805
3.33044e-005	1.34298e-006	-8.04034e-005
0.923856	0.0065382	-0.382684
0.855594	-0.00624147	-0.517611
0.951652	-0.00327405	-0.30716
2.09455e-005	5.80158e-007	-1.20117e-005
5.88698e-005	9.20305e-007	-4.83014e-005
0.991428	0.00437599	-0.13058
0.923856	0.0065382	0.382684
0.991428	0.00437599	0.13058
0.793311	0.0038068	0.608805
1.00136e-005	1.07601e-006	7.60552e-005
0.608747	0.0104534	0.793296
3.33044e-005	1.34298e-006	8.04034e-005
0.855594	-0.00624147	0.517611
0.951652	-0.00327405	0.30716
2.09455e-005	5.80158e-007	1.20117e-005
5.88698e-005	9.20305e-007	4.83014e-005
-0	-1.8192e-005	0
-0	-1.64823e-005	0
-0	1.31897e-005	-0
-0	3.86842e-005	-0
-0	7.4732e-005	-0
-0	1	-0
4.29936e-005	-5.60152e-005	-8.40904e-007
6.48581e-005	-4.9754e-005	-8.92975e-007
2.33565e-005	-5.63919e-005	-5.73387e-007
8.5934e-005	-3.55637e-005	-6.9059e-007
6.15323e-005	-3.90872e-005	4.1877e-007
4.39011e-005	-4.34815e-005	4.87259e-007
0.99145	-0.130444	-0.00325611
0.991425	0.130637	-0.00325651
8.59157e-005	3.55561e-005	-6.87325e-007
4.29826e-005	5.60009e-005	-8.54706e-007
2.33511e-005	5.63789e-005	-5.97534e-007
6.48434e-005	4.97427e-005	-8.76709e-007
-4.29826e-005	5.60009e-005	-8.54706e-007
-6.48434e-005	4.97427e-005	-8.76709e-007
-2.33511e-005	5.63789e-005	-5.97534e-007
-8.59157e-005	3.55561e-005	-6.92062e-007
-0.991401	0.13082	-0.00325157
-0.991426	-0.130627	-0.00325103
-8.5934e-005	-3.55637e-005	-6.9059e-007
-4.29936e-005	-5.60152e-005	-8.40904e-007
-2.33565e-005	-5.63919e-005	-5.73387e-007
-6.48581e-005	-4.9754e-005	-8.92975e-007
-6.15323e-005	-3.90872e-005	4.1877e-007
-1.66818e-005	-4.55031e-005	2.53876e-007
-4.39011e-005	-4.34815e-005	4.87259e-007
-0	0	-8.92971e-006
-0	-0	-2.61862e-005
-0	0	-5.05811e-005
-0	-0	-8.04419e-005
-0	0	-1
-0	-0	1.39777e-005
-0	-0	1.24978e-005
-0	0	1.25177e-005
-5.89537e-006	-4.48394e-005	-0
-1.7265e-005	-4.17864e-005	-0
-3.59136e-005	-2.75293e-005	0
-2.75518e-005	-3.58835e-005	0
-4.17488e-005	-1.73101e-005	0
-4.4877e-005	-5.90289e-006	0
-4.1809e-005	1.73101e-005	-0
-3.58535e-005	2.75293e-005	-0
-1.7265e-005	4.17864e-005	-0
-2.75518e-005	3.58835e-005	-0
-5.95553e-006	4.48394e-005	-0
-4.48168e-005	5.90289e-006	-0
5.95553e-006	4.48394e-005	0
1.7265e-005	4.17864e-005	0
3.58535e-005	2.75293e-005	-0
2.75518e-005	3.58835e-005	-0
4.1809e-005	1.73101e-005	-0
4.48168e-005	5.90289e-006	-0
4.17488e-005	-1.73101e-005	-0
3.59136e-005	-2.75293e-005	-0
1.7265e-005	-4.17864e-005	-0
2.75518e-005	-3.58835e-005	-0
5.89537e-006	-4.48394e-005	-0
4.4877e-005	-5.90289e-006	-0
-0	-0	-1.39777e-005
-0	-0	-1.24829e-005
-0	-0	-1.25177e-005
-0	0	8.92971e-006
-0	-0	2.61862e-005
-0	0	5.05811e-005
-0	-0	8.04419e-005
-0	0	1

#	Mesh	0	End

