#	Mesh	0	Begin

#	Vertex	96
-11.6645	87.7967	-2.145
-11.6765	87.7967	-2.145
-11.6765	86.8167	-2.145
-11.6645	86.8167	-2.145
-11.6645	87.7967	-1.195
-11.6765	87.7967	-1.195
-11.6765	86.8167	-1.195
-11.6645	86.8167	-1.195
-11.6645	86.8667	-1.32
-11.6765	86.8667	-1.32
-11.6765	86.8067	-1.32
-11.6645	86.8067	-1.32
-11.6645	86.8667	-1.27
-11.6765	86.8667	-1.27
-11.6765	86.8067	-1.27
-11.6645	86.8067	-1.27
-11.6645	87.8067	-2.07
-11.6765	87.8067	-2.07
-11.6765	87.7567	-2.07
-11.6645	87.7567	-2.07
-11.6645	87.8067	-2.02
-11.6765	87.8067	-2.02
-11.6765	87.7567	-2.02
-11.6645	87.7567	-2.02
-11.6645	86.8667	-2.07
-11.6765	86.8667	-2.07
-11.6765	86.8067	-2.07
-11.6645	86.8067	-2.07
-11.6645	86.8667	-2.02
-11.6765	86.8667	-2.02
-11.6765	86.8067	-2.02
-11.6645	86.8067	-2.02
-11.6645	87.8067	-1.32
-11.6765	87.8067	-1.32
-11.6765	87.7567	-1.32
-11.6645	87.7567	-1.32
-11.6645	87.8067	-1.27
-11.6765	87.8067	-1.27
-11.6765	87.7567	-1.27
-11.6645	87.7567	-1.27
-11.688	86.9407	-2.27
-11.688	86.9327	-2.27
-11.653	86.9327	-2.27
-11.653	86.9407	-2.27
-11.688	86.9407	-1.18788
-11.688	86.9327	-1.18788
-11.653	86.9327	-1.18788
-11.653	86.9407	-1.18788
-11.688	87.6807	-2.27
-11.688	87.6727	-2.27
-11.653	87.6727	-2.27
-11.653	87.6807	-2.27
-11.688	87.6807	-1.18788
-11.688	87.6727	-1.18788
-11.653	87.6727	-1.18788
-11.653	87.6807	-1.18788
-11.6705	86.9367	-1.1875
-11.6761	86.9367	-1.18706
-11.6861	86.9367	-1.18368
-11.6931	86.9367	-1.17759
-11.6955	86.9367	-1.17
-11.6931	86.9367	-1.16241
-11.6861	86.9367	-1.15632
-11.6761	86.9367	-1.15294
-11.6705	86.9367	-1.1525
-11.665	86.9367	-1.15294
-11.655	86.9367	-1.15632
-11.648	86.9367	-1.16241
-11.6455	86.9367	-1.17
-11.648	86.9367	-1.17759
-11.655	86.9367	-1.18368
-11.665	86.9367	-1.18706
-11.6705	87.6767	-1.1875
-11.6761	87.6767	-1.18706
-11.6861	87.6767	-1.18368
-11.6931	87.6767	-1.17759
-11.6955	87.6767	-1.17
-11.6931	87.6767	-1.16241
-11.6861	87.6767	-1.15632
-11.6761	87.6767	-1.15294
-11.6705	87.6767	-1.1525
-11.665	87.6767	-1.15294
-11.655	87.6767	-1.15632
-11.648	87.6767	-1.16241
-11.6455	87.6767	-1.17
-11.648	87.6767	-1.17759
-11.655	87.6767	-1.18368
-11.665	87.6767	-1.18706
-11.688	87.6767	-2.176
-11.688	86.9367	-2.176
-11.653	86.9367	-2.176
-11.653	87.6767	-2.176
-11.688	87.6767	-2.17
-11.688	86.9367	-2.17
-11.653	86.9367	-2.17
-11.653	87.6767	-2.17

#	Triangle	24
3	4	7	0	4	3	11	12	15	8	12	11	19	20	23	16	20	19	27	28	31	24	28	27	35	36	39	32	36	35	42	47	46	43	47	42	50	55	54	51	55	50	90	95	94	91	95	90
0	5	4	1	5	0	8	13	12	9	13	8	16	21	20	17	21	16	24	29	28	25	29	24	32	37	36	33	37	32	43	44	47	40	44	43	51	52	55	48	52	51	86	83	85	86	82	83	87	82	86	87	81	82	72	81	87	72	80	81	73	80	72	73	79	80	74	79	73	74	78	79	75	78	74	75	77	78	91	92	95	88	92	91
1	6	5	2	6	1	9	14	13	10	14	9	17	22	21	18	22	17	25	30	29	26	30	25	33	38	37	34	38	33	40	45	44	41	45	40	48	53	52	49	53	48	88	93	92	89	93	88
2	7	6	3	7	2	10	15	14	11	15	10	18	23	22	19	23	18	26	31	30	27	31	26	34	39	38	35	39	34	41	46	45	42	46	41	49	54	53	50	54	49	67	70	69	66	70	67	66	71	70	65	71	66	65	56	71	64	56	65	64	57	56	63	57	64	63	58	57	62	58	63	62	59	58	61	59	62	89	94	93	90	94	89
3	1	0	2	1	3	11	9	8	10	9	11	19	17	16	18	17	19	27	25	24	26	25	27	35	33	32	34	33	35	43	41	40	42	41	43	51	49	48	50	49	51	91	89	88	90	89	91
4	6	7	5	6	4	12	14	15	13	14	12	20	22	23	21	22	20	28	30	31	29	30	28	36	38	39	37	38	36	44	46	47	45	46	44	52	54	55	53	54	52	92	94	95	93	94	92
71	72	87	56	72	71
56	73	72	57	73	56
57	74	73	58	74	57
58	75	74	59	75	58
59	76	75	60	76	59
60	77	76	61	77	60
61	78	77	62	78	61
62	79	78	63	79	62
63	80	79	64	80	63
64	81	80	65	81	64
65	82	81	66	82	65
66	83	82	67	83	66
67	84	83	68	84	67
68	85	84	69	85	68
69	86	85	70	86	69
70	87	86	71	87	70
67	69	68	61	60	59
85	83	84	76	77	75

#	Normal	24
1	-0	-0
-0	1	-0
-1	-0	0
-0	-1	-0
-0	0	-1
0	0	1
0.078627	-0	-0.996904
-0.0786132	0	-0.996905
-0.31947	0	-0.947596
-0.65965	0	-0.751573
-0.950745	0	-0.309976
-0.950745	-0	0.309976
-0.65965	-0	0.751573
-0.31947	-0	0.947596
-0.0786132	-0	0.996905
0.078627	-0	0.996904
0.319442	-0	0.947606
0.65965	-0	0.751573
0.950745	-0	0.309976
0.950745	-0	-0.309976
0.65965	-0	-0.751573
0.319442	-0	-0.947606
-0	-3.75943e-005	-0
-0	3.75943e-005	-0

#	Mesh	0	End

