#	Mesh	0	Begin

#	Vertex	72
67.0829	-47.9311	-3.81282
67.0836	-47.9402	-3.81526
67.0843	-47.9487	-3.81923
67.0849	-47.9564	-3.82463
67.0855	-47.963	-3.83129
67.0859	-47.9684	-3.839
67.0862	-47.9724	-3.84753
67.0864	-47.9748	-3.85662
67.0865	-47.9756	-3.866
67.0864	-47.9748	-3.87538
67.0862	-47.9724	-3.88447
67.0859	-47.9684	-3.893
67.0855	-47.963	-3.90071
67.0849	-47.9564	-3.90737
67.0843	-47.9487	-3.91277
67.0836	-47.9402	-3.91674
67.0829	-47.9311	-3.91918
67.0821	-47.9218	-3.92
67.0814	-47.9125	-3.91918
67.0806	-47.9034	-3.91674
67.08	-47.8949	-3.91277
67.0793	-47.8872	-3.90737
67.0788	-47.8806	-3.90071
67.0784	-47.8752	-3.893
67.078	-47.8712	-3.88447
67.0779	-47.8688	-3.87538
67.0778	-47.868	-3.866
67.0779	-47.8688	-3.85662
67.078	-47.8712	-3.84753
67.0784	-47.8752	-3.839
67.0788	-47.8806	-3.83129
67.0793	-47.8872	-3.82463
67.08	-47.8949	-3.81923
67.0806	-47.9034	-3.81526
67.0814	-47.9125	-3.81282
67.0821	-47.9218	-3.812
69.6863	-47.7204	-3.81282
69.6871	-47.7294	-3.81526
69.6878	-47.7379	-3.81923
69.6884	-47.7456	-3.82463
69.6889	-47.7522	-3.83129
69.6894	-47.7576	-3.839
69.6897	-47.7616	-3.84753
69.6899	-47.764	-3.85662
69.6899	-47.7648	-3.866
69.6899	-47.764	-3.87538
69.6897	-47.7616	-3.88447
69.6894	-47.7576	-3.893
69.6889	-47.7522	-3.90071
69.6884	-47.7456	-3.90737
69.6878	-47.7379	-3.91277
69.6871	-47.7294	-3.91674
69.6863	-47.7204	-3.91918
69.6856	-47.711	-3.92
69.6848	-47.7017	-3.91918
69.6841	-47.6926	-3.91674
69.6834	-47.6841	-3.91277
69.6828	-47.6764	-3.90737
69.6822	-47.6698	-3.90071
69.6818	-47.6644	-3.893
69.6815	-47.6604	-3.88447
69.6813	-47.658	-3.87538
69.6812	-47.6572	-3.866
69.6813	-47.658	-3.85662
69.6815	-47.6604	-3.84753
69.6818	-47.6644	-3.839
69.6822	-47.6698	-3.83129
69.6828	-47.6764	-3.82463
69.6834	-47.6841	-3.81923
69.6841	-47.6926	-3.81526
69.6848	-47.7017	-3.81282
69.6856	-47.711	-3.812

#	Triangle	82
35	36	71	0	36	35
0	37	36	1	37	0
1	38	37
2	38	1
2	39	38
3	39	2
3	40	39
4	40	3
4	41	40
5	41	4
5	42	41	6	42	5
6	43	42	7	43	6
7	44	43
8	44	7
8	45	44
9	45	8
9	46	45	10	46	9
10	47	46	11	47	10
11	48	47
12	48	11
12	49	48
13	49	12
13	50	49
14	50	13
14	51	50
15	51	14
15	52	51	16	52	15
16	53	52	17	53	16
17	54	53
18	54	17
18	55	54	19	55	18
19	56	55	20	56	19
20	57	56
21	57	20
21	58	57	22	58	21
22	59	58	23	59	22
23	60	59	24	60	23
24	61	60
25	61	24
25	62	61
26	62	25
26	63	62
27	63	26
27	64	63
28	64	27
28	65	64	29	65	28
29	66	65	30	66	29
30	67	66	31	67	30
31	68	67
32	68	31
32	69	68	33	69	32
33	70	69	34	70	33
34	71	70
35	71	34
7	9	8	26	25	27
6	9	7	27	25	24
6	10	9	27	24	28
5	10	6	5	11	10	28	23	29	28	24	23
4	11	5	4	12	11	29	22	30	29	23	22
3	12	4	3	13	12
2	13	3	2	14	13
1	14	2	1	15	14
0	15	1	0	16	15	33	18	34	33	19	18
35	16	0	35	17	16	34	17	35	34	18	17
32	19	33	32	20	19
31	20	32	31	21	20
30	21	31	30	22	21
45	43	44	62	63	61
46	43	45
46	42	43	61	64	60
47	42	46	47	41	42	60	65	59	60	64	65
48	41	47	48	40	41
49	40	48	49	39	40
50	39	49	50	38	39
51	38	50	51	37	38	56	69	55	56	68	69
52	37	51	52	36	37	55	70	54	55	69	70
53	36	52	53	71	36
54	71	53	54	70	71
57	68	56	57	67	68
58	67	57	58	66	67
59	66	58	59	65	66
61	63	64

#	Normal	82
0.00703219	-0.0868521	0.996196
0.0208878	-0.257978	0.965925
0.0341042	-0.42121	0.906322
0.0341164	-0.421368	0.906248
0.0462947	-0.57178	0.8191
0.0462799	-0.571586	0.819236
0.0570548	-0.704664	0.707243
0.057073	-0.704904	0.707003
0.0661159	-0.816592	0.573416
0.0661014	-0.816398	0.573694
0.0731428	-0.903364	0.422591
0.0779504	-0.96274	0.25895
0.0803972	-0.99296	0.0869881
0.0803969	-0.992954	0.0870546
0.0803974	-0.99296	-0.0869881
0.0803967	-0.992954	-0.0870546
0.0779504	-0.96274	-0.25895
0.0731428	-0.903364	-0.422591
0.0661171	-0.816592	-0.573416
0.0661002	-0.816398	-0.573694
0.0570536	-0.704664	-0.707243
0.0570742	-0.704904	-0.707003
0.0462955	-0.57178	-0.8191
0.046279	-0.571586	-0.819236
0.0341036	-0.42121	-0.906322
0.034117	-0.421368	-0.906248
0.0208878	-0.257978	-0.965925
0.00703219	-0.0868521	-0.996196
-0.00703556	0.0868937	-0.996193
-0.00703204	0.0868521	-0.996196
-0.0208873	0.257978	-0.965925
-0.0341035	0.42121	-0.906322
-0.0462789	0.571586	-0.819236
-0.0462981	0.571811	-0.819078
-0.0570715	0.70487	-0.707036
-0.0661016	0.816398	-0.573694
-0.0731431	0.903364	-0.422591
-0.0779589	0.962843	-0.258564
-0.0779491	0.96274	-0.25895
-0.080393	0.992924	-0.0873986
-0.0803967	0.992954	-0.0870546
-0.0803943	0.992924	0.0873986
-0.0803954	0.992954	0.0870546
-0.0779575	0.962843	0.258564
-0.0779506	0.96274	0.25895
-0.0731431	0.903364	0.422591
-0.0661016	0.816398	0.573694
-0.0570715	0.70487	0.707036
-0.0462799	0.571586	0.819236
-0.0462971	0.571811	0.819078
-0.0341035	0.42121	0.906322
-0.0208873	0.257978	0.965925
-0.0070354	0.0868937	0.996193
-0.00703219	0.0868521	0.996196
-1.53108e-005	-1.31863e-006	-0
-4.55661e-005	-3.66287e-006	-0
-8.97478e-005	-7.21445e-006	-0
-0.996753	-0.0805258	-0
-0.996713	-0.0810101	-0
-0.996808	-0.0798386	-0
-0.996711	-0.0810334	-0
-0.996745	-0.0806191	-0
-0.996733	-0.0807697	-0
-0.99673	-0.0808047	-0
-0.996748	-0.0805823	-0
-0.996789	-0.0800675	-0
-0.996714	-0.081005	-0
1.53108e-005	1.17212e-006	-0
4.55661e-005	3.66287e-006	-0
8.97478e-005	7.21445e-006	-0
0.996753	0.0805258	-0
0.996709	0.0810685	-0
0.996718	0.0809576	-0
0.996708	0.0810744	-0
0.996748	0.0805823	-0
0.996733	0.0807697	-0
0.99673	0.0808047	-0
0.996794	0.0800102	-0
0.996711	0.0810334	-0
0.996714	0.081005	-0
0.996713	0.0810101	-0
4.54929e-005	3.66287e-006	-0

#	Mesh	0	End

