#	Mesh	0	Begin

#	Vertex	24
-62.6535	74.1829	0.905
-62.6535	74.1799	0.905
-62.1035	74.1799	0.905
-62.1035	74.1829	0.905
-62.6535	74.1829	1.275
-62.6535	74.1799	1.275
-62.1035	74.1799	1.275
-62.1035	74.1829	1.275
-61.9785	73.8177	0.93
-62.1285	74.1799	0.93
-62.6285	74.1799	0.93
-62.7785	73.8177	0.93
-61.9785	73.8177	1.25
-62.1285	74.1799	1.25
-62.6285	74.1799	1.25
-62.7785	73.8177	1.25
-62.8085	73.8177	0.9
-62.8085	73.8147	0.9
-61.9485	73.8147	0.9
-61.9485	73.8177	0.9
-62.8085	73.8177	1.28
-62.8085	73.8147	1.28
-61.9485	73.8147	1.28
-61.9485	73.8177	1.28

#	Triangle	8
3	4	7	0	4	3	9	14	13	10	14	9	19	20	23	16	20	19
0	5	4	1	5	0	16	21	20	17	21	16
1	6	5	2	6	1	11	12	15	8	12	11	17	22	21	18	22	17
2	7	6	3	7	2	18	23	22	19	23	18
3	1	0	2	1	3	11	9	8	10	9	11	19	17	16	18	17	19
4	6	7	5	6	4	12	14	15	13	14	12	20	22	23	21	22	20
8	13	12	9	13	8
10	15	14	11	15	10

#	Normal	8
-0	1	-0
-1	-0	0
-0	-1	-0
1	-0	-0
-0	-0	-1
-0	-0	1
0.92388	0.382683	-0
-0.92388	0.382683	-0

#	Mesh	0	End

