#	Mesh	0	Begin

#	Vertex	28
-2.55366	94.9548	1.33
-2.4881	94.9439	1.33
-2.45667	94.933	1.33
-2.45585	94.9354	1.33
-2.48747	94.9463	1.33
-2.55345	94.9574	1.33
-2.5869	94.9574	1.33
-2.5869	94.9548	1.33
-2.55366	94.9548	1.13
-2.4881	94.9439	1.13
-2.45667	94.933	1.13
-2.26133	95.5004	1.13
-2.26133	95.5004	1.33
-2.26216	95.4979	1.33
-2.26216	95.4979	1.13254
-2.45585	94.9354	1.13254
-2.48747	94.9463	1.13254
-2.55345	94.9574	1.13254
-2.5869	94.9574	1.13254
-2.5869	95.5523	1.13254
-2.5869	95.5523	1.33
-2.5869	95.5548	1.33
-2.5869	95.5548	1.13
-2.5869	94.9548	1.13
-2.41956	95.5548	1.33
-2.41956	95.5548	1.13
-2.41998	95.5523	1.33
-2.41998	95.5523	1.13254

#	Triangle	17
4	2	3	6	7	5
4	1	2	5	7	0
4	0	1	5	0	4	27	15	14	27	16	15	27	17	16	27	18	17	27	19	18	24	13	12	24	26	13	24	20	26	21	20	24
9	0	8	1	0	9
10	1	9	2	1	10
12	14	11	12	13	14
14	10	11
14	15	10
15	2	10	3	2	15
16	3	15	4	3	16
17	4	16	5	4	17
18	5	17	6	5	18	25	21	24	22	21	25
7	18	23	18	22	23	18	19	22	19	21	22	7	6	18	20	21	19
23	0	7	8	0	23	27	20	19	26	20	27
14	26	27	13	26	14
11	24	12	25	24	11
9	11	10	9	25	11	8	25	9	23	25	8	22	25	23

#	Normal	17
-0	0	8.48617e-005
0	0	8.43733e-005
0	-0	1
-0.165007	-0.986292	0
-0.325549	-0.945525	0
0.945716	-0.324994	-0
0.945519	-0.325568	-0.000607793
0.945518	-0.325568	-0.000483923
0.945361	-0.326026	-0
0.325591	0.945511	-0
0.165017	0.986291	-0
-0	1	-0
-1	0	-0
-0	-1	-0
-0.325572	-0.945517	0
0.325542	0.945528	-0
0	-0	-1

#	Mesh	0	End

