#	Mesh	0	Begin

#	Vertex	72
48.5795	89.5949	0.72749
48.5775	89.5839	0.72449
48.5755	89.5736	0.719591
48.5738	89.5643	0.712942
48.5723	89.5562	0.704745
48.5711	89.5497	0.69525
48.5702	89.5448	0.684744
48.5696	89.5419	0.673548
48.5694	89.5409	0.662
48.5696	89.5419	0.650452
48.5702	89.5448	0.639256
48.5711	89.5497	0.62875
48.5723	89.5562	0.619255
48.5738	89.5643	0.611058
48.5755	89.5736	0.604409
48.5775	89.5839	0.59951
48.5795	89.5949	0.59651
48.5816	89.6063	0.5955
48.5838	89.6176	0.59651
48.5858	89.6286	0.59951
48.5877	89.639	0.604409
48.5895	89.6483	0.611058
48.591	89.6564	0.619255
48.5922	89.6629	0.62875
48.5931	89.6677	0.639256
48.5936	89.6707	0.650452
48.5938	89.6716	0.662
48.5936	89.6707	0.673548
48.5931	89.6677	0.684744
48.5922	89.6629	0.69525
48.591	89.6564	0.704745
48.5895	89.6483	0.712942
48.5877	89.639	0.719591
48.5858	89.6286	0.72449
48.5838	89.6176	0.72749
48.5816	89.6063	0.7285
54.8642	88.423	0.72749
54.8621	88.412	0.72449
54.8602	88.4017	0.719591
54.8585	88.3924	0.712942
54.857	88.3843	0.704745
54.8558	88.3778	0.69525
54.8549	88.373	0.684744
54.8543	88.37	0.673548
54.8541	88.369	0.662
54.8543	88.37	0.650452
54.8549	88.373	0.639256
54.8558	88.3778	0.62875
54.857	88.3843	0.619255
54.8585	88.3924	0.611058
54.8602	88.4017	0.604409
54.8621	88.412	0.59951
54.8642	88.423	0.59651
54.8663	88.4344	0.5955
54.8684	88.4457	0.59651
54.8705	88.4567	0.59951
54.8724	88.4671	0.604409
54.8742	88.4764	0.611058
54.8757	88.4845	0.619255
54.8769	88.491	0.62875
54.8778	88.4958	0.639256
54.8783	88.4988	0.650452
54.8785	88.4998	0.662
54.8783	88.4988	0.673548
54.8778	88.4958	0.684744
54.8769	88.491	0.69525
54.8757	88.4845	0.704745
54.8742	88.4764	0.712942
54.8724	88.4671	0.719591
54.8705	88.4567	0.72449
54.8684	88.4457	0.72749
54.8663	88.4344	0.7285

#	Triangle	83
35	36	71	0	36	35
0	37	36
1	37	0
1	38	37	2	38	1
2	39	38
3	39	2
3	40	39
4	40	3
4	41	40
5	41	4
5	42	41
6	42	5
6	43	42
7	43	6
7	44	43	8	44	7
8	45	44	9	45	8
9	46	45
10	46	9
10	47	46
11	47	10
11	48	47
12	48	11
12	49	48
13	49	12
13	50	49
14	50	13
14	51	50	15	51	14
15	52	51
16	52	15
16	53	52	17	53	16
17	54	53	18	54	17
18	55	54
19	55	18
19	56	55	20	56	19
20	57	56
21	57	20
21	58	57
22	58	21
22	59	58	23	59	22
23	60	59	24	60	23
24	61	60	25	61	24
25	62	61	26	62	25
26	63	62	27	63	26
27	64	63	28	64	27
28	65	64	29	65	28
29	66	65	30	66	29
30	67	66
31	67	30
31	68	67
32	68	31
32	69	68	33	69	32
33	70	69
34	70	33
34	71	70	35	71	34
7	9	8	26	25	27
6	9	7	27	25	24
6	10	9
5	10	6	5	11	10
4	11	5	4	12	11
3	12	4	3	13	12
2	13	3	2	14	13
1	14	2	1	15	14	32	19	33	32	20	19
0	15	1	0	16	15
35	16	0	35	17	16	34	17	35	34	18	17
33	18	34	33	19	18
31	20	32	31	21	20
30	21	31	30	22	21
29	22	30	29	23	22
28	23	29	28	24	23
27	24	28
45	43	44	62	63	61
46	43	45	61	63	64
46	42	43	61	64	60
47	42	46	47	41	42	60	65	59	60	64	65
48	41	47	48	40	41	59	66	58	59	65	66
49	40	48	49	39	40
50	39	49	50	38	39
51	38	50	51	37	38	56	69	55	56	68	69
52	37	51	52	36	37
53	36	52	53	71	36	54	71	53	54	70	71
55	70	54	55	69	70
57	68	56	57	67	68
58	67	57	58	66	67

#	Normal	83
-0.0159772	-0.0856836	0.996194
-0.0474384	-0.254405	0.965933
-0.0474413	-0.254421	0.965929
-0.0774665	-0.415442	0.906315
-0.105134	-0.563818	0.81918
-0.105186	-0.564095	0.818983
-0.129641	-0.69524	0.70699
-0.129585	-0.694945	0.70729
-0.150136	-0.805155	0.573747
-0.150194	-0.80546	0.573302
-0.166154	-0.891056	0.422389
-0.166107	-0.890806	0.422933
-0.177047	-0.949476	0.259133
-0.177078	-0.949639	0.258515
-0.182614	-0.979324	0.0870483
-0.182614	-0.979324	-0.0870483
-0.177048	-0.949476	-0.259133
-0.177077	-0.949639	-0.258515
-0.166153	-0.891056	-0.422389
-0.166108	-0.890806	-0.422933
-0.150136	-0.805154	-0.573747
-0.150193	-0.805461	-0.573302
-0.12964	-0.69524	-0.70699
-0.129586	-0.694945	-0.70729
-0.105135	-0.563818	-0.81918
-0.105186	-0.564095	-0.818983
-0.0774665	-0.415442	-0.906315
-0.0474385	-0.254405	-0.965933
-0.0474413	-0.254421	-0.965929
-0.0159772	-0.0856836	-0.996194
0.0159772	0.0856836	-0.996194
0.0474413	0.254421	-0.965929
0.0474385	0.254405	-0.965933
0.0774665	0.415442	-0.906315
0.105129	0.563789	-0.819201
0.105134	0.563818	-0.81918
0.129646	0.695271	-0.706959
0.12964	0.69524	-0.70699
0.150136	0.805155	-0.573747
0.166153	0.891056	-0.422389
0.177047	0.949476	-0.259133
0.182613	0.979324	-0.0870483
0.182613	0.979324	0.0870483
0.177047	0.949476	0.259133
0.166153	0.891056	0.422389
0.150136	0.805155	0.573747
0.129646	0.695271	0.706959
0.12964	0.69524	0.70699
0.105129	0.563789	0.819201
0.105134	0.563818	0.81918
0.0774665	0.415442	0.906315
0.0474413	0.254421	0.965929
0.0474384	0.254405	0.965933
0.0159772	0.0856836	0.996194
-2.29148e-005	4.24014e-006	-0
-6.80226e-005	1.27204e-005	-0
-0.982961	0.183816	-0
-0.98307	0.18323	-0
-0.983032	0.183437	-0
-0.98313	0.182908	-0
-0.983002	0.183593	-0
-0.983057	0.183301	-0
-0.983085	0.183151	-0
-0.983048	0.183349	-0
-0.983022	0.183488	-0
-0.983104	0.183047	-0
-0.983012	0.18354	-0
-0.983071	0.183225	-0
-0.983016	0.183518	-0
-0.983048	0.183346	-0
2.29148e-005	-4.24014e-006	-0
6.82031e-005	-1.27204e-005	-0
0.983048	-0.183346	-0
0.983016	-0.183518	-0
0.983071	-0.183225	-0
0.983012	-0.18354	-0
0.983104	-0.183047	-0
0.983057	-0.183301	-0
0.983022	-0.183488	-0
0.983048	-0.183349	-0
0.983085	-0.183151	-0
0.98303	-0.183444	-0
0.983098	-0.183079	-0

#	Mesh	0	End

