#	Mesh	0	Begin

#	Vertex	80
-19.7571	70.4148	2.58
51.0554	70.4148	2.58
51.0554	70.4148	2.38
-19.7571	70.4148	2.38
51.0554	69.5148	2.58
-19.7571	69.5148	2.58
51.0554	70.7188	2.58
50.6734	70.7188	2.58
50.6734	71.5188	2.58
51.0554	71.5188	2.58
51.0554	71.8148	2.58
-19.7571	71.8148	2.58
38.1815	71.5188	2.58
39.1815	71.5188	2.58
39.1815	70.7188	2.58
38.1815	70.7188	2.58
-12.8265	71.5188	2.58
-11.8265	71.5188	2.58
-11.8265	70.7188	2.58
-12.8265	70.7188	2.58
-4.32655	71.5188	2.58
-3.32655	71.5188	2.58
-3.32655	70.7188	2.58
-4.32655	70.7188	2.58
4.18178	71.5188	2.58
5.18178	71.5188	2.58
5.18178	70.7188	2.58
4.18178	70.7188	2.58
12.6735	71.5188	2.58
13.6735	71.5188	2.58
13.6735	70.7188	2.58
12.6735	70.7188	2.58
21.1735	71.5188	2.58
22.1735	71.5188	2.58
22.1735	70.7188	2.58
21.1735	70.7188	2.58
44.4216	71.5188	2.58
45.4216	71.5188	2.58
45.4216	70.7188	2.58
44.4216	70.7188	2.58
51.0554	71.8148	1.38
-19.7571	71.8148	1.38
51.0554	71.5188	1.38
50.6734	71.5188	1.38
50.6734	70.7188	1.38
51.0554	70.7188	1.38
51.0554	70.4148	1.38
-19.7571	70.4148	1.38
39.1815	71.5188	1.38
38.1815	71.5188	1.38
38.1815	70.7188	1.38
39.1815	70.7188	1.38
-11.8265	71.5188	1.38
-12.8265	71.5188	1.38
-12.8265	70.7188	1.38
-11.8265	70.7188	1.38
-3.32655	71.5188	1.38
-4.32655	71.5188	1.38
-4.32655	70.7188	1.38
-3.32655	70.7188	1.38
5.18178	71.5188	1.38
4.18178	71.5188	1.38
4.18178	70.7188	1.38
5.18178	70.7188	1.38
13.6735	71.5188	1.38
12.6735	71.5188	1.38
12.6735	70.7188	1.38
13.6735	70.7188	1.38
22.1735	71.5188	1.38
21.1735	71.5188	1.38
21.1735	70.7188	1.38
22.1735	70.7188	1.38
45.4216	71.5188	1.38
44.4216	71.5188	1.38
44.4216	70.7188	1.38
45.4216	70.7188	1.38
51.0554	72.6148	2.58
-19.7571	72.6148	2.58
51.0554	71.8148	2.38
-19.7571	71.8148	2.38

#	Triangle	8
3	1	2	0	1	3	41	10	40	11	10	41	14	50	15	51	50	14	18	54	19	55	54	18	22	58	23	59	58	22	26	62	27	63	62	26	30	66	31	67	66	30	34	70	35	71	70	34	45	7	6	44	7	45	75	39	38	74	39	75
5	2	4	3	2	5
4	0	5	1	0	4	1	19	0	19	11	0	19	16	11	16	10	11	1	18	19	17	10	16	1	23	18	23	17	18	23	20	17	20	10	17	1	22	23	21	10	20	1	27	22	27	21	22	27	24	21	24	10	21	1	26	27	25	10	24	1	31	26	31	25	26	31	28	25	28	10	25	1	30	31	29	10	28	1	35	30	35	29	30	35	32	29	32	10	29	1	34	35	33	10	32	1	15	34	15	33	34	15	12	33	12	10	33	1	14	15	13	10	12	1	39	14	39	13	14	39	36	13	36	10	13	1	38	39	37	10	36	1	37	38	1	7	37	7	8	37	8	10	37	1	6	7	9	10	8	77	10	76	11	10	77
5	0	3	47	11	41	0	11	47	13	51	14	48	51	13	17	55	18	52	55	17	21	59	22	56	59	21	25	63	26	60	63	25	29	67	30	64	67	29	33	71	34	68	71	33	38	72	75	37	72	38	79	11	77
2	1	4	15	49	12	50	49	15	19	53	16	54	53	19	23	57	20	58	57	23	27	61	24	62	61	27	31	65	28	66	65	31	35	69	32	70	69	35	6	46	45	1	46	6	44	8	7	43	8	44	42	10	9	40	10	42	74	36	39	73	36	74	76	10	78
40	53	41	53	47	41	53	54	47	54	46	47	40	52	53	55	46	54	40	57	52	57	55	52	57	58	55	58	46	55	40	56	57	59	46	58	40	61	56	61	59	56	61	62	59	62	46	59	40	60	61	63	46	62	40	65	60	65	63	60	65	66	63	66	46	63	40	64	65	67	46	66	40	69	64	69	67	64	69	70	67	70	46	67	40	68	69	71	46	70	40	49	68	49	71	68	49	50	71	50	46	71	40	48	49	51	46	50	40	73	48	73	51	48	73	74	51	74	46	51	40	72	73	75	46	74	40	75	72	40	43	75	43	44	75	44	46	75	40	42	43	45	46	44
46	0	47	1	0	46	12	48	13	49	48	12	16	52	17	53	52	16	20	56	21	57	56	20	24	60	25	61	60	24	28	64	29	65	64	28	32	68	33	69	68	32	9	43	42	8	43	9	73	37	36	72	37	73	78	11	79	10	11	78
76	79	77	78	79	76

#	Normal	8
-0	1	-0
0	-0.21693	-0.976187
-0	-0	1
-1	0	-0
1	-0	-0
-0	-0	-1
-0	-1	0
-0	0.242536	-0.970143

#	Mesh	0	End

