#	Mesh	0	Begin

#	Vertex	72
-12.9242	74.2392	1.52562
-12.9201	74.2392	1.52452
-12.9163	74.2392	1.52273
-12.9128	74.2392	1.5203
-12.9098	74.2392	1.51731
-12.9074	74.2392	1.51384
-12.9056	74.2392	1.51
-12.9045	74.2392	1.50591
-12.9041	74.2392	1.50169
-12.9045	74.2392	1.49747
-12.9056	74.2392	1.49338
-12.9074	74.2392	1.48954
-12.9098	74.2392	1.48607
-12.9128	74.2392	1.48307
-12.9163	74.2392	1.48065
-12.9201	74.2392	1.47885
-12.9242	74.2392	1.47776
-12.9284	74.2392	1.47739
-12.9327	74.2392	1.47776
-12.9368	74.2392	1.47885
-12.9406	74.2392	1.48065
-12.9441	74.2392	1.48307
-12.9471	74.2392	1.48607
-12.9495	74.2392	1.48954
-12.9513	74.2392	1.49338
-12.9524	74.2392	1.49747
-12.9527	74.2392	1.50169
-12.9524	74.2392	1.50591
-12.9513	74.2392	1.51
-12.9495	74.2392	1.51384
-12.9471	74.2392	1.51731
-12.9441	74.2392	1.5203
-12.9406	74.2392	1.52273
-12.9368	74.2392	1.52452
-12.9327	74.2392	1.52562
-12.9284	74.2392	1.52599
-12.9242	74.6247	1.52562
-12.9201	74.6247	1.52452
-12.9163	74.6247	1.52273
-12.9128	74.6247	1.5203
-12.9098	74.6247	1.51731
-12.9074	74.6247	1.51384
-12.9056	74.6247	1.51
-12.9045	74.6247	1.50591
-12.9041	74.6247	1.50169
-12.9045	74.6247	1.49747
-12.9056	74.6247	1.49338
-12.9074	74.6247	1.48954
-12.9098	74.6247	1.48607
-12.9128	74.6247	1.48307
-12.9163	74.6247	1.48065
-12.9201	74.6247	1.47885
-12.9242	74.6247	1.47776
-12.9284	74.6247	1.47739
-12.9327	74.6247	1.47776
-12.9368	74.6247	1.47885
-12.9406	74.6247	1.48065
-12.9441	74.6247	1.48307
-12.9471	74.6247	1.48607
-12.9495	74.6247	1.48954
-12.9513	74.6247	1.49338
-12.9524	74.6247	1.49747
-12.9527	74.6247	1.50169
-12.9524	74.6247	1.50591
-12.9513	74.6247	1.51
-12.9495	74.6247	1.51384
-12.9471	74.6247	1.51731
-12.9441	74.6247	1.5203
-12.9406	74.6247	1.52273
-12.9368	74.6247	1.52452
-12.9327	74.6247	1.52562
-12.9284	74.6247	1.52599

#	Triangle	54
35	36	71	0	36	35
0	37	36	1	37	0
1	38	37	2	38	1
2	39	38	3	39	2
3	40	39	4	40	3
4	41	40	5	41	4
5	42	41	6	42	5
6	43	42	7	43	6
7	44	43	8	44	7
8	45	44	9	45	8
9	46	45	10	46	9
10	47	46	11	47	10
11	48	47	12	48	11
12	49	48	13	49	12
13	50	49	14	50	13
14	51	50	15	51	14
15	52	51	16	52	15
16	53	52	17	53	16
17	54	53	18	54	17
18	55	54	19	55	18
19	56	55	20	56	19
20	57	56	21	57	20
21	58	57	22	58	21
22	59	58	23	59	22
23	60	59	24	60	23
24	61	60	25	61	24
25	62	61	26	62	25
26	63	62	27	63	26
27	64	63	28	64	27
28	65	64	29	65	28
29	66	65	30	66	29
30	67	66	31	67	30
31	68	67	32	68	31
32	69	68	33	69	32
33	70	69	34	70	33
34	71	70	35	71	34
7	9	8	26	25	27
6	9	7	27	25	24
6	10	9	27	24	28
5	10	6	28	24	23
5	11	10	28	23	29
4	11	5	29	23	22
4	12	11	29	22	30
3	12	4	30	22	21
3	13	12	2	13	3	2	14	13	1	14	2	1	15	14	0	15	1	0	16	15	35	16	0	35	17	16	34	17	35	34	18	17	33	18	34	33	19	18	32	19	33	32	20	19	31	20	32	31	21	20	30	21	31
45	43	44	62	63	61
46	43	45	61	63	64
46	42	43	61	64	60
47	42	46	60	64	65
47	41	42	60	65	59
48	41	47	59	65	66
48	40	41	59	66	58
49	40	48	58	66	67
49	39	40	50	39	49	50	38	39	51	38	50	51	37	38	52	37	51	52	36	37	53	36	52	53	71	36	54	71	53	54	70	71	55	70	54	55	69	70	56	69	55	56	68	69	57	68	56	57	67	68	58	67	57

#	Normal	54
0.0871755	-0	0.996193
0.258832	-0	0.965922
0.422631	-0	0.906302
0.573582	-0	0.819148
0.707107	-0	0.707107
0.819134	-0	0.573602
0.906313	-0	0.422608
0.965905	-0	0.258896
0.996195	-0	0.0871494
0.996195	-0	-0.0871494
0.965903	-0	-0.258904
0.906318	-0	-0.422597
0.819134	-0	-0.573602
0.707107	-0	-0.707107
0.573582	-0	-0.819148
0.422608	-0	-0.906313
0.258859	-0	-0.965915
0.0871755	-0	-0.996193
-0.0871755	0	-0.996193
-0.258801	0	-0.965931
-0.422608	0	-0.906313
-0.573582	0	-0.819148
-0.707107	0	-0.707107
-0.819134	0	-0.573602
-0.906318	0	-0.422597
-0.965961	0	-0.258689
-0.996195	0	-0.0871494
-0.996195	-0	0.0871494
-0.965963	-0	0.258681
-0.906313	-0	0.422608
-0.819134	-0	0.573602
-0.707107	-0	0.707107
-0.573582	-0	0.819148
-0.422631	-0	0.906302
-0.258774	-0	0.965938
-0.0871755	-0	0.996193
-0	-3.11525e-006	-0
-0	-9.25511e-006	-0
-0	-1.82292e-005	-0
-0	-2.97544e-005	-0
-0	-4.3498e-005	-0
-0	-5.90415e-005	-0
-0	-7.59022e-005	-0
-0	-9.3566e-005	-0
-0	-1	-0
-0	3.11525e-006	-0
-0	9.25511e-006	-0
-0	1.82292e-005	-0
-0	2.97544e-005	-0
-0	4.3498e-005	-0
-0	5.90415e-005	-0
-0	7.59022e-005	-0
-0	9.3566e-005	-0
-0	1	-0

#	Mesh	0	End

