#	Mesh	0	Begin

#	Vertex	40
48.9131	65.8679	0.89
48.9143	65.8641	0.89
51.3866	66.6017	0.89
51.3854	66.6056	0.89
48.9131	65.8679	1.37
48.9143	65.8641	1.37
51.3866	66.6017	1.37
51.3854	66.6056	1.37
51.3761	66.6383	0.89
51.3751	66.6422	0.89
48.883	65.9744	0.89
48.8841	65.9706	0.89
51.3761	66.6383	1.37
51.3751	66.6422	1.37
48.883	65.9744	1.37
48.8841	65.9706	1.37
48.9514	65.8794	0.93
51.3471	66.5941	0.93
51.3451	66.6009	0.93
51.3431	66.6076	0.93
51.3412	66.6144	0.93
51.3393	66.6212	0.93
51.3375	66.628	0.93
48.9227	65.9809	0.93
48.9282	65.9605	0.93
48.9338	65.9402	0.93
48.9396	65.9199	0.93
48.9455	65.8996	0.93
48.9514	65.8794	1.33
51.3471	66.5941	1.33
51.3451	66.6009	1.33
51.3431	66.6076	1.33
51.3412	66.6144	1.33
51.3393	66.6212	1.33
51.3375	66.628	1.33
48.9227	65.9809	1.33
48.9282	65.9605	1.33
48.9338	65.9402	1.33
48.9396	65.9199	1.33
48.9455	65.8996	1.33

#	Triangle	22
3	4	7	0	4	3
0	5	4	1	5	0
1	6	5	2	6	1
2	7	6	3	7	2
3	1	0	2	1	3	11	9	8	10	9	11	27	17	16	26	17	27	25	17	26	24	17	25	23	17	24	22	21	23	21	20	23	20	19	23	19	18	23	18	17	23
4	6	7	5	6	4	12	14	15	13	14	12	29	39	28	29	38	39	29	37	38	29	36	37	29	35	36	29	30	35	30	31	35	31	32	35	32	33	35	33	34	35
11	12	15	8	12	11
8	13	12	9	13	8
9	14	13	10	14	9
10	15	14	11	15	10
27	28	39	16	28	27
16	29	28	17	29	16
17	30	29	18	30	17
18	31	30	19	31	18
19	32	31	20	32	19
20	33	32	21	33	20
21	34	33	22	34	21
22	35	34	23	35	22
23	36	35	24	36	23
24	37	36	25	37	24
25	38	37	26	38	25
26	39	38	27	39	26

#	Normal	22
-0.285904	0.958258	-0
-0.958255	-0.285915	0
0.285904	-0.958258	-0
0.958255	0.285915	-0
-0	-0	-1
-0	-0	1
0.258821	-0.965925	-0
0.965861	0.259062	-0
-0.258818	0.965926	-0
-0.965992	-0.258574	0
-0.95907	-0.283168	0
0.285903	-0.958259	-0
0.9591	0.283068	-0
0.960533	0.278166	-0
0.96217	0.272448	-0
0.963693	0.267014	-0
0.965185	0.261566	-0
-0.258819	0.965926	-0
-0.965211	-0.261473	0
-0.963693	-0.267014	0
-0.962219	-0.272277	0
-0.960611	-0.277896	0

#	Mesh	0	End

