#	Mesh	0	Begin

#	Vertex	72
-2.87969	55.4393	1.49714
-2.87969	55.4534	1.50094
-2.87969	55.4667	1.50713
-2.87969	55.4787	1.51555
-2.87969	55.4891	1.52592
-2.87969	55.4975	1.53793
-2.87969	55.5037	1.55122
-2.87969	55.5075	1.56539
-2.87969	55.5088	1.58
-2.87969	55.5075	1.59461
-2.87969	55.5037	1.60878
-2.87969	55.4975	1.62207
-2.87969	55.4891	1.63408
-2.87969	55.4787	1.64445
-2.87969	55.4667	1.65287
-2.87969	55.4534	1.65906
-2.87969	55.4393	1.66286
-2.87969	55.4247	1.66414
-2.87969	55.4101	1.66286
-2.87969	55.3959	1.65906
-2.87969	55.3826	1.65287
-2.87969	55.3706	1.64445
-2.87969	55.3602	1.63408
-2.87969	55.3518	1.62207
-2.87969	55.3456	1.60878
-2.87969	55.3418	1.59461
-2.87969	55.3405	1.58
-2.87969	55.3418	1.56539
-2.87969	55.3456	1.55122
-2.87969	55.3518	1.53793
-2.87969	55.3602	1.52592
-2.87969	55.3706	1.51555
-2.87969	55.3826	1.50713
-2.87969	55.3959	1.50094
-2.87969	55.4101	1.49714
-2.87969	55.4247	1.49586
17.6139	55.4393	1.49714
17.6139	55.4534	1.50094
17.6139	55.4667	1.50713
17.6139	55.4787	1.51555
17.6139	55.4891	1.52592
17.6139	55.4975	1.53793
17.6139	55.5037	1.55122
17.6139	55.5075	1.56539
17.6139	55.5088	1.58
17.6139	55.5075	1.59461
17.6139	55.5037	1.60878
17.6139	55.4975	1.62207
17.6139	55.4891	1.63408
17.6139	55.4787	1.64445
17.6139	55.4667	1.65287
17.6139	55.4534	1.65906
17.6139	55.4393	1.66286
17.6139	55.4247	1.66414
17.6139	55.4101	1.66286
17.6139	55.3959	1.65906
17.6139	55.3826	1.65287
17.6139	55.3706	1.64445
17.6139	55.3602	1.63408
17.6139	55.3518	1.62207
17.6139	55.3456	1.60878
17.6139	55.3418	1.59461
17.6139	55.3405	1.58
17.6139	55.3418	1.56539
17.6139	55.3456	1.55122
17.6139	55.3518	1.53793
17.6139	55.3602	1.52592
17.6139	55.3706	1.51555
17.6139	55.3826	1.50713
17.6139	55.3959	1.50094
17.6139	55.4101	1.49714
17.6139	55.4247	1.49586

#	Triangle	40
35	36	71	0	36	35
0	37	36	1	37	0
1	38	37	2	38	1
2	39	38	3	39	2
3	40	39	4	40	3
4	41	40	5	41	4
5	42	41	6	42	5
6	43	42	7	43	6
7	44	43	8	44	7
8	45	44	9	45	8
9	46	45	10	46	9
10	47	46	11	47	10
11	48	47	12	48	11
12	49	48	13	49	12
13	50	49	14	50	13
14	51	50	15	51	14
15	52	51	16	52	15
16	53	52	17	53	16
17	54	53	18	54	17
18	55	54	19	55	18
19	56	55	20	56	19
20	57	56	21	57	20
21	58	57	22	58	21
22	59	58	23	59	22
23	60	59	24	60	23
24	61	60	25	61	24
25	62	61	26	62	25
26	63	62	27	63	26
27	64	63	28	64	27
28	65	64	29	65	28
29	66	65	30	66	29
30	67	66	31	67	30
31	68	67	32	68	31
32	69	68	33	69	32
33	70	69	34	70	33
34	71	70	35	71	34
7	9	8	26	25	27
6	9	7	6	10	9	5	10	6	5	11	10	4	11	5	4	12	11	3	12	4	3	13	12	2	13	3	2	14	13	1	14	2	1	15	14	0	15	1	0	16	15	35	16	0	35	17	16	34	17	35	34	18	17	33	18	34	33	19	18	32	19	33	32	20	19	31	20	32	31	21	20	30	21	31	30	22	21	29	22	30	29	23	22	28	23	29	28	24	23	27	24	28	27	25	24
45	43	44	62	63	61
46	43	45	46	42	43	47	42	46	47	41	42	48	41	47	48	40	41	49	40	48	49	39	40	50	39	49	50	38	39	51	38	50	51	37	38	52	37	51	52	36	37	53	36	52	53	71	36	54	71	53	54	70	71	55	70	54	55	69	70	56	69	55	56	68	69	57	68	56	57	67	68	58	67	57	58	66	67	59	66	58	59	65	66	60	65	59	60	64	65	61	64	60	61	63	64

#	Normal	40
-0	0.0871587	-0.996194
-0	0.258794	-0.965933
-0	0.422591	-0.906321
-0	0.573641	-0.819107
-0	0.70709	-0.707123
-0	0.819091	-0.573664
-0	0.906382	-0.422459
-0	0.965909	-0.258883
-0	0.9962	-0.0870951
-0	0.9962	0.0870951
-0	0.965909	0.258883
-0	0.906382	0.422459
-0	0.819091	0.573664
-0	0.70709	0.707123
-0	0.573641	0.819107
-0	0.422591	0.906321
-0	0.258794	0.965933
-0	0.0871587	0.996194
-0	-0.0871587	0.996194
-0	-0.258794	0.965933
-0	-0.422693	0.906273
-0	-0.573516	0.819194
-0	-0.70709	0.707123
-0	-0.819216	0.573485
-0	-0.90628	0.422678
-0	-0.965909	0.258883
-0	-0.9962	0.0870951
0	-0.9962	-0.0870951
0	-0.965909	-0.258883
0	-0.90628	-0.422678
0	-0.819216	-0.573485
0	-0.70709	-0.707123
0	-0.573516	-0.819194
0	-0.422693	-0.906273
0	-0.258794	-0.965933
0	-0.0871587	-0.996194
-3.73249e-005	-0	0
-1	-0	-0
3.73249e-005	-0	0
1	-0	-0

#	Mesh	0	End

