#	Mesh	0	Begin

#	Vertex	72
-9.32596	92.5143	1.14407
-9.32356	92.5143	1.14343
-9.3213	92.5143	1.14238
-9.31926	92.5143	1.14095
-9.3175	92.5143	1.13919
-9.31607	92.5143	1.13715
-9.31502	92.5143	1.13489
-9.31437	92.5143	1.13248
-9.31415	92.5143	1.13
-9.31437	92.5143	1.12752
-9.31502	92.5143	1.12511
-9.31607	92.5143	1.12285
-9.3175	92.5143	1.12081
-9.31926	92.5143	1.11905
-9.3213	92.5143	1.11762
-9.32356	92.5143	1.11657
-9.32596	92.5143	1.11593
-9.32844	92.5143	1.11571
-9.33093	92.5143	1.11593
-9.33333	92.5143	1.11657
-9.33559	92.5143	1.11762
-9.33763	92.5143	1.11905
-9.33939	92.5143	1.12081
-9.34082	92.5143	1.12285
-9.34187	92.5143	1.12511
-9.34252	92.5143	1.12752
-9.34273	92.5143	1.13
-9.34252	92.5143	1.13248
-9.34187	92.5143	1.13489
-9.34082	92.5143	1.13715
-9.33939	92.5143	1.13919
-9.33763	92.5143	1.14095
-9.33559	92.5143	1.14238
-9.33333	92.5143	1.14343
-9.33093	92.5143	1.14407
-9.32844	92.5143	1.14429
-9.32596	95.4341	1.14407
-9.32356	95.4341	1.14343
-9.3213	95.4341	1.14238
-9.31926	95.4341	1.14095
-9.3175	95.4341	1.13919
-9.31607	95.4341	1.13715
-9.31502	95.4341	1.13489
-9.31437	95.4341	1.13248
-9.31415	95.4341	1.13
-9.31437	95.4341	1.12752
-9.31502	95.4341	1.12511
-9.31607	95.4341	1.12285
-9.3175	95.4341	1.12081
-9.31926	95.4341	1.11905
-9.3213	95.4341	1.11762
-9.32356	95.4341	1.11657
-9.32596	95.4341	1.11593
-9.32844	95.4341	1.11571
-9.33093	95.4341	1.11593
-9.33333	95.4341	1.11657
-9.33559	95.4341	1.11762
-9.33763	95.4341	1.11905
-9.33939	95.4341	1.12081
-9.34082	95.4341	1.12285
-9.34187	95.4341	1.12511
-9.34252	95.4341	1.12752
-9.34273	95.4341	1.13
-9.34252	95.4341	1.13248
-9.34187	95.4341	1.13489
-9.34082	95.4341	1.13715
-9.33939	95.4341	1.13919
-9.33763	95.4341	1.14095
-9.33559	95.4341	1.14238
-9.33333	95.4341	1.14343
-9.33093	95.4341	1.14407
-9.32844	95.4341	1.14429

#	Triangle	72
35	36	71	0	36	35
0	37	36	1	37	0
1	38	37	2	38	1
2	39	38	3	39	2
3	40	39	4	40	3
4	41	40	5	41	4
5	42	41	6	42	5
6	43	42	7	43	6
7	44	43	8	44	7
8	45	44	9	45	8
9	46	45	10	46	9
10	47	46	11	47	10
11	48	47	12	48	11
12	49	48	13	49	12
13	50	49	14	50	13
14	51	50	15	51	14
15	52	51	16	52	15
16	53	52	17	53	16
17	54	53	18	54	17
18	55	54	19	55	18
19	56	55	20	56	19
20	57	56	21	57	20
21	58	57	22	58	21
22	59	58	23	59	22
23	60	59	24	60	23
24	61	60	25	61	24
25	62	61	26	62	25
26	63	62	27	63	26
27	64	63	28	64	27
28	65	64	29	65	28
29	66	65	30	66	29
30	67	66	31	67	30
31	68	67	32	68	31
32	69	68	33	69	32
33	70	69	34	70	33
34	71	70	35	71	34
7	9	8	26	25	27
6	9	7	27	25	24
6	10	9	27	24	28
5	10	6	28	24	23
5	11	10	28	23	29
4	11	5	29	23	22
4	12	11	29	22	30
3	12	4	30	22	21
3	13	12	30	21	31
2	13	3	31	21	20
2	14	13
1	14	2	32	20	19
1	15	14	32	19	33
0	15	1	33	19	18
0	16	15	33	18	34
35	16	0	34	18	17
35	17	16	34	17	35
31	20	32
45	43	44	62	63	61
46	43	45	61	63	64
46	42	43	61	64	60
47	42	46	60	64	65
47	41	42	60	65	59
48	41	47	59	65	66
48	40	41	59	66	58
49	40	48	58	66	67
49	39	40	58	67	57
50	39	49	57	67	68
50	38	39
51	38	50	56	68	69
51	37	38	56	69	55
52	37	51	55	69	70
52	36	37	55	70	54
53	36	52	54	70	71
53	71	36	54	71	53
57	68	56

#	Normal	72
0.0871815	-0	0.996192
0.258782	-0	0.965936
0.422735	-0	0.906253
0.573462	-0	0.819232
0.707229	-0	0.706984
0.819151	-0	0.573577
0.906306	-0	0.422623
0.965843	-0	0.259126
0.996205	-0	0.0870356
0.996205	-0	-0.0870356
0.965843	-0	-0.259126
0.906306	-0	-0.422623
0.819151	-0	-0.573577
0.707229	-0	-0.706984
0.573462	-0	-0.819232
0.422735	-0	-0.906253
0.258782	-0	-0.965936
0.0871815	-0	-0.996192
-0.0871815	0	-0.996192
-0.258782	0	-0.965936
-0.422585	0	-0.906323
-0.573647	0	-0.819103
-0.707033	0	-0.70718
-0.819151	0	-0.573577
-0.906306	0	-0.422623
-0.965941	0	-0.258761
-0.996205	0	-0.0870356
-0.996205	-0	0.0870356
-0.965941	-0	0.258761
-0.906306	-0	0.422623
-0.819151	-0	0.573577
-0.707033	-0	0.70718
-0.573647	-0	0.819103
-0.422585	-0	0.906323
-0.258782	-0	0.965936
-0.0871815	-0	0.996192
-0	-1.07594e-006	-0
-0	-3.20358e-006	-0
-0	-6.30978e-006	-0
-0	-1.02904e-005	-0
-0	-1.50436e-005	-0
-0	-2.04163e-005	-0
-0	-2.62466e-005	-0
-0	-3.23463e-005	-0
-0	-3.85489e-005	-0
-0	-4.46851e-005	-0
-0	-5.05171e-005	-0
-0	-5.58589e-005	-0
-0	-6.06106e-005	-0
-0	-6.46233e-005	-0
-0	-6.77257e-005	-0
-0	-6.98421e-005	-0
-0	-7.09199e-005	-0
0	-5.0493e-005	-0
-0	1.07594e-006	-0
-0	3.20358e-006	-0
-0	6.30978e-006	-0
-0	1.02904e-005	-0
-0	1.50436e-005	-0
-0	2.04163e-005	-0
-0	2.62466e-005	-0
-0	3.23463e-005	-0
-0	3.85489e-005	-0
-0	4.46851e-005	-0
-0	5.05171e-005	-0
-0	5.58589e-005	-0
-0	6.06106e-005	-0
-0	6.46233e-005	-0
-0	6.77257e-005	-0
-0	6.98421e-005	-0
-0	7.09199e-005	-0
-0	5.0493e-005	-0

#	Mesh	0	End

