#	Mesh	0	Begin

#	Vertex	35
79.5957	-114.756	1.74306
77.9241	-115.209	1.74444
77.924	-115.209	1.64444
77.9221	-115.205	0.644453
78.2635	-115.112	0.64417
78.2639	-115.117	1.73825
78.2639	-115.117	1.741
79.1474	-114.877	1.741
79.1474	-114.877	1.73906
79.147	-114.873	0.643439
79.5369	-114.767	0.643116
79.5937	-114.752	0.643069
74.3951	-105.943	0.685759
74.3971	-105.947	1.78575
75.1651	-105.736	1.78513
75.1631	-105.731	0.685135
73.5002	-106.202	0.686436
73.5022	-106.206	1.78643
74.3568	-106.734	1.78287
74.3548	-106.729	0.682877
74.4724	-108.181	0.677206
74.4744	-108.185	1.7772
73.7841	-106.78	1.78375
73.7821	-106.776	0.68376
79.5242	-114.61	0.64373
79.4249	-114.408	0.644672
79.116	-114.489	0.644939
79.0924	-114.198	0.646077
78.1953	-114.27	0.647459
78.2317	-114.72	0.645703
77.8558	-115.07	0.645082
78.1953	-114.27	1.741
78.3839	-114.255	1.741
79.0924	-114.198	1.741
78.196	-114.279	1.741

#	Triangle	37
0	10	11
0	9	10
0	8	9
5	3	4
5	2	3
5	1	2
6	1	5
0	7	8
7	1	6
0	1	7
15	13	14	12	13	15
17	12	16	13	12	17
21	19	20	18	19	21
23	18	22	19	18	23
22	13	17	22	14	13	22	18	14	18	0	14	21	0	18	1	0	21
0	15	14
0	25	15
0	24	25
0	11	24
12	23	16	15	23	12	25	19	15	19	23	15	25	20	19	25	27	20	27	28	20	28	30	20	29	30	28	25	26	27	4	30	29	4	3	30	25	9	26	24	9	25	11	10	24	10	9	24
22	16	23	17	16	22
34	7	6	31	7	34	32	7	31	33	7	32
26	33	27	9	33	26
8	33	9
8	7	33
33	28	27
33	32	28
32	31	28
31	29	28
31	4	29
31	5	4
34	5	31
6	5	34
30	21	20
30	1	21
3	2	30
2	1	30

#	Normal	37
0.261472	-0.965202	-0.00410923
0.261486	-0.965198	-0.00411004
0.261495	-0.965196	-0.00411389
0.261497	-0.965196	-0.0041059
0.261507	-0.965193	-0.0041092
0.261502	-0.965194	-0.0040894
0.261476	-0.965194	-0.00548601
0.261493	-0.965197	-0.0038885
0.261492	-0.965197	-0.00403943
0.261493	-0.965198	-0.00368549
-0.265105	0.964211	0.00411222
-0.278297	0.960486	0.00412258
-0.996731	-0.0807713	0.0015371
0.0807655	-0.996726	-0.00389397
0.00184531	-0.0037569	0.999991
0.897576	0.440861	-1.0969e-006
0.897575	0.440861	2.12069e-006
0.897576	0.44086	1.88427e-006
0.897585	0.440842	-1.18532e-006
-0.00184525	0.00375692	-0.999991
-0.897578	-0.440855	1.1242e-006
0	-0	-1
-0.996738	-0.080706	0
-0.996738	-0.0807017	-2.5943e-006
-0.996738	-0.0807008	-0.00032512
0.0807033	-0.996738	-0
0.0807002	-0.996738	2.57142e-006
0.080715	-0.996737	-0
0.996738	0.0807065	0
0.996738	0.0807008	2.36911e-006
0.996738	0.080702	1.44647e-006
2.39895e-005	1.93291e-006	2.90411e-006
0.996738	0.0807046	0.000458712
-0.897576	-0.44086	1.09775e-006
-0.897576	-0.44086	-4.23935e-006
-0.897573	-0.440866	-1.79373e-006
-0.89746	-0.441097	-4.14904e-005

#	Mesh	0	End

