#	Mesh	0	Begin

#	Vertex	72
92.911	96.5364	-6.976
92.8976	96.5328	-6.976
92.885	96.527	-6.976
92.8737	96.519	-6.976
92.8639	96.5092	-6.976
92.8559	96.4979	-6.976
92.8501	96.4853	-6.976
92.8465	96.4719	-6.976
92.8453	96.4581	-6.976
92.8465	96.4443	-6.976
92.8501	96.4309	-6.976
92.8559	96.4184	-6.976
92.8639	96.407	-6.976
92.8737	96.3972	-6.976
92.885	96.3893	-6.976
92.8976	96.3834	-6.976
92.911	96.3798	-6.976
92.9248	96.3786	-6.976
92.9386	96.3798	-6.976
92.952	96.3834	-6.976
92.9645	96.3893	-6.976
92.9759	96.3972	-6.976
92.9857	96.407	-6.976
92.9936	96.4184	-6.976
92.9995	96.4309	-6.976
93.0031	96.4443	-6.976
93.0043	96.4581	-6.976
93.0031	96.4719	-6.976
92.9995	96.4853	-6.976
92.9936	96.4979	-6.976
92.9857	96.5092	-6.976
92.9759	96.519	-6.976
92.9645	96.527	-6.976
92.952	96.5328	-6.976
92.9386	96.5364	-6.976
92.9248	96.5376	-6.976
92.911	96.5364	2.12
92.8976	96.5328	2.12
92.885	96.527	2.12
92.8737	96.519	2.12
92.8639	96.5092	2.12
92.8559	96.4979	2.12
92.8501	96.4853	2.12
92.8465	96.4719	2.12
92.8453	96.4581	2.12
92.8465	96.4443	2.12
92.8501	96.4309	2.12
92.8559	96.4184	2.12
92.8639	96.407	2.12
92.8737	96.3972	2.12
92.885	96.3893	2.12
92.8976	96.3834	2.12
92.911	96.3798	2.12
92.9248	96.3786	2.12
92.9386	96.3798	2.12
92.952	96.3834	2.12
92.9645	96.3893	2.12
92.9759	96.3972	2.12
92.9857	96.407	2.12
92.9936	96.4184	2.12
92.9995	96.4309	2.12
93.0031	96.4443	2.12
93.0043	96.4581	2.12
93.0031	96.4719	2.12
92.9995	96.4853	2.12
92.9936	96.4979	2.12
92.9857	96.5092	2.12
92.9759	96.519	2.12
92.9645	96.527	2.12
92.952	96.5328	2.12
92.9386	96.5364	2.12
92.9248	96.5376	2.12

#	Triangle	42
35	36	71	0	36	35
0	37	36	1	37	0
1	38	37	2	38	1
2	39	38	3	39	2
3	40	39	4	40	3
4	41	40	5	41	4
5	42	41	6	42	5
6	43	42	7	43	6
7	44	43	8	44	7
8	45	44	9	45	8
9	46	45	10	46	9
10	47	46	11	47	10
11	48	47	12	48	11
12	49	48	13	49	12
13	50	49	14	50	13
14	51	50	15	51	14
15	52	51	16	52	15
16	53	52	17	53	16
17	54	53	18	54	17
18	55	54	19	55	18
19	56	55	20	56	19
20	57	56	21	57	20
21	58	57	22	58	21
22	59	58	23	59	22
23	60	59	24	60	23
24	61	60	25	61	24
25	62	61	26	62	25
26	63	62	27	63	26
27	64	63	28	64	27
28	65	64	29	65	28
29	66	65	30	66	29
30	67	66	31	67	30
31	68	67	32	68	31
32	69	68	33	69	32
33	70	69	34	70	33
34	71	70	35	71	34
7	9	8	26	25	27
6	9	7	27	25	24
6	10	9	5	10	6	5	11	10	4	11	5	4	12	11	3	12	4	3	13	12	2	13	3	2	14	13	1	14	2	1	15	14	0	15	1	0	16	15	35	16	0	35	17	16	34	17	35	34	18	17	33	18	34	33	19	18	32	19	33	32	20	19	31	20	32	31	21	20	30	21	31	30	22	21	29	22	30	29	23	22	28	23	29	28	24	23	27	24	28
45	43	44	62	63	61
46	43	45	61	63	64
46	42	43	47	42	46	47	41	42	48	41	47	48	40	41	49	40	48	49	39	40	50	39	49	50	38	39	51	38	50	51	37	38	52	37	51	52	36	37	53	36	52	53	71	36	54	71	53	54	70	71	55	70	54	55	69	70	56	69	55	56	68	69	57	68	56	57	67	68	58	67	57	58	66	67	59	66	58	59	65	66	60	65	59	60	64	65	61	64	60

#	Normal	42
-0.0873837	0.996175	-0
-0.25868	0.965963	-0
-0.422916	0.906169	-0
-0.573425	0.819258	-0
-0.707107	0.707107	-0
-0.818994	0.573803	-0
-0.906485	0.422237	-0
-0.965784	0.259347	-0
-0.996224	0.0868242	-0
-0.996224	-0.0868242	0
-0.965822	-0.259205	0
-0.906385	-0.422453	0
-0.818994	-0.573803	0
-0.707389	-0.706825	0
-0.573425	-0.819258	0
-0.422916	-0.906169	0
-0.25868	-0.965963	0
-0.0868242	-0.996224	0
0.0868242	-0.996224	-0
0.258821	-0.965925	-0
0.4227	-0.90627	-0
0.573425	-0.819258	-0
0.707389	-0.706825	-0
0.818994	-0.573803	-0
0.906385	-0.422453	-0
0.965963	-0.25868	-0
0.996175	-0.0873837	-0
0.996175	0.0873837	-0
0.965925	0.258821	-0
0.906485	0.422237	-0
0.818994	0.573803	-0
0.707107	0.707107	-0
0.573425	0.819258	-0
0.4227	0.90627	-0
0.258821	0.965925	-0
0.0873837	0.996175	-0
-0	-0	-3.32175e-005
-0	-0	-9.92212e-005
-0	-0	-1
-0	-0	3.32175e-005
-0	-0	9.92212e-005
-0	-0	1

#	Mesh	0	End

