#	Mesh	0	Begin

#	Vertex	72
75.1109	1.25445	1.27453
75.1104	1.26084	1.27624
75.1099	1.26683	1.27905
75.1095	1.27225	1.28285
75.1091	1.27692	1.28754
75.1088	1.28071	1.29297
75.1086	1.28351	1.29899
75.1084	1.28522	1.30539
75.1084	1.28579	1.312
75.1084	1.28522	1.31861
75.1086	1.28351	1.32501
75.1088	1.28071	1.33103
75.1091	1.27692	1.33646
75.1095	1.27225	1.34115
75.1099	1.26683	1.34495
75.1104	1.26084	1.34776
75.1109	1.25445	1.34947
75.1115	1.24787	1.35005
75.112	1.24128	1.34947
75.1125	1.2349	1.34776
75.113	1.22891	1.34495
75.1134	1.22349	1.34115
75.1138	1.21882	1.33646
75.1141	1.21502	1.33103
75.1143	1.21223	1.32501
75.1145	1.21052	1.31861
75.1145	1.20994	1.312
75.1145	1.21052	1.30539
75.1143	1.21223	1.29899
75.1141	1.21502	1.29297
75.1138	1.21882	1.28754
75.1134	1.22349	1.28285
75.113	1.22891	1.27905
75.1125	1.2349	1.27624
75.112	1.24128	1.27453
75.1115	1.24787	1.27395
77.634	1.45889	1.27453
77.6335	1.46527	1.27624
77.633	1.47127	1.27905
77.6325	1.47668	1.28285
77.6322	1.48136	1.28754
77.6319	1.48515	1.29297
77.6316	1.48794	1.29899
77.6315	1.48965	1.30539
77.6314	1.49023	1.312
77.6315	1.48965	1.31861
77.6316	1.48794	1.32501
77.6319	1.48515	1.33103
77.6322	1.48136	1.33646
77.6325	1.47668	1.34115
77.633	1.47127	1.34495
77.6335	1.46527	1.34776
77.634	1.45889	1.34947
77.6345	1.4523	1.35005
77.6351	1.44572	1.34947
77.6356	1.43933	1.34776
77.6361	1.43334	1.34495
77.6365	1.42792	1.34115
77.6369	1.42325	1.33646
77.6372	1.41946	1.33103
77.6374	1.41666	1.32501
77.6375	1.41495	1.31861
77.6376	1.41438	1.312
77.6375	1.41495	1.30539
77.6374	1.41666	1.29899
77.6372	1.41946	1.29297
77.6369	1.42325	1.28754
77.6365	1.42792	1.28285
77.6361	1.43334	1.27905
77.6356	1.43933	1.27624
77.6351	1.44572	1.27453
77.6345	1.4523	1.27395

#	Triangle	82
35	36	71
0	36	35
0	37	36	1	37	0
1	38	37
2	38	1
2	39	38	3	39	2
3	40	39
4	40	3
4	41	40
5	41	4
5	42	41	6	42	5
6	43	42
7	43	6
7	44	43	8	44	7
8	45	44	9	45	8
9	46	45
10	46	9
10	47	46	11	47	10
11	48	47
12	48	11
12	49	48
13	49	12
13	50	49	14	50	13
14	51	50
15	51	14
15	52	51	16	52	15
16	53	52
17	53	16
17	54	53	18	54	17
18	55	54	19	55	18
19	56	55
20	56	19
20	57	56
21	57	20
21	58	57	22	58	21
22	59	58	23	59	22
23	60	59
24	60	23
24	61	60
25	61	24
25	62	61	26	62	25
26	63	62	27	63	26
27	64	63
28	64	27
28	65	64
29	65	28
29	66	65	30	66	29
30	67	66	31	67	30
31	68	67
32	68	31
32	69	68
33	69	32
33	70	69	34	70	33
34	71	70	35	71	34
7	9	8	26	25	27
6	9	7	27	25	24
6	10	9	27	24	28
5	10	6	28	24	23
5	11	10	28	23	29
4	11	5	4	12	11	29	22	30	29	23	22
3	12	4	3	13	12	30	21	31	30	22	21
2	13	3	2	14	13	31	20	32	31	21	20
1	14	2	1	15	14	32	19	33	32	20	19
0	15	1	0	16	15	33	18	34	33	19	18
35	16	0	35	17	16
34	17	35	34	18	17
45	43	44	62	63	61
46	43	45	61	63	64
46	42	43	61	64	60
47	42	46	60	64	65
47	41	42
48	41	47	48	40	41
49	40	48	49	39	40
50	39	49	50	38	39
51	38	50	51	37	38	56	69	55	56	68	69
52	37	51	52	36	37	55	70	54	55	69	70
53	36	52	53	71	36
54	71	53	54	70	71
57	68	56	57	67	68
58	67	57	58	66	67
59	66	58	59	65	66
60	65	59

#	Normal	82
-0.00703897	0.0868731	-0.996195
-0.00703911	0.0868747	-0.996194
-0.0209035	0.257985	-0.965923
-0.0341312	0.421238	-0.906308
-0.0341306	0.421231	-0.906311
-0.0463239	0.571717	-0.819142
-0.0571044	0.704768	-0.707136
-0.0571052	0.704777	-0.707127
-0.0661572	0.816494	-0.573551
-0.0661564	0.816485	-0.573564
-0.0731941	0.903342	-0.422629
-0.0780088	0.962764	-0.258844
-0.0780092	0.962768	-0.258827
-0.0804539	0.99294	-0.0871575
-0.0804539	0.99294	0.0871575
-0.0780088	0.962764	0.258844
-0.0780092	0.962768	0.258827
-0.0731941	0.903342	0.422629
-0.0661571	0.816494	0.573551
-0.0661565	0.816485	0.573564
-0.0571045	0.704768	0.707136
-0.0571052	0.704777	0.707127
-0.0463239	0.571717	0.819142
-0.0341312	0.421238	0.906308
-0.0341306	0.421231	0.906311
-0.0209035	0.257985	0.965923
-0.00703898	0.0868731	0.996195
-0.0070391	0.0868747	0.996194
0.00703977	-0.086883	0.996194
0.0209035	-0.257985	0.965923
0.0341312	-0.421238	0.906308
0.0341306	-0.421231	0.906311
0.0463232	-0.571709	0.819148
0.0463239	-0.571717	0.819142
0.0571052	-0.704777	0.707127
0.0661564	-0.816485	0.573564
0.0731947	-0.903349	0.422614
0.0731941	-0.903342	0.422629
0.0780088	-0.962764	0.258844
0.0780092	-0.962768	0.258827
0.0804539	-0.99294	0.0871575
0.0804539	-0.99294	-0.0871575
0.0780088	-0.962764	-0.258844
0.0780092	-0.962768	-0.258827
0.0731947	-0.903349	-0.422614
0.0731941	-0.903342	-0.422629
0.0661564	-0.816485	-0.573564
0.0571052	-0.704777	-0.707127
0.0463232	-0.571709	-0.819148
0.0463239	-0.571717	-0.819142
0.0341312	-0.421238	-0.906308
0.0341306	-0.421231	-0.906311
0.0209035	-0.257985	-0.965923
0.00703977	-0.086883	-0.996194
-7.61388e-006	-6.19434e-007	-0
-2.26094e-005	-1.8583e-006	0
-4.4532e-005	-3.66016e-006	-0
-7.27203e-005	-5.89693e-006	0
-0.996728	-0.0808252	-0
-0.996787	-0.0800947	0
-0.996664	-0.0816195	0
-0.996752	-0.0805275	0
-0.996748	-0.0805798	0
-0.996756	-0.0804859	0
-0.996667	-0.0815807	0
-0.996762	-0.0804061	0
7.61388e-006	6.19434e-007	-0
2.2611e-005	1.8583e-006	0
4.45352e-005	3.66016e-006	-0
7.27203e-005	5.89693e-006	0
0.996728	0.0808252	-0
0.996787	0.0800972	0
0.996664	0.0816174	0
0.996752	0.0805275	0
0.996748	0.0805814	0
0.996756	0.0804859	0
0.996667	0.0815792	0
0.996762	0.0804061	0
0.996753	0.0805257	0
0.996664	0.0816195	0
0.996787	0.0800947	0
0.996728	0.0808287	0

#	Mesh	0	End

