#	Mesh	0	Begin

#	Vertex	72
101.302	-127.739	1.06416
101.3	-127.721	1.0691
101.299	-127.704	1.07717
101.298	-127.688	1.08812
101.297	-127.675	1.10161
101.296	-127.664	1.11725
101.295	-127.656	1.13455
101.295	-127.651	1.15299
101.295	-127.649	1.172
101.295	-127.651	1.19101
101.295	-127.656	1.20945
101.296	-127.664	1.22675
101.297	-127.675	1.24239
101.298	-127.688	1.25588
101.299	-127.704	1.26683
101.3	-127.721	1.2749
101.302	-127.739	1.27984
101.303	-127.758	1.2815
101.305	-127.777	1.27984
101.306	-127.796	1.2749
101.308	-127.813	1.26683
101.309	-127.828	1.25588
101.31	-127.842	1.24239
101.311	-127.853	1.22675
101.312	-127.861	1.20945
101.312	-127.866	1.19101
101.312	-127.867	1.172
101.312	-127.866	1.15299
101.312	-127.861	1.13455
101.311	-127.853	1.11725
101.31	-127.842	1.10161
101.309	-127.828	1.08812
101.308	-127.813	1.07717
101.306	-127.796	1.0691
101.305	-127.777	1.06416
101.303	-127.758	1.0625
106.337	-127.331	1.06416
106.335	-127.313	1.0691
106.334	-127.296	1.07717
106.333	-127.28	1.08812
106.332	-127.267	1.10161
106.331	-127.256	1.11725
106.33	-127.248	1.13455
106.33	-127.243	1.15299
106.33	-127.241	1.172
106.33	-127.243	1.19101
106.33	-127.248	1.20945
106.331	-127.256	1.22675
106.332	-127.267	1.24239
106.333	-127.28	1.25588
106.334	-127.296	1.26683
106.335	-127.313	1.2749
106.337	-127.331	1.27984
106.338	-127.35	1.2815
106.34	-127.369	1.27984
106.342	-127.388	1.2749
106.343	-127.405	1.26683
106.344	-127.42	1.25588
106.345	-127.434	1.24239
106.346	-127.445	1.22675
106.347	-127.453	1.20945
106.347	-127.458	1.19101
106.347	-127.459	1.172
106.347	-127.458	1.15299
106.347	-127.453	1.13455
106.346	-127.445	1.11725
106.345	-127.434	1.10161
106.344	-127.42	1.08812
106.343	-127.405	1.07717
106.342	-127.388	1.0691
106.34	-127.369	1.06416
106.338	-127.35	1.0625

#	Triangle	89
35	36	71
0	36	35
0	37	36	1	37	0
1	38	37
2	38	1
2	39	38
3	39	2
3	40	39	4	40	3
4	41	40
5	41	4
5	42	41
6	42	5
6	43	42
7	43	6
7	44	43	8	44	7
8	45	44	9	45	8
9	46	45
10	46	9
10	47	46
11	47	10
11	48	47
12	48	11
12	49	48	13	49	12
13	50	49
14	50	13
14	51	50
15	51	14
15	52	51	16	52	15
16	53	52
17	53	16
17	54	53
18	54	17
18	55	54
19	55	18
19	56	55	20	56	19
20	57	56
21	57	20
21	58	57
22	58	21
22	59	58
23	59	22
23	60	59
24	60	23
24	61	60	25	61	24
25	62	61
26	62	25
26	63	62
27	63	26
27	64	63	28	64	27
28	65	64
29	65	28
29	66	65
30	66	29
30	67	66
31	67	30
31	68	67
32	68	31
32	69	68	33	69	32
33	70	69
34	70	33
34	71	70
35	71	34
7	9	8	26	25	27
6	9	7	6	10	9	27	24	28	27	25	24
5	10	6	5	11	10
4	11	5	4	12	11
3	12	4	3	13	12
2	13	3	2	14	13
1	14	2	1	15	14	32	19	33	32	20	19
0	15	1	0	16	15
35	16	0	35	17	16
34	17	35	34	18	17	31	20	32	31	21	20
33	18	34	33	19	18
30	21	31	30	22	21
29	22	30	29	23	22
28	23	29	28	24	23
45	43	44	62	63	61
46	43	45	46	42	43
47	42	46	47	41	42	60	65	59	60	64	65
48	41	47	48	40	41
49	40	48	49	39	40	58	67	57	58	66	67
50	39	49	50	38	39	53	36	52	53	71	36
51	38	50	51	37	38
52	37	51	52	36	37	55	70	54	55	69	70
54	71	53	54	70	71
56	69	55	56	68	69
57	68	56	57	67	68
59	66	58	59	65	66
61	64	60	61	63	64

#	Normal	89
-0.00703852	0.0868676	-0.996195
-0.00703876	0.0868704	-0.996195
-0.0209037	0.257988	-0.965922
-0.0341321	0.421249	-0.906303
-0.034131	0.421236	-0.906309
-0.046319	0.571657	-0.819184
-0.0463203	0.571672	-0.819174
-0.0571049	0.704773	-0.707131
-0.0661677	0.816624	-0.573365
-0.066151	0.816433	-0.573639
-0.0731955	0.903376	-0.422558
-0.0731943	0.903363	-0.422585
-0.0780018	0.962697	-0.259097
-0.0780115	0.962798	-0.258716
-0.0804546	0.99295	-0.0870523
-0.0804546	0.99295	0.0870523
-0.0780033	0.962696	0.259097
-0.0780101	0.962798	0.258716
-0.0731954	0.903376	0.422558
-0.0731945	0.903363	0.422585
-0.0661665	0.816624	0.573365
-0.0661522	0.816432	0.573639
-0.0571049	0.704773	0.707131
-0.046319	0.571657	0.819184
-0.0463202	0.571672	0.819174
-0.034132	0.421249	0.906303
-0.0341311	0.421236	0.906309
-0.0209037	0.257988	0.965922
-0.00703853	0.0868676	0.996195
-0.00703875	0.0868704	0.996195
0.00703875	-0.0868704	0.996195
0.00703853	-0.0868676	0.996195
0.0209037	-0.257988	0.965922
0.0209043	-0.257996	0.96592
0.034131	-0.421236	0.906309
0.0463202	-0.571672	0.819174
0.046319	-0.571657	0.819184
0.0571049	-0.704773	0.707131
0.0571061	-0.704789	0.707115
0.0661521	-0.816432	0.573639
0.0661664	-0.816624	0.573365
0.0731954	-0.903376	0.422558
0.0731832	-0.903207	0.42292
0.0780117	-0.962798	0.258716
0.0804516	-0.992911	0.08749
0.0804531	-0.99295	0.0870523
0.08045	-0.992912	-0.08749
0.0804547	-0.99295	-0.0870523
0.0780117	-0.962798	-0.258716
0.0731969	-0.903375	-0.422558
0.0731817	-0.903207	-0.42292
0.0661509	-0.816433	-0.573639
0.0661676	-0.816624	-0.573365
0.0571048	-0.704773	-0.707131
0.0571062	-0.704789	-0.707115
0.0463203	-0.571672	-0.819174
0.046319	-0.571657	-0.819184
0.034131	-0.421236	-0.906309
0.0209037	-0.257988	-0.965922
0.0209044	-0.257996	-0.96592
0.00703876	-0.0868704	-0.996195
0.00703852	-0.0868676	-0.996195
-6.29856e-005	-5.05073e-006	-0
-0.996739	-0.0806884	0
-0.996685	-0.081362	0
-0.996745	-0.0806243	0
-0.996711	-0.0810334	0
-0.996759	-0.0804402	0
-0.996727	-0.0808401	0
-0.996719	-0.080941	0
-0.996752	-0.080529	0
-0.996719	-0.0809372	0
-0.996753	-0.08052	0
-0.996758	-0.0804584	0
-0.99674	-0.0806817	0
-0.996691	-0.0812835	0
6.29856e-005	5.05073e-006	-0
0.99675	0.0805614	0
0.996763	0.0803997	0
0.99674	0.0806817	0
0.996711	0.0810334	0
0.996719	0.0809366	0
0.996763	0.0803914	0
0.996719	0.080941	0
0.996752	0.080529	0
0.996727	0.0808401	0
0.996759	0.0804402	0
0.996745	0.0806243	0
0.996739	0.0806884	0

#	Mesh	0	End

