#	Mesh	0	Begin

#	Vertex	141
73.6029	-122.876	2.42251
73.5892	-122.877	2.4168
73.5744	-122.878	2.41485
73.5597	-122.879	2.4168
73.546	-122.88	2.42251
73.5341	-122.881	2.43159
73.5251	-122.882	2.44343
73.5194	-122.882	2.45721
73.5175	-122.882	2.472
73.5194	-122.882	2.48679
73.5251	-122.882	2.50057
73.5341	-122.881	2.51241
73.546	-122.88	2.52149
73.5597	-122.879	2.5272
73.5744	-122.878	2.52915
73.5892	-122.877	2.5272
73.6029	-122.876	2.52149
73.6147	-122.875	2.51241
73.6238	-122.874	2.50057
73.6295	-122.873	2.48679
73.6314	-122.873	2.472
73.6295	-122.873	2.45721
73.6238	-122.874	2.44343
73.6147	-122.875	2.43159
73.677	-123.018	2.41485
73.6826	-123.005	2.4168
73.6879	-122.992	2.42251
73.6924	-122.981	2.43159
73.6958	-122.973	2.44343
73.698	-122.967	2.45721
73.6987	-122.966	2.472
73.698	-122.967	2.48679
73.6958	-122.973	2.50057
73.6924	-122.981	2.51241
73.6879	-122.992	2.52149
73.6826	-123.005	2.5272
73.677	-123.018	2.52915
73.6713	-123.032	2.5272
73.6661	-123.045	2.52149
73.6616	-123.056	2.51241
73.6581	-123.064	2.50057
73.6559	-123.069	2.48679
73.6552	-123.071	2.472
73.6559	-123.069	2.45721
73.6581	-123.064	2.44343
73.6616	-123.056	2.43159
73.6661	-123.045	2.42251
73.6713	-123.032	2.4168
73.6361	-123.006	2.52841
73.6461	-122.994	2.52884
73.5464	-122.976	2.472
73.5365	-122.951	2.48801
73.5268	-122.931	2.472
73.6604	-122.971	2.51823
73.5264	-122.914	2.49269
73.5232	-122.914	2.48199
73.6055	-122.921	2.52553
73.5468	-122.924	2.51629
73.598	-122.974	2.52764
73.609	-122.96	2.52902
73.6292	-122.916	2.50829
73.531	-122.913	2.50222
73.5558	-122.906	2.52439
73.5604	-122.996	2.48206
73.574	-122.921	2.52841
73.5656	-122.94	2.52382
73.6319	-122.905	2.49808
73.6149	-122.908	2.51823
73.6319	-122.944	2.51923
73.6565	-122.954	2.50835
73.5878	-122.915	2.52884
73.6148	-123.008	2.52382
73.6426	-122.918	2.48833
73.6379	-122.902	2.472
73.6715	-122.951	2.48394
73.6661	-122.951	2.49534
73.6244	-123.031	2.51629
73.5848	-122.978	2.52286
73.5753	-123.015	2.472
73.6122	-123.048	2.472
73.5961	-123.032	2.48801
73.6441	-123.027	2.52439
73.6275	-123.053	2.49269
73.5751	-122.985	2.51459
73.5773	-123.001	2.5054
73.5965	-123.013	2.51267
73.606	-123.03	2.50487
73.5635	-122.993	2.49465
73.6451	-122.933	2.50136
73.627	-123.056	2.48199
73.5417	-122.942	2.50487
73.6729	-122.95	2.472
73.6521	-122.929	2.472
73.6302	-123.049	2.50222
73.5584	-122.972	2.50764
73.6232	-122.95	2.52499
73.6449	-122.975	2.52553
73.5578	-122.956	2.51495
73.574	-122.921	2.41559
73.5878	-122.915	2.41516
73.6285	-122.914	2.43577
73.6328	-122.902	2.44961
73.5751	-122.985	2.42941
73.5604	-122.978	2.4386
73.5553	-122.956	2.43133
73.6361	-123.006	2.41559
73.6149	-122.908	2.42577
73.6591	-122.956	2.43577
73.6663	-122.947	2.45778
73.6433	-122.918	2.45948
73.5558	-122.906	2.41961
73.6055	-122.921	2.41847
73.5635	-122.993	2.44935
73.5417	-122.942	2.43913
73.5264	-122.914	2.45131
73.5365	-122.951	2.45599
73.606	-123.03	2.43913
73.5961	-123.032	2.45599
73.5232	-122.914	2.46201
73.5604	-122.996	2.46194
73.6302	-123.049	2.44178
73.6275	-123.053	2.45131
73.531	-122.913	2.44178
73.5468	-122.924	2.42771
73.6476	-122.932	2.44757
73.5828	-123.005	2.43636
73.5656	-122.94	2.42018
73.5928	-122.967	2.41636
73.5848	-122.978	2.42114
73.6441	-123.027	2.41961
73.6703	-122.956	2.44671
73.6604	-122.971	2.42577
73.6319	-122.944	2.42477
73.6449	-122.975	2.41847
73.6461	-122.994	2.41516
73.6244	-123.031	2.42771
73.5976	-123.01	2.42905
73.6148	-123.008	2.42018
73.627	-123.056	2.46201
73.6232	-122.95	2.41901
73.609	-122.96	2.41498

#	Triangle	274
3	1	2	14	15	13
4	1	3
4	0	1
5	0	4
5	23	0
6	23	5
6	22	23
7	22	6
7	21	22
8	21	7
8	20	21
9	20	8
9	19	20
10	19	9
10	18	19
11	18	10
11	17	18
12	17	11
12	16	17
13	16	12
13	15	16
25	47	24	36	37	35
26	47	25
26	46	47
27	46	26
27	45	46
28	45	27	33	39	40
28	44	45	33	40	32
29	44	28
29	43	44
30	43	29
30	42	43
31	42	30
31	41	42
32	41	31
32	40	41
34	39	33
34	38	39
35	38	34
35	37	38
49	48	36
52	50	51
53	34	33
51	54	55
52	55	8
56	16	15
11	57	12
59	58	48
18	17	60
57	11	61
13	12	62
51	50	63
65	58	64
19	18	66
61	11	10
68	67	56
64	14	13
69	60	68
70	15	14
36	48	37
48	58	71
73	19	72
13	62	64
19	73	20
75	74	72
76	39	38
16	67	17
77	71	58
78	63	50
80	78	79
38	37	81
54	61	10
49	59	48
71	81	48
82	41	40
85	83	84
80	86	87
80	82	86
60	88	66
63	80	87
41	82	89
89	42	41
51	87	90
67	60	17
91	74	30
74	92	72
86	93	76
9	54	10
84	94	87
73	72	92
96	95	59
69	33	32
69	32	75
53	69	68
18	60	66
31	75	32
64	70	14
96	35	34
96	34	53
57	97	65
68	56	95
39	76	93
49	36	35
86	84	87
56	70	59
38	81	76
85	71	77
97	90	94
65	62	57
59	64	58
65	77	58
31	74	75
88	72	66
49	35	96
96	59	49
64	59	70
70	56	15
16	56	67
68	60	67
33	69	53
68	96	53
40	93	82
79	89	80
9	55	54
51	90	54
82	80	89
79	42	89
9	8	55
52	51	55
65	97	77
83	85	77
40	39	93
93	86	82
61	54	90
57	61	90
78	80	63
87	51	63
37	48	81
71	76	81
12	57	62
65	64	62
76	85	86
83	94	84
84	86	85
76	71	85
83	97	94
90	87	94
77	97	83
57	90	97
56	59	95
95	96	68
88	60	69
72	19	66
88	69	75
75	72	88
31	30	74
92	74	91
99	98	2
101	100	22
104	102	103
105	24	47
23	106	0
107	28	27
21	20	73
91	108	92
109	101	21
110	4	3
23	22	100
0	106	111
113	103	112
1	0	111
115	114	113
117	112	116
118	8	7
99	2	1
115	112	119
121	120	44
123	113	122
101	109	124
103	125	112
7	6	114
110	98	126
5	123	122
115	113	112
128	126	127
109	73	92
7	114	118
2	98	3
123	5	4
108	124	109
29	108	30
47	129	105
130	124	108
131	27	26
43	121	44
133	132	131
120	45	44
21	73	109
107	124	130
98	127	126
24	134	25
120	135	45
135	136	137
115	50	52
78	119	117
46	45	135
46	129	47
121	138	117
27	131	107
42	79	138
132	133	139
111	139	140
117	79	78
99	140	98
78	50	119
132	100	107
133	26	25
124	107	100
91	30	108
132	106	100
105	134	24
140	127	98
137	127	105
133	134	140
4	110	123
104	126	128
136	116	125
137	129	135
140	105	127
137	128	127
92	108	109
28	130	29
99	1	111
111	140	99
105	140	134
134	133	25
23	100	106
132	111	106
26	133	131
132	107	131
124	100	101
101	22	21
108	29	130
28	107	130
6	122	114
52	118	115
43	138	121
117	116	121
114	115	118
52	8	118
43	42	138
79	117	138
137	136	128
102	104	128
6	5	122
122	113	114
120	121	116
135	120	116
50	115	119
112	117	119
3	98	110
126	123	110
46	135	129
137	105	129
123	104	113
102	125	103
103	113	104
123	126	104
102	136	125
116	112	125
128	136	102
135	116	136
133	140	139
139	111	132

#	Normal	274
-4.65518e-006	5.74139e-005	-2.09498e-016
-0.0808158	0.996729	-0.000737255
-0.080658	0.996742	0.000465434
-0.080658	0.996742	0.000623609
-0.0807095	0.996738	0.00023164
-0.0807095	0.996738	0.000152991
-0.0807396	0.996735	-7.65264e-005
-0.0807396	0.996735	-2.93459e-005
-0.080738	0.996735	-1.70857e-005
-0.080738	0.996735	-4.66428e-005
-0.0807204	0.996737	8.69657e-005
-0.0807204	0.996737	4.43312e-005
-0.080738	0.996735	-8.92865e-005
-0.080738	0.996735	2.86768e-005
-0.0807396	0.996735	1.64176e-005
-0.0807396	0.996735	-0.000129819
-0.0807095	0.996738	9.97184e-005
-0.0807094	0.996738	-0.00055632
-0.080658	0.996742	-0.000164399
-0.080658	0.996742	0.000355062
-0.0808158	0.996729	-0.000847843
5.32608e-005	-2.19524e-005	6.28052e-008
0.924546	-0.381068	0.000832591
0.92459	-0.380963	-3.53525e-005
0.92459	-0.380963	-0.000120874
0.924594	-0.380954	-0.000194238
0.924594	-0.380954	-4.59385e-005
0.92459	-0.380964	3.75075e-005
0.92459	-0.380964	0.00028102
0.924606	-0.380924	-4.72088e-005
0.924606	-0.380924	-0.000118855
0.924604	-0.380929	-8.29626e-005
0.924604	-0.380929	0.000118234
0.924606	-0.380924	8.23391e-005
0.924606	-0.380924	-0.000263118
0.92459	-0.380964	6.50882e-005
0.924594	-0.380954	0.000133456
0.92459	-0.380963	0.000206827
0.92459	-0.380963	-0.000556662
0.924547	-0.381069	0.000311138
-0.0234111	-0.0173952	0.999575
-0.915338	-0.398305	0.0592371
0.315894	0.525684	0.789853
-0.920468	-0.290923	0.260965
-0.981257	-0.189505	-0.0349548
0.374644	0.101834	0.92156
-0.601037	-0.104944	0.792301
-0.0628756	-0.0509117	0.996722
0.76971	0.212438	0.60201
-0.713132	-0.147438	0.685351
-0.380751	-0.0403739	0.923796
-0.847128	-0.479725	0.228557
-0.239573	-0.122213	0.963156
0.901534	0.20882	0.378986
-0.785717	-0.115442	0.607718
0.392282	0.213621	0.894696
-0.129682	-0.0157092	0.991431
0.4945	0.355998	0.792928
0.127795	0.0383778	0.991058
-0.0544845	-0.118663	0.991439
-0.188153	-0.200907	0.961371
0.959992	0.280005	-0.00364845
-0.261052	-0.0616484	0.963354
0.968066	0.214609	0.129583
0.720931	0.592332	0.359726
-0.28344	-0.540559	0.792123
0.59685	0.140386	0.789976
-0.265112	-0.235918	0.934911
-0.806918	-0.588888	-0.0457628
-0.658612	-0.750156	0.0591233
-0.154607	-0.350223	0.923819
-0.883866	-0.142396	0.445538
-0.0166685	-0.0233752	0.999588
-0.182224	-0.24397	0.952509
-0.401494	-0.832498	0.381771
-0.544296	-0.468281	0.696028
-0.639876	-0.616132	0.459282
-0.542291	-0.728797	0.418062
0.695676	0.389864	0.603358
-0.708737	-0.644511	0.286875
-0.437065	-0.856037	0.275998
-0.429978	-0.893348	0.130571
-0.781951	-0.421388	0.459331
0.611631	0.13857	0.778913
0.501782	0.859753	0.0950763
0.74802	0.663594	0.0104606
-0.423952	-0.628857	0.651769
-0.91505	-0.128303	0.382389
-0.690951	-0.480637	0.539977
0.862338	0.463334	0.204193
0.161415	0.157801	0.974189
0.441614	0.665719	0.601494
0.458728	0.755616	0.467561
0.512109	0.516132	0.686551
0.875176	0.196693	0.442017
0.49411	0.782989	0.377867
-0.0237028	-0.0169918	0.999575
0.211279	0.325668	0.921575
0.255054	0.457058	0.852083
-0.517196	-0.215061	0.828407
0.409327	0.2379	0.880826
-0.357865	-0.634043	0.685509
0.0755314	0.110035	0.991054
-0.655537	-0.660491	0.366091
0.224112	0.107325	0.968636
-0.267993	-0.479297	0.835736
-0.404604	-0.379193	0.832171
-0.688956	-0.327642	0.646522
-0.478089	-0.152566	0.864959
-0.0692088	-0.0457071	0.996555
-0.288157	-0.171757	0.942053
0.487625	0.834011	0.258162
0.846657	0.426611	0.31808
0.0939839	0.177519	0.979619
0.170511	0.180589	0.968666
-0.0273448	-0.00874002	0.999588
0.197832	0.0353662	0.979598
0.513035	0.10343	0.852114
0.645998	0.329527	0.688548
0.316719	0.529986	0.786641
0.323121	0.30848	0.894669
-0.405418	-0.798466	0.445072
-0.578816	-0.794904	0.181932
-0.948675	-0.155285	0.275504
-0.859421	-0.294174	0.418159
-0.557776	-0.78773	0.261471
-0.479848	-0.876645	-0.0352066
-0.981973	-0.13715	0.130075
-0.933596	-0.308619	0.182078
-0.458618	-0.256798	0.85072
-0.42101	-0.381919	0.822733
-0.349553	-0.712838	0.608009
-0.522757	-0.725837	0.447087
-0.850517	-0.276233	0.447567
-0.728352	-0.211915	0.65161
-0.715314	-0.66045	0.228322
-0.830003	-0.478325	0.286879
-0.138353	-0.229809	0.963352
-0.291221	-0.40887	0.864879
-0.538161	-0.108915	0.835775
-0.287935	-0.0991077	0.952508
-0.448675	-0.561235	0.695489
-0.625961	-0.446802	0.639172
-0.568258	-0.577498	0.586156
-0.381503	-0.431459	0.817496
-0.590398	-0.359287	0.722733
-0.816112	-0.422844	0.39391
-0.483463	-0.297079	0.823412
-0.664682	-0.261047	0.700037
0.199496	0.105602	0.974192
0.351401	0.317293	0.880819
0.759013	0.545075	0.35608
0.811808	0.254781	0.525409
0.629609	0.541432	0.557175
0.641216	0.568573	0.515333
0.511217	0.849734	0.128877
0.7149	0.690025	0.113064
-0.0237028	-0.0169918	-0.999575
0.880475	0.188257	-0.435113
-0.612169	-0.375753	-0.695744
-0.0544845	-0.118663	-0.991439
0.59685	0.140386	-0.789976
0.432451	0.670847	-0.602454
0.968066	0.214609	-0.129583
0.708442	0.683791	-0.174755
0.828723	0.233346	-0.508692
-0.380751	-0.0403739	-0.923796
0.770774	0.20714	-0.602495
0.513035	0.10343	-0.852114
-0.82885	-0.422774	-0.366428
0.374644	0.101834	-0.92156
-0.859421	-0.294174	-0.418159
-0.639876	-0.616132	-0.459282
-0.981973	-0.13715	-0.130075
0.127795	0.0383778	-0.991058
-0.830003	-0.478325	-0.286879
-0.405418	-0.798466	-0.445072
-0.728352	-0.211915	-0.65161
0.87004	0.441528	-0.21928
-0.668458	-0.511262	-0.540162
-0.91505	-0.128303	-0.382389
-0.287935	-0.0991077	-0.952508
-0.713132	-0.147438	-0.685351
-0.781951	-0.421388	-0.459331
-0.305522	-0.180476	-0.934925
0.864914	0.464719	-0.189632
-0.948675	-0.155285	-0.275504
-0.129682	-0.0157092	-0.991431
-0.601037	-0.104944	-0.792301
0.698604	0.56862	-0.434309
0.528589	0.839102	-0.128457
-0.138353	-0.229809	-0.963352
0.691662	0.668736	-0.272757
0.315894	0.525684	-0.789853
-0.401494	-0.832498	-0.381771
0.323121	0.30848	-0.894669
-0.349553	-0.712838	-0.608009
0.952506	0.300635	0.0484923
0.576996	0.570708	-0.584267
-0.248726	-0.117894	-0.961372
0.0755314	0.110035	-0.991054
-0.357865	-0.634043	-0.685509
-0.362544	-0.427024	-0.828379
-0.915338	-0.398305	-0.0592371
-0.715314	-0.66045	-0.228322
-0.28344	-0.540559	-0.792123
-0.154607	-0.350223	-0.923819
-0.557776	-0.78773	-0.261471
0.320711	0.551277	-0.77022
-0.479848	-0.876645	0.0352066
0.351401	0.317293	-0.880819
0.199496	0.105602	-0.974192
-0.658612	-0.750156	-0.0591233
-0.0273448	-0.00874002	-0.999588
-0.806918	-0.588888	0.0457628
0.481807	0.351572	-0.802658
0.211279	0.325668	-0.921575
0.750933	0.547952	-0.368576
0.503642	0.862939	-0.0410111
0.643626	0.328466	-0.691271
-0.0234111	-0.0173952	-0.999575
-0.0676728	-0.0443499	-0.996721
-0.189475	-0.190857	-0.963158
0.170511	0.180589	-0.968666
-0.538161	-0.108915	-0.835775
-0.484412	-0.269549	-0.832279
-0.522389	-0.556192	-0.646344
-0.291221	-0.40887	-0.864879
-0.0646466	-0.0519663	-0.996554
-0.251472	-0.222002	-0.94206
0.789094	0.61426	-0.00380488
0.472134	0.795754	-0.379295
0.197832	0.0353662	-0.979598
0.224112	0.107325	-0.968636
-0.0166685	-0.0233752	-0.999588
0.0939839	0.177519	-0.979619
0.622703	0.137161	-0.770342
0.392282	0.213621	-0.894696
0.255054	0.457058	-0.852083
0.509168	0.512849	-0.691182
0.725175	0.393873	-0.564788
0.901812	0.20749	-0.379056
0.478293	0.768089	-0.425765
0.447245	0.771968	-0.451705
-0.883866	-0.142396	-0.445538
-0.933596	-0.308619	-0.182078
-0.437065	-0.856037	-0.275998
-0.542291	-0.728797	-0.418062
-0.920468	-0.290923	-0.260965
-0.981257	-0.189505	0.0349548
-0.429978	-0.893348	-0.130571
-0.578816	-0.794904	-0.181932
-0.384455	-0.358378	-0.850741
-0.492086	-0.284485	-0.822751
-0.785717	-0.115442	-0.607718
-0.850517	-0.276233	-0.447567
-0.522757	-0.725837	-0.447087
-0.423952	-0.628857	-0.651769
-0.847128	-0.479725	-0.228557
-0.708737	-0.644511	-0.286875
-0.261052	-0.0616484	-0.963354
-0.478089	-0.152566	-0.864959
-0.267993	-0.479297	-0.835736
-0.182224	-0.24397	-0.952509
-0.671579	-0.256043	-0.695287
-0.616607	-0.459895	-0.638978
-0.723671	-0.36523	-0.585583
-0.527112	-0.231613	-0.817624
-0.522448	-0.452725	-0.722557
-0.651633	-0.648072	-0.394179
-0.430448	-0.369759	-0.823403
-0.451256	-0.553383	-0.700097
0.161415	0.157801	-0.974189
0.409327	0.2379	-0.880826

#	Mesh	0	End

