#	Mesh	0	Begin

#	Vertex	72
97.8915	-33.5137	0.565387
97.8909	-33.5074	0.567079
97.8905	-33.5015	0.569842
97.89	-33.4961	0.573591
97.8896	-33.4915	0.578213
97.8893	-33.4878	0.583568
97.8891	-33.4851	0.589492
97.889	-33.4834	0.595806
97.8889	-33.4828	0.602318
97.889	-33.4834	0.608829
97.8891	-33.4851	0.615143
97.8893	-33.4878	0.621068
97.8896	-33.4915	0.626422
97.89	-33.4961	0.631044
97.8905	-33.5015	0.634794
97.8909	-33.5074	0.637556
97.8915	-33.5137	0.639248
97.892	-33.5202	0.639818
97.8925	-33.5267	0.639248
97.893	-33.533	0.637556
97.8935	-33.5389	0.634794
97.894	-33.5442	0.631044
97.8943	-33.5488	0.626422
97.8947	-33.5525	0.621068
97.8949	-33.5553	0.615143
97.895	-33.557	0.608829
97.8951	-33.5575	0.602318
97.895	-33.557	0.595806
97.8949	-33.5553	0.589492
97.8947	-33.5525	0.583568
97.8943	-33.5488	0.578213
97.894	-33.5442	0.573591
97.8935	-33.5389	0.569842
97.893	-33.533	0.567079
97.8925	-33.5267	0.565387
97.892	-33.5202	0.564818
101.812	-33.1917	0.565387
101.812	-33.1854	0.567079
101.811	-33.1795	0.569842
101.811	-33.1742	0.573591
101.81	-33.1696	0.578213
101.81	-33.1659	0.583568
101.81	-33.1631	0.589492
101.81	-33.1614	0.595806
101.81	-33.1608	0.602318
101.81	-33.1614	0.608829
101.81	-33.1631	0.615143
101.81	-33.1659	0.621068
101.81	-33.1696	0.626422
101.811	-33.1742	0.631044
101.811	-33.1795	0.634794
101.812	-33.1854	0.637556
101.812	-33.1917	0.639248
101.813	-33.1982	0.639818
101.813	-33.2047	0.639248
101.814	-33.211	0.637556
101.814	-33.2169	0.634794
101.815	-33.2222	0.631044
101.815	-33.2269	0.626422
101.815	-33.2306	0.621068
101.816	-33.2333	0.615143
101.816	-33.235	0.608829
101.816	-33.2356	0.602318
101.816	-33.235	0.595806
101.816	-33.2333	0.589492
101.815	-33.2306	0.583568
101.815	-33.2269	0.578213
101.815	-33.2222	0.573591
101.814	-33.2169	0.569842
101.814	-33.211	0.567079
101.813	-33.2047	0.565387
101.813	-33.1982	0.564818

#	Triangle	89
35	36	71
0	36	35
0	37	36	1	37	0
1	38	37
2	38	1
2	39	38
3	39	2
3	40	39
4	40	3
4	41	40
5	41	4
5	42	41	6	42	5
6	43	42
7	43	6
7	44	43
8	44	7
8	45	44
9	45	8
9	46	45
10	46	9
10	47	46	11	47	10
11	48	47
12	48	11
12	49	48
13	49	12
13	50	49
14	50	13
14	51	50
15	51	14
15	52	51	16	52	15
16	53	52
17	53	16
17	54	53
18	54	17
18	55	54	19	55	18
19	56	55
20	56	19
20	57	56
21	57	20
21	58	57	22	58	21
22	59	58
23	59	22
23	60	59	24	60	23
24	61	60
25	61	24
25	62	61
26	62	25
26	63	62
27	63	26
27	64	63
28	64	27
28	65	64	29	65	28
29	66	65
30	66	29
30	67	66	31	67	30
31	68	67
32	68	31
32	69	68
33	69	32
33	70	69	34	70	33
34	71	70
35	71	34
7	9	8	26	25	27
6	9	7	27	25	24
6	10	9
5	10	6	28	24	23
5	11	10	28	23	29
4	11	5	4	12	11
3	12	4	3	13	12
2	13	3	2	14	13	31	20	32	31	21	20
1	14	2	1	15	14	32	19	33	32	20	19
0	15	1	0	16	15	33	18	34	33	19	18
35	16	0	35	17	16
34	17	35	34	18	17
30	21	31	30	22	21
29	22	30	29	23	22
27	24	28
45	43	44	62	63	61
46	43	45	61	63	64
46	42	43	61	64	60
47	42	46	60	64	65
47	41	42	60	65	59
48	41	47	48	40	41	59	66	58	59	65	66
49	40	48	49	39	40	58	67	57	58	66	67
50	39	49	50	38	39	57	68	56	57	67	68
51	38	50	51	37	38	56	69	55	56	68	69
52	37	51	52	36	37	55	70	54	55	69	70
53	36	52	53	71	36
54	71	53	54	70	71

#	Normal	89
-0.00713048	0.0868348	-0.996197
-0.0071348	0.0868863	-0.996193
-0.0211819	0.257949	-0.965926
-0.0345973	0.42132	-0.906252
-0.0345782	0.421092	-0.906358
-0.0469188	0.571375	-0.819347
-0.0469461	0.5717	-0.819119
-0.0578794	0.704843	-0.706998
-0.0578752	0.704794	-0.707047
-0.067055	0.816584	-0.573318
-0.0670313	0.816305	-0.573718
-0.074169	0.903228	-0.422704
-0.0790466	0.962627	-0.259039
-0.0790597	0.962775	-0.258483
-0.0815311	0.992871	-0.0869478
-0.0815267	0.992828	-0.0874418
-0.0815303	0.992871	0.0869486
-0.0815275	0.992828	0.0874426
-0.0790476	0.962627	0.259037
-0.0790588	0.962776	0.258481
-0.074169	0.903228	0.422704
-0.067054	0.816581	0.573323
-0.0670319	0.816302	0.573722
-0.0578792	0.704843	0.706998
-0.0578754	0.704794	0.707047
-0.04692	0.571382	0.819342
-0.046946	0.571706	0.819114
-0.0345969	0.42132	0.906252
-0.0345786	0.421092	0.906358
-0.0211819	0.257949	0.965926
-0.00713057	0.0868348	0.996197
-0.00713471	0.0868863	0.996193
0.00713471	-0.0868863	0.996193
0.00713403	-0.0868778	0.996193
0.0211817	-0.257949	0.965926
0.034597	-0.42132	0.906252
0.0345787	-0.421092	0.906358
0.04692	-0.571382	0.819342
0.046946	-0.571706	0.819114
0.0578786	-0.704843	0.706998
0.067054	-0.816581	0.573323
0.0670283	-0.816257	0.573788
0.07417	-0.903227	0.422704
0.0790477	-0.962627	0.259037
0.0790608	-0.9628	0.25839
0.0815301	-0.992871	0.0869486
0.0815268	-0.992819	0.0875396
0.0815311	-0.992871	-0.0869478
0.0815259	-0.992819	-0.0875388
0.0790466	-0.962627	-0.259039
0.0790619	-0.962799	-0.258392
0.07417	-0.903227	-0.422704
0.0670552	-0.816584	-0.573318
0.0670276	-0.81626	-0.573783
0.0578786	-0.704843	-0.706998
0.0469188	-0.571375	-0.819347
0.0469461	-0.5717	-0.819119
0.0345974	-0.42132	-0.906252
0.0345783	-0.421092	-0.906358
0.0211817	-0.257949	-0.965926
0.00713473	-0.0868863	-0.996193
0.00713402	-0.0868778	-0.996193
-7.42753e-006	-5.08735e-007	-0
-2.19265e-005	-1.83145e-006	0
-4.31867e-005	-3.60724e-006	-0
-7.06418e-005	-5.81167e-006	0
-0.996633	-0.0819925	-0
-0.996695	-0.0812353	0
-0.996563	-0.0828356	0
-0.996656	-0.081717	0
-0.996654	-0.0817362	0
-0.99666	-0.081663	0
-0.996665	-0.0816053	0
-0.996566	-0.0827972	0
-0.996701	-0.0811563	0
-0.996524	-0.083304	0
-4.31867e-005	-3.40684e-006	0
7.37666e-006	6.10482e-007	-0
2.19774e-005	1.83145e-006	0
4.32869e-005	3.60724e-006	-0
7.06418e-005	5.81167e-006	0
0.996633	0.0819925	-0
0.996688	0.0813197	0
0.996701	0.0811563	0
0.996541	0.0831058	0
0.99665	0.0817899	0
0.99666	0.081663	0
0.996669	0.0815565	0
0.996665	0.0816053	0

#	Mesh	0	End

