#	Mesh	0	Begin

#	Vertex	16
75.7511	-96.5686	-3.337
75.7511	-96.5686	1.93854
75.7673	-96.7679	1.93854
75.7673	-96.7679	-3.337
78.9571	-96.5095	1.93854
78.9571	-96.5095	-3.337
77.7786	-96.605	-1.057
76.5825	-96.7019	-1.057
76.5825	-96.7019	-3.157
77.7786	-96.605	-3.157
78.9409	-96.3101	1.93854
78.9409	-96.3101	-3.337
76.5664	-96.5025	-1.057
77.7625	-96.4056	-1.057
77.7625	-96.4056	-3.157
76.5664	-96.5025	-3.157

#	Triangle	16
0	2	1	3	2	0
4	9	5	4	6	9	4	2	7
9	3	5
9	8	3
8	2	3	7	2	8
4	7	6
5	10	4	11	10	5	7	15	12	8	15	7
1	15	0	1	12	15
15	11	0
15	14	11
14	10	11	13	10	14
1	13	12
1	10	13
0	5	3	11	5	0	6	12	13	7	12	6
2	10	1	4	10	2	8	14	15	9	14	8
9	13	14	6	13	9

#	Normal	16
-0.996732	-0.0807823	0
0.0807605	-0.996734	-0
0.0807607	-0.996734	1.08287e-006
0.0807619	-0.996733	-1.21421e-005
0.0807592	-0.996734	-0
0.0807619	-0.996733	-5.30677e-007
0.996732	0.0807823	-0
-0.0807592	0.996734	-0
-0.0807607	0.996734	6.78161e-006
-0.0807613	0.996733	-1.87258e-006
-0.080761	0.996733	-0
-0.0807613	0.996733	-5.86043e-007
-0.0807607	0.996734	-1.45558e-007
0	-0	-1
-0	-0	1
-0.996735	-0.0807435	0

#	Mesh	0	End

