#	Mesh	0	Begin

#	Vertex	72
128.627	-125.728	1.28372
128.613	-125.729	1.28731
128.601	-125.73	1.29317
128.589	-125.731	1.30112
128.58	-125.732	1.31091
128.572	-125.732	1.32227
128.566	-125.733	1.33483
128.562	-125.733	1.34821
128.561	-125.733	1.36202
128.562	-125.733	1.37582
128.566	-125.733	1.38921
128.572	-125.732	1.40177
128.58	-125.732	1.41312
128.589	-125.731	1.42292
128.601	-125.73	1.43087
128.613	-125.729	1.43672
128.627	-125.728	1.44031
128.64	-125.727	1.44152
128.654	-125.726	1.44031
128.667	-125.725	1.43672
128.68	-125.724	1.43087
128.691	-125.723	1.42292
128.701	-125.722	1.41312
128.709	-125.721	1.40177
128.715	-125.721	1.38921
128.718	-125.721	1.37582
128.72	-125.72	1.36202
128.718	-125.721	1.34821
128.715	-125.721	1.33483
128.709	-125.721	1.32227
128.701	-125.722	1.31091
128.691	-125.723	1.30112
128.68	-125.724	1.29317
128.667	-125.725	1.28731
128.654	-125.726	1.28372
128.64	-125.727	1.28252
127.93	-117.126	1.28372
127.917	-117.127	1.28731
127.904	-117.128	1.29317
127.893	-117.129	1.30112
127.883	-117.129	1.31091
127.875	-117.13	1.32227
127.869	-117.13	1.33483
127.866	-117.131	1.34821
127.865	-117.131	1.36202
127.866	-117.131	1.37582
127.869	-117.13	1.38921
127.875	-117.13	1.40177
127.883	-117.129	1.41312
127.893	-117.129	1.42292
127.904	-117.128	1.43087
127.917	-117.127	1.43672
127.93	-117.126	1.44031
127.944	-117.124	1.44152
127.958	-117.123	1.44031
127.971	-117.122	1.43672
127.984	-117.121	1.43087
127.995	-117.12	1.42292
128.005	-117.12	1.41312
128.013	-117.119	1.40177
128.018	-117.118	1.38921
128.022	-117.118	1.37582
128.023	-117.118	1.36202
128.022	-117.118	1.34821
128.018	-117.118	1.33483
128.013	-117.119	1.32227
128.005	-117.12	1.31091
127.995	-117.12	1.30112
127.984	-117.121	1.29317
127.971	-117.122	1.28731
127.958	-117.123	1.28372
127.944	-117.124	1.28252

#	Triangle	74
35	36	71	0	36	35
0	37	36	1	37	0
1	38	37	2	38	1
2	39	38	3	39	2
3	40	39	4	40	3
4	41	40	5	41	4
5	42	41	6	42	5
6	43	42	7	43	6
7	44	43	8	44	7
8	45	44	9	45	8
9	46	45	10	46	9
10	47	46	11	47	10
11	48	47	12	48	11
12	49	48	13	49	12
13	50	49	14	50	13
14	51	50	15	51	14
15	52	51	16	52	15
16	53	52	17	53	16
17	54	53	18	54	17
18	55	54	19	55	18
19	56	55	20	56	19
20	57	56	21	57	20
21	58	57	22	58	21
22	59	58
23	59	22
23	60	59
24	60	23
24	61	60	25	61	24
25	62	61	26	62	25
26	63	62	27	63	26
27	64	63	28	64	27
28	65	64
29	65	28
29	66	65
30	66	29
30	67	66	31	67	30
31	68	67	32	68	31
32	69	68	33	69	32
33	70	69	34	70	33
34	71	70	35	71	34
7	9	8	26	25	27
6	9	7	27	25	24
6	10	9
5	10	6	5	11	10
4	11	5	4	12	11	29	22	30	29	23	22
3	12	4	3	13	12
2	13	3	2	14	13
1	14	2	1	15	14
0	15	1	0	16	15
35	16	0	35	17	16
34	17	35	34	18	17
33	18	34	33	19	18
32	19	33	32	20	19
31	20	32	31	21	20
30	21	31	30	22	21
28	23	29	28	24	23
27	24	28
45	43	44	62	63	61
46	43	45	61	63	64
46	42	43
47	42	46	47	41	42	60	65	59	60	64	65
48	41	47	48	40	41
49	40	48	49	39	40
50	39	49	50	38	39
51	38	50	51	37	38
52	37	51	52	36	37
53	36	52	53	71	36
54	71	53	54	70	71
55	70	54	55	69	70
56	69	55	56	68	69
57	68	56	57	67	68
58	67	57	58	66	67
59	66	58	59	65	66
61	64	60

#	Normal	74
-0.0868948	-0.00703558	-0.996193
-0.257927	-0.0208834	-0.965939
-0.421331	-0.0341138	-0.906265
-0.57176	-0.0462935	-0.819114
-0.704574	-0.057047	-0.707334
-0.816504	-0.0661096	-0.573542
-0.903402	-0.0731454	-0.422509
-0.962859	-0.0779595	-0.258505
-0.992948	-0.0803956	-0.0871287
-0.992948	-0.0803956	0.0871279
-0.962859	-0.0779595	0.258505
-0.903401	-0.0731453	0.422513
-0.816507	-0.0661098	0.573538
-0.704574	-0.057047	0.707334
-0.57176	-0.0462935	0.819114
-0.421324	-0.0341132	0.906268
-0.257935	-0.0208841	0.965937
-0.086886	-0.00703487	0.996193
0.0868335	0.00703061	0.996198
0.258086	0.0208964	0.965896
0.421092	0.0340944	0.906377
0.571781	0.0462952	0.819099
0.704854	0.0570697	0.707053
0.816486	0.0661081	0.573568
0.816507	0.0661098	0.573538
0.903401	0.0731452	0.422513
0.903383	0.0731439	0.42255
0.962719	0.0779481	0.259029
0.992948	0.0803956	0.0871279
0.992948	0.0803956	-0.0871287
0.962719	0.0779481	-0.259029
0.903402	0.0731454	-0.422509
0.903385	0.073144	-0.422547
0.816483	0.0661078	-0.573572
0.816504	0.0661096	-0.573542
0.704854	0.0570697	-0.707053
0.571781	0.0462952	-0.819099
0.421099	0.034095	-0.906374
0.258078	0.0208957	-0.965898
0.0868422	0.00703132	-0.996197
2.80414e-006	-3.32183e-005	-0
7.98101e-006	-9.85763e-005	-0
0.0806987	-0.996739	-0
0.0800634	-0.99679	-0
0.0806047	-0.996746	-0
0.0804736	-0.996757	-0
0.0812225	-0.996696	-0
0.0802645	-0.996774	-0
0.0811136	-0.996705	-0
0.0803751	-0.996765	-0
0.0808918	-0.996723	-0
0.0805807	-0.996748	-0
0.0808326	-0.996728	-0
0.0805386	-0.996751	-0
0.0805375	-0.996752	-0
0.0813891	-0.996682	-0
0.0805237	-0.996753	-0
-2.80414e-006	3.32183e-005	-0
-7.98101e-006	9.85763e-005	-0
-0.0806987	0.996739	-0
-0.0800634	0.99679	-0
-0.0806047	0.996746	-0
-0.0804736	0.996757	-0
-0.0812225	0.996696	-0
-0.0802645	0.996774	-0
-0.0811136	0.996705	-0
-0.0803751	0.996765	-0
-0.0808918	0.996723	-0
-0.0805807	0.996748	-0
-0.0808326	0.996728	-0
-0.0805386	0.996751	-0
-0.0805375	0.996752	-0
-0.0815812	0.996667	-0
-0.0805237	0.996753	-0

#	Mesh	0	End

