#	Mesh	0	Begin

#	Vertex	72
-219.113	103.655	-3.01584
-219.113	103.646	-3.01832
-219.113	103.637	-3.02237
-219.113	103.629	-3.02787
-219.113	103.622	-3.03465
-219.113	103.617	-3.0425
-219.113	103.613	-3.05119
-219.113	103.61	-3.06045
-219.113	103.61	-3.07
-219.113	103.61	-3.07955
-219.113	103.613	-3.08881
-219.113	103.617	-3.0975
-219.113	103.622	-3.10535
-219.113	103.629	-3.11213
-219.113	103.637	-3.11763
-219.113	103.646	-3.12168
-219.113	103.655	-3.12416
-219.113	103.665	-3.125
-219.113	103.674	-3.12416
-219.113	103.683	-3.12168
-219.113	103.692	-3.11763
-219.113	103.7	-3.11213
-219.113	103.707	-3.10535
-219.113	103.712	-3.0975
-219.113	103.716	-3.08881
-219.113	103.719	-3.07955
-219.113	103.72	-3.07
-219.113	103.719	-3.06045
-219.113	103.716	-3.05119
-219.113	103.712	-3.0425
-219.113	103.707	-3.03465
-219.113	103.7	-3.02787
-219.113	103.692	-3.02237
-219.113	103.683	-3.01832
-219.113	103.674	-3.01584
-219.113	103.665	-3.015
-216.12	103.655	-3.01584
-216.12	103.646	-3.01832
-216.12	103.637	-3.02237
-216.12	103.629	-3.02787
-216.12	103.623	-3.03465
-216.12	103.617	-3.0425
-216.12	103.613	-3.05119
-216.12	103.611	-3.06045
-216.12	103.61	-3.07
-216.12	103.611	-3.07955
-216.12	103.613	-3.08881
-216.12	103.617	-3.0975
-216.12	103.623	-3.10535
-216.12	103.629	-3.11213
-216.12	103.637	-3.11763
-216.12	103.646	-3.12168
-216.12	103.655	-3.12416
-216.12	103.665	-3.125
-216.12	103.674	-3.12416
-216.12	103.684	-3.12168
-216.12	103.692	-3.11763
-216.12	103.7	-3.11213
-216.12	103.707	-3.10535
-216.12	103.712	-3.0975
-216.12	103.716	-3.08881
-216.12	103.719	-3.07955
-216.12	103.72	-3.07
-216.12	103.719	-3.06045
-216.12	103.716	-3.05119
-216.12	103.712	-3.0425
-216.12	103.707	-3.03465
-216.12	103.7	-3.02787
-216.12	103.692	-3.02237
-216.12	103.684	-3.01832
-216.12	103.674	-3.01584
-216.12	103.665	-3.015

#	Triangle	49
35	36	71	0	36	35
0	37	36	1	37	0
1	38	37	2	38	1
2	39	38	3	39	2
3	40	39	4	40	3
4	41	40	5	41	4
5	42	41	6	42	5
6	43	42	7	43	6
7	44	43	8	44	7
8	45	44	9	45	8
9	46	45	10	46	9
10	47	46	11	47	10
11	48	47	12	48	11
12	49	48	13	49	12
13	50	49	14	50	13
14	51	50	15	51	14
15	52	51	16	52	15
16	53	52	17	53	16
17	54	53	18	54	17
18	55	54	19	55	18
19	56	55	20	56	19
20	57	56	21	57	20
21	58	57	22	58	21
22	59	58	23	59	22
23	60	59
24	60	23
24	61	60
25	61	24
25	62	61	26	62	25
26	63	62	27	63	26
27	64	63
28	64	27
28	65	64
29	65	28
29	66	65	30	66	29
30	67	66	31	67	30
31	68	67	32	68	31
32	69	68	33	69	32
33	70	69	34	70	33
34	71	70	35	71	34
7	9	8	26	25	27
6	9	7	27	25	24
6	10	9	27	24	28
5	10	6	5	11	10	4	11	5	4	12	11	3	12	4	3	13	12	2	13	3	2	14	13	1	14	2	1	15	14	0	15	1	0	16	15	35	16	0	35	17	16	34	17	35	34	18	17	33	18	34	33	19	18	32	19	33	32	20	19	31	20	32	31	21	20	30	21	31	30	22	21	29	22	30	29	23	22	28	23	29	28	24	23
45	43	44	62	63	61
46	43	45	61	63	64
46	42	43	61	64	60
47	42	46	47	41	42	48	41	47	48	40	41	49	40	48	49	39	40	50	39	49	50	38	39	51	38	50	51	37	38	52	37	51	52	36	37	53	36	52	53	71	36	55	70	54	55	69	70	56	69	55	56	68	69	57	68	56	57	67	68	58	67	57	58	66	67	59	66	58	59	65	66	60	65	59	60	64	65
54	71	53	54	70	71

#	Normal	49
7.96826e-006	-0.0872023	0.996191
2.36365e-005	-0.258672	0.965965
3.8623e-005	-0.422679	0.906279
5.24198e-005	-0.573667	0.819088
6.46026e-005	-0.706992	0.707221
7.48465e-005	-0.819099	0.573652
8.28331e-005	-0.906502	0.422202
8.82558e-005	-0.965847	0.259114
9.10286e-005	-0.996191	0.0871944
9.10286e-005	-0.996191	-0.0871944
8.82558e-005	-0.965847	-0.259114
8.28331e-005	-0.906502	-0.422202
7.48465e-005	-0.819099	-0.573652
6.46026e-005	-0.706992	-0.707221
5.24198e-005	-0.573667	-0.819088
3.8623e-005	-0.422679	-0.906279
2.36365e-005	-0.258672	-0.965965
7.96826e-006	-0.0872023	-0.996191
-7.96179e-006	0.0871316	-0.996197
-2.36553e-005	0.258875	-0.965911
-3.86232e-005	0.422679	-0.906279
-5.24201e-005	0.573667	-0.819088
-6.46029e-005	0.706992	-0.707221
-7.48469e-005	0.819099	-0.573652
-8.28335e-005	0.906502	-0.422202
-8.04392e-005	0.90619	-0.422872
-8.57347e-005	0.965847	-0.259114
-8.82749e-005	0.96605	-0.258354
-9.10291e-005	0.996191	-0.0871944
-9.10291e-005	0.996191	0.0871944
-8.82563e-005	0.965847	0.259114
-8.57528e-005	0.96605	0.258354
-8.04669e-005	0.906502	0.422202
-8.2805e-005	0.90619	0.422872
-7.48469e-005	0.819099	0.573652
-6.46029e-005	0.706992	0.707221
-5.24201e-005	0.573667	0.819088
-3.86232e-005	0.422679	0.906279
-2.36553e-005	0.258875	0.965911
-7.96183e-006	0.0871316	0.996197
-1.59673e-005	-0	-0
-4.74542e-005	-0	-0
-9.34673e-005	-0	-0
-1	-0	-0
1.59673e-005	-0	-0
4.74542e-005	-0	-0
9.34673e-005	-0	-0
1	-0	-0
0.999999	0.00163532	-0

#	Mesh	0	End

