#	Mesh	0	Begin

#	Vertex	12
-305.216	112.015	-2.42
-305.216	111.615	-2.42
-303.82	111.615	-2.42
-303.82	112.015	-2.42
-305.216	112.015	-2.82
-303.82	112.015	-2.47028
-303.044	112.015	-2.47028
-303.044	112.015	-2.82
-305.216	111.615	-2.82
-303.044	111.615	-2.82
-303.044	111.615	-2.47028
-303.82	111.615	-2.47028

#	Triangle	6
3	1	2	0	1	3	6	11	10	5	11	6
0	7	4	0	5	7	5	6	7	0	3	5
9	4	7	8	4	9
10	8	9	10	11	8	11	1	8	2	1	11
8	0	4	1	0	8
2	5	3	11	5	2	9	6	10	7	6	9

#	Normal	6
0	0	1
-0	1	-0
-0	0	-1
-0	-1	-0
-1	-0	-0
1	-0	-0

#	Mesh	0	End

