#	Mesh	0	Begin

#	Vertex	16
84.5692	104.929	-10.739
85.0538	98.949	-10.7366
85.5521	98.9894	-10.7366
85.0676	104.97	-10.739
85.5521	98.9894	-11.5366
85.2334	102.923	-11.5382
85.2334	102.923	-11.386
85.2172	103.122	-11.386
85.2172	103.122	-11.5382
85.0676	104.97	-11.539
85.0538	98.949	-11.5366
84.5692	104.929	-11.539
85.098	103.113	-11.5382
85.1141	102.913	-11.5382
85.1141	102.913	-11.386
85.098	103.113	-11.386

#	Triangle	15
3	1	2	0	1	3
3	8	9	3	7	8
6	4	5	6	2	4
7	2	6
3	2	7
11	4	10	13	5	4	12	9	8	11	9	12
11	13	4
11	12	13
10	0	11	1	0	10
11	3	9	0	3	11
2	10	4	1	10	2
6	15	7	14	15	6
12	14	13	15	14	12
13	6	5	14	6	13
8	15	12	7	15	8

#	Normal	15
-3.27195e-005	0.000403794	1
0.996734	0.0807596	0
0.996733	0.0807618	0
0.996732	0.0807792	0.000105769
0.996733	0.0807617	-6.01297e-006
3.27195e-005	-0.000403794	-1
3.35059e-005	-0.000403664	-1
3.23689e-005	-0.000403971	-1
-0.996733	-0.0807617	0
-0.0807655	0.996733	-0
0.0807655	-0.996733	-0
-0	-0	-1
0.996738	0.0807015	-0
-0.0806897	0.996739	-0
0.0807002	-0.996738	-0

#	Mesh	0	End

