#	Mesh	0	Begin

#	Vertex	43
92.3901	100.045	-10.7478
81.7246	99.1809	-10.731
81.8054	98.1841	-10.731
93.1039	99.0996	-10.7488
93.0819	99.372	-10.7488
93.5666	99.4112	-10.7495
92.3913	100.045	-11.9478
82.223	99.2213	-11.9318
82.223	99.2213	-11.631
83.1201	99.2939	-11.531
81.7246	99.1809	-11.531
93.0819	99.372	-11.9488
93.1039	99.0996	-11.9488
82.3038	98.2245	-11.9318
93.5678	99.4113	-11.9496
84.2765	98.8325	-11.9349
84.2926	98.6331	-11.9349
84.4919	98.6493	-11.9353
84.4758	98.8486	-11.9353
81.8054	98.1841	-11.531
83.2008	98.2972	-11.531
82.3038	98.2245	-11.631
82.224	98.4598	-11.531
82.2078	98.6592	-11.531
82.0085	98.643	-11.531
82.0246	98.4437	-11.531
84.2926	98.6331	-11.386
84.2765	98.8325	-11.386
84.4758	98.8486	-11.386
84.4919	98.6493	-11.386
84.2926	98.6331	-11.549
84.4919	98.6493	-11.549
84.4758	98.8486	-11.549
82.2078	98.6592	-11.386
82.224	98.4598	-11.386
82.0246	98.4437	-11.386
82.0085	98.643	-11.386
94.0005	99.1782	-11.9502
94.001	99.1723	-11.9502
94.001	99.1723	-10.7502
94.0006	99.1775	-10.7502
94.0101	99.173	-11.9502
94.009	99.1729	-10.7502

#	Triangle	38
0	4	5
0	3	4
0	2	3	1	2	0
7	0	6
7	9	0
9	1	0
7	8	9	10	1	9
11	6	14
13	11	12	17	18	6	18	7	6	16	7	15	13	7	16
13	6	11
13	17	6
15	7	18
13	16	17
3	13	12
2	20	3
20	13	3
2	19	20	21	13	20
12	4	3	11	4	12
5	11	14
4	11	5
14	0	5
6	0	14
19	1	10	2	1	19	8	13	21	7	13	8
20	10	9	20	23	10	23	24	10	24	19	10	25	19	24	20	22	23	22	19	25	20	19	22	29	27	28	26	27	29	36	34	35	33	34	36
21	9	8	20	9	21
27	16	15	26	30	27	30	16	27	24	35	25	36	35	24
30	17	16	30	31	17	26	31	30	26	29	31	25	34	22	35	34	25
17	32	18	17	28	32	17	29	28	22	33	23	34	33	22
31	29	17
32	15	18	32	27	15	28	27	32	23	36	24	33	36	23
40	38	39
37	38	40
42	38	41
39	38	42
42	40	39
41	38	37
40	41	37
42	41	40

#	Normal	38
0.00156504	0.000128678	0.999999
0.00156304	0.000126618	0.999999
0.00156372	0.000127137	0.999999
-0.0807611	0.996733	3.3875e-006
-0.0807597	0.996734	-8.91424e-006
-0.0807609	0.996733	5.92863e-006
-0.0807637	0.996733	-0
-0.00156342	-0.000125649	-0.999999
-0.00156379	-0.000126678	-0.999999
-0.00156385	-0.000126089	-0.999999
-0.00156343	-0.000128409	-0.999999
-0.00156276	-0.000120747	-0.999999
-0.00156122	-0.000139781	-0.999999
0.0807614	-0.996733	-0
0.0807616	-0.996733	-4.81216e-006
0.0807607	-0.996734	6.71209e-006
0.0807643	-0.996733	-0
0.996735	0.0807429	-0
0.0807668	-0.996733	-3.90759e-006
0.0807572	-0.996734	-0
0.474267	0.880381	0.000546925
0.47427	0.880379	0.000550015
-0.996733	-0.0807655	0
-0	-0	-1
-0.11007	-0.00891904	0.993884
0.996738	0.0807015	0
-0.0807047	0.996738	-0
-0.996738	-0.0807015	0
-0	0	-0
0.0807047	-0.996738	-0
-0.99667	-0.0815457	-0
-0.996689	-0.0813088	-1.02456e-006
0.080793	-0.996731	2.60783e-006
0.0811835	-0.996699	-0
6.54602e-008	5.35583e-009	4.13221e-005
-8.69751e-008	-7.09534e-009	-5.47247e-005
0.474398	0.88031	0.00054841
0.473611	0.880734	0.000540566

#	Mesh	0	End

