#	Mesh	0	Begin

#	Vertex	56
24.6655	101.595	-8.76998
24.6655	101.592	-8.77885
24.6655	101.589	-8.78771
24.6655	101.585	-8.79044
24.6655	101.582	-8.79318
24.6655	101.574	-8.79866
24.6655	101.565	-8.79866
24.6655	101.555	-8.79866
24.6655	101.548	-8.79318
24.6655	101.54	-8.78771
24.6655	101.539	-8.78328
24.6655	101.538	-8.77885
24.6655	101.535	-8.76998
24.6655	101.538	-8.76112
24.6655	101.54	-8.75226
24.6655	101.544	-8.74953
24.6655	101.548	-8.74679
24.6655	101.555	-8.74131
24.6655	101.565	-8.74131
24.6655	101.574	-8.74131
24.6655	101.582	-8.74679
24.6655	101.589	-8.75226
24.6655	101.591	-8.75669
24.6655	101.592	-8.76112
24.7415	101.548	-8.76999
24.7415	101.549	-8.77294
24.7415	101.551	-8.77589
24.7415	101.552	-8.77884
24.7415	101.553	-8.78179
24.7415	101.556	-8.78302
24.7415	101.559	-8.78424
24.7415	101.562	-8.78546
24.7415	101.565	-8.78669
24.7415	101.568	-8.78546
24.7415	101.571	-8.78424
24.7415	101.574	-8.78302
24.7415	101.577	-8.78179
24.7415	101.578	-8.77884
24.7415	101.579	-8.77589
24.7415	101.58	-8.77294
24.7415	101.582	-8.76999
24.7415	101.58	-8.76703
24.7415	101.579	-8.76408
24.7415	101.578	-8.76113
24.7415	101.577	-8.75818
24.7415	101.574	-8.75695
24.7415	101.571	-8.75573
24.7415	101.568	-8.75451
24.7415	101.565	-8.75329
24.7415	101.562	-8.75451
24.7415	101.559	-8.75573
24.7415	101.556	-8.75695
24.7415	101.553	-8.75818
24.7415	101.552	-8.76113
24.7415	101.551	-8.76408
24.7415	101.549	-8.76703

#	Triangle	59
8	6	7	8	5	6	17	18	20	18	19	20
8	4	5	9	4	8	9	3	4	9	2	3	10	2	9	10	1	2	11	1	10	12	1	11	12	0	1	13	0	12	13	23	0	14	23	13	14	22	23	14	21	22	15	21	14	15	20	21	17	20	16
16	20	15
33	31	32	34	31	33	47	49	50	48	49	47
34	30	31	35	30	34	46	50	51	47	50	46
35	29	30	36	29	35	45	51	52	46	51	45
36	28	29	45	52	44
37	28	36	44	52	53
37	27	28	38	27	37	43	53	54	44	53	43
38	26	27	39	26	38	42	54	55	43	54	42
39	25	26	40	25	39	41	55	24	42	55	41
40	24	25	41	24	40
27	9	28
1	38	2
2	4	3	35	34	36	28	30	29	36	38	37	14	16	15	51	50	52	44	46	45	52	54	53
36	4	2
10	26	11
34	5	4
7	6	31	6	5	33
32	6	33
36	34	4
1	0	39
24	12	25
8	28	9
8	30	28
25	12	11
40	39	0
2	38	36
7	31	30
32	31	6
33	5	34
11	26	25
10	9	27
10	27	26
7	30	8
1	39	38
43	21	44
13	54	14
52	16	14
22	42	23
50	17	16
19	18	47	18	17	49
48	18	49
52	50	16
13	12	55
40	0	41
20	44	21
20	46	44
41	0	23
24	55	12
14	54	52
19	47	46
48	47	18
49	17	50
23	42	41
22	21	43
22	43	42
19	46	20
13	55	54

#	Normal	59
-5.10433e-005	0	-0
-1	0	-0
-9.231e-005	0	-0
7.21176e-006	0	-0
1.44446e-005	0	-0
2.16544e-005	0	-0
2.88757e-005	0	-0
6.97214e-005	0	-0
7.69404e-005	0	-0
8.41593e-005	0	-0
9.14013e-005	0	-0
9.85971e-005	0	-0
0.17978	-0.909269	-0.375378
0.172287	0.936956	-0.304023
-2.13928e-008	-0	-0
0.158248	0.580317	-0.798868
0.172287	-0.936966	-0.303993
0.177067	0.578436	-0.796278
0.171076	-0	-0.985258
0.143992	0.379402	-0.913959
0.1617	0.377498	-0.911783
0.169089	0.93725	-0.304911
0.161468	-0.9122	-0.376588
0.158248	-0.580317	-0.798868
0.1617	-0.377498	-0.911783
0.169089	-0.93725	-0.304911
0.161468	0.9122	-0.376588
0.179789	0.908843	-0.376405
0.189011	-0.375893	-0.907182
0.144047	-0.378542	-0.914306
0.189011	0.375893	-0.907182
0.170539	-0.909937	-0.378062
0.1755	-0.936407	-0.303878
0.175222	-0.909178	-0.377746
0.177067	-0.578436	-0.796278
0.170539	0.909937	-0.378062
0.179808	0.908414	0.377429
0.172291	-0.936966	0.303992
0.158261	-0.580248	0.798915
0.172291	0.936966	0.303992
0.177077	-0.578435	0.796277
0.171088	-0	0.985256
0.144058	-0.378542	0.914305
0.161711	-0.377497	0.911782
0.169094	-0.93724	0.304941
0.161478	0.912199	0.376588
0.158261	0.580248	0.798915
0.161711	0.377497	0.911782
0.169094	0.93724	0.304941
0.161478	-0.912199	0.376588
0.179799	-0.908841	0.376404
0.189022	0.375892	0.90718
0.144004	0.379401	0.913957
0.189022	-0.375892	0.90718
0.170544	0.909936	0.378062
0.17541	0.936442	0.303822
0.175159	0.910039	0.375696
0.177077	0.578435	0.796277
0.170544	-0.909936	0.378062

#	Mesh	0	End

