#	Mesh	0	Begin

#	Vertex	10
63.3028	100.837	-2.42
63.7805	94.9375	-2.41
63.2822	94.8972	-2.41
62.8045	100.797	-2.42
63.2822	94.8965	-2.81
62.8045	100.796	-2.82
63.7806	94.9369	-2.81
63.3029	100.837	-2.82
63.7805	94.9375	-2.81
63.2822	94.8972	-2.81

#	Triangle	8
0	2	1	3	2	0
9	3	5
2	3	9
8	5	7	9	5	8
1	7	0
8	7	1
0	5	3	7	5	0
8	2	9	1	2	8

#	Normal	8
-0.000136396	0.00168459	0.999999
-0.996738	-0.0807027	8.58792e-007
-0.996738	-0.0807027	-0
0.000136398	-0.00168462	-0.999999
0.996738	0.0807027	-8.58693e-007
0.996738	0.0807027	-0
-0.0807027	0.996737	-0.00170471
0.0807028	-0.996738	-0

#	Mesh	0	End

