#	Mesh	0	Begin

#	Vertex	40
-161.037	100.115	-9.07
-179.937	100.115	-9.07
-179.937	100.115	-8.87
-161.037	100.115	-8.87
-179.937	99.2148	-9.07
-161.037	99.2148	-9.07
-179.937	101.515	-9.07
-161.037	101.515	-9.07
-161.037	101.215	-9.07
-161.598	101.215	-9.07
-161.598	100.415	-9.07
-161.037	100.415	-9.07
-178.858	101.215	-9.07
-179.858	101.215	-9.07
-179.858	100.415	-9.07
-178.858	100.415	-9.07
-169.718	101.215	-9.07
-170.718	101.215	-9.07
-170.718	100.415	-9.07
-169.718	100.415	-9.07
-179.937	101.515	-7.67
-161.037	101.515	-7.67
-179.937	100.115	-7.67
-161.037	100.115	-7.67
-161.037	100.415	-7.67
-161.598	100.415	-7.67
-161.598	101.215	-7.67
-161.037	101.215	-7.67
-179.858	101.215	-7.67
-178.858	101.215	-7.67
-178.858	100.415	-7.67
-179.858	100.415	-7.67
-170.718	101.215	-7.67
-169.718	101.215	-7.67
-169.718	100.415	-7.67
-170.718	100.415	-7.67
-179.937	102.415	-9.07
-161.037	102.415	-9.07
-179.937	101.515	-8.87
-161.037	101.515	-8.87

#	Triangle	8
3	1	2	0	1	3	21	6	20	7	6	21	15	31	30	14	31	15	19	35	34	18	35	19	11	25	24	10	25	11
5	2	4	3	2	5
4	0	5	1	0	4	1	11	0	1	10	11	9	7	8	9	6	7	1	19	10	19	9	10	19	16	9	16	6	9	1	18	19	17	6	16	1	17	18	1	15	17	15	12	17	12	6	17	1	14	15	13	6	12	1	13	14	1	6	13	37	6	36	7	6	37
5	0	3	14	28	31	13	28	14	18	32	35	17	32	18	10	26	25	9	26	10	24	0	11	23	0	24	8	21	27	7	21	8	39	7	37
2	1	4	30	12	15	29	12	30	34	16	19	33	16	34	6	22	20	1	22	6	36	6	38
20	27	21	20	26	27	25	23	24	25	22	23	20	33	26	33	25	26	33	34	25	34	22	25	20	32	33	35	22	34	20	35	32	20	29	35	29	30	35	30	22	35	20	28	29	31	22	30	20	31	28	20	22	31
22	0	23	1	0	22	13	29	28	12	29	13	17	33	32	16	33	17	27	9	8	26	9	27	38	7	39	6	7	38
39	36	38	37	36	39

#	Normal	8
0	1	0
-0	-0.21693	0.976187
-0	-0	-1
1	-0	-0
-1	0	-0
-0	-0	1
0	-1	-0
0	0.21693	0.976187

#	Mesh	0	End

