#	Mesh	0	Begin

#	Vertex	56
-69.1136	100.115	-9.07
-106.794	100.115	-9.07
-106.794	100.115	-8.87
-69.1136	100.115	-8.87
-106.794	99.2148	-9.07
-69.1136	99.2148	-9.07
-106.794	100.415	-9.07
-105.878	100.415	-9.07
-105.878	101.215	-9.07
-106.794	101.215	-9.07
-106.794	101.515	-9.07
-69.1136	101.515	-9.07
-96.7585	101.215	-9.07
-97.7585	101.215	-9.07
-97.7585	100.415	-9.07
-96.7585	100.415	-9.07
-87.6385	101.215	-9.07
-88.6385	101.215	-9.07
-88.6385	100.415	-9.07
-87.6385	100.415	-9.07
-78.5185	101.215	-9.07
-79.5185	101.215	-9.07
-79.5185	100.415	-9.07
-78.5185	100.415	-9.07
-69.3985	101.079	-9.07
-70.3985	101.079	-9.07
-70.3985	100.279	-9.07
-69.3985	100.279	-9.07
-106.794	101.515	-7.67
-69.1136	101.515	-7.67
-106.794	101.215	-7.67
-105.878	101.215	-7.67
-105.878	100.415	-7.67
-106.794	100.415	-7.67
-106.794	100.115	-7.67
-69.1136	100.115	-7.67
-97.7585	101.215	-7.67
-96.7585	101.215	-7.67
-96.7585	100.415	-7.67
-97.7585	100.415	-7.67
-88.6385	101.215	-7.67
-87.6385	101.215	-7.67
-87.6385	100.415	-7.67
-88.6385	100.415	-7.67
-79.5185	101.215	-7.67
-78.5185	101.215	-7.67
-78.5185	100.415	-7.67
-79.5185	100.415	-7.67
-70.3985	101.079	-7.67
-69.3985	101.079	-7.67
-69.3985	100.279	-7.67
-70.3985	100.279	-7.67
-106.794	102.415	-9.07
-69.1136	102.415	-9.07
-106.794	101.515	-8.87
-69.1136	101.515	-8.87

#	Triangle	8
3	1	2	0	1	3	29	10	28	11	10	29	33	7	6	32	7	33	15	39	38	14	39	15	19	43	42	18	43	19	23	47	46	22	47	23	27	51	50	26	51	27
5	2	4	3	2	5
4	0	5	1	0	4	1	27	0	27	11	0	27	24	11	24	20	11	20	10	11	1	26	27	25	20	24	1	23	26	23	25	26	23	20	25	1	22	23	21	10	20	1	19	22	19	21	22	19	16	21	16	10	21	1	18	19	17	10	16	1	15	18	15	17	18	15	12	17	12	10	17	1	14	15	13	10	12	1	13	14	1	7	13	7	8	13	8	10	13	1	6	7	9	10	8	53	10	52	11	10	53
2	1	4	32	8	7	31	8	32	38	12	15	37	12	38	42	16	19	41	16	42	46	20	23	45	20	46	50	24	27	49	24	50	30	10	9	28	10	30	6	34	33	1	34	6	52	10	54
5	0	3	14	36	39	13	36	14	18	40	43	17	40	18	22	44	47	21	44	22	26	48	51	25	48	26	35	11	29	0	11	35	55	11	53
28	45	29	45	49	29	49	35	29	49	50	35	50	34	35	45	48	49	51	34	50	45	51	48	45	46	51	46	34	51	28	44	45	47	34	46	28	41	44	41	47	44	41	42	47	42	34	47	28	40	41	43	34	42	28	37	40	37	43	40	37	38	43	38	34	43	28	36	37	39	34	38	28	39	36	28	31	39	31	32	39	32	34	39	28	30	31	33	34	32
34	0	35	1	0	34	9	31	30	8	31	9	13	37	36	12	37	13	17	41	40	16	41	17	21	45	44	20	45	21	25	49	48	24	49	25	54	11	55	10	11	54
55	52	54	53	52	55

#	Normal	8
0	1	0
-0	-0.21693	0.976187
-0	-0	-1
-1	0	-0
1	-0	-0
-0	0	1
0	-1	-0
0	0.21693	0.976187

#	Mesh	0	End

