#	Mesh	0	Begin

#	Vertex	36
-144.481	105.424	-4.82
-144.481	103.524	-4.82
-144.471	103.524	-4.82
-142.986	103.524	-4.82
-142.986	105.424	-4.82
-144.471	105.424	-4.82
-142.986	105.424	-4.835
-142.986	103.524	-4.835
-144.471	103.524	-4.835
-144.481	103.524	-4.835
-144.481	105.424	-4.835
-144.471	105.424	-4.835
-142.986	103.524	-4.85
-142.983	103.524	-4.84858
-142.979	103.524	-4.84625
-142.976	103.524	-4.84438
-142.973	103.524	-4.8425
-142.973	103.524	-4.83875
-142.973	103.524	-4.835
-142.973	103.524	-4.83125
-142.973	103.524	-4.8275
-142.976	103.524	-4.82563
-142.979	103.524	-4.82375
-142.982	103.524	-4.82188
-142.983	105.424	-4.82142
-142.981	105.424	-4.82285
-142.977	105.424	-4.82517
-142.973	105.424	-4.8275
-142.973	105.424	-4.83125
-142.973	105.424	-4.835
-142.973	105.424	-4.83875
-142.973	105.424	-4.8425
-142.976	105.424	-4.84438
-142.979	105.424	-4.84625
-142.982	105.424	-4.84813
-142.986	105.424	-4.85

#	Triangle	20
2	0	1	2	5	0	3	5	2	3	4	5
11	9	10	11	8	9	6	8	11	6	7	8
13	7	12	19	9	8
14	7	13
15	7	14	16	7	15	17	7	16	18	7	17	19	7	18
19	8	7	19	1	9	20	1	19	21	1	20	22	1	21	23	1	22	3	2	23
2	1	23
6	34	35	6	33	34	6	32	33	6	31	32	6	30	31	6	29	30
0	11	10	0	6	11	0	29	6	0	28	29	0	27	28	0	26	27	0	25	26	0	24	25	5	4	24
0	5	24
9	0	10	1	0	9	7	35	12	6	35	7
27	21	20	27	22	21	27	23	22	27	3	23
27	26	3
26	25	3
25	24	3
24	4	3
35	13	12
35	14	13
35	15	14	35	16	15	35	34	16	34	33	16	33	32	16	32	31	16
30	16	31	30	17	16	29	17	30	29	18	17	28	18	29	28	19	18	27	19	28	27	20	19

#	Normal	20
-0	-0	1
-0	-0	-1
-0	-3.70312e-005	0
-0	-6.04749e-005	-0
-0	-4.875e-005	-0
-0	-1	-0
-0	-1.875e-005	-0
-0	4.875e-005	-0
-0	1	-0
-0	1.42334e-005	-0
-1	-0	-0
0.499722	0	0.866186
0.499874	-1.38033e-006	0.866098
0.499795	-8.85185e-007	0.866144
0.499604	-2.22619e-007	0.866254
0.499475	-0	0.866328
0.499475	-0	-0.866328
0.499874	6.90167e-007	-0.866098
0.499722	-7.47518e-015	-0.866186
1	0	0

#	Mesh	0	End

