#	Mesh	0	Begin

#	Vertex	24
-20.1314	108.425	-4.21
-20.1274	108.425	-4.21
-20.1274	109.505	-4.21
-20.1314	109.505	-4.21
-20.1314	108.425	-2.53
-20.1274	108.425	-2.53
-20.1274	109.505	-2.53
-20.1314	109.505	-2.53
-19.1618	109.465	-2.97
-20.1274	109.465	-2.57
-20.1274	109.465	-4.17
-19.1618	109.465	-4.57
-19.1618	108.465	-2.97
-20.1274	108.465	-2.57
-20.1274	108.465	-4.17
-19.1618	108.465	-4.57
-19.1618	108.425	-4.61
-19.1578	108.425	-4.61
-19.1578	109.505	-4.61
-19.1618	109.505	-4.61
-19.1618	108.425	-2.93
-19.1578	108.425	-2.93
-19.1578	109.505	-2.93
-19.1618	109.505	-2.93

#	Triangle	8
3	4	7	0	4	3	9	14	13	10	14	9	19	20	23	16	20	19
0	5	4	1	5	0	12	14	15	13	14	12	16	21	20	17	21	16
1	6	5	2	6	1	11	12	15	8	12	11	17	22	21	18	22	17
2	7	6	3	7	2	11	9	8	10	9	11	18	23	22	19	23	18
3	1	0	2	1	3	19	17	16	18	17	19
4	6	7	5	6	4	20	22	23	21	22	20
8	13	12	9	13	8
10	15	14	11	15	10

#	Normal	8
-1	-0	0
-0	-1	-0
1	-0	-0
-0	1	-0
0	-0	-1
-0	-0	1
0.382683	0	0.92388
-0.382683	-0	-0.92388

#	Mesh	0	End

