#	Mesh	0	Begin

#	Vertex	24
-42.5038	105.215	-9.07
-52.2352	105.215	-9.07
-52.2352	105.215	-8.87
-42.5038	105.215	-8.87
-52.2352	104.315	-9.07
-42.4634	104.315	-9.07
-52.2352	105.515	-9.07
-50.9585	105.515	-9.07
-50.9585	106.315	-9.07
-52.2352	106.315	-9.07
-52.2352	106.615	-9.07
-42.5667	106.615	-9.07
-52.2352	106.615	-7.67
-42.5667	106.615	-7.67
-52.2352	106.315	-7.67
-50.9585	106.315	-7.67
-50.9585	105.515	-7.67
-52.2352	105.515	-7.67
-52.2352	105.215	-7.67
-42.5038	105.215	-7.67
-52.2352	107.515	-9.07
-42.6071	107.515	-9.07
-52.2352	106.615	-8.87
-42.5667	106.615	-8.87

#	Triangle	9
3	1	2	0	1	3	13	10	12	11	10	13	17	7	6	16	7	17
5	2	4	3	2	5
4	0	5	1	0	4	1	11	0	1	7	11	7	8	11	8	10	11	1	6	7	9	10	8	21	10	20	11	10	21
5	0	3	23	11	21
2	1	4	16	8	7	15	8	16	14	10	9	12	10	14	6	18	17	1	18	6	20	10	22
13	18	19	12	15	13	15	16	13	16	18	13	12	14	15	17	18	16
18	0	19	1	0	18	9	15	14	8	15	9	22	11	23	10	11	22
19	11	13	0	11	19
23	20	22	21	20	23

#	Normal	9
0	1	0
-0	-0.21693	0.976187
-0	0	-1
0.998993	0.0448593	0
-1	0	-0
0	0	1
0	-1	-0
0.998993	0.0448571	0
0	0.21693	0.976187

#	Mesh	0	End

