#	Mesh	0	Begin

#	Vertex	18
-16.0464	108.11	-2.82
-24.3443	108.11	-2.82
-24.5443	108.11	-2.82
-24.5085	108.02	-2.82
-24.0385	108.02	-2.82
-24.0385	107.22	-2.82
-24.1885	107.22	-2.82
-24.1443	107.11	-2.82
-16.0464	107.11	-2.82
-24.1443	107.11	-3.42
-16.0464	107.11	-3.42
-24.1885	107.22	-3.42
-24.0385	107.22	-3.42
-24.0385	108.02	-3.42
-24.5085	108.02	-3.42
-24.5443	108.11	-3.42
-24.3443	108.11	-3.42
-16.0464	108.11	-3.42

#	Triangle	8
1	8	0	1	4	8	4	5	8	5	7	8	1	3	4	6	7	5	2	3	1
10	7	9	8	7	10	14	4	3	13	4	14
9	17	10	9	12	17	12	13	17	13	16	17	9	11	12	14	16	13	14	15	16
2	16	15	2	17	16	2	1	17	1	0	17	6	12	11	5	12	6
5	13	12	4	13	5
3	15	14	2	15	3
17	8	10	0	8	17
11	7	6	9	7	11

#	Normal	8
-0	-0	1
-0	-1	0
-0	-0	-1
-0	1	-0
-1	0	-0
-0.928473	-0.371401	-0
1	-0	-0
-0.92848	-0.371382	0

#	Mesh	0	End

