#	Mesh	0	Begin

#	Vertex	99
-124.623	106.415	-2.82
-204.723	106.415	-2.82
-205.223	106.415	-2.82
-206.672	106.415	-2.82
-206.677	106.315	-2.82
-206.198	106.315	-2.82
-206.198	105.515	-2.82
-206.712	105.515	-2.82
-206.716	105.415	-2.82
-205.223	105.415	-2.82
-204.723	105.415	-2.82
-170.723	105.415	-2.82
-170.223	105.415	-2.82
-152.983	105.415	-2.82
-152.483	105.415	-2.82
-125.023	105.415	-2.82
-124.983	105.515	-2.82
-125.023	105.515	-2.82
-125.118	105.515	-2.82
-125.118	106.315	-2.82
-124.663	106.315	-2.82
-198.078	106.315	-2.82
-197.078	106.315	-2.82
-197.078	105.515	-2.82
-198.078	105.515	-2.82
-188.958	106.315	-2.82
-187.958	106.315	-2.82
-187.958	105.515	-2.82
-188.958	105.515	-2.82
-179.838	106.315	-2.82
-178.838	106.315	-2.82
-178.838	105.515	-2.82
-179.838	105.515	-2.82
-170.718	106.315	-2.82
-169.718	106.315	-2.82
-169.718	105.515	-2.82
-170.223	105.515	-2.82
-170.718	105.515	-2.82
-170.718	105.815	-2.82
-161.598	106.315	-2.82
-160.598	106.315	-2.82
-160.598	105.515	-2.82
-161.598	105.515	-2.82
-152.478	106.315	-2.82
-151.478	106.315	-2.82
-151.478	105.515	-2.82
-152.478	105.515	-2.82
-143.358	106.315	-2.82
-142.358	106.315	-2.82
-142.358	105.515	-2.82
-143.358	105.515	-2.82
-134.238	106.315	-2.82
-133.238	106.315	-2.82
-133.238	105.515	-2.82
-134.238	105.515	-2.82
-206.716	105.415	-3.42
-125.023	105.415	-3.42
-206.712	105.515	-3.42
-206.198	105.515	-3.42
-206.198	106.315	-3.42
-206.677	106.315	-3.42
-206.672	106.415	-3.42
-124.623	106.415	-3.42
-124.663	106.315	-3.42
-125.118	106.315	-3.42
-125.118	105.515	-3.42
-124.983	105.515	-3.42
-197.078	106.315	-3.42
-198.078	106.315	-3.42
-198.078	105.515	-3.42
-197.078	105.515	-3.42
-187.958	106.315	-3.42
-188.958	106.315	-3.42
-188.958	105.515	-3.42
-187.958	105.515	-3.42
-178.838	106.315	-3.42
-179.838	106.315	-3.42
-179.838	105.515	-3.42
-178.838	105.515	-3.42
-169.718	106.315	-3.42
-170.718	106.315	-3.42
-170.718	105.515	-3.42
-169.718	105.515	-3.42
-160.598	106.315	-3.42
-161.598	106.315	-3.42
-161.598	105.515	-3.42
-160.598	105.515	-3.42
-151.478	106.315	-3.42
-152.478	106.315	-3.42
-152.478	105.515	-3.42
-151.478	105.515	-3.42
-142.358	106.315	-3.42
-143.358	106.315	-3.42
-143.358	105.515	-3.42
-142.358	105.515	-3.42
-133.238	106.315	-3.42
-134.238	106.315	-3.42
-134.238	105.515	-3.42
-133.238	105.515	-3.42

#	Triangle	8
1	20	0	1	19	20	17	15	16	18	15	17	18	14	15	1	52	19	52	18	19	52	53	18	53	14	18	1	51	52	54	14	53	1	48	51	48	54	51	48	49	54	49	14	54	1	47	48	50	14	49	1	44	47	44	50	47	44	45	50	45	14	50	1	43	44	46	14	45	1	40	43	40	46	43	40	14	46	40	13	14	40	41	13	41	12	13	1	39	40	42	12	41	1	34	39	34	42	39	34	35	42	35	12	42	1	33	34	36	12	35	37	12	36	37	11	12	1	30	33	30	38	33	30	37	38	30	11	37	30	31	11	31	10	11	1	29	30	32	10	31	1	26	29	26	32	29	26	27	32	27	10	32	1	25	26	28	10	27	1	22	25	22	28	25	22	23	28	23	10	28	1	21	22	24	10	23	1	24	21	1	10	24	2	10	1	2	9	10	3	5	2	5	9	2	5	6	9	6	8	9	3	4	5	7	8	6
15	55	56	15	14	55	14	13	55	13	12	55	12	11	55	11	10	55	10	9	55	9	8	55	20	64	63	19	64	20	68	22	21	67	22	68	72	26	25	71	26	72	76	30	29	75	30	76	80	34	33	79	34	80	84	40	39	83	40	84	88	44	43	87	44	88	92	48	47	91	48	92	96	52	51	95	52	96	60	5	4	59	5	60
63	61	62	64	61	63	56	65	66	55	65	56	55	98	65	98	64	65	98	95	64	95	61	64	55	97	98	96	61	95	55	94	97	94	96	97	94	91	96	91	61	96	55	93	94	92	61	91	55	90	93	90	92	93	90	87	92	87	61	92	55	89	90	88	61	87	55	86	89	86	88	89	86	83	88	83	61	88	55	85	86	84	61	83	55	82	85	82	84	85	82	79	84	79	61	84	55	81	82	80	61	79	55	78	81	78	80	81	78	75	80	75	61	80	55	77	78	76	61	75	55	74	77	74	76	77	74	71	76	71	61	76	55	73	74	72	61	71	55	70	73	70	72	73	70	67	72	67	61	72	55	69	70	68	61	67	55	68	69	55	58	68	58	59	68	59	61	68	55	57	58	60	61	59
3	62	61	3	2	62	2	1	62	1	0	62	18	66	65	18	17	66	17	16	66	70	24	23	69	24	70	74	28	27	73	28	74	78	32	31	77	32	78	37	82	81	37	36	82	36	35	82	86	42	41	85	42	86	90	46	45	89	46	90	94	50	49	93	50	94	98	54	53	97	54	98	7	58	57	6	58	7
65	19	18	64	19	65	69	21	24	68	21	69	73	25	28	72	25	73	77	29	32	76	29	77	33	81	80	33	38	81	38	37	81	85	39	42	84	39	85	89	43	46	88	43	89	93	47	50	92	47	93	97	51	54	96	51	97
23	67	70	22	67	23	27	71	74	26	71	27	31	75	78	30	75	31	35	79	82	34	79	35	41	83	86	40	83	41	45	87	90	44	87	45	49	91	94	48	91	49	53	95	98	52	95	53	6	59	58	5	59	6
16	56	66	15	56	16	63	0	20	62	0	63
57	8	7	55	8	57	4	61	60	3	61	4

#	Normal	8
-0	0	1
-0	-1	-0
-0	0	-1
-0	1	-0
1	-0	-0
-1	0	-0
0.928477	-0.371391	-0
-0.999044	0.0437082	-0

#	Mesh	0	End

