#	Mesh	0	Begin

#	Vertex	16
-264.637	107.226	-7.47
-264.637	107.226	-2.82
-264.637	107.426	-2.82
-264.637	107.426	-7.47
-267.537	107.426	-2.82
-267.537	107.426	-7.47
-266.532	107.426	-4.97
-265.032	107.426	-4.97
-265.032	107.426	-7.37
-266.532	107.426	-7.37
-267.537	107.226	-2.82
-267.537	107.226	-7.47
-265.032	107.226	-4.97
-266.532	107.226	-4.97
-266.532	107.226	-7.37
-265.032	107.226	-7.37

#	Triangle	6
0	2	1	3	2	0	13	9	6	14	9	13
4	9	5	9	3	5	9	8	3	8	2	3	4	6	9	7	2	8	4	7	6	4	2	7
5	10	4	11	10	5	15	7	8	12	7	15
1	15	0	15	11	0	15	14	11	14	10	11	1	12	15	13	10	14	1	13	12	1	10	13
0	5	3	11	5	0	12	6	7	13	6	12
2	10	1	4	10	2	14	8	9	15	8	14

#	Normal	6
1	-0	-0
-0	1	-0
-1	-0	0
-0	-1	-0
-0	0	-1
0	0	1

#	Mesh	0	End

