#	Mesh	0	Begin

#	Vertex	72
72.8339	101.121	-3.74514
72.835	101.107	-3.74894
72.8361	101.094	-3.75513
72.837	101.082	-3.76355
72.8379	101.071	-3.77392
72.8386	101.063	-3.78593
72.8391	101.057	-3.79922
72.8394	101.053	-3.81339
72.8395	101.052	-3.828
72.8394	101.053	-3.84261
72.8391	101.057	-3.85678
72.8386	101.063	-3.87007
72.8379	101.071	-3.88208
72.837	101.082	-3.89245
72.8361	101.094	-3.90087
72.835	101.107	-3.90706
72.8339	101.121	-3.91086
72.8327	101.136	-3.91214
72.8315	101.15	-3.91086
72.8303	101.164	-3.90706
72.8293	101.178	-3.90087
72.8283	101.19	-3.89245
72.8275	101.2	-3.88208
72.8268	101.208	-3.87007
72.8263	101.214	-3.85678
72.826	101.218	-3.84261
72.8259	101.219	-3.828
72.826	101.218	-3.81339
72.8263	101.214	-3.79922
72.8268	101.208	-3.78593
72.8275	101.2	-3.77392
72.8283	101.19	-3.76355
72.8293	101.178	-3.75513
72.8303	101.164	-3.74894
72.8315	101.15	-3.74514
72.8327	101.136	-3.74386
80.6542	101.755	-3.74514
80.6554	101.741	-3.74894
80.6564	101.727	-3.75513
80.6574	101.715	-3.76355
80.6582	101.705	-3.77392
80.6589	101.697	-3.78593
80.6594	101.691	-3.79922
80.6597	101.687	-3.81339
80.6598	101.686	-3.828
80.6597	101.687	-3.84261
80.6594	101.691	-3.85678
80.6589	101.697	-3.87007
80.6582	101.705	-3.88208
80.6574	101.715	-3.89245
80.6564	101.727	-3.90087
80.6554	101.741	-3.90706
80.6542	101.755	-3.91086
80.653	101.769	-3.91214
80.6518	101.784	-3.91086
80.6507	101.798	-3.90706
80.6496	101.811	-3.90087
80.6487	101.823	-3.89245
80.6478	101.834	-3.88208
80.6471	101.842	-3.87007
80.6466	101.848	-3.85678
80.6463	101.852	-3.84261
80.6462	101.853	-3.828
80.6463	101.852	-3.81339
80.6466	101.848	-3.79922
80.6471	101.842	-3.78593
80.6478	101.834	-3.77392
80.6487	101.823	-3.76355
80.6496	101.811	-3.75513
80.6507	101.798	-3.74894
80.6518	101.784	-3.74514
80.653	101.769	-3.74386

#	Triangle	78
35	36	71	0	36	35
0	37	36
1	37	0
1	38	37	2	38	1
2	39	38
3	39	2
3	40	39	4	40	3
4	41	40
5	41	4
5	42	41
6	42	5
6	43	42
7	43	6
7	44	43	8	44	7
8	45	44	9	45	8
9	46	45
10	46	9
10	47	46
11	47	10
11	48	47
12	48	11
12	49	48	13	49	12
13	50	49
14	50	13
14	51	50	15	51	14
15	52	51
16	52	15
16	53	52	17	53	16
17	54	53
18	54	17
18	55	54
19	55	18
19	56	55	20	56	19
20	57	56	21	57	20
21	58	57	22	58	21
22	59	58	23	59	22
23	60	59	24	60	23
24	61	60	25	61	24
25	62	61	26	62	25
26	63	62	27	63	26
27	64	63	28	64	27
28	65	64	29	65	28
29	66	65	30	66	29
30	67	66	31	67	30
31	68	67	32	68	31
32	69	68	33	69	32
33	70	69
34	70	33
34	71	70
35	71	34
7	9	8	26	25	27
6	9	7	6	10	9	27	24	28	27	25	24
5	10	6	5	11	10	28	23	29	28	24	23
4	11	5	4	12	11	29	22	30	29	23	22
3	12	4	3	13	12	30	21	31	30	22	21
2	13	3	2	14	13
1	14	2	1	15	14
0	15	1	0	16	15
35	16	0	35	17	16	34	17	35	34	18	17
33	18	34	33	19	18
32	19	33	32	20	19
31	20	32	31	21	20
45	43	44	62	63	61
46	43	45	46	42	43
47	42	46	47	41	42
48	41	47	48	40	41
49	40	48	49	39	40	58	67	57	58	66	67
50	39	49	50	38	39
51	38	50	51	37	38
52	37	51	52	36	37
53	36	52	53	71	36
54	71	53	54	70	71
55	70	54	55	69	70
56	69	55	56	68	69
57	68	56	57	67	68
59	66	58	59	65	66
60	65	59	60	64	65
61	64	60	61	63	64

#	Normal	78
0.00703967	-0.0868607	0.996196
0.0209014	-0.257897	0.965946
0.0209118	-0.258029	0.965911
0.0341355	-0.421195	0.906327
0.0463484	-0.571889	0.819021
0.0463288	-0.57164	0.819196
0.057123	-0.704827	0.707075
0.066156	-0.816282	0.573853
0.0661753	-0.816531	0.573497
0.0732242	-0.903507	0.422272
0.0732087	-0.903304	0.422708
0.0780206	-0.962676	0.259166
0.0780303	-0.962809	0.258671
0.0804723	-0.99294	0.087147
0.0804723	-0.99294	-0.087147
0.0780196	-0.962676	-0.259166
0.0780313	-0.962809	-0.258671
0.0732251	-0.903507	-0.422272
0.0732078	-0.903304	-0.422708
0.0661551	-0.816282	-0.573853
0.0661761	-0.816531	-0.573497
0.057123	-0.704827	-0.707075
0.046349	-0.571889	-0.819021
0.0463283	-0.57164	-0.819196
0.0341355	-0.421195	-0.906327
0.0209011	-0.257897	-0.965946
0.0209121	-0.258029	-0.965911
0.00703967	-0.0868607	-0.996196
-0.00703937	0.086857	-0.996196
-0.00703967	0.0868607	-0.996196
-0.0209121	0.258029	-0.965911
-0.0209112	0.258018	-0.965914
-0.0341373	0.421211	-0.90632
-0.0463272	0.57162	-0.81921
-0.057123	0.704827	-0.707075
-0.0661761	0.816531	-0.573497
-0.0732087	0.903304	-0.422708
-0.0780313	0.962809	-0.258671
-0.0804736	0.992944	-0.0871043
-0.0804736	0.992944	0.0871043
-0.0780313	0.962809	0.258671
-0.0732087	0.903304	0.422708
-0.0661761	0.816531	0.573497
-0.057123	0.704827	0.707075
-0.0463272	0.57162	0.81921
-0.0341373	0.421211	0.90632
-0.0209121	0.258029	0.965911
-0.0209112	0.258018	0.965914
-0.00703937	0.086857	0.996196
-0.00703967	0.0868607	0.996196
-3.72107e-005	-3.19601e-006	-0
-0.996769	-0.0803182	-0
-0.996743	-0.0806467	-0
-0.996729	-0.0808159	-0
-0.996745	-0.0806136	-0
-0.996745	-0.0806238	-0
-0.996706	-0.0810999	-0
-0.996752	-0.0805345	-0
-0.996735	-0.0807441	-0
-0.996707	-0.0810825	-0
-0.996753	-0.080516	-0
-0.996692	-0.0812697	-0
3.72107e-005	3.19601e-006	-0
0.996783	0.0801536	-0
0.996735	0.0807481	-0
0.996735	0.0807411	-0
0.996745	0.0806136	-0
0.99674	0.0806761	-0
0.996706	0.0810999	-0
0.996755	0.0804902	-0
0.996735	0.0807441	-0
0.996692	0.0812753	-0
0.996752	0.0805345	-0
0.996753	0.080516	-0
0.996692	0.0812697	-0
0.996729	0.0808159	-0
0.996743	0.0806467	-0
0.996769	0.0803182	-0

#	Mesh	0	End

