#	Mesh	0	Begin

#	Vertex	14
-207.198	100.415	3.38
-206.198	100.415	3.38
-206.198	101.019	3.38
-207.198	101.019	3.38
-206.198	101.215	-9.07
-206.198	100.415	-9.07
-207.198	100.415	-9.07
-207.198	101.215	-9.07
-207.198	101.215	-2.82
-207.198	101.215	-2.42
-206.823	101.215	-2.42
-206.198	101.215	-2.42
-207.198	101.019	-2.42
-206.198	101.019	-2.42

#	Triangle	6
3	1	2	0	1	3	13	9	12	13	10	9	13	11	10
7	5	6	4	5	7
8	4	7	8	11	4	9	10	8	10	11	8	2	12	3	13	12	2
0	7	6	0	12	7	12	8	7	12	9	8	0	3	12
5	0	6	1	0	5
11	5	4	11	13	5	13	1	5	2	1	13

#	Normal	6
-0	-0	1
0	-0	-1
-0	1	-0
-1	0	-0
-0	-1	0
1	0	0

#	Mesh	0	End

