#	Mesh	0	Begin

#	Vertex	92
-211.651	105.552	-4.395
-211.649	105.555	-4.395
-212.213	105.935	-4.395
-212.215	105.932	-4.395
-211.651	105.552	-4.095
-211.649	105.555	-4.095
-212.213	105.935	-4.095
-212.215	105.932	-4.095
-212.455	105.805	-4.395
-212.458	105.805	-4.395
-212.458	105.125	-4.395
-212.455	105.125	-4.395
-212.455	105.805	-4.095
-212.458	105.805	-4.095
-212.458	105.125	-4.095
-212.455	105.125	-4.095
-211.672	105.566	-4.37
-212.194	105.918	-4.37
-212.204	105.905	-4.37
-212.215	105.891	-4.37
-212.226	105.878	-4.37
-212.238	105.866	-4.37
-212.251	105.855	-4.37
-212.264	105.844	-4.37
-212.278	105.834	-4.37
-212.292	105.825	-4.37
-212.307	105.817	-4.37
-212.323	105.809	-4.37
-212.338	105.802	-4.37
-212.354	105.796	-4.37
-212.371	105.791	-4.37
-212.387	105.787	-4.37
-212.404	105.784	-4.37
-212.421	105.781	-4.37
-212.438	105.78	-4.37
-212.455	105.78	-4.37
-212.455	105.15	-4.37
-212.404	105.151	-4.37
-212.353	105.155	-4.37
-212.302	105.162	-4.37
-212.251	105.172	-4.37
-212.202	105.184	-4.37
-212.153	105.199	-4.37
-212.104	105.217	-4.37
-212.057	105.237	-4.37
-212.011	105.26	-4.37
-211.967	105.286	-4.37
-211.924	105.313	-4.37
-211.882	105.343	-4.37
-211.842	105.375	-4.37
-211.804	105.41	-4.37
-211.768	105.446	-4.37
-211.734	105.484	-4.37
-211.701	105.524	-4.37
-211.672	105.566	-4.12
-212.194	105.918	-4.12
-212.204	105.905	-4.12
-212.215	105.891	-4.12
-212.226	105.878	-4.12
-212.238	105.866	-4.12
-212.251	105.855	-4.12
-212.264	105.844	-4.12
-212.278	105.834	-4.12
-212.292	105.825	-4.12
-212.307	105.817	-4.12
-212.323	105.809	-4.12
-212.338	105.802	-4.12
-212.354	105.796	-4.12
-212.371	105.791	-4.12
-212.387	105.787	-4.12
-212.404	105.784	-4.12
-212.421	105.781	-4.12
-212.438	105.78	-4.12
-212.455	105.78	-4.12
-212.455	105.15	-4.12
-212.404	105.151	-4.12
-212.353	105.155	-4.12
-212.302	105.162	-4.12
-212.251	105.172	-4.12
-212.202	105.184	-4.12
-212.153	105.199	-4.12
-212.104	105.217	-4.12
-212.057	105.237	-4.12
-212.011	105.26	-4.12
-211.967	105.286	-4.12
-211.924	105.313	-4.12
-211.882	105.343	-4.12
-211.842	105.375	-4.12
-211.804	105.41	-4.12
-211.768	105.446	-4.12
-211.734	105.484	-4.12
-211.701	105.524	-4.12

#	Triangle	47
3	4	7	0	4	3
0	5	4	1	5	0
1	6	5	2	6	1
2	7	6	3	7	2
3	1	0	2	1	3	11	9	8	10	9	11	53	17	16	52	17	53	51	17	52	50	17	51	49	17	50	48	17	49	47	17	48	46	17	47	45	17	46	44	17	45	43	17	44	42	17	43	41	17	42	40	17	41	39	17	40	38	17	39	37	17	38	36	17	37	35	34	36	34	33	36	33	32	36	32	31	36	31	30	36	30	29	36	29	28	36	28	27	36	27	26	36	26	25	36	25	24	36	24	23	36	23	22	36	22	21	36	21	20	36	20	19	36	19	18	36	18	17	36
4	6	7	5	6	4	12	14	15	13	14	12	55	91	54	55	90	91	55	89	90	55	88	89	55	87	88	55	86	87	55	85	86	55	84	85	55	83	84	55	82	83	55	81	82	55	80	81	55	79	80	55	78	79	55	77	78	55	76	77	55	75	76	55	74	75	55	56	74	56	57	74	57	58	74	58	59	74	59	60	74	60	61	74	61	62	74	62	63	74	63	64	74	64	65	74	65	66	74	66	67	74	67	68	74	68	69	74	69	70	74	70	71	74	71	72	74	72	73	74
11	12	15	8	12	11
8	13	12	9	13	8
9	14	13	10	14	9	35	74	73	36	74	35
10	15	14	11	15	10
53	54	91	16	54	53
16	55	54	17	55	16
17	56	55	18	56	17
18	57	56	19	57	18
19	58	57	20	58	19
20	59	58	21	59	20
21	60	59	22	60	21
22	61	60	23	61	22
23	62	61	24	62	23
24	63	62	25	63	24
25	64	63	26	64	25
26	65	64	27	65	26
27	66	65	28	66	27
28	67	66	29	67	28
29	68	67	30	68	29
30	69	68	31	69	30
31	70	69	32	70	31
32	71	70	33	71	32
33	72	71	34	72	33
34	73	72	35	73	34
36	75	74	37	75	36
37	76	75	38	76	37
38	77	76	39	77	38
39	78	77	40	78	39
40	79	78	41	79	40
41	80	79	42	80	41
42	81	80	43	81	42
43	82	81	44	82	43
44	83	82	45	83	44
45	84	83	46	84	45
46	85	84	47	85	46
47	86	85	48	86	47
48	87	86	49	87	48
49	88	87	50	88	49
50	89	88	51	89	50
51	90	89	52	90	51
52	91	90	53	91	52

#	Normal	47
-0.559189	-0.82904	0
0.829634	-0.558307	-0
0.559189	0.82904	-0
-0.829634	0.558307	-0
0	-0	-1
-0	-0	1
1	-0	-0
-0	1	-0
-1	-0	0
-0	-1	-0
0.81362	-0.581397	-0
0.559208	0.829027	-0
-0.813332	0.5818	-0
-0.780869	0.624695	-0
-0.745743	0.666234	-0
-0.708704	0.705506	-0
-0.668914	0.74334	-0
-0.627699	0.778456	-0
-0.58469	0.811257	-0
-0.539741	0.841831	-0
-0.493381	0.869813	-0
-0.445385	0.895339	-0
-0.396068	0.918221	-0
-0.345811	0.938304	-0
-0.294214	0.955739	-0
-0.241676	0.970357	-0
-0.189085	0.981961	-0
-0.135154	0.990825	-0
-0.0813064	0.996689	-0
-0.027412	0.999624	-0
0.0270994	-0.999633	-0
0.0814824	-0.996675	-0
0.135344	-0.990799	-0
0.188847	-0.982006	-0
0.241962	-0.970286	-0
0.294129	-0.955766	-0
0.345677	-0.938354	-0
0.396068	-0.918221	-0
0.445385	-0.895339	-0
0.493266	-0.869878	-0
0.539818	-0.841782	-0
0.58459	-0.811329	-0
0.627791	-0.778382	-0
0.669217	-0.743067	-0
0.708324	-0.705888	-0
0.745878	-0.666082	-0
0.780691	-0.624918	-0

#	Mesh	0	End

