#	Mesh	0	Begin

#	Vertex	92
-294.632	107.561	-5.1
-294.63	107.563	-5.1
-295.238	108.432	-5.1
-295.24	108.43	-5.1
-294.632	107.561	-4.54
-294.63	107.563	-4.54
-295.238	108.432	-4.54
-295.24	108.43	-4.54
-295.51	108.345	-5.1
-295.513	108.345	-5.1
-295.513	107.285	-5.1
-295.51	107.285	-5.1
-295.51	108.345	-4.54
-295.513	108.345	-4.54
-295.513	107.285	-4.54
-295.51	107.285	-4.54
-294.65	107.586	-5.07
-295.223	108.405	-5.07
-295.237	108.396	-5.07
-295.252	108.387	-5.07
-295.266	108.378	-5.07
-295.281	108.37	-5.07
-295.297	108.363	-5.07
-295.312	108.356	-5.07
-295.328	108.349	-5.07
-295.344	108.343	-5.07
-295.36	108.338	-5.07
-295.376	108.333	-5.07
-295.392	108.329	-5.07
-295.409	108.325	-5.07
-295.426	108.322	-5.07
-295.442	108.319	-5.07
-295.459	108.317	-5.07
-295.476	108.316	-5.07
-295.493	108.315	-5.07
-295.51	108.315	-5.07
-295.51	107.315	-5.07
-295.459	107.316	-5.07
-295.408	107.318	-5.07
-295.358	107.323	-5.07
-295.307	107.329	-5.07
-295.257	107.336	-5.07
-295.207	107.346	-5.07
-295.157	107.357	-5.07
-295.108	107.37	-5.07
-295.059	107.384	-5.07
-295.011	107.4	-5.07
-294.963	107.418	-5.07
-294.916	107.437	-5.07
-294.87	107.458	-5.07
-294.824	107.481	-5.07
-294.779	107.505	-5.07
-294.735	107.531	-5.07
-294.692	107.558	-5.07
-294.65	107.586	-4.57
-295.223	108.405	-4.57
-295.237	108.396	-4.57
-295.252	108.387	-4.57
-295.266	108.378	-4.57
-295.281	108.37	-4.57
-295.297	108.363	-4.57
-295.312	108.356	-4.57
-295.328	108.349	-4.57
-295.344	108.343	-4.57
-295.36	108.338	-4.57
-295.376	108.333	-4.57
-295.392	108.329	-4.57
-295.409	108.325	-4.57
-295.426	108.322	-4.57
-295.442	108.319	-4.57
-295.459	108.317	-4.57
-295.476	108.316	-4.57
-295.493	108.315	-4.57
-295.51	108.315	-4.57
-295.51	107.315	-4.57
-295.459	107.316	-4.57
-295.408	107.318	-4.57
-295.358	107.323	-4.57
-295.307	107.329	-4.57
-295.257	107.336	-4.57
-295.207	107.346	-4.57
-295.157	107.357	-4.57
-295.108	107.37	-4.57
-295.059	107.384	-4.57
-295.011	107.4	-4.57
-294.963	107.418	-4.57
-294.916	107.437	-4.57
-294.87	107.458	-4.57
-294.824	107.481	-4.57
-294.779	107.505	-4.57
-294.735	107.531	-4.57
-294.692	107.558	-4.57

#	Triangle	47
3	4	7	0	4	3
0	5	4	1	5	0
1	6	5	2	6	1
2	7	6	3	7	2
3	1	0	2	1	3	11	9	8	10	9	11	53	17	16	52	17	53	51	17	52	50	17	51	49	17	50	48	17	49	47	17	48	46	17	47	45	17	46	44	17	45	43	17	44	42	17	43	41	17	42	40	17	41	39	17	40	38	17	39	37	17	38	36	17	37	35	34	36	34	33	36	33	32	36	32	31	36	31	30	36	30	29	36	29	28	36	28	27	36	27	26	36	26	25	36	25	24	36	24	23	36	23	22	36	22	21	36	21	20	36	20	19	36	19	18	36	18	17	36
4	6	7	5	6	4	12	14	15	13	14	12	55	91	54	55	90	91	55	89	90	55	88	89	55	87	88	55	86	87	55	85	86	55	84	85	55	83	84	55	82	83	55	81	82	55	80	81	55	79	80	55	78	79	55	77	78	55	76	77	55	75	76	55	74	75	55	56	74	56	57	74	57	58	74	58	59	74	59	60	74	60	61	74	61	62	74	62	63	74	63	64	74	64	65	74	65	66	74	66	67	74	67	68	74	68	69	74	69	70	74	70	71	74	71	72	74	72	73	74
11	12	15	8	12	11
8	13	12	9	13	8
9	14	13	10	14	9	35	74	73	36	74	35
10	15	14	11	15	10
53	54	91	16	54	53
16	55	54	17	55	16
17	56	55	18	56	17
18	57	56	19	57	18
19	58	57	20	58	19
20	59	58	21	59	20
21	60	59	22	60	21
22	61	60	23	61	22
23	62	61	24	62	23
24	63	62	25	63	24
25	64	63	26	64	25
26	65	64	27	65	26
27	66	65	28	66	27
28	67	66	29	67	28
29	68	67	30	68	29
30	69	68	31	69	30
31	70	69	32	70	31
32	71	70	33	71	32
33	72	71	34	72	33
34	73	72	35	73	34
36	75	74	37	75	36
37	76	75	38	76	37
38	77	76	39	77	38
39	78	77	40	78	39
40	79	78	41	79	40
41	80	79	42	80	41
42	81	80	43	81	42
43	82	81	44	82	43
44	83	82	45	83	44
45	84	83	46	84	45
46	85	84	47	85	46
47	86	85	48	86	47
48	87	86	49	87	48
49	88	87	50	88	49
50	89	88	51	89	50
51	90	89	52	90	51
52	91	90	53	91	52

#	Normal	47
-0.819161	-0.573564	0
0.571369	-0.820693	-0
0.819147	0.573584	-0
-0.576272	0.817258	-0
0	-0	-1
-0	-0	1
1	-0	-0
-0	1	-0
-1	-0	0
-0	-1	-0
0.559578	-0.828777	-0
0.819145	0.573586	-0
-0.559789	0.828635	-0
-0.530992	0.847377	-0
-0.502725	0.864447	-0
-0.472068	0.881562	-0
-0.442419	0.896808	-0
-0.411513	0.911404	-0
-0.380425	0.924812	-0
-0.348499	0.937309	-0
-0.317194	0.948361	-0
-0.284386	0.95871	-0
-0.251617	0.967827	-0
-0.219468	0.97562	-0
-0.185399	0.982663	-0
-0.15185	0.988404	-0
-0.118364	0.99297	-0
-0.084722	0.996405	-0
-0.0511323	0.998692	-0
-0.0170325	0.999855	-0
0.0170325	-0.999855	-0
0.0507948	-0.998709	-0
0.084722	-0.996405	-0
0.118667	-0.992934	-0
0.152092	-0.988366	-0
0.185511	-0.982642	-0
0.218913	-0.975744	-0
0.251772	-0.967787	-0
0.284475	-0.958683	-0
0.31678	-0.948499	-0
0.348768	-0.937209	-0
0.380557	-0.924758	-0
0.411743	-0.9113	-0
0.442172	-0.89693	-0
0.472443	-0.881361	-0
0.501962	-0.86489	-0
0.531212	-0.847239	-0

#	Mesh	0	End

